(NIL NIL (2 1) (3) (3) (5) (5) (5) (8) (9 6 7) (10 4) (9 4 6 7) (4 8) (10 13)
 (11 12 14) (15) (16) (17) (17) (18 19) (20) (21) (19) (19) (22 24) (25 23)
 (26) (26) (27 28) (29) (28) (30 31) (32) (33) (34) (29 31) (35 36) (35 36)
 (37 38) (39) (40) (40) (42) (40) (41 43 44) (45) (46) (47) (48) (49) (50) (51)
 (52) (49) (53 54) (55) (56) (57) (58) (59) (60) (61) (62) (63) (64) (65) (66)
 (67) (68) (69) (70) (69) (72) (73 71) (74) (72) (75 76) (74 76) (75 78) (79)
 (80) (81) (81) (83) (82 84) (85) (86) (87) (77 88) (77 86) (77 86) (89 90 91)
 (92) (92) (92) (94 95) (93 96) (97) (98) (99) (99) (97) (99 102) (101 103)
 (104) (105 100) (105 100) (107) (108) (106 109) (106 109) (106 108) (110 112)
 (113 111) (110 112) (114 115) (116) (117) (116) (118 119) (120) (121) (122)
 (123) (123) (125) (124 125) (126 127) (126 127) (129) (130 128) (131) (132)
 (130 128) (132 134) (133 135) (129 128) (137 133 135) (138 136) (139) (139)
 (141) (138 136) (141 143) (140 144) (145) (145 142) (146 147) (146 147)
 (148 149) (150) (150) (152) (153 151) (154) (154) (156) (155 157) (158) (158)
 (152) (161 158) (162) (163 160) (163 159) (165 160) (165 160) (166 167)
 (164 168) (169) (164 168) (170 171) (172) (173) (173) (174 175) (176) (175)
 (178) (177 179) (179 176) (177 179) (180 181 182) (183) (184) (183) (186 184)
 (185 187) (186 184) (185 189) (188 190) (191) (191) (193) (194 192) (195)
 (196) (183) (196 198) (197 199) (199) (201 200) (201 197) (203 200) (204)
 (202 205) (206) (206) (208) (209 207) (209) (211) (212) (209) (212 214 207)
 (213 215) (210 212 214) (217 216) (218) (219) (217 213 215) (220 221) (222)
 (223) (224) (225) (225) (223) (228) (227 229) (229 224) (227 231) (230 231)
 (233 226) (234) (235) (236 232) (237) (238) (239) (239) (241) (242) (243 240)
 (244) (245) (245) (247) (248) (249) (249 246) (249 246) (250 252) (253)
 (251 254) (255) (251 254) (257) (257 256) (259) (258 259) (260 261) (261)
 (263) (260 263) (265 264) (265 262 264) (267) (265 262 264) (267 269)
 (266 270) (266 270) (272) (273 271) (274) (275) (276 268) (277) (277) (279)
 (280) (281) (281 278) (282 283) (284) (285) (286) (287) (287) (289) (290)
 (291 288) (292) (291 288) (292 294) (293 295) (296) (297) (298) (298)
 (299 300) (301) (302) (303) (304) (305) (305) (306 307) (308) (309) (310)
 (311) (312) (312) (313 314) (309) (316) (314 316) (313 317 318) (319) (320)
 (321) (322 315) (323) (324) (323) (325 326) (327) (327) (329 328) (330) (331)
 (332) (333) (334) (335) (336) (337) (338) (337) (339 340) (341) (342) (343)
 (344) (341) (345 346) (347) (348) (349) (350) (349) (351 352) (353) (354)
 (354) (355 356) (351 352) (357 358) (357 358) (359 360) (361) (361) (363)
 (364) (362 365) (366) (366) (366) (369 367 368) (369) (371 367 368) (372)
 (373) (370 374) (375) (375) (377 376) (378) (373) (378 380) (381) (381)
 (379 383) (379 382 383) (385 384) (386) (387) (386) (388 389) (390) (389)
 (388 389) (393 391 392) (394) (395) (396) (397) (397) (399) (400) (401 398)
 (401) (401) (403 404) (402 405) (405 398) (407) (408) (409 406) (410) (411)
 (412) (413) (414) (411) (412 416) (417 415) (418) (419) (420) (419) (421 422)
 (421 422) (421 422) (425 423 424) (426) (427) (428) (429) (429) (430 431)
 (432) (433) (433) (435) (434 436) (437) (437) (438 439) (440) (441) (442)
 (443) (442) (444 445) (446) (446) (446) (449 447))