(NIL NIL (1 2) (1 2) (1 2) (1 2) (1 2) (1 2) (1 2) (1 2) 
(1 2) (1 2) (1 2) (3 4) (3 8) (3 9) (3 10) (3 11) (3 12) (3 13) 
(3 4) (3 5) (3 7) (3 8) (3 9) (3 11) (3 12) (3 4) (3 6) (3 7) 
(3 9) (3 11) (3 12) (3 13) (4 6) (4 7) (4 8) (4 9) (4 10) (4 11) 
(4 12) (3 4) (3 5) (3 6) (3 7) (3 8) (3 9) (3 10) (3 11) (3 12) 
(3 13) (3 4) (3 5) (3 6) (3 7) (3 8) (3 9) (3 10) (3 11) (3 12) 
(3 13) (3 4) (3 6) (3 7) (3 9) (3 11) (3 12) (3 13) (3 4) (3 5) 
(3 6) (3 8) (3 9) (3 10) (3 11) (3 12) (3 13) (3 4) (3 5) (3 6) 
(3 7) (3 8) (3 9) (3 10) (3 11) (3 12) (3 13) (3 4) (3 5) (3 6) 
(3 7) (3 8) (3 9) (3 12) (4 6) (4 7) (4 8) (4 9) (4 10) (4 12) 
(4 5) (4 6) (4 7) (4 8) (4 9) (4 10) (4 11) (4 12) (4 13) )