(NIL NIL NIL NIL NIL NIL NIL NIL (1 2) (2 3) 
(3 6) (6 7) (7 8) (1 2) (2 3) (3 4) (4 5) (5 6) (6 8) (2 4) 
(4 5) (5 6) (6 8) (2 3) (3 4) (4 5) (5 7) (7 8) (1 2) (2 3) 
(3 5) (5 6) (6 8) (2 4) (4 5) (5 6) (6 8) (2 3) (3 6) (6 8) 
(1 2) (2 3) (3 4) (4 5) (5 6) (6 7) (7 8) (1 5) (5 6) (6 8) 
(9 29) (9 41) (9 20 21 48) (9 10 21 25 48) (12 13 23) (13 28) (12 13 33) (12 13 37) (13 47) (12 13 50) 
(11 12 21 25 27) (12 46) (11 21 22 25) (11 21 25 32) (11 21 25 36) (11 21 25 45) (11 21 25 49) (9 21 24 25 48) (9 21 25 30 48) (21 25 31) 
(9 21 25 42 48) (25 43) (21 26) (9 21 34 48) (21 35) (9 11 12 13 21 25 44 48) (9 14) (9 29) (9 41) (9 10 16 17 48) 
(12 13 19) (12 13 23) (13 28) (12 13 33) (12 13 37) (12 13 40) (13 47) (12 13 50) (11 12 16 17 27) (12 46) 
(11 16 17 18) (11 16 17 22) (11 16 17 32) (11 16 17 36) (11 39) (11 16 17 45) (11 16 17 49) (9 15 16 17 48) (9 16 17 24 48) (16 25) 
(9 16 17 30 48) (16 17 31) (9 16 17 38 48) (9 16 17 42 48) (16 43) (9 17 20 48) (17 21) (17 26) (9 17 34 48) (17 35) 
(9 11 12 13 16 17 44 48) (20 24 25) (24 30) (20 21 24 31) (22 23 27 28) (23 28 46) (28 47) (23 33) (23 37) (23 40) 
(23 50) (22 32) (22 36) (22 31 39) (22 45) (22 49) (20 24 26 31) (20 24 31 35) (20 24 31 44) (24 29 31 48) 
(24 31 41 48) (24 38) (24 42) (20 24 43) (20 22 23 24 28 31 34 48) (9 14) (9 29) (9 41) (9 10 16 17 48) (12 13 19) 
(12 13 23) (13 28) (12 13 33) (12 13 37) (12 13 40) (13 47) (12 13 50) (11 12 16 17 27) (12 46) (11 16 17 18) 
(11 16 17 22) (11 16 17 32) (11 16 17 36) (11 39) (11 16 17 45) (11 16 17 49) (9 15 16 17 48) (9 16 17 24 48) (16 25) (9 16 17 30 48) 
(16 17 31) (9 16 17 38 48) (9 16 17 42 48) (16 43) (9 17 20 48) (17 21) (17 26) (9 17 34 48) (17 35) (9 11 12 13 16 17 44 48) 
(9 14) (10 15) (10 16 20) (10 11 17 18 20) (12 13 19) (12 13 23) (13 28) (12 13 37) (12 18 27) (18 22) 
(18 36) (17 21) (17 26) (17 35) (10 20 25) (20 34) (9 10 12 13 17 18 20 24) (9 14) (9 29) (9 10 16 17 48) 
(12 13 19) (12 13 23) (13 28) (12 13 33) (12 13 37) (12 13 40) (12 13 50) (11 12 16 17 27) (11 16 17 18) (11 16 17 22) 
(11 16 17 32) (11 16 17 36) (11 39) (11 16 17 49) (9 15 16 17 48) (9 16 17 24 48) (16 25) (9 16 17 30 48) (16 17 31) (9 16 17 38 48) 
(9 17 20 48) (17 21) (17 26) (9 17 34 48) (9 11 12 13 16 17 35 48) (9 14) (9 29) (9 41) (9 10 16 17 48) (12 13 19) 
(12 13 23) (13 28) (12 13 33) (12 13 37) (12 13 40) (13 47) (12 13 50) (11 12 16 17 27) (12 46) (11 16 17 18) 
(11 16 17 22) (11 16 17 32) (11 16 17 36) (11 39) (11 16 17 45) (11 16 17 49) (9 15 16 17 48) (9 16 17 24 48) (16 25) (9 16 17 30 48) 
(16 17 31) (9 16 17 38 48) (9 16 17 42 48) (16 43) (9 17 20 48) (17 21) (17 26) (9 17 34 48) (17 35) (9 11 12 13 16 17 44 48) 
(9 14) (9 29) (9 41) (9 10 16 17 48) (12 13 19) (12 13 23) (13 28) (12 13 33) (12 13 37) (12 13 40) 
(13 47) (12 13 50) (11 12 16 17 27) (12 46) (11 16 17 18) (11 16 17 22) (11 16 17 32) (11 16 17 36) (11 39) (11 16 17 45) 
(11 16 17 49) (9 15 16 17 48) (9 16 17 24 48) (16 25) (9 16 17 30 48) (16 17 31) (9 16 17 38 48) (9 16 17 42 48) (16 43) (9 17 20 48) 
(17 21) (17 26) (9 17 34 48) (17 35) (9 11 12 13 16 17 44 48) )