(NIL NIL NIL NIL NIL NIL (1 2) (2 3) (3 4) (4 5) 
(5 6) (1 2) (2 3) (3 4) (4 5) (5 6) (1 2) (2 3) (3 4) (4 5) 
(5 6) (1 2) (2 3) (3 4) (4 5) (5 6) (1 3) (3 4) (4 5) (5 6) 
(1 3) (3 4) (4 5) (5 6) (1 2) (2 3) (3 4) (4 5) (7 12) (7 17) 
(7 22) (7 8 27) (11 16) (11 21) (11 26) (11 30) (11 34) (10 15) (10 20) (10 25) 
(10 29) (10 33) (10 38) (9 14) (9 19) (9 24) (9 28) (9 32) (9 37) (7 13 27) 
(7 18 27) (7 23 27) (27 31) (7 27 36) (7 9 10 11 27 35) (7 12) (7 17) (7 22) (7 8 27) (11 16) 
(11 21) (11 26) (11 30) (11 34) (10 15) (10 20) (10 25) (10 29) (10 33) (9 14) 
(9 19) (9 24) (9 28) (9 32) (7 13 27) (7 18 27) (7 23 27) (7 9 10 11 27 31) (17 22) (17 18 27) 
(21 26) (21 30) (21 34) (20 25) (20 29) (20 33) (20 38) (19 24) (19 28) (19 32) 
(19 37) (17 23 27) (27 31) (17 27 36) (17 19 20 21 27 35) (7 12) (7 17) (7 22) (7 8 27) (11 16) 
(11 21) (11 26) (11 30) (11 34) (10 15) (10 20) (10 25) (10 29) (10 33) (10 38) 
(9 14) (9 19) (9 24) (9 28) (9 32) (9 37) (7 13 27) (7 18 27) (7 23 27) (27 31) 
(7 27 36) (7 9 10 11 27 35) (7 12) (7 17) (7 22) (7 8 27) (11 16) (11 21) (11 26) (11 30) 
(11 34) (10 15) (10 20) (10 25) (10 29) (10 33) (9 14) (9 19) (9 24) (9 28) 
(9 32) (7 13 27) (7 18 27) (7 23 27) (7 9 10 11 27 31) (7 17) (7 22) (7 8 27) (11 21) (11 26) 
(11 30) (11 34) (10 20) (10 25) (10 29) (10 33) (10 38) (9 19) (9 24) (9 28) 
(9 32) (9 37) (7 18 27) (7 23 27) (27 31) (7 27 36) (7 9 10 11 27 35) (7 17) (7 22) (7 8 27) 
(11 21) (11 26) (11 30) (11 34) (10 20) (10 25) (10 29) (10 33) (9 19) (9 24) 
(9 28) (9 32) (7 18 27) (7 23 27) (7 9 10 11 27 31) (7 12) (7 17) (7 22) (7 8 27) (11 16) 
(11 21) (11 26) (11 30) (11 34) (10 15) (10 20) (10 25) (10 29) (10 33) (9 14) 
(9 19) (9 24) (9 28) (9 32) (7 13 27) (7 18 27) (7 23 27) (7 9 10 11 27 31) (7 17) (7 22) 
(7 8 27) (11 21) (11 26) (11 30) (10 20) (10 25) (10 29) (10 38) (9 19) (9 24) 
(9 28) (9 37) (7 18 27) (7 23 27) (7 27 36) (7 9 10 11 27 35) (12 17) (12 22) (12 13 27) (16 21) 
(16 26) (16 30) (16 34) (15 20) (15 25) (15 29) (15 33) (14 19) (14 24) (14 28) 
(14 32) (12 18 27) (12 23 27) (12 14 15 16 27 31) (12 22) (12 13 27) (16 26) (16 30) (16 34) (15 25) 
(15 29) (15 33) (15 38) (14 24) (14 28) (14 32) (14 37) (12 23 27) (27 31) (12 27 36) 
(12 14 15 16 27 35) (7 12) (7 17) (7 22) (7 8 27) (11 16) (11 21) (11 26) (11 30) (11 34) 
(10 15) (10 20) (10 25) (10 29) (10 33) (10 38) (9 14) (9 19) (9 24) (9 28) 
(9 32) (9 37) (7 13 27) (7 18 27) (7 23 27) (27 31) (7 27 36) (7 9 10 11 27 35) )