(NIL NIL NIL NIL NIL NIL NIL (1 2) (2 3) (3 4) 
(4 5) (5 6) (1 2) (2 3) (3 4) (4 5) (5 6) (6 7) (1 2) (2 3) 
(3 4) (4 5) (5 6) (6 7) (1 2) (2 3) (3 4) (4 5) (5 6) (6 7) 
(1 3) (3 4) (4 6) (6 7) (1 2) (2 3) (3 4) (4 5) (5 6) (6 7) 
(1 2) (2 3) (3 4) (4 5) (5 6) (6 7) (8 13) (8 19) (8 25) (8 9 31) 
(12 17) (18 24) (18 30) (18 34) (18 40) (18 46) (12 23) (12 29) (11 12 33) (12 39) 
(12 45) (11 16) (11 22) (11 28) (11 38) (11 44) (10 15) (10 21) (10 27) (10 32) 
(10 37) (10 43) (8 14 31) (8 20 31) (8 26 31) (8 31 36) (8 31 42) (8 35) (8 10 11 12 18 31 41) (8 13) 
(8 19) (8 25) (8 9 31) (12 17) (18 24) (18 30) (18 34) (18 40) (18 46) (12 23) 
(12 29) (11 12 33) (12 39) (12 45) (11 16) (11 22) (11 28) (11 38) (11 44) (10 15) 
(10 21) (10 27) (10 32) (10 37) (10 43) (8 14 31) (8 20 31) (8 26 31) (8 31 36) (8 31 42) 
(8 35) (8 10 11 12 18 31 41) (13 25) (13 14 31) (18 30) (18 34) (18 40) (18 46) (17 29) (16 17 33) 
(17 39) (17 45) (16 28) (16 38) (16 44) (15 27) (15 32) (15 37) (15 43) (13 26 31) 
(13 31 36) (13 31 42) (13 35) (13 15 16 17 18 31 41) (8 13) (8 19) (8 25) (9 14) (9 20) (9 26) 
(10 15) (10 21) (10 27) (11 16) (11 22) (11 28) (12 17) (12 23) (12 29) (18 24) 
(8 9 10 11 12 18 30) (8 13) (8 19) (8 25) (8 9 31) (12 17) (18 24) (18 30) (18 34) (18 40) 
(18 46) (12 23) (12 29) (11 12 33) (12 39) (12 45) (11 16) (11 22) (11 28) (11 38) 
(11 44) (10 15) (10 21) (10 27) (10 32) (10 37) (10 43) (8 14 31) (8 20 31) (8 26 31) 
(8 31 36) (8 31 42) (8 35) (8 10 11 12 18 31 41) (13 19) (13 25) (13 14 31) (18 24) (18 30) (18 34) 
(18 46) (17 23) (17 29) (16 17 33) (17 45) (16 22) (16 28) (16 44) (15 21) (15 27) 
(15 32) (15 43) (13 20 31) (13 26 31) (13 31 42) (13 15 16 17 18 31 41) (8 13) (8 19) (8 25) (8 9 31) 
(12 17) (18 24) (18 30) (18 34) (18 40) (18 46) (12 23) (12 29) (11 12 33) (12 39) 
(12 45) (11 16) (11 22) (11 28) (11 38) (11 44) (10 15) (10 21) (10 27) (10 32) 
(10 37) (10 43) (8 14 31) (8 20 31) (8 26 31) (8 31 36) (8 31 42) (8 35) (8 10 11 12 18 31 41) (8 13) 
(8 25) (8 9 31) (12 17) (18 30) (18 34) (18 40) (18 46) (12 29) (11 12 33) (12 39) 
(12 45) (11 16) (11 28) (11 38) (11 44) (10 15) (10 27) (10 32) (10 37) (10 43) 
(8 14 31) (8 26 31) (8 31 36) (8 31 42) (8 35) (8 10 11 12 18 31 41) (8 13) (8 19) (8 25) (8 9 31) 
(12 17) (18 24) (18 30) (18 34) (18 40) (12 23) (12 29) (11 12 33) (12 39) (11 16) 
(11 22) (11 28) (11 38) (10 15) (10 21) (10 27) (10 32) (10 37) (8 14 31) (8 20 31) 
(8 26 31) (8 31 36) (8 10 11 12 18 31 35) (8 13) (8 19) (8 41) (9 14) (9 20) (9 42) (10 15) 
(10 21) (10 43) (11 16) (11 22) (11 44) (12 17) (12 23) (12 45) (18 24) (8 9 10 11 12 18 46) 
(8 13) (8 25) (8 9 31) (12 17) (18 30) (18 34) (18 40) (18 46) (12 29) (11 12 33) 
(12 39) (12 45) (11 16) (11 28) (11 38) (11 44) (10 15) (10 27) (10 32) (10 37) 
(10 43) (8 14 31) (8 26 31) (8 31 36) (8 31 42) (8 35) (8 10 11 12 18 31 41) )