(NIL NIL NIL NIL NIL NIL NIL NIL NIL NIL 
NIL NIL (1 2) (2 3) (3 4) (4 5) (5 6) (6 7) (7 8) (8 9) 
(9 10) (10 11) (11 12) (1 2) (2 3) (3 4) (4 5) (5 6) (6 7) (7 8) 
(8 9) (9 10) (10 11) (11 12) (1 3) (3 4) (4 5) (5 6) (6 7) (7 9) 
(9 10) (10 11) (11 12) (1 3) (3 4) (4 5) (5 6) (6 7) (7 8) (8 9) 
(9 11) (11 12) (1 2) (2 3) (3 4) (4 5) (5 6) (6 8) (8 9) (9 10) 
(10 11) (13 24) (13 14 35) (23 34) (23 43) (23 52) (22 33) (22 42) (21 22 51) (22 61) 
(21 32) (21 41) (21 60) (20 31) (19 20 40) (20 50) (20 59) (19 30) (19 49) (18 19 58) 
(18 29) (18 39) (18 48) (17 28) (17 38) (17 47) (17 57) (16 27) (16 37) (16 46) 
(16 56) (15 26) (15 36) (15 45) (15 55) (13 25 35) (35 44) (13 35 54) (13 15 16 17 18 19 20 21 22 23 ...) (13 24) 
(13 14 35) (23 34) (23 43) (23 52) (22 33) (22 42) (21 22 51) (22 61) (21 32) (21 41) 
(21 60) (20 31) (19 20 40) (20 50) (20 59) (19 30) (19 49) (18 19 58) (18 29) (18 39) 
(18 48) (17 28) (17 38) (17 47) (17 57) (16 27) (16 37) (16 46) (16 56) (15 26) 
(15 36) (15 45) (15 55) (13 25 35) (35 44) (13 35 54) (13 15 16 17 18 19 20 21 22 23 ...) (13 24) (13 14 35) (23 34) 
(23 43) (23 52) (22 33) (22 42) (21 22 51) (22 61) (21 32) (21 41) (21 60) (20 31) 
(19 20 40) (20 50) (20 59) (19 30) (19 49) (18 19 58) (18 29) (18 39) (18 48) (17 28) 
(17 38) (17 47) (17 57) (16 27) (16 37) (16 46) (16 56) (15 26) (15 36) (15 45) 
(15 55) (13 25 35) (35 44) (13 35 54) (13 15 16 17 18 19 20 21 22 23 ...) (13 24) (13 14 44) (23 34) (23 52) (22 33) 
(21 22 51) (22 61) (21 32) (21 60) (20 31) (20 50) (20 59) (19 30) (19 49) (18 19 58) 
(18 29) (18 48) (17 28) (17 47) (17 57) (16 27) (16 46) (16 56) (15 26) (15 45) 
(15 55) (13 25 44) (13 44 54) (13 15 16 17 18 19 20 21 22 23 ...) (13 24) (13 14 35) (23 34) (23 43) (23 52) (22 33) 
(22 42) (21 22 51) (22 61) (21 32) (21 41) (21 60) (20 31) (19 20 40) (20 50) (20 59) 
(19 30) (19 49) (18 19 58) (18 29) (18 39) (18 48) (17 28) (17 38) (17 47) (17 57) 
(16 27) (16 37) (16 46) (16 56) (15 26) (15 36) (15 45) (15 55) (13 25 35) (35 44) 
(13 35 54) (13 15 16 17 18 19 20 21 22 23 ...) (13 24) (13 14 35) (23 34) (23 43) (23 52) (22 33) (22 42) (21 22 51) 
(21 32) (21 41) (20 31) (19 20 40) (20 50) (19 30) (19 49) (18 29) (18 39) (18 48) 
(17 28) (17 38) (17 47) (16 27) (16 37) (16 46) (15 26) (15 36) (15 45) (13 25 35) 
(13 15 16 17 18 19 20 21 22 23 ...) (13 24) (13 14 35) (23 34) (23 43) (23 52) (22 33) (22 42) (21 22 51) (22 61) 
(21 32) (21 41) (21 60) (20 31) (19 20 40) (20 50) (20 59) (19 30) (19 49) (18 19 58) 
(18 29) (18 39) (18 48) (17 28) (17 38) (17 47) (17 57) (16 27) (16 37) (16 46) 
(16 56) (15 26) (15 36) (15 45) (15 55) (13 25 35) (35 44) (13 35 54) (13 15 16 17 18 19 20 21 22 23 ...) (13 24) 
(13 14 35) (23 34) (23 43) (23 52) (22 33) (22 42) (21 22 51) (22 61) (21 32) (21 41) 
(21 60) (20 31) (19 20 40) (20 50) (20 59) (19 30) (19 49) (18 19 58) (18 29) (18 39) 
(18 48) (17 28) (17 38) (17 47) (17 57) (16 27) (16 37) (16 46) (16 56) (15 26) 
(15 36) (15 45) (15 55) (13 25 35) (35 44) (13 35 54) (13 15 16 17 18 19 20 21 22 23 ...) )