(NIL NIL NIL NIL NIL NIL NIL NIL (2 4) (4 5) 
(5 6) (6 7) (2 3) (3 5) (5 6) (6 7) (7 8) (1 2) (2 3) (3 5) 
(5 6) (6 8) (1 2) (2 3) (3 4) (4 5) (5 6) (6 7) (7 8) (2 3) 
(3 4) (4 5) (5 6) (6 7) (7 8) (1 4) (4 5) (5 6) (6 7) (7 8) 
(9 10 13 14) (12 16) (12 17 22) (17 29) (17 35) (17 40) (12 28) (12 34) (12 39) (11 15) 
(11 21) (11 27) (11 33) (11 38) (14 20) (9 13 14 26) (9 13 14 32) (9 13 14 37) (13 19) (13 24) 
(9 13 25) (13 30) (9 13 31) (18 23) (9 11 12 13 14 17 18 36) (9 10 13 14) (12 16) (12 17 22) (17 29) (17 40) 
(12 28) (12 39) (11 15) (11 21) (11 27) (11 38) (14 20) (9 13 14 26) (9 13 14 37) (13 19) 
(13 24) (9 13 25) (18 23) (9 11 12 13 14 17 18 36) (9 10 13 14) (12 16) (12 17 22) (17 29) (17 35) (17 40) 
(12 28) (12 34) (12 39) (11 15) (11 21) (11 27) (11 33) (11 38) (14 20) (9 13 14 26) 
(9 13 14 32) (9 13 14 37) (13 19) (13 24) (9 13 25) (13 30) (9 13 31) (18 23) (9 11 12 13 14 17 18 36) (18 23) 
(13 19) (13 24) (13 30) (14 20) (14 25 26) (25 31) (14 25 32) (15 21) (15 27) (15 33) 
(16 17 22) (16 22 29) (16 22 35) (16 28) (13 14 15 16 18 22 25 34) (9 10 13 14) (12 16) (12 17 22) (17 29) (17 35) 
(17 40) (12 28) (12 34) (12 39) (11 15) (11 21) (11 27) (11 33) (11 38) (14 20) 
(9 13 14 26) (9 13 14 32) (9 13 14 37) (13 19) (13 24) (9 13 25) (13 30) (9 13 31) (18 23) (9 11 12 13 14 17 18 36) 
(9 10 13 14) (12 16) (12 17 22) (17 29) (17 35) (17 40) (12 28) (12 34) (12 39) (11 15) 
(11 21) (11 27) (11 33) (11 38) (14 20) (9 13 14 26) (9 13 14 32) (9 13 14 37) (13 19) (13 24) 
(9 13 25) (13 30) (9 13 31) (18 23) (9 11 12 13 14 17 18 36) (9 10 13 14) (12 16) (12 17 22) (17 29) (17 35) 
(17 40) (12 28) (12 34) (12 39) (11 15) (11 21) (11 27) (11 33) (11 38) (14 20) 
(9 13 14 26) (9 13 14 32) (9 13 14 37) (13 19) (13 24) (9 13 25) (13 30) (9 13 31) (18 23) (9 11 12 13 14 17 18 36) 
(9 10 13 14) (12 16) (12 17 22) (17 29) (17 35) (17 40) (12 28) (12 34) (12 39) (11 15) 
(11 21) (11 27) (11 33) (11 38) (14 20) (9 13 14 26) (9 13 14 32) (9 13 14 37) (13 19) (13 24) 
(9 13 25) (13 30) (9 13 31) (18 23) (9 11 12 13 14 17 18 36) (9 10 13 14) (12 16) (12 17 22) (17 29) (17 35) 
(17 40) (12 28) (12 34) (12 39) (11 15) (11 21) (11 27) (11 33) (11 38) (14 20) 
(9 13 14 26) (9 13 14 32) (9 13 14 37) (13 19) (13 24) (9 13 25) (13 30) (9 13 31) (18 23) (9 11 12 13 14 17 18 36) 
(18 19 20 36 37) (21 38) (18 20 21 22 36 37 39 40) (9 10 13 14) (12 16) (12 17 22) (17 29) (17 35) (17 40) (12 28) 
(12 34) (12 39) (11 15) (11 21) (11 27) (11 33) (11 38) (14 20) (9 13 14 26) (9 13 14 32) 
(9 13 14 37) (13 19) (13 24) (9 13 25) (13 30) (9 13 31) (18 23) (9 11 12 13 14 17 18 36) )