(NIL NIL NIL NIL NIL NIL NIL (1 2) (2 3) (3 4) 
(4 5) (5 7) (1 2) (2 3) (3 4) (4 5) (5 7) (1 2) (2 5) (5 6) 
(6 7) (1 2) (2 3) (3 4) (4 5) (5 6) (1 2) (2 3) (3 4) (4 5) 
(5 6) (1 2) (2 3) (3 4) (4 5) (5 6) (6 7) (1 2) (2 3) (3 4) 
(4 5) (5 6) (1 4) (4 5) (5 6) (6 7) (1 2) (2 3) (3 5) (5 6) 
(6 7) (1 2) (2 3) (3 5) (5 6) (1 2) (2 3) (3 4) (4 5) (5 7) 
(8 13) (8 18) (8 22) (8 27) (8 32) (8 38) (8 9 10 43) (8 10 14 43) (10 15) (8 10 23 43) 
(10 24) (8 10 28 43) (10 29) (8 10 33 43) (10 34) (8 10 39 43) (10 40) (8 10 43 48) (10 11 49) (12 17) 
(12 20 21) (12 21 26) (12 21 31) (12 21 36) (21 37) (12 21 42) (12 21 45) (21 46) (12 21 50) (21 51) 
(12 21 55) (12 60) (10 16 49) (8 10 19 43 49) (10 25 49) (10 30 49) (10 35 49) (10 41 49) (10 44 49) (49 54) 
(10 49 59) (8 10 43 53) (8 10 43 57) (10 58) (8 47) (8 52) (8 10 12 21 43 49 56) (8 13) (8 22) (8 32) 
(8 38) (8 9 10 43) (8 10 14 43) (10 15) (8 10 23 43) (10 24) (8 10 33 43) (10 34) (8 10 39 43) (10 40) 
(8 10 43 53) (10 11 54) (12 17) (12 26 37) (12 36 37) (12 37 42) (12 37 45) (37 46) (12 37 55) (12 60) 
(10 16 54) (10 25 54) (10 35 54) (10 41 54) (10 44 54) (10 54 59) (8 10 43 57) (10 58) (8 52) (8 10 12 37 43 54 56) 
(8 13) (8 18) (8 22) (8 27) (8 32) (8 9 10 43) (8 10 14 43) (10 15) (8 10 23 43) (10 24) 
(8 10 28 43) (10 29) (8 10 33 43) (10 34) (8 10 43 48) (10 11 49) (12 17) (12 20 21) (12 21 26) (12 21 31) 
(12 21 36) (21 37) (12 21 45) (21 46) (12 21 50) (21 51) (12 60) (10 16 49) (8 10 19 43 49) (10 25 49) 
(10 30 49) (10 35 49) (10 44 49) (10 49 59) (8 10 43 57) (10 58) (8 47) (8 10 12 21 43 49 56) (8 13) (8 18) 
(8 22) (8 27) (8 32) (8 38) (8 9 10 43) (8 10 14 43) (10 15) (8 10 23 43) (10 24) (8 10 28 43) 
(10 29) (8 10 33 43) (10 34) (8 10 39 43) (10 40) (8 10 43 48) (10 11 49) (12 17) (12 20 21) (12 21 26) 
(12 21 31) (12 21 36) (21 37) (12 21 42) (12 21 45) (21 46) (12 21 50) (21 51) (12 21 55) (12 60) 
(10 16 49) (8 10 19 43 49) (10 25 49) (10 30 49) (10 35 49) (10 41 49) (10 44 49) (49 54) (10 49 59) (8 10 43 53) 
(8 10 43 57) (10 58) (8 47) (8 52) (8 10 12 21 43 49 56) (8 13) (8 18) (8 22) (8 27) (8 32) 
(8 38) (8 9 10 43) (8 10 14 43) (10 15) (8 10 23 43) (10 24) (8 10 28 43) (10 29) (8 10 33 43) (10 34) 
(8 10 39 43) (10 40) (8 10 43 48) (10 11 49) (12 17) (12 20 21) (12 21 26) (12 21 31) (12 21 36) (21 37) 
(12 21 42) (12 21 45) (21 46) (12 21 50) (21 51) (12 21 55) (12 60) (10 16 49) (8 10 19 43 49) (10 25 49) 
(10 30 49) (10 35 49) (10 41 49) (10 44 49) (49 54) (10 49 59) (8 10 43 53) (8 10 43 57) (10 58) (8 47) 
(8 52) (8 10 12 21 43 49 56) (8 13) (8 22) (8 27) (8 38) (8 9 10 43) (8 10 14 43) (10 15) (8 10 23 43) 
(10 24) (8 10 28 43) (10 29) (8 10 39 43) (10 40) (8 10 43 48) (10 11 49) (12 17) (12 26 46) (12 31 46) 
(12 42 46) (12 45 46) (12 46 50) (46 51) (12 46 55) (10 16 49) (10 25 49) (10 30 49) (10 41 49) (10 44 49) 
(49 54) (8 10 43 53) (8 47) (8 10 12 43 46 49 52) (8 13) (8 18) (8 22) (8 27) (8 38) (8 9 10 43) 
(8 10 14 43) (10 15) (8 10 23 43) (10 24) (8 10 28 43) (10 29) (8 10 39 43) (10 40) (8 10 43 53) (10 11 54) 
(12 17) (12 20 21) (12 21 26) (12 21 31) (12 21 42) (12 21 45) (21 46) (12 21 55) (12 60) (10 16 54) 
(8 10 19 43 54) (10 25 54) (10 30 54) (10 41 54) (10 44 54) (10 54 59) (8 10 43 57) (10 58) (8 52) (8 10 12 21 43 54 56) )