(NIL NIL NIL NIL NIL NIL NIL NIL NIL NIL 
NIL NIL NIL (1 3) (3 4) (4 5) (5 6) (6 8) (8 9) (9 10) 
(10 11) (11 12) (12 13) (1 2) (2 3) (3 4) (4 5) (5 6) (6 7) (7 8) 
(8 9) (9 10) (10 11) (11 12) (12 13) (1 3) (3 4) (4 5) (5 6) (6 7) 
(7 9) (9 10) (10 11) (11 12) (12 13) (1 2) (2 3) (3 4) (4 5) (5 6) 
(6 7) (7 9) (9 10) (10 13) (1 2) (2 3) (3 5) (5 6) (6 8) (8 9) 
(9 10) (10 11) (11 12) (12 13) (24 25 36) (35 45) (35 64) (34 44) (34 63) (33 43) 
(33 62) (32 42) (32 61) (30 31 41) (31 60) (29 30 59) (29 40) (28 39) (28 58) (27 38) 
(26 27 57) (26 37) (24 36 56) (24 26 27 28 29 30 31 32 33 34 ...) (14 46 47) (46 55) (14 46 56) (15 48) (15 16 57) (21 22 23 54) 
(23 64) (22 63) (21 62) (20 53) (20 61) (18 19 51 52) (19 60) (18 59) (17 50) (17 58) 
(14 15 17 18 19 20 21 22 23 46 ...) (14 24 25) (24 55) (14 24 56) (15 26) (15 16 57) (23 35) (23 64) (22 34) (22 63) 
(21 33) (21 62) (20 32) (20 61) (19 31) (19 60) (18 29 30) (18 59) (17 28) (17 58) 
(14 15 17 18 19 20 21 22 23 24 ...) (24 46) (24 55) (25 47) (25 56) (26 48) (26 27 57) (33 34 35 54) (35 64) (34 63) 
(33 62) (32 53) (32 61) (30 31 52) (31 60) (29 30 59) (29 51) (28 50) (28 58) (24 25 26 28 29 30 31 32 33 34 ...) 
(24 25 36) (35 45) (33 34 35 54) (34 44) (33 43) (32 42) (32 53) (30 31 41) (30 31 52) (29 40) 
(29 51) (28 39) (28 50) (27 38) (27 49) (26 37) (26 48) (24 36 47) (24 26 27 28 29 30 31 32 33 34 ...) (14 24 25) 
(24 46) (14 24 47) (24 55) (14 24 56) (14 36) (15 26) (15 37) (15 48) (15 16 57) (23 35) 
(23 45) (21 22 23 54) (23 64) (22 34) (22 44) (22 63) (21 33) (21 43) (21 62) (20 32) 
(20 42) (20 53) (20 61) (19 31) (18 19 29 41) (19 30 41) (18 19 40 41) (18 19 41 51) (41 52) (19 60) 
(18 59) (17 28) (17 39) (17 50) (17 58) (15 27 57) (15 38 57) (14 15 17 18 19 20 21 22 23 24 ...) (14 24 25) (24 46) 
(14 24 47) (24 55) (14 24 56) (14 36) (15 26) (15 37) (15 48) (15 16 57) (23 35) (23 45) 
(21 22 23 54) (23 64) (22 34) (22 44) (22 63) (21 33) (21 43) (21 62) (20 32) (20 42) 
(20 53) (20 61) (19 31) (18 19 29 41) (19 30 41) (18 19 40 41) (18 19 41 51) (41 52) (19 60) (18 59) 
(17 28) (17 39) (17 50) (17 58) (15 27 57) (15 38 57) (14 15 17 18 19 20 21 22 23 24 ...) )