(NIL NIL NIL NIL NIL NIL NIL (1 2) (2 3) (3 4) 
(4 5) (5 6) (6 7) (1 2) (2 3) (3 4) (4 5) (5 6) (6 7) (1 2) 
(2 3) (3 4) (4 5) (5 6) (6 7) (8 20) (9 21) (10 22) (11 23) (12 24) 
(8 9 10 11 12 13 25) (8 14) (8 20) (9 15) (9 21) (10 16) (10 22) (11 17) (11 23) (12 18) 
(12 24) (13 19) (8 9 10 11 12 13 25) (8 14) (9 15) (10 16) (11 17) (12 18) (8 9 10 11 12 13 19) (8 14) 
(8 20) (9 15) (9 21) (10 16) (10 22) (11 17) (11 23) (12 18) (12 24) (13 19) 
(8 9 10 11 12 13 25) (8 14) (8 20) (9 15) (9 21) (10 16) (10 22) (11 17) (11 23) (12 18) 
(12 24) (13 19) (8 9 10 11 12 13 25) (8 14) (8 20) (9 15) (9 21) (10 16) (10 22) (11 17) 
(11 23) (12 18) (12 24) (13 19) (8 9 10 11 12 13 25) (8 14) (9 15) (10 16) (11 17) (12 18) 
(8 9 10 11 12 13 19) (8 14) (8 20) (9 15) (9 21) (10 16) (10 22) (11 17) (11 23) (12 18) 
(12 24) (13 19) (8 9 10 11 12 13 25) (8 14) (8 20) (9 15) (9 21) (10 16) (10 22) (11 17) 
(11 23) (12 18) (12 24) (13 19) (8 9 10 11 12 13 25) (8 14) (8 20) (9 15) (9 21) (10 16) 
(10 22) (11 17) (11 23) (12 18) (12 24) (13 19) (8 9 10 11 12 13 25) (8 14) (8 20) (9 15) 
(9 21) (10 16) (10 22) (11 17) (11 23) (12 18) (12 24) (13 19) (8 9 10 11 12 13 25) (8 14) 
(8 20) (9 15) (9 21) (10 16) (10 22) (11 17) (11 23) (12 18) (12 24) (13 19) 
(8 9 10 11 12 13 25) (8 14) (8 20) (9 15) (9 21) (10 16) (10 22) (11 17) (11 23) (12 18) 
(12 24) (13 19) (8 9 10 11 12 13 25) (8 14) (8 20) (9 15) (9 21) (10 16) (10 22) (11 17) 
(11 23) (12 18) (12 24) (13 19) (8 9 10 11 12 13 25) (8 14) (8 20) (9 15) (9 21) (10 16) 
(10 22) (11 17) (11 23) (12 18) (12 24) (13 19) (8 9 10 11 12 13 25) )