(NIL (1) (1) (3) (1) (2) (4 5 6) (6) (7) (9) 
(5) (7 11) (5 8) (13) (9 13) (13) (14) (10 14) (18) (4 11 16) 
(15 16) (19) (7 14) (21) (24) (15 17) (16) (10 23 24 27) (23 26) (20) 
(9 20 23) (30) (17 22 25) (19 20) (17 31) (22 29) (30 35) (27) (33) (33) 
(25 31) (7) NIL (22 29 30) NIL (34 36) (10) (26 34) (20 39) (26 42) 
(37) (28 46 51) (47 51) (4 38) (30 47 48 54) (50) (21 27 35) (6 11) (50) (11) 
(39 52 60) (56 59) (16) (17 42) (9) (18 24 63) (41 42 53 63) (38) (42 68) (49 61) 
(25 27 45 60 63) (46 66 67) (51) (15) (14) (61 75) NIL (41) (69 74 75) (21 35 68) 
(57 70) (46) (64 78) (15) (27 77 83) (71) (34 49 50) (28 44 46) (12 40 83 86) (25 45 66) 
(40 59) (30 39 50 69) (39 74 88) (40 46 75) (48 50 81 84) (40 50 74 83) (16 47) (25 31 74) (18 28) (31 46 71 99) 
(63 77 93) (82 87) (22 45 63) (20 90) (56 100) (44 58 61 98) (94 97) (66 93 97) (34 64 75) (91 97 106) 
(95) NIL (16 17 58) (40 63 102) (41 55 57) (83) (20 29) (33 58) (67) (28 57 64 113) 
(65 94 104) (32 61 69 77 118) (2) (82 115) (65 95 102 110 124) (32 124) (37 107) (97 103) (52) (76 112 121) 
(25 52 82) (46 58) (110 124) (104) (33 59 119) (95) (128) NIL (92 129) (17) 
(49) (122 124 131) NIL (62 89 99 133) (57 121) (65 96 134 137) (57 61 117) (51) (55) (53 123 140 148) )