(NIL (1) (2) (2) (3) (1) (4) (7) (8) (9) 
(3 10) (5 10) (3 7) (13) (5 10) (5 6) (11 14 16) (16) (11 12 15) (15 18) 
(12 13 18) (7) (11 16) (17) (13 18) (19 21 22) (11 14) (11 16) (21) (23 26) 
(24 25 30) (2) (10 22) (3) (25) (17 22) (28 32) (3 6 8) (20 29) (31 37) 
(8 13 16) NIL (26 33 36) (28 30) (30 35 39) (32 44) (17 20 44) (31 32 39) (24 29) (35) 
(22 29) (49) (24 26) (37) (44) (25) (23 24 54) (40 55) (11 25) (32 52) 
(58) (28 30) (44 54) (24) (45 61 63) (25 29 53) (66) (34 63) (34 37) (25 33) 
(48 65) (41 49) (51) (53 57) (34 62 64 67) (19 52) (43 47 54 58) (41 61 75) (37 47) (56 64 79) 
(58) (62 67) (71) (17 39) (77) (29 43 64) (24 30 50 73) (60) (24 27 73 84) (38 48 69 87 88) 
NIL (80) (50 61) (71) (51 70 74) (58) (79) (50 59 83) (29 43) (45 67) 
(17) (45 48 66 80 86) (19) (24 91) (34 42) (14 19 69) (62 79 99) (25 39 63) (24 42 56) (42 59 78 83 96 103) 
(34 53 107) (8 22 105) (66 89 107) (62) (46 67 107) (84 110) (82 104 106) (83) (106) (77 90 102) 
(59 90 92) (103 114) (19 39 56) (38 80) (74 113) (31 37) (86) (14 62) (34 76) (85 126) 
(86 96 106 122) (65 85) (17) (33 35 53) (42 125) (42 46 67) (57 77 100) (96 122) (27 71 88 101) (36) 
(61 133) (85) NIL (66 72 79) (121) (47 72 99 108 116 133) (67 77) (86 100 107 136) NIL (31 63 125) )