(NIL (1) (2) (3) (4) (5) (5) (1) (3) (6) 
(8) (6) (9 11) (8 9 12) (3) (10 11) (13) (6 7 8 15) (4 11) (16 17) 
NIL (7) (9 12) (20 22) (7 8) NIL (17 19) (19) (11) (14 22 25 27) 
(6 27) (7 16 19) (24) (23 24) (10 18) (17 21 28 35) (10 14) (12 36) (12 22 36) (23 29) 
(20 32 38 40) (41) (33 37 39 41) (15 16 30) (12) (31) (26 36) (18 32 44) (43) (29 35) 
(20) (29 39 47) (33 36 48) (42 51) (34) (30 37) (34 46) (54) (42 43) (41 55) 
(54) (25 26) (40) (21 35) (43) (59) (49) (31 54) (39 41 51 55) (45) 
(20 48 56) (50 54 69) (34 38 47 56) (16 21 30) (47 56) (72) (42) (58 65 68) (37) (59 78) 
(68) (25 68) (14 61 72 81) (53 64) (54 84) (61) (45) (68) (46 52 53 54) (58 67) 
(25 67 69) (15) (81) (65 82) (19 20) (31 79) (26 68 84) (46 75 84 93) (30 52 83) (73 89 93) 
(88) (80 95) (46 90) (52 94) NIL (48 79 83) (62) (5) (26 46 87) (103) 
(46) (95) (42 46) (48) (14) (6 25) (38) NIL (37) (31) 
(40 46 51 73 116) (44 60 79) (62 121) (98) (87 102) (98 101 116) (18 31 40) (23) (34 59) (68 69 118) 
(53 54 96) (40 84) (99) (8 70 92) (94) (69 80 127) (77 94 121) (49) (48 49) (87 129) 
(114 136) (48 113) (30 34 67) (44) (58 61 96 100 112) (30 46 59 61 104) (93 132) (48 58 133) (42 115) (31 91) )