(NIL (1) NIL (1) (3) (2 5) (2 3) (4 5) (3) (4 5) 
(5 7 9) (8 10 11) (4 11) (8 11) (12) (15) (11) (16) (6 18) (18) 
(16) (19 21) (18) (17) (6) (14 21) (17 20) (20 23) NIL (12) 
NIL (2) (4 5 9) (28) (22 25 30) (21) (14 17 22) (26 35) (22 24) (17) 
(14 15) (4) (24 36) NIL (34 35 43) (18) (6 28 41) (25 29) (46 47) (20 40) 
(38) (49) (28 43 50 51) (12) (43 49 50) (31 35 37) (36 40) (6) (49) (40) 
(48 53 54) (3) (56) (13 51) (47 53) (65) (32 34 47) (24 42 50 51 67) (6 28) NIL 
(6 60) (51 54) (12 71) NIL (53 74) (67) (1) NIL (13 47 73) (27) 
(6 14 44) (52 64) (25 29 67 74) (21 74 78) (17 58) (67) NIL (42) (61 63 86) (33 53 88) 
(31 32 59) (65) (32 49 90) NIL NIL (39 66 68) (45 93) (58 74 89) (76 77) (24 33 76) 
NIL (83 90) (24) (44 53 84 85) (85) (52 71 102) (55) (106) (34 38 43 69) (72) 
(90) (98 109) (31 49 68 104) (91) NIL (85 99) (57) (68 74 87) (51 55) (40 45) 
(46 61 94 116) (29 60 96 119) (63 96) (76) (31) (42) (66 81) (86 103 106) (64 93) (26 59 120) 
(76 82) (41 90) (84) (65 93) (77 85) (37) (53 99) (83) (49 110) (45 52 78) 
(82) (102) (109) (39 106) (25 69 71) (109) (52 136) (22) (79 122 124) (27) )