(NIL (1) (2) (3) (2) (4) (2) (4) NIL (4 7) 
(4 5 9) (11) (6 7) (10 11) (6 11) (8 14 15) (11) (6 9) NIL (14) 
(8 12 13) (16) (6) (14 21) (4) (8 17 18) (7 12 23) NIL NIL (8 17 19 27 28) 
(8) (22) (22) (24 33) (20 21) (12 17) (15 20 24 27) (21 27 28) (35 37) (17 18 19 32 35) 
(22) (25 30) (29 32 36 41) (16 31 37) (17 23) (10 26 30) (20) (30 31) (33 38) (13) 
(19 28 39) (38 42) (22 26 39) (35 37) (25) (44) (19) NIL NIL (22 36 39) 
NIL (30) (30 53 61) (25 38 41) (26 27) (46 50 64) (19 22 28 37 55) (28) (21) (54) 
(10 48) (53) (4) (26 32 69) (26 38 55) (7 26 59) (33 64) (12 32) (38) (25 31 47 53 73) 
(3 19) (41 60) (57 76) (60 78) (72) (57 67) (55) (36 40 41 56) (43 59) (45 79 83 85) 
(42 80 86) NIL (33 76) (71 90) (32 66) (33 64 74) (20 42) (40 57) (49 75 98) (34 51 78) 
(97 100) (52) (57 62 85 100) (24 95) (51 102) (84) (18 28) (61) NIL (51 98) 
(24 35 76) (28 73 85) (40) (27) (35 75) (71) NIL (29) (65 98) (39 61 104) 
(101) (119) (34) (21 43 62) (59) (24 115 118) (97 120) (9) (85) (74 91) 
(46 89 90 97) (43 93 103) (101 122) (81 93) (44 83) (38 84 132) (14 30) (78 114 119 124) (29 56) (58 82) 
(97) (110) (35 43 76) (115) (46 64 68 86 109 112 116 124 139) (7 107) (68 104 146) (31) (49 101 103 123) (8) )