(NIL (1) (2) (3) (3) (4) (5 6) (5) (4 8) (7) 
(6) (7 9) (10 12) (12) (10 14) NIL (15) (13 16) (5 6) (17) 
(17) (11 17) (14) (12 16) (21) (5) (22 26) (18 23) (13 21) (20 23 25) 
(7) (22 31) (15) (17 23) (25) (34) (16 29 33) (32) (26 28 30) (22) 
(27) (30) (24 27 30) (28 38) (6 16) (20 24 31 33) (46) (41 42) (36 39) (29 44) 
(40) (18 27 30) (26 34) (16 36 53) (52) (37 43 54) (20) (7) (18 19 24 58) (45 52 59) 
(18 20 38 58) (56) (18 22 30) (25 41 57 58) (19 62) (37 51 59) (49) (51 61) (43 60 63) (23 26 47) 
(32 35 37 49 53) (25 41 47 68) (54 63 66) (22) (60 70) (19 27 33 50) (3) (29 36 48) (47) (57 59) 
(43 61 64 74) (32) (27) (40 65 77) (40) (68) (38 71 82) (43 44) (26 35) (35 62 77 81) 
(29 33 38 54 59) (33 35 69) (42 58) (47 55 76 89) (46 49) (39 80 93) (66 91) (80 95) (45 93) (72 75) 
(54) (35 51) (39 48 77 81 91) (97) (89 104) (76 87) (40 53 58) (27 45) (70 73) (4) 
(48 90) (62) (62 88) (15) (62 70) (25) (35 66 82) (56 75 83 101) (66) (100 114) 
(45 50 78) (47 95 105) (18 37 93) (54 119) (113) (79 98 109) (85 93 103 126) (73 80) (55 73 125) (44 61 96 118) 
(65) (67 82 86 94) (58 114) (66 74 110) (70) (120 127) (74 97) (45 111) (97 138) (67 71 103 116) 
(83 99 135) NIL (64 135) (86 126) (82 92) (49 101 111 125) (75 111) (87) (61 73 87) (103 106 107) )