(NIL (1) (2) (2) (4) (3 5) (3) (5) (3 5) (3) 
(6 9) (7 8 10) NIL (7 9) (10 11 13) (9) (14) (9) (15 16 17) (12) 
(15 20) (18) (9 20) (4) (12 19) (9 12) (19 21) (11 23 24) (28) (28) 
(22 24) (16 29) (21 30) (32) (21 29) (18 26) (16 26) (14 33) (16 17 26) (7) 
(22 29 37) (15 31 36) (20 39) (33) (5) (20 25) (19 44) (17 33 34) (19 48) (30 31 34) 
(48) (51) (20) (34) (26 30) (25 54) (22 24) (54) (18 19) (30) 
(47 49) (52 60) (43 44) (51) (24 43) (18 29 39) (15 31 34 39) (47) (8 22) (26 51) 
(41 45 46 53 68) (40 71) (47) (41 43) (47) (54 65) (48 72) (67 74) (37 60) (19) 
(42 49 59) (62 65 66) (47 57) (68) (27 68) (72) (55 83) (65 71) (40 62) (24) 
(83) (35 51 68) (34 46 59) (39 46 62 75) (43 50 85) NIL (47) (55 94) (41 51) (24) 
(74) (68) (67) NIL (28) (80 94 101 105) (77 81) (31 38 59 72 74 104) (38 43) (27 65) 
(55 80 90 91 100 109) (4) (11) (101) (58) (37 47 82 89 96) (60 71 90) (50) (67) (2) 
(44 49 56 66 112) (31 61) (40 106 109) (48 60 83 93 96 103) (55 67 99) (87) NIL (61 100) (67 108 116) (38 66 74) 
(116) (3) (63 117 129) (36 123) (61 88 131) (53 58 73 89) (115 120 123 128) (31 77 114) (34 127) (78 103) 
(93 107 125) NIL (39 57 61 84 113 132) (71 115) (110 117) (81 139) (34 113 114) (54) (12) (80 129) )