(NIL (1) (2) (3) (4) (3) (5 6) (7) (8) (6) 
(8 10) (9 11) (9 11) (12) (13 14) (8 10) (10) (16) (14) (19) 
(4 17) (17 19) (20) (7) (16) (16 23) (16) (18 27) (11 21 24) (14 29) 
(13 26) (23) (9) (13) (15 30) NIL (21 28 33) (30 31 37) (24 34) (31) 
(22) (19 29) (14 25) (23 42) (16 20 42) (39) (38) (30 42) (39) (47) 
(15 44) (25 50) (38) (32 35) (45) (22 32) (29 37 46 56) (32) NIL (52) 
(30 37) NIL (45 47) (44 50 57) (36 41 52) NIL (60) (55) (37 58) (33) 
(32) (38) (54 64) (68) (45 49) (18 22 71) NIL (18 75) (25 64 76) (53 70) 
(33 49 66) (35 51 61 63 68) (54 61) (79) (40 51) (22) (49 64 68) (54 64) (49 60 63 68) (82) 
(35) NIL (15 65) (90) (19 33 35 46 62) (43 55 63 95) (43 61) (51 88) (78 80) (84 91) 
(76) (36 67 96) (86) (93) (47) (60 66) (74) (28) (46 54 101 108) (71 80 82 85) 
(35 38 49 61) (45 64) (32 68 97) (39 85) (39 40 62 94) (14) (92 100) (92 116) (32 48 68) (25) 
(8 21) (33 39 40) (95) (65 89 118) (91 111) (112) NIL (48 73 101) (73) (74 104) 
(22 92) (38 71) (43 55 108) (52) (118) (53 115) (66 110 131) (42 62) NIL (73 93 118 133 134) 
(81 93 95 106 111) (80) (81 133 137) (120 123) (52 62) (93) (39 97) (80 83 144) (36) NIL )