(NIL (1) (2) (3) (3) (4) (5) (6) (5 8) (5 8) 
(10) (10) (11) (7) (2) (4 14) (12) (10 15) (6) NIL 
(14) (13 15) (9 15) (6 16) (17 19 21 22) NIL (14 15) (3) (18 25) (18 23) 
(10) (10 14 20) (9) (20 23 26) (19 27) (11 17) (25 30 35) (11 16 19 21 26 30) (22 24) (21 23) 
(13 16 32 35) NIL (25) (39) (17 26 30 40) (27) (13 19) (23 26 32 43) (13 20 27 38 45) (9 11) 
(48) (25 38) (31) (29 48 53) (6 46) (47) (31 37) (11 26 28) (47 51 58) (25 32 35 56) 
(34 51 52) (26 50 55) (49 51) (23 56) (17 18 22 34 46) (29 61) (31 60) (57 60) (41 59) (44 48 64) 
(63) (47) (58) (35 42 54 70) (40 56 69) (49) (21 44 53 62) (38 43 56) (38 77) (16 26 37) 
(10) (56) (35) (53 61) (44) (36 37 56 84) (85) (60 65 84) (35 36 48) (58 84) 
(39 71) (76 80 81) (72 74) (69 70) (9 25) (71 93) (41 70) (47 61 71) (92) (28 62 65 84 96) 
(50 65 80 89) (41 58) NIL (61 94) (48) (36) (57 74) (57 79 92) (84) (40) 
(70 85 103) (111) (80 104) (23 39 55) (43 47 99 106) (60 65 83) (24 41 66 92) (96 115) (71 72) (49 109) 
(101) (50 61 69) (24 75 106) (118 121) NIL (75) (25 41 45 85) (91 99 126) (56 90) (96) 
(81 111) (69 93) (22 34) (109) (44 55) (33 89 94 99) (38 53 82) (33 47) (33 74 120) (105) 
(104) (81 122 130) (32 43) (139) NIL (81 101 130) (60 73) (76) (71) (30 58 135) )