(NIL (1) (2) NIL (3 4) (5) (6) (7) (7) (3) 
(8) (7) (8 9 10) (12) (9 10) (11 14) (9 14) (12) (11 12) (11 13 17) 
(11 13 18) (11 14) (8 17) (8 18) (16 18) (17) (23) (4) (22) (9 22) 
(10 11) (21) (32) NIL (9 10) (22 34) (27 28 31) (22) (16 28) (35) 
NIL (36) (1) NIL (20 27 41) (20) (18 20 40) (29 45) (15) (21 24 36 37 48 49) 
NIL (21 30) (32 40 46 49) (26) (48) (17 38) (25 36) (27 38 39) NIL (16 24 33 56) 
NIL (34 43) (19 31 59 60) (15 35 58) (44) (18) (50 53) (19 32 44) (58 65) (17 61) 
(48 57) (26 48) (48 53) (18 26 42 49 62) (28 55 74) (13) (24 26) (37 53) (60 71) (19 50) 
(26 69 79) (47 65) (69) NIL (71) (37 64) (32 86) (27 60) (70) (34 72) 
(72) (79 80 84) (51 52 60 76) (46 56 82) (39 44) NIL (17) (14 21) (92) (69 75 77) 
(93) (52 99) (58 73 82 101) (40 68) (15 21 76) (29 36) (15 91 93) (39 77) (69) (19 89 93 96) 
NIL (87 101 110) (80) (13) NIL (42) (82) (33 42 56 72) (37) (15 23 54) 
(19 62 86) (30 53 59) (66 76 82 121) (74 122 123) (92 107) (63 78 88 103) (85 102) NIL (46 72 89 104 111) (69 112 118) 
(70 125) (69 72) (85 101 108) (99 125) (28 42 82) (80) (45 116 119) (21 28 120) (31) (47 90 98 113) 
(54 68) (58) (55 136) (24 87) (107 113 130 136) (58 74 85 104) (131) (122) (46 114 116 143) NIL )