(NIL (1) (2) (3) (4) (3) (4 6) (7) (5) (6 9) 
(10) (9) NIL (10) (3) (7 10 15) (12) (16) (10 15) (15 17) 
(8 16 17) (21) (14) NIL (10) (1) (16) (5) NIL (22 24) 
(9 24) (25 31) (22 31) (10 15) NIL (21 34) (14 21 27) (19 20) NIL (19 24) 
(14 28) (21 35) (30) (11 26 31 37 41) (29 37) (32 36) (29 40) (32 43) (13 38) (19) 
(35 36 43) (45) (36 45) (49 51) (19 45) (30 35 41) (18 45 48) (50) (16 25 35) (44 48 50 56) 
(52) (32 51) (35) (14 29 46 48 62) (23 26 47 58 64) (10) (50 54 61) (48 59) NIL (23 26 31) 
(23 41) (64 70) (13 57 63) (58 60) (25 34) (33 44 52 64) (72) (30 32) (76) (6) 
(44) (55) (52) (34 81) (40 44) (50) (54) (39 45 60) (66 76 82) (60 64 68) 
(12 26 63 75) (33 42 55 66 69) (6 63) (20 46 68) (28 39 64 70) (33 77) (33 44 71 72) (20 55) (39 56 75 83) (62 71 85) 
(43 86) (39 54 68 97) (57) (27 94) NIL (42 54 104) (14 39) (73) (108) (49 63 92) 
(10 17) (58 95 104 111) (76 88 112) (113) (18 48 107) NIL (40 67 90 116) (54 61 84) (27 96) (25 49 61) 
(17 47 75) (42 76 102 103) (82 104) (88) (60 122) (27 32) (47 63 115) (62 67) (101) (67 118) 
(101) (4) (66 73) (81) (76 84) (73 82 95) (77) (119) (78 118 136) (23 40) 
(131 137) (64) (20 21 107) (48 69) (143) (36 74) (111 131 137) (55 113 126 140) (67 85 102 105 124) (40 129 147) )