(NIL (1) (2) (3) (4) (5) (4) (6) (7 8) (5 7) 
(9 10) (9 10) (11 12) (13) (13) (13) (13) (15) (15) (19) 
(8) (18 19) (17 21) (21 22) (13) (19 25) (24 25) (14 15 16 21 25) (14 27) (11) 
(15 25 30) (20 27 28) (14 25 30) (5) (17 32) (23 27 30) (26 30 32) (36) (18 31 33) (23 32) 
(16 23 24 25) (31 33 35 37) (29 42) (24) (42) (18 20 23 31) (33 37 46) (34 45) (45 47) (45) 
(50) (26 29 34 36) (35 47) (40 52 53) (36 40 53) (46 51) (49) (41 55 57) (19 28) (45) 
(45) (47 51) (58) (31 35 44) (51 58 61) (29 34 41 53 61) (56 63) (53) (52 55 59) (54 55) 
(39 43) (49 52 53) (40 49 53 64) (17) (60 63 66 71) (48 57) (29 65) (38 42 52) (59 70 73) (54 75) 
(34 51 58) (64 65 70) (39 72 78) (8) (65 72 75) (55 66) (64 69) (69 73 75) (81 87) (48 69 75 81) 
(62 66 74 83) (32) (76 88) (73) (67 71) (85) (29 55 73) (39 51 58 59 73) (48) (83) 
(51 64 66 100) (78) (71 72) (63 68) (76 78 85) (102) (80 102) (18 31) (54 83 106) (67 74 86) 
(87 96) (58) (40 48 59) (64 90 91) (70 74 88 89 100) (75 86) (43 86) (38 68 76) (81 108) (48 91 97) 
(76) (63) (63 100 113) (60 62 97 119) (74 87 102) (85 87 94) (74 105) (60 74 102) (56 88 123) (85 114) 
(126) (85 107 116) (130) (102) (48 80 91 94 116) (93 133) (84 100 136) (79 98 120 122 125) (43 60 81 98 118) (84 92 94 96 107 114 116 139) 
(125) (77 92 114 123 124) (68 82 124) (129) (82 124 130) (86 89 127) (86 121 137) (68 82 127 133) (56 97 123) (148) 
(86 88 142 150) (131) (125 150) (92 99 110 138) (60 89 138) (65 101) (63 124) (66 68 77) (60 63 69 71 79) (148) 
(112 141 151) (124) (96) (89 91 96 124) (123 128 138 153 160) (140 162) (144 155 161) (142) (140 143 150 164 168) (111 150 154 166) 
(92 111 138 152 163) (128 153 162) (62) (147 170) (145) (104 118 129 141 151) (176) (77 82) (51) (101 155) 
(107) (41 87) (172) (76 109 173) (69 123) (119 134 139 165) (128 129 131 180) (91 95 97 152) (108 135 187) (99 127 138 144) 
(29 41 55) (107 128 151 157) (101 169 179 181 188) (143 153 178) (95 174 189) (56 79 101 115 153 178) (98 136 146) (34 45 53 108) (48 75 81 87 109) (132 151 171 179 194) 
(133 135 139 163 190) (49 141) (107 131 172 182) (80 88 110) (110 155 200) (93 165 189) (129 131 137) (193 206) (86 128 194) (172 198) 
(105 117 179) (105 117 171) (56 77 120 124 197) (59) (68 80 95 129 197) (172) (107 126 160 161 176 178) (172 178 212) (132 187 192) (109 169) 
(169 212 217) (135 173 185) (215) (117 167 173) (146 149 189 192 216) (70 123) (56 86 155 165) (189 193 224) (113 143 173 180) (153) 
(156 166 189) (92 158 203) (107 201) (88 193) (187 193) (198 228) (135 177 212) (190 204 223 235) (146 156 157 165 224) (177) 
(96 196 232) (118 183 223) (135) (143 214) (220) (169 174 182 183 185 187 194 226) (99 129) (217 226) (145 154 177) (62 116) 
(167 223) (146) (149 167 243 245) (121 186 199) (117 135 177 194 238) (211) (237) (147 165 170) (51 202) (115 169) 
(149 207 219 245) (177 191) (187) (205 251) (211 257) (184 188 195 212) (134 229) (111 147 224 233) (186 208 266) (159 161 182 260) 
(173 219 253 264 270) (107 237) (254) (131 214 224 248 259) (140 173 177 187 243) (272) (138) (178 215) (182 266) (190 271) 
(107 180) (155 198 203 212) (130) (206 207 219) (262 265 271) (106 218 251 278) (197 209 210 234) (142 202 242) (99 136 180 191 209 237) (157 173 205 257) 
(196 237 256) (159 184 227 289) (251 290) (164 199 200 258) (77 171 174) (168 190 232 248 293) (134 207 217 240) (144 223 258 297) (79 115 137 141 182) (112 245 287) )