(NIL (1) (2) (3) (3) (4) (6) (2) (7 8) (6 8) 
(8) (8) (9 11 12) (5 13) (4 12) (6 12) (10 14 15) (17) (17) (14 15) 
(19 20) (14) (16 18 21) (19) (18 19) (9 15) (20 24 26) (23) (18 22 24) (23 26 29) 
(27 30) (21 22 25) (30) (33) (25 26) (22) (22 25) (28 29 36) (38) (16) 
(18 24 36 40) (38 40) (28 33) (25 39) (27) (31 33 45) (30 37 44) (34 43 46 47) (31 38) (39) 
(34) (27 38) (47) (44) (34 49) (23 35) (37 49) (27 32 40 43 51) (37 55) (42 48 51) 
(41) (39 40 55) (35 60) (48 49) (40 64) (53 57) (34 45 50) (45 62) (32 33 35 41 53) (44) 
(43 70) (25 29) (54 61 62 66) (59 60 68 69 72) (53 61 64) (33 38) (48) (57 68) (52 63 75) (50 73 76) 
(46 73) (48 81) (44 51 62) (45 66 70 76) (58 71 79) (74) (57 63 64 67 86) (35) (60 68 75) (20) 
(84 87) (60 67) (73 86) (48) (44 78) (64 68 69) (35 84 89) (42 78) (46 80) (50 61 65 78 83) 
(77) (50 57 58) (67 98) (33 90) (74 99 100) (63 92 96 97) (67 93 95 104) (59 99) (32 46 61) (81 85 109) 
(108) (59 102) (80 87 93) (78 82 94 108) (41 56 62) (23 88) (65 96) (52 81 100) (107) (88 94 108) 
(72 76 85 94 104 115) (91 106) (39 49 109) (48 49) (75 92 105) (56 88 98 113 125) (95 125) (75 101 105) (86 118 125) (71 120) 
(87 102) (105 122) (75 90 98 105) (52 67 86) (93 104 130) (97 114 116 120) (77 122 127 136) (76 83 90 92) (33) (56 89 105) 
(77 106 117) (73) (98 101 120 125) (101 120 122) (131 140) (93 132 141) (125 128) (110 125 128) (91 109 135) (128 135 142) 
(107 143) (56 97 100 112 135) (56 65 80 116 119 122) (113) (23 41) (73) (56 75 78 84 104 138) (79 95 141) (102 136 146 154) (73 78 155) 
(101 116 145 155) (135 141 154) (89 121 139) (51 94 95) (52 70) (52 113 135 153) (77 94 98 105 139 154 160) (59 80 165) (81 103 143) (58 118 127 132) 
(63 92 152) (103 118 128) (74 97 103 123) (95 130 133) (57 89) (114 119 121 170) (131 133 139 165) (96 102 134 163) (107 167) (71 82 108 173 175) 
(104 154 160 180) (42 68 84) (114 177) (51 72 101 155) (103 112 178) (163 166 169) (150) (87 112 129 130) (150 179) (143 170) 
(58 76 81 86) (115 133) (124 145 159 171 187) (59 63 77) (69 118 130) (104 122 124 155 164 174 183) (82 139 144 148 151) (178 186) (91) (112 168 195 198) 
(151 175) (125 161 162) (89 128 174 194) (151 169 187 189 202) (81 123 153) (110 163 166 177 202 203) (163 201) (202) (177) (82 128 171) 
(123 142 143 144) (132 182 185 194 200) (154 195) (82 83 102 166) (136 173 177 212) (74 78 108 155) (69) (126 133 143 180 189) (115 140 218) (157 178 184 193 196) 
(164) (123 161) (123 212) (95 96 173 213 216) (79 132 149 184 208) (56 143 147) (108 131) (174 200 213 225) (79 150 196) (52 218) 
(70) (63 115) (137 171 188 191 199 224) (113 130 151 183) (127 157 178 203 209) (147 181) (119 202 219) (192 215 216) (147 214) (126 169 176 214) 
(138 141 171) (209 211 219) (153 236) (111 151 168) (149 206) (205 236) (179 200 220) (115 124 152 153 189 197) (103 126 216) (103 124 192 207 208 216) 
(111 179 192 196 226 239) (114 209 214 219 245) (176 211 214 216 243 247) (184) (232 235 237) (205 226) (199 211 215 237) (111 126 199) (186 254) (110 124 136 145 239) 
(193 196 215 243 245) (119 138 143 144 191) (67 81) (115 119 122 143 161 188 194) (109 152 187 244 258) (175 182 211 247) (131 143 241) (68 75 120) (94 141 209) (176 189 201 208 269) 
(209 227) (86 94 182) (110 117 154 200 232 258) (132 179 192 233 273) (117 123 134 184 248) (251 274) (146 149 162 178) (115 262) (228 248) (115 141 234) 
(106 115 230 265) (123 182 220) (123 206 220 241) (191) (85 147 161 167 195) (149 163 165) (136 182 187 198 227) (147 235) (266 279) (112 126 139) 
(146 227 245 259 281) (208 211 241) (150 157 238) (144 145 180 293) (145 165) (172) (156 229) (142 185 221 236) (225 263) (204 206 211 297) )