(NIL (1) (2) (2) (3) (5) (4 6) (7) (8) (7) 
(7) (10 11) (12) (8 13) NIL (6) (12 15) (14 17) (9 10 15 16) (14) 
(18) (13 19) (8 13) (23) (17 19) (19 20 24) (17 26) (19) (21 22 24) (16 18 24) 
(27 28 30) (31) (21 25 27) (8 16) (22 25 31) (25 26 29) (11) (31 34) (32 33 37) (29 31) 
(33 34) (40) (39) (21 25 27 30) (21 32 35) (30 36) (17) (25 40) (45) (31 47) 
(34 36 40) (35) (31 36 41) (42 50) (33 36 38 45) (39 41 48) (32 42) (35 36 56) (33 34 44 54 57) (50 51 55) 
(20 21) (43 45 48) (52 56 59) (28 30 41 47 61) (44 46 49) (29 44 45) (38 58 63) (36 64) (44 55 62) (44 48 57 68) 
(38 47 49 53 57) (63 66) (67) (43 51) (44 46 60 71) (45 63) (46 59) (43 77) (67) (55) 
(45 70 78) (46) (53 79) (60 79 81 82) (66 79) (52 55 70) (71) (41 52 61 69) (60 71 73) (76 80) 
(89) (49 74 82 90) (59 60) (65 66 81 91) (41 65 93) (69 78) (60 65 83) (69 78 97) (69 81 85 97) (91) 
(81 85 89 92) (44 49 54) (74 81) (46 80 83 88) (45 53 57) (90) (66 81 97 105) (84 94) (90 91) (66 70 71 77 95) 
(62 109) (74 99) (66 75 80 91) (87 110) (83 110) (72 87 91 115) (86 95 99) (69 109) (72 92 96) (84 85 111) 
(82 91 104) (74 82 104 106) (75 83) (40) (100 107 111) (53 58 92 96) (93) (60 104) (64 90 128) (65 100 109 129) 
(76 98 117) (102 114 125) (95 106) (75 83 126) (68 72 95 130) (22) (72 108) (58 95) (116 126) (74 114 117) 
(76 104) (119) (34 36) (76 94 103 117) (84 94 101 126) (98 112 119 132) (50 88) (127 132 140) (146) (65 73 79) 
(84 88 123 131) (88 97 106) (115 131) (81 136) (135 150) (74) (133 136 145 146 147) (65 103 111 121) (86 98 135) (83 113 156) 
(94 148 154) (148) (118 133) (75 148 150) (75 145 152) (72 94 147) (93 112) (51) (129 139 163) (90 128 154) 
(155) (59) (102 115 131 152 159) (120 121 155) (120) (85 122 128) (108 123 156 171 172) (140) (81 128) (114 123 167) 
(151) (78 115) (118 129 157 170 180) (113 142 155 162) (51 76 86 150) (115 161) (135 152 157) (151 160) (86 171) (188) 
(78 85 111) (142 153 190) (130) (119 121 163) (100 121 139) (140 165 172) (112 139) (113 173 189) (114 116 166 190) (164 166 174) 
(107 138 171 174) (84 112 142) (96 130 133) (108 141) (84 128 162) (67 92) (145 180 188) (140 180) (100 129 151) (122 128) 
(122 180) (195 205) (137 180 181) (145 198 213) (75 130 148) (212 214) (144 146 215) (141 157 171 182) (95 145 166) (93 123) 
(180 217) (151 179) (124 171) (65) (139 144 218) (170 173 219) (133 184 192) (179 190 214) (74 125 182 193) (128) 
(137 203 206 215) (113 121 134 167 172) (173 205 221) (108 115 143 181 205 207 223) (101 181) (133) (150 199 229 233) (172 229) (225) (130 169 175) 
(146 147 198 207) (124 193 216) (143 196 224) (161 167) (142) (143 209 244) (167 173 193 204) (102 107 122 152) (118 188 209 211 218 233) (195 229 234 241) 
(48 68 172) (161 192) (85 114 229) (162 192 219 239) (164 199 232) (171 193 202 233) (160 168 256) (254) (165 168 178) (119 175 179 234) 
(119 234) (181 196) (137 175 209 220 236 243 248 253) (200) (144 173 199) (179 233 242) (95 118 204) (159) (108) (139 224) 
(119 158 267) (228 249) (122 182 245 251 261) (249) (138 257 274) (213 215) (275) (237 239) (120 253 275) (226 257) 
(204) (189 196 221) (118 214 241 268) (83 124) (158 220 228 243) (158 254 282) (168 173 202) (116 117 201) (285) (163 182 203 268) 
(144 227 285) (155 158 159) (193 211 243 258) (138 258 268 278) (134 197 201 210 214) (134 201) (104 114 156 163 166) (199 220) (181) (165 221) )