(NIL (1) (2) (3) (4) (4) (5 6) (7) (8) (6) 
(7) (8) (9 12) (10 13) (10) (9) (16) (10 11 13 17) (11 15) (13 17 19) 
(14 20) (15 18) (13 19) (17) (20) (20 22) (8 19) (14 24 27) (21 24) (21) 
(20) (24 26) (21 23 28) (25 26) (14 22) (29 31 32 34) (33) (22 37) (18 37) (38) 
(40) (32 39 41) (41) (41) (38) (27 31 35) (32 44 45) (39 45) (34 48) (26 44 48) 
(30 36 46) (30 31 42 47) (51 52) (23 51) (43 53) (47) (55 56) (34 45) (54 57) (53 56) 
(56) (42 50) (49 62) (57) (57) (26 43) (50) (43) (64 65) (55 61) 
(63) (48 58 59) (25 46 52) (63) (62 72) (67 68 70) (54) (51) (60 78) (50 73 77) 
(52 68) (53) (69 71) (72) (60 61 74) (50 54 82) (59 63 78) (66 86) (25 43) (71 87) 
(75) NIL (79) (59) (85) (54 57 61) (57 70) (32 50) (94) (67 88) 
(74 79 96 99) (57 68 85) (43 51) (100) (61 80 88 92) (64 86 87 93 102) (57 63 73 79) (76 88 97 102) (62 86) (32) 
(80 84) (109) (64 70 89) (36) (65 66 82 94) (57 62 86) (80 108) (95 108) (67 86 107) (84) 
(102) (72 115) (86 90 115 121) (65 74 78 89 96) (99 124) (89 111 123) (105) (80) (60 81 90) (125) 
(64) (90 112) (98) (61) (122) (126 131) (63) (76 81 85 120) (71) (115 130 132) 
(57 60 105) (69 98 131) (107 126) (69 89 118) (92 103 108 119 143) (79 102) (58 140) (96 116) (77 104 124 135) (131 132 145) 
(71 87 93 131 141) (116 136) (61 66 75 93 133) (111 112 127) (97 140) (98 120 122 152) (83 109 125 141 156) (69 99 122) (103 112 125 135 152) (95 156) 
(139 145 153) (58 89 108) (122 126 140 153) (79 147) (133 147 150 155) (75 160) (107 157) (101 161) (47 133) (67 164) 
(112) (106 107 125) (112 166 168) (54) (100 147) (119 120 134 135) (128 133 139 176) (155 159) (113) (79 84 116 134 140) 
(125 153) (105 136 181) (147) (97 101) (70 146 175) (103 156) (81 127 161) (63 110) (90 134) (151 168) 
(95 137 162 163) (183 188) (145 159 180 183) (164 190) (170 177 184 189 191) (169 190) (176) (110) (120 127 193) (160 169 176) 
(145 177 181) (92 158 159 177 179) (106 114 144 167 170) (114 199) (71 105 106 108) (190 195) (120 140 190) (83 102) (65 82) (67 75 92 128 186) 
(161) (76 100 107 154 178 198) (144 195 207) (131 148 191) (129 160 164 210) (127 150 170 182) (101 128 144 151 175) (150 205 208) (71 77 92) (157 171 188 213) 
(70 164 176) (216) (157 172) (136 177) (73 74) (202 209 220) (152 158 195) (139 146 175 179 218) (81 85 105 180) (106 157 163 208) 
(69 114 160 185) (122 185 194) (110 202) (169 213) (199 225) (179 223 235) (197 213 218 223) (118 159 179 192) (221) (91 117 210 212 238) 
(206 220 239) (159 197 230) (194 201) (203 226) (95 158 204) (70 215) (157 204 214 232) (139 152 154 163 216) (191 223 229) (136 228) 
(170 193) (162 236) (201 246) (252) (193 207) (165 213 228 248) (194) (150) (165 190 233) (81 183 214 242 256) 
(100 154 208) (177 238) (125 168) (260) (75 138 228) (226) (248) (211 264) (104 267) (102 120) 
(165 172 194 196 204 210 244) (244) (65) (226 235 239 242) (239 271) (81 91 114 170 209 211 212 252) (110 196 200 213 246) (165 193 267) (216 229) (198 249) 
(146 266) (167 173 208 232) (221) (120 172) (91 260) (135 139 147) (204 212 239) (182 212 270 280) (87 113) (67 79 166) 
(216 275) (159 174 201 286) (138 208 212 236 246 249) (100 155 201 220 246) (227 234 243 260 291) (259 289) (198 253 290) (244 293) (165 266) (215) )