(NIL (1) (2) (3) (4) (5) (5) (7) (6 8) (8) 
(6) (6 8) (9 11 12) (10 13) (9) (4) (14) (13) (11 15) (10 18) 
(12) (20) (5) (14 20 21) (15 17 20 23) (16 17 23 24) (17 19 21) (25 26) (19 22 28) (15 22) 
(22 25) (19 22 25) (28 32) (17) (23 24 30) (28 31) (29 32) (36 37) (35 38) (13) 
(11 23) (29) (15 24) (39) (33 41) (33 38 40) (44 46) (27 47) (44) (42 49) 
(48) (44) (44) (48 49) (27 40 45 52) (43 45 47 52) (55) (27 41 50) (38) (47 50) 
(58) (54 61) (55) (57 58) (44) (27 31 35) (56 59) (41 54) (42 53 56 68) (64 66 68) 
(43 50 54 57) (46 58 63) (43 63) (59 63 68) (69) (61 65) (53 61) (67 77) (64 75) (59 61 65 69) 
(64) (46 65 73) (54 56) (58 60) (17) (64 77 80) (60 71) (24) (37) (76 82) 
(51 59 66 77) (72 81) (51 65 71) (71) (64 69 93) (73 80 81 87) (78 86 95) (63 97) (70 95) (59) 
(60 100) (53 63) (61 83 85 88 92 94 101) (56) (67 80) (78 92 95) (67) (63 67 95) (66 71 74 85) (87 94 98 101) 
(66 75 90 104 108) (110) (98) (83 111) (58 69) (61 79 109) (72 94 97 104) (78 92 93) (57 104 107) (81 83 84 110) 
(78 109 114 119) (73 79) (100 116) (62 98) (63 67 101 115) (62 91 92 116) (96 113) (110 115) (96 105) (78 107 122 126 129) 
(94) (128) (91 94 95 107) (89 99 105) (67) (34 133) (56) (95 129 137) (65 91 102 103 104 135) (81 123) 
(131) (92 99 111) (98 105 106 133) (78 107 141) (95 122) (98 115 121 134 138) (80 133) (74 101) (78) (107 115 120 148) 
(51 115) (98 144) (124 151) (53 57 66) (70 127 130 135 143) (95 103 122 131) (88 146 151) (102 109 117) (153) (84 145 153) 
(127) (42 53) (90 109 137 162) (84 112 121 136) (83 89 96 102) (74 99 124 129) (104 116 136) (87 133 137 139 149) (117 131 155) (110 118 141) 
(128 136 153) (110) (126 170) (117 164 168 171) (156 159) (140 147 153 157) (114 165) (74 110 117) (104 166) (68 89 139) 
(61 101 135) (139) (94 99 107 129) (70 133) (135 146 160) (123) (84 89 103 143) (118 157 158 159) (125) (126 129 139 147) 
(150 156 176) (107 109 111 160 172) (156) (34 74 120 175) (120 159 161 163 182) (105 144 168) (123 138 154 164) (122 181 184 188) (155 175) (139 159 179) 
(199) (74 160) (120 127 130) (103 153) (186 195) (81 158 172) (118 143 174) (91 163 188) (117 199) (111 113 173) 
(198) (183 204) (155 182) (151) (105 106 151 181) (128 129 170 192) (125 205 215) (162 191) (159 166) (144 174) 
(188) (112 152 157 161 167 179) (133) (122 159) (203 205 211) (150 171 198 213) (157 158) (156 159) (195 207) (113 143 227) 
(113 120 146 147) (183) (152 167) (82 85 127 129) (168) (184 199) (227 235) (90 184 232) (123 147 161 166) (227) 
(176) (108 156 205 215 219) (190 220) (94 96) (191 227 236) (162 197) (122 229) (145 198 218 219) (223 231) (120 176 233) 
(230) (142 150 167 186 249) (155 178 205 241) (92 152) (192 224) (218) (142 168 178 234 255) (185) (120 123 132 143 164 175 202 211) (169 222) 
(166 181 207) (113 130 182) (87) (203 261) (239 252) (140 156 249) (112 143 153 244) (152 191 238) (186 257) (84 138 177 233) 
(127 166 221) (265) (107 127 177 179) (175 177 189 223) (170 189) (253) (184 235 265) (171 256) (75 97 180) (156 221) 
(259) (134 170 199 279) (156 162 181) (214 241 268) (175 240) (234 275 284) (169 243 247) (83 181 254) (146 162) (110) 
(214 256) (189 197 240) (154 199 214 280) (187 280) (53 84) (197 252) (233 279) (170 280) (173 190 223 293) (226 239 279 288) )