(NIL (1) (2) (3) (4) (5) (6) (7) (7) (9) 
(10) (8 9) (8) (11 13) (5) (14) (14) (12 15 16) (18) (12 14) 
(19) (17) (19) (17) (22 23) (24) (21 24 25) (25) (17 19) (20 27 28) 
(21 29) (30) (29) (26 33) (25) (25 33) (36) (9) (32 33 35) (28 33) 
(25 31 38) (26 35) (35 40 41) (19) (20 22 31) (39 42 43) (21 22 33) (31 32 35) (42) (32 34) 
(30) (42 51) (26 27 43) (48 49) (27) (31 36 51) (25 47) (49 53) (42 43 44) (52) 
(54) (29) (30 49) (43 51 63) (35 44 56) (46 54) (52 53 57) (66) (38 49) (66) 
(37 45 54) (53 57 64) (38 42) (65) (64 67 68) (46 54 72) (48) (34 66 67 74 77) (66) (27 43 69) 
(75) (72) (20 25 34) (62 80) (64 70) (48 52 65) (73 75) (61 75 82 85) (14) (53 60 61 66 73) 
(71 88) (65 75) (82) (55 68 90 93) (75 82 84) (84) (50 83 88 96) (87 88) (34 63) (37 55) 
(50 62 81 94) (84) (91) (79 81 85 87 94) (55 60 61 81 96 99) (60 63) (106) (45 78) (107) (81 94 108) 
(78 89 91 96 100 101) (70 75 109) (110) (86 111) (50 61) (55 59 108) (62 65 87) (59 114) (109 113) (50 63 108) 
(86 87 91) (85 113) (88 117) (73 95) NIL (50 65 87 100) (76 88) (45 58 62) (99 107) (71 76 104 110) 
(130) (68 70 115) (79 110) (108 117 121) (107 117) (85 95 129) (45 59 132) (50 59 77 96) (134) (77 87) 
(137) (60 103 134) (113) (83 116 130) (124 129) (83 88 100 138) (55 57 83) (112 135) (97 100) (100 101 119 135 145) 
(76 116 139) (133 136 143 148) (47 59 68) (76 78 123) (98 107 111 134) (79 85 86 140) (135) (89 97) (114 125 126) (58 101 112 142) 
(91 97 122 143) (113 138 153) (65 83 132 145) (50 70 78 94 100) (89 94 129 151) (100 104 137 138) (93 124 142) (105 119 127) (103 115 155 159) (111 115 124 135 138) 
(41 65) (123 127 133 158) (114) (69 110 112 115 154) (14) (76 104 116 132) (143 170 174) (139 143 148) (111 141 150 151) (132 153 159) 
(127 153 160) (116) (58 126 150 162 174) (104 174) (98 107 175) (132 148 182) (83 128 156 174) (167 168) (89 99 146) (133 143 167 170 175) 
(124 152 156) (105 113) (94 97 100 120 137) (97 106 126) (150 155 161 166) (114 130 155) (97 125 175 183) (161) (92 123 140 148 192) (176 179) 
(185 187) (161 185) (58 115 188) (130 190) (154 161) (172 175 203) (111 161 164 166 183) (102 147 197) (93 142 146) (145 158 190) 
(71 132 152 187 199) (114 153) (95 129) (97 180 190 211) (114 141) (118 149 211) (79 122 141 170 209) (98 153 217) (157 207) (45 74 115 185 213) 
(154 179 182 198) (141 195 206) (91 125 132 135) (89 160 202) (162 176 190) (172 173 214) (98 179 213 216 226) (171 197) (164 184) (160 165 216 228) 
(197 219) (208 217) (169 183 222 224 225) (98 114 152 193 219) (135 188 212) (122 164 189 191) (152 169 178 194 197) (208) (189 202 204) (133 169 195 197 215) 
(97) (195 236) (92 143 149 164 208) (205 233) (192 195 221 239) (157 205) (179 217 224 242) (152 188 194) (230 247) (121 146 229) 
(216) (217 248) (85 162) (177 215 246) (58 158 254) (158 184 195) (230 237) (235 239) (244) (164 257) 
(168 229) NIL (114 247) (219) (92 157 178 195) (148 181 198 243) (102 211) (98 180 254) (236 238 265) (227 258 260) 
(206 243) (105 134 176 187 191 207) (225 232 249) (132 144 164 197) (167 268) (130 167 215 250) (165 217 267 268) (120 223 270) (175) (52 76) 
(181 249 270) (154 170 224) (125 247 251) (196 199 259) (249 259 276 279) (112 121 215) (102 272) (8) (227 258 279) (129 131) 
(158 161 215) (180 252) (162 169 182) (98 187 189 192 207) (223 245 271) (227 250 274 292) (104 215 238) (104 221 243) (253 281) (270 286) )