(NIL (1) (2) (3) (3) (4 5) (4) (6 7) (6 7) (9) 
(8 10) (7) (8 12) (11 13) (14) (14) (14) (8) (14) (16 19) 
(15 17) (20) (21 22) (17 18) (20 24) (15 20 24) (19) (16) (28) (22 28) 
(23 24 28) (27 29 31) (24 30) (25 29) (33) (23 34) (10) (11) (32 37) (30 36) 
(26 33 38) (25 27) (32 38 40) (39 42) (42) (43 44) (46) (26 43) (15 22 25) (36 42) 
(15) (49 50) (47) (40) (26 46) (33 48 54) (44 56) (41 47 49 50) (23 35 41) (26 53) 
(40 44 50 59) (8) (51 57) (35 52) (51 58) (40 50 59 62) (48 62) (45 52 65) (46 56) (21 41 42) 
(21 51) (56 60) (53 55 61 65) (47 48 54) (18) (53 75) (46) (55 63 64 68) (62 73) (63 66) 
(23 28 38 51) (59 78) (56 74) (48 77) (35 56) (64 84) (72 84 85) (62 78 85) (84) (76 79) 
(45 49 70) (74) (54 66 90) (60 66 67 74 79) (62 70 86) (52 93) (69 87 90 94) (45 49 56 59) (47 67) (61 89) 
(72 81) (50 74 84) (64 68 98) (52 71 75) (56 58 77 91) (87 88) (35 45 48 60) (67 74 88) (53 59) (67 95) 
(70 88 96 97 104 109) (70 90 98) (61 82 89) (57 94 112) (60 113) (41 43 71) (53 63 65 116) (63 84) (72 96) (95) 
(43) (48 73 104) (89 97 101 104) (35 121) (80 85 98 100) (79 124 125) (58 86) (81 108 117) (119 124) (47 51 54 84) 
(60 105 110) (66 115 116) (91 100 123 128) (63 70 92 101 119 121 130) (103 123) (53 61 63 71 98) (59 87 118) (57 73) (65 75) (64 100 117 123) 
(41 60 62 85) (98 116 134) (78 79 107) (107 138) (97) (102 121) (83 99 113) (72 94 115) (100 103 109 131) (125 145 149) 
(71 73 89) (81 111 116) (94 100 108 127 147) (68 97 100 120 129 134) (108 147) (150) (96) (69 109) (140 153) (68 136 157) 
(94 96) (135 159) (94 95 96 98 113) (144 147) (87 139 151 153) (133) (80 116 141 160) (106 164) (114 120 131 138) (96 113 120 135) 
(60 105 147) (154 164) (116 118 143 145) (104 142 157 161) (120 123 151 168) (166 169) (101 153 168) (81 97 115) (115 173 176) (140 157) 
(106 118 133 141 172) (112 143 162) (119 123 131 165) (120 164 165) (48) (150 163 164 171 176) (103 143 157 181) (124 142 184 186) (137 151) (110 142 155) 
(170 186) (191) (124 159 163) (45 117 137) (98 140 183 184) (115 125 144 165 190) (123 143 161) (112 123) (142) (107 125 142) 
(86 88 124 135 136) (133 158 198) (100 130 147) (139 159) (106 164) (106 117 156 173) (184 197) (78 93 131 144 198) (176 193) (102 177 178 206 207) 
(150 178) (131 132 147) (146 166) (144 149 209 213) (121 157 166) (91 115) (116 120 157) (64 129) (158 176 216) (129 153) 
(132 139 156) (119 162) (113 156 174) (145 166 169 181) (65) (199) (197 204 224) (148 154 182 184 185 186 208) (146 165 178 223) (93 158 189) 
(155 171 175 193 197 202) (125 203 214 220) (126 150 190 213) (207 215 230) (171 200 202) (179 186 232) (129 225) (210) (111 172 194 210 213) (114 147 167 206 230) 
(208) (182 205 227) (129 176 198 230) (122 125 172 209 219) (124 167 179 217) (165 209) (103 144 219) (127 202) (134 175 209) (166 196) 
(120 211) (195) (154 199 207) (119 215 251) (144 176 220 225) (131 202) (177 199 236) (123 136) (140 172 176 177) (110 142 144) 
(126 227 241) (187 222 243) (187 212) (186 196 242 258) (102 114 181 230 251 253) (95 125) (200 251) (121 133 136 170 175) (111 175 245) (174 191 238 243) 
(139 269) (265) (203 206 262 265) (80 100 112) (143 156 175 189 214 244) (111 136 158 165 220) (158 163 199 227) (179 216 230 266) (118 167 184 204) (196 222 270) 
(156 175) (87 132 157 274) (114 215 233 252) (202 211 240 271 283) (115 147 150) (238 239 241 258) (99 245) (103 126 148 185 195 219) (228) (205 227 239) 
(158 261 271) (140 187 192 245 250) (88 107 117 123) (122 235 257) (146 228 241 244 256 271) (148 229 234 243) (222 233) (119 189 214) (148 253 263) (219 255 270 289) )