(NIL (1) (2) (3) (3) (5) (4 5) (6 7) (8) (4 6) 
(9 10) (9 10) (9 10) (8 10) (13) (11 12 13) (15) (11 17) (11 15) NIL 
(14 16 19) (20 21) (14 18) (15) (14 17) (12 18 24) (16 23) (21 23 24) (28) (17 22) 
(19 23) (22 27 29) (28 31) (22 29) (30 32 33) (22 31) (26 35) (22 24) (34) (36 37) 
(33) (27 31) (25 40) (31 32 34) (41 43) (18 30) (45) (45) (18 22) (48 49) 
(43) (49 51) (42 50) (50 51) (38 54) (39 54) (44 52) (44 52) (34 52) (53 54 58) 
(56) (54 57) (56) (40 49) (8) (62) (62) (28 38) (62) (39 43) 
(67) (38 42 59 65) (60 63 69 72) (47) (54) (56 59 75) (69 70) (53 71) (48 64) (77 78) 
(69) (46 60 67) (39 50 72) (61 65 68) (81) (53 63 66) (38 61 63 78) (69 75) (81) (55 61) 
(78) (60 63 79) (89) (79 83 93) (55 56 68) (35) (69 71 82 83) (72 82 86 88 93) (87) (54 58) 
(72 75 80) (47 73 76 79 83 87 91) (56 70 89) (66 96) (65 104) (38 61 88) (104) (56 64 101) (106 108) (73 85 88) 
(59) (68) (58 103) (85 94) (47 53 72) (68 71) (75 79 99) (78) (84 107 111) (80 94) 
(61 112 114 116) (82 86 89 116) (104 108 122) (91 93 100 104) (90 99 115) (73 115) (96 114) (67 86 95 114) (97 115) (98 106 114) 
(48) (60 104 128) (110 129 130) (55 109 121) (111 117 120) (80 87 106) (109 132) (86) (91 133) (63 103) 
(123) (83 123 131) (82 94 96) (64 86) (61 85) (76 125) (100 125 130) (137) (77 124) (120 134) 
(58 136) (143 146) (94 97 98 124) (119 140) (133) (111 132 147 152) (130) (102 114 117) (68 86) (75 84) 
(108 121 149 151) (78 97 126 128 130) (155 156) (91 119) (61 107 110 141) (134 143 148 165) (165) (92 111 140 148) (76 105 126 139 157) (121) 
(39 67) (73 154) (119 123) (139 141) (46 100 102 154) (90 114 135 164 172) (70 81 95) (134 144 173) (142 152) (95 97 104) 
(105 178) (91 131 138 147 155 178) (90 109) (98 128) (79 103 136) (116 133) (105 121 145 160) NIL (91 141 162 170 179) (177 178) 
(73 124 148 177) (144 160 168 169 185) (110 136 168 188) (109 121 141) (71) (112 124 152) (143 186 188) (85 106) (66 71 95 131 143 145) (148 149 163 179) 
(71 115 132) (95 96 122 140 198) (118 202) (133 150 157 202) (87 138) (87 92 98 118 145) (163) (107 109 117 120 147 157) (123 156) (144 172 183) 
(110 151 162 199 201) (55 185) (119) (76 97 100 109) (95 125 138 140 145) (115 127 161 172) (118 186 196 208) (128 134 183 216) (217) (84 208) 
(145 165 171) (139 143 201 210) (63 67 74 111) (145 190 205 220) (90 124 141) (174 211 225) (155 218) (60 94) (158 169 193) (150 179 198) 
(175) (132 170 182 221) (165 179 180 211 220 222) (99 145 168 195) (121 180 191 220) (171 188 233) (167 208 218) (188 228) (136 141 153) (84 135 143) 
(138 217) (118 168 181 208 231) (88 196) (141 169) (112 231) (81 129) (139 159 216 224) (203 205 233) (159 173 179 184 201 221 231 241) (163 226) 
(223 240) (123 219) (167 234 243 252) (200 249) (168 248) (211 230) (206 242) (155 204 241 248) (47 98 124 173 176 199 213) (94 124 210) 
(158 184 216) (173 216) (145 156 220 239) (166 188) (126 196) (77 153) (131 218 221) (176 186 189 255) (252 263) (190 220 226 244 264) 
(154 205 232) (153 164 182 185 257) (103 124 136 148) (192 233 262) NIL (150 160 169 228) (152 155 211 225 234) (58 71 93) (169 176 258) (149 176 182 186 223) 
(139 143 181 186 208 267) (103 133) (98 102) (193 231) (74 153 190 219) (127 135) (164 204 255 276) (23) (74 135 137 155 203 243 263) (213 224 231 235 256 274 277) 
(155 178 253) (166 187 215 289) (103 110 127 160) (227 271 286) (107 158 198) (175 212) (265 266 296) (98 144 148 160 175 176) (276) (150 168 294) )