(NIL (1) (2) (3) (4) (4) (5 6) (7) (7) (8) 
(7) (7) (12) (9 11 13) (9) (11 13 15) (10) (8) (14 16 17) (19) 
(13 15 18) (8) (16) (8 15) (19) (18 20 22 24 25) (26) (15 17 18) (15) (20 25 28 29) 
(23 26 30) (26) (27) (18 20 22) (31) (26) (32) (23 36) (23 25) (29 36) 
(31 40) (40) (21 32 38) (25 29 34) (37 41 42) (30) (34 37) (33 34 45) (47 48) (48) 
(27 45 46) (50 51) (21 35 38) (53) (50) (48) (38 49) (30 38) (53 56) (55) 
(60) (21 52 56 57) (37 53) (47 59) (59) (38 55 56) (63) (47) (55 56 58 67) (60 63 65) 
(59 62) (64 70 71) (51 60) (61 67 71) (73) (23) (56 57 61 75) (60 69) (65 71) (43 49 59 61) 
(44 61 73) (68 79 81) (51) (34 35) (44 49 78) (52 78) (44 77) (46 50) (43 51) (54 74) 
(43 75) (55 65) (46 63 92) (53 60 84) (44 50 58) (69 87 91 94) (54 57 63 83) (47 69 84 92) (43 75 79 83 85 95) (64 86 93) 
(97 99) (34 39 45 54 76) (87 99) (77 92) (96) (39 90) (67 72 79 80) (99) (76 82) (64 71 78 96) 
(21 61 83 95) (74 77 95 107) (61 89) (100 105) (43 61 85 102) (87 106 109) (43 78) (68 103) (46 65 95 117) (50 97) 
(79 96 100) (71 88 97 98 117) (74 82) (85 96) (112 118 119) (118) (76 85) (70 90) (125) (101) 
(79 114) (35 62) (112 117 123 126) (128) (75 98 106 120 128) (101 129 131) (77 80 106 119) (81 125) (118 122 123 134) (132 136) 
(113 128) (93 116 129) (68 86 103) (84 88 130 134) (78 84) (85) (89 101 116 123) (110 119 144) (136 146) (142) 
(90 118) (68 86 87 107) (77 83 90 146) (39 84 99 100 141) (123 127) (118 124 128) (93 133 143 144) (108 125 128) (84 99) (84 133 141) 
(106 131) (49 91 95) (76 88 91 125 126 159) (96 150) (92 115 152) (107 121 139) (96 103 152) (126 152) (66 142 153 155 167) (156) 
(102 127 130 142 147) (164) (5 6) (140) (94 132 154) (124 143 159 167) (88 154 168) (147) (109 148) (136 169) 
(124 127 135 139 140 153 178) (39 57 80 113) (83 90) (163 165) (145) (141 145 150 166) (111 130 143 169) (133 184) (140 157 169) (111 139 174) 
(81 156 183) (122 171 173) (121) (111 140 173) (146 176 182 186) (106 184) (128 164) (66 92 130) (93 173 176 183) (143 182 190 194) 
(140 141 173) (114 117) (108 136 152) (180 184) (101 154 162 173) (140) (111 130 181) (54 68 69 79) (120 133 147 195) (174 178) 
(181 186 204) (195 203 205) (112 146 191 198) (192 195) (186 193 197) (145 190 207 208) (155 161 162) (133 149 185 191 194) (44) (137 165 166 218) 
(80 105 118 128 178) (66 104 141 216) (101) (134 161) (82 134 185 201 203) (183 222) (164 167 178) (207) (154 182) (131 175 176 192) 
(158 212) (155 176 210 229) (113 189 190) (157 163 172 228) (188 208 211) (230) (160 214) (115 186) (126 138 139 142) (198) 
(124 137 165 180) (82 163 174) (110 116 120 143) (209 242) (120 132 165 238) (94) (222) (127 135 158 201 210) (163 230) (81 134 135 140 196) 
(231) (97 137 163) (89 90 110 145) (98 180) (158 165 197 205) (104 161 167 182 197 198) (186 218) (234) (80 85) (177 178 196 249) 
(109 133 176 213) (115 191 225 251 258) (138 155 202 220) (66 175 185 192 217) (221 241 243) (211) (170 190 238 257) (196 202 217 226) (138 170 241) (144 249) 
(122 162 164 178) (122 191 197) (120 130 169) (71) (172 193 219 270) (123 208) (153 164 205 217 232 260) (226 234) (195 249) (116 159 203 217) 
(161 163 207 219) (104 198 277) (127) (120 149) (159 208 253) (124 161 197 219) (195 215 242) (158 204 224 256 257 269) (199 204 206) (269) 
(180 275 276 278) (47 94 119) (185 258 283) (165 238) (130 181 227 229 276) (121 156 184 200) (258) (204 240 267 268) (116 170 190) (125 152) )