(NIL (1) (2) (3) (4) (5) (5) NIL (7 8) (6 9) 
(10) (6) (11) (10 12) (13) (14 15) (12 13) (11 12) (16) (19) 
(16) (21) (21) (19 22 23) (21) (20 25) (26) (23 27) (17 28) (17 28) 
(26) (18 29) (28 31) (18 27) (34) (28) (22 33) (29 35) (36) (17 33) 
(18 29 30) (17 35 39) (22 36) (23 35) (34) (29 34) (33 35) (17 31 45) (18 37 40 43) (22 48) 
(28 44) (31 32 35) (3) (38 42 53) (31 38) (24 44 49 52) (45 47) (36 37 40 48 55) (30 46 57 58) (32 39 55 57) 
(56) (32 58) (38 61) (42 63) (38 49) (59 64) (62 63) (56 62) (24 54) (30 46 50 69) 
(32 50 54) (32 46 65 69) (46 47 53 62 64 65) (49 57) (61 71) (63 68 75) (70 75) (51 62 65) (29 42 47) (51 55 72 75) 
(66 68) (57) (51 59) (77) (41 51 76) (30 72 76) (76) (45 55 64 72) (60 65 81 83) (74 77 88) 
(4) (32 33) (74 77 78) (89 91) (1) (69) (48 60 61) (64 70 85) (75 89) (78 79 80 86) 
(87 97) (59 78 80 86) (41 47 87 88) (80 90 99) (68 70 96) (64 69 71 83 92) (64 79 91) (104) (87) (73 83 103) 
(54 74 89) NIL (73 92 93 95 104) (98 104) (83 85) (100 104) (86) (84 100 101 108) (82 90 110) (107 109 111) 
(106) (59 91) (60 93) (81 119) (85) (97 100) (67 87 93) (79 95 109 121) (88) (101 113) 
(85 113) (47 86) (114) (66) (107 126) (92 114 134) (91 102 117 127) (85 112 122 126) (100 108) (105) 
(110 118) (70 74) (89 124 138) (62 91 106) (40 96) (40 55) (30 46 82 101) (143) (98 147) (101 135 146) 
(128 132) (143 149) (116) (113 124 128 132) (85 103 112 147) (109 138) (119 128 132 146 149) (113 135 153) (112 144 145 151) (100 119 121 130) 
(67 117 150 158) (105 118 148) (126) (98 156) (136 156) (99 115 155) (128 130 152) (110 123 147 158) (99 111 112) (102 108 145) 
(50) (132 146) (130 161) (162 171) (149 160) (118 124 137 158) (57 58 96) (111 144 154 157 162 165) (121 174) (133 150 159) 
(102 146 175) (136 155 157 180) (98 109 113 115 150 169) (88 93 98) (136 148 183) (133 140 146) (111) (35) (30 68) (41 84 87 123 126 139) 
(105 176 187) (158) (172 182) (155 173) (163 179) (91 134) (70 87 196) (131 147 148 180) (141 181) (101 159 165 192) 
(101 114 137 139) (94 105 117 146 189) (4) (141 165 190) (164) (166 194 199) (107) (124 141 163 203) (160 186 192 193 202) (116 190) 
(106 142 143) (127 184) (183 205) (95 119 184 188 196) (131 162 176) (150 199) (193 195 211) (116 178 184) (103 171) (133 166 191) 
(164 179 218) (207 214) (123 152 164 193) (110 190 192 194) (146) (144 155 187 192 204) (204 211 220) (218) (140 178 182 199 202) (123 124 165) 
(131 151 157 227) (217) (125 210 217) (94 158 199 201 211) (125 176 182) (123 152 222 229) (127 179) (164 173 191 217) (106 162 165 176 224) (110 225) 
(163 215 229) (39) (129 179 214) (88 115 120 137 163) (109 129 234) (109 136 196) (159 167 188 220) (212 222 231) (94 223 235) (141 224 233) 
(96 117 216 240) (127 135) (94 127 175) (216 229 234) (162 199 214) (218 232) (129 179 225 247) (228 237 252) (144 199 224) (144 154 192 196) 
(171 241) (146 246 247) (170 172 213 248) (124) (129 195 199) (172 188 220 260) (179) (174 189 234) (96 139 196 199 230) (163 176 204 240) 
(180) (122 147 171) (67 90 138 171) (128 144) (186 205 236 268 270) (263) (183 184 246) (242 250 260) (170 214 225 241) (157 190 198 245) 
(131 133 251) (124) (111 240 272) (210 215 219 223 255) (226 249 253 282) (164 250 270) (167 213 241 256) (219 249 268) (147 191 273) (228 253 256 284) 
(225 249) (231 264 279) (142 213) (60 106) (232 273) (221 235 287) (165 238) (260 268 285) (131 160 169 224 247) (261 279) )