(NIL (1) (2) (3) NIL (4 5) (6) (7) (8) (9) 
(6) (10 11) (10) (8 11) (11) (12 14) (13 15) (15 16) (12 13) (17 19) 
(16) (13 15 21) (17) (20) (19 22) (17 25) (18 21) (27) (20 27) (20 27) 
(13 28) (24 30) (7) (26 30) (28 29) (32 35) (33 34) (24 33) (22 36) (23 36 37) 
(32) (25 33 39) (24 28 29) (29 31 32 37) (22 23 36 41) (34 43) (22) (40) (39) (38 39) 
(18 19) (37 38 39) (26 45) (26 41 50) (17) (24 31 35) (40 41 49 52) (23 38 47) (44) (36 55) 
(51 54) (37 50 58) (40 52 53 60) (38 45 48) (50 52 58) (57 64) (63) (29 58) (24 27) (31 65 66) 
(46 49 51 59 60) (46 48 68) (45 55 59) (67 68) (40 56) (71) (72) (34 56) (53 62 65 76) (43 58 78) 
(53 59 65 69 75) (61 81) (69 70) (42 62 64 67 77) (53 70 75) (69 72) (73 74) (80 84) (49 87) (58 71) 
(42 54) (42 44 69) (48 79) (52 60 73) (68 81) (15 19 33) (82) (83) (51 74) (43 70 73 91) 
(43 60 65) (46 53 80) (64 101) (63 71 102) (88 99 100) (95) (64 77 81) (41 78) (100) (62 65 76 92 94) 
(66 89 110) (57 82 94 103) (46) (62 99 112) (47 50 52) (55 97 113) (60 78 81 115) (42 69 72) (76) (82 86) 
(101 119) (54 69 71 102) (83 112) (105) (109 120) (38 46) (76 115 123) (89) (79 87 125) (80 83 87 107) 
(59) (86 95 104 112) (83 104 110 124) (92 127) (108 111 131) (79 91 115) (74 115) (88 110) (127 129) (119 139) 
(118 130 131) (92 97 132) (42 65) (67 77 78) (96 97 115 130) (80 119) (105 108 118 125) (90 96 134 142 146) (42 145) (69 79 105) 
(138) (123 133 146 147) (76 85 99 143) (62 78 106 119 134) (121 135 142) (138 146 149) (84 126 135 148) (85 95 130) (152) (119) 
(105 113) (87 95 152) (76 84 89 115) (86 119 153 161) (42 62 132) (120 144 153) (121 129 136 143) (79 109 138 142 164) (114 137 148 158) (136 147 153) 
(54 80 101 135) (73 79 160) (163) (89 122 134 164) (121 143 159) (100 127 146 158) (107 172) (114 121 144 146 170) (93 147 153) (142 167 172) 
(83 99 126) (125 133 153) (95 104 121 173) (96 163) (142 159 170 184) (90 98 129 151) (128 183) (70) (106 142 147 164 166) (123 155 177) 
(44 51 86 88 115) (78 125 153) (37) (140 146) (157 159 179) (74 113 146) (102 172) (134 135) (160 189) (90 124 135 199) 
(82 83 88 111 184) (125 168) (163 167 200) (117 132 143 163) (153 175) (128 143 198) (166 206) (106 110 136 146 174 181) (120 165 198) (175 198) 
(127 166 193) (100 163 190) (199 204) (124 167 212 213) (90 192 213) (197 204) (129 197 208) (84 206) (108 132 137 144) (96 136) 
(169) (100 181) (154) (127 175) (129 162 177 184) (90 181 209 219) (184 199 217) (113 135 143) (141 147 207) (192 198) 
(123 155) (117 211 227) (88 93 98) (130) (195 222 225) (128 160 183 188) (61 128) (106 167 175 196 231) (116 161 169 179 219 222) (78 94 101) 
(113 216) (95 191 224 240) (160 178) (139 227) (135 136 150 164 181 236) (88 117 125) (106 124 140) (109 120 145 245) (138 165 213) (171) 
(154 239) (107 140 185 224) (187 216 252) (212) (151 196) (128 186 232) (46) (149 152 157 239 249) (202 254) (154 189) 
(216 221 231) (162 198 259) (192 223 227 251) (194 204 229 232) (128 203 224) (247 258) (220 243) (150 158 172) (149 153 201) (98 224 243 261) 
(127 131 150 165 170 216) (157 237) (150 184 195 211 219) NIL (167 204 220) (127 149 153 171 201) (95 129 269) (145 195 218 231 260) (114 246 253) (161 224) 
(162 241 251 266 270) (133) (254 255 276) (83 151 178) (191 264) (178) (147) (126 194 241 246 269) (157 167 175 190 200 237 271) (232 237 259) 
(122 130 184 287 289) (162 171 190 208 246) (151 164 224) (174 275 291) (223) (130 191 211) (128 233) (201 226 250 294) (186 206 208 221 266) (140 211 218 225 230) )