(NIL NIL (1 2) NIL (1 4) NIL (4 6) (2 6) (1 6) (7 5 9) (8 3 9) NIL (6 12)
 (4 12) (13 7 14) (2 12) (13 8 16) (1 12) (13 9 18) (14 18 5) (15 10 19 20)
 (3 16 18) (22 17 11 19) NIL (12 24) (6 24) (25 13 26) (4 24) (25 14 28)
 (7 26 28) (27 29 15 30) (2 24) (25 16 32) (8 26 32) (27 33 17 34) (1 24)
 (25 36 18) (26 9 36) (27 37 38 19) (5 28 36) (37 40 29 20) (10 40 30 38)
 (21 41 39 31 42) (3 32 36) (22 37 44 33) (44 11 34 38) (23 45 39 35 46) NIL
 (24 48) (6 48) (49 26 50) (4 48) (49 28 52) (7 50 52) (53 54 51 30) (2 48)
 (49 32 56) (8 50 56) (57 58 51 34) (1 48) (49 36 60) (9 50 60) (61 62 51 38)
 (5 60 52) (53 61 64 40) (54 10 64 62) (42 55 65 63 66) (3 60 56) (57 61 44 68)
 (58 68 11 62) (69 70 59 46 63) NIL (48 72) (24 72) (73 49 74) (4 72)
 (73 76 52) (74 28 76) (53 75 77 78) (2 72) (73 80 56) (80 74 32) (57 75 81 82)
 (1 72) (73 84 60) (74 36 84) (61 75 85 86) (5 76 84) (85 64 77 88)
 (86 88 78 40) (89 90 65 87 79) (3 80 84) (85 92 81 68) (92 44 82 86)
 (69 93 87 83 94) NIL (72 96) (48 96) (97 73 98) (24 96) (97 74 100)
 (49 98 100) (99 101 75 102) (12 96) (25 104 100) (6 96) (98 50 106)
 (26 100 106) (51 102 107 108) (13 104 106) (110 105 27 108) (4 96) (97 76 112)
 (98 112 52) (113 114 99 77) (100 28 112) (113 116 101 78) (53 114 116 102)
 (115 117 79 103 118) (104 112 14) (105 116 29 120) (7 106 112)
 (122 54 107 114) (122 116 30 108) (109 55 124 118 123) (122 110 15 120)
 (121 111 124 126 31) (2 96) (97 80 128) (98 128 56) (129 130 99 81)
 (32 100 128) (129 132 101 82) (57 130 132 102) (131 133 83 103 134)
 (104 128 16) (105 132 33 136) (8 106 128) (58 138 107 130) (138 132 34 108)
 (109 140 59 139 134) (110 17 138 136) (137 111 140 142 35) (1 96) (97 84 144)
 (98 144 60) (145 146 99 85) (100 36 144) (145 148 101 86) (61 146 148 102)
 (147 149 87 103 150) (104 18 144) (105 148 37 152) (9 106 144)
 (62 154 107 146) (154 148 38 108) (109 63 156 150 155) (110 154 19 152)
 (153 111 156 158 39) (5 144 112) (113 145 160 88) (114 64 160 146)
 (89 161 115 147 162) (160 116 148 40) (161 90 149 117 164)
 (162 164 65 118 150) (163 165 119 91 151 166) (160 20 152 120)
 (121 41 153 164 168) (122 10 160 154) (162 123 170 66 155)
 (42 124 156 164 170) (166 125 171 172 157 67) (21 170 168 126 158)
 (169 172 174 43 127 159) (3 144 128) (129 145 92 176) (130 176 146 68)
 (177 178 131 93 147) (132 44 148 176) (177 149 180 133 94)
 (69 178 180 134 150) (151 95 179 181 182 135) (22 152 176 136)
 (137 153 180 45 184) (138 176 11 154) (70 139 186 155 178)
 (156 186 140 46 180) (71 141 182 187 188 157) (186 23 184 142 158)
 (159 47 185 188 190 143) NIL (96 192) (72 192) (193 97 194) (48 192)
 (193 98 196) (73 194 196) (195 197 99 198) (24 192) (193 100 200) (194 200 74)
 (201 202 195 101) (49 196 200) (201 204 197 102) (202 75 204 198)
 (203 205 103 199 206) (12 192) (193 104 208) (25 208 200) (201 105 209 210)
 (6 192) (193 212 106) (196 212 50) (213 197 214 107) (26 212 200)
 (201 216 213 108) (204 51 214 216) (109 217 205 215 218) (13 208 212)
 (110 220 209 213) (27 220 210 216) (217 111 221 222 211) (4 192) (193 224 112)
 (194 76 224) (113 225 195 226) (196 224 52) (225 114 228 197) (226 228 77 198)
 (115 229 227 199 230) (28 224 200) (201 225 116 232) (202 232 78 226)
 (233 234 203 117 227) (53 204 228 232) (233 229 236 205 118)
 (234 236 206 79 230) (231 235 237 238 207 119) (14 208 224) (225 240 209 120)
 (240 29 210 232) (121 233 241 211 242) (7 212 224) (225 122 244 213)
 (54 244 228 214) (245 123 229 246 215) (244 232 30 216) (217 233 124 245 248)
 (218 55 236 246 248) (237 219 247 249 250 125) (15 220 244 240)
 (241 245 252 221 126) (242 252 222 31 248) (243 223 249 253 254 127) (2 192)
 (193 256 128) (194 80 256) (129 257 195 258) (256 196 56) (257 130 260 197)
 (258 260 81 198) (131 261 259 199 262) (256 32 200) (201 257 132 264)
 (202 264 82 258) (265 266 203 133 259) (57 260 204 264) (265 261 268 205 134)
 (266 268 206 83 262) (263 267 269 270 207 135) (16 208 256) (257 272 209 136)
 (272 33 210 264) (137 265 274 211 273) (8 212 256) (257 138 276 213)
 (58 260 214 276) (277 139 261 278 215) (276 264 34 216) (217 265 140 277 280)
 (218 59 268 278 280) (269 219 279 281 282 141) (276 17 220 272)
 (273 277 284 221 142) (274 284 222 35 280) (275 223 281 285 286 143) (1 192)
 (193 288 144) (194 84 288) (145 289 195 290) (196 288 60) (289 146 292 197)
 (290 292 85 198) (147 293 291 199 294) (36 288 200) (201 289 148 296)
 (202 296 86 290) (297 298 203 149 291) (61 204 296 292) (297 293 300 205 150)
 (298 300 206 87 294) (295 299 301 302 207 151) (208 18 288) (289 304 209 152)
 (304 37 210 296) (153 297 305 211 306) (9 212 288) (289 154 308 213)
 (62 292 214 308) (309 155 293 310 215) (308 296 38 216) (217 297 156 309 312)
 (218 63 300 310 312) (301 219 311 313 314 157) (220 308 19 304)
 (305 309 316 221 158) (306 316 222 39 312) (307 223 313 317 318 159)
 (5 288 224) (225 289 320 160) (226 290 320 88) (161 321 227 291 322)
 (228 64 320 292) (321 162 324 229 293) (89 322 324 230 294)
 (163 325 231 295 323 326) (320 40 296 232) (233 297 164 321 328)
 (328 234 298 322 90) (323 165 329 330 235 299) (324 328 236 65 300)
 (325 166 329 237 332 301) (326 330 91 332 238 302)
 (167 327 331 333 334 303 239) (320 20 304 240) (241 305 336 321 168)
 (41 242 336 328 306) (338 169 307 337 329 243) (244 10 320 308)
 (321 170 340 245 309) (324 340 310 246 66) (325 247 171 341 342 311)
 (328 42 340 312 248) (329 172 313 341 344 249) (332 342 344 250 314 67)
 (173 333 343 345 346 251 315) (21 340 336 252 316) (253 174 337 341 348 317)
 (318 338 43 344 348 254) (175 339 255 345 349 350 319) (3 288 256)
 (257 289 352 176) (352 258 92 290) (177 353 259 291 354) (352 260 292 68)
 (353 178 356 261 293) (354 356 93 262 294) (355 357 263 295 179 358)
 (352 44 296 264) (265 297 180 360 353) (266 354 360 94 298)
 (355 361 362 267 181 299) (69 356 268 360 300) (357 361 269 364 301 182)
 (358 362 364 270 95 302) (359 363 365 366 303 271 183) (352 22 304 272)
 (273 305 368 353 184) (274 360 45 368 306) (361 307 369 370 275 185)
 (352 276 11 308) (353 186 372 277 309) (70 356 372 278 310)
 (357 279 373 374 311 187) (360 312 372 46 280) (361 313 373 376 281 188)
 (71 364 374 376 282 314) (365 375 377 378 283 189 315) (368 23 284 372 316)
 (285 369 373 380 317 190) (318 370 47 376 380 286)
 (287 371 191 377 381 382 319) NIL (384 192) (384 96) (385 193 386) (384 48)
 (385 196 388) (386 388 98) (389 390 387 197) (384 24) (385 392 200)
 (386 100 392) (201 393 387 394) (49 392 388) (389 393 204 396)
 (390 396 102 394) (397 391 205 395 398) (384 12) (385 208 400) (386 400 104)
 (401 402 387 209) (25 400 392) (393 401 404 210) (394 105 404 402)
 (395 405 403 211 406) (384 6) (385 212 408) (386 106 408) (409 410 387 213)
 (50 408 388) (389 409 412 214) (390 412 107 410) (391 413 411 215 414)
 (26 408 392) (393 409 416 216) (394 410 416 108) (217 417 395 411 418)
 (396 51 416 412) (417 218 420 397 413) (109 418 420 398 414)
 (419 421 422 219 399 415) (13 408 400) (401 409 220 424) (424 402 410 110)
 (425 426 403 221 411) (424 27 404 416) (417 425 428 405 222)
 (418 111 428 406 426) (419 427 429 430 407 223) (384 4) (385 432 224)
 (386 432 112) (225 433 387 434) (52 432 388) (389 433 228 436)
 (390 434 436 114) (437 391 229 435 438) (28 432 392) (393 433 440 232)
 (394 116 440 434) (233 441 395 435 442) (53 396 436 440) (441 437 236 397 444)
 (442 438 444 398 118) (439 237 443 445 446 399) (14 432 400) (401 433 448 240)
 (402 434 448 120) (241 449 403 435 450) (404 29 448 440) (441 242 452 405 449)
 (121 442 452 406 450) (443 243 407 451 453 454) (7 432 408) (409 433 244 456)
 (410 434 456 122) (457 458 411 245 435) (54 412 436 456) (457 437 460 413 246)
 (458 123 460 414 438) (439 247 459 461 462 415) (440 30 456 416)
 (417 441 464 457 248) (418 458 124 464 442) (465 466 419 443 249 459)
 (55 420 464 444 460) (465 468 421 445 250 461) (466 468 422 446 125 462)
 (467 469 470 423 447 251 463) (15 448 456 424) (425 449 252 457 472)
 (426 458 472 126 450) (473 474 427 451 459 253) (428 464 472 31 452)
 (465 473 476 429 453 254) (466 474 476 430 454 127)
 (467 475 477 478 431 455 255) (384 2) (385 480 256) (386 480 128)
 (257 481 387 482) (480 56 388) (389 481 484 260) (390 484 482 130)
 (485 391 261 483 486) (480 32 392) (393 481 488 264) (394 488 132 482)
 (265 489 395 483 490) (57 484 396 488) (489 485 492 268 397)
 (490 492 398 486 134) (487 269 491 493 494 399) (16 480 400) (401 481 496 272)
 (402 496 482 136) (273 497 403 483 498) (496 404 33 488) (489 274 500 405 497)
 (137 490 500 406 498) (491 499 407 275 501 502) (8 480 408) (409 481 276 504)
 (410 504 482 138) (505 506 411 277 483) (58 484 412 504) (505 485 508 413 278)
 (506 139 508 414 486) (487 279 507 509 510 415) (504 488 34 416)
 (417 489 512 505 280) (418 512 140 506 490) (513 514 419 491 281 507)
 (492 508 59 420 512) (513 516 421 493 282 509) (514 516 422 494 141 510)
 (515 517 518 423 495 283 511) (504 17 496 424) (425 497 284 505 520)
 (426 520 142 506 498) (521 522 427 499 507 285) (520 500 428 35 512)
 (513 521 524 429 501 286) (514 522 524 430 502 143)
 (515 523 525 526 431 503 287) (384 1) (385 528 288) (386 528 144)
 (289 529 387 530) (528 60 388) (389 529 532 292) (390 532 530 146)
 (533 391 293 531 534) (528 36 392) (393 529 536 296) (394 536 148 530)
 (297 537 395 531 538) (61 532 396 536) (537 533 540 300 397)
 (538 540 398 534 150) (535 301 539 541 542 399) (528 18 400) (401 529 544 304)
 (402 544 530 152) (305 545 403 531 546) (544 404 37 536) (537 306 545 548 405)
 (153 538 548 406 546) (539 547 407 307 549 550) (9 528 408) (409 529 308 552)
 (410 552 530 154) (553 554 411 309 531) (62 532 412 552) (553 533 556 413 310)
 (554 155 556 414 534) (535 311 555 557 558 415) (552 536 38 416)
 (417 537 553 560 312) (418 560 156 554 538) (561 562 419 539 313 555)
 (63 420 540 556 560) (561 564 421 541 314 557) (562 564 422 542 157 558)
 (563 565 566 423 543 315 559) (552 544 19 424) (425 545 553 316 568)
 (426 568 158 554 546) (569 570 427 547 555 317) (568 548 428 39 560)
 (561 569 572 429 549 318) (562 570 572 430 550 159)
 (563 571 573 574 431 551 319) (5 528 432) (433 529 576 320) (434 576 530 160)
 (321 577 435 531 578) (532 436 64 576) (577 533 324 437 580)
 (162 578 580 438 534) (325 439 535 579 581 582) (576 536 40 440)
 (441 537 584 577 328) (442 164 578 584 538) (329 443 579 585 586 539)
 (580 540 444 65 584) (445 332 541 581 585 588) (166 446 542 582 586 588)
 (333 543 447 583 587 589 590) (576 544 20 448) (449 545 592 577 336)
 (450 592 578 546 168) (593 594 547 579 337 451) (41 592 548 452 584)
 (593 596 338 549 585 453) (594 596 169 454 586 550)
 (595 597 455 339 551 587 598) (576 552 10 456) (457 553 340 600 577)
 (458 600 578 554 170) (601 602 579 341 459 555) (580 556 460 66 600)
 (601 461 604 581 342 557) (602 171 604 558 582 462)
 (343 603 605 606 463 583 559) (42 560 600 584 464) (465 561 601 608 344 585)
 (466 562 602 172 608 586) (467 603 563 609 610 345 587)
 (564 604 608 468 588 67) (469 565 605 609 612 346 589)
 (470 173 606 610 612 590 566) (471 567 607 611 613 614 347 591)
 (21 592 568 600 472) (593 601 473 569 616 348) (594 474 616 174 602 570)
 (595 603 571 617 618 349 475) (476 572 608 43 596 616)
 (597 477 573 609 617 620 350) (598 478 175 574 610 618 620)
 (599 575 611 479 619 621 622 351) (3 528 480) (481 529 624 352)
 (482 624 530 176) (353 625 483 531 626) (532 484 624 68) (625 533 356 485 628)
 (178 628 626 486 534) (627 629 487 535 357 630) (536 44 624 488)
 (489 537 625 632 360) (490 180 626 632 538) (627 361 634 491 633 539)
 (69 540 492 628 632) (636 629 633 493 364 541) (630 634 636 494 542 182)
 (631 365 635 637 638 543 495) (22 544 624 496) (497 545 625 640 368)
 (498 640 626 546 184) (641 627 547 369 642 499) (548 500 45 640 632)
 (633 641 370 644 549 501) (634 642 644 502 185 550)
 (503 635 643 371 645 646 551) (552 11 624 504) (505 553 372 625 648)
 (506 648 626 554 186) (627 373 649 650 507 555) (70 556 508 628 648)
 (629 509 374 649 652 557) (630 558 650 187 652 510)
 (631 511 375 651 653 654 559) (632 648 560 46 512) (513 561 633 376 649 656)
 (514 562 634 650 188 656) (657 658 515 635 563 377 651)
 (71 564 636 516 652 656) (657 660 517 565 637 378 653)
 (658 660 518 638 189 654 566) (659 661 519 567 639 379 655 662)
 (648 23 568 640 520) (664 521 641 569 649 380) (664 522 642 570 650 190)
 (665 666 523 643 651 381 571) (524 664 572 644 47 656)
 (657 665 525 668 573 645 382) (658 666 668 526 574 646 191)
 (659 667 669 670 575 527 647 383) NIL (672 384) (672 192) (385 674 673)
 (672 96) (386 676 673) (193 674 676) (675 677 387 678) (672 72) (674 680 194)
 (97 680 676) (195 681 678 682) (672 48) (684 673 388) (674 196 684)
 (389 675 685 686) (98 676 684) (390 688 677 685) (688 197 678 686)
 (689 690 391 687 679) (73 684 680) (692 681 198 686) (99 692 682 688)
 (690 693 199 683 694) (672 24) (696 673 392) (674 696 200) (393 697 675 698)
 (100 676 696) (697 394 700 677) (201 698 700 678) (395 701 699 679 702)
 (74 680 696) (202 704 681 698) (700 101 682 704) (705 706 203 702 683)
 (49 684 696) (697 396 685 708) (698 204 708 686) (709 699 397 710 687)
 (700 708 102 688) (689 709 701 398 712) (690 712 205 702 710)
 (691 711 713 714 399 703) (75 692 708 704) (705 716 693 206 710)
 (706 716 694 103 712) (707 695 714 717 718 207) (672 12) (720 673 400)
 (674 208 720) (401 721 675 722) (104 676 720) (721 402 724 677)
 (722 724 209 678) (403 725 723 679 726) (25 720 696) (697 721 404 728)
 (698 728 210 722) (729 730 699 405 723) (105 700 724 728)
 (729 725 732 701 406) (730 732 702 211 726) (407 727 731 733 734 703) (672 6)
 (736 673 408) (674 212 736) (409 737 675 738) (676 106 736) (737 410 740 677)
 (738 740 213 678) (411 741 739 679 742) (736 684 50) (737 412 685 744)
 (738 744 686 214) (745 746 739 413 687) (744 740 107 688)
 (689 745 748 741 414) (690 748 742 215 746) (691 743 747 749 750 415)
 (26 736 696) (697 737 752 416) (698 752 738 216) (417 753 699 739 754)
 (740 752 700 108) (753 418 756 701 741) (217 754 756 702 742)
 (419 757 758 755 743 703) (752 708 51 744) (745 753 420 709 760)
 (218 754 760 710 746) (755 421 711 761 762 747) (109 756 748 760 712)
 (757 422 713 764 761 749) (758 714 764 219 762 750)
 (423 759 763 765 766 715 751) (13 736 720) (721 737 768 424) (722 220 768 738)
 (425 769 723 739 770) (740 110 724 768) (769 426 772 725 741)
 (770 772 221 726 742) (727 427 771 773 774 743) (768 27 752 728)
 (729 753 428 776 769) (730 770 776 222 754) (755 429 771 777 778 731)
 (756 111 732 772 776) (757 430 773 777 780 733) (758 774 223 778 780 734)
 (759 431 775 779 781 782 735) (672 4) (784 673 432) (674 784 224)
 (433 785 675 786) (676 784 112) (785 434 788 677) (225 786 788 678)
 (435 789 787 679 790) (680 76 784) (226 792 681 786) (113 788 682 792)
 (793 794 227 790 683) (684 784 52) (785 436 685 796) (786 228 686 796)
 (797 787 437 798 687) (114 788 796 688) (689 797 789 438 800)
 (690 800 229 790 798) (801 802 691 439 791 799) (692 77 796 792)
 (793 804 693 230 798) (794 115 804 694 800) (802 805 695 231 795 806)
 (28 784 696) (697 785 808 440) (808 698 786 232) (441 809 699 787 810)
 (808 700 116 788) (809 442 812 701 789) (233 810 812 702 790)
 (443 813 814 791 811 703) (808 792 78 704) (705 234 816 793 810)
 (816 706 812 117 794) (707 235 814 817 818 795) (53 808 708 796)
 (809 797 444 709 820) (820 810 236 710 798) (711 811 445 821 822 799)
 (812 820 800 118 712) (801 713 813 446 821 824) (802 714 237 814 822 824)
 (803 715 815 447 823 825 826) (804 820 716 79 816) (805 717 238 817 822 828)
 (806 718 818 119 824 828) (807 239 819 719 826 829 830) (14 784 720)
 (721 785 832 448) (832 722 786 240) (449 833 723 787 834) (832 724 788 120)
 (833 450 836 725 789) (241 834 836 726 790) (835 837 727 451 791 838)
 (832 808 29 728) (729 809 452 840 833) (730 840 810 834 242)
 (835 841 842 811 453 731) (121 812 732 836 840) (837 841 844 813 454 733)
 (838 842 844 814 243 734) (839 843 845 846 815 455 735) (7 784 736)
 (737 785 848 456) (738 244 848 786) (457 849 739 787 850) (122 740 848 788)
 (849 458 852 741 789) (850 852 245 742 790) (743 851 853 854 791 459)
 (54 796 848 744) (745 849 460 797 856) (746 850 856 246 798)
 (851 857 858 747 461 799) (852 123 748 856 800) (801 853 857 860 749 462)
 (802 854 247 858 860 750) (803 751 855 859 861 862 463) (848 808 30 752)
 (753 809 864 849 464) (754 864 810 850 248) (465 865 755 866 811 851)
 (812 852 756 124 864) (865 466 868 757 813 853) (866 868 758 814 854 249)
 (467 869 870 759 867 815 855) (856 55 820 864 760) (865 468 872 761 821 857)
 (866 872 762 822 250 858) (867 469 873 874 763 823 859)
 (868 872 764 824 860 125) (869 470 873 876 765 825 861)
 (870 874 876 766 826 251 862) (471 871 875 877 878 767 827 863)
 (848 15 832 768) (769 833 880 849 472) (770 880 252 850 834)
 (835 473 851 881 882 771) (836 772 126 852 880) (837 474 881 884 773 853)
 (838 882 884 854 253 774) (775 839 475 883 885 886 855) (864 880 840 31 776)
 (865 841 476 881 888 777) (866 842 882 888 778 254)
 (867 843 477 883 889 890 779) (868 844 884 888 780 127)
 (869 845 478 885 889 892 781) (870 846 886 890 892 782 255)
 (871 847 479 887 891 893 894 783) (672 2) (896 673 480) (674 896 256)
 (481 897 675 898) (896 676 128) (897 482 900 677) (257 898 900 678)
 (483 901 899 679 902) (80 680 896) (258 904 681 898) (129 900 682 904)
 (905 906 259 902 683) (896 684 56) (897 908 484 685) (908 898 260 686)
 (909 899 485 910 687) (908 130 900 688) (689 909 901 486 912)
 (690 912 261 902 910) (913 914 691 487 903 911) (908 692 81 904)
 (905 916 693 262 910) (906 131 916 694 912) (914 917 695 263 907 918)
 (896 32 696) (697 897 920 488) (698 920 898 264) (489 921 699 899 922)
 (132 900 700 920) (921 490 924 701 901) (265 922 924 702 902)
 (491 925 926 903 923 703) (904 920 82 704) (705 266 928 905 922)
 (706 924 133 928 906) (707 267 926 929 930 907) (57 908 708 920)
 (921 909 492 709 932) (922 268 932 710 910) (711 923 493 933 934 911)
 (932 912 924 134 712) (913 713 925 494 933 936) (914 714 269 926 934 936)
 (915 715 495 927 935 937 938) (716 916 932 83 928) (917 717 270 929 934 940)
 (918 718 930 135 936 940) (919 271 931 719 938 941 942) (16 896 720)
 (721 897 944 496) (722 944 898 272) (497 945 723 899 946) (900 724 944 136)
 (945 498 948 725 901) (273 946 948 726 902) (727 947 949 950 499 903)
 (920 33 944 728) (729 921 500 945 952) (922 730 952 946 274)
 (947 953 954 923 501 731) (137 732 924 948 952) (949 953 956 925 502 733)
 (950 954 956 926 275 734) (951 955 957 958 927 503 735) (8 896 736)
 (737 897 960 504) (738 276 960 898) (505 961 739 899 962) (900 138 740 960)
 (961 506 964 741 901) (962 964 277 742 902) (743 963 965 966 903 507)
 (58 908 960 744) (745 961 508 909 968) (746 968 278 962 910)
 (963 969 970 747 509 911) (968 139 748 964 912) (913 965 969 972 749 510)
 (914 966 279 970 972 750) (915 751 967 971 973 974 511) (960 920 34 752)
 (753 921 961 976 512) (922 754 976 962 280) (513 977 755 978 923 963)
 (140 756 924 964 976) (977 514 980 757 925 965) (978 980 758 926 966 281)
 (979 981 982 759 515 927 967) (976 59 932 968 760) (977 516 984 761 933 969)
 (978 984 762 934 282 970) (979 517 985 986 763 935 971)
 (980 984 764 936 972 141) (981 518 985 988 765 937 973)
 (982 986 988 766 938 283 974) (519 983 987 989 990 767 939 975)
 (17 944 960 768) (769 945 961 992 520) (770 284 992 962 946)
 (947 521 963 993 994 771) (964 948 772 142 992) (949 522 993 996 965 773)
 (950 994 996 966 285 774) (967 951 523 995 997 998 775) (952 992 976 35 776)
 (977 953 524 993 1000 777) (978 954 994 1000 778 286)
 (979 955 525 995 1001 1002 779) (980 956 996 1000 780 143)
 (981 957 526 997 1001 1004 781) (982 958 998 1002 1004 782 287)
 (983 527 959 999 1003 1005 1006 783) (672 1) (1008 673 528) (674 1008 288)
 (529 1009 675 1010) (676 1008 144) (1009 530 1012 677) (289 1010 1012 678)
 (531 1013 1011 679 1014) (680 84 1008) (290 1016 681 1010) (145 1012 682 1016)
 (1017 1018 291 1014 683) (684 1008 60) (1009 532 685 1020) (1010 292 686 1020)
 (1021 1011 533 1022 687) (146 1012 1020 688) (689 1021 1013 534 1024)
 (690 1024 293 1014 1022) (1025 1026 691 535 1015 1023) (692 85 1020 1016)
 (1017 1028 693 294 1022) (1018 147 1028 694 1024)
 (1026 1029 695 295 1019 1030) (36 1008 696) (697 1009 1032 536)
 (698 1010 1032 296) (537 1033 699 1011 1034) (700 148 1012 1032)
 (1033 538 1036 701 1013) (297 1034 1036 702 1014)
 (1035 1037 1038 1015 539 703) (1032 1016 86 704) (705 298 1040 1017 1034)
 (706 1036 149 1040 1018) (707 299 1038 1041 1042 1019) (61 708 1020 1032)
 (1033 1021 540 709 1044) (1034 1044 300 710 1022)
 (711 1035 541 1045 1046 1023) (1044 1036 1024 150 712)
 (1025 713 1037 542 1045 1048) (1026 714 301 1038 1046 1048)
 (1027 715 1039 543 1047 1049 1050) (1044 716 1040 87 1028)
 (1029 717 302 1041 1046 1052) (1030 718 1042 151 1048 1052)
 (1031 303 1043 719 1050 1053 1054) (1008 18 720) (721 1009 1056 544)
 (722 1010 1056 304) (545 1057 723 1011 1058) (724 1056 1012 152)
 (1057 546 1060 725 1013) (305 1058 1060 726 1014)
 (1059 1061 727 547 1015 1062) (1032 37 1056 728) (729 1033 548 1057 1064)
 (1064 730 1034 1058 306) (1059 1065 1066 1035 549 731)
 (153 1064 1060 732 1036) (1061 1065 1068 1037 550 733)
 (1062 1066 1068 1038 307 734) (1063 1067 1069 1070 1039 551 735) (9 1008 736)
 (737 1009 1072 552) (1072 738 308 1010) (553 1073 739 1011 1074)
 (154 740 1012 1072) (1073 554 1076 741 1013) (1074 1076 309 742 1014)
 (743 1075 1077 1078 1015 555) (1072 62 1020 744) (745 1073 556 1021 1080)
 (746 1080 1074 310 1022) (1075 1081 1082 747 557 1023)
 (1076 1080 155 748 1024) (1025 1077 1081 1084 749 558)
 (1026 1078 311 1082 1084 750) (1027 751 1079 1083 1085 1086 559)
 (1072 1032 38 752) (753 1033 1088 1073 560) (1088 754 1034 1074 312)
 (561 1089 755 1090 1035 1075) (1076 1088 756 156 1036)
 (1089 562 1092 757 1037 1077) (1090 1092 758 1038 1078 313)
 (563 1093 1094 759 1091 1039 1079) (1080 1088 63 1044 760)
 (1089 564 1096 761 1045 1081) (1090 1096 762 1046 314 1082)
 (1091 565 1097 1098 763 1047 1083) (1092 1096 764 1048 1084 157)
 (1093 566 1097 1100 765 1049 1085) (1094 1098 1100 766 1050 315 1086)
 (567 1095 1099 1101 1102 767 1051 1087) (1072 1056 19 768)
 (769 1057 1104 1073 568) (770 316 1074 1104 1058)
 (1059 569 1075 1105 1106 771) (1060 1076 772 158 1104)
 (1061 570 1105 1108 1077 773) (1062 1106 1108 774 317 1078)
 (775 1063 571 1107 1109 1110 1079) (1088 1104 1064 39 776)
 (1089 1065 572 1105 1112 777) (1090 1066 1106 1112 778 318)
 (1091 1067 573 1107 1113 1114 779) (1092 1068 1108 1112 780 159)
 (1093 1069 574 1109 1113 1116 781) (1094 1070 1110 1114 1116 782 319)
 (1095 1071 575 1111 1115 1117 1118 783) (5 1008 784) (785 1009 1120 576)
 (786 1010 1120 320) (577 1121 787 1011 1122) (1120 788 1012 160)
 (1121 578 1124 789 1013) (321 1122 1124 790 1014)
 (1123 1125 791 579 1015 1126) (1120 88 1016 792) (793 322 1128 1017 1122)
 (161 794 1128 1124 1018) (323 1126 1129 1130 1019 795) (796 64 1020 1120)
 (1121 1021 1132 580 797) (1122 1132 324 798 1022)
 (1123 1133 1134 581 799 1023) (162 1124 1024 1132 800)
 (801 1025 1125 1133 1136 582) (802 325 1126 1026 1134 1136)
 (803 1127 1027 1135 1137 1138 583) (89 1128 804 1132 1028)
 (1029 326 1129 1134 1140 805) (163 806 1130 1136 1140 1030)
 (327 1031 1131 1138 807 1141 1142) (1120 40 1032 808) (809 1033 1121 1144 584)
 (810 1144 1034 1122 328) (1123 811 1145 585 1146 1035)
 (1124 812 1144 164 1036) (1125 1037 813 1145 586 1148)
 (1126 329 814 1038 1146 1148) (1127 1039 1150 815 587 1149 1147)
 (90 1128 1040 1144 816) (1041 1129 330 817 1146 1152)
 (165 1042 1130 818 1148 1152) (1153 1154 1131 819 1150 1043 331)
 (1132 820 65 1144 1044) (1156 1133 1045 1145 821 588)
 (1156 332 1134 822 1146 1046) (1157 823 1135 1047 1147 589 1158)
 (1156 166 824 1136 1048 1148) (1157 1160 1137 1049 825 1149 590)
 (1158 1160 333 1138 1050 826 1150) (1159 1161 1162 1139 1151 827 1051 591)
 (1156 91 1140 828 1052 1152) (1153 1158 829 1164 334 1141 1053)
 (1154 167 1160 1164 1054 1142 830) (1155 1162 1165 1166 335 831 1143 1055)
 (1120 20 1056 832) (833 1057 1121 1168 592) (834 1168 1058 1122 336)
 (593 835 1123 1169 1170 1059) (1060 1168 1124 836 168)
 (594 1125 1061 1169 1172 837) (838 1062 337 1170 1172 1126)
 (595 1063 1127 839 1171 1173 1174) (41 1168 1144 1064 840)
 (596 841 1169 1065 1176 1145) (1066 338 842 1170 1176 1146)
 (597 843 1171 1177 1178 1147 1067) (844 169 1068 1172 1176 1148)
 (598 845 1069 1173 1177 1180 1149) (846 1070 339 1174 1178 1180 1150)
 (599 1071 847 1175 1179 1181 1182 1151) (1072 1120 10 848)
 (849 1073 1121 1184 600) (850 340 1184 1122 1074)
 (1185 1186 1123 601 1075 851) (1076 170 1124 852 1184)
 (1185 1188 1125 602 853 1077) (1186 1188 1126 341 854 1078)
 (1187 1189 855 1127 603 1079 1190) (1184 1132 1080 66 856)
 (1185 1192 604 1133 1081 857) (1186 1192 1134 342 1082 858)
 (1187 1193 1194 605 1135 859 1083) (860 1192 171 1136 1188 1084)
 (1189 1193 861 1196 606 1137 1085) (1190 1194 1196 1086 1138 343 862)
 (1191 1195 1197 1198 607 1139 863 1087) (42 1144 1088 1184 864)
 (865 1089 1200 1145 1185 608) (1186 866 1200 1090 344 1146)
 (1201 867 1091 609 1202 1187 1147) (1092 172 1200 868 1188 1148)
 (1189 1093 1201 610 1204 869 1149) (1190 1094 1202 1204 345 1150 870)
 (1095 1191 871 611 1203 1205 1206 1151) (1156 1096 872 1192 1200 67)
 (1157 873 1193 1201 1097 612 1208) (1158 1194 1208 1202 874 346 1098)
 (1099 1159 1195 1203 613 1209 1210 875) (876 1196 1160 1100 173 1204 1208)
 (877 1161 1197 1101 1205 614 1209 1212)
 (1162 1198 878 1206 1210 347 1212 1102)
 (615 1213 1163 1199 1103 1207 1211 879 1214) (21 1168 1104 1184 880)
 (1185 1105 881 616 1169 1216) (1186 1170 882 1106 348 1216)
 (1217 1218 1187 1171 883 1107 617) (1172 1188 174 884 1108 1216)
 (1217 1220 1189 1109 1173 885 618) (1218 1220 1190 1110 1174 349 886)
 (1219 1221 1111 1191 887 1175 619 1222) (888 1112 1200 43 1176 1216)
 (1217 1224 1177 1201 1113 889 620) (1218 1114 1224 1202 1178 890 350)
 (1219 1115 1225 1226 1203 891 621 1179) (892 1224 175 1180 1204 1220 1116)
 (1181 1221 1225 893 1228 1205 1117 622)
 (1222 1226 1228 894 1118 1206 1182 351)
 (1223 1227 1229 1230 623 1119 1207 895 1183) (3 1008 896) (897 1009 1232 624)
 (898 1010 1232 352) (625 1233 899 1011 1234) (900 1232 1012 176)
 (1233 626 1236 901 1013) (353 1234 1236 902 1014)
 (627 903 1235 1237 1238 1015) (92 1232 1016 904) (905 354 1240 1017 1234)
 (177 906 1236 1240 1018) (355 1238 1241 1242 1019 907) (908 1232 1020 68)
 (1233 1021 628 909 1244) (1244 1234 356 910 1022)
 (629 1235 911 1245 1246 1023) (1244 178 1024 1236 912)
 (913 1025 630 1237 1245 1248) (914 357 1026 1238 1246 1248)
 (1249 1250 915 631 1027 1239 1247) (1244 916 93 1240 1028)
 (1252 1029 358 1241 917 1246) (1252 918 1030 179 1242 1248)
 (1250 1253 359 1031 919 1243 1254) (1232 44 1032 920) (921 1033 1233 1256 632)
 (922 1034 1234 1256 360) (633 1258 923 1257 1235 1035)
 (1256 924 1236 180 1036) (1257 634 1260 925 1237 1037)
 (361 1258 1260 926 1038 1238) (1259 1261 1262 1039 927 1239 635)
 (1240 1040 94 1256 928) (1041 362 1264 929 1258 1241)
 (1042 1260 1264 930 181 1242) (363 931 1262 1265 1266 1043 1243)
 (69 932 1244 1256 1044) (1257 636 1268 1045 933 1245)
 (1258 364 1268 934 1246 1046) (935 1259 637 1269 1270 1047 1247)
 (1260 1268 936 182 1048 1248) (1249 1261 638 1049 1269 1272 937)
 (1250 1272 365 1262 1270 1050 938) (1251 1263 639 1271 1273 1274 939 1051)
 (1252 95 1264 1268 940 1052) (1253 941 366 1265 1270 1276 1053)
 (1254 1054 1266 183 1272 1276 942) (1255 367 1267 943 1274 1277 1278 1055)
 (22 1056 1232 944) (945 1057 1233 1280 640) (946 1280 1058 1234 368)
 (1281 1282 947 1059 641 1235) (1060 948 1236 1280 184)
 (1281 1284 949 642 1237 1061) (1282 1284 950 369 1238 1062)
 (1283 1285 951 1063 643 1239 1286) (1280 1064 45 1256 952)
 (1281 1288 953 1257 1065 644) (1282 1066 1288 954 370 1258)
 (1283 1289 1290 1259 1067 645 955) (956 1260 1288 1068 1284 185)
 (1285 1289 957 1292 1069 646 1261) (1286 1290 1292 1262 958 371 1070)
 (1287 959 1291 1293 1294 1263 1071 647) (1072 11 1232 960)
 (961 1073 1233 1296 648) (962 372 1234 1296 1074)
 (1075 1297 1298 963 1235 649) (1076 186 964 1236 1296)
 (1077 1297 1300 1237 650 965) (1078 1298 1300 373 1238 966)
 (967 1239 1299 1301 1302 1079 651) (70 1296 1080 1244 968)
 (1297 1081 1304 969 652 1245) (1082 1298 374 1304 970 1246)
 (1299 1305 1306 971 653 1083 1247) (972 1300 1304 187 1084 1248)
 (1249 973 1301 1305 1308 1085 654) (1250 1086 1302 375 1306 1308 974)
 (1251 975 655 1303 1307 1309 1310 1087) (1296 1088 46 1256 976)
 (977 1089 1257 1297 656 1312) (978 1090 1258 1298 376 1312)
 (657 1313 979 1314 1259 1091 1299) (1092 1260 980 1300 188 1312)
 (1313 658 1316 981 1261 1301 1093) (1314 1316 982 1262 1302 377 1094)
 (659 1317 983 1095 1315 1263 1303 1318) (71 1096 984 1268 1304 1312)
 (1313 660 1320 985 1097 1269 1305) (1314 1320 986 1270 1098 1306 378)
 (1315 661 1321 1322 987 1271 1307 1099) (1316 1320 1100 988 1272 1308 189)
 (1317 662 1321 989 1324 1101 1273 1309)
 (1318 1322 1324 990 1102 1274 379 1310)
 (663 1319 1323 1325 1326 1103 991 1275 1311) (23 1104 1296 1280 992)
 (1281 1105 664 1328 993 1297) (1282 1298 1328 994 1106 380)
 (1283 665 1107 1329 1330 995 1299) (1284 1328 1108 1300 190 996)
 (1285 666 1109 1329 1332 1301 997) (1286 1110 1330 1332 1302 381 998)
 (999 1287 667 1303 1331 1333 1334 1111) (1288 1000 1328 47 1112 1312)
 (1313 1289 668 1329 1113 1336 1001) (1314 1290 1336 1330 1114 1002 382)
 (1315 1291 669 1331 1337 1338 1003 1115) (1316 1292 1004 1332 1336 1116 191)
 (1317 1005 1293 670 1333 1337 1340 1117)
 (1318 1294 1118 1334 1338 1340 1006 383)
 (1319 1007 1295 671 1335 1339 1341 1342 1119) NIL (1344 672) (1344 384)
 (1345 673 1346) (1344 192) (674 1345 1348) (385 1348 1346)
 (675 1349 1350 1347) (1344 96) (1345 676 1352) (386 1346 1352)
 (1353 1354 677 1347) (193 1348 1352) (1353 1356 1349 678) (1354 387 1356 1350)
 (1355 1357 679 1351 1358) (1344 72) (1345 680 1360) (194 1348 1360)
 (1361 681 1349 1362) (97 1360 1352) (1353 1361 1364 682) (1362 195 1356 1364)
 (1365 1363 1357 1366 683) (1344 48) (1345 684 1368) (1368 1346 388)
 (1369 1370 685 1347) (196 1348 1368) (1369 1372 1349 686) (389 1370 1372 1350)
 (1371 1373 687 1351 1374) (98 1368 1352) (1353 1369 1376 688)
 (1354 1376 1370 390) (689 1377 1355 1371 1378) (1372 1356 197 1376)
 (1373 690 1380 1357 1377) (1378 391 1380 1358 1374)
 (691 1375 1379 1381 1382 1359) (73 1368 1360) (1361 1369 692 1384)
 (1362 1372 198 1384) (1385 1373 1363 693 1386) (1384 99 1364 1376)
 (1377 1385 1388 1365 694) (1386 1388 1380 1366 199)
 (695 1367 1381 1387 1389 1390) (1344 24) (1345 1392 696) (1392 1346 392)
 (697 1393 1347 1394) (1348 1392 200) (1393 698 1396 1349) (393 1394 1396 1350)
 (699 1397 1395 1351 1398) (100 1392 1352) (1353 1393 700 1400)
 (1394 1354 1400 394) (1401 1402 1355 701 1395) (201 1356 1396 1400)
 (1401 1397 1404 1357 702) (1402 395 1404 1358 1398)
 (1359 1399 1403 1405 1406 703) (74 1392 1360) (1361 1393 1408 704)
 (1362 1396 1408 202) (705 1409 1363 1397 1410) (1364 101 1408 1400)
 (1401 706 1409 1365 1412) (1412 1410 203 1404 1366)
 (707 1413 1414 1411 1367 1405) (49 1392 1368) (1369 1393 708 1416)
 (1370 396 1416 1394) (1417 1418 1371 709 1395) (204 1372 1396 1416)
 (1417 1397 1420 1373 710) (1418 1420 397 1374 1398)
 (711 1419 1421 1422 1375 1399) (1416 1400 102 1376) (1377 1401 1417 1424 712)
 (1378 1424 398 1418 1402) (713 1419 1425 1426 1379 1403)
 (1420 1380 205 1404 1424) (714 1421 1425 1428 1381 1405)
 (1422 1426 1428 1382 399 1406) (715 1423 1427 1429 1430 1383 1407)
 (75 1408 1416 1384) (1385 1409 716 1417 1432) (1386 1432 1420 206 1410)
 (1411 717 1421 1433 1434 1387) (1432 1388 1412 103 1424)
 (1413 718 1425 1433 1436 1389) (1414 207 1428 1434 1436 1390)
 (1415 719 1429 1435 1437 1438 1391) (1344 6) (1345 1440 736) (1440 1346 408)
 (737 1441 1347 1442) (1440 1348 212) (1441 738 1444 1349) (409 1442 1444 1350)
 (739 1445 1443 1351 1446) (1440 106 1352) (1353 1441 740 1448)
 (1354 1448 1442 410) (1449 1450 1355 741 1443) (1444 1356 213 1448)
 (1449 1445 1452 1357 742) (1450 411 1452 1358 1446)
 (1447 1451 1453 1454 743 1359) (1440 50 1368) (1369 1441 1456 744)
 (1370 1456 412 1442) (745 1457 1371 1443 1458) (1444 1372 214 1456)
 (1445 746 1460 1373 1457) (1458 1460 413 1374 1446)
 (1447 1375 1459 1461 1462 747) (1456 1448 107 1376) (1377 1449 748 1457 1464)
 (1378 1464 414 1458 1450) (1451 1459 1379 1465 1466 749)
 (1460 1452 1380 215 1464) (1453 1461 1465 1381 1468 750)
 (1454 1462 1466 1468 415 1382) (1383 1455 1463 1467 1469 1470 751)
 (26 1440 1392) (1393 1441 1472 752) (1394 1472 1442 416)
 (753 1473 1395 1443 1474) (1472 1444 1396 216) (1445 754 1476 1397 1473)
 (417 1474 1476 1398 1446) (755 1477 1478 1447 1475 1399) (1472 1448 108 1400)
 (1401 1449 756 1473 1480) (1402 1480 1474 1450 418)
 (1475 757 1481 1482 1451 1403) (217 1476 1452 1404 1480)
 (1477 758 1481 1484 1453 1405) (419 1478 1482 1484 1454 1406)
 (759 1479 1483 1485 1486 1455 1407) (1472 1456 51 1416)
 (1417 1457 1488 1473 760) (1488 1418 420 1474 1458)
 (1475 761 1419 1489 1490 1459) (1476 218 1460 1420 1488)
 (1477 762 1421 1489 1492 1461) (421 1478 1422 1490 1492 1462)
 (1479 763 1423 1491 1493 1494 1463) (109 1480 1464 1488 1424)
 (1489 1481 764 1425 1496 1465) (422 1490 1482 1426 1496 1466)
 (1483 765 1427 1491 1497 1498 1467) (1484 219 1428 1496 1492 1468)
 (1485 766 1429 1497 1493 1500 1469) (423 1486 1494 1498 1500 1470 1430)
 (1431 1487 767 1495 1499 1501 1502 1471) (1344 4) (1345 1504 784)
 (1504 1346 432) (785 1505 1347 1506) (1504 1348 224) (1505 786 1508 1349)
 (433 1506 1508 1350) (787 1509 1507 1351 1510) (1504 112 1352)
 (1353 1505 788 1512) (1354 1512 1506 434) (1513 1514 1355 789 1507)
 (225 1508 1356 1512) (1513 1509 1516 1357 790) (1514 435 1516 1358 1510)
 (1511 1515 1517 1518 791 1359) (1504 76 1360) (1361 1505 1520 792)
 (1520 1362 1508 226) (793 1521 1363 1509 1522) (113 1520 1364 1512)
 (1513 794 1524 1365 1521) (1524 1522 227 1516 1366)
 (1517 1367 1523 1525 1526 795) (1504 52 1368) (1369 1505 796 1528)
 (1528 1370 436 1506) (1529 1530 1371 797 1507) (1508 1372 228 1528)
 (1529 1509 1532 1373 798) (1530 1532 437 1374 1510)
 (1511 1375 1531 1533 1534 799) (1528 114 1512 1376) (1377 1513 1536 1529 800)
 (1378 1536 1530 438 1514) (801 1537 1538 1515 1379 1531)
 (1516 1532 1380 229 1536) (1537 802 1540 1517 1381 1533)
 (1538 1540 439 1518 1382 1534) (803 1541 1542 1539 1519 1383 1535)
 (1528 1520 77 1384) (1385 1521 804 1529 1544) (1386 1532 1544 230 1522)
 (805 1545 1546 1523 1387 1533) (1524 115 1388 1544 1536)
 (1537 806 1545 1548 1525 1389) (1540 231 1546 1548 1526 1390)
 (1541 807 1547 1549 1550 1527 1391) (1504 28 1392) (1393 1505 1552 808)
 (1394 1552 1506 440) (809 1553 1395 1507 1554) (1508 1396 1552 232)
 (1553 810 1556 1397 1509) (441 1554 1556 1398 1510)
 (1511 811 1555 1557 1558 1399) (1512 116 1552 1400) (1401 1513 1553 812 1560)
 (1554 1402 1560 1514 442) (1515 813 1555 1561 1562 1403)
 (233 1516 1404 1556 1560) (1517 814 1557 1561 1564 1405)
 (443 1518 1558 1562 1564 1406) (1519 815 1559 1563 1565 1566 1407)
 (1520 1552 78 1408) (1409 1521 1553 1568 816) (1410 1556 1522 1568 234)
 (1569 1570 1411 817 1523 1557) (1524 1412 117 1568 1560)
 (1569 1572 1413 818 1525 1561) (1570 1572 1414 235 1526 1564)
 (1571 1573 1574 1415 819 1527 1565) (53 1528 1552 1416)
 (1417 1529 1553 820 1576) (1554 1418 444 1576 1530)
 (1577 1578 1419 1555 821 1531) (1532 1420 1556 236 1576)
 (1577 1580 1421 1557 822 1533) (1578 1580 445 1422 1558 1534)
 (1559 1579 1581 1582 1423 823 1535) (1576 1536 1560 118 1424)
 (1537 1577 1584 1425 824 1561) (1538 1578 446 1584 1426 1562)
 (1539 1579 1585 1586 1427 825 1563) (1540 1580 237 1584 1428 1564)
 (1541 1581 1585 1588 1429 826 1565) (1542 1582 447 1586 1588 1430 1566)
 (1543 1583 1587 1589 1590 1431 827 1567) (1544 1568 1576 79 1432)
 (1569 1545 1577 1592 1433 828) (1570 1546 1580 238 1592 1434)
 (1571 1547 1581 1593 1594 1435 829) (1572 1548 1584 119 1592 1436)
 (1573 1549 1585 1593 1596 1437 830) (1574 1550 239 1588 1594 1596 1438)
 (1575 1551 1589 1439 1595 1597 1598 831) (7 1504 1440) (1441 1505 1600 848)
 (1442 1600 1506 456) (849 1601 1443 1507 1602) (1508 1444 244 1600)
 (1601 850 1604 1445 1509) (457 1602 1604 1446 1510)
 (1603 1605 1447 1511 851 1606) (122 1512 1600 1448) (1449 1513 852 1601 1608)
 (1450 1602 1608 1514 458) (1603 1609 1610 1451 853 1515)
 (1516 1452 245 1604 1608) (1605 1609 1453 1612 1517 854)
 (1606 1610 1612 1454 1518 459) (1607 1611 1613 1614 1519 1455 855)
 (54 1528 1600 1456) (1457 1529 1616 1601 856) (1458 1602 460 1616 1530)
 (1603 1617 1618 1459 857 1531) (1532 1460 246 1604 1616)
 (1605 1617 1620 1461 858 1533) (1606 1618 1620 1462 461 1534)
 (1607 1619 1621 1622 1463 859 1535) (123 1536 1616 1608 1464)
 (1537 1609 1617 1624 1465 860) (1538 1610 1618 1624 1466 462)
 (1539 1611 1619 1625 1626 1467 861) (1540 1612 1620 247 1624 1468)
 (1541 1613 1621 1625 1628 1469 862) (1542 1614 1622 1626 1628 1470 463)
 (1543 1615 1471 1623 1627 1629 1630 863) (1600 1552 30 1472)
 (1473 1553 1632 1601 864) (1554 1474 1602 1632 464)
 (865 1633 1603 1634 1475 1555) (1476 1556 1632 1604 248)
 (1633 866 1636 1477 1557 1605) (465 1634 1636 1606 1558 1478)
 (1635 1637 1479 1607 867 1559 1638) (124 1560 1632 1608 1480)
 (1633 868 1640 1481 1609 1561) (1634 1640 1482 466 1610 1562)
 (1635 869 1641 1642 1611 1563 1483) (1612 1640 1484 1636 249 1564)
 (1637 870 1641 1485 1644 1613 1565) (467 1638 1642 1644 1614 1486 1566)
 (871 1639 1643 1645 1646 1615 1487 1567) (55 1576 1632 1616 1488)
 (1633 1617 872 1577 1648 1489) (1634 468 1618 1578 1648 1490)
 (1635 873 1579 1491 1649 1650 1619) (1636 1580 1648 1492 1620 250)
 (1637 874 1581 1649 1652 1493 1621) (469 1638 1582 1650 1652 1622 1494)
 (1495 1639 875 1583 1651 1653 1654 1623) (1640 1496 1648 1624 1584 125)
 (1649 1641 876 1585 1625 1656 1497) (470 1586 1642 1656 1650 1626 1498)
 (1643 877 1651 1587 1657 1658 1627 1499) (1628 1644 1652 1588 1656 251 1500)
 (1501 1645 878 1653 1657 1589 1660 1629)
 (471 1646 1502 1654 1658 1660 1630 1590)
 (1591 1503 1647 879 1655 1659 1661 1662 1631) (1344 2) (1345 1664 896)
 (1664 1346 480) (897 1665 1347 1666) (1348 1664 256) (1665 898 1668 1349)
 (481 1666 1668 1350) (899 1669 1667 1351 1670) (128 1664 1352)
 (1353 1665 900 1672) (1354 1666 1672 482) (1673 1674 1355 901 1667)
 (257 1356 1672 1668) (1673 1669 1676 1357 902) (1674 483 1676 1358 1670)
 (1671 1675 1677 1678 903 1359) (80 1664 1360) (1361 1665 1680 904)
 (1362 1668 1680 258) (905 1681 1363 1669 1682) (129 1364 1680 1672)
 (1673 906 1684 1365 1681) (1682 259 1676 1366 1684)
 (1677 1367 1683 1685 1686 907) (56 1664 1368) (1369 1665 908 1688)
 (1370 484 1688 1666) (1689 1690 1371 909 1667) (260 1372 1688 1668)
 (1689 1669 1692 1373 910) (1690 1692 485 1374 1670)
 (1671 1375 1691 1693 1694 911) (130 1672 1688 1376) (1377 1673 1696 1689 912)
 (1378 1690 1696 486 1674) (913 1697 1698 1675 1379 1691)
 (1696 1380 261 1692 1676) (1697 914 1700 1677 1381 1693)
 (1698 1700 487 1678 1382 1694) (915 1701 1702 1699 1679 1383 1695)
 (1680 81 1688 1384) (1385 1681 916 1689 1704) (1704 1386 1692 262 1682)
 (917 1705 1706 1683 1387 1693) (1704 131 1388 1696 1684)
 (1697 918 1705 1708 1685 1389) (1700 263 1706 1708 1686 1390)
 (1701 919 1707 1709 1710 1687 1391) (32 1664 1392) (1393 1665 1712 920)
 (1712 1394 1666 488) (921 1713 1395 1667 1714) (1712 1396 1668 264)
 (1713 922 1716 1397 1669) (489 1714 1716 1398 1670)
 (1671 923 1715 1717 1718 1399) (1712 132 1672 1400) (1401 1673 924 1713 1720)
 (1720 1402 1674 1714 490) (1675 925 1715 1721 1722 1403)
 (265 1720 1716 1404 1676) (1677 926 1717 1721 1724 1405)
 (491 1678 1718 1722 1724 1406) (1679 927 1719 1723 1725 1726 1407)
 (1712 1680 82 1408) (1409 1681 1728 1713 928) (1716 1410 1728 1682 266)
 (1729 1730 1411 929 1683 1717) (1720 1728 1412 133 1684)
 (1729 1732 1413 930 1685 1721) (1730 1732 1414 267 1686 1724)
 (1731 1733 1734 1415 931 1687 1725) (57 1712 1688 1416)
 (1417 1689 932 1713 1736) (1418 492 1714 1736 1690)
 (1737 1738 1419 1715 933 1691) (1716 268 1420 1736 1692)
 (1737 1740 1421 1717 934 1693) (1738 1740 493 1422 1718 1694)
 (935 1739 1741 1742 1423 1719 1695) (1720 1736 1696 134 1424)
 (1697 1737 1744 1425 936 1721) (1698 1738 494 1744 1426 1722)
 (1699 1739 1745 1746 1427 937 1723) (1700 1740 269 1744 1428 1724)
 (1701 1741 1745 1748 1429 938 1725) (1702 1742 495 1746 1748 1430 1726)
 (1703 1743 1747 1749 1750 1431 939 1727) (1728 1736 1704 83 1432)
 (1729 1705 1737 1752 1433 940) (1730 1706 1740 270 1752 1434)
 (1731 1707 1741 1753 1754 1435 941) (1732 1708 1744 135 1752 1436)
 (1733 1709 1745 1753 1756 1437 942) (1734 1710 271 1748 1754 1756 1438)
 (1735 1711 1749 1439 1755 1757 1758 943) (8 1664 1440) (1441 1665 1760 960)
 (1442 1666 1760 504) (961 1761 1443 1667 1762) (276 1444 1760 1668)
 (1761 962 1764 1445 1669) (505 1762 1764 1446 1670)
 (1763 1765 1447 1671 963 1766) (138 1672 1760 1448) (1449 1673 1761 964 1768)
 (1450 1768 1674 1762 506) (1763 1769 1770 1451 965 1675)
 (1764 1452 277 1768 1676) (1765 1769 1453 1772 1677 966)
 (1766 1770 1772 1454 1678 507) (1767 1771 1773 1774 1679 1455 967)
 (58 1688 1760 1456) (1457 1689 1761 1776 968) (1458 1776 508 1762 1690)
 (1763 1777 1778 1459 969 1691) (1764 1460 1776 278 1692)
 (1765 1777 1780 1461 970 1693) (1766 1778 1780 1462 509 1694)
 (1767 1779 1781 1782 1463 971 1695) (139 1696 1768 1776 1464)
 (1697 1769 1777 1784 1465 972) (1698 1770 1778 1784 1466 510)
 (1699 1771 1779 1785 1786 1467 973) (1700 1772 1780 279 1784 1468)
 (1701 1773 1781 1785 1788 1469 974) (1702 1774 1782 1786 1788 1470 511)
 (1703 1775 1471 1783 1787 1789 1790 975) (1760 1712 34 1472)
 (1473 1713 1761 1792 976) (1474 1792 1714 1762 512)
 (977 1793 1475 1794 1763 1715) (1716 1764 1476 1792 280)
 (1793 978 1796 1765 1717 1477) (513 1794 1796 1478 1718 1766)
 (979 1797 1479 1767 1795 1719 1798) (1720 1768 140 1792 1480)
 (1793 980 1800 1481 1769 1721) (1794 1800 1482 1770 1722 514)
 (1795 981 1801 1802 1483 1723 1771) (1796 1800 1484 1772 281 1724)
 (1797 982 1801 1485 1804 1773 1725) (515 1798 1802 1804 1486 1774 1726)
 (983 1799 1803 1805 1806 1775 1487 1727) (59 1736 1776 1792 1488)
 (1793 1777 984 1737 1808 1489) (1794 516 1778 1738 1808 1490)
 (1795 985 1739 1779 1809 1810 1491) (1796 1492 1808 1740 1780 282)
 (1797 986 1741 1809 1812 1781 1493) (517 1798 1742 1810 1812 1494 1782)
 (1495 1799 987 1743 1811 1813 1814 1783) (1800 1496 1744 1784 1808 141)
 (1809 1801 988 1745 1785 1816 1497) (518 1746 1802 1816 1810 1786 1498)
 (1803 989 1747 1811 1817 1818 1499 1787) (1788 1804 1812 1748 1816 283 1500)
 (1501 1805 990 1749 1817 1813 1820 1789)
 (519 1806 1502 1814 1818 1820 1790 1750)
 (1751 1503 1807 991 1815 1819 1821 1822 1791) (1344 1) (1345 1824 1008)
 (1824 1346 528) (1009 1825 1347 1826) (1824 1348 288) (1825 1010 1828 1349)
 (529 1826 1828 1350) (1011 1829 1827 1351 1830) (1824 144 1352)
 (1353 1825 1012 1832) (1354 1832 1826 530) (1833 1834 1355 1013 1827)
 (289 1828 1356 1832) (1833 1829 1836 1357 1014) (1834 531 1836 1358 1830)
 (1831 1835 1837 1838 1015 1359) (1824 84 1360) (1361 1825 1840 1016)
 (1362 1828 1840 290) (1017 1841 1363 1829 1842) (145 1840 1364 1832)
 (1833 1018 1844 1365 1841) (1842 291 1836 1366 1844)
 (1837 1367 1843 1845 1846 1019) (1824 60 1368) (1369 1825 1020 1848)
 (1370 532 1848 1826) (1849 1850 1371 1021 1827) (1828 1372 1848 292)
 (1849 1829 1852 1373 1022) (1850 1852 533 1374 1830)
 (1831 1375 1851 1853 1854 1023) (146 1832 1848 1376)
 (1377 1833 1856 1849 1024) (1378 1850 1856 534 1834)
 (1025 1857 1858 1835 1379 1851) (1836 1380 293 1856 1852)
 (1857 1026 1860 1837 1381 1853) (1858 1860 535 1838 1382 1854)
 (1027 1861 1862 1859 1839 1383 1855) (1848 1840 85 1384)
 (1385 1841 1864 1028 1849) (1386 1864 1852 294 1842)
 (1029 1865 1866 1843 1387 1853) (1844 147 1388 1864 1856)
 (1857 1030 1865 1868 1845 1389) (1860 295 1866 1868 1846 1390)
 (1861 1031 1867 1869 1870 1847 1391) (1824 36 1392) (1393 1825 1872 1032)
 (1394 1872 1826 536) (1033 1873 1395 1827 1874) (1828 1872 1396 296)
 (1873 1034 1876 1397 1829) (537 1874 1876 1398 1830)
 (1831 1035 1875 1877 1878 1399) (1832 1872 148 1400)
 (1401 1833 1873 1036 1880) (1402 1880 1834 1874 538)
 (1835 1037 1875 1881 1882 1403) (297 1836 1876 1404 1880)
 (1837 1038 1877 1881 1884 1405) (539 1838 1878 1882 1884 1406)
 (1839 1039 1879 1883 1885 1886 1407) (1872 1840 86 1408)
 (1409 1841 1873 1888 1040) (1410 1888 1876 1842 298)
 (1889 1890 1411 1041 1843 1877) (1844 1888 1412 149 1880)
 (1889 1892 1413 1042 1845 1881) (1890 1892 1414 299 1846 1884)
 (1891 1893 1894 1415 1043 1847 1885) (61 1872 1848 1416)
 (1417 1849 1873 1044 1896) (1418 540 1896 1874 1850)
 (1897 1898 1419 1875 1045 1851) (1852 1876 1420 1896 300)
 (1897 1900 1421 1877 1046 1853) (1898 1900 541 1422 1878 1854)
 (1047 1899 1901 1902 1423 1879 1855) (1896 1880 1856 150 1424)
 (1857 1897 1904 1425 1048 1881) (1858 1898 542 1904 1426 1882)
 (1859 1899 1905 1906 1427 1049 1883) (1860 1900 301 1904 1428 1884)
 (1861 1901 1905 1908 1429 1050 1885) (1862 1902 543 1906 1908 1430 1886)
 (1863 1903 1907 1909 1910 1431 1051 1887) (1896 1888 1864 87 1432)
 (1889 1865 1897 1912 1433 1052) (1890 1866 1900 302 1912 1434)
 (1891 1867 1901 1913 1914 1435 1053) (1892 1868 1904 151 1912 1436)
 (1893 1869 1905 1913 1916 1437 1054) (1894 1870 303 1908 1914 1916 1438)
 (1895 1871 1909 1439 1915 1917 1918 1055) (9 1824 1440) (1441 1825 1920 1072)
 (1442 1920 1826 552) (1073 1921 1443 1827 1922) (1828 1444 1920 308)
 (1921 1074 1924 1445 1829) (553 1922 1924 1446 1830)
 (1923 1925 1447 1831 1075 1926) (154 1832 1920 1448)
 (1449 1833 1921 1076 1928) (1922 1450 1928 1834 554)
 (1923 1929 1930 1451 1077 1835) (1836 1452 309 1924 1928)
 (1925 1929 1453 1932 1837 1078) (1926 1930 1932 1454 1838 555)
 (1927 1931 1933 1934 1839 1455 1079) (62 1848 1920 1456)
 (1457 1849 1921 1936 1080) (1922 1458 556 1936 1850)
 (1923 1937 1938 1459 1081 1851) (1852 1460 1924 310 1936)
 (1925 1937 1940 1461 1082 1853) (1926 1938 1940 1462 557 1854)
 (1927 1939 1941 1942 1463 1083 1855) (155 1856 1928 1936 1464)
 (1857 1929 1937 1944 1465 1084) (1858 1930 1938 1944 1466 558)
 (1859 1931 1939 1945 1946 1467 1085) (1860 1932 1940 311 1944 1468)
 (1861 1933 1941 1945 1948 1469 1086) (1862 1934 1942 1946 1948 1470 559)
 (1863 1935 1471 1943 1947 1949 1950 1087) (1920 1872 38 1472)
 (1473 1873 1921 1952 1088) (1922 1474 1952 1874 560)
 (1089 1953 1475 1954 1923 1875) (1876 1476 1924 1952 312)
 (1953 1090 1956 1925 1877 1477) (561 1954 1956 1926 1878 1478)
 (1091 1957 1479 1927 1955 1879 1958) (1880 156 1928 1952 1480)
 (1953 1092 1960 1481 1929 1881) (1954 1960 1930 562 1482 1882)
 (1955 1093 1961 1962 1483 1883 1931) (1932 1960 1484 1956 313 1884)
 (1957 1094 1961 1485 1964 1933 1885) (563 1958 1962 1964 1934 1486 1886)
 (1959 1095 1963 1965 1966 1935 1487 1887) (63 1896 1936 1952 1488)
 (1953 1937 1096 1897 1968 1489) (1954 564 1490 1898 1968 1938)
 (1955 1097 1899 1939 1969 1970 1491) (1956 1900 1968 1492 314 1940)
 (1957 1098 1901 1969 1972 1941 1493) (565 1958 1902 1970 1972 1942 1494)
 (1495 1959 1099 1903 1971 1973 1974 1943) (1960 1496 1968 1944 1904 157)
 (1969 1961 1100 1905 1945 1976 1497) (566 1906 1962 1976 1970 1498 1946)
 (1963 1101 1907 1971 1977 1978 1499 1947) (1500 1964 1948 1972 1976 315 1908)
 (1501 1965 1102 1909 1977 1973 1980 1949)
 (567 1966 1502 1974 1978 1980 1950 1910)
 (1911 1967 1103 1503 1975 1979 1981 1982 1951) (5 1824 1504)
 (1505 1825 1984 1120) (1506 1984 1826 576) (1121 1985 1507 1827 1986)
 (1828 1508 1984 320) (1985 1122 1988 1509 1829) (577 1986 1988 1510 1830)
 (1987 1989 1511 1831 1123 1990) (1832 160 1984 1512)
 (1513 1833 1124 1985 1992) (1514 1986 1992 1834 578)
 (1987 1125 1993 1994 1515 1835) (321 1836 1516 1988 1992)
 (1989 1126 1993 1517 1996 1837) (1990 1994 1996 1518 1838 579)
 (1127 1991 1995 1997 1998 1839 1519) (1840 88 1984 1520)
 (1521 1841 2000 1985 1128) (1522 1988 1842 2000 322)
 (1989 1129 1843 2001 2002 1523) (161 1844 1524 2000 1992)
 (1993 1130 2001 2004 1525 1845) (323 1996 2002 2004 1526 1846)
 (1527 1131 1997 2003 2005 2006 1847) (1848 64 1984 1528)
 (1529 1849 1132 1985 2008) (1530 1986 580 2008 1850)
 (1987 1133 2009 2010 1531 1851) (324 1852 1532 1988 2008)
 (1989 1533 1134 2009 2012 1853) (1990 1854 581 2010 2012 1534)
 (1991 1135 1535 2011 2013 2014 1855) (2008 162 1856 1992 1536)
 (1537 1857 1993 1136 2009 2016) (1538 1858 1994 582 2010 2016)
 (2017 2018 1539 1995 1859 1137 2011) (1860 325 1996 1540 2012 2016)
 (2017 2020 1861 1997 1138 1541 2013) (2018 2020 1542 1998 583 2014 1862)
 (2019 2021 1543 1863 1999 1139 2015 2022) (89 2008 1864 2000 1544)
 (2024 1545 2001 1865 1140 2009) (326 2024 1546 2002 1866 2012)
 (2025 2026 1547 2003 1141 2013 1867) (163 1868 2024 1548 2004 2016)
 (2017 2025 1549 2028 1869 2005 1142) (2020 327 2026 2028 1550 1870 2006)
 (2021 1143 2027 2029 2030 1871 1551 2007) (1872 40 1984 1552)
 (1553 1873 2032 1985 1144) (1554 1986 2032 1874 584)
 (1987 1875 2033 2034 1555 1145) (1876 1556 2032 1988 328)
 (1989 2033 1557 2036 1877 1146) (1990 2034 2036 1558 585 1878)
 (1559 1991 2035 2037 2038 1879 1147) (1880 164 2032 1992 1560)
 (1993 2033 1881 2040 1561 1148) (1994 1882 2034 2040 1562 586)
 (1995 2035 2041 2042 1563 1149 1883) (1564 329 1996 2036 2040 1884)
 (1565 1997 2037 2041 2044 1885 1150) (1998 1886 2038 2042 587 2044 1566)
 (1999 1151 2039 1567 2043 2045 2046 1887) (90 1888 2032 2000 1568)
 (1569 1889 2033 2001 1152 2048) (1570 1890 330 2002 2036 2048)
 (1153 2049 1571 2050 1891 2003 2037) (1892 165 1572 2040 2004 2048)
 (2049 1154 2052 1573 2005 2041 1893) (2050 2052 1574 331 2006 2044 1894)
 (1155 2053 1575 1895 2051 2007 2045 2054) (1896 65 2032 2008 1576)
 (1156 2056 1577 2033 1897 2009) (2056 1578 2034 1898 2010 588)
 (1157 2057 2058 1579 2035 2011 1899) (1900 1580 2056 332 2036 2012)
 (1158 2057 1581 2060 1901 2037 2013) (2058 2060 1582 1902 2038 589 2014)
 (1159 2059 2061 2062 1903 1583 2039 2015) (166 2056 1904 2040 1584 2016)
 (2017 1905 1160 2057 2064 1585 2041) (2018 1906 2058 2064 1586 2042 590)
 (2019 1161 2059 1907 2065 2066 1587 2043) (2020 2060 333 2064 1908 1588 2044)
 (2021 1162 2061 2065 2068 1589 1909 2045)
 (2022 2062 2066 2068 1590 2046 591 1910)
 (1591 2023 1163 2063 2067 2069 2070 1911 2047) (2056 91 2024 1592 1912 2048)
 (2049 2025 1164 1913 2057 2072 1593) (2050 2026 2060 334 1914 2072 1594)
 (2051 2061 2027 1165 2073 2074 1595 1915) (2052 1596 167 2028 2064 2072 1916)
 (2053 1597 2029 1166 2065 2073 2076 1917)
 (2054 2030 335 1918 2068 2074 2076 1598)
 (2055 2031 2069 1167 2075 2077 2078 1919 1599) (1920 10 1984 1600)
 (1601 1921 2080 1985 1184) (1922 1602 1986 2080 600)
 (1185 2081 1603 2082 1987 1923) (340 1604 1924 1988 2080)
 (2081 1186 2084 1925 1605 1989) (2082 2084 1990 601 1926 1606)
 (1187 2085 1927 1991 2083 1607 2086) (2080 170 1928 1992 1608)
 (2081 1188 2088 1609 1929 1993) (602 2082 2088 1930 1994 1610)
 (2083 1189 2089 2090 1995 1931 1611) (2084 1612 2088 1996 1932 341)
 (2085 1190 2089 1613 2092 1933 1997) (2086 1934 2090 603 2092 1998 1614)
 (1615 1191 2087 2091 2093 2094 1935 1999) (2080 1936 66 2008 1616)
 (2081 1937 1192 2096 1617 2009) (2082 1938 604 2096 1618 2010)
 (2083 1193 1939 2097 2098 1619 2011) (2084 2096 1620 342 2012 1940)
 (2085 1194 2097 2100 1941 1621 2013) (2086 605 2098 2100 1622 2014 1942)
 (1623 2087 1195 2099 2101 2102 1943 2015) (2088 171 1624 2096 1944 2016)
 (2017 2089 1196 2097 1945 2104 1625) (2018 2090 2104 606 2098 1946 1626)
 (2019 2091 1197 2099 2105 2106 1627 1947) (1948 2092 2100 343 2104 1628 2020)
 (2021 1629 2093 1198 2101 2105 2108 1949)
 (2022 2094 607 1950 2102 2106 2108 1630)
 (1631 2023 2095 1199 2103 2107 2109 2110 1951) (2080 42 1952 2032 1632)
 (1633 1953 2081 1200 2033 2112) (1634 2082 1954 608 2034 2112)
 (2113 2114 1635 2083 1201 2035 1955) (2084 344 2036 1636 1956 2112)
 (2113 2116 1957 1202 2037 1637 2085) (2114 2116 2086 609 2038 1958 1638)
 (2115 2117 1959 2087 1639 1203 2039 2118) (2088 172 1640 1960 2040 2112)
 (2113 2120 1641 1961 1204 2089 2041) (2114 2120 1642 610 2090 1962 2042)
 (2115 2121 2122 1643 1963 1205 2043 2091) (2116 1644 2092 1964 345 2120 2044)
 (2117 2121 1645 2124 1965 2093 1206 2045)
 (2118 1966 2124 2094 1646 611 2122 2046)
 (2119 1967 2123 2125 2126 2095 1647 1207 2047) (2056 2096 1968 1648 67 2112)
 (2113 1969 2097 2057 2128 1649 1208) (2114 1970 2098 2058 2128 1650 612)
 (2115 2059 1651 2129 2130 2099 1209 1971) (2100 2116 2060 2128 1652 346 1972)
 (2117 2061 2129 2132 1973 1653 1210 2101)
 (2118 2062 2130 2132 613 2102 1974 1654)
 (1975 2119 2063 1655 2131 2133 2134 2103 1211)
 (2120 1976 173 2064 2104 2128 1656) (2129 2121 2136 2065 1977 2105 1657 1212)
 (2130 2122 2136 2066 1978 614 2106 1658)
 (2123 2131 1979 2067 2137 2138 2107 1213 1659)
 (2132 1660 2124 1980 2068 2136 347 2108)
 (1661 2125 2109 2069 2137 2133 2140 1981 1214)
 (1982 2126 1662 2070 615 2138 2140 2110 2134)
 (1663 2135 1983 2127 1215 2071 2139 2141 2142 2111) (3 1824 1664)
 (1665 1825 2144 1232) (1666 2144 1826 624) (1233 2145 1667 1827 2146)
 (1828 2144 1668 352) (2145 1234 2148 1669 1829) (625 2146 2148 1670 1830)
 (2147 2149 1671 1831 1235 2150) (1832 2144 176 1672)
 (1673 1833 1236 2145 2152) (1674 2152 1834 2146 626)
 (2147 2153 2154 1675 1237 1835) (353 1836 2148 1676 2152)
 (2149 2153 1677 2156 1837 1238) (627 2150 2154 2156 1678 1838)
 (2151 2155 2157 2158 1839 1679 1239) (1840 2144 92 1680)
 (1681 1841 2160 2145 1240) (1682 2160 2148 1842 354)
 (2149 1843 2161 2162 1683 1241) (177 1844 2160 1684 2152)
 (2153 2161 2164 1685 1845 1242) (355 2156 2162 2164 1686 1846)
 (1687 2157 2163 2165 2166 1847 1243) (1848 2144 68 1688)
 (1689 1849 1244 2145 2168) (1690 2168 628 2146 1850)
 (2147 2169 2170 1691 1245 1851) (2168 356 2148 1692 1852)
 (2149 1693 2169 2172 1853 1246) (629 2150 1854 2170 2172 1694)
 (2151 1695 1247 2171 2173 2174 1855) (2168 178 2152 1856 1696)
 (1697 1857 2153 2169 1248 2176) (1698 630 1858 2154 2170 2176)
 (1249 2177 1699 2178 2155 1859 2171) (1860 357 2156 1700 2172 2176)
 (2177 1250 2180 1861 2157 1701 2173) (2178 2180 1702 631 2158 2174 1862)
 (2179 2181 1703 1863 1251 2159 2175 2182) (2168 2160 1864 93 1704)
 (1252 2184 1705 2161 1865 2169) (358 2184 1706 2162 1866 2172)
 (1253 2185 2186 1707 2163 2173 1867) (1868 2184 1708 179 2164 2176)
 (2177 1254 2185 1709 2188 1869 2165) (2180 359 2186 2188 1710 1870 2166)
 (2181 1255 2187 2189 2190 1871 1711 2167) (1872 44 2144 1712)
 (1713 1873 2192 2145 1256) (1714 2192 2146 1874 632)
 (2147 1257 1875 2193 2194 1715) (2148 1876 1716 2192 360)
 (2149 1258 2193 2196 1877 1717) (2150 633 2194 2196 1718 1878)
 (1719 2151 1259 2195 2197 2198 1879) (2152 1880 180 2192 1720)
 (2153 1260 2193 1881 2200 1721) (634 2154 1882 2194 2200 1722)
 (2155 1261 2195 2201 2202 1723 1883) (1724 361 2156 2196 2200 1884)
 (1725 2157 1262 2197 2201 2204 1885) (635 2158 1886 2198 2202 2204 1726)
 (1727 2159 1263 2199 2203 2205 2206 1887) (2160 1888 2192 94 1728)
 (1729 1889 2161 1264 2193 2208) (1730 1890 362 2162 2196 2208)
 (2209 2210 1731 1891 1265 2163 2197) (1732 1892 2164 181 2200 2208)
 (2209 2212 1733 1266 2165 2201 1893) (2210 2212 1734 363 2166 2204 1894)
 (2211 2213 1735 1895 1267 2167 2205 2214) (69 2168 1896 2192 1736)
 (2216 1737 2193 1897 1268 2169) (2216 1738 636 2194 1898 2170)
 (2217 2218 1739 2195 1269 2171 1899) (1740 2216 364 2196 1900 2172)
 (2217 1741 2220 1901 2197 1270 2173) (2218 2220 637 1742 1902 2198 2174)
 (1271 2219 2221 2222 1903 1743 2199 2175) (2216 1904 182 2200 1744 2176)
 (2177 1905 2217 2224 1745 1272 2201) (2178 1906 2218 638 2224 1746 2202)
 (2179 2219 1907 2225 2226 1747 1273 2203) (1748 2180 2220 365 2224 1908 2204)
 (2181 2221 2225 2228 1749 1274 2205 1909)
 (2182 2222 639 2226 2228 1750 2206 1910)
 (1751 2183 2223 2227 2229 2230 1911 1275 2207) (2216 2184 95 1912 1752 2208)
 (2209 2185 2217 1913 2232 1753 1276) (2210 2186 2220 366 1914 1754 2232)
 (2211 2187 2221 2233 2234 1755 1277 1915) (1756 2188 2224 2212 183 2232 1916)
 (2213 1757 2189 2225 2233 2236 1917 1278)
 (2214 2190 367 1918 2228 2234 2236 1758)
 (2215 1759 2191 2229 1279 2235 2237 2238 1919) (2144 1920 11 1760)
 (1761 1921 2240 2145 1296) (1922 1762 2240 2146 648)
 (2241 2242 1763 2147 1297 1923) (372 2148 1764 1924 2240)
 (1765 2241 2244 2149 1298 1925) (2242 2244 1766 649 1926 2150)
 (2243 2245 1927 2151 1299 1767 2246) (186 2152 1928 2240 1768)
 (2241 2248 1769 1929 1300 2153) (2242 2248 1930 2154 1770 650)
 (2243 2249 2250 1771 1931 1301 2155) (2244 2248 2156 1932 1772 373)
 (2245 2249 1933 2252 2157 1773 1302) (2246 1934 2250 2252 1774 2158 651)
 (2247 2253 2251 1775 2254 1935 2159 1303) (70 2168 1936 2240 1776)
 (2241 1937 2256 1777 1304 2169) (2242 1938 2256 1778 2170 652)
 (2243 1939 2257 2258 1779 1305 2171) (2244 2256 1780 374 2172 1940)
 (1781 2245 2257 2260 1941 1306 2173) (2246 2258 2260 1782 653 2174 1942)
 (1783 2247 2259 2261 2262 1943 1307 2175) (2248 1784 2256 1944 187 2176)
 (2177 2249 2257 1945 2264 1785 1308) (2178 2250 2264 2258 1946 1786 654)
 (2179 2251 2259 2265 2266 1787 1309 1947) (1948 2180 2252 2260 375 2264 1788)
 (2181 1789 2253 2261 2265 2268 1949 1310)
 (2182 2254 1950 2262 2266 2268 1790 655)
 (2183 1791 2255 1311 2263 2267 2269 2270 1951) (2240 1952 2192 46 1792)
 (1793 1953 2241 2193 1312 2272) (1794 1954 2242 2194 656 2272)
 (1313 2273 1795 2274 2243 2195 1955) (1796 2244 2196 376 1956 2272)
 (2273 1314 2276 1957 2197 2245 1797) (657 2274 2276 2246 2198 1958 1798)
 (1315 2277 1959 2247 2275 2199 1799 2278) (1960 1800 2248 2200 188 2272)
 (2273 1316 2280 1801 1961 2201 2249) (2274 658 1802 2280 1962 2250 2202)
 (2275 1317 2281 2282 2251 1963 2203 1803) (1964 2280 1804 2276 2252 377 2204)
 (2277 1318 2281 1805 2284 1965 2253 2205)
 (659 2278 1966 2284 2254 1806 2282 2206)
 (1319 2279 1967 2283 2285 2286 2255 1807 2207) (71 2216 1808 1968 2256 2272)
 (2273 1969 1320 2217 2257 2288 1809) (2274 660 1970 2258 2218 2288 1810)
 (2275 1321 2219 2259 2289 2290 1811 1971) (2276 2260 2220 2288 1812 378 1972)
 (2277 1322 2221 2289 2292 1973 2261 1813)
 (661 2278 2222 2290 2292 2262 1974 1814)
 (1975 2279 1323 2223 2291 2293 2294 2263 1815)
 (2280 2264 2288 2224 1976 1816 189) (2289 2281 1324 2225 1977 2296 1817 2265)
 (662 2290 2282 2296 2226 1978 2266 1818)
 (2283 1325 2291 1979 2227 2297 2298 2267 1819)
 (1980 2292 2284 2228 2268 2296 379 1820)
 (2269 1821 2285 1326 2229 2297 2293 2300 1981)
 (663 1982 2286 1822 2230 2298 2300 2270 2294)
 (2295 1983 1823 2287 1327 2231 2299 2301 2302 2271))