(NIL NIL (1 2) NIL (2 4) (1 4) (5 3 6) NIL (4 8) (2 8) (9 5 10) (1 8) (9 6 12)
 (3 10 12) (11 13 7 14) NIL (4 16) (2 16) (5 17 18) (1 16) (17 20 6) (3 18 20)
 (21 22 7 19) NIL (16 24) (8 24) (4 24) (25 17 27) (26 9 27) (2 24) (25 18 30)
 (26 10 30) (5 27 30) (33 28 19 31) (33 11 29 32) (1 24) (25 36 20) (26 12 36)
 (6 27 36) (21 28 37 39) (13 29 38 39) (3 36 30) (22 37 31 42) (38 42 14 32)
 (33 42 7 39) (34 23 45 43 40) (41 35 44 45 15) NIL (24 48) (16 48) (49 25 50)
 (8 48) (49 26 52) (4 48) (49 27 54) (50 54 17) (51 28 55 56) (9 52 54)
 (58 53 29 55) (2 48) (49 60 30) (50 18 60) (51 61 62 31) (52 60 10)
 (53 64 61 32) (5 60 54) (33 66 61 55) (66 19 62 56) (57 34 67 68 63)
 (58 11 66 64) (65 67 59 35 70) (1 48) (49 36 72) (50 72 20) (73 74 51 37)
 (52 12 72) (73 53 76 38) (6 54 72) (73 39 55 78) (21 74 78 56)
 (57 75 80 79 40) (58 76 13 78) (41 82 59 77 79) (3 60 72) (73 42 84 61)
 (22 84 62 74) (43 85 75 63 86) (76 14 84 64) (65 85 44 77 88) (66 7 84 78)
 (85 67 45 79 90) (90 23 68 86 80) (81 87 91 92 69 46) (82 90 70 15 88)
 (83 71 89 91 94 47) NIL (48 96) (24 96) (97 49 98) (16 96) (97 50 100)
 (25 98 100) (99 101 51 102) (8 96) (97 52 104) (26 98 104) (99 105 53 106)
 (4 96) (97 108 54) (98 27 108) (99 109 110 55) (17 100 108) (109 112 101 56)
 (28 112 102 110) (57 113 111 103 114) (9 104 108) (58 109 116 105)
 (116 29 106 110) (59 117 111 107 118) (1 96) (97 120 72) (98 36 120)
 (73 121 99 122) (100 120 20) (121 74 124 101) (122 124 37 102)
 (75 125 123 103 126) (104 12 120) (121 76 105 128) (122 128 106 38)
 (129 130 123 77 107) (6 108 120) (121 132 109 78) (122 132 110 39)
 (123 133 79 111 134) (21 124 132 112) (113 133 136 125 80)
 (114 134 136 126 40) (81 137 138 115 127 135) (116 13 132 128)
 (129 82 140 117 133) (41 130 140 118 134) (83 141 142 119 131 135) NIL
 (96 144) (48 144) (145 97 146) (24 144) (145 98 148) (49 146 148)
 (147 149 99 150) (16 144) (145 100 152) (146 152 50) (153 154 147 101)
 (25 148 152) (153 156 149 102) (154 51 156 150) (155 157 103 151 158) (8 144)
 (145 104 160) (146 160 52) (161 162 147 105) (26 148 160) (161 164 149 106)
 (162 53 164 150) (163 165 107 151 166) (2 144) (146 60 168) (148 30 168)
 (169 170 61 150) (18 168 152) (169 154 172 62) (170 156 31 172)
 (171 173 158 63 174) (10 168 160) (169 162 176 64) (170 164 176 32)
 (65 177 171 166 178) NIL (144 180) (96 180) (181 145 182) (48 180)
 (181 146 184) (97 182 184) (183 185 147 186) (24 180) (181 148 188)
 (182 188 98) (189 190 183 149) (49 184 188) (189 192 185 150) (190 99 192 186)
 (191 193 151 187 194) (16 180) (181 196 152) (182 100 196) (153 197 183 198)
 (50 184 196) (197 154 200 185) (198 200 101 186) (155 201 199 187 202)
 (25 196 188) (189 197 156 204) (190 204 102 198) (205 206 191 157 199)
 (200 51 192 204) (205 201 208 193 158) (206 208 194 103 202)
 (159 195 203 207 209 210) (4 180) (182 108 212) (184 54 212) (213 214 109 186)
 (27 212 188) (213 190 216 110) (214 192 216 55) (215 217 194 111 218)
 (17 212 196) (213 198 220 112) (214 200 220 56) (113 221 215 202 222)
 (28 216 220 204) (221 206 224 217 114) (57 222 224 208 218)
 (223 225 226 115 210 219) (2 180) (181 228 168) (184 60 228) (169 229 185 230)
 (228 30 188) (189 170 229 232) (192 61 230 232) (233 234 171 193 231)
 (18 228 196) (197 172 229 236) (200 236 62 230) (173 201 237 231 238)
 (232 236 31 204) (205 233 237 174 240) (234 208 238 63 240)
 (235 239 241 242 209 175) (5 228 212) (214 244 230 66) (33 216 244 232)
 (234 67 245 218 246) (236 19 244 220) (222 68 245 238 248)
 (34 224 248 246 240) (226 242 69 247 249 250) (1 180) (182 252 120)
 (184 252 72) (121 253 186 254) (36 252 188) (253 190 256 122) (73 254 192 256)
 (255 123 257 194 258) (20 252 196) (253 198 124 260) (74 200 260 254)
 (261 262 255 125 202) (256 37 260 204) (261 206 264 257 126)
 (262 75 208 258 264) (259 263 265 266 127 210) (6 252 212) (213 253 132 268)
 (214 268 78 254) (269 270 215 133 255) (216 268 39 256) (269 257 272 217 134)
 (270 272 218 79 258) (259 219 271 273 274 135) (21 260 268 220)
 (221 261 276 269 136) (222 262 276 270 80) (137 277 223 278 263 271)
 (276 272 224 264 40) (277 138 280 225 265 273) (81 278 280 226 266 274)
 (139 281 282 227 279 267 275) (3 228 252) (254 84 230 284) (284 42 256 232)
 (285 234 85 258 286) (284 22 236 260) (285 262 288 238 86)
 (288 286 43 264 240) (87 287 289 290 242 266) (284 7 244 268)
 (285 90 292 245 270) (286 272 45 246 292) (91 274 293 294 247 287)
 (288 292 23 276 248) (278 92 289 293 296 249) (280 290 294 296 46 250)
 (282 93 291 295 297 298 251) NIL (300 180) (300 144) (301 181 302) (300 96)
 (301 182 304) (145 302 304) (303 305 183 306) (300 48) (301 184 308)
 (302 308 146) (309 310 303 185) (97 304 308) (309 312 305 186)
 (310 147 312 306) (311 313 187 307 314) (300 24) (301 316 188) (302 148 316)
 (189 317 303 318) (98 304 316) (317 190 320 305) (318 320 149 306)
 (191 321 319 307 322) (49 316 308) (309 317 192 324) (310 324 150 318)
 (325 326 311 193 319) (99 312 320 324) (325 321 328 313 194)
 (326 328 314 151 322) (195 315 323 327 329 330) (300 16) (301 332 196)
 (302 332 152) (197 333 303 334) (100 304 332) (333 198 336 305)
 (153 334 336 306) (199 337 335 307 338) (50 332 308) (309 333 200 340)
 (310 340 334 154) (341 342 311 201 335) (336 312 101 340)
 (341 337 344 313 202) (342 155 344 314 338) (339 343 345 346 315 203)
 (25 332 316) (317 333 348 204) (318 156 348 334) (205 349 319 335 350)
 (336 320 102 348) (349 206 352 321 337) (350 352 157 322 338)
 (339 351 353 354 323 207) (348 51 340 324) (325 341 208 356 349)
 (326 350 356 158 342) (343 351 357 358 327 209) (344 328 356 103 352)
 (345 353 357 360 329 210) (346 159 354 358 360 330)
 (347 331 355 359 361 362 211) (300 8) (302 364 160) (104 304 364)
 (161 365 306 366) (52 364 308) (365 310 368 162) (368 366 312 105)
 (163 367 369 314 370) (26 364 316) (365 318 164 372) (366 320 106 372)
 (373 374 367 165 322) (372 53 368 324) (373 326 376 369 166)
 (376 374 328 370 107) (167 378 371 375 377 330) (300 4) (301 380 212)
 (304 108 380) (213 381 305 382) (380 54 308) (309 214 381 384)
 (382 312 109 384) (385 215 313 383 386) (27 380 316) (317 381 216 388)
 (382 320 110 388) (389 217 383 321 390) (384 388 55 324) (325 389 392 385 218)
 (390 392 328 386 111) (387 391 393 394 329 219) (17 380 332) (333 381 396 220)
 (382 336 396 112) (221 397 383 337 398) (396 56 384 340) (341 222 397 385 400)
 (113 398 400 344 386) (223 345 387 399 401 402) (396 28 388 348)
 (349 389 224 397 404) (114 352 404 398 390) (405 406 225 391 353 399)
 (57 404 392 400 356) (405 408 226 393 357 401) (406 408 115 394 360 402)
 (407 409 410 227 395 361 403) (9 380 364) (366 116 412 382) (58 368 384 412)
 (413 414 117 370 386) (388 29 412 372) (413 374 416 118 390)
 (414 59 376 392 416) (415 417 418 394 119 378) (300 2) (301 228 420)
 (302 420 168) (421 303 229 422) (60 420 308) (309 421 230 424)
 (169 310 422 424) (425 426 311 423 231) (420 30 316) (317 428 421 232)
 (318 428 422 170) (233 319 429 430 423) (428 424 61 324) (325 234 429 425 432)
 (326 171 432 430 426) (427 431 433 434 235 327) (18 420 332) (333 436 236 421)
 (436 334 172 422) (437 335 237 438 423) (436 424 62 340) (341 425 437 238 440)
 (342 440 173 438 426) (427 343 439 441 442 239) (436 428 31 348)
 (349 437 444 429 240) (350 444 438 174 430) (431 439 241 351 445 446)
 (440 444 432 63 356) (433 441 242 445 448 357) (434 442 446 448 358 175)
 (435 243 443 447 449 450 359) (10 420 364) (365 452 422 176) (452 368 424 64)
 (177 426 369 454 453) (428 452 32 372) (373 178 453 430 456)
 (65 456 376 454 432) (457 458 179 434 377 455) (5 420 380) (381 460 244 421)
 (66 384 460 424) (425 245 385 462 461) (33 460 428 388) (389 461 429 246 464)
 (464 67 392 462 432) (463 433 466 465 393 247) (460 436 19 396)
 (397 461 468 437 248) (468 400 462 68 440) (463 469 470 441 249 401)
 (34 444 464 468 404) (405 465 469 472 445 250) (408 466 470 472 69 448)
 (409 467 471 473 474 449 251) (460 11 452 412) (414 462 476 70 454)
 (464 35 416 476 456) (458 466 418 477 478 71) (300 1) (301 480 252)
 (480 304 120) (253 481 305 482) (480 72 308) (309 254 484 481)
 (121 482 484 312) (485 255 313 483 486) (480 36 316) (317 481 256 488)
 (488 122 320 482) (489 257 483 321 490) (73 488 484 324) (325 489 492 485 258)
 (490 123 328 486 492) (491 493 494 259 329 487) (480 20 332) (333 481 496 260)
 (482 336 124 496) (261 497 483 337 498) (74 484 496 340) (341 262 500 485 497)
 (498 344 125 486 500) (345 499 501 502 263 487) (496 488 37 348)
 (349 489 264 504 497) (490 352 504 126 498) (491 499 505 506 265 353)
 (500 75 492 504 356) (493 501 505 508 266 357) (494 502 506 508 127 360)
 (495 503 507 509 510 267 361) (480 12 364) (366 512 482 128) (484 368 76 512)
 (129 513 514 370 486) (512 488 38 372) (513 374 516 490 130)
 (492 376 77 516 514) (515 494 378 131 517 518) (6 480 380) (381 481 520 268)
 (382 132 520 482) (269 521 383 483 522) (484 384 78 520) (521 270 524 385 485)
 (522 524 133 386 486) (523 525 526 387 271 487) (520 488 39 388)
 (389 489 521 272 528) (390 528 134 522 490) (491 529 530 523 391 273)
 (492 524 392 79 528) (525 529 532 393 493 274) (526 530 532 394 135 494)
 (527 495 531 533 534 395 275) (21 520 496 396) (397 497 521 536 276)
 (398 536 498 522 136) (277 523 499 537 538 399) (500 524 400 536 80)
 (278 525 501 537 540 401) (137 526 502 538 540 402)
 (279 527 503 539 541 542 403) (504 528 40 536 404) (405 537 280 529 505 544)
 (406 506 530 538 138 544) (407 281 531 539 507 545 546)
 (81 408 532 540 508 544) (409 282 533 509 545 541 548)
 (139 410 534 542 546 548 510) (411 283 543 535 511 547 549 550)
 (520 512 13 412) (413 513 552 140 522) (414 552 524 514 82)
 (553 554 141 526 415 515) (41 516 552 416 528) (553 556 142 530 417 517)
 (554 83 556 532 418 518) (555 557 558 143 534 419 519) (3 420 480)
 (481 560 421 284) (484 560 84 424) (425 285 485 562 561) (42 428 560 488)
 (489 286 564 429 561) (562 492 85 564 432) (493 433 287 565 566 563)
 (22 436 560 496) (497 561 288 437 568) (562 500 86 568 440)
 (569 289 563 501 441 570) (564 43 444 568 504) (569 565 290 505 572 445)
 (572 87 566 570 508 448) (567 571 573 291 449 509 574) (560 452 14 512)
 (514 562 576 454 88) (516 44 576 564 456) (458 89 566 577 578 518)
 (560 7 460 520) (521 561 580 461 292) (90 524 462 580 562)
 (525 463 563 293 581 582) (564 528 45 580 464) (465 529 565 294 581 584)
 (466 91 532 566 582 584) (585 586 467 533 567 295 583) (568 23 468 580 536)
 (569 588 469 537 296 581) (588 92 470 570 540 582)
 (589 590 471 571 541 297 583) (588 472 572 46 544 584)
 (585 589 592 473 573 298 545) (586 590 592 93 474 574 548)
 (587 299 591 593 594 475 575 549) (576 476 580 15 552)
 (554 596 94 477 577 582) (556 596 478 47 578 584) (586 558 597 598 95 479 579)
 NIL (600 300) (600 180) (301 602 601) (600 144) (302 604 601) (181 602 604)
 (603 605 303 606) (600 96) (304 601 608) (602 608 182) (609 610 603 305)
 (145 604 608) (609 612 605 306) (610 183 612 606) (611 613 307 607 614)
 (600 48) (616 601 308) (602 184 616) (309 617 603 618) (146 604 616)
 (617 310 620 605) (618 620 185 606) (311 621 619 607 622) (97 616 608)
 (609 617 312 624) (610 624 186 618) (625 626 611 313 619) (620 147 612 624)
 (625 621 628 613 314) (626 628 614 187 622) (315 615 623 627 629 630) (600 24)
 (632 601 316) (602 632 188) (317 633 603 634) (604 148 632) (633 318 636 605)
 (189 634 636 606) (319 637 635 607 638) (98 632 608) (609 633 320 640)
 (610 640 634 190) (641 642 611 321 635) (612 149 636 640)
 (641 637 644 613 322) (642 191 644 614 638) (639 643 645 646 615 323)
 (49 632 616) (617 633 648 324) (618 192 648 634) (325 649 619 635 650)
 (636 620 150 648) (649 326 637 621 652) (650 652 193 622 638)
 (639 651 653 654 623 327) (99 640 648 624) (625 641 328 649 656)
 (626 656 194 650 642) (643 651 657 658 627 329) (652 628 644 151 656)
 (645 653 657 660 629 330) (646 195 654 658 660 630)
 (647 631 655 659 661 662 331) (600 16) (664 601 332) (602 664 196)
 (333 665 603 666) (664 604 152) (665 334 668 605) (197 666 668 606)
 (335 669 667 607 670) (664 100 608) (609 665 336 672) (610 672 666 198)
 (673 674 611 337 667) (153 668 612 672) (673 669 676 613 338)
 (674 199 676 614 670) (339 671 675 677 678 615) (50 664 616) (617 665 680 340)
 (618 680 200 666) (341 681 619 667 682) (154 668 620 680)
 (669 342 684 621 681) (682 684 201 622 670) (671 343 683 685 686 623)
 (680 672 101 624) (625 673 344 681 688) (626 688 202 682 674)
 (675 345 683 689 690 627) (676 684 155 628 688) (677 346 685 689 692 629)
 (678 686 203 690 692 630) (679 347 687 691 693 694 631) (25 664 632)
 (633 665 696 348) (634 696 666 204) (349 697 635 667 698) (156 668 636 696)
 (669 350 700 637 697) (205 698 700 638 670) (699 701 639 671 351 702)
 (696 672 102 640) (641 673 352 697 704) (642 704 698 674 206)
 (699 705 706 643 353 675) (700 676 644 157 704) (701 705 645 708 677 354)
 (702 706 708 646 678 207) (703 707 709 710 679 647 355) (696 51 680 648)
 (649 681 712 697 356) (712 650 208 698 682) (699 683 713 714 651 357)
 (700 684 652 158 712) (653 701 713 716 685 358) (702 714 716 654 209 686)
 (655 703 715 717 718 687 359) (704 712 688 103 656) (705 713 689 720 657 360)
 (706 714 720 658 210 690) (707 715 721 722 659 361 691)
 (660 708 159 716 720 692) (661 709 717 721 724 693 362)
 (710 694 718 722 724 662 211) (711 663 363 719 723 725 726 695) (600 8)
 (728 601 364) (728 604 160) (365 729 605 730) (728 104 608) (609 366 732 729)
 (161 730 612 732) (733 367 613 731 734) (52 728 616) (617 729 368 736)
 (162 620 736 730) (737 369 731 621 738) (736 732 105 624)
 (625 737 740 733 370) (738 163 628 734 740) (735 739 741 742 371 629)
 (26 728 632) (633 729 744 372) (164 730 636 744) (373 745 731 637 746)
 (744 732 106 640) (641 374 748 733 745) (746 644 165 734 748)
 (735 645 747 749 750 375) (744 53 736 648) (649 737 376 752 745)
 (738 652 166 752 746) (739 747 653 753 754 377) (748 740 752 107 656)
 (741 753 749 657 756 378) (756 742 167 750 754 660)
 (661 743 751 755 757 758 379) (600 4) (760 601 380) (602 760 212)
 (381 761 603 762) (108 760 608) (609 382 764 761) (213 610 764 762)
 (763 611 765 383 766) (760 54 616) (617 761 384 768) (618 762 768 214)
 (769 770 619 385 763) (764 109 768 624) (625 769 772 765 386)
 (626 215 772 766 770) (387 774 767 771 773 627) (27 760 632) (633 761 776 388)
 (634 216 776 762) (389 777 635 763 778) (764 110 776 640)
 (641 390 780 765 777) (642 780 217 766 778) (779 781 782 643 391 767)
 (768 776 55 648) (649 769 392 777 784) (650 778 784 218 770)
 (779 785 786 651 393 771) (772 780 784 111 656) (781 785 788 394 657 773)
 (782 786 788 658 774 219) (783 787 789 790 395 659 775) (17 760 664)
 (665 761 792 396) (666 762 792 220) (397 793 667 763 794) (112 792 764 672)
 (673 398 796 765 793) (221 674 796 766 794) (675 795 797 798 767 399)
 (56 792 768 680) (681 769 400 793 800) (682 770 794 800 222)
 (683 795 801 802 771 401) (113 772 796 800 688) (801 797 689 804 773 402)
 (223 798 802 690 804 774) (806 403 799 691 805 803 775) (28 792 776 696)
 (697 777 808 793 404) (794 698 224 808 778) (405 809 699 810 779 795)
 (114 780 796 808 704) (809 406 812 781 705 797) (810 812 225 782 706 798)
 (811 813 814 783 707 407 799) (57 784 800 808 712) (809 408 816 785 713 801)
 (810 226 816 786 714 802) (811 409 817 818 787 715 803)
 (812 816 788 115 720 804) (813 410 817 820 789 721 805)
 (814 227 818 820 790 722 806) (411 815 819 821 822 791 723 807) (9 760 728)
 (729 761 824 412) (732 116 764 824) (413 765 733 825 826) (824 58 768 736)
 (737 414 828 769 825) (828 826 740 117 772) (415 741 827 829 830 773)
 (824 776 29 744) (745 777 416 825 832) (832 826 748 118 780)
 (781 417 827 749 833 834) (828 832 59 784 752) (785 418 833 829 753 836)
 (756 788 830 119 834 836) (837 789 419 831 835 757 838) (600 2) (420 601 840)
 (602 228 840) (841 842 603 421) (840 604 168) (841 844 605 422)
 (842 844 229 606) (843 845 423 607 846) (840 60 616) (617 841 848 424)
 (618 848 230 842) (425 849 619 843 850) (169 844 620 848)
 (849 426 852 621 845) (850 852 622 231 846) (427 853 854 851 623 847)
 (840 30 632) (633 841 428 856) (634 856 842 232) (857 858 635 429 843)
 (170 856 636 844) (857 845 860 637 430) (233 858 860 638 846)
 (639 431 859 861 862 847) (856 848 61 648) (649 849 857 864 432)
 (858 650 864 850 234) (851 433 859 865 866 651) (171 652 852 860 864)
 (853 434 861 865 868 653) (854 235 862 866 868 654)
 (855 435 863 867 869 870 655) (840 18 664) (665 841 436 872) (666 872 236 842)
 (873 874 667 437 843) (844 668 172 872) (873 845 876 669 438)
 (874 876 237 670 846) (671 439 875 877 878 847) (872 848 62 680)
 (681 849 873 880 440) (682 880 238 874 850) (881 882 851 441 683 875)
 (852 684 173 876 880) (881 884 853 442 685 877) (882 884 854 239 686 878)
 (883 885 886 855 443 687 879) (872 856 31 696) (697 857 873 444 888)
 (874 698 888 858 240) (699 889 890 859 445 875) (860 700 876 174 888)
 (701 889 892 861 446 877) (702 890 892 862 241 878)
 (703 891 893 894 863 447 879) (888 880 864 63 712) (881 865 889 896 713 448)
 (882 242 866 890 896 714) (883 891 867 897 898 715 449)
 (892 884 716 896 868 175) (885 717 893 897 900 869 450)
 (886 894 898 243 900 718 870) (719 887 895 899 901 902 871 451) (10 840 728)
 (729 841 452 904) (730 844 904 176) (905 845 731 453 906) (848 64 904 736)
 (737 849 908 454 905) (177 738 852 908 906) (853 739 907 909 910 455)
 (904 856 32 744) (745 857 912 905 456) (746 860 906 912 178)
 (457 913 914 861 747 907) (65 908 864 912 752) (913 458 916 865 753 909)
 (914 179 916 868 754 910) (915 917 918 459 869 755 911) (5 840 760)
 (761 841 460 920) (762 244 920 842) (921 922 763 461 843) (66 848 920 768)
 (769 849 921 924 462) (922 770 924 245 850) (851 463 923 925 926 771)
 (33 856 920 776) (777 857 921 928 464) (922 778 928 246 858)
 (779 465 859 929 930 923) (67 864 924 928 784) (929 785 466 925 865 932)
 (866 786 926 930 932 247) (787 867 927 931 933 934 467) (872 19 920 792)
 (793 873 921 468 936) (922 794 936 874 248) (923 469 795 937 938 875)
 (880 68 924 936 800) (881 925 470 937 801 940) (882 926 938 249 802 940)
 (883 927 942 471 939 941 803) (34 888 928 936 808) (809 889 472 929 937 944)
 (810 890 930 250 938 944) (945 946 811 891 473 931 939)
 (816 896 932 69 940 944) (945 948 817 897 474 933 941)
 (946 948 818 898 934 251 942) (947 949 950 819 475 899 935 943)
 (11 904 920 824) (825 905 921 476 952) (908 828 924 70 952)
 (953 954 925 477 829 909) (35 912 928 952 832) (913 953 956 929 478 833)
 (916 954 956 932 71 836) (917 955 957 958 933 479 837) (600 1) (960 601 480)
 (602 960 252) (481 961 603 962) (120 960 608) (609 482 961 964)
 (253 610 964 962) (611 965 483 963 966) (72 960 616) (617 961 484 968)
 (962 618 968 254) (969 970 619 485 963) (121 964 968 624)
 (625 969 972 965 486) (626 255 972 966 970) (974 967 971 973 627 487)
 (36 960 632) (633 961 976 488) (634 256 976 962) (489 977 635 963 978)
 (122 964 976 640) (641 490 977 965 980) (642 980 257 966 978)
 (491 981 982 643 979 967) (73 968 976 648) (649 969 492 977 984)
 (650 984 978 258 970) (979 493 985 986 651 971) (984 123 972 980 656)
 (981 494 985 988 657 973) (982 986 988 259 658 974)
 (983 495 987 989 990 659 975) (20 960 664) (665 961 992 496) (962 666 992 260)
 (497 993 667 963 994) (124 964 992 672) (673 498 993 965 996)
 (261 674 996 966 994) (675 995 997 998 967 499) (74 968 992 680)
 (681 969 500 993 1000) (970 682 1000 994 262) (501 995 683 1001 1002 971)
 (1000 972 125 996 688) (502 1001 997 689 1004 973) (263 998 1002 690 1004 974)
 (503 1006 999 691 1005 1003 975) (976 37 992 696) (697 977 993 1008 504)
 (698 264 994 1008 978) (1009 1010 699 979 505 995) (996 1008 980 126 704)
 (1009 1012 981 705 506 997) (1010 1012 982 706 265 998)
 (1011 1013 1014 983 707 507 999) (1008 75 984 1000 712)
 (1009 1016 985 713 508 1001) (1010 1016 986 714 266 1002)
 (1011 1017 1018 987 715 509 1003) (1012 1016 988 127 720 1004)
 (1013 1017 1020 989 510 721 1005) (1014 1018 1020 990 267 722 1006)
 (1015 1019 1021 1022 991 511 723 1007) (12 960 728) (729 961 1024 512)
 (732 964 1024 128) (513 965 733 1025 1026) (76 968 1024 736)
 (737 514 969 1028 1025) (129 1026 740 972 1028) (741 1027 1029 1030 515 973)
 (976 38 1024 744) (745 977 516 1025 1032) (130 748 980 1032 1026)
 (981 1027 749 1033 1034 517) (1032 984 77 1028 752)
 (985 1033 1029 753 1036 518) (1036 988 1030 1034 131 756)
 (1037 989 1031 1035 757 1038 519) (6 960 760) (761 961 1040 520)
 (962 762 1040 268) (521 1041 763 963 1042) (764 964 132 1040)
 (1041 522 965 1044 765) (269 1042 1044 766 966) (1043 1045 767 523 967 1046)
 (968 78 1040 768) (769 969 524 1041 1048) (970 770 1042 1048 270)
 (1043 525 1049 1050 771 971) (772 133 1048 972 1044)
 (1045 526 1049 773 1052 973) (1046 1050 1052 974 271 774)
 (527 1047 1051 1053 1054 775 975) (1040 976 39 776) (777 977 1056 1041 528)
 (778 272 1056 1042 978) (1043 529 779 1057 1058 979) (980 1056 780 134 1044)
 (981 530 1057 1060 1045 781) (1046 1058 1060 982 273 782)
 (983 1047 531 783 1059 1061 1062) (1056 984 1048 79 784)
 (785 532 1049 1057 985 1064) (786 1050 986 1058 1064 274)
 (987 1051 533 1059 1065 1066 787) (988 1052 788 1060 1064 135)
 (789 1053 989 534 1061 1065 1068) (990 1054 790 1062 1066 1068 275)
 (791 1055 535 1063 1067 1069 1070 991) (21 992 1040 792)
 (793 993 1072 1041 536) (794 1042 994 1072 276) (1073 1074 1043 995 537 795)
 (1072 1044 796 996 136) (1073 1076 1045 538 997 797)
 (277 1074 1076 1046 798 998) (1075 1077 799 1047 539 999 1078)
 (1072 1048 80 1000 800) (1073 1080 1049 1001 540 801)
 (1074 1080 1050 278 1002 802) (1075 1081 1082 1051 541 803 1003)
 (137 1076 1004 1080 1052 804) (1077 1081 805 1084 1053 542 1005)
 (279 1078 1082 1084 1054 1006 806) (1079 1083 1085 1086 1055 1007 543 807)
 (1072 1056 40 1008 808) (809 1009 1088 1057 544 1073)
 (810 280 1074 1088 1058 1010) (811 1075 1089 1090 1059 545 1011)
 (138 1076 1088 812 1012 1060) (1077 1013 1089 1092 1061 813 546)
 (281 814 1090 1014 1092 1062 1078) (1015 1079 1091 1093 1094 1063 547 815)
 (81 1080 1016 1088 816 1064) (817 1081 1089 1017 1096 1065 548)
 (282 818 1018 1096 1090 1082 1066) (1019 819 1091 1097 1098 1067 549 1083)
 (139 820 1020 1084 1092 1096 1068) (1085 821 1021 1093 1097 1100 1069 550)
 (1022 283 1086 822 1094 1098 1100 1070)
 (823 1101 1023 1087 1095 1099 551 1102 1071) (1024 13 1040 824)
 (825 1025 1104 1041 552) (1104 826 140 1044 1026)
 (553 1105 1045 1106 1027 827) (1104 82 828 1028 1048)
 (1105 554 1108 1049 829 1029) (1106 1108 141 1052 830 1030)
 (555 1109 831 1053 1107 1031 1110) (41 1104 1032 1056 832)
 (1105 556 1112 1057 1033 833) (1106 142 1112 1060 1034 834)
 (1107 557 1113 1114 1061 835 1035) (83 1108 1036 1112 1064 836)
 (1109 558 1113 837 1116 1065 1037) (1110 143 1114 1116 1038 1068 838)
 (559 1111 1115 1117 1118 839 1069 1039) (3 960 840) (841 961 1120 560)
 (962 842 1120 284) (561 1121 843 963 1122) (1120 84 968 848)
 (849 562 969 1124 1121) (285 850 1124 1122 970) (851 563 1123 1125 1126 971)
 (42 976 1120 856) (857 977 564 1128 1121) (858 1128 978 1122 286)
 (979 859 565 1123 1129 1130) (1124 984 85 1128 864)
 (985 566 865 1125 1129 1132) (986 287 866 1126 1130 1132)
 (987 567 867 1127 1131 1133 1134) (22 992 1120 872) (873 993 1136 1121 568)
 (874 288 1136 1122 994) (1137 1138 995 569 1123 875) (1124 1000 1136 86 880)
 (881 1137 1140 570 1125 1001) (882 1140 1138 289 1126 1002)
 (883 1141 1142 1139 571 1127 1003) (1128 43 1008 1136 888)
 (1009 1137 1144 889 572 1129) (1138 1144 890 290 1130 1010)
 (1011 1145 1146 891 1139 573 1131) (1140 87 1016 1144 896 1132)
 (1141 1017 1148 897 1145 574 1133) (1142 1146 1148 291 898 1018 1134)
 (1143 1019 1149 1150 899 575 1147 1135) (1120 1024 14 904)
 (905 1025 1152 1121 576) (1124 1152 908 1028 88) (1153 1154 1029 577 1125 909)
 (1128 1152 44 1032 912) (913 1153 1129 1156 1033 578)
 (916 1036 89 1154 1156 1132) (917 1133 1155 1157 1158 579 1037)
 (1120 7 1040 920) (921 1041 1160 580 1121) (922 1160 1042 1122 292)
 (1043 923 1123 1161 1162 581) (90 1160 924 1124 1048)
 (1049 925 1125 1161 1164 582) (1050 926 293 1126 1162 1164)
 (1051 927 1127 1163 1165 1166 583) (1128 1160 1056 45 928)
 (1057 929 1129 1161 584 1168) (1058 930 294 1162 1130 1168)
 (585 1169 1170 1059 931 1131 1163) (1164 91 932 1064 1132 1168)
 (1169 586 1172 1133 933 1065 1165) (1170 1172 1134 295 934 1066 1166)
 (1171 1173 1174 587 1167 935 1067 1135) (1136 23 1072 1160 936)
 (1073 1137 588 1176 1161 937) (1138 1176 296 938 1162 1074)
 (1075 589 1177 1178 1139 939 1163) (1140 1176 1164 92 1080 940)
 (1141 590 1081 941 1180 1177 1165) (1142 1082 1180 1166 297 1178 942)
 (591 1143 1083 1181 1182 1167 1179 943) (1176 1144 1088 46 944 1168)
 (945 1169 592 1145 1184 1089 1177) (946 1170 1178 1184 1090 298 1146)
 (947 593 1179 1171 1185 1186 1091 1147) (1172 1148 93 1184 948 1096 1180)
 (949 594 1149 1181 1185 1188 1097 1173)
 (1174 1182 1150 1186 1188 299 1098 950)
 (951 1175 595 1183 1187 1189 1151 1099 1190) (1152 1104 1160 15 952)
 (1105 953 596 1153 1192 1161) (1108 954 94 1154 1192 1164)
 (1109 955 597 1155 1193 1194 1165) (1112 956 1156 47 1192 1168)
 (1169 1113 957 598 1157 1193 1196) (1172 1116 958 95 1158 1194 1196)
 (1173 1117 599 959 1159 1195 1197 1198) NIL (1200 600) (1200 300)
 (1201 601 1202) (1200 180) (602 1201 1204) (301 1204 1202)
 (603 1205 1206 1203) (1200 144) (1201 604 1208) (302 1202 1208)
 (1209 1210 605 1203) (181 1204 1208) (1209 1212 1205 606) (1210 303 1212 1206)
 (1211 1213 607 1207 1214) (1200 96) (1201 1216 608) (304 1202 1216)
 (609 1217 1203 1218) (182 1204 1216) (1217 610 1220 1205) (1218 1220 305 1206)
 (611 1221 1219 1207 1222) (145 1216 1208) (1209 1217 612 1224)
 (1210 1224 306 1218) (1225 1226 1211 613 1219) (1220 183 1212 1224)
 (1225 1221 1228 1213 614) (1226 1228 1214 307 1222)
 (615 1223 1227 1229 1230 1215) (1200 48) (1201 1232 616) (1232 1202 308)
 (617 1233 1203 1234) (184 1204 1232) (1233 618 1236 1205) (309 1234 1236 1206)
 (619 1237 1235 1207 1238) (146 1232 1208) (1209 1233 620 1240)
 (1210 1240 1234 310) (1241 1242 1211 621 1235) (1236 1212 185 1240)
 (1241 1237 1244 1213 622) (1242 311 1244 1214 1238)
 (1239 1243 1245 1246 623 1215) (97 1232 1216) (1217 1233 1248 624)
 (1248 1218 312 1234) (625 1249 1219 1235 1250) (1236 1220 186 1248)
 (1249 626 1252 1221 1237) (1250 1252 313 1222 1238)
 (1239 1251 1253 1254 1223 627) (1248 147 1240 1224) (1225 1241 628 1249 1256)
 (1226 1256 1250 314 1242) (1243 1251 1257 1258 1227 629)
 (1244 1252 1228 187 1256) (1245 1253 1257 1260 1229 630)
 (1246 315 1254 1258 1260 1230) (1247 1231 1255 1259 1261 1262 631) (1200 24)
 (1201 1264 632) (1264 1202 316) (633 1265 1203 1266) (1204 1264 188)
 (1265 634 1268 1205) (317 1266 1268 1206) (635 1269 1267 1207 1270)
 (148 1264 1208) (1209 1265 636 1272) (1210 1266 1272 318)
 (1273 1274 1211 637 1267) (189 1212 1268 1272) (1273 1269 1276 1213 638)
 (1274 319 1276 1214 1270) (639 1271 1275 1277 1278 1215) (98 1264 1216)
 (1217 1265 1280 640) (1218 320 1280 1266) (641 1281 1219 1267 1282)
 (190 1220 1268 1280) (1281 642 1284 1221 1269) (1282 1284 321 1222 1270)
 (1271 643 1283 1285 1286 1223) (1272 149 1280 1224) (1225 1273 644 1281 1288)
 (1226 1282 1288 322 1274) (1275 645 1283 1289 1290 1227)
 (191 1228 1288 1276 1284) (1277 646 1285 1289 1292 1229)
 (1278 1286 323 1290 1292 1230) (1279 647 1287 1291 1293 1294 1231)
 (49 1264 1232) (1233 1265 1296 648) (1234 1266 1296 324)
 (649 1297 1235 1267 1298) (1236 192 1268 1296) (1297 650 1300 1237 1269)
 (325 1298 1300 1238 1270) (1299 1301 1239 1271 651 1302) (1272 150 1296 1240)
 (1241 1273 652 1297 1304) (1242 1274 1298 1304 326)
 (1299 1305 1306 1243 653 1275) (1244 193 1304 1276 1300)
 (1301 1305 1245 1308 1277 654) (1302 1306 1308 1246 1278 327)
 (1303 1307 1309 1310 1279 1247 655) (99 1280 1296 1248)
 (1249 1281 1312 1297 656) (1298 1250 328 1312 1282)
 (1299 1283 1313 1314 1251 657) (1252 1312 194 1284 1300)
 (1301 1313 1316 1253 1285 658) (1302 1314 1316 1254 329 1286)
 (1255 1303 1315 1317 1318 1287 659) (1288 1304 1312 151 1256)
 (1305 1313 1289 1320 1257 660) (1306 1314 1320 1258 1290 330)
 (1307 1315 1321 1322 1259 661 1291) (1292 1308 195 1316 1320 1260)
 (1261 1309 1317 1321 1324 1293 662) (1310 1294 1318 1322 1324 1262 331)
 (1263 1311 663 1319 1323 1325 1326 1295) (1200 16) (1201 1328 664)
 (1328 1202 332) (665 1329 1203 1330) (1328 1204 196) (1329 666 1332 1205)
 (333 1330 1332 1206) (667 1333 1331 1207 1334) (1328 152 1208)
 (1209 1329 668 1336) (1330 1210 1336 334) (1337 1338 1211 669 1331)
 (197 1212 1332 1336) (1337 1333 1340 1213 670) (1338 335 1340 1214 1334)
 (1335 671 1339 1341 1342 1215) (1328 100 1216) (1217 1329 1344 672)
 (1218 336 1344 1330) (673 1345 1219 1331 1346) (198 1220 1332 1344)
 (1345 674 1333 1348 1221) (1346 1348 337 1222 1334)
 (1335 675 1347 1349 1350 1223) (153 1336 1344 1224) (1225 1337 1345 676 1352)
 (1346 1226 1352 338 1338) (1339 677 1347 1353 1354 1227)
 (199 1228 1340 1348 1352) (1341 678 1349 1353 1356 1229)
 (339 1342 1350 1354 1356 1230) (679 1343 1351 1355 1357 1358 1231)
 (50 1328 1232) (1233 1329 1360 680) (1330 1234 1360 340)
 (681 1361 1235 1331 1362) (200 1236 1332 1360) (1361 682 1333 1364 1237)
 (341 1362 1364 1238 1334) (1363 1365 1366 1335 683 1239) (154 1336 1360 1240)
 (1241 1337 684 1361 1368) (1338 1242 1368 1362 342)
 (1363 1369 1370 1243 685 1339) (1364 1244 201 1340 1368)
 (1365 1369 1245 1372 1341 686) (1366 1370 343 1372 1246 1342)
 (1367 1371 1373 1374 1247 1343 687) (1344 101 1360 1248)
 (1249 1345 1361 1376 688) (1250 344 1376 1362 1346)
 (1363 1347 1377 1378 1251 689) (1364 1252 1348 202 1376)
 (1253 1365 1377 1380 1349 690) (1366 345 1378 1380 1254 1350)
 (1255 1367 1379 1381 1382 1351 691) (1376 155 1352 1368 1256)
 (1369 1377 1353 1384 1257 692) (1354 1370 346 1378 1384 1258)
 (1371 1379 1385 1386 1259 693 1355) (1356 1372 1380 203 1384 1260)
 (1261 1373 1381 1385 1388 1357 694) (1374 347 1358 1382 1386 1388 1262)
 (1375 1359 1263 1383 1387 1389 1390 695) (25 1328 1264) (1265 1329 1392 696)
 (1330 1266 1392 348) (697 1393 1267 1331 1394) (1268 1332 1392 204)
 (1393 698 1333 1396 1269) (349 1394 1396 1270 1334)
 (1395 1397 1271 1335 699 1398) (156 1336 1392 1272) (1273 1337 700 1393 1400)
 (1338 1274 1394 1400 350) (1395 701 1401 1402 1275 1339)
 (205 1276 1340 1396 1400) (1397 702 1401 1277 1404 1341)
 (1398 1402 1404 1278 1342 351) (703 1399 1403 1405 1406 1279 1343)
 (1392 1344 102 1280) (1281 1345 1408 1393 704) (1282 1394 352 1408 1346)
 (1395 705 1347 1409 1410 1283) (206 1284 1348 1396 1408)
 (1397 706 1409 1412 1349 1285) (1398 1410 1412 353 1286 1350)
 (1287 1399 707 1411 1413 1414 1351) (1352 157 1408 1400 1288)
 (1401 708 1409 1353 1416 1289) (1354 1402 1410 354 1416 1290)
 (1403 709 1411 1417 1418 1291 1355) (1356 1404 1412 1416 207 1292)
 (1293 1405 710 1413 1417 1420 1357) (1406 1358 1414 355 1418 1420 1294)
 (1407 1359 711 1415 1419 1421 1422 1295) (51 1360 1392 1296)
 (1297 1361 1424 1393 712) (1298 1394 1424 1362 356)
 (1425 1426 1395 1299 1363 713) (208 1300 1364 1396 1424)
 (1425 1428 1365 1397 714 1301) (1426 1428 1398 1366 357 1302)
 (1303 1427 1429 1367 1399 715 1430) (1368 1424 158 1400 1304)
 (1425 1401 1432 1305 1369 716) (1426 1370 1432 1306 1402 358)
 (1427 1433 1434 1403 717 1307 1371) (1372 1432 1308 1428 209 1404)
 (1429 1433 1405 1436 1373 1309 718) (1430 1434 1436 1406 1310 1374 359)
 (1431 1435 1437 1438 1407 1311 719 1375) (1376 1408 1424 103 1312)
 (1425 1377 1440 1313 1409 720) (1426 1410 1440 1314 1378 360)
 (1427 1315 1379 1441 1442 1411 721) (1428 1316 1412 1440 1380 210)
 (1429 1317 1413 1441 1444 1381 722) (1430 1382 1442 1444 1414 361 1318)
 (1319 1383 1431 1443 1445 1446 1415 723) (1432 1416 159 1440 1384 1320)
 (1417 1433 1441 1385 1448 1321 724) (1386 1434 1448 1442 1418 1322 362)
 (1435 1443 1449 1450 1419 725 1323 1387) (1388 1448 1436 1444 1420 1324 211)
 (1421 1437 1445 1325 1449 1452 1389 726)
 (1438 1326 1446 1450 1390 1452 1422 363)
 (1439 1327 727 1447 1391 1451 1453 1454 1423) (1200 8) (1201 1456 728)
 (1456 1202 364) (729 1457 1203 1458) (1456 160 1208) (1209 730 1460 1457)
 (365 1210 1460 1458) (1461 1211 1459 731 1462) (1456 104 1216)
 (1217 1457 732 1464) (1218 1464 1458 366) (1465 1466 1219 733 1459)
 (161 1464 1460 1224) (1225 1465 1468 1461 734) (1226 367 1468 1462 1466)
 (735 1463 1467 1469 1470 1227) (52 1456 1232) (1233 1457 1472 736)
 (1234 1472 368 1458) (737 1473 1235 1459 1474) (162 1472 1460 1240)
 (1241 738 1476 1461 1473) (1242 1476 369 1462 1474)
 (1463 1243 1475 1477 1478 739) (1472 1464 105 1248) (1249 1465 740 1473 1480)
 (1250 1480 370 1474 1466) (1467 741 1475 1251 1481 1482)
 (1476 1480 163 1468 1256) (1469 742 1481 1477 1257 1484)
 (1470 1478 371 1482 1258 1484) (1471 1486 743 1479 1259 1485 1483)
 (26 1456 1264) (1265 1457 1488 744) (1266 1488 1458 372)
 (745 1489 1267 1459 1490) (1488 1460 164 1272) (1273 746 1492 1461 1489)
 (373 1274 1492 1462 1490) (1491 1493 1494 1463 1275 747) (1488 1464 106 1280)
 (1281 1465 748 1489 1496) (1282 1496 1490 1466 374)
 (1491 1497 1498 1467 1283 749) (1492 1496 1468 165 1288)
 (1493 1497 1500 1469 750 1289) (1494 1498 1500 1470 1290 375)
 (1495 1499 1501 1502 1471 751 1291) (1488 53 1472 1296)
 (1297 1473 1504 1489 752) (1504 1298 376 1490 1474)
 (1299 1491 1505 1506 1475 753) (1492 1504 1476 166 1304)
 (1493 1305 1505 1508 1477 754) (1494 1306 1506 1508 1478 377)
 (1495 1307 1507 1509 1510 1479 755) (1496 1504 1480 107 1312)
 (1505 1497 1313 1512 1481 756) (1506 1498 1314 1512 1482 378)
 (1499 1315 1507 1513 1514 1483 757) (1500 167 1508 1512 1484 1320)
 (1501 1513 1509 1321 1516 1485 758) (1502 1510 1514 1322 1516 1486 379)
 (1503 1518 759 1511 1515 1517 1323 1487) (1200 4) (1201 1520 760)
 (1520 1202 380) (761 1521 1203 1522) (1520 1204 212) (1521 762 1524 1205)
 (381 1522 1524 1206) (763 1525 1523 1207 1526) (1520 108 1216)
 (1217 1521 764 1528) (1218 1528 1522 382) (1529 1530 1219 765 1523)
 (213 1524 1220 1528) (1529 1525 1532 1221 766) (1530 383 1532 1222 1526)
 (1223 1527 1531 1533 1534 767) (1520 54 1232) (1233 1521 1536 768)
 (1234 384 1536 1522) (769 1537 1235 1523 1538) (214 1236 1524 1536)
 (1537 770 1540 1237 1525) (1538 1540 385 1238 1526)
 (1239 1527 1539 1541 1542 771) (1536 1528 109 1248) (1249 1529 772 1544 1537)
 (1250 1538 1544 386 1530) (1531 1539 1251 1545 1546 773)
 (1532 215 1252 1540 1544) (1533 1253 1545 1541 1548 774)
 (1534 387 1542 1546 1548 1254) (1255 1535 1543 1547 1549 1550 775)
 (27 1520 1264) (1265 1521 1552 776) (1266 1552 1522 388)
 (777 1553 1267 1523 1554) (1524 1268 216 1552) (1553 778 1556 1269 1525)
 (389 1554 1556 1270 1526) (779 1557 1271 1527 1555 1558) (1552 1528 110 1280)
 (1281 1529 780 1553 1560) (1282 1560 1530 1554 390)
 (1555 781 1561 1562 1531 1283) (1532 1556 1284 217 1560)
 (1557 782 1561 1564 1533 1285) (1558 1562 1564 1534 391 1286)
 (783 1559 1563 1565 1566 1535 1287) (1552 1536 55 1296)
 (1297 1537 1568 1553 784) (1298 1568 392 1554 1538)
 (1299 785 1555 1569 1570 1539) (1540 1556 1300 218 1568)
 (1557 786 1569 1572 1541 1301) (1302 1570 1572 393 1542 1558)
 (1303 1559 787 1571 1573 1574 1543) (1568 1560 1544 111 1312)
 (1569 1561 788 1313 1576 1545) (1570 1562 1314 394 1576 1546)
 (1563 789 1315 1571 1577 1578 1547) (1316 1564 1572 1576 1548 219)
 (1565 790 1317 1577 1573 1580 1549) (1566 1574 395 1578 1580 1550 1318)
 (1319 1567 791 1575 1579 1581 1582 1551) (17 1520 1328) (1329 1521 1584 792)
 (1330 1584 1522 396) (793 1585 1331 1523 1586) (1524 1584 1332 220)
 (1585 794 1588 1333 1525) (397 1586 1588 1334 1526)
 (1587 1589 1335 1527 795 1590) (1528 1584 112 1344) (1345 1529 796 1585 1592)
 (1346 1592 1586 1530 398) (1587 1593 1594 1531 1347 797)
 (221 1532 1348 1588 1592) (1589 1593 1596 1533 1349 798)
 (1590 1594 1596 1534 1350 399) (1351 1591 1595 1597 1598 1535 799)
 (1536 1584 56 1360) (1361 1537 1600 1585 800) (1600 1362 400 1586 1538)
 (1363 1587 1601 1602 1539 801) (1588 222 1364 1540 1600)
 (1365 1601 1604 1541 802 1589) (1590 1602 1604 1542 401 1366)
 (1367 1591 1603 1605 1606 1543 803) (113 1592 1544 1600 1376)
 (1601 1593 1377 1608 1545 804) (1602 1594 1378 1608 1546 402)
 (1595 1379 1603 1609 1610 1547 805) (223 1604 1596 1380 1608 1548)
 (1597 1381 1609 1605 1612 1549 806) (1598 1606 1610 1612 1550 403 1382)
 (1383 1599 807 1607 1611 1613 1614 1551) (1552 1584 28 1392)
 (1393 1553 1616 1585 808) (1394 1616 1586 1554 404)
 (809 1617 1395 1618 1587 1555) (1588 1556 1396 224 1616)
 (1617 810 1620 1557 1397 1589) (405 1618 1620 1590 1558 1398)
 (811 1621 1559 1591 1399 1619 1622) (1592 114 1560 1616 1408)
 (1617 812 1624 1561 1409 1593) (1618 1624 1594 1410 1562 406)
 (1619 813 1625 1626 1595 1411 1563) (1564 225 1624 1596 1412 1620)
 (1621 814 1625 1597 1628 1565 1413) (407 1622 1626 1628 1598 1566 1414)
 (1623 815 1627 1629 1630 1599 1567 1415) (57 1600 1568 1616 1424)
 (1425 1617 1601 816 1632 1569) (1618 408 1426 1632 1602 1570)
 (1427 817 1571 1633 1634 1603 1619) (1428 226 1632 1604 1572 1620)
 (1621 818 1633 1636 1573 1429 1605) (409 1622 1634 1636 1606 1574 1430)
 (1575 1431 819 1623 1635 1637 1638 1607) (1624 1576 1632 115 1608 1440)
 (1633 1625 820 1441 1609 1640 1577) (410 1634 1626 1640 1442 1578 1610)
 (1627 821 1635 1443 1641 1642 1611 1579) (1580 227 1628 1444 1640 1612 1636)
 (1613 1629 822 1637 1641 1445 1644 1581)
 (411 1630 1582 1638 1642 1644 1614 1446)
 (1447 1631 823 1583 1639 1643 1645 1646 1615) (9 1520 1456)
 (1457 1521 1648 824) (1458 1648 1522 412) (825 1649 1459 1523 1650)
 (1528 116 1648 1464) (1465 826 1649 1652 1529) (413 1466 1652 1650 1530)
 (1651 1653 1654 1467 827 1531) (58 1536 1648 1472) (1473 1537 828 1649 1656)
 (1474 1656 1538 1650 414) (1651 1657 1658 1539 1475 829)
 (1656 1544 117 1652 1480) (1653 1657 1660 1545 830 1481)
 (1654 1658 415 1660 1546 1482) (1655 1659 1661 1662 831 1483 1547)
 (1552 29 1648 1488) (1489 1553 1649 1664 832) (1490 416 1664 1650 1554)
 (1491 1555 1665 1666 833 1651) (1664 1652 1560 118 1496)
 (1653 1497 1665 1561 1668 834) (1654 1498 417 1666 1668 1562)
 (1655 1499 1667 1669 1670 835 1563) (1664 59 1568 1656 1504)
 (1569 1665 1657 1505 1672 836) (1666 1658 418 1506 1672 1570)
 (1571 1659 1667 1507 1673 1674 837) (1660 1576 1668 119 1672 1512)
 (1661 1577 1673 1669 1513 1676 838) (1578 1662 419 1670 1674 1514 1676)
 (1579 1663 1678 1671 1515 1677 1675 839) (1200 2) (1201 1680 840)
 (420 1202 1680) (841 1681 1203 1682) (1204 1680 228) (1681 842 1684 1205)
 (1682 1684 421 1206) (843 1685 1683 1207 1686) (168 1680 1208)
 (1209 1681 844 1688) (1210 1688 422 1682) (1689 1690 1211 845 1683)
 (1212 229 1684 1688) (1689 1685 1692 1213 846) (1690 1692 1214 423 1686)
 (1215 1687 1691 1693 1694 847) (60 1680 1232) (1233 1681 1696 848)
 (1234 1696 1682 424) (849 1697 1235 1683 1698) (1684 1236 230 1696)
 (1697 850 1685 1237 1700) (425 1698 1700 1238 1686)
 (1699 1701 1702 1239 851 1687) (169 1688 1696 1240) (1241 1689 852 1697 1704)
 (1242 1698 1704 1690 426) (1699 853 1705 1706 1243 1691)
 (1700 1244 1692 231 1704) (1701 854 1705 1708 1245 1693)
 (427 1702 1706 1708 1246 1694) (855 1703 1707 1709 1710 1247 1695)
 (1680 30 1264) (1265 1681 1712 856) (1266 428 1712 1682)
 (857 1713 1267 1683 1714) (1268 1684 1712 232) (1713 858 1685 1269 1716)
 (1714 1716 429 1270 1686) (1271 859 1715 1717 1718 1687) (170 1688 1712 1272)
 (1273 1689 860 1713 1720) (1274 1714 1720 430 1690)
 (1275 861 1715 1721 1722 1691) (233 1276 1692 1716 1720)
 (1277 862 1717 1721 1724 1693) (431 1278 1718 1722 1724 1694)
 (863 1279 1719 1723 1725 1726 1695) (1696 61 1712 1296)
 (1297 1697 1728 1713 864) (1298 1698 1728 1714 432)
 (1729 1730 1299 1699 865 1715) (1716 234 1300 1700 1728)
 (1729 1732 1301 866 1717 1701) (1730 1732 1302 433 1718 1702)
 (1731 1733 1303 1703 867 1719 1734) (1728 171 1704 1720 1304)
 (1729 1736 1305 1705 868 1721) (1730 1736 1306 434 1706 1722)
 (1731 1737 1738 1307 869 1723 1707) (1708 1736 235 1308 1732 1724)
 (1733 1737 1309 1740 1709 870 1725) (1734 1738 435 1740 1310 1710 1726)
 (1735 1739 1741 1742 1711 1311 871 1727) (18 1680 1328) (1329 1681 1744 872)
 (1330 436 1744 1682) (873 1745 1331 1683 1746) (1744 1332 1684 236)
 (1745 874 1685 1333 1748) (1746 1748 437 1334 1686)
 (1335 1747 1749 1750 1687 875) (1744 172 1688 1336) (1337 1689 876 1745 1752)
 (1338 1752 1746 438 1690) (1339 1747 1753 1754 1691 877)
 (1752 1340 237 1692 1748) (1341 1749 1753 1756 1693 878)
 (1342 439 1750 1754 1756 1694) (1343 1695 1751 1755 1757 1758 879)
 (1744 1696 62 1360) (1361 1697 1760 1745 880) (1362 1698 1746 1760 440)
 (881 1761 1363 1762 1699 1747) (1760 1364 238 1700 1748)
 (1761 882 1764 1365 1749 1701) (1762 1764 1366 441 1750 1702)
 (883 1765 1367 1703 1763 1751 1766) (1760 1704 173 1752 1368)
 (1761 884 1768 1369 1705 1753) (1762 1768 1370 442 1706 1754)
 (1763 885 1769 1770 1371 1755 1707) (1764 1768 1708 239 1756 1372)
 (1765 886 1769 1373 1772 1709 1757) (1766 1770 1772 1374 1710 443 1758)
 (887 1767 1771 1773 1774 1711 1375 1759) (1712 1744 31 1392)
 (1393 1713 1776 1745 888) (1776 1394 444 1746 1714)
 (1395 889 1715 1777 1778 1747) (1776 1396 1748 1716 240)
 (1397 890 1777 1780 1749 1717) (1398 1778 1780 445 1750 1718)
 (1719 1399 891 1779 1781 1782 1751) (1776 1752 1720 174 1400)
 (1401 892 1777 1753 1784 1721) (1402 1778 446 1784 1754 1722)
 (1403 893 1779 1785 1786 1755 1723) (1756 1404 241 1780 1784 1724)
 (1757 1405 894 1781 1785 1788 1725) (1406 1726 1782 447 1786 1788 1758)
 (895 1759 1783 1407 1787 1789 1790 1727) (1776 1728 1760 63 1424)
 (1425 1729 1761 896 1777 1792) (1426 1730 1762 1778 448 1792)
 (1793 1794 1427 1731 1763 897 1779) (1764 1732 1428 242 1780 1792)
 (1793 1796 1429 1765 898 1781 1733) (1794 1734 1766 1796 1782 449 1430)
 (1795 1797 1735 1767 1431 899 1783 1798) (1432 1768 1736 1784 175 1792)
 (1793 1800 1433 1737 900 1785 1769) (1794 1800 1434 450 1738 1786 1770)
 (1795 1801 1802 1435 901 1739 1787 1771) (1436 1800 1772 243 1796 1740 1788)
 (1797 1801 1437 1804 1741 902 1773 1789)
 (1798 1802 1804 1774 1438 1742 451 1790)
 (1799 1803 1805 1806 1743 1775 903 1439 1791) (10 1680 1456)
 (1457 1681 1808 904) (1458 452 1808 1682) (905 1809 1459 1683 1810)
 (1808 1460 1688 176) (1689 906 1812 1461 1809) (1690 1812 453 1462 1810)
 (1463 1811 1813 1814 907 1691) (1808 64 1696 1472) (1473 1697 908 1816 1809)
 (1474 1810 1816 454 1698) (1699 1811 1475 1817 1818 909)
 (177 1812 1476 1816 1704) (1705 1813 1817 1477 1820 910)
 (1706 1478 1818 1820 455 1814) (1479 1707 1815 1819 1821 1822 911)
 (1808 32 1712 1488) (1489 1713 1824 1809 912) (1490 1714 1824 1810 456)
 (913 1825 1491 1826 1715 1811) (178 1492 1812 1824 1720)
 (1825 914 1828 1493 1813 1721) (457 1826 1828 1494 1814 1722)
 (915 1829 1830 1495 1827 1815 1723) (65 1816 1728 1824 1504)
 (1729 1825 916 1832 1505 1817) (1730 458 1832 1826 1506 1818)
 (1731 917 1833 1834 1827 1507 1819) (179 1828 1832 1736 1508 1820)
 (1829 918 1737 1836 1833 1509 1821) (459 1830 1834 1836 1510 1738 1822)
 (919 1831 1739 1837 1838 1511 1835 1823) (5 1680 1520) (1521 1681 1840 920)
 (1522 1840 460 1682) (921 1841 1523 1683 1842) (1840 1524 1684 244)
 (1841 922 1844 1685 1525) (1842 1844 461 1526 1686)
 (1527 923 1843 1845 1846 1687) (66 1840 1696 1536) (1537 1697 1841 924 1848)
 (1538 1848 462 1842 1698) (1699 925 1843 1539 1849 1850)
 (1844 1540 245 1700 1848) (1701 926 1845 1849 1541 1852)
 (1702 463 1846 1850 1852 1542) (1543 1703 927 1847 1851 1853 1854)
 (33 1840 1712 1552) (1553 1713 1841 1856 928) (1554 1714 1856 1842 464)
 (1857 1858 1555 1715 929 1843) (1844 1556 246 1716 1856)
 (1857 1860 1557 930 1845 1717) (1858 1860 1558 465 1846 1718)
 (1859 1861 1719 1559 931 1847 1862) (67 1728 1848 1856 1568)
 (1729 1857 1864 1569 932 1849) (1730 1864 466 1858 1570 1850)
 (1859 1865 1866 1731 1571 933 1851) (1860 1732 1864 1572 247 1852)
 (1733 1865 1868 1573 934 1861 1853) (1862 1866 467 1868 1574 1854 1734)
 (1863 1735 1867 1869 1870 1575 935 1855) (1840 1744 19 1584)
 (1585 1745 1841 1872 936) (1586 468 1872 1842 1746)
 (1587 1747 1873 1874 1843 937) (1872 1844 1588 1748 248)
 (1589 1749 1873 1876 1845 938) (1590 469 1874 1876 1846 1750)
 (1751 1591 1875 1877 1878 1847 939) (1872 1848 68 1760 1600)
 (1761 1873 1601 1880 1849 940) (1762 1874 470 1602 1880 1850)
 (1763 1875 1603 1881 1882 1851 941) (1764 1876 1880 249 1852 1604)
 (1765 1605 1881 1877 1884 1853 942) (1766 471 1878 1882 1884 1854 1606)
 (1607 1767 943 1879 1883 1885 1886 1855) (34 1856 1776 1872 1616)
 (1617 1857 1777 1873 944 1888) (1618 1778 1858 1874 472 1888)
 (945 1889 1619 1890 1779 1859 1875) (1620 1860 1780 250 1876 1888)
 (1889 946 1892 1621 1861 1877 1781) (1890 1892 1782 1862 473 1878 1622)
 (1891 1893 1783 1863 947 1623 1879 1894) (1864 1632 69 1880 1888 1792)
 (1793 1889 948 1896 1865 1633 1881) (1890 474 1794 1866 1896 1634 1882)
 (1795 949 1897 1898 1867 1891 1635 1883) (1796 1896 1868 1892 1636 251 1884)
 (1797 950 1897 1900 1869 1637 1893 1885)
 (1894 1898 1900 1870 475 1638 1886 1798)
 (1895 951 1799 1899 1901 1902 1871 1639 1887) (11 1808 1840 1648)
 (1649 1809 1841 1904 952) (1650 476 1904 1842 1810)
 (1651 953 1811 1905 1906 1843) (1848 1816 1904 70 1656)
 (1657 954 1905 1817 1908 1849) (1658 1906 1908 477 1818 1850)
 (1659 1907 1909 1910 955 1819 1851) (35 1824 1856 1904 1664)
 (1825 1905 956 1665 1857 1912) (1858 1666 1826 1906 478 1912)
 (1859 957 1827 1907 1667 1913 1914) (1864 1832 1908 1672 71 1912)
 (1865 1833 958 1913 1909 1673 1916) (1866 1910 479 1914 1674 1916 1834)
 (1917 1867 959 1918 1911 1915 1835 1675) (1200 1) (1201 1920 960)
 (1920 1202 480) (961 1921 1203 1922) (1920 1204 252) (1921 962 1924 1205)
 (481 1922 1924 1206) (963 1925 1923 1207 1926) (1920 120 1216)
 (1217 1921 964 1928) (1922 1218 1928 482) (1929 1930 1219 965 1923)
 (253 1220 1924 1928) (1929 1925 1932 1221 966) (1930 483 1932 1222 1926)
 (1223 1927 1931 1933 1934 967) (1920 72 1232) (1233 1921 1936 968)
 (1234 484 1936 1922) (969 1937 1235 1923 1938) (254 1236 1924 1936)
 (1937 970 1925 1940 1237) (1938 1940 485 1238 1926)
 (1239 1927 1939 1941 1942 971) (121 1928 1936 1248) (1249 1929 1937 972 1944)
 (1938 1250 1944 486 1930) (1931 1939 1251 1945 1946 973)
 (255 1252 1932 1940 1944) (1933 1941 1945 1253 1948 974)
 (1934 1942 1946 1948 487 1254) (1255 1935 1943 1947 1949 1950 975)
 (1920 36 1264) (1265 1921 1952 976) (1922 1266 1952 488)
 (977 1953 1267 1923 1954) (1268 1924 1952 256) (1953 978 1925 1956 1269)
 (489 1954 1956 1270 1926) (1271 979 1957 1958 1927 1955) (122 1928 1952 1280)
 (1281 1929 980 1953 1960) (1930 1282 1960 1954 490)
 (1955 981 1961 1962 1931 1283) (1284 257 1956 1932 1960)
 (1957 982 1961 1964 1933 1285) (491 1958 1962 1964 1934 1286)
 (1959 983 1963 1965 1966 1935 1287) (73 1936 1952 1296)
 (1297 1937 1953 1968 984) (1298 492 1954 1968 1938)
 (1299 985 1955 1969 1970 1939) (1956 1300 1940 258 1968)
 (1957 986 1969 1972 1941 1301) (493 1958 1970 1972 1942 1302)
 (1959 1303 987 1971 1973 1974 1943) (1968 123 1944 1960 1312)
 (1969 1961 988 1313 1976 1945) (494 1970 1962 1314 1976 1946)
 (1963 989 1971 1315 1977 1978 1947) (1316 1964 259 1972 1976 1948)
 (1965 990 1317 1977 1973 1980 1949) (495 1966 1974 1978 1980 1950 1318)
 (1319 991 1967 1975 1979 1981 1982 1951) (1920 20 1328) (1329 1921 1984 992)
 (1922 1330 1984 496) (993 1985 1331 1923 1986) (1332 1924 1984 260)
 (1985 994 1925 1988 1333) (497 1986 1988 1334 1926)
 (1987 1989 1335 1927 995 1990) (124 1928 1984 1344) (1345 1929 996 1985 1992)
 (1930 1346 1986 1992 498) (1987 1993 1994 1931 1347 997)
 (261 1348 1932 1988 1992) (1989 1993 1996 1933 1349 998)
 (1990 1994 499 1996 1934 1350) (1351 1991 1995 1997 1998 1935 999)
 (74 1936 1984 1360) (1361 1937 2000 1985 1000) (1362 1986 500 2000 1938)
 (1363 1987 2001 2002 1939 1001) (262 1364 1940 1988 2000)
 (1365 2001 2004 1941 1002 1989) (1990 501 2002 2004 1942 1366)
 (1367 1991 2003 2005 2006 1943 1003) (2000 1944 125 1992 1376)
 (2001 1993 1377 2008 1945 1004) (2002 1994 502 1378 2008 1946)
 (1995 2003 1379 2009 2010 1947 1005) (1996 1380 263 2004 2008 1948)
 (1997 1381 2009 2005 2012 1949 1006) (1998 503 2006 2010 2012 1950 1382)
 (1383 1999 1007 2007 2011 2013 2014 1951) (1952 37 1984 1392)
 (1393 1953 2016 1985 1008) (1394 1986 2016 1954 504)
 (1009 2017 1395 2018 1987 1955) (2016 1396 1956 1988 264)
 (2017 1010 2020 1957 1397 1989) (2018 2020 1990 505 1958 1398)
 (2019 2021 1959 1991 1399 1011 2022) (2016 1960 126 1992 1408)
 (2017 1012 2024 1961 1409 1993) (2018 2024 1994 1410 506 1962)
 (2019 1013 2025 2026 1995 1411 1963) (1996 2024 1964 1412 265 2020)
 (2021 1014 2025 1997 2028 1965 1413) (2022 2026 2028 1998 1966 507 1414)
 (1015 2023 2027 2029 2030 1999 1967 1415) (2016 75 1968 2000 1424)
 (1425 2001 2017 1016 2032 1969) (1426 1970 2018 2032 2002 508)
 (2019 1017 1427 2033 2034 2003 1971) (1428 2032 1972 266 2004 2020)
 (1429 1018 2033 2036 1973 2021 2005) (2022 2034 2036 509 2006 1974 1430)
 (1975 2023 1431 1019 2035 2037 2038 2007) (2024 1976 2032 127 2008 1440)
 (2033 2025 1020 1441 2009 2040 1977) (2034 2026 2040 1442 510 1978 2010)
 (2027 1021 2035 1443 2041 2042 2011 1979) (1980 2028 1444 2036 267 2040 2012)
 (2013 2029 1022 2037 2041 1445 2044 1981)
 (2030 1982 2038 511 2042 2044 2014 1446)
 (1447 1983 2031 1023 2039 2043 2045 2046 2015) (1920 12 1456)
 (1457 1921 2048 1024) (1922 1458 2048 512) (1025 2049 1459 1923 2050)
 (128 1928 2048 1464) (1465 1026 1929 2052 2049) (513 1466 2052 2050 1930)
 (2051 2053 2054 1467 1027 1931) (76 1936 2048 1472) (1473 1937 1028 2049 2056)
 (1938 1474 2056 2050 514) (2051 2057 2058 1939 1475 1029)
 (129 2052 1944 2056 1480) (2053 2057 2060 1945 1030 1481)
 (2054 2058 2060 1946 1482 515) (2055 2059 2061 2062 1031 1483 1947)
 (2048 1952 38 1488) (1489 1953 2064 2049 1032) (2064 1490 516 2050 1954)
 (1491 2051 2065 2066 1033 1955) (2052 130 1960 2064 1496)
 (2053 1497 2065 1961 2068 1034) (2054 1498 2066 2068 1962 517)
 (2055 1499 2067 2069 2070 1035 1963) (2056 2064 1968 77 1504)
 (1969 2065 2057 1505 2072 1036) (1970 2066 2058 1506 2072 518)
 (2059 1507 2067 2073 2074 1037 1971) (2060 2068 1976 2072 1512 131)
 (2061 1977 2069 2073 1513 2076 1038) (2062 1978 2070 2074 1514 2076 519)
 (2078 2063 1979 2071 2075 2077 1515 1039) (6 1920 1520) (1521 1921 2080 1040)
 (1922 1522 2080 520) (1041 2081 1523 1923 2082) (2080 1524 1924 268)
 (2081 1042 1925 2084 1525) (521 2082 2084 1526 1926)
 (1043 2085 1527 1927 2083 2086) (2080 132 1928 1528)
 (1529 1929 1044 2088 2081) (1930 1530 2088 2082 522)
 (2083 1045 2089 2090 1531 1931) (269 2084 1532 1932 2088)
 (2085 1046 2089 1533 2092 1933) (523 2086 2090 2092 1534 1934)
 (1047 2087 2091 2093 2094 1935 1535) (2080 1936 78 1536)
 (1537 1937 2096 2081 1048) (2096 1538 524 2082 1938)
 (2083 1049 1939 2097 2098 1539) (2084 270 1540 1940 2096)
 (2085 1050 2097 2100 1941 1541) (525 2086 2098 2100 1542 1942)
 (1543 2087 1051 2099 2101 2102 1943) (2096 2088 1944 133 1544)
 (2089 1052 2097 1945 2104 1545) (526 2090 1946 2098 2104 1546)
 (2091 1053 2099 2105 2106 1547 1947) (1948 2092 2100 2104 271 1548)
 (1549 2093 1054 2101 2105 2108 1949) (527 2094 1950 2102 2106 2108 1550)
 (1551 2095 1055 2103 2107 2109 2110 1951) (2080 1952 39 1552)
 (1553 1953 2112 2081 1056) (1554 2112 1954 2082 528)
 (2113 2114 1555 2083 1057 1955) (2112 2084 1556 1956 272)
 (2113 2116 1957 1058 1557 2085) (2114 2116 2086 529 1958 1558)
 (2115 2117 1959 2087 1059 1559 2118) (2112 2088 1960 134 1560)
 (2113 2120 1561 1961 1060 2089) (2114 530 2120 1562 2090 1962)
 (2115 2121 2122 1563 1963 1061 2091) (2116 2120 1564 2092 1964 273)
 (2117 2121 1565 2124 1965 2093 1062) (2118 2122 531 2124 1966 2094 1566)
 (2119 1967 2123 2125 2126 2095 1567 1063) (2112 2096 1968 79 1568)
 (2113 1969 2097 2128 1569 1064) (2114 1970 2098 532 2128 1570)
 (2115 2099 2129 2130 1571 1065 1971) (2100 2116 2128 1972 1572 274)
 (2117 2129 2132 1973 1573 1066 2101) (2118 533 2130 2132 2102 1974 1574)
 (1975 2119 2131 1575 2134 2103 2133 1067) (2120 1976 2128 1576 2104 135)
 (2121 2136 2129 1977 2105 1577 1068) (2122 2136 534 2130 1978 2106 1578)
 (2123 1979 2131 2137 2138 1579 1069 2107) (1580 2124 1980 2132 2136 2108 275)
 (1581 2125 2109 2133 2137 2140 1981 1070)
 (1982 2126 535 1582 2134 2138 2140 2110)
 (1583 1983 2127 1071 2135 2139 2141 2142 2111) (21 2080 1984 1584)
 (1585 1985 2144 2081 1072) (1586 1986 2144 2082 536)
 (1073 2145 1587 2146 1987 2083) (2084 2144 1588 1988 276)
 (2145 1074 2148 1589 1989 2085) (2146 2148 2086 537 1990 1590)
 (1075 2149 1991 2087 2147 1591 2150) (2088 2144 136 1992 1592)
 (2145 1076 2152 1593 1993 2089) (2146 2152 1594 538 2090 1994)
 (2147 1077 2153 2154 1595 1995 2091) (277 2148 2152 2092 1996 1596)
 (2149 1078 2153 1597 2156 1997 2093) (2150 2154 1998 2156 2094 1598 539)
 (1079 2151 2155 2157 2158 1999 2095 1599) (2096 2144 80 2000 1600)
 (2145 2001 2097 1080 2160 1601) (2146 2002 2098 2160 1602 540)
 (2003 2147 1081 2099 2161 2162 1603) (278 2148 2160 2100 1604 2004)
 (2149 1082 2161 2164 1605 2005 2101) (2150 2162 2164 541 2102 2006 1606)
 (2007 2151 1083 2163 2165 1607 2103 2166) (137 2152 2008 2160 1608 2104)
 (2153 1084 2161 2009 2105 1609 2168) (2154 2168 2162 2010 542 2106 1610)
 (2155 1085 2011 2163 2169 2170 1611 2107) (279 1612 2156 2012 2164 2168 2108)
 (1613 2157 1086 2109 2165 2169 2172 2013)
 (2014 2158 1614 2166 543 2170 2172 2110)
 (1087 1615 2159 2111 2167 2171 2173 2174 2015) (2112 2144 40 2016 1616)
 (1617 2017 2113 2145 1088 2176) (1618 2146 2018 544 2114 2176)
 (2177 2019 1619 2115 2178 2147 1089) (2116 280 2148 1620 2020 2176)
 (2177 2149 2180 2117 1090 1621 2021) (2178 2180 2150 545 2022 2118 1622)
 (2179 2181 2119 2151 1091 1623 2023 2182) (138 2152 2120 1624 2024 2176)
 (2177 2184 1625 2025 1092 2121 2153) (2178 2184 1626 2122 2154 2026 546)
 (2179 2123 2185 2186 1627 2027 1093 2155) (2124 281 2184 2156 1628 2028 2180)
 (2181 2185 2029 1629 2188 2125 2157 1094)
 (2188 2182 2186 2030 2158 2126 1630 547)
 (2183 1631 2189 2187 2127 2190 2031 2159 1095) (81 1632 2032 2160 2128 2176)
 (2177 2033 2129 2161 2192 1633 1096) (2178 2034 2130 2162 2192 1634 548)
 (2035 2179 2131 2163 2193 2194 1635 1097) (2132 2180 282 2192 2164 1636 2036)
 (2165 2181 2193 2196 2133 1098 1637 2037)
 (2182 2194 2196 2166 2038 549 2134 1638)
 (2135 2183 1639 2195 2197 2198 2167 2039 1099)
 (139 2184 2040 2192 1640 2168 2136) (2185 2137 2193 2041 2200 1641 2169 1100)
 (2186 2200 2194 2042 2138 2170 1642 550)
 (2187 2043 2195 2139 2201 2202 1643 1101 2171)
 (2140 283 2188 1644 2044 2196 2200 2172)
 (2045 1645 2189 2173 2197 2201 2204 2141 1102)
 (1646 2046 2190 2174 2198 2202 2204 2142 551)
 (1103 1647 2143 2191 2175 2199 2203 2205 2206 2047) (2080 2048 13 1648)
 (1649 2049 2208 2081 1104) (1650 2208 2050 2082 552)
 (1105 2209 1651 2210 2051 2083) (2052 2088 1652 2208 140)
 (2209 1106 2212 1653 2089 2053) (553 2210 2212 1654 2090 2054)
 (1107 2213 1655 2055 2091 2211 2214) (2096 82 2056 2208 1656)
 (2209 1108 2216 1657 2097 2057) (2210 2216 1658 2098 554 2058)
 (2211 1109 2217 2218 1659 2099 2059) (1660 141 2216 2060 2212 2104)
 (2213 1110 2217 1661 2220 2061 2105) (555 2214 2218 2220 1662 2062 2106)
 (2215 1111 2219 2221 2222 2063 1663 2107) (41 2112 2064 2208 1664)
 (2209 2065 1112 2113 2224 1665) (2210 556 2066 2114 2224 1666)
 (2115 2211 1113 2067 2225 2226 1667) (2212 142 2120 2224 2068 1668)
 (2213 2121 1114 2225 2228 1669 2069) (557 2214 2122 2226 2228 1670 2070)
 (1671 2215 1115 2227 2229 2230 2071 2123) (83 2216 1672 2224 2072 2128)
 (2225 2217 1116 2129 2073 2232 1673) (558 2130 2218 2232 2226 2074 1674)
 (2219 1117 2131 2227 2233 2234 1675 2075) (1676 143 2220 2228 2136 2076 2232)
 (1677 2221 1118 2233 2229 2137 2236 2077)
 (559 2222 2078 2230 2234 2138 2236 1678)
 (1119 2223 2238 1679 2231 2139 2237 2235 2079) (3 1920 1680)
 (1681 1921 2240 1120) (1922 1682 2240 560) (1121 2241 1683 1923 2242)
 (1684 1924 2240 284) (2241 1122 1925 2244 1685) (561 2242 2244 1686 1926)
 (2243 2245 2246 1927 1123 1687) (84 1936 2240 1696) (1697 1937 1124 2241 2248)
 (1938 1698 2242 2248 562) (2243 2249 2250 1699 1939 1125)
 (285 1700 1940 2244 2248) (1701 2249 2252 1941 1126 2245)
 (2246 2250 563 2252 1942 1702) (1703 1127 2247 2251 2253 2254 1943)
 (42 1952 2240 1712) (1713 1953 2256 2241 1128) (1714 2242 564 2256 1954)
 (2243 1955 2257 2258 1715 1129) (286 1716 1956 2244 2256)
 (1957 2257 2260 1717 2245 1130) (2246 565 2258 2260 1718 1958)
 (1959 2247 2259 2261 2262 1719 1131) (2256 1968 85 2248 1728)
 (1729 2257 2249 1969 2264 1132) (1730 1970 2250 566 2258 2264)
 (1731 2251 1971 2259 2265 2266 1133) (1732 287 2252 2260 2264 1972)
 (1733 2253 1973 2265 2261 2268 1134) (1734 2254 567 2262 2266 2268 1974)
 (1975 1735 2255 2263 2267 2269 2270 1135) (22 1984 2240 1744)
 (1745 1985 2272 2241 1136) (1746 1986 2272 2242 568)
 (1137 2273 2243 2274 1987 1747) (288 2244 1748 1988 2272)
 (2273 1138 2276 1989 1749 2245) (2274 2276 2246 569 1750 1990)
 (2275 2277 1991 2247 1139 1751 2278) (2272 2000 86 2248 1760)
 (1761 2273 1140 2280 2249 2001) (1762 2274 2250 2280 2002 570)
 (2275 1141 2281 2282 2251 1763 2003) (1764 2276 2280 2252 289 2004)
 (2277 1142 2281 2284 2253 2005 1765) (2278 2282 2284 2254 571 2006 1766)
 (1767 1143 2279 2283 2285 2286 2255 2007) (2272 43 2016 2256 1776)
 (2017 2257 1144 2273 2288 1777) (2274 2018 2258 2288 1778 572)
 (2019 2275 1145 2259 2289 2290 1779) (2276 2260 290 2288 1780 2020)
 (2277 1146 2289 2292 1781 2261 2021) (2278 2290 2292 573 2262 2022 1782)
 (1783 2023 2279 1147 2291 2293 2294 2263) (87 2280 2032 2264 2288 1792)
 (1793 2289 2281 1148 2033 2296 2265) (1794 2034 2282 2290 574 2296 2266)
 (1795 2283 1149 2291 2035 2297 2298 2267) (1796 2284 291 2292 2296 2268 2036)
 (1797 2285 1150 2037 2297 2293 2300 2269)
 (1798 2286 2294 575 2298 2300 2270 2038)
 (2295 1799 1151 2287 2039 2299 2301 2302 2271) (2048 2240 14 1808)
 (1809 2049 2304 2241 1152) (1810 2242 2304 2050 576)
 (2305 2306 2243 2051 1153 1811) (2056 88 2304 2248 1816)
 (2305 2308 2249 1154 2057 1817) (2306 2308 2250 2058 577 1818)
 (2307 2309 2310 2251 1155 1819 2059) (2064 44 2304 2256 1824)
 (1825 2257 2312 2305 2065 1156) (1826 2066 2312 2306 2258 578)
 (1827 2313 2314 2067 2307 2259 1157) (1832 2308 2312 89 2264 2072)
 (2309 1833 2316 2265 1158 2073 2313) (2310 1834 2316 2074 2314 2266 579)
 (2311 2315 2317 2318 2075 1159 2267 1835) (7 2080 2240 1840)
 (1841 2081 2320 2241 1160) (2320 1842 2242 580 2082)
 (2243 2083 2321 2322 1843 1161) (2320 2084 1844 2244 292)
 (2245 2321 2324 1845 1162 2085) (2246 2322 2324 1846 581 2086)
 (2087 2247 2323 2325 2326 1847 1163) (2320 90 2096 2248 1848)
 (2321 2249 2097 2328 1849 1164) (2098 2250 2322 2328 1850 582)
 (2251 2099 2323 2329 2330 1851 1165) (2324 2252 293 2100 2328 1852)
 (2253 2101 2329 2325 2332 1853 1166) (2254 2326 2330 2332 1854 583 2102)
 (2103 2255 1855 2327 2331 2333 2334 1167) (2320 2112 45 2256 1856)
 (1857 2113 2321 2257 1168 2336) (1858 2114 2322 2258 584 2336)
 (1169 2337 1859 2115 2338 2259 2323) (2116 2260 1860 294 2324 2336)
 (2337 1170 2340 2117 2325 2261 1861) (585 2338 2340 1862 2262 2118 2326)
 (2339 2341 2327 2119 1171 2263 1863 2342) (1864 91 2264 2128 2328 2336)
 (2337 1172 2344 1865 2129 2329 2265) (2338 586 1866 2344 2130 2330 2266)
 (2339 1173 2345 2346 1867 2131 2267 2331) (2340 2344 1868 295 2132 2268 2332)
 (2341 1174 2345 2269 2348 1869 2133 2333)
 (587 2342 2346 2348 1870 2334 2134 2270)
 (1175 2343 2347 2349 2350 1871 2335 2135 2271) (2320 23 2144 2272 1872)
 (2145 2273 1176 2321 2352 1873) (2274 588 2146 2322 2352 1874)
 (2275 2147 1177 2323 2353 2354 1875) (2148 2276 2324 1876 2352 296)
 (2149 2325 1178 2353 2356 1877 2277) (589 2278 2354 2356 2326 2150 1878)
 (2151 2279 1179 2355 2357 2358 2327 1879) (1880 2280 92 2352 2328 2160)
 (2353 2281 1180 2161 2329 2360 1881) (590 2162 2282 2360 2354 2330 1882)
 (2283 1181 2163 2355 2361 2362 1883 2331) (2164 1884 2284 2356 297 2360 2332)
 (2333 2285 1182 2165 2361 2357 2364 1885)
 (591 2286 1886 2358 2362 2364 2334 2166)
 (2167 1887 2287 1183 2359 2363 2365 2366 2335) (2288 2352 1888 46 2176 2336)
 (1889 2177 2289 2337 2353 1184 2368) (2178 2338 1890 592 2354 2290 2368)
 (2369 2370 1891 2179 2355 2339 1185 2291) (2340 2180 2292 1892 2356 298 2368)
 (2369 2372 2181 2341 2357 1186 2293 1893)
 (2182 2370 2372 2342 593 1894 2358 2294)
 (1895 2371 2373 2295 2343 1187 2359 2183 2374)
 (1896 2344 2296 93 2192 2360 2368) (2369 2376 1897 2193 2361 1188 2297 2345)
 (2370 2376 594 1898 2194 2362 2298 2346)
 (2371 2377 2378 1899 2195 1189 2363 2347 2299)
 (1900 2376 2372 2348 2196 299 2300 2364)
 (2373 2377 2365 2380 1901 2197 1190 2349 2301)
 (2374 2378 595 2380 2350 2302 2198 1902 2366)
 (1191 2375 2379 2381 2382 2351 1903 2367 2199 2303) (2320 2208 2304 15 1904)
 (2209 2321 2305 2384 1905 1192) (2306 2322 2210 596 2384 1906)
 (2307 2211 1907 2385 2386 2323 1193) (2308 2216 94 2384 1908 2328)
 (2309 2217 2385 2388 1909 2329 1194) (2310 2218 597 2386 2388 1910 2330)
 (2311 2219 2387 2389 2390 1911 2331 1195) (2312 2384 47 1912 2224 2336)
 (2337 2385 2313 2225 2392 1913 1196) (2338 2226 2314 598 2386 2392 1914)
 (2339 2315 2387 2227 2393 2394 1915 1197) (2392 2344 2316 95 2388 2232 1916)
 (2345 2317 2393 2389 2233 2396 1917 1198)
 (2346 2318 599 2390 2394 2234 2396 1918)
 (2347 2319 2398 1919 2391 2235 2397 2395 1199))