(NIL NIL (1 2) NIL (2 4) (1 4) (5 3 6) NIL (4 8) (2 8) (9 5 10) (1 8) (9 6 12)
 (3 10 12) (11 13 7 14) NIL (8 16) (4 16) (17 9 18) (2 16) (17 10 20) (5 18 20)
 (19 21 11 22) (1 16) (17 12 24) (18 24 6) (25 26 19 13) (3 20 24)
 (25 28 21 14) (26 7 28 22) (27 29 15 23 30) NIL (16 32) (8 32) (33 17 34)
 (4 32) (33 18 36) (9 34 36) (35 37 19 38) (1 32) (33 40 24) (34 12 40)
 (25 41 35 42) (6 36 40) (41 26 44 37) (42 44 13 38) (27 45 43 39 46) NIL
 (32 48) (16 48) (49 33 50) (8 48) (49 34 52) (17 50 52) (51 53 35 54) (4 48)
 (49 36 56) (50 56 18) (57 58 51 37) (9 52 56) (57 60 53 38) (58 19 60 54)
 (59 61 39 55 62) (2 48) (50 20 64) (10 52 64) (65 66 21 54) (5 64 56)
 (65 58 68 22) (68 66 11 60) (67 69 62 23 70) (1 48) (49 72 40) (50 72 24)
 (41 73 51 74) (52 12 72) (73 42 76 53) (25 74 76 54) (43 77 75 55 78)
 (6 72 56) (57 73 44 80) (74 58 80 26) (81 82 59 45 75) (60 13 76 80)
 (81 77 84 61 46) (82 27 84 62 78) (83 85 86 63 47 79) (3 72 64) (65 74 28 88)
 (66 76 14 88) (89 90 67 29 78) (7 68 88 80) (89 82 92 69 30) (92 90 84 70 15)
 (86 91 93 94 31 71) NIL (96 48) (96 32) (97 49 98) (96 16) (97 50 100)
 (33 98 100) (99 101 51 102) (96 8) (97 52 104) (98 104 34) (105 106 99 53)
 (17 100 104) (105 108 101 54) (106 35 108 102) (107 109 55 103 110) (96 4)
 (97 112 56) (98 36 112) (57 113 99 114) (18 100 112) (113 58 116 101)
 (114 116 37 102) (59 117 115 103 118) (9 112 104) (105 113 60 120)
 (106 120 38 114) (121 122 107 61 115) (19 108 116 120) (121 117 124 109 62)
 (122 124 110 39 118) (63 111 119 123 125 126) (96 2) (97 128 64) (20 100 128)
 (65 129 101 130) (10 128 104) (105 66 132 129) (132 130 108 21)
 (133 67 109 131 134) (5 128 112) (113 129 68 136) (130 116 22 136)
 (137 69 131 117 138) (136 11 132 120) (121 137 140 133 70)
 (140 138 124 134 23) (125 71 135 139 141 142) (96 1) (97 144 72) (98 144 40)
 (73 145 99 146) (100 144 24) (145 74 148 101) (41 146 148 102)
 (75 149 147 103 150) (12 144 104) (105 145 76 152) (106 152 146 42)
 (153 154 107 77 147) (25 108 148 152) (153 149 156 109 78)
 (154 43 156 110 150) (111 151 155 157 158 79) (6 144 112) (113 145 160 80)
 (114 44 160 146) (81 161 115 147 162) (26 116 148 160) (161 82 149 117 164)
 (162 164 45 118 150) (163 165 119 83 151 166) (152 13 160 120)
 (121 153 84 161 168) (122 162 168 46 154) (163 85 169 170 123 155)
 (27 124 156 164 168) (165 86 169 125 172 157) (166 170 172 158 47 126)
 (87 167 171 173 174 159 127) (3 144 128) (129 145 176 88) (130 28 148 176)
 (89 177 131 149 178) (132 14 176 152) (153 90 180 133 177)
 (178 156 29 134 180) (91 179 181 182 135 157) (7 160 176 136)
 (137 161 92 177 184) (138 164 30 184 178) (165 93 179 185 186 139)
 (180 184 140 15 168) (169 94 181 185 188 141) (172 31 182 186 188 142)
 (173 95 183 187 189 190 143) NIL (96 192) (48 192) (97 194 193) (32 192)
 (98 196 193) (49 194 196) (195 197 99 198) (16 192) (100 193 200) (194 200 50)
 (201 202 195 101) (33 196 200) (201 204 197 102) (202 51 204 198)
 (203 205 103 199 206) (8 192) (208 193 104) (194 52 208) (105 209 195 210)
 (34 196 208) (209 106 212 197) (210 212 53 198) (107 213 211 199 214)
 (17 208 200) (201 209 108 216) (202 216 54 210) (217 218 203 109 211)
 (212 35 204 216) (217 213 220 205 110) (218 220 206 55 214)
 (111 207 215 219 221 222) (4 192) (224 193 112) (194 224 56) (113 225 195 226)
 (196 36 224) (225 114 228 197) (57 226 228 198) (115 229 227 199 230)
 (18 224 200) (201 225 116 232) (202 232 226 58) (233 234 203 117 227)
 (204 37 228 232) (233 229 236 205 118) (234 59 236 206 230)
 (231 235 237 238 207 119) (9 224 208) (209 225 240 120) (210 60 240 226)
 (121 241 211 227 242) (228 212 38 240) (241 122 229 213 244)
 (242 244 61 214 230) (231 243 245 246 215 123) (19 232 240 216)
 (217 233 124 241 248) (218 248 62 242 234) (235 243 249 250 219 125)
 (244 220 236 39 248) (237 245 249 252 221 126) (238 63 246 250 252 222)
 (239 223 247 251 253 254 127) (2 192) (256 193 128) (194 256 64)
 (129 257 195 258) (256 20 200) (201 130 260 257) (65 202 260 258)
 (203 259 261 131 262) (10 256 208) (209 257 132 264) (210 264 258 66)
 (265 266 211 133 259) (264 260 21 216) (217 265 268 261 134)
 (218 67 268 262 266) (263 267 269 270 135 219) (5 256 224) (225 257 272 136)
 (226 68 272 258) (137 273 227 259 274) (272 260 22 232) (233 138 276 261 273)
 (234 276 69 262 274) (263 235 275 277 278 139) (272 11 264 240)
 (241 265 140 280 273) (242 274 280 70 266) (267 275 243 281 282 141)
 (276 268 280 23 248) (269 281 277 249 284 142) (270 71 278 282 250 284)
 (271 286 279 283 285 251 143) (1 192) (288 193 144) (194 288 72)
 (145 289 195 290) (196 288 40) (289 146 292 197) (73 290 292 198)
 (147 293 291 199 294) (24 288 200) (201 289 148 296) (202 290 296 74)
 (297 298 203 149 291) (41 204 296 292) (297 293 300 205 150)
 (298 75 300 206 294) (295 299 301 302 207 151) (12 288 208) (209 289 304 152)
 (210 76 304 290) (153 305 211 291 306) (42 212 304 292) (305 154 308 213 293)
 (306 308 77 214 294) (295 307 309 310 215 155) (25 296 304 216)
 (217 297 156 305 312) (218 312 306 78 298) (299 307 313 314 219 157)
 (312 43 220 308 300) (301 309 313 316 221 158) (302 310 314 316 222 79)
 (303 223 311 315 317 318 159) (6 288 224) (225 289 320 160) (226 290 320 80)
 (161 321 227 291 322) (228 44 320 292) (321 162 324 229 293)
 (81 322 324 230 294) (163 325 231 295 323 326) (26 296 320 232)
 (233 297 164 321 328) (328 234 298 322 82) (323 165 329 330 235 299)
 (324 328 236 45 300) (325 166 329 237 332 301) (83 326 330 332 238 302)
 (167 327 331 333 334 303 239) (304 13 320 240) (241 305 336 321 168)
 (336 242 84 322 306) (323 169 307 337 338 243) (324 336 244 46 308)
 (325 170 337 340 245 309) (85 326 338 340 246 310)
 (247 327 171 339 341 342 311) (328 336 27 312 248) (329 172 337 313 344 249)
 (86 330 338 314 344 250) (331 173 339 345 346 251 315)
 (316 332 340 47 344 252) (253 333 174 341 345 348 317)
 (87 334 318 342 346 348 254) (335 175 343 347 349 350 319 255) (3 288 256)
 (257 289 352 176) (352 258 290 88) (177 353 259 291 354) (352 260 28 296)
 (297 178 356 261 353) (89 298 356 262 354) (355 357 358 263 299 179)
 (352 304 14 264) (265 305 180 360 353) (360 266 306 354 90)
 (355 361 362 267 307 181) (360 356 268 29 312) (357 361 364 269 182 313)
 (358 362 91 364 270 314) (359 363 365 366 271 183 315) (352 7 320 272)
 (273 321 368 353 184) (368 274 92 354 322) (355 323 369 370 275 185)
 (368 356 276 30 328) (357 329 369 372 277 186) (358 330 93 370 372 278)
 (359 331 371 373 374 279 187) (368 360 336 15 280) (369 361 337 376 281 188)
 (338 362 94 370 376 282) (363 339 371 377 378 283 189)
 (364 31 372 376 344 284) (365 377 373 345 380 285 190)
 (366 95 374 378 346 380 286) (367 382 287 375 379 381 347 191) NIL (96 384)
 (48 384) (97 386 385) (32 384) (98 385 388) (49 386 388) (389 390 99 387)
 (16 384) (100 385 392) (50 386 392) (393 101 387 394) (33 392 388)
 (389 393 396 102) (390 51 396 394) (391 397 395 103 398) (8 384) (400 385 104)
 (52 386 400) (105 401 387 402) (34 400 388) (389 106 404 401) (390 404 53 402)
 (391 403 405 107 406) (17 400 392) (393 401 108 408) (394 408 54 402)
 (409 410 395 109 403) (404 35 396 408) (409 405 412 397 110)
 (410 412 398 55 406) (407 411 413 414 111 399) (4 384) (416 385 112)
 (386 416 56) (113 417 387 418) (36 416 388) (389 114 420 417) (57 390 420 418)
 (419 391 421 115 422) (18 416 392) (393 417 116 424) (394 418 424 58)
 (425 426 395 117 419) (396 37 420 424) (425 421 428 397 118)
 (426 59 428 398 422) (399 423 427 429 430 119) (9 416 400) (401 417 432 120)
 (402 60 432 418) (121 433 403 419 434) (404 38 420 432) (433 122 436 405 421)
 (434 436 61 406 422) (407 423 435 437 438 123) (19 424 432 408)
 (409 425 124 433 440) (410 434 440 62 426) (411 435 441 442 125 427)
 (412 436 440 39 428) (413 429 437 441 444 126) (414 63 430 438 442 444)
 (431 415 439 443 445 446 127) (2 384) (448 385 128) (448 386 64)
 (129 449 387 450) (448 20 392) (393 130 449 452) (65 394 452 450)
 (453 395 451 131 454) (10 448 400) (401 449 132 456) (402 456 450 66)
 (457 458 403 133 451) (456 452 21 408) (409 457 460 453 134)
 (410 67 460 454 458) (455 411 461 462 135 459) (5 448 416) (417 449 464 136)
 (418 464 68 450) (137 465 419 451 466) (464 452 22 424) (425 138 465 468 453)
 (426 468 69 454 466) (455 427 467 469 470 139) (11 456 464 432)
 (433 457 465 140 472) (434 472 70 466 458) (459 467 435 473 474 141)
 (468 460 472 23 440) (461 473 469 441 476 142) (462 71 470 442 474 476)
 (463 478 471 443 477 475 143) (1 384) (480 385 144) (480 386 72)
 (145 481 387 482) (480 40 388) (389 146 484 481) (73 390 484 482)
 (485 391 483 147 486) (480 24 392) (393 481 148 488) (394 488 482 74)
 (489 490 395 149 483) (41 484 396 488) (489 485 492 397 150)
 (490 75 492 398 486) (399 487 491 493 494 151) (480 12 400) (401 481 496 152)
 (402 496 76 482) (153 497 403 483 498) (42 484 404 496) (485 154 500 497 405)
 (498 500 77 406 486) (407 487 499 501 502 155) (25 496 488 408)
 (409 489 156 497 504) (410 504 78 498 490) (411 499 505 506 157 491)
 (500 43 412 492 504) (413 493 501 505 508 158) (414 494 502 506 508 79)
 (495 415 503 507 509 510 159) (6 480 416) (417 481 512 160) (418 512 482 80)
 (161 513 419 483 514) (484 420 44 512) (485 162 516 421 513)
 (81 514 516 422 486) (163 517 423 487 515 518) (26 512 488 424)
 (425 489 164 513 520) (426 520 514 490 82) (515 165 521 522 427 491)
 (516 492 428 45 520) (517 166 521 429 524 493) (83 518 522 524 430 494)
 (167 519 523 525 526 495 431) (512 496 13 432) (433 497 528 513 168)
 (434 528 84 514 498) (515 169 499 529 530 435) (516 500 436 46 528)
 (517 170 529 532 501 437) (85 518 530 532 438 502)
 (439 519 171 531 533 534 503) (520 528 27 504 440) (521 172 529 505 536 441)
 (86 522 530 506 536 442) (523 173 531 537 538 443 507)
 (444 524 532 47 536 508) (445 525 174 533 537 540 509)
 (87 526 510 534 538 540 446) (447 527 175 535 539 541 542 511) (3 480 448)
 (449 481 544 176) (450 544 482 88) (177 545 451 483 546) (544 452 28 488)
 (489 178 545 548 453) (89 490 548 454 546) (547 549 550 455 491 179)
 (544 496 14 456) (457 497 545 180 552) (546 458 552 498 90)
 (547 553 554 459 499 181) (552 460 29 548 504) (549 553 556 461 182 505)
 (550 554 91 556 462 506) (551 555 557 558 463 183 507) (544 7 512 464)
 (465 513 545 560 184) (546 466 92 560 514) (515 547 561 562 467 185)
 (560 468 548 30 520) (549 521 561 564 469 186) (550 522 93 562 564 470)
 (551 523 563 565 566 471 187) (528 552 560 15 472) (561 553 529 568 473 188)
 (530 554 94 562 568 474) (555 531 563 569 570 475 189)
 (536 556 31 564 568 476) (557 569 565 537 572 477 190)
 (558 95 566 570 538 572 478) (559 574 479 567 539 573 571 191) NIL (576 384)
 (576 192) (96 576) (577 385 579) (578 193 579) (576 48) (577 386 582)
 (578 194 582) (97 582 579) (585 387 583 580) (581 585 195 584) (576 32)
 (577 588 388) (578 588 196) (98 588 579) (389 589 591 580) (581 197 590 591)
 (49 588 582) (390 589 583 594) (594 198 590 584) (585 594 99 591)
 (586 391 597 595 592) (593 587 596 597 199) (576 16) (577 600 392)
 (578 600 200) (100 579 600) (393 601 603 580) (581 201 603 602) (50 582 600)
 (601 394 606 583) (202 606 602 584) (585 603 101 606) (609 586 395 604 607)
 (609 587 605 203 608) (33 588 600) (601 396 589 612) (602 204 590 612)
 (603 612 102 591) (613 604 397 615 592) (593 605 205 614 615) (594 51 612 606)
 (618 595 613 398 607) (618 614 596 206 608) (609 618 597 615 103)
 (610 598 616 619 621 399) (611 599 617 620 621 207) (576 8) (577 624 400)
 (578 624 208) (624 579 104) (401 625 627 580) (581 209 627 626) (52 582 624)
 (625 402 630 583) (210 626 630 584) (585 105 627 630) (633 586 403 628 631)
 (633 587 629 211 632) (34 588 624) (625 636 404 589) (636 626 212 590)
 (106 627 636 591) (637 628 405 639 592) (593 629 213 638 639) (594 636 53 630)
 (642 595 637 406 631) (642 596 638 214 632) (633 642 107 597 639)
 (643 645 598 407 634 640) (641 644 645 599 215 635) (17 624 600)
 (601 625 648 408) (602 648 626 216) (603 108 627 648) (409 628 649 604 651)
 (217 629 651 605 650) (648 630 606 54) (649 410 631 607 654)
 (650 218 632 654 608) (609 633 651 109 654) (610 411 652 655 657 634)
 (611 653 656 657 635 219) (636 35 612 648) (649 637 412 613 660)
 (650 220 660 614 638) (639 660 110 615 651) (616 652 413 661 663 640)
 (641 617 653 662 663 221) (618 660 654 55 642) (643 619 414 655 661 666)
 (644 620 656 662 666 222) (645 621 111 657 663 666)
 (646 622 415 658 664 667 669) (647 623 659 665 668 669 223) (576 4)
 (577 672 416) (578 672 224) (672 579 112) (417 673 675 580) (581 225 675 674)
 (672 582 56) (673 418 678 583) (226 674 678 584) (585 113 675 678)
 (681 586 419 676 679) (681 587 677 227 680) (588 36 672) (673 420 589 684)
 (674 228 590 684) (114 675 684 591) (685 676 421 687 592)
 (593 677 229 686 687) (57 594 684 678) (690 595 685 422 679)
 (686 690 596 230 680) (681 690 115 597 687) (598 423 682 688 691 693)
 (599 231 683 689 692 693) (18 672 600) (601 673 696 424) (602 674 696 232)
 (603 116 675 696) (425 697 699 604 676) (233 677 699 605 698) (58 696 606 678)
 (697 426 679 607 702) (698 234 680 702 608) (609 681 699 117 702)
 (705 610 682 427 700 703) (705 611 683 701 235 704) (612 37 696 684)
 (697 685 428 613 708) (708 698 236 614 686) (687 699 708 118 615)
 (709 711 616 429 688 700) (710 711 617 237 689 701) (618 59 708 702 690)
 (709 714 619 430 691 703) (710 714 620 238 692 704) (705 711 714 621 693 119)
 (706 712 715 717 622 431 694) (707 713 716 717 239 623 695) (9 672 624)
 (625 673 720 432) (720 626 674 240) (627 720 675 120) (433 721 723 628 676)
 (241 677 723 629 722) (720 60 630 678) (721 434 679 631 726)
 (242 680 722 726 632) (633 121 723 681 726) (682 435 724 727 729 634)
 (683 243 725 728 729 635) (720 636 38 684) (721 685 436 637 732)
 (732 722 244 638 686) (122 723 732 687 639) (688 724 437 733 735 640)
 (641 689 245 725 734 735) (642 732 61 726 690) (738 643 691 438 727 733)
 (738 644 692 246 728 734) (738 645 693 729 123 735)
 (739 741 646 694 439 730 736) (737 740 741 247 647 695 731) (720 19 696 648)
 (649 697 744 721 440) (650 698 722 744 248) (723 651 124 699 744)
 (745 747 652 724 441 700) (746 747 653 725 249 701) (744 702 726 654 62)
 (745 750 655 727 442 703) (746 750 656 728 250 704) (705 747 750 657 729 125)
 (706 748 751 753 658 730 443) (707 749 752 753 659 731 251)
 (708 732 660 39 744) (709 745 756 661 444 733) (710 746 756 662 252 734)
 (711 747 756 663 126 735) (712 748 757 759 664 445 736)
 (737 713 749 758 759 665 253) (738 714 750 63 756 666)
 (739 715 751 757 762 667 446) (740 716 752 758 762 668 254)
 (741 717 753 759 762 669 127) (742 718 754 760 763 765 670 447)
 (743 719 755 671 761 764 765 255) (576 2) (577 768 448) (578 768 256)
 (768 579 128) (449 769 771 580) (581 257 771 770) (768 582 64)
 (769 450 774 583) (258 774 770 584) (585 129 771 774) (777 586 451 772 775)
 (777 587 773 259 776) (768 20 600) (601 769 452 780) (602 260 780 770)
 (130 603 780 771) (772 604 453 783 781) (261 605 782 783 773) (65 780 606 774)
 (786 775 781 454 607) (786 782 776 262 608) (609 777 131 783 786)
 (610 455 778 784 787 789) (611 263 779 785 788 789) (10 768 624)
 (625 769 792 456) (626 792 770 264) (627 132 771 792) (457 772 795 628 793)
 (265 773 795 629 794) (66 792 630 774) (793 458 775 631 798)
 (266 798 776 794 632) (633 777 795 133 798) (801 778 459 634 796 799)
 (801 779 635 797 267 800) (792 780 21 648) (649 793 460 781 804)
 (650 268 804 782 794) (651 795 804 134 783) (805 807 652 461 784 796)
 (806 807 653 269 785 797) (786 67 804 654 798) (805 810 462 655 787 799)
 (806 810 270 656 788 800) (801 807 810 657 789 135)
 (802 808 811 813 463 658 790) (803 809 812 813 271 659 791) (5 768 672)
 (673 769 816 464) (674 816 770 272) (675 816 771 136) (465 772 817 676 819)
 (273 773 819 677 818) (68 816 678 774) (817 466 775 679 822)
 (818 274 776 822 680) (681 137 819 822 777) (682 467 820 823 778 825)
 (683 275 821 824 825 779) (780 816 22 696) (697 817 468 781 828)
 (698 276 828 782 818) (138 699 828 819 783) (784 820 469 700 829 831)
 (785 277 821 701 830 831) (786 828 69 702 822) (834 787 470 823 829 703)
 (834 788 278 824 830 704) (705 834 789 825 139 831)
 (706 835 837 790 471 826 832) (833 707 836 837 279 791 827) (11 792 816 720)
 (721 793 817 840 472) (818 722 840 794 280) (723 140 795 819 840)
 (841 843 820 724 473 796) (842 843 821 281 725 797) (822 798 840 726 70)
 (727 841 846 823 474 799) (842 728 846 824 282 800) (801 843 846 825 729 141)
 (802 844 847 849 730 826 475) (803 845 848 849 827 283 731)
 (804 828 840 23 744) (805 745 841 852 476 829) (806 746 852 842 284 830)
 (807 747 852 142 831 843) (844 808 748 853 855 477 832)
 (833 809 845 749 854 855 285) (834 810 846 71 750 852)
 (835 811 847 853 751 858 478) (836 812 848 854 858 752 286)
 (849 837 813 753 855 858 143) (838 850 814 754 856 859 861 479)
 (839 851 815 755 857 860 861 287) (576 1) (577 864 480) (578 864 288)
 (864 579 144) (481 865 867 580) (581 289 867 866) (864 582 72)
 (865 482 870 583) (866 290 870 584) (585 145 867 870) (873 586 483 868 871)
 (873 587 869 291 872) (588 864 40) (865 484 589 876) (866 292 876 590)
 (146 867 876 591) (877 868 485 879 592) (593 869 293 878 879) (73 594 876 870)
 (882 595 877 486 871) (882 878 596 294 872) (873 882 147 597 879)
 (598 487 874 880 883 885) (599 295 875 881 884 885) (24 864 600)
 (601 865 888 488) (866 602 888 296) (603 148 867 888) (489 889 891 604 868)
 (297 869 891 605 890) (74 888 606 870) (889 490 871 607 894)
 (890 298 872 894 608) (609 873 891 149 894) (897 610 874 491 892 895)
 (897 611 299 893 875 896) (41 612 876 888) (889 877 492 613 900)
 (890 300 614 900 878) (891 900 150 615 879) (901 903 616 493 880 892)
 (902 903 617 301 881 893) (618 75 900 894 882) (901 906 619 494 883 895)
 (902 906 620 302 884 896) (897 903 906 621 885 151)
 (898 904 907 909 622 495 886) (899 905 908 909 303 623 887) (12 864 624)
 (625 865 912 496) (866 626 912 304) (627 912 867 152) (497 913 915 628 868)
 (305 869 915 629 914) (76 630 912 870) (913 498 871 631 918)
 (306 914 872 918 632) (633 153 915 873 918) (874 499 916 919 921 634)
 (875 307 917 920 921 635) (42 636 876 912) (913 877 500 637 924)
 (914 308 638 924 878) (154 915 924 879 639) (880 916 501 925 927 640)
 (641 881 309 917 926 927) (642 924 77 918 882) (930 643 883 502 919 925)
 (930 644 884 310 920 926) (930 645 885 921 155 927)
 (931 933 646 886 503 922 928) (929 932 933 887 647 311 923) (25 888 912 648)
 (649 889 936 913 504) (890 650 914 936 312) (915 651 156 891 936)
 (937 939 652 916 505 892) (938 939 653 917 313 893) (894 918 936 654 78)
 (937 942 655 919 506 895) (938 942 656 920 314 896) (897 939 942 657 921 157)
 (898 940 943 945 658 922 507) (899 941 944 945 659 923 315)
 (924 43 660 900 936) (901 937 948 661 508 925) (902 938 948 662 316 926)
 (903 939 948 663 158 927) (904 940 949 951 664 509 928)
 (929 905 941 950 951 665 317) (930 906 942 948 666 79)
 (931 907 943 949 954 667 510) (932 908 944 950 954 668 318)
 (933 909 945 951 954 669 159) (934 910 946 952 955 957 670 511)
 (935 911 947 671 953 956 957 319) (6 864 672) (673 865 960 512)
 (866 674 960 320) (675 960 867 160) (513 961 963 676 868)
 (321 869 963 677 962) (870 960 678 80) (961 514 871 679 966)
 (322 872 962 966 680) (681 161 963 873 966) (515 964 967 969 682 874)
 (323 965 968 969 683 875) (684 44 876 960) (961 877 516 685 972)
 (972 962 324 686 878) (162 963 972 879 687) (964 517 973 975 880 688)
 (881 325 974 975 689 965) (81 690 972 966 882) (518 967 973 883 978 691)
 (884 968 974 978 692 326) (163 969 975 978 885 693)
 (519 970 976 979 981 694 886) (887 327 971 977 980 981 695) (26 888 960 696)
 (697 889 984 961 520) (890 698 984 962 328) (963 699 164 891 984)
 (964 521 892 985 987 700) (965 329 701 986 987 893) (82 984 966 702 894)
 (967 522 703 985 990 895) (968 330 986 704 990 896) (705 897 165 969 987 990)
 (993 706 898 970 523 988 991) (993 899 971 707 989 331 992)
 (972 708 45 900 984) (996 901 524 973 985 709) (996 710 332 974 986 902)
 (996 166 903 975 711 987) (997 999 904 712 525 976 988)
 (998 999 713 333 977 905 989) (83 996 714 978 906 990)
 (997 1002 907 526 979 715 991) (908 998 1002 716 334 980 992)
 (993 167 999 717 909 981 1002) (994 1000 1003 1005 718 527 910 982)
 (995 1004 1001 719 1005 911 335 983) (912 13 960 720) (721 913 1008 961 528)
 (722 914 1008 962 336) (1008 723 963 915 168) (1009 964 916 529 1011 724)
 (965 337 1010 1011 917 725) (1008 84 966 726 918) (727 967 1009 530 1014 919)
 (968 728 1010 338 1014 920) (169 921 1011 1014 729 969)
 (970 531 1012 1015 922 1017 730) (971 339 1013 1016 1017 923 731)
 (972 732 46 924 1008) (733 973 1009 532 1020 925) (974 926 1010 340 1020 734)
 (170 975 1011 735 1020 927) (976 1012 533 736 1021 1023 928)
 (737 929 977 341 1013 1022 1023) (738 85 930 978 1014 1020)
 (1026 931 739 979 534 1015 1021) (1026 740 932 980 342 1016 1022)
 (1026 933 171 981 1017 741 1023) (1027 934 1029 742 982 535 1018 1024)
 (1025 1028 1029 343 935 743 983 1019) (984 1008 27 936 744)
 (1032 745 1009 937 536 985) (1032 746 344 1010 938 986)
 (1032 747 172 1011 987 939) (940 1033 1035 748 1012 537 988)
 (749 1035 941 1013 1034 345 989) (86 1032 942 750 1014 990)
 (1033 1038 943 751 1015 538 991) (1034 1038 944 1016 346 752 992)
 (993 945 1035 173 1038 753 1017) (994 946 1036 1039 1041 754 1018 539)
 (995 1037 755 1040 1041 947 1019 347) (996 948 1032 756 47 1020)
 (997 1033 1044 949 757 540 1021) (998 1034 1044 758 348 1022 950)
 (759 999 1035 174 1044 951 1023) (1000 1036 760 1045 1047 952 541 1024)
 (1025 1001 1037 953 1046 1047 761 349) (1026 87 1002 1038 1044 954 762)
 (1027 1003 1039 542 1045 1050 955 763) (1028 1004 1040 1046 956 1050 764 350)
 (1029 765 1005 175 1041 1047 1050 957)
 (1030 1006 958 1042 1048 1051 1053 766 543)
 (767 1031 1007 1043 351 1049 1052 1053 959) (3 864 768) (769 865 1056 544)
 (866 770 1056 352) (771 1056 867 176) (545 1057 1059 772 868)
 (353 869 1059 773 1058) (870 1056 774 88) (1057 546 871 775 1062)
 (354 872 1062 1058 776) (777 177 1059 873 1062) (547 1060 1063 1065 778 874)
 (355 1061 1064 1065 779 875) (1056 780 28 888) (889 1057 1068 548 781)
 (890 1068 356 782 1058) (178 891 1068 1059 783) (1060 549 1069 1071 784 892)
 (357 1070 1071 785 1061 893) (89 786 1068 894 1062)
 (550 1063 1069 1074 787 895) (358 1064 1070 1074 788 896)
 (897 1065 1071 1074 179 789) (898 551 1066 1072 1075 1077 790)
 (899 359 1067 1073 1076 1077 791) (1056 912 14 792) (793 913 1080 1057 552)
 (794 914 1080 1058 360) (795 180 1059 915 1080) (1060 553 916 1081 1083 796)
 (1061 361 917 1082 1083 797) (90 1080 798 1062 918)
 (1063 554 919 1081 1086 799) (1064 362 920 1082 1086 800)
 (801 1065 181 921 1083 1086) (1089 802 1066 555 922 1084 1087)
 (1089 803 1067 923 1085 363 1088) (1080 1068 804 29 936)
 (1092 805 937 556 1069 1081) (1092 806 938 364 1070 1082)
 (1092 807 939 1071 182 1083) (1093 1095 808 940 557 1072 1084)
 (1094 1095 809 365 941 1073 1085) (1092 810 91 942 1074 1086)
 (1093 1098 811 558 943 1075 1087) (1094 1098 812 366 944 1076 1088)
 (1089 1095 1098 813 945 1077 183) (1090 1096 1099 1101 814 559 946 1078)
 (1091 1097 1100 1101 367 947 815 1079) (7 960 1056 816)
 (817 961 1104 1057 560) (818 1104 962 1058 368) (819 1104 1059 963 184)
 (1105 964 820 561 1107 1060) (965 369 1106 1107 821 1061)
 (92 1104 822 1062 966) (967 1063 1105 562 1110 823)
 (968 370 1064 1106 1110 824) (1065 969 185 1107 1110 825)
 (1066 563 1108 1111 970 1113 826) (971 371 1109 1112 1113 827 1067)
 (1068 828 1104 30 984) (1069 1105 564 985 1116 829)
 (1070 1106 372 986 1116 830) (1071 1107 186 987 1116 831)
 (1072 1108 565 988 1117 1119 832) (833 1073 1109 373 989 1118 1119)
 (834 93 1074 1110 1116 990) (1122 835 1075 566 1111 1117 991)
 (1122 836 1076 374 1112 1118 992) (993 1122 837 1077 1113 187 1119)
 (994 1123 1125 838 1078 567 1114 1120) (1121 995 1124 1125 375 839 1079 1115)
 (1080 1008 1104 15 840) (1105 1128 841 1009 568 1081)
 (1128 842 1010 1106 376 1082) (1128 843 1107 1011 1083 188)
 (1129 1131 844 1108 1012 569 1084) (1130 1131 845 1013 377 1109 1085)
 (1128 846 94 1110 1086 1014) (1111 1129 1134 847 1015 570 1087)
 (1130 1112 1134 848 1016 378 1088) (1089 1131 1134 849 1113 1017 189)
 (1090 1132 1135 1137 850 1018 1114 571)
 (1091 1133 1136 1137 851 379 1115 1019) (1092 1128 1032 31 852 1116)
 (1093 1033 1129 1140 853 572 1117) (1094 1034 1140 854 1130 380 1118)
 (1095 1035 190 1140 855 1131 1119) (1036 1096 1132 1141 1143 856 573 1120)
 (1121 1097 1133 1037 1142 1143 857 381) (1122 1098 1134 95 1038 1140 858)
 (1123 1099 1135 1141 1039 1146 859 574)
 (1124 1100 1136 1040 1142 1146 860 382)
 (1137 1125 1101 1041 1143 1146 861 191)
 (1126 1138 1102 1042 1144 1147 1149 862 575)
 (1127 1139 1103 1043 863 1145 1148 1149 383) NIL (1152 576) (1152 384)
 (577 1154 1153) (1152 192) (578 1156 1153) (1152 96) (1158 1153 579)
 (1154 385 1158) (1155 1160 1159 580) (1156 193 1158) (581 1157 1159 1162)
 (1152 48) (1164 1153 582) (1154 386 1164) (1155 1165 1166 583) (1156 1164 194)
 (1157 1168 1165 584) (97 1158 1164) (585 1170 1159 1165) (1170 1160 387 1166)
 (586 1171 1172 1161 1167) (1170 195 1162 1168) (1169 587 1171 1163 1174)
 (1152 32) (588 1153 1176) (1154 1176 388) (1177 1178 1155 589) (1156 196 1176)
 (1177 1157 1180 590) (1158 1176 98) (1177 1159 1182 591) (389 1178 1160 1182)
 (1179 1184 1161 1183 592) (1180 197 1162 1182) (593 1186 1181 1183 1163)
 (49 1164 1176) (1177 594 1188 1165) (390 1188 1166 1178)
 (595 1189 1179 1167 1190) (1188 1180 198 1168) (1169 1189 596 1181 1192)
 (1170 99 1188 1182) (1189 1171 597 1183 1194) (1194 391 1172 1190 1184)
 (598 1185 1191 1195 1196 1173) (1186 1194 1174 199 1192)
 (599 1187 1193 1195 1198 1175) (1152 16) (1200 1153 600) (1154 1200 392)
 (601 1201 1155 1202) (1156 1200 200) (1201 602 1157 1204) (1158 100 1200)
 (1201 1159 603 1206) (393 1202 1160 1206) (1203 604 1161 1207 1208)
 (201 1204 1162 1206) (1205 605 1207 1163 1210) (50 1164 1200)
 (1201 1212 1165 606) (394 1212 1166 1202) (1203 1213 607 1167 1214)
 (202 1204 1212 1168) (1169 1213 1216 1205 608) (1170 1212 101 1206)
 (609 1218 1171 1213 1207) (1218 395 1172 1214 1208)
 (610 1219 1220 1209 1173 1215) (1210 203 1218 1174 1216)
 (1217 1219 1222 611 1211 1175) (33 1200 1176) (1177 1201 612 1224)
 (1178 396 1224 1202) (1225 1226 1179 613 1203) (1180 204 1204 1224)
 (1225 1205 1228 1181 614) (1206 1224 1182 102) (1207 1225 615 1183 1230)
 (1226 1208 397 1230 1184) (616 1227 1231 1232 1185 1209)
 (1186 1228 205 1230 1210) (617 1229 1231 1234 1187 1211) (51 1188 1212 1224)
 (1225 618 1236 1189 1213) (1226 1214 1236 1190 398)
 (1227 1237 1238 1191 619 1215) (1236 1216 1228 206 1192)
 (1217 620 1229 1237 1240 1193) (1194 1236 1230 103 1218)
 (1219 621 1231 1237 1242 1195) (1220 1232 1238 399 1242 1196)
 (1221 622 1233 1239 1243 1244 1197) (1222 207 1234 1240 1242 1198)
 (1223 623 1235 1241 1243 1246 1199) (1152 8) (1248 1153 624) (1154 1248 400)
 (625 1249 1155 1250) (1156 1248 208) (1249 626 1157 1252) (1158 1248 104)
 (1249 1159 627 1254) (401 1250 1160 1254) (1251 628 1161 1255 1256)
 (209 1252 1162 1254) (1253 629 1255 1163 1258) (52 1164 1248)
 (1249 1260 1165 630) (402 1260 1166 1250) (1251 1261 631 1167 1262)
 (210 1252 1260 1168) (1169 1261 1264 1253 632) (105 1170 1260 1254)
 (633 1266 1171 1261 1255) (1266 403 1172 1262 1256)
 (1257 1263 1267 1268 634 1173) (1258 211 1174 1266 1264)
 (1259 1265 1267 1270 635 1175) (34 1248 1176) (1177 1249 636 1272)
 (1178 404 1272 1250) (1273 1274 1179 637 1251) (212 1180 1252 1272)
 (1273 1253 1276 1181 638) (106 1272 1182 1254) (1273 1278 639 1183 1255)
 (1274 1256 405 1278 1184) (1257 1185 1275 640 1279 1280)
 (1186 1276 213 1278 1258) (641 1282 1259 1187 1277 1279) (1188 53 1260 1272)
 (1273 642 1261 1189 1284) (1262 1284 1190 1274 406)
 (643 1285 1286 1263 1191 1275) (1276 1264 214 1284 1192)
 (644 1285 1288 1265 1193 1277) (1194 107 1284 1278 1266)
 (1285 1290 1267 645 1195 1279) (1286 407 1290 1268 1196 1280)
 (1281 646 1287 1291 1292 1269 1197) (1282 1288 1290 1270 215 1198)
 (1283 647 1289 1291 1294 1271 1199) (17 1248 1200) (1201 1249 1296 648)
 (1202 1296 1250 408) (649 1297 1203 1251 1298) (1204 1252 1296 216)
 (1297 650 1253 1205 1300) (108 1206 1296 1254) (1297 651 1255 1207 1302)
 (409 1298 1256 1302 1208) (1257 652 1299 1303 1304 1209)
 (217 1210 1300 1302 1258) (1259 653 1301 1303 1306 1211) (1260 1212 54 1296)
 (1297 1261 1308 1213 654) (410 1298 1308 1214 1262)
 (655 1299 1263 1309 1310 1215) (218 1264 1308 1300 1216)
 (1217 656 1265 1301 1309 1312) (1218 1308 109 1302 1266)
 (1314 1219 657 1267 1303 1309) (1314 1220 411 1268 1304 1310)
 (1315 1316 1221 658 1269 1305 1311) (1314 1222 1270 1306 219 1312)
 (1313 1315 1318 1223 659 1271 1307) (35 1272 1296 1224)
 (1225 1273 660 1297 1320) (1226 1298 412 1320 1274)
 (1321 1322 1227 1299 661 1275) (220 1228 1276 1300 1320)
 (1321 1324 1229 1301 662 1277) (1278 1302 1320 1230 110)
 (663 1321 1326 1231 1303 1279) (1322 413 1326 1232 1304 1280)
 (1281 1323 1327 1328 1233 664 1305) (1282 1324 1326 1234 1306 221)
 (1283 1325 1327 1330 1235 665 1307) (1236 1308 1320 55 1284)
 (1285 1321 1332 1237 666 1309) (1286 1322 414 1332 1238 1310)
 (1287 1323 1333 1334 1239 667 1311) (1288 1324 1332 1240 222 1312)
 (1313 1289 1325 1333 1336 1241 668) (1314 1290 1326 111 1332 1242)
 (1315 1291 1327 1333 1338 1243 669) (1316 1292 415 1328 1334 1338 1244)
 (1317 1293 1329 1335 1339 1340 1245 670) (1318 1294 1330 1336 1338 1246 223)
 (1319 1295 1331 1247 1337 1339 1342 671) (1152 4) (1344 1153 672)
 (1154 1344 416) (673 1345 1155 1346) (1156 1344 224) (1345 674 1157 1348)
 (1158 1344 112) (1345 1159 675 1350) (417 1346 1160 1350)
 (1347 676 1161 1351 1352) (225 1348 1162 1350) (1349 677 1351 1163 1354)
 (1344 1164 56) (1345 1356 1165 678) (418 1356 1166 1346)
 (1347 1357 679 1167 1358) (226 1356 1348 1168) (1169 1357 1360 1349 680)
 (113 1170 1356 1350) (681 1362 1171 1357 1351) (1362 419 1172 1358 1352)
 (1353 682 1359 1363 1364 1173) (1354 227 1174 1362 1360)
 (683 1361 1363 1366 1355 1175) (1344 36 1176) (1177 1345 684 1368)
 (1178 1368 420 1346) (1369 1370 1179 685 1347) (1348 1180 228 1368)
 (1369 1349 1372 1181 686) (114 1368 1182 1350) (1369 1351 687 1183 1374)
 (1370 1352 421 1374 1184) (1353 688 1185 1371 1375 1376)
 (1186 1372 229 1374 1354) (1378 1355 689 1187 1373 1375) (57 1356 1188 1368)
 (1357 690 1380 1189 1369) (1370 1380 1190 1358 422)
 (1381 1382 1359 691 1191 1371) (1380 1372 1360 230 1192)
 (1381 1384 1361 692 1193 1373) (1194 115 1380 1374 1362)
 (1381 1386 1363 693 1195 1375) (1382 423 1386 1364 1196 1376)
 (1377 1383 1387 1388 1365 694 1197) (1378 231 1384 1386 1366 1198)
 (1379 695 1385 1387 1390 1367 1199) (18 1344 1200) (1201 1345 1392 696)
 (1202 1392 1346 424) (697 1393 1203 1347 1394) (1392 1348 1204 232)
 (1349 698 1396 1205 1393) (1392 116 1206 1350) (1393 699 1351 1207 1398)
 (425 1394 1352 1398 1208) (1353 1395 1399 1400 1209 700)
 (233 1210 1396 1398 1354) (1355 1397 1399 1402 1211 701) (58 1356 1212 1392)
 (1393 1357 1404 1213 702) (426 1404 1394 1214 1358)
 (1359 1395 1215 1405 1406 703) (1396 234 1360 1404 1216)
 (1217 1361 1397 704 1405 1408) (1218 1404 117 1398 1362)
 (705 1410 1219 1363 1399 1405) (1410 1220 427 1364 1400 1406)
 (706 1411 1412 1221 1365 1401 1407) (1410 1222 235 1366 1402 1408)
 (1409 707 1414 1223 1411 1367 1403) (1392 1368 37 1224)
 (1225 1369 708 1393 1416) (1226 428 1394 1416 1370)
 (709 1417 1418 1227 1395 1371) (1396 1372 1228 236 1416)
 (710 1417 1420 1229 1397 1373) (1416 1398 1230 1374 118)
 (711 1417 1422 1231 1399 1375) (1418 429 1422 1232 1400 1376)
 (1377 712 1419 1423 1424 1233 1401) (1378 1420 237 1422 1234 1402)
 (1379 713 1421 1423 1426 1235 1403) (1380 1404 59 1236 1416)
 (1381 1417 714 1428 1237 1405) (1382 1418 430 1428 1238 1406)
 (1383 715 1429 1430 1239 1419 1407) (1384 1420 238 1428 1240 1408)
 (1409 1385 716 1421 1429 1432 1241) (1410 1386 1422 1428 119 1242)
 (1411 1387 717 1423 1429 1434 1243) (1412 1388 431 1424 1430 1434 1244)
 (1413 1389 718 1425 1431 1435 1436 1245) (1414 1390 239 1426 1432 1434 1246)
 (1415 1391 1427 719 1433 1435 1438 1247) (9 1344 1248) (1249 1345 1440 720)
 (1250 1440 1346 432) (721 1441 1251 1347 1442) (1348 1252 1440 240)
 (1349 722 1441 1253 1444) (1440 1254 1350 120) (1441 723 1351 1255 1446)
 (433 1442 1352 1446 1256) (1443 1447 1448 1257 1353 724)
 (241 1258 1444 1446 1354) (1445 1447 1450 1259 725 1355) (1356 1260 60 1440)
 (1441 1357 1452 1261 726) (434 1452 1262 1442 1358)
 (1443 1453 1454 1359 1263 727) (242 1452 1360 1444 1264)
 (1361 1445 1453 1456 1265 728) (121 1266 1452 1446 1362)
 (1447 1453 1363 1458 1267 729) (1448 1268 1454 1458 435 1364)
 (1449 1269 1455 1459 1460 1365 730) (1450 1456 1458 243 1270 1366)
 (1271 1451 1457 1459 1462 1367 731) (1368 1440 38 1272)
 (1273 1369 732 1441 1464) (1274 436 1464 1442 1370)
 (1443 1465 1466 1275 733 1371) (1444 1372 1276 244 1464)
 (1445 1277 1465 1468 1373 734) (122 1464 1278 1446 1374)
 (1447 735 1279 1465 1470 1375) (1448 437 1466 1280 1470 1376)
 (1281 1377 1449 1467 1472 1471 736) (1282 1378 1450 245 1468 1470)
 (737 1474 1283 1451 1379 1469 1471) (1380 1284 61 1452 1464)
 (738 1476 1285 1453 1465 1381) (1476 1382 1454 438 1466 1286)
 (739 1477 1287 1383 1455 1467 1478) (1476 1384 1288 1456 246 1468)
 (740 1477 1480 1289 1457 1385 1469) (1476 1290 1458 1386 123 1470)
 (1477 1482 1291 1459 741 1387 1471) (1292 1478 1482 1388 1460 439 1472)
 (1473 742 1479 1293 1483 1484 1389 1461) (1474 1480 1482 1294 1390 1462 247)
 (1475 743 1481 1483 1486 1391 1295 1463) (19 1392 1440 1296)
 (1297 1393 1441 1488 744) (1298 1488 1394 1442 440)
 (1443 745 1395 1489 1490 1299) (1396 1300 1444 1488 248)
 (1445 746 1489 1492 1301 1397) (1446 124 1302 1488 1398)
 (1303 1447 747 1489 1494 1399) (1448 1304 1490 1494 1400 441)
 (1449 748 1401 1491 1495 1496 1305) (1450 1492 1494 1402 249 1306)
 (1451 749 1493 1495 1498 1307 1403) (1404 1452 1308 62 1488)
 (1309 1453 750 1489 1500 1405) (1454 1406 1490 442 1500 1310)
 (1455 751 1491 1311 1501 1502 1407) (1456 1492 1312 250 1500 1408)
 (1313 1409 752 1457 1493 1501 1504) (1314 1410 1458 1494 1500 125)
 (1506 1315 1411 753 1459 1495 1501) (1506 1316 1460 1412 1496 443 1502)
 (1507 1508 1413 754 1461 1497 1317 1503) (1506 1318 1462 1414 1498 251 1504)
 (1505 1507 1319 1415 755 1463 1499 1510) (1416 1488 1464 39 1320)
 (1512 1321 1489 1417 756 1465) (1512 1322 1490 1418 1466 444)
 (1513 1514 1323 1491 757 1467 1419) (1420 252 1512 1324 1492 1468)
 (1513 1325 1516 1421 1493 758 1469) (126 1512 1422 1326 1494 1470)
 (759 1513 1518 1327 1423 1495 1471) (1514 1518 1424 1496 1328 445 1472)
 (1473 1425 1515 1519 1520 1329 760 1497) (1474 1426 1516 1518 1330 1498 253)
 (1475 1517 1427 1519 1522 1331 761 1499) (1476 1512 63 1332 1500 1428)
 (1477 1513 1333 1524 1429 762 1501) (1478 1514 446 1524 1430 1502 1334)
 (1335 1479 1515 1525 1526 1431 763 1503) (1336 1480 1516 1524 1432 254 1504)
 (1505 1481 1517 1433 1525 1528 1337 764) (1506 1482 1518 1524 1434 1338 127)
 (1507 1483 1519 1525 1530 1339 765 1435)
 (1436 1484 1520 1508 1526 1530 1340 447)
 (1509 1341 1485 1521 1527 1531 1532 1437 766)
 (1510 1486 1438 1522 1528 1530 1342 255)
 (1511 1487 1523 1343 1529 1531 1534 767 1439) (1152 2) (1536 1153 768)
 (1154 1536 448) (769 1537 1155 1538) (1156 1536 256) (1537 770 1157 1540)
 (1158 1536 128) (1537 1159 771 1542) (449 1538 1160 1542)
 (1539 772 1161 1543 1544) (257 1540 1162 1542) (1541 773 1543 1163 1546)
 (1164 1536 64) (1537 1548 1165 774) (450 1548 1166 1538)
 (1539 1549 775 1167 1550) (258 1540 1548 1168) (1169 1549 1552 1541 776)
 (129 1170 1548 1542) (777 1554 1171 1549 1543) (1554 451 1172 1550 1544)
 (1545 778 1551 1555 1556 1173) (1546 259 1554 1174 1552)
 (779 1553 1555 1558 1547 1175) (20 1536 1200) (1201 1537 780 1560)
 (1202 452 1560 1538) (1561 1562 1203 781 1539) (260 1204 1540 1560)
 (1561 1541 1564 1205 782) (130 1560 1206 1542) (1543 1561 783 1207 1566)
 (1562 1544 453 1566 1208) (1545 784 1209 1563 1567 1568)
 (1210 1564 261 1566 1546) (1570 1547 785 1211 1565 1567) (65 1212 1548 1560)
 (1561 786 1572 1213 1549) (1562 1550 1572 1214 454)
 (1573 1574 1551 787 1563 1215) (1572 1552 262 1564 1216)
 (1217 1573 1576 1553 788 1565) (1218 131 1572 1566 1554)
 (1219 1573 1578 1555 789 1567) (1220 1574 455 1578 1556 1568)
 (1569 1221 1575 1579 1580 1557 790) (1570 1222 263 1576 1578 1558)
 (1571 791 1223 1577 1579 1582 1559) (10 1536 1248) (1249 1537 1584 792)
 (1250 1538 1584 456) (793 1585 1251 1539 1586) (1252 1584 1540 264)
 (1585 794 1588 1253 1541) (1584 132 1254 1542) (1585 795 1543 1255 1590)
 (457 1586 1544 1590 1256) (1257 1545 1587 1591 1592 796)
 (265 1258 1588 1590 1546) (1259 1589 1591 1594 797 1547) (66 1260 1548 1584)
 (1585 1549 1596 1261 798) (458 1596 1586 1262 1550)
 (1551 1587 1263 1597 1598 799) (266 1596 1552 1588 1264)
 (1553 1265 1589 800 1597 1600) (1266 1596 133 1590 1554)
 (801 1602 1555 1267 1591 1597) (1602 459 1556 1268 1592 1598)
 (802 1603 1604 1269 1593 1557 1599) (1602 267 1558 1270 1594 1600)
 (1601 803 1271 1603 1559 1595 1606) (1560 21 1584 1296)
 (1297 1561 804 1585 1608) (1608 1298 460 1586 1562)
 (805 1609 1610 1299 1587 1563) (1608 268 1300 1564 1588)
 (806 1609 1612 1589 1301 1565) (1608 1566 1590 1302 134)
 (1303 807 1609 1614 1591 1567) (1610 1304 461 1614 1592 1568)
 (1569 808 1611 1615 1616 1593 1305) (1570 1612 269 1614 1594 1306)
 (1571 809 1613 1615 1618 1595 1307) (1608 67 1308 1596 1572)
 (1573 1609 810 1309 1620 1597) (1574 1610 462 1310 1620 1598)
 (1575 811 1621 1311 1611 1599 1622) (1576 1612 270 1620 1312 1600)
 (1313 1601 1577 812 1613 1621 1624) (1314 1602 1578 1614 1620 135)
 (1315 1579 813 1603 1615 1621 1626) (1604 1580 463 1616 1316 1622 1626)
 (1317 1581 814 1617 1623 1605 1627 1628) (1606 1582 271 1618 1624 1626 1318)
 (1319 1607 1583 1619 815 1625 1627 1630) (5 1536 1344) (1345 1537 1632 816)
 (1346 1538 1632 464) (817 1633 1347 1539 1634) (1632 1348 1540 272)
 (1633 818 1636 1349 1541) (1542 1632 1350 136) (1633 819 1543 1351 1638)
 (465 1634 1544 1638 1352) (1635 1639 1640 1353 1545 820)
 (273 1354 1636 1638 1546) (1637 1639 1642 1355 821 1547) (68 1356 1548 1632)
 (1633 1549 1644 1357 822) (466 1634 1644 1358 1550)
 (1635 1645 1646 1551 1359 823) (274 1552 1636 1644 1360)
 (1553 1637 1645 1648 1361 824) (137 1362 1644 1638 1554)
 (1639 1645 1555 1650 1363 825) (1640 1646 1556 1650 467 1364)
 (1641 1557 1647 1651 1652 1365 826) (1642 1648 1650 275 1366 1558)
 (1367 1643 1649 1651 1654 1559 827) (1632 1560 22 1392)
 (1393 1561 828 1656 1633) (1394 468 1656 1634 1562)
 (1635 1395 1657 1658 1563 829) (276 1396 1656 1564 1636)
 (1637 1397 1657 1660 1565 830) (138 1638 1656 1398 1566)
 (1639 831 1399 1657 1662 1567) (1640 469 1400 1658 1662 1568)
 (1569 1641 1401 1659 1664 1663 832) (1570 1642 277 1402 1660 1662)
 (833 1666 1571 1643 1403 1661 1663) (1644 1404 69 1656 1572)
 (834 1668 1573 1645 1657 1405) (1668 1574 1646 470 1658 1406)
 (835 1669 1670 1575 1647 1659 1407) (1668 1576 1648 278 1660 1408)
 (1409 836 1669 1672 1577 1649 1661) (1410 1668 1578 1650 139 1662)
 (1411 1669 1674 1579 1651 837 1663) (1412 1670 1674 1580 1652 471 1664)
 (1665 1413 838 1671 1675 1676 1581 1653) (1666 1414 1672 1674 1582 1654 279)
 (1667 1415 839 1673 1675 1678 1583 1655) (1632 11 1584 1440)
 (1441 1585 1680 1633 840) (1442 1680 1586 1634 472)
 (1443 841 1635 1681 1682 1587) (1636 1680 1444 1588 280)
 (1445 842 1681 1684 1589 1637) (1638 1680 140 1446 1590)
 (1447 1639 843 1681 1686 1591) (1640 1448 1682 1686 1592 473)
 (1449 844 1641 1683 1687 1688 1593) (1450 1684 1686 1642 281 1594)
 (1451 845 1685 1687 1690 1595 1643) (1644 1680 1452 70 1596)
 (1645 1453 846 1681 1692 1597) (1646 1454 1682 474 1692 1598)
 (1455 1647 1683 847 1693 1694 1599) (1456 1648 1684 282 1692 1600)
 (1601 1649 848 1457 1685 1693 1696) (1602 1650 1458 1686 1692 141)
 (1698 1603 1651 849 1459 1687 1693) (1698 1604 1694 1652 1688 475 1460)
 (1699 1700 1605 850 1461 1689 1653 1695) (1698 1606 1654 1690 283 1462 1696)
 (1697 1699 1463 1607 851 1655 1691 1702) (1656 1680 1608 23 1488)
 (1681 1704 1609 1489 852 1657) (1704 1610 1490 1682 1658 476)
 (1705 1706 1611 1683 1491 853 1659) (1660 1704 1612 1684 284 1492)
 (1705 1708 1613 1685 854 1493 1661) (1704 1614 142 1494 1662 1686)
 (855 1705 1710 1615 1687 1495 1663) (1706 1496 1710 1616 1688 477 1664)
 (1665 1707 1711 1712 1617 1689 856 1497) (1666 1708 1710 1618 1498 1690 285)
 (1667 1709 1711 1714 1619 857 1499 1691) (1692 1668 1704 71 1620 1500)
 (1669 1705 1501 1716 1621 858 1693) (1670 1706 1502 1716 1622 478 1694)
 (1671 1707 1717 1695 1623 859 1503 1718) (1672 1708 1716 1624 1504 286 1696)
 (1505 1697 1673 1709 1717 1720 1625 860) (1506 1698 1674 1710 1716 1626 143)
 (1507 1675 1699 1711 1717 1722 1627 861)
 (1700 1676 1712 1508 1718 1722 1628 479)
 (1509 1677 1713 1719 1701 1723 1724 1629 862)
 (1702 1678 1714 1720 1722 1630 287 1510)
 (1511 1703 1679 1715 863 1721 1723 1726 1631) NIL (1728 1152) (1728 576)
 (1729 1153 1730) (1728 384) (1154 1729 1732) (577 1732 1730)
 (1155 1733 1734 1731) (1728 96) (1158 1729 1736) (1730 579 1736)
 (1737 1738 1159 1731) (1732 385 1736) (1737 1740 1160 1733)
 (1738 1740 1734 580) (1741 1739 1161 1742 1735) (1728 48) (1729 1164 1744)
 (1744 1730 582) (1745 1746 1165 1731) (386 1732 1744) (1745 1748 1733 1166)
 (1746 1748 1734 583) (1747 1749 1167 1735 1750) (97 1744 1736)
 (1737 1170 1745 1752) (585 1738 1752 1746) (1753 1754 1739 1747 1171)
 (1748 1740 387 1752) (1753 1749 1756 1172 1741) (586 1756 1742 1754 1750)
 (1743 1751 1755 1757 1758 1173) (1728 32) (1729 1760 1176) (588 1730 1760)
 (1177 1761 1731 1762) (1760 1732 388) (1761 1178 1764 1733)
 (1762 1764 589 1734) (1179 1765 1763 1735 1766) (98 1760 1736)
 (1737 1761 1182 1768) (1738 1768 591 1762) (1769 1770 1739 1763 1183)
 (389 1740 1764 1768) (1769 1765 1772 1741 1184) (1766 1770 1772 1742 592)
 (1743 1767 1771 1773 1774 1185) (49 1760 1744) (1745 1761 1188 1776)
 (1762 1746 1776 594) (1777 1778 1747 1189 1763) (390 1748 1764 1776)
 (1777 1765 1780 1749 1190) (1778 595 1780 1750 1766)
 (1767 1751 1779 1781 1782 1191) (99 1768 1776 1752) (1753 1194 1769 1777 1784)
 (1778 1754 1784 597 1770) (1755 1779 1785 1786 1195 1771)
 (391 1756 1772 1780 1784) (1788 1757 1773 1781 1785 1196)
 (598 1774 1758 1782 1786 1788) (1197 1775 1759 1783 1787 1789 1790) (1728 16)
 (1729 1792 1200) (1792 1730 600) (1201 1793 1731 1794) (1732 1792 392)
 (1793 1202 1796 1733) (601 1794 1796 1734) (1203 1797 1795 1735 1798)
 (100 1792 1736) (1737 1793 1206 1800) (1738 603 1800 1794)
 (1801 1802 1739 1795 1207) (393 1796 1740 1800) (1801 1797 1804 1741 1208)
 (1804 1802 604 1742 1798) (1743 1799 1803 1805 1806 1209) (50 1792 1744)
 (1745 1793 1212 1808) (1746 1808 606 1794) (1809 1810 1747 1213 1795)
 (1796 394 1748 1808) (1809 1797 1812 1749 1214) (1810 1812 1750 607 1798)
 (1751 1799 1811 1813 1814 1215) (1808 1800 101 1752)
 (1753 1218 1816 1801 1809) (609 1754 1816 1810 1802)
 (1219 1755 1811 1817 1818 1803) (1804 1812 395 1756 1816)
 (1220 1757 1805 1813 1817 1820) (610 1758 1806 1814 1818 1820)
 (1221 1807 1759 1815 1819 1821 1822) (33 1792 1760) (1761 1793 1824 1224)
 (1824 1762 612 1794) (1225 1825 1763 1795 1826) (1796 1764 396 1824)
 (1825 1226 1828 1765 1797) (1826 1828 613 1766 1798)
 (1827 1829 1767 1799 1227 1830) (1824 1800 102 1768)
 (1769 1801 1832 1230 1825) (1770 1832 1826 615 1802)
 (1827 1833 1834 1771 1231 1803) (1804 1828 1772 397 1832)
 (1829 1833 1773 1836 1805 1232) (1830 616 1834 1836 1806 1774)
 (1831 1835 1837 1838 1807 1233 1775) (1824 51 1808 1776)
 (1777 1809 1236 1840 1825) (1778 1840 1810 1826 618)
 (1827 1811 1841 1842 1779 1237) (1812 1828 1780 398 1840)
 (1829 1841 1844 1813 1238 1781) (1830 619 1842 1844 1782 1814)
 (1239 1831 1843 1845 1846 1815 1783) (1832 1816 1840 103 1784)
 (1833 1841 1817 1848 1785 1242) (1834 621 1842 1848 1786 1818)
 (1835 1843 1850 1849 1243 1787 1819) (1788 1836 1844 399 1848 1820)
 (1852 1789 1837 1845 1849 1244 1821) (1838 1790 622 1846 1850 1852 1822)
 (1853 1839 1791 1847 1851 1245 1854 1823) (1728 8) (1729 1856 1248)
 (1856 1730 624) (1249 1857 1731 1858) (1732 1856 400) (1857 1250 1860 1733)
 (625 1858 1860 1734) (1251 1861 1859 1735 1862) (104 1856 1736)
 (1737 1857 1254 1864) (1738 627 1864 1858) (1865 1866 1739 1859 1255)
 (401 1860 1740 1864) (1865 1861 1868 1741 1256) (1868 1866 628 1742 1862)
 (1743 1863 1257 1867 1869 1870) (52 1856 1744) (1745 1857 1260 1872)
 (1746 1872 630 1858) (1873 1874 1747 1261 1859) (1860 402 1748 1872)
 (1873 1861 1876 1749 1262) (1874 1876 1750 631 1862)
 (1751 1863 1263 1875 1877 1878) (105 1872 1864 1752)
 (1753 1266 1880 1865 1873) (633 1754 1880 1874 1866)
 (1755 1267 1875 1881 1882 1867) (1868 1876 403 1756 1880)
 (1757 1869 1268 1877 1881 1884) (1758 1870 1878 1882 634 1884)
 (1871 1269 1759 1879 1883 1885 1886) (34 1856 1760) (1761 1857 1888 1272)
 (1888 1762 636 1858) (1273 1889 1763 1859 1890) (404 1860 1764 1888)
 (1889 1274 1892 1765 1861) (1890 1892 637 1766 1862)
 (1891 1893 1767 1863 1275 1894) (1888 106 1864 1768)
 (1769 1865 1896 1278 1889) (1770 1896 1890 639 1866)
 (1891 1897 1898 1771 1867 1279) (1868 1892 1772 405 1896)
 (1893 1897 1773 1900 1869 1280) (1894 1898 1900 1870 1774 640)
 (1281 1895 1899 1901 1902 1871 1775) (1888 1872 53 1776)
 (1777 1873 1284 1904 1889) (1778 1904 1874 1890 642)
 (1891 1285 1875 1905 1906 1779) (1876 1892 1780 406 1904)
 (1893 1286 1905 1908 1877 1781) (643 1894 1906 1908 1782 1878)
 (1287 1895 1907 1909 1910 1879 1783) (1896 107 1880 1904 1784)
 (1897 1290 1905 1881 1912 1785) (645 1898 1906 1882 1912 1786)
 (1291 1899 1907 1913 1914 1787 1883) (1788 407 1900 1908 1912 1884)
 (1789 1292 1901 1909 1913 1916 1885) (646 1902 1790 1910 1914 1916 1886)
 (1293 1903 1791 1911 1915 1917 1918 1887) (17 1856 1792) (1793 1857 1920 1296)
 (1794 1920 1858 648) (1297 1921 1795 1859 1922) (1860 1920 1796 408)
 (1921 1298 1924 1797 1861) (649 1922 1924 1798 1862)
 (1923 1925 1799 1863 1299 1926) (1864 1920 108 1800)
 (1801 1865 1302 1921 1928) (1802 651 1928 1922 1866)
 (1923 1929 1930 1803 1303 1867) (409 1868 1924 1804 1928)
 (1925 1929 1805 1932 1869 1304) (652 1926 1930 1932 1806 1870)
 (1927 1931 1933 1934 1871 1807 1305) (1920 1872 54 1808)
 (1809 1873 1308 1921 1936) (1810 1936 654 1922 1874)
 (1923 1875 1937 1938 1811 1309) (1876 410 1924 1812 1936)
 (1925 1937 1940 1877 1813 1310) (1926 655 1938 1940 1814 1878)
 (1815 1927 1939 1941 1942 1879 1311) (1936 1928 1880 109 1816)
 (1314 1929 1937 1881 1944 1817) (1882 1930 657 1938 1944 1818)
 (1315 1931 1939 1945 1946 1819 1883) (1820 411 1932 1940 1944 1884)
 (1316 1821 1933 1941 1945 1948 1885) (1934 1886 658 1942 1946 1948 1822)
 (1317 1935 1823 1943 1947 1949 1950 1887) (1920 35 1888 1824)
 (1825 1889 1952 1921 1320) (1826 1952 660 1922 1890)
 (1953 1954 1827 1321 1923 1891) (412 1892 1924 1828 1952)
 (1953 1956 1925 1322 1893 1829) (1954 1956 1830 1894 661 1926)
 (1955 1831 1957 1895 1927 1323 1958) (1952 1928 1896 110 1832)
 (1953 1960 1833 1929 1326 1897) (1954 1898 1960 1834 663 1930)
 (1955 1899 1961 1962 1835 1327 1931) (1932 1956 1960 1900 413 1836)
 (1957 1961 1901 1964 1933 1328 1837) (1958 1962 1964 1902 1838 664 1934)
 (1959 1963 1965 1966 1935 1329 1839 1903) (1952 1936 1904 55 1840)
 (1953 1905 1968 1841 1332 1937) (1954 1906 1968 1842 1938 666)
 (1955 1939 1969 1970 1843 1907 1333) (1956 1844 414 1968 1940 1908)
 (1957 1845 1969 1972 1941 1334 1909) (1958 1910 1970 1972 1846 667 1942)
 (1847 1943 1959 1335 1971 1973 1974 1911) (1848 1960 1912 111 1968 1944)
 (1913 1961 1969 1945 1976 1849 1338) (1914 1962 1976 1970 1946 1850 669)
 (1339 1947 1963 1971 1977 1978 1851 1915) (1948 1964 415 1972 1976 1852 1916)
 (1980 1917 1965 1973 1853 1977 1340 1949)
 (1966 1854 1974 670 1978 1980 1918 1950)
 (1981 1967 1855 1919 1975 1979 1341 1982 1951) (1728 4) (1729 1984 1344)
 (1984 1730 672) (1345 1985 1731 1986) (1732 1984 416) (1985 1346 1988 1733)
 (673 1986 1988 1734) (1347 1989 1987 1735 1990) (112 1984 1736)
 (1737 1985 1350 1992) (1738 675 1992 1986) (1993 1994 1739 1987 1351)
 (417 1988 1740 1992) (1993 1989 1996 1741 1352) (1996 1994 676 1742 1990)
 (1743 1991 1353 1995 1997 1998) (56 1984 1744) (1745 1985 1356 2000)
 (1746 2000 678 1986) (2001 2002 1747 1357 1987) (1988 418 1748 2000)
 (2001 1989 2004 1749 1358) (2002 2004 1750 679 1990)
 (1751 1991 1359 2003 2005 2006) (113 2000 1992 1752)
 (1753 1362 2008 1993 2001) (681 1754 2008 2002 1994)
 (1755 1363 2003 2009 2010 1995) (1996 2004 419 1756 2008)
 (1757 1997 1364 2005 2009 2012) (682 1758 1998 2006 2010 2012)
 (1999 1365 1759 2007 2011 2013 2014) (36 1984 1760) (1761 1985 2016 1368)
 (2016 1762 684 1986) (1369 2017 1763 1987 2018) (1988 1764 420 2016)
 (2017 1370 2020 1765 1989) (2018 2020 685 1766 1990)
 (2019 2021 1767 1991 1371 2022) (2016 114 1992 1768)
 (1769 1993 2024 1374 2017) (1770 2024 2018 687 1994)
 (2019 2025 2026 1771 1995 1375) (1996 2020 1772 421 2024)
 (2021 2025 1773 2028 1997 1376) (2022 2026 2028 1998 1774 688)
 (1377 2023 2027 2029 2030 1999 1775) (57 2016 2000 1776)
 (1777 2001 1380 2032 2017) (1778 2032 2002 2018 690)
 (2019 1381 2003 2033 2034 1779) (2004 2020 1780 422 2032)
 (2021 1382 2033 2036 2005 1781) (2022 2034 691 2036 1782 2006)
 (1383 2023 2035 2037 2038 2007 1783) (2024 115 2008 2032 1784)
 (2025 1386 2033 2009 2040 1785) (2010 2026 2034 693 2040 1786)
 (2027 1387 2035 2041 2042 1787 2011) (1788 423 2028 2036 2040 2012)
 (1789 1388 2029 2037 2041 2044 2013) (2030 1790 2038 2042 2044 2014 694)
 (1389 2031 1791 2039 2043 2045 2046 2015) (18 1984 1792) (1793 1985 2048 1392)
 (1794 2048 1986 696) (1393 2049 1795 1987 2050) (1988 2048 1796 424)
 (2049 1394 2052 1797 1989) (697 2050 2052 1798 1990)
 (2051 2053 1799 1991 1395 2054) (1992 2048 116 1800)
 (1801 1993 2049 1398 2056) (1802 699 2056 2050 1994)
 (2051 2057 2058 1803 1399 1995) (425 1996 1804 2052 2056)
 (2053 2057 1805 2060 1997 1400) (2054 2058 2060 1806 1998 700)
 (2055 2059 2061 2062 1999 1807 1401) (58 2000 2048 1808)
 (1809 2001 2049 1404 2064) (1810 2064 702 2050 2002)
 (2051 2003 2065 2066 1811 1405) (2004 426 2052 1812 2064)
 (2053 2065 2068 2005 1813 1406) (2054 2066 2068 1814 703 2006)
 (1815 2055 2067 2069 2070 2007 1407) (2056 2008 117 2064 1816)
 (1410 2057 2065 2009 2072 1817) (705 2058 2066 2010 2072 1818)
 (1411 2059 2067 2073 2074 1819 2011) (1820 427 2060 2068 2072 2012)
 (1412 1821 2061 2069 2073 2076 2013) (706 2062 2014 2070 2074 2076 1822)
 (1413 2063 1823 2071 2075 2077 2078 2015) (2048 2016 37 1824)
 (1825 2017 2049 2080 1416) (1826 2080 708 2050 2018)
 (2081 2082 1827 2019 1417 2051) (2020 2052 1828 428 2080)
 (2081 2084 2053 1418 1829 2021) (2082 2084 709 1830 2022 2054)
 (2083 1831 2085 2023 2055 1419 2086) (2056 2024 2080 118 1832)
 (2081 2088 1833 1422 2025 2057) (2082 711 2088 2058 2026 1834)
 (2083 2089 2090 1835 1423 2027 2059) (2060 2088 2028 429 2084 1836)
 (2085 2089 2029 2092 2061 1424 1837) (2086 712 2090 2092 2030 2062 1838)
 (2087 2091 2093 2094 2063 1425 1839 2031) (59 2032 2064 2080 1840)
 (2081 2033 2065 2096 1841 1428) (2082 2066 2034 714 2096 1842)
 (2083 2067 2035 2097 2098 1843 1429) (2068 2084 1844 430 2096 2036)
 (2085 1845 2097 2100 2069 1430 2037) (2086 715 2098 2100 1846 2038 2070)
 (1847 2071 2087 1431 2099 2101 2102 2039) (1848 2088 2040 2096 119 2072)
 (2089 2104 2097 2073 2041 1849 1434) (2090 2104 717 2098 2042 2074 1850)
 (2091 1435 2099 2075 2105 2106 1851 2043) (2076 2092 431 2100 2104 1852 2044)
 (2108 2045 2093 2101 1853 2105 1436 2077)
 (718 2094 2078 1854 2102 2106 2108 2046)
 (2109 2079 2095 1855 2103 2107 1437 2110 2047) (9 1984 1856)
 (1857 1985 2112 1440) (1858 2112 1986 720) (1441 2113 1859 1987 2114)
 (1988 2112 1860 432) (2113 1442 2116 1861 1989) (721 2114 2116 1862 1990)
 (2115 2117 1863 1991 1443 2118) (1992 2112 120 1864)
 (1865 1993 2113 1446 2120) (2114 1866 723 2120 1994)
 (2115 1447 2121 2122 1867 1995) (433 1996 1868 2116 2120)
 (2117 1448 2121 1869 2124 1997) (2118 2122 2124 1870 1998 724)
 (2119 1449 2123 2125 2126 1999 1871) (2000 2112 60 1872)
 (1873 2001 2113 1452 2128) (2114 1874 2128 726 2002)
 (2115 1453 2003 2129 2130 1875) (2004 434 1876 2116 2128)
 (2117 1454 2129 2132 2005 1877) (2118 2130 2132 1878 727 2006)
 (1879 2119 1455 2131 2133 2134 2007) (121 2008 2120 2128 1880)
 (2121 2129 1458 2009 2136 1881) (2122 2130 2010 2136 729 1882)
 (2123 1459 2131 2137 2138 1883 2011) (1884 2124 435 2132 2136 2012)
 (1885 2125 1460 2133 2137 2140 2013) (2126 2014 2134 2138 730 2140 1886)
 (2127 1461 1887 2135 2139 2141 2142 2015) (2112 2016 38 1888)
 (1889 2017 2113 2144 1464) (2114 1890 732 2144 2018)
 (2145 2146 1891 2115 2019 1465) (2020 1892 2116 436 2144)
 (2145 2148 2117 1893 1466 2021) (2146 2148 2118 733 2022 1894)
 (2147 2149 2023 2119 1895 1467 2150) (122 2024 2120 2144 1896)
 (2145 2152 1897 2025 2121 1470) (2146 2152 2122 2026 1898 735)
 (2147 2153 2154 2123 2027 1899 1471) (1900 2124 2152 2028 2148 437)
 (2149 2153 2125 2156 2029 1472 1901) (2150 2154 2156 2126 2030 1902 736)
 (1473 2151 2155 2157 2158 2127 2031 1903) (2032 61 2144 2128 1904)
 (2145 2033 1476 2129 2160 1905) (2146 2034 1906 2160 2130 738)
 (2147 1477 2131 2035 2161 2162 1907) (2148 2132 2160 1908 2036 438)
 (2149 1478 1909 2161 2164 2037 2133) (739 2150 2162 2164 2134 2038 1910)
 (2039 1479 1911 2163 2165 2166 2135 2151) (2152 1912 2136 2160 2040 123)
 (2153 1482 2168 2161 2137 2041 1913) (741 2154 2168 2162 2042 1914 2138)
 (1483 2163 2139 2155 2169 2170 1915 2043) (1916 2156 2164 2140 439 2168 2044)
 (2141 1484 2157 2165 2169 2172 2045 1917)
 (742 2158 2046 1918 2166 2170 2172 2142)
 (1485 2159 2047 2167 2171 1919 2173 2174 2143) (2112 19 2048 1920)
 (1921 2049 2113 2176 1488) (2114 1922 2176 2050 744)
 (2177 2178 1923 2115 2051 1489) (2052 1924 2116 2176 440)
 (2177 2180 2053 1925 1490 2117) (2178 2180 2118 745 2054 1926)
 (2179 2181 2055 2119 1927 1491 2182) (2056 124 2120 2176 1928)
 (2177 2184 1929 2057 1494 2121) (2178 2184 2122 747 2058 1930)
 (2179 2185 2186 2123 2059 1495 1931) (1932 2184 2060 2180 2124 441)
 (1933 2181 2185 2125 2188 2061 1496) (2188 2182 2186 748 2126 2062 1934)
 (2183 2187 2189 2190 2127 2063 1497 1935) (2176 2064 2128 62 1936)
 (2177 2065 2129 2192 1937 1500) (2178 2066 1938 750 2192 2130)
 (2179 2131 2067 2193 2194 1939 1501) (2180 2132 2192 1940 2068 442)
 (2181 2193 1941 2196 2069 2133 1502) (2182 751 2194 2196 2134 2070 1942)
 (2071 2183 1943 2195 2197 2198 2135 1503) (2184 1944 2136 2192 2072 125)
 (1506 2185 2193 2073 2200 1945 2137) (2186 2200 753 2194 2074 2138 1946)
 (1507 2187 2195 2139 2201 2202 1947 2075) (2076 2188 2196 2140 2200 443 1948)
 (1949 1508 2141 2189 2197 2201 2204 2077)
 (2190 2078 1950 754 2198 2202 2204 2142)
 (1509 2205 2191 2079 2199 2203 1951 2206 2143) (2080 2144 2176 39 1952)
 (1953 2081 1512 2145 2177 2208) (1954 2082 2178 2146 756 2208)
 (2209 2210 1955 2083 2147 1513 2179) (1956 2180 2148 2084 444 2208)
 (2209 2085 2212 2149 1514 2181 1957) (2210 2212 2150 1958 757 2086 2182)
 (2211 2214 2213 2087 2183 1515 1959 2151) (2152 2088 1960 126 2184 2208)
 (2209 2216 1961 1518 2089 2153 2185) (2210 2216 1962 2090 759 2186 2154)
 (2211 2217 2218 2187 1519 2091 2155 1963) (1964 2216 2092 2212 2156 2188 445)
 (1965 2213 2217 2157 2220 2093 1520 2189)
 (2214 2218 2220 2158 2094 2190 760 1966)
 (2215 2219 2221 2222 2191 2159 1521 2095 1967) (1968 2160 63 2192 2096 2208)
 (2209 2097 2161 2193 2224 1969 1524) (2210 2098 2194 2162 2224 1970 762)
 (2211 2099 2163 1971 2225 2226 2195 1525) (1972 2100 2196 2212 2224 2164 446)
 (2213 2225 1973 2228 2101 1526 2197 2165)
 (2214 1974 2226 2228 2166 763 2102 2198)
 (2103 2215 1975 2227 2229 2230 2199 1527 2167)
 (2216 2104 2224 2200 1976 2168 127) (2217 2225 2169 2232 1977 1530 2201 2105)
 (2218 2232 2226 2106 2202 1978 765 2170)
 (2219 1531 2227 2107 2171 2233 2234 2203 1979)
 (2108 2220 1980 2228 2172 2232 2204 447)
 (2236 1981 2221 2173 2205 2233 2229 1532 2109)
 (766 2222 2110 2206 2230 2234 2236 2174 1982)
 (2237 2223 2175 2238 2111 2231 2235 1533 1983 2207) (1728 2) (1729 2240 1536)
 (2240 1730 768) (1537 2241 1731 2242) (2240 1732 448) (2241 1538 2244 1733)
 (769 2242 2244 1734) (1539 2245 2243 1735 2246) (2240 128 1736)
 (1737 2241 1542 2248) (1738 771 2248 2242) (2249 2250 1739 2243 1543)
 (449 1740 2244 2248) (2249 2245 2252 1741 1544) (2250 772 2252 1742 2246)
 (1743 2247 1545 2251 2253 2254) (2240 64 1744) (1745 2241 1548 2256)
 (1746 2256 774 2242) (2257 2258 1747 1549 2243) (450 1748 2244 2256)
 (2257 2245 2260 1749 1550) (2258 2260 1750 775 2246)
 (1751 2247 1551 2259 2261 2262) (129 2248 2256 1752)
 (1753 1554 2249 2257 2264) (777 1754 2258 2264 2250)
 (1755 1555 2259 2265 2266 2251) (451 1756 2252 2260 2264)
 (1757 2253 1556 2261 2265 2268) (778 1758 2254 2262 2266 2268)
 (2255 1557 1759 2263 2267 2269 2270) (2240 20 1792) (1793 2241 2272 1560)
 (1794 780 2272 2242) (1561 2273 1795 2243 2274) (452 1796 2244 2272)
 (2273 1562 2245 2276 1797) (2274 2276 781 1798 2246)
 (1799 2277 2278 2247 2275 1563) (130 2248 2272 1800)
 (1801 2249 2273 1566 2280) (1802 2280 2274 783 2250)
 (2275 2281 2282 1803 2251 1567) (1804 453 2276 2252 2280)
 (2277 2281 1805 2284 2253 1568) (2278 2282 2284 2254 1806 784)
 (1569 2279 2283 2285 2286 2255 1807) (65 2256 2272 1808)
 (1809 2257 1572 2273 2288) (2258 1810 2288 2274 786)
 (2275 1573 2259 2289 2290 1811) (2276 1812 2260 454 2288)
 (2277 1574 2289 2292 2261 1813) (2278 2290 787 2292 1814 2262)
 (1815 1575 2279 2291 2293 2294 2263) (2288 131 2264 2280 1816)
 (2281 1578 2289 2265 2296 1817) (2266 2282 2290 789 2296 1818)
 (2283 1579 2291 2297 2298 1819 2267) (2268 455 2284 2292 2296 1820)
 (1821 1580 2285 2293 2297 2300 2269) (2286 1822 2294 2298 2300 2270 790)
 (1581 2287 1823 2295 2299 2301 2302 2271) (10 2240 1856) (1857 2241 2304 1584)
 (2242 1858 2304 792) (1585 2305 1859 2243 2306) (1860 2244 2304 456)
 (2305 1586 2245 2308 1861) (793 2306 2308 1862 2246)
 (2307 2309 1863 2247 1587 2310) (132 2248 2304 1864)
 (1865 2249 2305 1590 2312) (1866 795 2312 2306 2250)
 (2307 2313 2314 1867 1591 2251) (457 1868 2252 2308 2312)
 (2309 2313 1869 2316 2253 1592) (2310 2314 2316 1870 2254 796)
 (2311 2315 2317 2318 2255 1871 1593) (66 2256 2304 1872)
 (1873 2257 1596 2305 2320) (1874 2306 2320 798 2258)
 (2307 2259 2321 2322 1875 1597) (458 1876 2260 2308 2320)
 (2309 2321 2324 2261 1877 1598) (2310 2322 2324 1878 799 2262)
 (1879 2311 2323 2325 2326 2263 1599) (2320 2264 133 2312 1880)
 (1602 2313 2321 2265 2328 1881) (801 2266 2314 2322 2328 1882)
 (1603 2315 2323 2329 2330 1883 2267) (2268 459 2316 2324 2328 1884)
 (1604 1885 2317 2325 2329 2332 2269) (802 2318 2270 2326 2330 2332 1886)
 (1605 2319 1887 2327 2331 2333 2334 2271) (2272 21 2304 1920)
 (1921 2273 2336 2305 1608) (1922 2306 804 2336 2274)
 (2337 2338 1923 1609 2307 2275) (460 1924 2276 2308 2336)
 (2337 2340 2277 1610 2309 1925) (2338 2340 805 2310 2278 1926)
 (2339 2341 2279 2311 1611 1927 2342) (2336 2280 134 2312 1928)
 (2337 2344 1929 2313 1614 2281) (2338 807 2344 1930 2282 2314)
 (2339 2283 2345 2346 2315 1615 1931) (2284 2316 2344 1932 461 2340)
 (2341 2345 1933 2348 2285 1616 2317) (2342 808 2346 2348 2286 2318 1934)
 (2343 2347 2349 2350 2319 1617 2287 1935) (2336 67 2288 2320 1936)
 (2337 2289 2352 1937 1620 2321) (2338 2322 810 2352 1938 2290)
 (2339 1939 2353 2354 2323 1621 2291) (2340 462 2352 1940 2292 2324)
 (2341 2325 2353 2356 2293 1622 1941) (2342 811 2354 2356 2326 2294 1942)
 (1623 2343 1943 2295 2355 2357 2358 2327) (2344 1944 2296 2352 135 2328)
 (2345 2329 2353 2297 2360 1945 1626) (2346 2360 813 2298 2354 2330 1946)
 (1627 2299 2347 2355 2361 2362 2331 1947) (1948 2300 2348 463 2356 2360 2332)
 (2364 2333 1949 2349 2357 2361 1628 2301)
 (2350 2334 2358 814 2362 2364 2302 1950)
 (2365 1951 2351 2303 2359 2363 1629 2366 2335) (5 2240 1984)
 (1985 2241 2368 1632) (2242 1986 2368 816) (1633 2369 1987 2243 2370)
 (1988 2244 2368 464) (2369 1634 2245 2372 1989) (817 2370 2372 1990 2246)
 (1635 2373 1991 2247 2371 2374) (136 2248 2368 1992)
 (1993 2249 1638 2369 2376) (1994 819 2376 2370 2250)
 (2371 1639 2377 2378 1995 2251) (465 2372 1996 2252 2376)
 (2373 1640 2377 1997 2380 2253) (2374 2378 2380 1998 2254 820)
 (2375 1641 2379 2381 2382 2255 1999) (68 2256 2368 2000)
 (2001 2257 1644 2369 2384) (2002 2384 2370 822 2258)
 (2371 1645 2259 2385 2386 2003) (2372 466 2004 2260 2384)
 (2373 1646 2385 2388 2261 2005) (2374 2386 2388 2006 823 2262)
 (2007 2375 1647 2387 2389 2390 2263) (137 2384 2376 2264 2008)
 (2377 2265 2385 1650 2392 2009) (2266 2378 2386 2392 825 2010)
 (2379 1651 2387 2393 2394 2011 2267) (2268 2380 467 2388 2392 2012)
 (2013 2381 1652 2389 2393 2396 2269) (2382 2270 2390 2394 826 2396 2014)
 (2383 1653 2015 2391 2395 2397 2398 2271) (2368 2272 22 2048)
 (2049 2273 2400 2369 1656) (2400 2050 828 2370 2274)
 (2401 2402 2051 2371 2275 1657) (2372 468 2052 2276 2400)
 (2401 2053 2404 2277 2373 1658) (2402 2404 2054 2278 829 2374)
 (2403 2405 2279 2375 1659 2055 2406) (2376 138 2400 2280 2056)
 (2401 2408 2057 2377 2281 1662) (2402 2408 2058 2282 2378 831)
 (2403 2283 2409 2410 2059 2379 1663) (2404 2284 2408 2380 2060 469)
 (2405 2381 2409 2061 2412 2285 1664) (2406 2410 2412 2286 2062 2382 832)
 (1665 2407 2413 2411 2063 2414 2383 2287) (2384 2400 2288 69 2064)
 (2401 2289 1668 2416 2065 2385) (2402 2290 2416 2066 834 2386)
 (2403 1669 2387 2417 2418 2067 2291) (2068 2404 2416 2292 470 2388)
 (2405 1670 2417 2420 2293 2389 2069) (835 2406 2418 2420 2390 2294 2070)
 (1671 2407 2295 2419 2421 2422 2391 2071) (2072 2408 2296 2416 2392 139)
 (2409 1674 2393 2417 2297 2424 2073) (837 2410 2424 2298 2418 2394 2074)
 (1675 2299 2411 2419 2425 2426 2075 2395) (2076 2300 2412 2420 471 2424 2396)
 (2397 2077 1676 2413 2421 2425 2428 2301)
 (838 2414 2078 2398 2422 2426 2428 2302)
 (1677 2415 2303 2423 2079 2427 2429 2430 2399) (11 2304 2368 2112)
 (2113 2305 2432 2369 1680) (2114 2306 2432 2370 840)
 (2433 2434 2115 2371 1681 2307) (2372 2432 2116 2308 472)
 (2433 2436 2373 1682 2309 2117) (2434 2436 2374 841 2310 2118)
 (2435 2437 2311 2375 1683 2119 2438) (2376 2432 140 2312 2120)
 (2433 2440 2121 2377 2313 1686) (2434 2440 2122 843 2314 2378)
 (2435 2441 2442 2123 2315 1687 2379) (2124 2316 2440 2380 2436 473)
 (2437 2381 2441 2125 2444 2317 1688) (2318 2444 2438 2442 844 2382 2126)
 (2439 2127 2443 2445 2446 2383 2319 1689) (2384 2432 2320 70 2128)
 (2433 2321 2448 2129 1692 2385) (2434 2386 846 2448 2130 2322)
 (2435 2387 2449 2450 2131 2323 1693) (2436 2132 2448 2388 2324 474)
 (2437 2449 2452 2325 2389 2133 1694) (2438 847 2450 2326 2452 2390 2134)
 (2391 2439 2451 2453 2454 2327 2135 1695) (2440 2328 2136 2448 2392 141)
 (1698 2441 2393 2449 2329 2456 2137) (2442 2330 2456 849 2450 2394 2138)
 (1699 2395 2443 2451 2457 2458 2331 2139) (2140 2332 2444 2452 2456 475 2396)
 (1700 2397 2141 2445 2453 2457 2460 2333)
 (2334 2446 2142 850 2454 2458 2460 2398)
 (1701 2143 2447 2335 2455 2459 2461 2462 2399) (2400 2432 2336 23 2176)
 (2177 2337 2433 1704 2401 2464) (2178 2402 852 2338 2434 2464)
 (2465 2466 2179 1705 2403 2339 2435) (2404 2180 2340 2436 476 2464)
 (2465 2468 2437 1706 2341 2405 2181) (2466 2468 2406 2342 853 2438 2182)
 (2183 2467 2469 2439 2407 1707 2343 2470) (2408 2440 2344 142 2184 2464)
 (2465 2472 2185 1710 2409 2441 2345) (2466 2472 2442 2346 2410 855 2186)
 (2467 2473 2347 2187 2443 1711 2474 2411) (2472 2444 2348 2412 2468 2188 477)
 (2469 2413 2473 2349 2476 2445 1712 2189)
 (2470 2446 2474 2476 2414 2350 2190 856)
 (2351 2471 2475 2477 2478 2415 1713 2191 2447) (2464 2192 71 2416 2448 2352)
 (2449 2353 2465 2480 2193 1716 2417) (2466 2354 2480 2194 858 2418 2450)
 (2467 2419 2481 2482 2195 1717 2355 2451) (2468 2196 2480 2420 2356 2452 478)
 (2469 2481 2484 2453 1718 2197 2421 2357)
 (2470 2482 2358 2422 2454 859 2484 2198)
 (2199 2423 2471 1719 2483 2455 2486 2359 2485)
 (2472 2456 2360 2424 2200 2480 143) (2473 2361 2425 2481 2457 2488 2201 1722)
 (2474 2362 2458 2482 2488 2426 2202 861)
 (1723 2475 2427 2459 2483 2489 2490 2363 2203)
 (2460 2364 2476 2484 2204 2488 2428 479)
 (2492 2429 2365 2477 2205 2489 2485 1724 2461)
 (2462 2478 2366 2206 2486 2490 862 2492 2430)
 (2463 2493 2479 2207 2367 2487 2491 1725 2494 2431) (1728 1) (2496 1730 864)
 (1732 2496 480) (865 2497 1734 2498) (144 2496 1736) (2497 1738 867 2500)
 (481 2498 1740 2500) (2499 868 2501 1742 2502) (72 2496 1744)
 (2497 1746 870 2504) (482 1748 2504 2498) (2505 2506 2499 1750 871)
 (145 2500 2504 1752) (873 1754 2508 2501 2505) (2506 483 1756 2502 2508)
 (2503 874 2507 2509 1758 2510) (40 2496 1760) (2497 1762 876 2512)
 (2498 484 1764 2512) (2513 2514 2499 877 1766) (146 2500 2512 1768)
 (2513 1770 2516 2501 879) (2514 1772 485 2502 2516)
 (2503 1774 880 2515 2517 2518) (73 2504 2512 1776) (2505 1778 2520 2513 882)
 (2506 1780 486 2520 2514) (2507 2515 883 1782 2521 2522)
 (2520 147 2508 2516 1784) (2509 2517 885 2521 1786 2524)
 (2524 487 2510 2518 2522 1788) (2511 2526 886 2519 2523 2525 1790)
 (24 2496 1792) (2497 1794 2528 888) (2498 1796 2528 488)
 (889 2529 2499 1798 2530) (2528 148 2500 1800) (2529 1802 891 2532 2501)
 (489 2530 1804 2502 2532) (2531 2533 2534 2503 1806 892) (74 2504 2528 1808)
 (2505 1810 2529 894 2536) (490 2530 1812 2536 2506)
 (2531 2537 2538 2507 1814 895) (2508 149 2536 2532 1816)
 (897 2533 2537 2540 2509 1818) (2534 2538 491 2540 2510 1820)
 (898 2535 2539 2541 2542 2511 1822) (41 2512 2528 1824)
 (2513 1826 900 2529 2544) (2514 492 1828 2544 2530)
 (2531 901 1830 2545 2546 2515) (2516 2544 150 2532 1832)
 (2533 903 1834 2545 2548 2517) (2534 1836 493 2546 2548 2518)
 (2535 904 1838 2547 2549 2550 2519) (75 2520 2544 2536 1840)
 (2537 906 2545 1842 2552 2521) (2538 494 2546 1844 2552 2522)
 (2539 2547 1846 2553 2554 2523 907) (1848 2540 2548 151 2552 2524)
 (2541 909 2549 2553 1850 2556 2525) (2556 2542 495 2550 2554 1852 2526)
 (910 2543 2558 2551 2555 2557 1854 2527) (12 2496 1856) (2497 1858 2560 912)
 (2498 1860 2560 496) (913 2561 2499 1862 2562) (152 2560 2500 1864)
 (2561 1866 915 2564 2501) (497 2562 1868 2502 2564)
 (2563 2565 2566 2503 1870 916) (76 2560 2504 1872) (2505 1874 918 2561 2568)
 (2568 498 1876 2562 2506) (2563 2569 2570 2507 1878 919)
 (153 2564 2508 2568 1880) (2565 2569 2572 2509 921 1882)
 (2566 2570 2572 2510 499 1884) (2567 2571 2573 2574 2511 922 1886)
 (42 2512 2560 1888) (2513 1890 924 2561 2576) (2576 2514 500 1892 2562)
 (2563 1894 2577 2578 2515 925) (2564 154 2516 2576 1896)
 (2565 1898 2577 2580 2517 927) (2566 1900 2578 2580 501 2518)
 (2567 1902 2579 2581 2582 2519 928) (2568 2576 2520 77 1904)
 (930 2569 2577 1906 2584 2521) (2570 2578 1908 502 2584 2522)
 (931 2571 2579 1910 2585 2586 2523) (1912 2572 2580 2584 155 2524)
 (933 2573 2581 2585 1914 2588 2525) (2588 2574 2582 503 2586 1916 2526)
 (934 2575 2590 2583 2587 2589 1918 2527) (25 2528 2560 1920)
 (2529 1922 2592 2561 936) (2592 2530 1924 2562 504)
 (2593 2594 2531 1926 937 2563) (2564 2592 156 2532 1928)
 (2593 2596 2533 1930 939 2565) (2594 2596 2534 1932 505 2566)
 (2595 2597 2535 2567 940 1934 2598) (2568 2592 2536 78 1936)
 (2593 2569 2600 2537 942 1938) (2594 2600 2570 1940 2538 506)
 (2595 2601 2602 2539 943 1942 2571) (2596 2600 2572 1944 157 2540)
 (2597 2601 2573 2604 2541 945 1946) (2598 2602 2604 2542 2574 507 1948)
 (2599 2603 2605 2606 2575 946 2543 1950) (2576 2592 43 2544 1952)
 (2593 1954 2608 2545 948 2577) (2594 1956 2578 2608 2546 508)
 (2595 1958 2579 2609 2610 2547 949) (2596 1960 2548 2580 2608 158)
 (2597 1962 2609 2612 2549 951 2581) (2598 1964 2610 2612 2550 509 2582)
 (2551 2599 1966 2611 2613 2614 2583 952) (2600 2552 2608 2584 1968 79)
 (2585 2601 2609 1970 2616 2553 954) (2602 2616 2610 1972 2586 2554 510)
 (2587 2603 2611 1974 2617 2618 2555 955) (2556 2616 2604 2612 1976 2588 159)
 (2557 2605 2613 2617 1978 2620 957 2589)
 (2620 2606 2590 2614 2618 1980 2558 511)
 (2607 958 2622 2559 2615 2619 2621 1982 2591) (6 2496 1984)
 (2497 1986 2624 960) (2624 2498 1988 512) (961 2625 2499 1990 2626)
 (2624 160 2500 1992) (2625 1994 963 2628 2501) (513 2626 2628 1996 2502)
 (2627 964 2629 2630 2503 1998) (2624 80 2504 2000) (2505 2002 2625 966 2632)
 (514 2632 2004 2626 2506) (2627 967 2633 2634 2507 2006)
 (161 2628 2508 2632 2008) (2629 969 2636 2509 2633 2010)
 (515 2630 2634 2636 2510 2012) (2631 970 2635 2637 2638 2511 2014)
 (2624 44 2512 2016) (2513 2018 972 2625 2640) (2514 516 2020 2640 2626)
 (2627 2022 973 2641 2642 2515) (162 2628 2516 2640 2024)
 (2629 2026 975 2641 2644 2517) (517 2630 2028 2642 2644 2518)
 (2631 2030 976 2643 2645 2646 2519) (81 2632 2520 2640 2032)
 (978 2633 2641 2034 2648 2521) (518 2634 2642 2036 2648 2522)
 (2635 2643 979 2038 2649 2650 2523) (163 2636 2644 2648 2040 2524)
 (981 2637 2645 2649 2042 2652 2525) (2652 519 2638 2646 2650 2044 2526)
 (2639 2654 982 2647 2651 2653 2046 2527) (2624 26 2528 2048)
 (2529 2050 2656 2625 984) (2530 2656 2052 2626 520)
 (2657 2658 2531 2054 2627 985) (2628 164 2656 2532 2056)
 (2657 2660 2629 2058 2533 987) (2658 2660 2534 521 2060 2630)
 (2659 2661 2535 2631 2062 988 2662) (82 2632 2536 2656 2064)
 (2657 2664 2537 2633 2066 990) (2658 2538 2664 522 2068 2634)
 (2659 2665 2666 2539 2070 2635 991) (2660 165 2664 2636 2072 2540)
 (993 2661 2665 2541 2668 2637 2074) (2662 2666 523 2668 2542 2638 2076)
 (994 2663 2667 2669 2670 2639 2543 2078) (2640 2544 45 2656 2080)
 (2657 2082 996 2672 2545 2641) (2658 2084 2642 524 2672 2546)
 (2659 997 2086 2643 2673 2674 2547) (2660 166 2088 2548 2672 2644)
 (2661 999 2090 2673 2676 2645 2549) (2662 2092 525 2674 2676 2550 2646)
 (2551 2663 1000 2094 2675 2677 2678 2647) (83 2664 2648 2672 2552 2096)
 (2649 2665 2680 2673 2098 1002 2553) (2666 2680 526 2674 2100 2650 2554)
 (2651 1003 2675 2102 2681 2682 2555 2667) (2556 167 2668 2676 2104 2680 2652)
 (2669 2557 1005 2677 2681 2106 2684 2653)
 (2684 2670 527 2654 2678 2682 2108 2558)
 (1006 2671 2686 2559 2679 2683 2685 2110 2655) (2624 2560 13 2112)
 (2561 2114 2688 2625 1008) (2562 2688 2116 2626 528)
 (2689 2690 2563 2118 2627 1009) (2564 2688 2628 168 2120)
 (2689 2692 2629 2122 1011 2565) (2690 2692 2566 2124 529 2630)
 (2691 2693 2567 2631 2126 1012 2694) (2568 2688 2632 84 2128)
 (2689 2696 2569 2633 2130 1014) (2690 2696 2634 530 2132 2570)
 (2691 2697 2698 2571 2134 1015 2635) (2572 2696 169 2636 2692 2136)
 (2693 2697 2573 2700 2637 1017 2138) (2694 2698 2700 2574 2638 531 2140)
 (2695 2699 2701 2702 2639 2575 1018 2142) (2688 2640 2576 46 2144)
 (2689 2146 2704 2577 2641 1020) (2690 2148 2642 2704 2578 532)
 (2691 2150 2643 2705 2706 2579 1021) (2692 2152 170 2704 2580 2644)
 (2693 2154 2705 2708 2645 2581 1023) (2694 2156 2706 2708 533 2582 2646)
 (2583 2695 2158 2707 2709 2710 2647 1024) (85 2696 2584 2704 2648 2160)
 (1026 2697 2649 2705 2162 2712 2585) (2698 2712 2706 2164 534 2650 2586)
 (1027 2699 2707 2166 2713 2714 2587 2651) (2652 171 2700 2712 2708 2168 2588)
 (1029 2589 2701 2709 2713 2170 2716 2653)
 (2716 2702 2654 2710 535 2714 2172 2590)
 (1030 2703 2718 2591 2711 2715 2717 2174 2655) (2688 27 2592 2656 2176)
 (2593 2178 1032 2657 2689 2720) (2690 2180 2594 536 2658 2720)
 (2721 2722 2595 2182 1033 2659 2691) (2596 2184 172 2660 2692 2720)
 (2721 2724 2661 2186 1035 2693 2597) (2722 2724 2694 2188 2662 537 2598)
 (2723 2725 2663 2695 1036 2190 2599 2726) (86 2664 2600 2696 2192 2720)
 (2721 2728 2601 2665 2697 1038 2194) (2722 2602 2728 2698 2196 2666 538)
 (2723 2667 2729 2730 2699 1039 2198 2603) (2604 2724 2700 2728 2668 173 2200)
 (2669 2725 2729 2605 2732 2701 1041 2202)
 (2726 2730 2732 2702 2606 539 2204 2670)
 (2727 2731 2733 2734 2671 1042 2607 2206 2703) (2208 2672 47 2608 2704 2720)
 (2721 2210 2736 2609 1044 2673 2705) (2722 2212 2610 2736 2706 2674 540)
 (2723 2214 2675 2737 2738 2611 1045 2707) (2724 2216 174 2736 2612 2676 2708)
 (2725 2218 2613 2737 2740 2677 1047 2709)
 (2726 2220 2678 2738 2740 2710 541 2614)
 (2679 2727 2615 2222 2739 2741 2742 2711 1048)
 (87 2728 2616 2712 2224 2680 2736) (2729 2681 2713 2737 2226 2744 2617 1050)
 (2682 2730 2744 2738 2228 2618 2714 542)
 (2683 2715 2731 2739 2230 2745 2746 1051 2619)
 (2620 2716 2732 2744 175 2740 2232 2684)
 (2717 2733 2745 2741 1053 2234 2748 2685 2621)
 (2748 2734 2622 2742 2746 2236 2718 543 2686)
 (2750 2735 1054 2687 2743 2747 2623 2749 2238 2719) (3 2496 2240)
 (2497 2242 2752 1056) (2498 2244 2752 544) (1057 2753 2499 2246 2754)
 (176 2752 2500 2248) (2753 2250 1059 2756 2501) (545 2754 2252 2502 2756)
 (2755 1060 2757 2758 2503 2254) (88 2752 2504 2256) (2505 2258 2753 1062 2760)
 (546 2754 2260 2760 2506) (2755 1063 2761 2762 2507 2262)
 (177 2760 2508 2756 2264) (2757 1065 2764 2509 2761 2266)
 (547 2758 2762 2764 2510 2268) (2759 1066 2763 2765 2766 2511 2270)
 (28 2752 2528 2272) (2529 2274 1068 2753 2768) (2530 2276 548 2768 2754)
 (2755 2278 1069 2531 2769 2770) (178 2532 2768 2756 2280)
 (2533 2282 1071 2769 2772 2757) (549 2534 2284 2770 2772 2758)
 (2535 2759 2286 1072 2771 2773 2774) (89 2768 2536 2760 2288)
 (1074 2537 2761 2769 2290 2776) (550 2538 2762 2770 2292 2776)
 (2763 2771 1075 2294 2777 2778 2539) (2764 2540 2296 179 2772 2776)
 (2765 1077 2541 2773 2777 2298 2780) (2780 551 2542 2766 2774 2778 2300)
 (2767 2782 2543 2775 2779 2781 2302 1078) (2560 2752 14 2304)
 (2561 2306 2784 2753 1080) (2562 2754 2308 2784 552)
 (2785 2786 2563 2310 2755 1081) (2564 2784 180 2756 2312)
 (2785 2788 2565 2314 2757 1083) (2786 2788 2566 553 2316 2758)
 (2787 2789 2567 2759 2318 1084 2790) (90 2568 2784 2760 2320)
 (2785 2792 2569 2761 2322 1086) (2786 2570 2792 554 2324 2762)
 (2787 2793 2794 2763 2326 2571 1087) (2788 2764 2792 2572 181 2328)
 (1089 2789 2793 2765 2796 2573 2330) (2790 2794 555 2796 2574 2766 2332)
 (1090 2791 2795 2797 2798 2767 2575 2334) (2784 2592 29 2768 2336)
 (2593 2338 1092 2800 2769 2785) (2594 2340 2786 556 2800 2770)
 (2787 1093 2342 2595 2801 2802 2771) (2596 2344 2800 2788 182 2772)
 (2597 1095 2346 2801 2804 2773 2789) (2790 2348 557 2802 2804 2774 2598)
 (2599 2791 1096 2350 2803 2805 2806 2775) (2600 91 2792 2800 2776 2352)
 (2601 1098 2793 2801 2354 2808 2777) (2602 2808 558 2802 2356 2794 2778)
 (2603 2795 2803 2358 2809 2810 2779 1099) (2796 2604 2808 2804 183 2360 2780)
 (1101 2797 2805 2809 2362 2812 2781 2605)
 (2812 2798 559 2606 2806 2810 2364 2782)
 (1102 2799 2814 2607 2807 2811 2813 2366 2783) (7 2624 2752 2368)
 (2625 2370 2816 2753 1104) (2626 2754 2372 2816 560)
 (2817 2818 2627 2374 2755 1105) (2628 184 2816 2756 2376)
 (2817 2820 2629 2378 1107 2757) (2818 2820 2630 2380 561 2758)
 (2819 2821 2631 2759 2382 1108 2822) (2632 92 2816 2760 2384)
 (2817 2824 2633 2761 2386 1110) (2818 2824 2762 562 2388 2634)
 (2819 2825 2826 2763 2390 1111 2635) (2820 2764 2824 2636 2392 185)
 (2821 2825 2765 2828 2637 1113 2394) (2822 2826 2828 2638 2766 563 2396)
 (2823 2827 2829 2830 2767 2639 1114 2398) (2656 2816 30 2768 2400)
 (2657 2402 2832 2769 1116 2817) (2658 2404 2818 2832 2770 564)
 (2659 2406 2819 2833 2834 2771 1117) (2820 2408 2832 2660 2772 186)
 (2661 2410 2833 2836 2773 2821 1119) (2822 2412 2834 2836 565 2774 2662)
 (2663 2823 2414 2835 2837 2838 2775 1120) (2824 2664 93 2832 2776 2416)
 (1122 2665 2825 2833 2418 2840 2777) (2666 2840 2834 2420 566 2826 2778)
 (1123 2827 2835 2422 2841 2842 2779 2667) (2668 2828 2840 2836 2424 187 2780)
 (1125 2829 2669 2837 2841 2426 2844 2781)
 (2844 2830 2670 2838 567 2842 2428 2782)
 (1126 2831 2846 2671 2839 2843 2845 2430 2783) (2784 2688 2816 15 2432)
 (2689 2434 1128 2785 2817 2848) (2690 2436 2786 568 2818 2848)
 (2849 2850 2787 2438 1129 2691 2819) (2820 2440 2692 2788 188 2848)
 (2849 2852 2693 2442 1131 2821 2789) (2850 2852 2822 2444 2790 569 2694)
 (2851 2853 2823 2791 1132 2446 2695 2854) (2824 2696 94 2792 2448 2848)
 (2849 2856 2697 2793 2825 1134 2450) (2850 2856 2698 2794 2452 2826 570)
 (2851 2857 2858 2795 1135 2827 2699 2454) (2852 2700 2796 2828 2856 2456 189)
 (2853 2829 2857 2797 2860 2701 1137 2458)
 (2798 2854 2858 2860 2830 2702 571 2460)
 (2855 2859 2861 2862 2799 1138 2831 2462 2703) (2464 31 2832 2720 2800 2848)
 (2721 2466 2864 2801 1140 2833 2849) (2722 2468 2850 2802 2864 2834 572)
 (2851 2470 2723 2865 2866 2803 1141 2835) (2852 2472 2864 2836 2724 2804 190)
 (2853 2474 2865 2837 2868 2805 1143 2725)
 (2854 2476 2866 2806 2838 2868 573 2726)
 (2839 2855 2478 2727 2867 2869 2870 2807 1144)
 (2864 2856 2728 95 2808 2840 2480) (2729 2841 2857 2865 2482 2872 2809 1146)
 (2730 2810 2866 2484 2858 2872 2842 574)
 (2731 2859 2867 2843 2873 2874 2811 1147 2486)
 (2732 2812 2860 2872 2868 2488 2844 191)
 (2845 2861 2813 2733 2869 2873 2490 2876 1149)
 (2814 2876 2862 2734 2870 2874 2492 2846 575)
 (2878 2863 1150 2847 2871 2875 2877 2494 2815 2735))