(NIL NIL (1 2) NIL (2 4) (1 4) (5 3 6) NIL (2 8) (1 8) (3 9 10) NIL (8 12)
 (4 12) (2 12) (13 9 15) (14 5 15) (1 12) (13 10 18) (14 6 18) (3 15 18)
 (21 16 11 19) (21 7 17 20) NIL (24 12) (24 8) (25 13 26) (24 4) (25 14 28)
 (24 2) (25 15 30) (26 30 9) (27 16 31 32) (5 28 30) (34 29 17 31) (24 1)
 (25 36 18) (26 10 36) (27 37 38 19) (28 36 6) (29 40 37 20) (3 36 30)
 (21 42 37 31) (42 11 38 32) (33 22 43 44 39) (34 7 42 40) (41 43 35 23 46) NIL
 (48 24) (48 12) (25 50 49) (48 8) (26 52 49) (13 50 52) (51 53 27 54) (48 4)
 (28 56 49) (14 50 56) (51 57 29 58) (48 2) (60 49 30) (50 15 60) (51 61 62 31)
 (9 52 60) (61 64 53 32) (16 64 54 62) (33 65 63 55 66) (5 56 60) (34 68 57 61)
 (68 17 58 62) (35 69 63 59 70) (48 1) (36 49 72) (50 18 72) (73 74 51 37)
 (52 10 72) (73 76 53 38) (74 76 54 19) (75 77 39 55 78) (6 56 72)
 (73 80 57 40) (74 80 58 20) (41 81 75 59 82) (3 60 72) (73 42 84 61)
 (21 74 84 62) (43 85 75 63 86) (76 11 84 64) (65 85 44 77 88) (66 86 88 78 22)
 (87 89 90 67 45 79) (7 68 84 80) (81 85 92 69 46) (82 23 92 70 86)
 (83 71 87 93 94 47) NIL (96 48) (96 24) (97 49 98) (96 12) (50 97 100)
 (25 100 98) (51 101 102 99) (96 8) (97 52 104) (26 98 104) (105 106 53 99)
 (13 100 104) (105 108 101 54) (106 27 108 102) (107 109 55 103 110) (96 4)
 (97 56 112) (28 98 112) (113 114 57 99) (14 100 112) (113 116 101 58)
 (114 29 116 102) (115 117 59 103 118) (96 2) (97 60 120) (120 98 30)
 (121 122 61 99) (15 100 120) (121 124 101 62) (122 124 102 31)
 (123 125 63 103 126) (9 120 104) (105 121 128 64) (106 122 128 32)
 (65 129 107 123 130) (108 124 128 16) (129 66 132 109 125)
 (33 130 132 110 126) (131 133 134 67 111 127) (5 120 112) (113 121 68 136)
 (136 114 122 34) (137 138 115 69 123) (136 116 17 124) (137 125 140 117 70)
 (138 35 140 118 126) (139 141 142 119 71 127) (96 1) (97 144 72) (36 98 144)
 (73 145 99 146) (100 18 144) (145 74 148 101) (146 148 37 102)
 (75 149 147 103 150) (10 144 104) (105 145 76 152) (106 152 38 146)
 (153 154 107 77 147) (108 152 19 148) (153 149 156 109 78)
 (154 156 110 39 150) (111 151 155 157 158 79) (6 144 112) (113 145 160 80)
 (114 146 160 40) (81 161 115 147 162) (116 148 160 20) (161 82 164 117 149)
 (41 162 164 118 150) (83 165 166 163 151 119) (3 144 120) (121 145 84 168)
 (168 122 146 42) (169 170 123 85 147) (21 168 124 148) (169 149 172 125 86)
 (170 43 172 126 150) (87 171 173 174 151 127) (168 152 11 128)
 (129 153 176 169 88) (176 130 44 170 154) (131 89 171 177 178 155)
 (172 22 176 132 156) (133 90 173 177 180 157) (134 174 178 180 45 158)
 (135 91 175 179 181 182 159) (168 7 160 136) (137 161 92 169 184)
 (138 184 170 46 162) (163 139 93 185 186 171) (164 172 23 140 184)
 (165 173 141 94 185 188) (166 174 142 47 186 188) (143 167 175 95 187 189 190)
 NIL (192 96) (192 48) (193 194 97) (192 24) (193 98 196) (194 49 196)
 (197 198 195 99) (192 12) (193 100 200) (50 194 200) (201 101 195 202)
 (25 200 196) (197 201 204 102) (198 51 204 202) (199 205 203 103 206) (192 4)
 (193 208 112) (56 194 208) (113 209 195 210) (28 208 196) (197 114 212 209)
 (198 212 57 210) (199 211 213 115 214) (14 208 200) (201 209 116 216)
 (202 216 58 210) (217 218 203 117 211) (212 29 204 216) (217 213 220 205 118)
 (218 220 206 59 214) (215 219 221 222 207 119) (192 2) (193 224 120)
 (224 194 60) (121 225 195 226) (224 30 196) (197 122 228 225) (198 228 61 226)
 (199 227 229 123 230) (15 224 200) (201 225 124 232) (202 232 62 226)
 (233 234 203 125 227) (228 204 31 232) (233 229 236 205 126)
 (234 236 206 63 230) (207 231 235 237 238 127) (5 224 208) (209 225 240 136)
 (240 210 68 226) (137 241 211 227 242) (228 34 212 240) (241 138 244 213 229)
 (242 244 69 214 230) (243 245 246 215 139 231) (240 232 17 216)
 (217 233 140 248 241) (218 242 248 70 234) (243 249 250 219 141 235)
 (236 244 35 220 248) (245 249 252 221 142 237) (246 250 252 222 71 238)
 (247 251 253 254 143 223 239) (192 1) (193 256 144) (256 194 72)
 (145 257 195 258) (256 36 196) (197 146 260 257) (73 198 260 258)
 (199 259 261 147 262) (256 18 200) (201 257 148 264) (202 264 258 74)
 (265 266 203 149 259) (260 204 37 264) (265 261 268 205 150)
 (266 75 268 206 262) (207 263 267 269 270 151) (6 256 208) (209 257 272 160)
 (210 272 258 80) (161 273 211 259 274) (260 212 272 40) (273 162 276 213 261)
 (81 274 276 214 262) (163 215 263 275 277 278) (264 20 272 216)
 (217 265 164 280 273) (218 274 280 266 82) (165 219 275 281 282 267)
 (41 268 220 280 276) (166 221 269 277 281 284) (83 222 270 278 282 284)
 (167 271 223 279 283 285 286) (3 256 224) (225 257 288 168) (226 84 288 258)
 (169 289 227 259 290) (42 228 288 260) (289 170 292 229 261)
 (290 292 85 230 262) (291 293 294 263 171 231) (21 288 264 232)
 (233 265 289 172 296) (234 296 86 290 266) (291 297 298 267 173 235)
 (268 43 236 292 296) (293 297 300 269 174 237) (294 87 298 300 270 238)
 (295 299 301 302 271 175 239) (288 7 272 240) (241 273 289 304 184)
 (242 304 92 290 274) (243 291 305 306 275 185) (276 292 244 46 304)
 (293 245 305 308 277 186) (246 93 306 308 278 294)
 (247 295 307 309 310 279 187) (23 280 296 304 248) (249 305 297 312 281 188)
 (250 94 306 298 312 282) (251 307 313 314 283 189 299)
 (252 300 308 47 312 284) (253 301 309 313 316 285 190)
 (302 95 254 310 314 316 286) (303 191 311 315 255 317 318 287) NIL (192 320)
 (96 320) (321 322 193) (48 320) (321 194 324) (97 322 324) (195 323 325 326)
 (24 320) (321 328 196) (328 322 98) (197 329 323 330) (328 49 324)
 (198 329 325 332) (332 330 99 326) (327 333 199 331 334) (320 12)
 (321 336 200) (322 100 336) (201 337 323 338) (50 324 336) (337 202 340 325)
 (338 340 101 326) (327 203 341 339 342) (25 328 336) (337 204 329 344)
 (338 344 330 102) (345 346 339 205 331) (51 340 344 332) (333 345 348 341 206)
 (334 348 342 103 346) (347 349 350 335 207 343) (320 8) (352 322 104)
 (52 324 352) (105 353 354 326) (26 328 352) (353 106 356 330) (354 356 53 332)
 (334 107 357 355 358) (13 352 336) (353 338 108 360) (354 340 54 360)
 (361 362 355 109 342) (360 27 356 344) (361 346 364 357 110)
 (362 348 358 55 364) (350 359 363 365 366 111) (320 2) (321 368 224)
 (368 322 120) (225 369 323 370) (60 324 368) (369 226 372 325)
 (121 370 372 326) (327 227 373 371 374) (328 30 368) (369 228 329 376)
 (122 376 330 370) (377 378 371 229 331) (376 372 61 332) (333 377 380 373 230)
 (334 123 380 374 378) (231 335 375 379 381 382) (15 368 336) (337 369 384 232)
 (338 124 384 370) (233 385 339 371 386) (372 340 62 384) (385 234 388 341 373)
 (386 388 125 342 374) (387 389 390 375 235 343) (384 376 31 344)
 (345 377 236 385 392) (346 392 126 386 378) (347 393 394 387 379 237)
 (380 388 348 63 392) (389 393 396 349 381 238) (390 394 396 382 127 350)
 (351 391 395 397 398 239 383) (9 368 352) (353 370 400 128) (354 400 372 64)
 (129 401 355 374 402) (376 400 356 32) (401 130 404 357 378)
 (65 402 404 380 358) (131 359 403 405 406 382) (384 400 16 360)
 (361 386 132 401 408) (362 408 388 402 66) (133 390 363 403 409 410)
 (33 408 404 364 392) (134 394 365 405 409 412) (396 366 67 406 410 412)
 (135 398 367 407 411 413 414) (320 1) (321 416 256) (416 322 144)
 (257 417 323 418) (416 324 72) (417 258 420 325) (145 418 420 326)
 (327 259 421 419 422) (328 36 416) (417 260 329 424) (146 424 330 418)
 (425 426 419 261 331) (73 424 420 332) (333 425 428 421 262)
 (334 147 428 422 426) (263 423 427 429 430 335) (416 18 336) (337 417 432 264)
 (338 148 432 418) (265 433 339 419 434) (74 340 420 432) (433 266 436 341 421)
 (434 436 149 342 422) (423 267 435 437 438 343) (432 424 37 344)
 (345 425 268 440 433) (346 434 440 150 426) (347 427 269 435 441 442)
 (428 75 348 436 440) (349 429 270 437 441 444) (350 430 438 151 442 444)
 (351 431 271 439 443 445 446) (416 10 352) (353 418 448 152) (354 76 420 448)
 (153 449 355 422 450) (448 356 38 424) (449 154 452 357 426)
 (450 428 77 358 452) (451 453 454 359 430 155) (448 432 19 360)
 (361 434 449 156 456) (362 436 456 78 450) (451 457 458 363 438 157)
 (364 452 456 39 440) (453 457 460 365 442 158) (454 458 460 366 444 79)
 (455 459 461 462 367 446 159) (3 416 368) (369 417 464 288) (370 464 418 168)
 (289 465 371 419 466) (420 372 464 84) (465 290 468 373 421)
 (169 466 468 374 422) (291 423 467 469 470 375) (42 424 464 376)
 (377 425 465 292 472) (466 378 472 426 170) (293 427 467 473 474 379)
 (428 380 85 468 472) (294 429 469 473 476 381) (171 430 470 474 476 382)
 (295 431 471 475 477 478 383) (21 432 464 384) (385 433 465 480 296)
 (466 386 172 480 434) (481 482 387 297 467 435) (436 388 468 86 480)
 (481 484 389 298 469 437) (482 484 390 173 470 438)
 (483 485 439 391 299 471 486) (43 440 472 480 392) (481 488 393 300 473 441)
 (482 488 394 174 442 474) (483 489 490 395 301 443 475)
 (476 87 488 396 484 444) (485 489 477 492 397 302 445)
 (486 490 492 398 175 446 478) (487 491 493 494 303 447 399 479)
 (448 11 464 400) (401 449 466 496 176) (450 402 468 496 88)
 (497 451 177 498 403 470) (404 452 496 44 472) (453 497 178 500 405 474)
 (454 89 498 500 406 476) (455 499 179 501 502 407 478) (22 456 480 496 408)
 (482 457 497 180 504 409) (484 458 498 90 504 410)
 (486 459 499 181 505 506 411) (488 460 500 45 504 412)
 (490 461 501 182 505 508 413) (91 492 462 502 506 508 414)
 (183 494 463 503 507 509 510 415) NIL (48 512) (24 512) (513 514 49) (512 12)
 (513 516 50) (25 514 516) (517 518 51 515) (512 4) (513 56 520) (28 514 520)
 (521 57 515 522) (14 520 516) (517 521 524 58) (518 29 524 522)
 (519 525 523 59 526) (512 2) (513 60 528) (514 30 528) (529 61 515 530)
 (15 528 516) (517 529 532 62) (518 532 31 530) (519 533 531 63 534)
 (5 528 520) (521 529 68 536) (522 536 530 34) (537 538 523 69 531)
 (532 524 17 536) (537 533 540 525 70) (538 35 540 526 534)
 (527 535 539 541 542 71) (512 1) (513 544 72) (514 36 544) (73 545 515 546)
 (544 18 516) (517 74 548 545) (518 548 37 546) (547 519 549 75 550)
 (6 544 520) (521 545 552 80) (522 546 552 40) (81 553 523 547 554)
 (552 524 548 20) (553 82 556 525 549) (41 554 556 526 550)
 (83 551 555 557 558 527) (3 544 528) (529 545 84 560) (530 546 560 42)
 (561 562 531 85 547) (21 532 548 560) (561 549 564 533 86)
 (562 43 564 534 550) (87 551 535 563 565 566) (7 552 560 536)
 (537 553 92 561 568) (538 562 568 46 554) (539 93 563 569 570 555)
 (564 23 540 556 568) (541 557 94 565 569 572) (542 558 566 47 570 572)
 (559 574 95 567 571 573 543) NIL (576 512) (576 320) (576 192) (321 579 578)
 (576 96) (322 581 578) (193 579 581) (323 580 582 583) (576 48) (513 585 577)
 (585 324 578) (194 585 579) (587 580 588 325) (97 585 581) (590 587 582 326)
 (590 195 588 583) (584 327 592 589 591) (576 24) (514 577 594) (328 594 578)
 (579 594 196) (597 329 580 596) (581 594 98) (599 330 582 596)
 (197 597 599 583) (584 598 600 601 331) (585 49 594) (586 515 603 595)
 (596 587 603 332) (597 198 588 603) (333 598 606 589 605) (599 603 99 590)
 (591 334 600 605 608) (592 199 608 601 606) (607 609 610 335 593 602) (576 12)
 (612 577 516) (612 578 336) (579 612 200) (337 580 614 615) (612 100 581)
 (617 338 614 582) (201 617 615 583) (584 618 339 619 616) (50 585 612)
 (517 621 586 613) (621 340 587 614) (202 621 588 615) (624 341 623 589 616)
 (617 621 101 590) (591 618 342 623 626) (592 203 619 626 624)
 (593 620 625 627 628 343) (25 612 594) (518 613 630 595) (630 344 614 596)
 (597 204 630 615) (345 598 632 633 616) (617 599 102 630)
 (346 635 600 632 618) (633 205 619 601 635) (634 347 636 637 620 602)
 (51 621 630 603) (639 519 622 631 604) (605 348 639 623 632)
 (633 606 206 639 624) (634 607 349 641 642 625) (626 635 608 639 103)
 (636 609 350 641 644 627) (637 610 642 644 207 628)
 (611 351 643 645 646 629 638) (576 8) (648 578 352) (648 581 104)
 (353 649 582 650) (585 52 648) (649 354 652 587) (105 650 652 590)
 (591 355 653 651 654) (26 594 648) (649 656 356 596) (106 599 656 650)
 (657 658 651 600 357) (652 53 603 656) (605 657 660 653 358)
 (658 107 608 654 660) (609 359 655 659 661 662) (13 612 648) (649 664 614 360)
 (617 650 108 664) (361 618 651 665 666) (652 621 54 664) (665 362 668 653 623)
 (626 668 109 654 666) (667 669 670 363 655 627) (27 664 630 656)
 (657 665 672 364 632) (658 635 672 110 666) (667 636 673 674 365 659)
 (668 660 55 639 672) (669 641 676 366 673 661) (644 670 674 676 662 111)
 (671 645 675 677 678 367 663) (576 4) (680 577 520) (680 579 208)
 (680 581 112) (209 682 683 583) (585 56 680) (521 681 586 685)
 (210 685 588 682) (113 683 685 590) (592 211 684 687 688) (28 594 680)
 (681 522 595 690) (597 682 212 690) (114 599 683 690) (213 693 684 601 692)
 (685 57 603 690) (523 695 686 691 604) (606 692 214 687 695)
 (115 608 693 695 688) (689 610 215 697 698 694) (14 612 680) (681 524 613 700)
 (682 700 615 216) (617 683 116 700) (217 619 684 702 703) (685 700 621 58)
 (705 701 525 622 686) (705 218 702 687 624) (705 626 117 703 688)
 (689 219 704 707 708 628) (690 29 700 630) (691 701 526 631 710)
 (633 220 692 702 710) (635 693 118 703 710) (637 694 221 704 712 713)
 (705 710 59 639 695) (527 696 640 706 711 715) (697 642 222 707 712 715)
 (698 644 708 713 715 119) (699 646 223 709 714 717 718) (576 2) (720 577 528)
 (720 578 368) (720 579 224) (369 722 723 580) (720 581 120) (370 725 582 722)
 (225 723 725 583) (584 371 724 726 727) (585 60 720) (529 721 586 729)
 (729 722 372 587) (729 226 723 588) (732 731 724 373 589) (121 729 725 590)
 (591 731 734 374 726) (592 227 732 734 727) (593 375 728 733 735 736)
 (720 594 30) (721 530 595 738) (738 722 376 596) (597 738 723 228)
 (377 598 741 724 740) (122 599 725 738) (378 600 740 726 743)
 (229 741 601 743 727) (742 744 745 728 379 602) (729 738 61 603)
 (730 531 739 747 604) (605 731 380 740 747) (606 747 732 741 230)
 (607 742 381 749 750 733) (123 608 734 743 747) (609 744 749 752 382 735)
 (610 745 750 752 231 736) (737 611 746 751 753 754 383) (15 612 720)
 (721 532 613 756) (722 756 614 384) (723 756 615 232) (385 724 758 759 616)
 (617 124 725 756) (758 618 761 726 386) (233 761 619 759 727)
 (387 728 620 760 762 763) (729 756 621 62) (730 757 765 533 622)
 (731 388 765 758 623) (234 732 765 759 624) (389 760 625 733 767 768)
 (761 626 765 125 734) (770 390 767 762 627 735) (770 736 235 628 763 768)
 (737 769 771 772 391 764 629) (738 756 630 31) (739 757 534 631 774)
 (774 392 740 758 632) (633 236 741 774 759) (634 742 776 393 777 760)
 (761 635 126 743 774) (636 776 394 779 744 762) (637 745 779 777 763 237)
 (638 746 395 780 781 778 764) (747 765 63 639 774) (535 775 640 748 783 766)
 (776 641 396 749 783 767) (777 642 750 783 238 768)
 (769 778 643 397 751 785 786) (770 779 644 783 752 127)
 (785 771 780 645 398 753 788) (772 786 781 646 754 788 239)
 (773 787 399 782 755 789 647 790) (9 720 648) (649 722 792 400)
 (650 792 725 128) (401 793 651 726 794) (729 652 792 64) (793 402 731 796 653)
 (129 794 796 654 734) (403 655 795 797 798 735) (738 32 792 656)
 (657 793 404 740 800) (658 800 794 743 130) (801 802 744 405 659 795)
 (65 747 660 796 800) (801 804 661 749 406 797) (802 131 804 662 752 798)
 (803 805 806 753 799 407 663) (16 756 792 664) (665 793 808 758 408)
 (761 666 132 808 794) (667 809 810 409 762 795) (66 668 765 796 808)
 (669 809 812 410 797 767) (770 133 670 810 812 798)
 (771 671 811 813 814 411 799) (33 800 774 808 672) (801 776 673 816 809 412)
 (802 134 674 779 816 810) (803 811 780 817 818 413 675)
 (812 676 783 816 67 804) (817 805 677 813 785 820 414)
 (806 135 814 678 818 788 820) (807 815 819 789 679 821 415 822) (5 720 680)
 (681 721 824 536) (682 723 824 240) (683 824 725 136) (241 826 827 684 727)
 (729 68 685 824) (537 730 829 825 686) (242 732 829 687 826)
 (137 827 829 734 688) (689 243 736 828 831 832) (738 690 824 34)
 (825 538 691 739 834) (834 244 692 741 826) (138 827 693 743 834)
 (836 837 694 745 245 828) (829 747 69 695 834) (835 839 696 539 748 830)
 (836 246 839 697 750 831) (837 839 698 139 752 832)
 (833 838 247 841 842 699 754) (700 17 756 824) (825 757 540 701 844)
 (826 844 702 759 248) (761 827 140 703 844) (249 846 847 704 763 828)
 (705 829 844 765 70) (541 845 830 849 706 766) (250 846 849 707 831 768)
 (770 141 847 849 708 832) (833 772 251 848 851 852 709) (834 35 844 710 774)
 (835 775 845 542 854 711) (836 777 252 846 854 712) (837 779 142 847 854 713)
 (838 253 781 848 856 857 714) (839 783 849 854 71 715)
 (840 543 784 850 855 859 716) (841 254 786 851 856 859 717)
 (842 143 788 852 857 859 718) (843 255 853 790 858 861 862 719) (576 1)
 (864 577 544) (864 578 416) (579 864 256) (417 866 867 580) (864 581 144)
 (418 869 582 866) (257 867 869 583) (584 419 868 870 871) (585 864 72)
 (545 865 586 873) (873 866 420 587) (873 258 867 588) (875 868 421 589 876)
 (145 873 869 590) (591 875 878 422 870) (592 259 876 878 871)
 (423 872 877 879 880 593) (36 594 864) (865 546 595 882) (866 424 882 596)
 (597 882 867 260) (425 598 868 885 884) (146 599 869 882)
 (426 600 870 887 884) (261 601 885 871 887) (872 427 886 888 889 602)
 (73 873 603 882) (874 547 891 883 604) (605 875 428 891 884)
 (606 891 876 885 262) (607 429 877 886 893 894) (891 147 608 878 887)
 (609 430 879 888 893 896) (610 263 880 889 894 896)
 (897 898 611 431 881 890 895) (612 18 864) (865 900 548 613) (866 900 614 432)
 (867 900 615 264) (433 868 902 903 616) (617 900 148 869)
 (905 618 902 870 434) (265 905 619 903 871) (904 906 907 872 435 620)
 (873 74 900 621) (909 874 549 622 901) (875 436 909 902 623)
 (266 876 909 903 624) (904 877 911 912 437 625) (905 626 149 878 909)
 (914 906 911 879 438 627) (267 880 912 914 628 907)
 (913 908 881 915 916 439 629) (882 900 37 630) (883 901 550 631 918)
 (440 902 884 918 632) (633 268 885 918 903) (634 904 921 886 920 441)
 (905 635 150 887 918) (636 906 888 920 442 923) (637 907 269 921 889 923)
 (638 908 922 890 443 924 925) (75 909 891 639 918) (551 640 910 919 892 927)
 (641 911 920 444 893 927) (642 270 912 921 894 927)
 (929 930 643 913 922 445 895) (644 914 151 923 927 896)
 (897 929 932 645 915 924 446) (898 932 930 646 271 916 925)
 (899 933 934 931 647 917 926 447) (10 864 648) (649 866 936 448)
 (650 936 869 152) (449 937 651 870 938) (873 652 76 936) (937 450 875 940 653)
 (153 938 940 654 878) (451 939 941 942 879 655) (882 936 38 656)
 (657 937 452 944 884) (658 944 938 887 154) (453 939 945 946 888 659)
 (940 891 660 77 944) (454 661 941 945 948 893) (942 946 948 155 662 896)
 (897 455 943 947 949 950 663) (936 900 19 664) (665 937 952 902 456)
 (905 666 156 952 938) (667 457 906 939 953 954) (940 668 909 78 952)
 (669 458 941 911 953 956) (670 942 914 954 956 157)
 (671 459 943 915 955 957 958) (952 944 918 39 672) (673 460 945 920 953 960)
 (674 946 954 923 158 960) (961 962 675 461 947 955 924)
 (676 948 79 956 927 960) (929 961 964 677 462 949 957)
 (962 932 678 964 950 958 159) (963 933 966 463 679 951 965 959) (6 864 680)
 (681 865 968 552) (682 867 968 272) (683 968 869 160) (273 970 971 684 871)
 (873 968 685 80) (553 874 969 973 686) (274 876 973 687 970)
 (161 971 973 878 688) (689 972 975 976 275 880) (690 968 882 40)
 (969 554 691 883 978) (276 692 885 978 970) (162 971 693 887 978)
 (694 972 980 981 889 277) (81 978 891 973 695) (696 555 974 979 983 892)
 (697 975 980 278 983 894) (163 698 976 981 983 896)
 (898 699 977 982 279 985 986) (900 968 700 20) (969 901 988 556 701)
 (970 988 702 903 280) (905 971 164 988 703) (907 972 704 281 990 991)
 (705 82 973 988 909) (993 557 910 974 706 989) (993 975 912 707 282 990)
 (993 165 976 914 708 991) (995 996 977 916 709 283 992) (41 978 988 710 918)
 (711 558 979 919 989 998) (998 980 712 921 284 990) (166 981 713 923 991 998)
 (1000 1001 925 982 714 285 992) (993 83 998 983 715 927)
 (994 999 1003 559 984 716 928) (930 995 1000 1003 985 717 286)
 (932 167 1001 1003 996 986 718) (997 934 1002 1005 1006 719 987 287)
 (3 864 720) (721 865 1008 560) (722 866 1008 464) (723 1008 867 288)
 (465 1010 1011 724 868) (869 1008 725 168) (466 1010 1013 726 870)
 (289 1011 1013 871 727) (872 467 1012 1014 1015 728) (729 873 84 1008)
 (561 730 1009 1017 874) (1017 1010 731 468 875) (1017 290 1011 732 876)
 (877 1012 469 1019 1020 733) (169 1017 1013 734 878)
 (879 470 1019 1022 735 1014) (291 880 1015 1020 1022 736)
 (737 881 471 1016 1021 1023 1024) (738 882 1008 42) (1009 562 739 883 1026)
 (1026 1010 740 884 472) (885 1011 292 741 1026) (1028 1029 742 1012 886 473)
 (170 1013 887 743 1026) (1028 1031 744 1014 888 474)
 (1029 1031 745 1015 889 293) (1030 1032 1033 746 1016 890 475)
 (1017 1026 747 85 891) (1027 1035 748 563 1018 892)
 (1028 1035 749 1019 476 893) (1029 294 1035 750 1020 894)
 (1030 477 1037 1038 751 1021 895) (1031 1035 1022 752 171 896)
 (897 1032 1037 1040 753 478 1023) (898 295 1033 1038 1040 754 1024)
 (1025 899 1034 1039 1041 1042 755 479) (21 900 756 1008)
 (1009 901 564 757 1044) (1010 1044 902 758 480) (1011 1044 903 759 296)
 (481 904 1012 1046 1047 760) (761 905 172 1013 1044)
 (482 906 1046 1049 762 1014) (1015 297 907 1047 1049 763)
 (483 1016 908 1048 1050 1051 764) (1017 909 1044 765 86)
 (565 910 1045 1018 1053 766) (484 911 1046 1019 1053 767)
 (298 912 1047 1020 1053 768) (769 485 913 1048 1021 1055 1056)
 (770 173 914 1049 1053 1022) (1058 771 486 915 1023 1050 1055)
 (1058 772 299 916 1051 1024 1056) (1025 1057 1059 1060 773 487 917 1052)
 (1026 43 1044 774 918) (1027 1062 775 1045 566 919)
 (1028 1062 488 776 1046 920) (1029 1062 777 300 1047 921)
 (1030 1064 489 778 1065 1048 922) (1062 1031 779 174 1049 923)
 (1032 1064 490 1067 780 1050 924) (1033 781 1067 301 1065 1051 925)
 (1034 491 1068 1069 782 1066 1052 926) (1062 87 1035 783 1053 927)
 (1063 1036 1071 784 567 1054 928) (929 1064 492 1037 1071 785 1055)
 (930 1065 1038 1071 302 786 1056) (1057 931 1066 493 1039 1073 1074 787)
 (1058 932 1067 175 1040 788 1071) (1073 1059 933 1068 494 1041 1076 789)
 (1060 934 1074 1069 303 1042 1076 790)
 (1061 935 1070 495 1075 1043 1077 1078 791) (1008 936 11 792)
 (793 937 1080 1010 496) (794 1080 1013 938 176) (939 497 1014 1081 1082 795)
 (1017 940 796 1080 88) (941 498 1081 1019 1084 797)
 (942 798 177 1082 1084 1022) (943 499 799 1083 1085 1086 1023)
 (1026 944 44 1080 800) (801 1028 945 500 1081 1088)
 (802 1031 178 946 1082 1088) (1089 1090 803 1032 947 501 1083)
 (804 89 1035 948 1084 1088) (1089 1092 805 1037 949 502 1085)
 (1090 1092 806 1040 179 950 1086) (1091 1093 503 807 1041 951 1087 1094)
 (22 952 1044 1080 808) (1096 809 1081 1046 504 953)
 (1096 810 180 954 1049 1082) (1097 1098 811 505 1050 955 1083)
 (956 1096 90 812 1084 1053) (1097 957 1100 813 506 1085 1055)
 (1058 1098 1100 814 958 181 1086) (1059 1099 1101 1102 815 959 507 1087)
 (1062 1096 816 45 960 1088) (961 1089 1064 1097 1104 817 508)
 (1090 962 1098 1067 1104 818 182) (1091 1099 1068 963 1105 1106 819 509)
 (1092 91 1100 1071 1104 820 964) (1105 965 1101 1073 1108 821 1093 510)
 (1094 1102 1108 1106 1076 822 183 966)
 (967 1095 1103 1107 1077 1110 823 1109 511) (1008 7 968 824)
 (825 969 1112 1009 568) (826 1011 1112 970 304) (827 1112 1013 971 184)
 (972 305 1015 1114 1115 828) (1017 973 92 829 1112)
 (974 1113 569 1018 1117 830) (975 306 1114 1020 1117 831)
 (976 185 1115 1117 1022 832) (833 977 307 1120 1116 1119 1024)
 (1026 834 1112 46 978) (1122 835 1027 979 1113 570)
 (1122 836 1029 980 308 1114) (1122 837 1031 981 186 1115)
 (1124 1125 838 1033 309 982 1116) (1122 839 1035 93 983 1117)
 (1123 1127 840 1036 984 571 1118) (1124 1127 841 1038 310 985 1119)
 (1125 1127 842 1040 986 187 1120) (1121 1126 1129 1130 843 1042 311 987)
 (23 844 988 1044 1112) (1132 845 1045 1113 572 989)
 (1132 846 1047 312 1114 990) (1132 847 1049 1115 188 991)
 (1134 1135 848 313 1051 1116 992) (993 1117 1132 94 849 1053)
 (994 1133 1054 1137 850 573 1118) (995 1134 1137 851 314 1119 1056)
 (1058 996 1135 1137 852 189 1120) (1121 1060 997 1136 1139 1140 853 315)
 (1122 1062 1132 854 47 998) (1123 1063 999 1133 1142 855 574)
 (1124 1000 1065 1134 1142 856 316) (1125 1001 1067 1135 1142 857 190)
 (1126 1002 1069 1136 1144 1145 858 317) (1127 1003 95 1137 1071 859 1142)
 (1128 1004 1072 1138 1143 1147 860 575)
 (1129 1005 1074 1139 1144 1147 861 318)
 (1130 1076 1006 1140 1145 1147 862 191)
 (1131 1007 1141 863 1146 1149 1150 319 1078) NIL (1152 576) (1152 320)
 (1153 578 1154) (1152 192) (1153 579 1156) (321 1156 1154)
 (1155 580 1157 1158) (1152 96) (1160 1153 581) (1160 322 1154)
 (1155 1161 1162 582) (1160 193 1156) (1161 1164 1157 583) (1162 323 1164 1158)
 (1159 584 1163 1165 1166) (1152 48) (1153 1168 585) (1168 324 1154)
 (1155 1169 587 1170) (1168 194 1156) (1169 588 1157 1172) (1172 1170 325 1158)
 (1159 1173 1171 589 1174) (1160 97 1168) (1161 1176 1169 590)
 (1176 1162 1170 326) (591 1177 1163 1178 1171) (1176 195 1164 1172)
 (1173 592 1177 1165 1180) (327 1174 1180 1178 1166)
 (1167 1181 1182 593 1175 1179) (1152 24) (1153 594 1184) (1184 328 1154)
 (1155 1185 1186 596) (1184 1156 196) (597 1185 1188 1157) (1186 1188 329 1158)
 (1159 598 1187 1189 1190) (1160 98 1184) (1185 1161 599 1192)
 (1186 1162 330 1192) (1193 1194 1187 600 1163) (197 1188 1164 1192)
 (1193 1189 1196 601 1165) (1194 1196 1190 331 1166)
 (1167 1191 1195 1197 1198 602) (1168 49 1184) (1185 1169 603 1200)
 (1186 1200 1170 332) (605 1201 1187 1171 1202) (1200 198 1188 1172)
 (1173 606 1204 1189 1201) (333 1174 1204 1190 1202)
 (607 1191 1206 1175 1205 1203) (1200 1176 99 1192) (1193 1201 608 1177 1208)
 (334 1208 1202 1178 1194) (1209 1210 609 1195 1203 1179)
 (1204 1208 199 1196 1180) (1181 1209 1212 610 1197 1205)
 (1210 1212 1182 335 1198 1206) (1183 1213 1214 611 1211 1199 1207) (1152 12)
 (1153 612 1216) (336 1216 1154) (1155 1217 614 1218) (1216 1156 200)
 (1217 1220 615 1157) (337 1218 1220 1158) (1159 1219 1221 1222 616)
 (1160 100 1216) (617 1217 1161 1224) (338 1162 1224 1218)
 (1225 618 1219 1163 1226) (201 1220 1164 1224) (1225 619 1228 1221 1165)
 (1226 339 1228 1222 1166) (1167 620 1223 1227 1229 1230) (50 1168 1216)
 (1217 621 1169 1232) (1218 340 1170 1232) (1233 1234 1219 623 1171)
 (202 1220 1232 1172) (1173 1233 1236 1221 624) (1174 1236 341 1222 1234)
 (1235 1237 1238 1223 625 1175) (1176 101 1232 1224) (1225 626 1177 1233 1240)
 (1226 1234 1240 1178 342) (1235 1241 1242 627 1227 1179)
 (203 1228 1236 1240 1180) (1181 1237 1241 1244 628 1229)
 (1182 1238 1242 1244 1230 343) (1183 1239 1243 1245 1246 629 1231)
 (25 1216 1184) (1185 1217 630 1248) (1186 1218 1248 344)
 (1249 1250 1187 1219 632) (1188 204 1220 1248) (633 1221 1252 1189 1249)
 (345 1250 1252 1190 1222) (634 1191 1251 1253 1254 1223) (1224 1248 102 1192)
 (1193 1225 635 1249 1256) (1194 1226 1250 1256 346)
 (636 1195 1251 1257 1258 1227) (1196 205 1256 1228 1252)
 (637 1253 1257 1197 1260 1229) (347 1254 1258 1260 1230 1198)
 (638 1262 1255 1259 1261 1199 1231) (51 1232 1248 1200)
 (1201 1233 1249 639 1264) (1250 1202 348 1264 1234)
 (1265 1266 1235 641 1251 1203) (1264 1204 1252 206 1236)
 (1265 1268 1237 642 1253 1205) (1266 1268 349 1238 1254 1206)
 (1267 1269 1270 1239 643 1255 1207) (1240 1256 1264 103 1208)
 (1209 1265 1272 1241 644 1257) (1210 350 1272 1242 1266 1258)
 (1211 1273 1274 1243 645 1267 1259) (1268 1272 1244 1212 207 1260)
 (1213 1273 1276 1245 646 1269 1261) (1270 351 1274 1276 1246 1262 1214)
 (1215 1271 1275 1277 1278 1247 647 1263) (1152 4) (1153 1280 680)
 (1280 1156 208) (1281 682 1157 1282) (1160 1280 112) (1281 1161 1284 683)
 (209 1282 1284 1164) (1283 684 1285 1286 1165) (56 1168 1280)
 (1281 685 1169 1288) (210 1288 1282 1172) (1173 1289 1283 687 1290)
 (113 1176 1284 1288) (1289 1285 1292 1177 688) (1290 211 1292 1286 1180)
 (1181 689 1287 1291 1293 1294) (28 1280 1184) (1185 690 1281 1296)
 (212 1282 1188 1296) (1297 1298 1283 692 1189) (114 1284 1296 1192)
 (1193 1285 1297 693 1300) (1298 1300 1196 213 1286)
 (694 1287 1299 1301 1302 1197) (1288 57 1296 1200) (1201 1289 1297 695 1304)
 (1290 1304 1204 214 1298) (697 1291 1299 1305 1306 1205)
 (1304 115 1292 1300 1208) (1209 698 1293 1301 1305 1308)
 (1212 215 1294 1302 1306 1308) (1213 699 1295 1303 1307 1309 1310)
 (14 1280 1216) (1217 1281 700 1312) (1282 1220 1312 216)
 (1313 1314 1283 1221 702) (1312 116 1284 1224) (1225 1313 1316 1285 703)
 (217 1314 1228 1286 1316) (1315 1317 1318 1287 704 1229) (1312 1288 58 1232)
 (1233 705 1289 1313 1320) (218 1314 1236 1320 1290)
 (1315 1237 1321 1322 1291 707) (1292 117 1320 1316 1240)
 (1317 1241 1324 1293 1321 708) (1324 1318 1322 219 1244 1294)
 (1319 1245 1323 1325 1326 1295 709) (29 1296 1312 1248)
 (1249 1297 1313 710 1328) (220 1298 1252 1328 1314)
 (1315 1329 1330 1299 1253 712) (1300 1328 118 1316 1256)
 (1317 1329 713 1332 1301 1257) (1318 221 1330 1332 1302 1260)
 (1319 1331 1333 1334 1303 714 1261) (1304 1320 1328 59 1264)
 (1265 1321 1329 1336 1305 715) (1268 1322 222 1330 1336 1306)
 (1269 1323 1331 1337 1338 1307 717) (1272 1324 1332 1336 1308 119)
 (1273 1325 1333 1337 1340 1309 718) (1276 1326 223 1334 1338 1340 1310)
 (1277 1327 719 1335 1339 1341 1342 1311) (1152 2) (1153 1344 720)
 (368 1344 1154) (1155 722 1345 1346) (1344 1156 224) (1345 723 1348 1157)
 (369 1346 1348 1158) (1159 1347 724 1349 1350) (1160 1344 120)
 (1345 1161 725 1352) (1352 370 1162 1346) (1353 1354 1347 1163 726)
 (225 1348 1164 1352) (1353 1356 1349 727 1165) (1354 371 1356 1350 1166)
 (1167 1351 1355 1357 1358 728) (1168 1344 60) (729 1345 1169 1360)
 (1346 372 1170 1360) (1361 1362 731 1347 1171) (1360 226 1348 1172)
 (1173 1361 732 1349 1364) (1174 1364 373 1350 1362)
 (1351 1363 1365 1366 1175 733) (121 1360 1176 1352) (1353 1361 1177 734 1368)
 (1354 1368 1362 1178 374) (1355 1363 1179 1369 1370 735)
 (1364 1368 227 1356 1180) (1181 1357 1365 1369 1372 736)
 (1182 1358 1366 375 1370 1372) (737 1183 1359 1367 1371 1373 1374)
 (1344 30 1184) (1185 738 1345 1376) (1186 1376 1346 376)
 (1377 1378 1187 740 1347) (228 1348 1188 1376) (1377 741 1380 1189 1349)
 (377 1378 1380 1190 1350) (1379 1381 742 1351 1191 1382) (1376 122 1352 1192)
 (1193 1353 1384 743 1377) (1194 1384 1354 1378 378)
 (1379 744 1385 1386 1355 1195) (1356 1380 1196 229 1384)
 (1381 745 1388 1357 1385 1197) (1382 1386 1388 1358 1198 379)
 (1383 746 1387 1389 1390 1359 1199) (1376 1360 61 1200)
 (1201 1361 747 1392 1377) (1202 380 1378 1392 1362)
 (1379 749 1393 1394 1363 1203) (1364 1380 1204 230 1392)
 (1381 750 1393 1396 1365 1205) (1382 1394 1396 1366 381 1206)
 (1383 751 1395 1397 1398 1367 1207) (1384 123 1368 1392 1208)
 (1209 1385 752 1393 1400 1369) (1210 1386 1394 1400 1370 382)
 (1211 1387 753 1395 1401 1402 1371) (1212 1388 1396 231 1400 1372)
 (1213 1389 754 1397 1401 1404 1373) (1214 1390 1398 1402 1404 1374 383)
 (1215 1391 755 1399 1403 1405 1406 1375) (15 1344 1216) (1217 1345 756 1408)
 (1218 1408 1346 384) (1409 1410 1219 1347 758) (1348 1408 1220 232)
 (1409 1349 1412 1221 759) (385 1410 1412 1222 1350)
 (1411 1413 1414 1351 1223 760) (1352 1408 124 1224) (1225 761 1416 1353 1409)
 (1226 1416 1354 1410 386) (1411 1417 1418 1355 762 1227)
 (233 1356 1412 1228 1416) (1413 1417 1420 1357 763 1229)
 (387 1414 1418 1420 1358 1230) (1415 1419 1421 1422 1359 764 1231)
 (1408 1360 62 1232) (1233 1361 765 1409 1424) (1234 1424 388 1410 1362)
 (1235 1411 1425 1426 1363 767) (1364 234 1412 1236 1424)
 (1413 1425 1428 1365 1237 768) (389 1238 1426 1428 1366 1414)
 (769 1239 1415 1427 1429 1430 1367) (1424 1416 1368 125 1240)
 (770 1241 1425 1417 1432 1369) (390 1242 1418 1426 1432 1370)
 (771 1243 1427 1433 1434 1371 1419) (1244 1420 1428 1432 235 1372)
 (772 1245 1421 1429 1433 1436 1373) (391 1422 1246 1430 1434 1436 1374)
 (773 1423 1247 1431 1435 1437 1438 1375) (1408 1376 31 1248)
 (1249 1377 774 1409 1440) (1250 1440 1378 1410 392)
 (1441 1442 1411 776 1379 1251) (236 1380 1412 1252 1440)
 (1441 1444 1381 777 1253 1413) (1442 1444 1414 393 1254 1382)
 (1443 1445 1383 1415 778 1255 1446) (1440 1416 1384 126 1256)
 (1441 1448 1385 779 1417 1257) (1442 394 1448 1386 1418 1258)
 (1443 1449 1450 1419 780 1259 1387) (1444 1448 1420 1388 1260 237)
 (1445 1389 1449 781 1452 1421 1261) (1446 1450 395 1452 1422 1390 1262)
 (1447 1451 1453 782 1391 1454 1423 1263) (1440 1424 1392 63 1264)
 (1265 1441 1425 783 1456 1393) (1266 1442 396 1456 1426 1394)
 (1457 1267 1443 785 1458 1427 1395) (1444 1268 1456 1396 1428 238)
 (1269 1457 786 1460 1429 1397 1445) (1446 1398 397 1458 1460 1430 1270)
 (1271 1399 1447 787 1459 1461 1462 1431) (1272 1448 1400 1456 1432 127)
 (1273 1457 1433 788 1449 1464 1401) (1402 1274 1464 398 1458 1450 1434)
 (1451 1403 1459 789 1465 1466 1435 1275) (1436 1452 1460 1464 1276 1404 239)
 (1405 1277 1453 1461 790 1465 1468 1437)
 (1406 1454 399 1278 1462 1466 1468 1438)
 (791 1455 1279 1439 1463 1467 1469 1470 1407) (5 1344 1280)
 (1281 1345 1472 824) (1472 1282 1348 240) (1473 826 1283 1349 1474)
 (1352 1472 1284 136) (1353 1473 827 1476 1285) (241 1474 1356 1476 1286)
 (1475 1477 1478 1287 1357 828) (1360 1472 68 1288) (1289 1361 1473 829 1480)
 (1474 1290 1364 1480 242) (1475 1481 1482 1291 1365 831)
 (137 1292 1476 1480 1368) (1477 1481 1484 1293 1369 832)
 (243 1478 1482 1484 1294 1372) (833 1479 1483 1485 1486 1295 1373)
 (1472 34 1376 1296) (1297 834 1473 1488 1377) (1298 244 1488 1380 1474)
 (1475 836 1381 1489 1490 1299) (138 1300 1476 1488 1384)
 (837 1385 1489 1492 1301 1477) (245 1478 1388 1490 1492 1302)
 (838 1479 1389 1491 1493 1494 1303) (1488 1392 69 1480 1304)
 (1489 839 1481 1393 1496 1305) (246 1482 1490 1396 1496 1306)
 (841 1483 1491 1397 1497 1498 1307) (139 1484 1400 1492 1496 1308)
 (842 1485 1497 1493 1401 1500 1309) (1500 247 1486 1494 1498 1404 1310)
 (1501 843 1487 1495 1499 1405 1502 1311) (1472 1408 17 1312)
 (1313 1409 1473 844 1504) (1474 1314 1412 1504 248)
 (1505 1506 1315 1413 846 1475) (140 1316 1476 1504 1416)
 (1505 1508 1477 1417 847 1317) (1506 1508 1318 249 1420 1478)
 (1507 1509 1319 1479 1421 848 1510) (1504 1424 1480 70 1320)
 (1505 1425 1512 1321 849 1481) (1506 250 1512 1482 1428 1322)
 (1507 1513 1514 1323 851 1429 1483) (1508 1512 1324 141 1432 1484)
 (1509 1513 1325 1516 1485 852 1433) (1510 1514 251 1516 1326 1486 1436)
 (1511 1515 1517 1518 1487 853 1327 1437) (35 1440 1488 1504 1328)
 (1441 1489 1505 1520 1329 854) (1506 1444 1490 252 1520 1330)
 (1507 1445 1491 1521 1522 1331 856) (1508 1448 142 1520 1332 1492)
 (1509 1449 1521 1524 1493 857 1333) (1510 1452 253 1522 1524 1334 1494)
 (1335 1511 1453 1523 1525 1526 1495 858) (1512 1336 1520 71 1496 1456)
 (1521 1513 1457 1497 1528 1337 859) (1514 1528 254 1522 1460 1498 1338)
 (1515 1523 1461 1529 1530 1339 861 1499) (1500 1516 143 1524 1528 1464 1340)
 (1341 1517 1529 1525 1465 1532 1501 862)
 (1532 1518 255 1502 1526 1530 1468 1342)
 (1503 1533 1519 1343 1527 1531 1469 1534 863) (1152 1) (1153 1536 864)
 (416 1536 1154) (1155 866 1537 1538) (1536 1156 256) (1537 867 1540 1157)
 (417 1538 1540 1158) (1159 1539 868 1541 1542) (1160 1536 144)
 (1537 1161 869 1544) (1544 418 1162 1538) (1545 1546 1539 1163 870)
 (257 1540 1164 1544) (1545 1548 1541 871 1165) (1546 419 1548 1542 1166)
 (1167 1543 872 1547 1549 1550) (1168 1536 72) (873 1537 1169 1552)
 (1538 420 1170 1552) (1553 1554 875 1539 1171) (1552 258 1540 1172)
 (1173 1553 1556 876 1541) (1174 1556 421 1542 1554)
 (1543 877 1555 1557 1558 1175) (145 1552 1176 1544) (1545 1553 1177 878 1560)
 (1546 1560 1554 1178 422) (1547 879 1555 1561 1562 1179)
 (1556 1560 259 1548 1180) (1181 1549 880 1557 1561 1564)
 (1182 423 1550 1558 1562 1564) (1183 1551 881 1559 1563 1565 1566)
 (36 1536 1184) (1185 882 1537 1568) (1186 1568 1538 424)
 (1569 1570 1187 884 1539) (1540 260 1188 1568) (1569 885 1572 1189 1541)
 (425 1570 1572 1190 1542) (1571 1573 1574 1543 1191 886) (1568 146 1544 1192)
 (1193 1545 1576 887 1569) (1194 1576 1546 1570 426)
 (1571 1577 1578 1547 1195 888) (1548 1572 1196 261 1576)
 (1573 1577 1580 1549 1197 889) (1574 1578 427 1580 1550 1198)
 (1575 1579 1581 1582 1551 1199 890) (73 1568 1552 1200)
 (1201 1553 891 1584 1569) (1202 428 1584 1570 1554)
 (1571 1585 1586 1555 1203 893) (1556 1572 1204 262 1584)
 (1573 1585 1588 1557 1205 894) (1574 429 1586 1588 1558 1206)
 (1575 1587 1589 1207 1559 895 1590) (1576 147 1560 1584 1208)
 (1209 1577 1585 1592 1561 896) (1210 1578 430 1586 1592 1562)
 (897 1211 1579 1587 1593 1594 1563) (1212 263 1580 1588 1592 1564)
 (898 1213 1581 1589 1593 1596 1565) (1214 1582 431 1590 1594 1596 1566)
 (899 1215 1583 1591 1595 1597 1598 1567) (1536 18 1216) (1217 1537 900 1600)
 (1218 1600 1538 432) (1601 1602 1219 1539 902) (1540 1600 1220 264)
 (1601 1541 1604 1221 903) (433 1602 1604 1222 1542)
 (1603 1605 1606 1543 904 1223) (1544 1600 148 1224) (1225 905 1601 1545 1608)
 (1226 1608 1546 1602 434) (1603 1609 906 1547 1610 1227)
 (265 1548 1228 1604 1608) (1605 1609 907 1612 1549 1229)
 (1606 1610 1612 1550 435 1230) (1607 1611 908 1613 1614 1551 1231)
 (74 1552 1600 1232) (1233 1553 1601 909 1616) (1234 1616 436 1602 1554)
 (1235 1603 911 1617 1618 1555) (1556 266 1604 1236 1616)
 (1605 912 1617 1620 1557 1237) (1238 1618 1620 437 1558 1606)
 (1239 1607 913 1619 1621 1622 1559) (1608 1560 149 1616 1240)
 (1241 1609 1617 914 1624 1561) (1610 1242 1618 438 1624 1562)
 (1243 1619 915 1625 1626 1563 1611) (1612 267 1244 1620 1624 1564)
 (1245 1613 916 1621 1625 1628 1565) (1614 1246 1622 439 1626 1628 1566)
 (1247 917 1615 1623 1627 1629 1630 1567) (1600 1568 37 1248)
 (1249 1569 1601 918 1632) (1250 1632 1570 1602 440)
 (1633 1634 1603 1571 1251 920) (268 1604 1252 1632 1572)
 (1633 1636 1573 1253 921 1605) (1634 1636 1606 1254 441 1574)
 (1635 1637 1575 1607 1255 922 1638) (1608 1576 1632 150 1256)
 (1633 1640 1577 1609 1257 923) (1634 1640 1578 442 1610 1258)
 (1635 1641 1642 1611 1259 924 1579) (1612 1640 1580 269 1636 1260)
 (1637 1641 1261 1644 1613 925 1581) (1638 1642 1644 1614 1582 443 1262)
 (1639 1643 1645 1646 1583 1615 926 1263) (75 1584 1616 1632 1264)
 (1265 1617 1648 1585 1633 927) (1266 1634 1648 1618 1586 444)
 (929 1267 1635 1649 1650 1619 1587) (1636 1268 270 1648 1620 1588)
 (930 1269 1589 1649 1652 1621 1637) (1638 1590 1650 1652 1622 445 1270)
 (931 1591 1639 1271 1651 1653 1654 1623) (1272 1640 1592 1648 151 1624)
 (932 1273 1641 1649 1625 1656 1593) (1594 1274 1656 1650 1642 1626 446)
 (933 1275 1651 1627 1657 1658 1595 1643) (1628 1276 271 1644 1652 1656 1596)
 (1645 934 1597 1277 1653 1657 1660 1629)
 (1646 1278 1598 1654 1658 1660 1630 447)
 (935 1647 1279 1631 1655 1659 1661 1662 1599) (6 1536 1280)
 (1281 1537 1664 968) (1282 1540 1664 272) (1665 970 1283 1541 1666)
 (1544 1664 1284 160) (1545 1665 971 1668 1285) (273 1666 1548 1668 1286)
 (1667 1669 1670 1287 972 1549) (1552 1664 80 1288) (1289 1553 1665 973 1672)
 (1666 1290 1556 1672 274) (1667 1673 1674 1291 975 1557)
 (161 1292 1668 1672 1560) (1669 1673 1676 1293 976 1561)
 (1670 1674 1676 1294 275 1564) (1671 1675 1677 1678 1295 977 1565)
 (1568 1664 40 1296) (1297 978 1665 1680 1569) (1666 1298 276 1680 1572)
 (1667 1573 1681 1682 1299 980) (162 1300 1668 1680 1576)
 (1669 1577 1681 1684 981 1301) (1670 1580 1682 1684 277 1302)
 (1671 1581 1683 1685 982 1303 1686) (81 1584 1672 1680 1304)
 (1681 1673 1585 983 1688 1305) (1674 1682 1588 278 1688 1306)
 (1675 1689 1683 1589 985 1690 1307) (163 1592 1676 1684 1688 1308)
 (1677 1689 1685 1593 986 1692 1309) (1692 1678 1686 279 1690 1596 1310)
 (1693 1679 1694 1687 1691 1597 987 1311) (1600 20 1664 1312)
 (1313 1601 1665 988 1696) (1666 1314 1604 1696 280)
 (1697 1698 1315 1605 1667 990) (164 1316 1668 1696 1608)
 (1697 1700 1669 1609 1317 991) (1698 1700 1318 1612 281 1670)
 (1699 1701 1319 1671 1613 1702 992) (82 1616 1672 1696 1320)
 (993 1697 1704 1321 1617 1673) (1698 1704 1674 1620 1322 282)
 (995 1705 1706 1323 1699 1621 1675) (1700 165 1704 1324 1676 1624)
 (996 1701 1705 1325 1708 1677 1625) (1702 1706 1708 1326 1678 283 1628)
 (997 1703 1707 1709 1710 1679 1327 1629) (41 1632 1680 1696 1328)
 (1633 1681 998 1712 1329 1697) (1698 1636 1682 1712 1330 284)
 (1699 1637 1000 1683 1713 1714 1331) (1700 166 1640 1712 1332 1684)
 (1701 1001 1713 1641 1716 1685 1333) (1702 1644 1714 1716 1334 285 1686)
 (1335 1703 1002 1645 1715 1717 1718 1687) (83 1704 1336 1712 1688 1648)
 (1713 1705 1003 1649 1689 1720 1337) (1706 1720 1714 1652 1690 1338 286)
 (1707 1005 1715 1653 1721 1722 1339 1691) (1692 167 1708 1720 1716 1656 1340)
 (1341 1709 1006 1721 1717 1657 1724 1693)
 (1724 1710 1694 1718 1722 1660 1342 287)
 (1725 1007 1343 1719 1723 1661 1726 1695 1711) (3 1536 1344)
 (1345 1537 1728 1008) (1346 1728 1538 464) (1729 1010 1347 1539 1730)
 (1540 1348 1728 288) (1729 1541 1011 1732 1349) (465 1730 1732 1350 1542)
 (1731 1733 1351 1543 1012 1734) (1544 168 1728 1352)
 (1353 1545 1013 1729 1736) (1354 1730 1736 1546 466)
 (1731 1737 1738 1355 1014 1547) (289 1548 1356 1732 1736)
 (1733 1737 1357 1740 1549 1015) (1734 1738 1740 1358 1550 467)
 (1735 1739 1741 1742 1551 1359 1016) (1552 84 1728 1360)
 (1361 1017 1729 1553 1744) (1362 1730 468 1744 1554)
 (1731 1555 1745 1746 1363 1019) (1556 290 1364 1732 1744)
 (1733 1745 1748 1557 1365 1020) (1734 1746 1748 469 1366 1558)
 (1367 1735 1747 1749 1750 1559 1021) (169 1744 1560 1736 1368)
 (1737 1745 1561 1752 1369 1022) (1562 1738 1746 470 1752 1370)
 (1739 1747 1753 1754 1371 1563 1023) (291 1372 1740 1748 1752 1564)
 (1373 1741 1749 1753 1756 1565 1024) (1742 1566 1750 471 1754 1756 1374)
 (1025 1743 1375 1751 1755 1757 1758 1567) (42 1568 1728 1376)
 (1377 1026 1760 1729 1569) (1378 1730 1760 1570 472)
 (1761 1762 1731 1028 1379 1571) (1572 292 1380 1732 1760)
 (1761 1764 1029 1573 1733 1381) (1762 1764 1734 1574 473 1382)
 (1766 1763 1765 1575 1735 1383 1030) (1760 170 1576 1736 1384)
 (1761 1031 1768 1385 1737 1577) (1762 1578 1768 1386 1738 474)
 (1763 1579 1032 1769 1770 1739 1387) (1388 293 1740 1768 1580 1764)
 (1765 1033 1389 1772 1581 1769 1741) (1766 1770 1772 1742 1390 475 1582)
 (1391 1767 1034 1771 1773 1774 1743 1583) (1760 1584 85 1744 1392)
 (1761 1585 1035 1776 1393 1745) (1762 1746 1776 1394 1586 476)
 (1763 1037 1395 1777 1778 1747 1587) (1764 294 1776 1588 1748 1396)
 (1765 1749 1038 1777 1780 1589 1397) (1766 1590 1778 1780 1750 477 1398)
 (1591 1767 1039 1779 1399 1781 1782 1751) (1768 171 1752 1776 1400 1592)
 (1769 1753 1040 1777 1593 1784 1401) (1594 1770 1784 1778 1754 1402 478)
 (1595 1771 1041 1779 1785 1786 1403 1755) (1596 295 1404 1772 1780 1784 1756)
 (1757 1773 1042 1781 1785 1788 1405 1597)
 (1774 1406 1598 1782 1786 1788 1758 479)
 (1407 1775 1043 1599 1783 1787 1789 1790 1759) (21 1600 1728 1408)
 (1409 1601 1044 1729 1792) (1410 1730 1792 1602 480)
 (1793 1794 1731 1411 1603 1046) (1604 1412 1792 1732 296)
 (1793 1796 1605 1733 1047 1413) (481 1794 1796 1734 1606 1414)
 (1795 1797 1607 1735 1415 1048 1798) (1608 172 1792 1736 1416)
 (1793 1800 1417 1737 1609 1049) (1794 1610 1800 1418 482 1738)
 (1795 1611 1801 1802 1739 1050 1419) (1796 1740 1800 297 1420 1612)
 (1797 1801 1421 1804 1613 1741 1051) (483 1798 1802 1804 1742 1422 1614)
 (1423 1799 1803 1805 1806 1743 1615 1052) (1792 1616 86 1744 1424)
 (1793 1617 1745 1808 1425 1053) (1794 484 1746 1808 1426 1618)
 (1795 1427 1809 1810 1747 1619 1055) (1796 298 1808 1620 1748 1428)
 (1797 1749 1809 1812 1621 1429 1056) (485 1798 1622 1810 1812 1750 1430)
 (1057 1623 1799 1811 1431 1814 1751 1813) (1800 1752 173 1808 1432 1624)
 (1058 1801 1753 1809 1625 1816 1433) (486 1626 1802 1816 1810 1754 1434)
 (1059 1627 1803 1811 1817 1818 1755 1435) (1628 1756 299 1804 1812 1816 1436)
 (1060 1757 1437 1805 1813 1817 1820 1629)
 (487 1806 1438 1814 1818 1820 1758 1630)
 (1061 1439 1807 1631 1815 1819 1821 1822 1759) (43 1632 1792 1760 1440)
 (1441 1633 1062 1761 1793 1824) (1442 1762 488 1634 1794 1824)
 (1825 1826 1763 1064 1443 1635 1795) (1796 300 1636 1764 1444 1824)
 (1825 1828 1637 1065 1765 1797 1445) (1826 1828 1766 489 1638 1446 1798)
 (1827 1829 1639 1799 1066 1767 1447 1830) (1800 1768 174 1448 1640 1824)
 (1825 1832 1449 1067 1769 1801 1641) (1826 1642 1450 1832 1802 1770 490)
 (1827 1643 1833 1834 1771 1068 1803 1451) (1644 1772 1804 301 1832 1828 1452)
 (1645 1829 1773 1805 1833 1453 1836 1069)
 (1830 1454 1834 491 1836 1774 1806 1646)
 (1455 1831 1835 1837 1070 1775 1838 1807 1647) (1456 87 1808 1648 1776 1824)
 (1825 1649 1071 1840 1457 1777 1809) (1826 1810 492 1840 1458 1650 1778)
 (1841 1827 1459 1073 1842 1779 1651 1811) (1652 1828 302 1840 1812 1780 1460)
 (1829 1841 1074 1844 1461 1813 1653 1781)
 (1830 493 1654 1842 1844 1814 1782 1462)
 (1815 1831 1655 1075 1845 1463 1783 1843 1846)
 (1832 1656 175 1784 1464 1816 1840) (1833 1785 1817 1841 1657 1076 1848 1465)
 (1658 1834 1848 1818 494 1842 1786 1466)
 (1659 1819 1835 1843 1077 1849 1850 1787 1467)
 (1660 1788 1836 1468 303 1844 1848 1820)
 (1821 1789 1837 1469 1845 1078 1849 1852 1661)
 (1470 1838 495 1822 1846 1850 1852 1790 1662)
 (1471 1839 1854 1847 1823 1079 1851 1853 1663 1791) (7 1664 1728 1472)
 (1473 1665 1856 1729 1112) (1666 1474 1732 1856 304)
 (1857 1858 1475 1733 1667 1114) (1856 1476 1668 1736 184)
 (1857 1860 1669 1737 1477 1115) (1858 1860 1478 1740 305 1670)
 (1859 1861 1479 1671 1741 1116 1862) (1856 92 1672 1744 1480)
 (1857 1864 1481 1745 1673 1117) (1858 1864 1674 306 1748 1482)
 (1859 1865 1866 1483 1749 1675 1119) (1860 1676 1864 1484 1752 185)
 (1861 1865 1485 1868 1677 1753 1120) (1862 1866 1868 1486 1678 307 1756)
 (1121 1863 1867 1869 1870 1679 1487 1757) (1856 1680 46 1760 1488)
 (1857 1122 1872 1489 1681 1761) (1858 1764 1682 1872 1490 308)
 (1859 1124 1765 1683 1873 1874 1491) (1860 1768 1872 1492 1684 186)
 (1125 1769 1873 1876 1685 1861 1493) (1862 1772 1874 1876 309 1494 1686)
 (1126 1863 1773 1495 1875 1877 1878 1687) (1864 1496 93 1872 1688 1776)
 (1777 1127 1865 1873 1689 1880 1497) (1866 1880 1874 1780 310 1690 1498)
 (1129 1867 1875 1781 1881 1882 1499 1691) (1692 1868 1880 1876 1784 187 1500)
 (1130 1501 1869 1881 1877 1785 1884 1693)
 (1884 1870 1694 1878 311 1882 1788 1502)
 (1885 1131 1871 1503 1879 1883 1789 1886 1695) (1856 23 1696 1792 1504)
 (1505 1697 1857 1132 1793 1888) (1506 1796 1698 312 1858 1888)
 (1889 1890 1507 1797 1134 1699 1859) (1860 1800 1508 1700 188 1888)
 (1889 1892 1701 1801 1135 1861 1509) (1890 1892 1510 1804 1702 313 1862)
 (1891 1893 1703 1863 1805 1136 1511 1894) (1864 1704 94 1808 1512 1888)
 (1889 1809 1896 1513 1705 1137 1865) (1890 1896 1514 1866 1812 1706 314)
 (1891 1707 1897 1898 1515 1139 1813 1867) (1892 1708 1896 1868 1516 1816 189)
 (1900 1893 1897 1869 1517 1709 1140 1817)
 (1710 1894 1898 1900 1518 1870 315 1820)
 (1871 1895 1899 1901 1902 1711 1141 1519 1821) (1888 1520 1872 47 1712 1824)
 (1873 1713 1889 1904 1521 1142 1825) (1890 1828 1874 1904 1522 1714 316)
 (1891 1829 1715 1905 1906 1523 1144 1875) (1892 1832 190 1716 1876 1904 1524)
 (1893 1833 1905 1908 1717 1145 1877 1525)
 (1894 1906 1836 1718 1908 1526 317 1878)
 (1527 1895 1837 1907 1879 1910 1719 1146 1909)
 (1896 1720 95 1840 1528 1880 1904) (1841 1905 1897 1881 1721 1912 1529 1147)
 (1898 1912 1722 1906 1844 1882 1530 318)
 (1899 1883 1907 1845 1913 1914 1531 1149 1723)
 (1912 1532 1724 1900 1908 1848 1884 191)
 (1885 1533 1901 1913 1909 1849 1916 1725 1150)
 (1726 1916 1902 1534 1910 1914 1852 1886 319)
 (1535 1917 1903 1151 1911 1915 1853 1918 1887 1727))