(NIL NIL (2) (1) (4) (2 5) (6) (3 5) (6 8) (9 7) (9) (11 7) (9 7) (11 13)
 (11 13) (15) (12 14 16) (10 16) (16) (18 19) (20 14) (12 14 16) (18 22)
 (17 21 22) (10 19 22) (17 25 21) (25 21) (25 18) (17 25 23) (29) (30) (27 30)
 (31 32) (33 24) (26 34) (26 28 34) (31 32) (36 37) (26 37) (33 26 37) (36 40)
 (41 35 38) (41 38) (42 43 39) (44) (45) (41) (44 47) (45 47) (49) (50) (51)
 (50 48) (45 47) (52 54) (51 54) (56) (57 46 55) (58 48) (58) (58 53) (61)
 (59 62) (59 61) (64) (62 64) (66) (65 60) (67 60) (69) (65 70) (70) (65 70)
 (73) (68 74 72) (74 63) (68 76 71) (77 72) (73 68 71 63) (76 79) (74 79)
 (81 77 72) (82) (83 78) (75 83 80) (85 78) (84 86) (87) (86) (89 88) (90) (91)
 (92) (93) (93) (95) (96) (97 94) (98) (98) (91) (101 95) (99 101) (103)
 (100 104) (105 102) (98 101) (107 103) (108 102) (107 102 103) (107 100 102)
 (108 111 104) (105 108 110 111) (108 111 104) (106 114 112) (115 110)
 (116 109) (117) (117) (119) (120) (113 121) (113 119) (123 120) (124)
 (124 118) (126) (122 125 127) (128) (129) (130) (113 118 120) (122 132 124)
 (129 132) (134) (130 134) (125 133) (137 126) (137 126) (137 134)
 (138 139 131 140) (139 140 136) (138 135 142) (141 142) (143 144) (145) (145)
 (146 147) (146 147) (146 147) (150) (148 151) (151) (153 148 149) (153 148)
 (146 147) (148 156) (156 152) (157 155 149 158) (159) (154 157 158) (161 159)
 (162 160) (162) (164) (163 165) (165) (163 164) (166 168) (161 160)
 (170 166 168) (169 171) (171) (173) (174 167) (172 174 167) (169 173 167)
 (177 174) (178 172) (178 175) (172 180) (181 176) (179 182) (177 174)
 (177 172) (185 181) (186 176) (179 187) (188 182) (188 182) (190 183 184)
 (191) (191) (193 189) (194 192) (195) (196) (195) (195) (199))