(NIL (1) (1) (3) NIL (3) (5 6) (4 7) (8) (9 2) (10) (11) (12) (13) (13) (14 15)
 (16) (17) (18) (19) (18) (19) (22) (23 21) (20 22) (23 25) (25) (27) (28 21)
 (28 23) (20 22) (24 28 31 26) (31 25) (27 33) (30 34) (24 29 35) (35 21)
 (35 21) (32 36 38) (39) (37 40) (37 40) (36 38 26) (32 43) (41 42 44) (45)
 (46) (46) (47 48) (49) (50) (51) (51) (49) (53 54) (53 54) (45) (57 53)
 (57 55) (57 54) (57 52 53) (61) (59 61) (60 63 56) (62 64) (64) (66) (66)
 (58 68) (69) (67 69) (60 63) (65 58 67 68 72) (73 69) (74) (69 72) (65 67 76)
 (75 77 70 71) (75 77 70) (67 76) (74 77 80) (73 76 71) (81 82 75 70) (83) (83)
 (84 85) (78 86) (87) (78 86) (89 88) (89) (91 79 88) (92) (84 85) (92 94) (95)
 (95) (97) (97 93 96) (90 99) (97 90 93) (98 101 96) (100 102) (103) (104)
 (103) (106 104) (106 104) (107 108) (108) (107 110) (109 111) (105 112)
 (109 111) (114) (105 115 112) (115) (105 117) (118) (116 118) (118)
 (113 121 120) (122) (123) (121) (122 125 119) (113 117) (124 127 119)
 (125 128) (122 127) (127 120) (123 125 127 119) (131 132) (124 133) (134 128)
 (129 126 135) (136) (137 130) (130 133 128) (129 139 126) (140 136) (138 140)
 (137 139) (138 141 143) (137 139) (145 141) (146 142 143) (145 140) (148)
 (146 149 142 143) (147 149 144) (149 141) (152) (147 149) (154 150)
 (154 150 152) (147 148) (155 156 157 144) (153 158) (159) (159) (161 160)
 (161 160) (163) (161) (164 165) (166 151) (153 158) (162 167 168) (163 168)
 (162 167 170) (171) (172) (169 173) (169 171) (175) (173 176) (177) (178)
 (169 171) (180) (178 181 174) (182) (183) (184) (184) (184) (179 181 174)
 (188) (189 184) (187 190) (186 191) (185 190) (193 187) (186 194) (193 187)
 (186 196 194) (197 192) (195 198) (199))