(NIL NIL (2 1) (3) (4) (5) (5) (3) (8) (3) (9 10 7) (10 8) (12 6 7) (13) (14)
 (14) (12 7) (9 17 14) (18) (11 19) (20 15) (20) (22) (21 23 16) (11 19 15)
 (25 21 22) (26) (27 23) (25 21 22) (26 29 23) (27 30 16) (28 30) (32)
 (27 29 16) (34 28 31) (33 35) (36) (37 24) (38) (39) (36) (41 40) (42) (42)
 (43 44) (44) (42) (35) (44 48) (49 43 46 47) (50) (51 45) (52) (52) (54)
 (53 54) (52) (54) (58 57 56) (59 55) (60) (60) (58 53) (63 60) (62 64) (64)
 (66) (67) (68 61) (69) (65 70) (71) (66 61) (65 73) (74 70) (75 72) (73 69 62)
 (74 70 77) (75 78 72) (76 78) (80) (81 79) (82) (82) (80) (80) (84 86) (81 86)
 (88 85 87) (89) (90 83) (76) (89 83 92) (90 93) (92 87) (95 93) (96 90)
 (95 91 94) (95 93) (95 90 93) (96 99 100 91) (99 100 98) (102) (103) (96 104)
 (96 99 100) (106 104) (97 106 104) (105 107 108) (109 101) (108) (109 101 111)
 (110 112) (113) (106 104) (107 101 115) (113 116) (116 110 111) (113 118)
 (119) (114 117 120) (114 117 119) (122) (123 120) (123 120) (114 118)
 (117 126 120) (125 127) (121 128) (125 126) (129 130 124) (131) (131) (133)
 (133) (132 134 135) (134 135) (137 132) (138) (134 135) (139 140)
 (137 140 136) (137 140) (142 143) (141 144) (145) (132 143) (146 147) (148)
 (146 147) (138 147 142) (148 151) (151) (153 152) (153 146) (155 148) (156)
 (157 152) (150 158) (156 150 152) (157 160) (161 159) (154 162) (162) (164)
 (163 164) (164) (164 149) (167 168) (163 165 167 168) (168) (154 171 167)
 (170 171 166) (169 173) (174) (174) (175 176) (177) (178 172) (179) (176)
 (177 181) (179 182) (180 183) (179 181) (185) (186 180) (187) (187 183) (189)
 (188 190) (188 190) (189 184) (193) (194 192) (194 192) (193 191 192)
 (193 190) (194 198) (197 199))