(NIL NIL (2) (3 1) (4) (5) (4) (3) (8 4) (7 9) (10) NIL (8) (10 5) (6 13 14)
 (11 15) (11 13 14) (12 13 14) (6 17 18) (19 15) (18 16) (17 21) (22) (22)
 (20 24) (25) (20 22) (20 21) (26 28) (27 28 23) (18 16) (26 27 31 23)
 (20 31 23) (33 26) (34) (35 29 32) (36) (37 30) (34 28) (35 39) (38 39)
 (33 28 24) (42 38) (41 43 40) (43 39) (44 45) (46) (45 40) (45) (49) (49 46)
 (51) (50 52 48) (53) (53) (55 47) (56) (56) (53 47) (58 59) (59 56) (57 59)
 (61 54 62) (60 63) (60 63) (65) (65) (67 64) (68) (66 69) (70) (71) (72) (73)
 (73) (66 68) (76) (77 71) (77 71) (75 79) (80) (74 79) (82 80) (83) (82) (85)
 (78 86 80) (83 87) (81 78 86) (85) (81 90 87) (81 90 84 88) (92) (89 90)
 (92 94) (91 95) (91 93 95) (97 96) (98) (98) (97 96) (99 101) (102) (102)
 (103 104) (105) (106 100) (105) (104) (105 109) (100 109) (108 111) (103 104)
 (113 106 108 111) (113 106) (115 111) (116 110) (114 116 112) (116 110 112)
 (119) (114 116 110) (121 117 118) (122 119) (121) (122 124) (125)
 (107 126 120) (123 127) (128) (124) (130 126 120) (130 127) (123 132)
 (133 128) (133) (131 134 135) (136) (136) (138) (131 135) (137 139 140) (141)
 (142) (129 143) (142) (145 143) (129 146) (147) (147 144) (148 149) (150)
 (150) (152) (153) (154) (155) (156 151) (157) (158) (159) (158) (157) (162)
 (163 158) (163 158) (162 159) (165 166 160) (161 165 166 160) (168)
 (161 165 166 160) (170 164) (171 167) (169 172) (171 167) (173 174) (173 174)
 (176) (177) (178) (179 175) (179) (177) (178 182 175) (182) (180 184) (185)
 (186 183) (186 183) (188 181) (187 189) (189) (186) (185) (193 181) (194 189)
 (187 195 192) (194 191) (193 190 191) (197 198 192) (196 198))