(NIL NIL (2) (3 1) (4) (5) (5) (7) (4) (9 6) (9 8) (11 6) (10 12) (13) (14)
 (14) (13) (17 15 16) (17 15 16) (19) (20) (21) (17 15) (19 23) (22 24)
 (18 21 24) (18 22 24) (25 26 27) (28) (29) (30) (31) (32) (33) (34) (35) (36)
 (36) (38 37) (37) (40) (40) (38 42) (43) (43 41) (39 44 45) (46) (47) (48)
 (49) (49) (48) (51 52) (53) (54) (54) (50 56) (57 55) (58) (59) (58) (60 61)
 (59 61) (60 63) (64) (65 62) (64) (65 67 62) (66 68) (69) (70) (71) (72) (73)
 (74) (75) (76) (75) (77 78) (79) (79) (81 80) (82) (83) (84) (85) (82) (85 87)
 (86 88) (89) (90) (91) (90) (91 93) (90) (94 95) (96) (96) (97 98) (97 98)
 (99 100) (92 101) (102) (103) (104) (105) (105) (107) (106 108) (109) (108)
 (110 111) (112) (113) (113) (115) (116) (114 117) (118) (119) (120) (121)
 (120) (122 123) (124) (124) (125 126) (127) (125 126) (129 128) (122 123)
 (129 131 128) (130 132) (129 131 128) (130 132 134) (135) (133 135) (137 136)
 (137 136) (130 132 134) (138 139 140) (141) (142) (143) (144) (145) (145)
 (147) (148) (146 147) (150) (149 151) (149 151) (142) (153 154 152) (155)
 (153 154 152) (155 157) (156 158) (159) (156 157) (161 160) (162) (163) (163)
 (165) (166) (165) (164 165) (169 167) (170) (170 168) (172) (169 167 168)
 (171 172 174) (173 175) (176) (177) (173 175) (177 179) (177 179) (181)
 (180 182) (178 182) (183 184) (180 184) (178 180 182) (187) (185 188)
 (185 187) (188 190) (186 190) (192) (193 189) (194) (195 191) (196) (196)
 (198) (197 199) (199) (201 200) (202) (202) (203 204) (203 204) (205 206)
 (207) (208) (207) (209 210) (211) (211) (213) (213) (212 214 215)
 (212 214 215) (217) (218 216) (219) (220) (219) (221 222) (223) (224) (225)
 (226) (223) (225 228) (227 229) (226 229) (226 229) (227 232) (233 231)
 (234 230) (235) (235) (235) (236 237 238) (238) (240) (241 236 237) (242 239)
 (243) (244) (244) (245 246) (247) (248) (249))