(NIL (1) (2) (3) (4) (3) (4 6) (4 6) (5 7 8) (5 8) (8) (9 11) (12) (13) (14)
 (9 10 11) (10 13) (17) (18 15) (19 16) (19) (21 20) (22) (21 20) (22 24)
 (22 24) (25 26) (25 26 23) (27 28) (26) (25 30 23) (29 30) (31 32) (33) (33)
 (35) (31 32) (34 36 37) (35 37) (38 39) (40) (41) (42) (43) (44) (45) (45)
 (46 47) (46 47) (49) (50 48) (51) (52) (53) (51) (52 55) (54 56) (54 55)
 (58 56) (57 59) (60) (61) (61) (63) (62 64) (62 64) (64) (65 66 67) (68) (69)
 (70) (69) (70 72) (71 72) (73 74) (73 74) (76) (75 77) (77) (78 79) (79)
 (81 80) (75 79) (81 83 80) (82 84) (83 78) (85 86) (87) (88) (89) (90) (90)
 (91 92) (93) (94) (95) (96) (96) (97 98) (99) (100) (101) (102) (97 98)
 (102 104) (105 103) (106) (107) (106) (105 103) (108 110) (109 111) (112)
 (113) (114) (108 110) (114 116) (116 112) (114 118) (119) (119) (121 117 120)
 (122 115) (123) (123) (124 125) (126) (126) (128) (129) (126) (130 131)
 (130 131) (132 133) (134 127) (135) (136) (134 127) (138 135) (139) (137 140)
 (137 140) (142) (143) (144) (141 143) (146 144) (147) (145 148) (149) (147)
 (150 151) (152) (152) (153 154) (153 154) (155 156) (157) (158) (159) (160)
 (161) (162) (163) (162) (165) (163 165) (164 167) (168) (169 166) (170) (171)
 (171) (173) (172 173) (175) (176) (177 174) (178) (179) (180) (179) (182)
 (183) (184) (185 181) (186) (185) (187 188) (189) (190) (189) (192) (193 190)
 (194 191) (194 191) (195 196) (197) (195 196) (195 196) (197 199 200) (201)
 (202 198) (203) (204) (204) (206) (207) (208) (209 205) (210) (211) (211)
 (213) (213) (215) (212 216) (212 214 216) (216) (218 219) (217 220) (221)
 (221) (222 223) (217 219 214) (225 224) (226) (227) (228) (227) (229 230)
 (231) (231) (233 232) (234) (235) (234) (237) (238) (239) (236 240) (236 239)
 (241 242) (243) (244) (245) (246) (247) (248) (249))