(NIL NIL NIL (3 2) (3 2 1) (3) (6 1) (2 7) (8) (9 4 5) (6 4 5) (9 11) (12) (13)
 (10 14) (15) (16) (17) (18) (18) (15) (21) (19 22) (20 23) (18 21)
 (25 19 20 22) (26 24) (27) (27) (28 29) (29) (31) (30 32) (33) (34) (35) (36)
 (33) (37 38) (39) (37 38) (41 39) (42 40) (40) (44 43) (45) (46) (46) (48)
 (49 47) (50) (50) (50) (51 53) (54) (52 54) (55 56) (57) (58) (59) (60) (61)
 (60) (62 63) (62 63) (65) (66) (66) (68) (67 69) (70) (71 64) (67 68 64)
 (73 70) (74) (75 72) (75 72) (74) (76 77 78) (77 78) (76 80) (81) (81 79) (80)
 (82 83 84) (82 83 84) (81 84) (82 83 87) (85 86 88) (89) (90) (91) (92) (89)
 (94) (93 95) (96) (93 95) (97 98) (99) (100) (101) (102) (103) (104) (105)
 (106) (107) (108) (109) (110) (111) (111) (113) (114) (115 112) (115 112)
 (117) (116 118) (119) (120) (121) (122) (122) (123 124) (125) (125) (126 127)
 (128) (129) (126 127) (131 128) (129 132) (130 133) (134) (129 132) (135 136)
 (137) (138) (138) (139 140) (141) (142) (138) (142 144) (145) (146) (147)
 (148 143) (148 143) (150) (150) (152) (153) (153) (155 151) (155 149 151)
 (157) (154 156 158) (156 158) (154 160) (161) (162) (163) (163 159) (165)
 (166) (167) (164 168) (169) (170) (170) (167) (171 172 173) (171 172 173)
 (174 175) (176) (177) (177) (179) (180) (181) (178 182) (183) (184) (185)
 (186) (185) (178 181) (185 189) (187 189) (190 191) (188 192) (193) (194)
 (195) (196) (197) (197) (198 199) (199) (201 200) (201 200) (203) (202 204)
 (205) (206) (206) (207 208) (209) (207 208) (211) (209 212) (210 213) (214)
 (210 213) (216) (217) (217 214) (218 219) (219 215) (220 221) (218 219 215)
 (221 223) (222 223) (225 224) (226) (227) (227) (228 229) (230) (231) (232)
 (233) (234) (234) (235 236) (234) (235 238) (237 239) (240) (237 239)
 (241 242) (243) (243) (245) (244 245) (246 247) (248) (248))