(NIL NIL (1 2) NIL (4 2) (4 1) (5 3 6) NIL (4 8) (8 2) (5 10 9) (8 1) (6 12 9)
 (3 10 12) (11 13 7 14) NIL (16 8) (4 16) (9 18 17) (16 2) (10 20 17) (5 20 18)
 (11 21 22 19) NIL (16 24) (8 24) (25 17 26) (4 24) (25 18 28) (28 9 26)
 (27 29 19 30) (2 24) (20 25 32) (10 32 26) (27 33 21 34) (5 32 28)
 (29 33 36 22) (30 11 36 34) (31 37 35 23 38) NIL (24 40) (16 40) (41 25 42)
 (8 40) (41 44 26) (44 42 17) (27 45 46 43) (4 40) (41 48 28) (48 42 18)
 (29 49 50 43) (44 48 9) (30 45 49 52) (46 50 19 52) (53 54 31 47 51) (2 40)
 (41 56 32) (20 42 56) (33 57 43 58) (44 56 10) (57 34 45 60) (58 46 21 60)
 (61 35 47 59 62) (5 48 56) (57 36 49 64) (58 64 50 22) (65 66 59 37 51)
 (11 60 64 52) (53 65 68 61 38) (54 68 62 23 66) (39 63 67 69 70 55) (1 40)
 (44 12 72) (6 48 72) (73 74 13 52) (3 72 56) (73 76 60 14) (74 7 76 64)
 (75 68 77 78 15) NIL (40 80) (24 80) (81 41 82) (16 80) (81 42 84) (82 25 84)
 (85 86 83 43) (8 80) (81 44 88) (82 88 26) (83 45 89 90) (88 17 84)
 (85 92 46 89) (27 86 92 90) (91 87 94 47 93) (4 80) (81 96 48) (82 96 28)
 (97 83 49 98) (96 18 84) (85 97 50 100) (29 86 98 100) (101 102 87 99 51)
 (96 9 88) (104 97 89 52) (30 104 98 90) (91 53 105 106 99) (92 104 19 100)
 (101 54 93 105 108) (102 31 94 106 108) (103 95 107 109 110 55) (2 80)
 (81 112 56) (82 112 32) (57 113 83 114) (20 112 84) (85 58 116 113)
 (33 86 116 114) (115 87 117 59 118) (10 88 112) (113 60 89 120)
 (34 114 120 90) (91 121 115 61 122) (92 116 21 120) (121 93 124 117 62)
 (124 122 35 94 118) (123 125 126 63 95 119) (5 96 112) (113 128 97 64)
 (114 36 98 128) (65 129 115 99 130) (128 116 22 100) (101 66 132 117 129)
 (102 132 37 118 130) (103 131 133 134 67 119) (128 11 104 120)
 (121 129 68 105 136) (122 136 130 106 38) (123 107 131 137 138 69)
 (132 136 124 23 108) (125 109 133 137 140 70) (126 39 110 134 138 140)
 (127 111 135 139 141 142 71) (1 80) (81 144 72) (12 88 144) (73 145 89 146)
 (6 96 144) (145 74 148 97) (146 104 13 148) (149 75 105 147 150) (3 144 112)
 (113 145 76 152) (146 152 14 120) (121 153 147 77 154) (7 148 152 128)
 (129 153 156 149 78) (154 156 150 15 136) (151 155 157 158 137 79) NIL
 (160 80) (160 40) (161 81 162) (160 24) (161 82 164) (41 162 164)
 (163 165 83 166) (160 8) (161 88 168) (162 168 44) (163 169 89 170)
 (164 168 26) (172 165 169 90) (172 45 166 170) (91 171 173 174 167) (4 160)
 (161 96 176) (162 48 176) (177 163 97 178) (164 176 28) (177 165 98 180)
 (180 49 166 178) (181 182 99 167 179) (176 9 168) (104 177 184 169)
 (52 184 178 170) (171 185 105 186 179) (172 180 184 30) (181 173 185 106 188)
 (53 182 174 186 188) (107 175 183 187 189 190) (160 2) (161 192 112)
 (162 192 56) (113 193 163 194) (192 164 32) (193 114 196 165) (57 194 196 166)
 (115 197 195 167 198) (10 168 192) (193 200 169 120) (200 194 60 170)
 (171 121 195 202 201) (200 172 196 34) (201 122 173 204 197)
 (202 174 61 198 204) (123 205 206 175 203 199) (5 176 192) (193 208 177 128)
 (194 208 178 64) (129 209 195 179 210) (196 208 36 180) (181 130 212 197 209)
 (65 182 212 198 210) (211 213 214 183 131 199) (208 11 184 200)
 (201 209 216 185 136) (202 68 186 216 210) (217 203 211 137 218 187)
 (212 204 38 216 188) (205 213 217 138 220 189) (206 214 218 220 69 190)
 (207 139 215 219 221 222 191) NIL (224 160) (224 80) (161 226 225) (224 40)
 (162 228 225) (81 226 228) (227 229 163 230) (224 16) (226 232 84)
 (232 228 42) (85 233 230 234) (224 8) (225 168 236) (226 88 236)
 (227 237 169 238) (44 228 236) (240 229 237 170) (240 230 89 238)
 (171 239 241 242 231) (232 236 17) (92 233 244 238) (240 46 234 244)
 (93 242 245 235 246) (224 4) (176 225 248) (226 96 248) (249 227 177 250)
 (48 228 248) (249 229 178 252) (252 97 230 250) (253 254 179 231 251)
 (232 248 18) (256 233 250 100) (256 252 234 50) (101 254 257 258 235)
 (248 9 236) (184 249 237 260) (260 104 250 238) (239 261 185 251 262)
 (240 252 260 52) (253 261 241 264 186) (254 242 105 264 262)
 (255 263 265 266 243 187) (256 244 19 260) (262 268 257 245 108)
 (54 268 264 258 246) (259 109 266 269 270 247) (224 2) (272 225 192)
 (226 272 112) (193 273 227 274) (272 228 56) (273 194 276 229)
 (113 274 276 230) (195 277 275 231 278) (232 20 272) (274 116 233 280)
 (58 276 234 280) (281 282 117 278 235) (10 236 272) (273 284 237 200)
 (274 284 120 238) (239 201 275 285 286) (240 284 60 276) (285 202 241 277 288)
 (121 288 242 278 286) (203 287 289 290 243 279) (284 21 244 280)
 (281 292 124 286 245) (282 292 288 62 246) (283 125 290 293 294 247)
 (5 248 272) (273 296 249 208) (274 296 250 128) (209 297 275 251 298)
 (276 296 64 252) (253 210 300 277 297) (129 254 300 278 298)
 (255 211 299 301 302 279) (296 256 22 280) (281 298 132 257 304)
 (66 304 300 258 282) (283 259 133 302 305 306) (296 11 284 260)
 (261 297 308 285 216) (262 308 286 298 136) (287 263 217 299 309 310)
 (300 308 288 264 68) (289 265 218 301 309 312) (290 266 137 302 310 312)
 (313 314 291 267 219 303 311) (308 304 292 23 268) (316 293 269 140 305 310)
 (316 294 270 70 306 312) (314 317 318 295 271 141 307) NIL (320 224) (320 160)
 (321 225 322) (320 80) (226 321 324) (161 324 322) (227 325 326 323) (320 24)
 (164 322 328) (82 324 328) (329 330 165 326) (320 16) (321 232 332)
 (332 324 84) (333 233 325 334) (332 25 328) (330 336 334 86) (320 8)
 (338 321 236) (338 322 168) (339 340 237 323) (338 324 88) (339 325 342 238)
 (340 326 169 342) (239 341 343 327 344) (338 26 328) (329 172 340 346)
 (330 346 342 90) (348 331 347 173 344) (338 17 332) (333 339 244 350)
 (334 350 342 92) (335 351 343 245 352) (27 346 336 350) (348 354 94 337 352)
 (320 4) (321 248 356) (356 176 322) (357 249 358 323) (96 324 356)
 (357 325 250 360) (360 177 326 358) (361 362 251 327 359) (28 356 328)
 (329 364 358 180) (330 364 98 360) (181 362 331 365 366) (356 18 332)
 (333 256 357 368) (334 360 368 100) (361 369 335 257 370) (29 336 364 368)
 (102 372 337 366 370) (338 356 9) (339 357 374 260) (340 184 358 374)
 (261 341 375 359 376) (374 104 342 360) (361 262 375 343 378)
 (362 378 376 185 344) (345 377 263 380 363 379) (346 364 374 30)
 (347 376 365 382 188) (378 382 348 106 366) (349 380 383 384 189 367)
 (374 350 19 368) (369 386 375 351 268) (386 370 378 108 352)
 (371 353 379 269 387 388) (354 31 372 382 386) (373 110 355 384 388 390)
 (320 2) (321 392 272) (392 322 192) (273 393 323 394) (392 324 112)
 (393 274 396 325) (193 394 396 326) (275 397 395 327 398) (392 32 328)
 (329 394 196 400) (400 330 396 114) (401 402 331 197 398) (392 20 332)
 (333 393 404 280) (396 334 116 404) (281 405 335 397 406) (33 404 336 400)
 (402 408 337 118 406) (338 392 10) (393 410 339 284) (394 340 410 200)
 (285 395 412 341 411) (410 396 342 120) (411 397 286 343 414)
 (201 412 414 398 344) (345 287 399 413 415 416) (346 400 410 34)
 (401 412 347 204 418) (418 122 348 414 402) (419 420 205 403 349 416)
 (410 404 21 350) (411 292 405 422 351) (422 124 414 406 352)
 (423 424 353 293 407 415) (418 354 35 422 408) (420 126 424 426 355 409)
 (5 356 392) (393 428 357 296) (394 428 358 208) (297 395 429 430 359)
 (396 128 428 360) (361 298 429 397 432) (209 362 432 398 430)
 (399 433 434 299 431 363) (400 364 428 36) (401 436 212 365 430)
 (130 432 436 366 402) (213 434 403 437 438 367) (404 428 22 368)
 (369 429 440 405 304) (370 132 440 406 432) (371 433 441 407 305 442)
 (440 372 37 436 408) (373 134 438 409 442 444) (410 11 428 374)
 (411 308 429 446 375) (412 446 216 430 376) (377 309 431 413 447 448)
 (446 378 432 414 136) (450 379 433 447 310 415) (450 380 217 434 416 448)
 (417 449 451 452 381 435 311) (446 418 436 382 38) (419 454 383 220 437 448)
 (450 420 454 384 138 438) (452 421 455 456 385 221 439) (446 386 422 23 440)
 (316 423 458 387 441 447) (450 388 424 458 140 442)
 (451 317 425 459 460 389 443) (454 39 426 390 458 444)
 (456 427 460 462 142 391 445) (320 1) (324 464 144) (338 12 464)
 (465 146 342 466) (6 356 464) (465 148 468 360) (466 468 13 374)
 (378 467 469 150 470) (3 464 392) (465 396 472 152) (410 472 14 466)
 (473 154 467 414 474) (7 428 468 472) (473 156 469 476 432)
 (474 476 446 15 470) (450 158 471 475 477 478))