(NIL NIL (1 2) NIL (4 2) (4 1) (5 3 6) NIL (4 8) (8 1) (6 10 9) NIL (12 8)
 (12 4) (9 13 14) (12 2) (5 16 14) (12 1) (10 13 18) (6 14 18) (11 19 15 20)
 (3 16 18) (22 17 7 20) NIL (12 24) (8 24) (25 13 26) (4 24) (25 14 28)
 (9 26 28) (29 30 15 27) (24 2) (16 25 32) (5 32 28) (29 17 33 34) NIL (36 24)
 (36 12) (25 38 37) (36 8) (26 37 40) (38 13 40) (41 42 39 27) (36 4)
 (44 37 28) (44 38 14) (29 45 39 46) (44 9 40) (41 30 45 48) (42 46 15 48)
 (49 50 43 31 47) NIL (36 52) (52 24) (53 37 54) (12 52) (53 38 56) (25 56 54)
 (55 39 57 58) (8 52) (53 60 40) (60 26 54) (55 41 61 62) (60 13 56)
 (42 61 57 64) (64 62 27 58) (59 65 43 63 66) (4 52) (68 53 44) (68 28 54)
 (55 69 45 70) (68 56 14) (69 46 57 72) (29 72 70 58) (59 73 71 47 74)
 (68 60 9) (69 76 61 48) (30 76 62 70) (49 77 71 63 78) (76 72 15 64)
 (65 50 77 73 80) (66 31 80 78 74) (81 82 67 51 75 79) (52 2) (32 84 54)
 (16 56 84) (85 86 33 58) (5 68 84) (85 88 70 34) (86 17 88 72)
 (74 87 89 90 35) (52 1) (92 56 18) (92 60 10) (93 94 19 64) (6 68 92)
 (20 93 96 72) (76 11 94 96) (21 97 98 95 80) (3 92 84) (86 100 93 22)
 (7 88 100 96) (97 23 101 90 102) NIL (104 52) (36 104) (53 106 105) (104 24)
 (108 105 54) (108 106 37) (55 109 110 107) (12 104) (112 105 56) (38 112 106)
 (113 114 107 57) (108 25 112) (109 116 113 58) (114 110 39 116)
 (59 115 111 117 118) (104 4) (120 68 105) (120 44 106) (69 107 122 121)
 (108 120 28) (109 121 70 124) (110 45 122 124) (125 126 111 123 71)
 (112 120 14) (113 128 121 72) (128 114 46 122) (73 129 115 130 123)
 (29 128 116 124) (125 74 129 117 132) (126 132 130 47 118)
 (119 127 131 133 134 75) (104 1) (92 105 136) (112 18 136) (137 138 113 93)
 (6 120 136) (137 140 121 96) (138 128 140 20) (97 141 139 129 142) NIL
 (144 104) (144 52) (145 105 146) (144 24) (108 145 148) (148 146 54)
 (109 150 149 147) (144 12) (112 145 152) (152 56 146) (113 154 153 147)
 (152 25 148) (153 116 149 156) (154 58 156 150) (151 155 157 117 158) (144 4)
 (120 160 145) (160 68 146) (161 121 162 147) (160 148 28) (164 161 149 124)
 (164 162 70 150) (151 125 166 163 165) (152 160 14) (168 153 128 161)
 (168 154 162 72) (129 155 170 163 169) (29 168 156 164) (165 172 169 157 132)
 (74 172 166 170 158) (173 133 174 159 167 171) NIL (176 52) (176 12)
 (177 178 56) (176 4) (177 68 180) (178 180 14) (179 181 182 72) (176 2)
 (177 184 84) (178 184 16) (185 86 179 186) (5 180 184) (185 88 181 188)
 (186 17 188 182) (187 189 90 183 190) (176 1) (177 92 192) (178 18 192)
 (193 194 179 93) (6 180 192) (193 196 181 96) (194 196 182 20)
 (97 195 197 198 183) (3 192 184) (185 193 100 200) (186 194 200 22)
 (201 202 187 101 195) (7 188 196 200) (201 197 204 189 102)
 (202 23 204 190 198) (199 203 205 206 103 191))