(NIL NIL (1 2) NIL (2 4) NIL (4 6) (2 6) (7 5 8) (1 6) (3 8 10) NIL (6 12)
 (4 12) (13 7 14) (2 12) (13 8 16) (5 14 16) (15 17 9 18) NIL (12 20) (6 20)
 (21 13 22) (2 20) (21 16 24) (22 24 8) (25 26 23 17) NIL (28 20) (28 12)
 (29 21 30) (28 6) (29 22 32) (13 30 32) (31 33 23 34) (28 4) (30 36 14)
 (7 32 36) (15 37 34 38) (28 2) (29 40 24) (30 16 40) (25 31 41 42) (8 32 40)
 (26 33 41 44) (44 17 34 42) (45 46 27 43 35) (5 36 40) (48 37 18 42)
 (9 48 38 44) (46 49 19 39 50) (28 1) (10 32 52) (3 40 52) (11 53 54 44) NIL
 (28 56) (20 56) (29 58 57) (12 56) (30 60 57) (21 58 60) (59 61 31 62) (6 56)
 (32 57 64) (58 64 22) (65 66 59 33) (13 60 64) (65 68 61 34) (66 23 68 62)
 (67 69 35 63 70) (4 56) (36 57 72) (14 60 72) (73 37 61 74) (7 72 64)
 (65 73 76 38) (74 15 68 76) (77 75 69 78 39) (2 56) (40 57 80) (58 80 24)
 (81 82 59 41) (60 80 16) (81 84 61 42) (25 82 84 62) (83 85 43 63 86)
 (8 80 64) (65 81 88 44) (66 82 88 26) (45 89 67 83 90) (68 17 88 84)
 (89 46 92 69 85) (90 27 92 70 86) (91 93 94 47 71 87) (5 80 72) (73 81 48 96)
 (74 84 18 96) (97 85 75 49 98) (96 9 76 88) (89 97 100 77 50)
 (100 98 92 78 19) (93 99 101 102 79 51) NIL (104 56) (28 104) (105 57 106)
 (104 20) (105 58 108) (29 108 106) (59 109 110 107) (104 12) (105 60 112)
 (30 106 112) (113 114 61 107) (21 108 112) (113 116 109 62) (114 31 116 110)
 (115 117 63 111 118) (104 6) (105 120 64) (32 106 120) (65 121 107 122)
 (22 108 120) (121 66 124 109) (122 124 33 110) (67 125 123 111 126)
 (13 120 112) (113 121 68 128) (114 128 34 122) (129 130 115 69 123)
 (124 23 116 128) (129 125 132 117 70) (130 132 118 35 126)
 (127 131 133 134 119 71) (104 4) (105 136 72) (36 106 136) (73 137 107 138)
 (14 136 112) (113 74 137 140) (114 140 37 138) (142 115 141 75 139)
 (7 136 120) (121 137 76 144) (122 144 38 138) (145 146 123 77 139)
 (15 140 144 128) (129 145 148 141 78) (130 148 142 39 146)
 (131 79 143 147 149 150) (104 2) (105 152 80) (40 106 152) (81 153 107 154)
 (152 108 24) (153 82 156 109) (154 156 41 110) (83 157 155 111 158)
 (152 16 112) (113 153 84 160) (114 160 42 154) (161 162 115 85 155)
 (25 156 116 160) (161 157 164 117 86) (162 164 118 43 158)
 (119 159 163 165 166 87) (8 152 120) (121 153 168 88) (122 168 154 44)
 (89 169 123 155 170) (156 26 124 168) (169 90 172 125 157)
 (45 170 172 126 158) (91 173 174 127 171 159) (168 160 17 128)
 (129 161 92 176 169) (130 176 162 170 46) (171 93 177 178 131 163)
 (164 172 27 132 176) (173 94 177 180 133 165) (174 178 180 134 47 166)
 (95 175 179 181 182 135 167) (5 152 136) (137 153 184 96) (138 48 184 154)
 (97 185 139 155 186) (184 140 18 160) (161 98 188 141 185)
 (162 188 49 142 186) (99 187 189 190 143 163) (184 9 168 144)
 (145 169 100 192 185) (146 186 192 50 170) (171 101 187 193 194 147)
 (188 148 192 19 176) (177 102 189 193 196 149) (178 190 51 194 196 150)
 (179 103 191 195 197 198 151) (104 1) (52 106 200) (10 200 120)
 (201 122 53 202) (3 200 152) (201 154 204 54) (202 11 204 168)
 (170 203 205 206 55) NIL (208 104) (208 56) (105 210 209) (208 28)
 (209 106 212) (210 57 212) (213 214 211 107) (208 20) (108 209 216)
 (210 216 58) (217 218 211 109) (29 216 212) (213 217 220 110) (214 59 220 218)
 (215 221 219 111 222) (208 12) (224 209 112) (210 60 224) (113 225 211 226)
 (30 224 212) (213 114 228 225) (214 228 61 226) (229 215 227 115 230)
 (21 224 216) (217 225 116 232) (218 232 62 226) (233 234 219 117 227)
 (228 31 220 232) (233 229 236 221 118) (234 236 222 63 230)
 (223 231 235 237 238 119) (208 6) (240 209 120) (210 240 64) (121 241 211 242)
 (240 32 212) (213 122 244 241) (65 214 244 242) (215 243 245 123 246)
 (22 240 216) (217 241 124 248) (218 248 242 66) (249 250 219 125 243)
 (244 220 33 248) (249 245 252 221 126) (250 67 252 222 246)
 (223 127 247 251 253 254) (13 240 224) (225 241 256 128) (256 226 68 242)
 (129 257 227 243 258) (244 228 34 256) (257 130 260 229 245)
 (258 260 69 230 246) (259 261 262 231 131 247) (256 23 248 232)
 (233 249 257 132 264) (258 234 264 70 250) (259 265 266 235 133 251)
 (252 236 260 35 264) (261 265 268 237 134 253) (262 266 268 238 254 71)
 (263 267 269 270 135 239 255) (208 4) (272 209 136) (210 272 72)
 (137 273 211 274) (36 272 212) (213 138 276 273) (73 214 276 274)
 (275 215 277 139 278) (14 272 224) (225 273 140 280) (226 274 280 74)
 (281 282 227 141 275) (228 37 276 280) (281 277 284 229 142)
 (282 75 284 230 278) (231 279 283 285 286 143) (7 272 240) (241 273 288 144)
 (242 76 288 274) (145 289 243 275 290) (244 38 276 288) (289 146 292 245 277)
 (290 292 77 246 278) (279 291 293 294 247 147) (15 280 288 256)
 (257 281 148 289 296) (258 290 296 78 282) (259 283 291 297 298 149)
 (260 292 296 39 284) (261 285 293 297 300 150) (262 286 79 294 298 300)
 (263 287 295 299 301 302 151) (208 2) (304 209 152) (210 304 80)
 (153 305 211 306) (304 40 212) (213 154 308 305) (81 214 308 306)
 (309 215 307 155 310) (304 24 216) (217 305 156 312) (218 312 306 82)
 (313 314 219 157 307) (308 220 41 312) (313 309 316 221 158)
 (314 83 316 222 310) (223 311 315 317 318 159) (304 16 224) (225 305 320 160)
 (226 320 84 306) (161 321 227 307 322) (308 228 42 320) (309 162 324 229 321)
 (322 324 85 230 310) (231 311 323 325 326 163) (25 320 312 232)
 (233 313 164 321 328) (234 328 86 322 314) (235 323 329 330 165 315)
 (324 316 236 43 328) (237 317 325 329 332 166) (238 318 326 330 332 87)
 (319 239 327 331 333 334 167) (8 304 240) (241 305 336 168) (242 336 306 88)
 (169 337 243 307 338) (336 308 244 44) (309 170 340 245 337)
 (89 338 340 246 310) (171 341 342 311 339 247) (26 336 312 248)
 (249 313 172 337 344) (250 344 338 314 90) (339 173 345 346 315 251)
 (45 340 316 252 344) (341 174 345 348 317 253) (91 342 346 348 318 254)
 (175 343 347 349 350 319 255) (336 320 17 256) (257 321 352 337 176)
 (352 258 92 338 322) (259 177 339 353 354 323) (340 46 324 260 352)
 (261 178 353 356 325 341) (93 342 354 356 326 262)
 (263 343 179 355 357 358 327) (344 352 27 328 264) (265 180 353 345 360 329)
 (94 266 354 360 330 346) (267 181 355 361 362 331 347)
 (268 348 47 356 360 332) (349 269 182 357 361 364 333)
 (95 350 270 358 362 364 334) (271 351 183 359 363 365 366 335) (5 304 272)
 (273 305 368 184) (274 368 306 96) (185 369 275 307 370) (368 308 276 48)
 (309 186 369 372 277) (97 370 372 278 310) (279 371 373 374 311 187)
 (368 320 18 280) (281 321 369 188 376) (370 282 376 322 98)
 (371 377 378 283 323 189) (324 284 49 372 376) (373 377 380 285 325 190)
 (374 378 99 380 286 326) (191 375 379 381 382 287 327) (368 9 336 288)
 (289 337 369 384 192) (370 290 100 384 338) (339 371 385 386 291 193)
 (340 292 372 50 384) (373 341 385 388 293 194) (374 101 386 388 294 342)
 (375 343 387 389 390 295 195) (352 376 384 19 296) (385 377 353 392 297 196)
 (354 378 102 386 392 298) (379 387 355 393 394 299 197)
 (380 388 356 51 392 300) (381 357 393 389 396 301 198)
 (382 103 390 394 396 302 358) (391 383 303 359 395 397 398 199) (208 1)
 (400 209 200) (52 400 212) (213 201 401 402) (10 400 240) (241 202 404 401)
 (402 244 53 404) (405 203 245 403 406) (3 400 304) (305 401 204 408)
 (402 308 54 408) (409 205 403 309 410) (11 404 408 336) (337 409 412 405 206)
 (410 340 406 55 412) (341 207 407 411 413 414) NIL (416 208) (416 104)
 (417 209 418) (416 28) (417 420 212) (420 418 106) (213 421 422 419) (416 20)
 (417 424 216) (108 418 424) (217 425 419 426) (29 420 424) (425 428 220 421)
 (426 428 422 110) (429 427 221 430 423) (416 6) (417 432 240) (432 418 120)
 (241 433 419 434) (32 420 432) (433 244 421 436) (122 436 422 434)
 (437 435 245 438 423) (22 432 424) (425 433 440 248) (426 124 440 434)
 (249 441 427 435 442) (428 33 436 440) (441 437 252 429 444)
 (438 442 444 430 126) (253 431 439 443 445 446) (416 2) (417 448 304)
 (448 418 152) (305 449 419 450) (420 448 40) (449 308 421 452)
 (154 452 422 450) (453 451 309 454 423) (24 448 424) (425 449 456 312)
 (426 156 456 450) (313 457 427 451 458) (428 41 452 456) (457 453 316 429 460)
 (454 460 430 458 158) (455 317 459 461 462 431) (8 448 432) (433 449 464 336)
 (434 464 450 168) (337 465 435 451 466) (464 436 452 44) (465 453 340 437 468)
 (170 468 438 466 454) (341 455 467 469 470 439) (26 456 464 440)
 (441 457 465 472 344) (442 172 472 466 458) (345 459 467 473 474 443)
 (45 468 444 460 472) (348 461 469 473 476 445) (174 462 470 474 476 446)
 (349 463 471 475 477 478 447) (416 1) (417 480 400) (480 418 200)
 (401 481 419 482) (420 52 480) (481 402 484 421) (201 482 484 422)
 (403 485 483 423 486) (10 480 432) (433 481 404 488) (434 482 488 202)
 (489 490 435 405 483) (436 53 488 484) (489 485 492 437 406)
 (490 203 492 438 486) (439 487 491 493 494 407) (3 480 448) (449 481 496 408)
 (450 204 496 482) (409 497 451 483 498) (452 496 54 484) (497 410 500 453 485)
 (498 500 205 454 486) (455 487 499 501 502 411) (11 488 496 464)
 (465 489 412 497 504) (466 498 504 206 490) (491 467 499 505 506 413)
 (468 500 504 55 492) (493 501 505 469 508 414) (494 207 502 506 508 470)
 (503 495 471 507 509 510 415))