(NIL (1) (2) (3) (4) NIL (4) (4 6) (5 7) (9) 
(5) (9) (4) (6 10 12) (7) (1) (7) NIL (8 18) (14) 
(9) (6 21) (10) (23) (14 24) (14) (10 13 16 19) (12 15) (13 16 28) (24 26) 
(14 24 27) (11 16 17 19 30) (18 24) (11) (20 21 32) (28 30 34) (22 28 31 32 34) (22) (32) (20) 
(31) (28 31) (29) (41) (35 44) (17 19 30) (39 46) (13 34 35) (41 48) (25 48) 
(40 44) (21 26 28 51) (22 34 44) (15 25 48) (50 54) (32 52) (15) (20 34 38 46) (37 42 54) (46 49) 
(12 17 57) (22) (52 60) (41 58) (27) (2 6) (46) (39 58) (36 40 64) (21 36) 
(45 67) (14) (11) (32 34 42) (25 42 47 61 69 70 71) (56) (55) (59) (11 20) (42 54) 
(42) (54 60 75) (50 82) (64) (22 46 48) (47 60 68) (49) NIL (21) (70 71) 
(45 56) (76) (78 88) (69 77 89) (79) (49 58 66 91) (68) (43 76) (35 69) (69) 
(44) (64 91) (39 71 74) (90) (33 36 52) (46 81) (8 21) (10) (49 58) (74 83 87 96) 
(25 46 81) (90 93 99) (55) (73 106) (25 35) (72 84 102) (83 114) (92) (85) NIL 
(30) (75) (122) (63) (57 86 94) (29 54) (54) (39 69) NIL (95 121) 
(83 119) (49 114) (76 100 117 132) (82) (47 78 100) (70 94) (32) (43 99) (18) (37 51 123) 
(33 62 90 97 98) (21) (65 131 140) (22 124 126 142) (29 90 114) (79 140) (129) NIL (143 146) (41) 
(112 130) (62 81 123) (63 73 87 106 129) NIL (85 92 140) (84) NIL (96 115 139 143 154) (91 93) (70 89) 
(119) (60 75 101 111) (103 108) (39 55 79) (40 41 68) NIL (70 103 108) (129 151) (72 114 134) (61 66 92 100 159) 
(5) (51 130 142) (54 96 97 130) (51) (66 99 123 130) (115 122) (68 112) (59 77 150) (138 162) (86 109) 
(29) (86 153 170) (83 100 103 141 150) (81 156 180) (138 168) (25 132) (86 113 157 169) (85 117 129) (119 120 163 166) (147) 
(65 99) (127) (86 99 120) (138) (80) (155) (85 106) (104 135 136 183) (131 183) (90 98 170) )