(NIL (1) (2) (3) (3) (3) (6) (4 7) (6) (5 8) 
(7) (7) (9 10) (10) (14) (13) (13) (4 6) (15) (13) 
(19) (11 16 17) (11 16) (5 11) (11 14 20) (25) (22) (11 12 14 16) (10) (25) 
(17 26) (17 25 28) (32) (24) (18 27 31) (20 34) (18 22 31 33) (37) (22 30) (11 18) 
(11 17) (31) (29 40 42) (30) (34 44) (26 27) (32 42) (27) (21 30 31 32) (12 24) 
(29) (22) (27 29 36 50) (15 41 42 53) (27) (15) (28 50) (24 26 40) (4) (23) 
(32 45 46) (45 54 58) (51 53) (33 42) (33 44 55) (19 36 47 60) (55 61) (33) (26 68) (30 38 48 57) 
(39 69) (19 63) (43 72) (46 65) (29) (41 70) (37 71 72) (37 43) (28) (47 54) 
(63) (41 51 58 59) (14 22) (12 15 40 46 52) (74) (47 60 64) (85) (28 56) (79 82) (34 85) 
(32 56 81) (73 78 85 88) (53 68 74 89) (37 44 56 81) (52 91) (30 56) (21 94) (66 79) (49 51) (82 90 96) 
(38 49 88 94) (49) (49) NIL (43 65 82) (27) (77) (56 102) (23 54 81) (23 77 94) 
(20 29 55) NIL (31 45 56 106) (69 106 108) (25 53 55) (96) (23 67 71 91) (72 100) (62 101 116) (51 53) 
(56 89 109) (57 81 114) (73 98) (37) (67 75 124) (43 67 79 87 91) (45 64 81 84 108) (86 123 126) (42) (97) 
(38 98 106 130) (41 57 94 104) (71 128 129) (129 132) (35 37) (25) (23 129) (68 74 112) (49) (14) 
(139) (56 67) (76) (29 69) (66 93 143) (54 116) (52 139 142) (34 141) NIL (129) 
(104) (68 118) (61 152) (69 84 101 112 137) (69 116 118 135 138) (131) (49) (22) (113 133) (159) 
(23 33 108 149 150) NIL (103 161) (54 90 125 139 154 156) (60 85 119) (61 106 144) (114 124 143) (81 145) (72 91) (84 103) 
(76) (23 80 132) (82) (156 163) (47 62 109 122) (113) (106) (89 94) (40) (159) 
(118) (74 121 174) (93 128 179) (147 153 172) (68 118 124 127) (57 91 96) (133 151 178) (109 150 176) (74 96 114) (19 52 121) 
(115 130 144) NIL (57 93) (43 81 176) (43 153 163) (63 78) (128 172) (112 121 170) (67 75 95 161) (98 142) )