(NIL (1) (1) (3) (2 3) (4 5) (6) (7) (7) (9) 
(8) (8) (7) (11) (11) (12 15) (3) (13 14) (15) (15) 
(11) (12) (3) (19 20) (10 23) (9 24) (25 26) (25) (2) (21 24) 
(21 29) (14 20 22) (14 16 28) NIL (27 28) (13 22 31) (28) (26 31 32) NIL NIL 
(16 21) (32 41) (17) (13) (42) (14 17 20 37 39 41) (14 28 44) (12) (31) (35) 
(14 48 50) (20 48) (30 39 44 52) (13 23 45) (46 50) (55) (25 54) (39 42) (53) (36 52 56) 
(38 46 47 53) (27) (1) (1) (61) (36) (58) (44) (18 22 35 43 63) (42 48) 
(26 32 46 52) (32 55 59) (45 59 68) (61) (54 72) (10 30 36 38 48) (66) (53) (21) (33 65) 
(51 60 61) (57) (38) (9 44) (30 38 71) (70) (16) (13 41) (25) (50 85) 
(13 55 89) (17 35 86) (15) (71) (43 53) (88) (42 87) (8 40) (91) (33 69 95) 
(34 56 61) (42) (83) (52 69 83) (53 62 66) (37 50 102) (51 52 67 77) (42) (65 97) (27 71 73) 
(28 68) (60 74) (18 31) (62 70) (57 79 91 100) (69 76) (33 54 76) (23) (57 106) NIL 
(61 90 100 105 120) (59 67 100) NIL (49) (114) (59 70 81 89 97) (59 113) (90) (80 92 104 115) (77 88) 
(18 86 111) (40) (54 62 97) (111 127) NIL (96 131) (49 109 125 127 132) (64 83 91 96) (103 105) (71) 
(96) NIL (56 72 79) (91) (107 118 120 129) (73 135 144) (44 63 87) (133) (38 79) (77 84 114 142) 
(22) (56 64 134) (81 94) (41 104) (100) (114 141 145) (113) (64 65 78 118) (87 136 156) (125 145) 
(73 126) (93 95) (105) (36) (33 99 112) (18 106 158 161) (28 108) (91) (159) (32 46 95) 
(58 128 141 158) (18 141) (73 103 133 164) (59 76 87 115) (54) (41 120) NIL (28 52) (31 55) (57 73 128) 
(84 86 137 139) (91 171) (136 153) (64 144) (122 171) (108 119 122) (85 95 161) (27) (107) (67 84 92 100) 
NIL (116 158) (186) (36 51 71) (160 162 194) (82 132 156 161 176) (54 112 149 181) (144 169) (160) (64 85) )