(NIL (1) (2) (3) (3) (2) NIL (1 7) (4 5 8) (1) 
(9) (9) (8) (6 7) (11) (5) (9 10) (16 17) (14 17) (15 17) 
(5 14) NIL (3 8 22) (20 23) (16 21) (13 18 19 21) (14) (11 18 22 27) (5 8) (14 24) 
(26) (11 18) (6 20) (23 33) (19) (14 29) (13 16 20 27) (25 26) (2) (17) 
(27 30) (24 27 38) (12 23 31) (24 25 26) (4) (18 45) (35) (25) (34) (43 47) 
(34 46) (43 47 51) (13 20) (6 7) (12 32 40 42 46) (20 31) (34 44) (42) (28 43) (28 52) 
(13 48 49) (43 53) (32 44 47) (52) (15 43) (61) (29 59) (12 25 56) (68) (17) 
(57) (24 33) (29 34 47) (39) (28 58) (29 38 70) (30 52 61) (36) (62 68 72) (44 47 48 59) 
(28 34 55) (46 66) (26 36 39) (67) (40 74) (36 42 67) (75) (74) (69 75) (62) 
NIL (86) (84) (24 45 67) (62 76) (20 31 38 83) (45 92) (39 95) (37 42 93) (24 29) 
(30 76 83) (25 33 37) (35 45 71) (80) (11 35) (14 74) (97) (44 72) (21 34 74) (60 62) 
(101) (36 52 79) (31 82) (96) (32 37) (86 87 100) (29 113) (71 79 101 115) (56 66 76) (86) 
(77 94) (77 91 111) (25 94) (101 112) (41 67 69 118) (44 106) (18 53) (81 127) NIL (75 107) 
NIL (53 69 81 93 106 108 111) (36 76 108) (73 80 84 94) (105 122) (44 106 128) (77) (30 55 94 126) (40 77 110 113) (104) 
(12 22 47) (27 63) (86 121) (63 124 133) (36 52 128) (68 108) (112 116) (95 101 137 138) (63 95) (100 121 122 125 133) 
(37) (125) (144) NIL (100 121 139) (42 49 60) (146 147 148) (156) NIL (44 72 82 89 107 115 145 154) 
(74 95 129) (62 131) (103) (72 92) NIL (36 50 113 128 146) (150 158) (89 167) (85 102 147) (88 104 114 125 138) 
NIL (160) (84) (170) (96) (97 156) (80 102 103 114 141) (118 122 127) (112 133) (58 92) 
(91 158) (1) (22 182) (24 98) (142) (56 184) (139 182) (73 103 113 136) (81 111 170) (50 111 121 170) 
(65 157) NIL (55 105 123) (127) (178) (43 44 45 83) (33 95) (90) (88 129 177) (183) )