(NIL (1) (2) (2) (4) (4) (3 5) (3 5 6) (7 8) (6) 
(7) (9 10) (11 12) (13) (12) (10) (11 15 16) (17) (14) (14 15) 
(15) (14 17) (17) (16 19) (22) (20 23) (4) (26) (6) (18 25) 
(24 30) (15 19) (18 26) (20 30) (24 32) (17 20 32) (13) (20 32) (17) (38) 
(40) (34 38) NIL (23 27 31 32) (18 21 27 35) (21) (45) (34) (7) (18 22 40) 
(6) (44) (33 39 52) (45 49) (47) (40) NIL (9 57) (18) (15 43) 
(23 51) (18 41 60) (25) (31 42 50) (13 61) (36 41 53 54 56) (33 47 54) (42 62 65) (3) (45) 
(63) (25 28) (13) (34 35 50 71) (31) (27) (38 47) (23) (59) (5) 
(31 45) (35 69) NIL (73 74) (21) (5 27 51) (34 43 57 70 76 78) (55) (54 79) (25 28) 
(64 66) (40 59 63) (44 56 82) (19 65 86) (70) (21 53) (39) (37 60 94) (19 27 37) (42 72) 
(18) (66) (57 98) (93 95 100) (49 69) (51 93 105) (19 25) (48 95) (28 42 89) (45 79 92) 
(35 76) (28 108) (85 104 109) (42) (41 105) (76) (21 116) (52 76 88 110) (85 115) (29 95 116) 
(65 92 100 108) NIL (35 36) (98) (74 92) (84 122) (46 88 115) (30 45 107) (77 84 86 90) (92 93) 
(33 51 99) (25 33 127) (44 101 116) (101 114) (28 92 132) (66 123 125) (65 76 83 88) (121) (37) (47 91 101) 
(128 134) (38 139) (36 89 93) (99 127) (113 133) (66) (56 68 114) (3) (102 123) (66 104) 
(67) (61 67 150) (131) (85 101 149) (138) (68 86 89) (136) (85 102 109 127) (121 151) (55 59 67 69) 
(107 122) (37 102 108 129 143) NIL (40) (89) (98 115 123 164) (105 129 141) (53 88 113 155 159) (109 121) (61 76 82 86 89) 
(90 107 114) (48 75 122 129) (35) (53 55 161 173) (46 65 88 102 145) (30 78) (39 160) (135 142) (60 136) (43 137) 
(55 85 110 150) (71 170 173) (110 144 165) NIL (88) (144) (55 84) (78 108 180) (94 96 97 125 139) (132) 
(17) (103 150) (92 113) (162) (118 120 142 169) (72 130 167) (52 85 98 147 170) (20) (122 160) (130) )