(NIL (1) (2) (2) (4) (2) (3) (5 6) (7) (5 7) 
(7) (10) (8 9 12) (11) (9 10 14) (13 15) (6 12) (11) (16) (15) 
(4 7) (13 21) (15) (4) (19 20) (15) (16 24) (19 20 21) (25) (17 22 24) 
(27) (21 27) (25 31) (26 27) (33) (25) (26) (13 37) (32 34 36) (23 35) 
(36 38) (30 35 38) (6 15) (25 31 43) (8 14 21) (27 43 45) NIL (21 33 37) (46 48) (13 15) 
(49) (37 39 46) (23 31) (49) (36 46 53) (12 24) (28 29 39 51 53) (15 18 47) (25 32 46) (40) 
(31 46) (22 61) (23 52) (30 47) (12) (6 26) (57) (35) (1) (19) 
(26 64 68) (33 36) (8 26) (42 64) (63 73) (29 40) (16) (40 57 61) (23 59 71) (34) 
(40 44 61) (37 46 50 76) (22 61) (39 60 73 80) (36 47 68) (81) (59) (23 62) (45 74 76) (56 80) 
(23) (21 34 36) (55) (14) (76) (36 68 90) (29 64) (29 43 58) (17 70 98) (16) 
(47 66) (92) (75 85 99) (10) (102) (38 71 87) (75 95 98 106) (52 79 81) (21 35) (21 95) 
(17 29 68 100 105) (35 62 91) (68 81 94) (82 91 111) (54 85 112) (106) (66 75 81 82 100) (42 92) (86 93 115) (34 53 87 89 98 109) 
(59 67 97 109) (37) (55 100 115) (72 109 114) (41 121) (50 78) (60 110 120) (66) (45) (52 79) 
(28 74 128) (48 91 128) (62 67) (126) (93) (33 63 69 94) (40) (31) (18 86 132 133) NIL 
(108 118) (63) (136 139) (70 104 109 134) (89 108 139) (74 88 103) (17 90 140) (100) (130) (62 63 114 131) 
(58 82 119) (67 142) (44 50 77) (135 143) (51 83) (52 74) (42 69 96 138) (32) (30 93 144) (54 63 86) 
(32 94 114 157) (85 121 148 154) (116 131 153) (41 83 92 120 129 162) (27) (48 95 157) (58) (80 117 129 131 162) (51 63) (85 125 130 147 167) 
(34 83 88 112) (119 122 139) (70 88 96 150 154) (49 102 107) (68) (42) (111 122) (114) (86 101 125) (51 73 166) 
(95 150) (48 113 147) (84 169) (60) (64 160 172) (70 105) (89 100) (116 164 170) (41 61 70 180) (112 121 132 183) 
(148 176) (88 111 134 157) (143 148 180) (76) (74) (153 171 173) (70 107 138 150 168) (123 162 185) (38 121) (167 177) )