(NIL (1) (2) (3) (4) (4) (5 6) (5) (4) (7) 
(9) (5) NIL (11) (8 9 10) (14) (6 11 13) (8) NIL (2 13) 
(6 12 16) (13 21) (10 21) (12) (13 15) (15) (23) (25) (22) (11 25) 
(17) (13) NIL (10) (10 18 21 33) (30) (20) (6) (8 27) (24 30) 
(8 19 27 29) (2 33) (11 38) (21 25) (13) (16) (30 35 39 41 43 46) (27 28 29) (31 46) (35 44 45 46) 
(28 41 49) (38 50) (31 47) (18 31 32 40 42) (15 38 41) (5 49) (7) (9 33 38) (53 54) (55) 
(39) (47) (27 45 58) (25 56) (48) (40 47 51 57) (24 53 61) (40) (20 67) (47 64 65) 
(31 36 43) (43) NIL (70) (59 60) (22 36 58) (12 72) (61) (38 64) (36 66) 
(21 42) NIL (67 74) (32) (74) (37 60 81) (80) (56) (29 34) (47) 
NIL (26 33) (53 76) NIL (69 85) (51 52) (34 52 55 84) (25 39) (72 74) (63 82 84 88 93) 
(35 55 79 84) (69 75) (49 53) (51 75) (82 93) (45) (47 58) (35 57 73) (86) (67 72) 
(70) (16) (107) (40 52 65 69 91) (96) (76 85) (57 70 76 96 109 110) NIL (70 80 81 105) (21 58) 
(13 15 81) (85) (50) (44 71 91 99) (108 117 119) (69 99 125) (52 79 110) (28 75 84) (21 57) (112) 
(50 64 104) (86 100 102) (129) NIL (8 72 134) (52 68 72 75 86 89 92) NIL (127) (125) (62 66) 
(48 66) (136) (85) (36 99 127) (34 61 81) (12 57) (55) (69) (71 82 136) (136) 
(106) (27) (54 70 107) (62 126 146) (78 95) (62 72 103) (52 58) (105 110 137 140) (101 102) (32 124 143) 
NIL (105) (97) (125 142) NIL (65 71) (62 101) (25 32) (57 77 130 138) (61 66 143) 
(115 131 132 145) (100) (73 144 146 167) (35 151) (172) (98 138) (36) NIL (65 175) (102 129 131) 
(75 108 147) (112 171) (20 60) (73 74 141) (105 160 184) (124 169) (113 159 164) (85) (77 129 159 179) (104 119 141 158) 
(164) (81 170) (93) (149 165) (44 85 91 104 140) (75 109 169) (86 111 178) (18 27 165) (68 102) (111 130 150) )