(NIL NIL NIL NIL NIL (5) (5) (4 6 7 1) (5) (2) NIL (7) (4 12 9) NIL (14 5)
 (7 15) (16) (16 8) (18 9) (19 13) (20 2) (19) (11 2 22) (23) (20 3 24) (24)
 (26 3) (17 22) (18 12 10) (18 13 10) (25 29 30) (18) (17 32 24) (33 31)
 (25 33 21) (26 20 10 32) (36 29) (17 37 30) (19 32) (27 21 39) (28 38 40)
 (38 31 40) (42 28) (43) (41 34 35 44) (43) (45 46) (47) (46) (49 47) (50) (46)
 (33 41 52 49) (33 44 46) (54) (35 46) (41 49 44 56) (57 50) (58) (58 53)
 (60 54) (57 48) (56 48) (49 52 63) (58 64) (65 53 54) (65 61) (59 67 62 55)
 (66 68) (69) (70) (59 61 64) (51 64) (73 71) (73 68) (75) (59 53 62 63)
 (77 69) (77 72) (70 79) (71 80) (77) (75 77 72) (82 75 71 72) (84) (84 83 79)
 (86) (87 80) (81 88) (81 85 78 88) (81 85 87) (81 76 86) (92 78 88) (93)
 (74 94) (90 94) (74 92 85) (97 94) (97 90 93) (99) (99 95 96) (97 91 78) (102)
 (103 88) (103 88) (105 100 95) (89 94 102) (107 100) (107 101) (109 103)
 (105 100 110) (108 109) (98 111 112) (113 104) (106 114) (115) (113 104) (112)
 (118) (119 111) (120) (119 104) (122 117) (98 122) (124) (114 123 125) (124)
 (110 127) (121 127) (129 126) (129 116) (131) (123 132) (113 118)
 (121 134 127) (130 131 135) (135) (137 131) (138) (139 126 128) (116 134 119)
 (141 127) (123 131 135 142) (137 130 141) (144) (132 143 144)
 (146 139 136 128) (147) (147) (140 149) (146) (138 151) (145 147 152)
 (139 142 144) (154 148 133 150 151) (154 149) (154 149) (140 157)
 (158 156 150 152) (148 158) (156 157 150) (145 161 151) (162 155 152) (161)
 (161) (165 159) (162 155 165) (164 167 159 160) (167) (162 165)
 (165 162 148 133 164) (157 148 156 150 151) (167 170 171 172 153 158) (172)
 (168 169 170 171 174 153) (163 166 170 174 153 160) (176 168)
 (162 164 172 159) (178 165 174) (169 179 173 176) (170 178 168)
 (153 163 181 179) (166 182) (183) (171 184) (185) (185) (184 173 176) (183)
 (189 173 184) (189 176) (186 180 189) (180 189 175) (181) (194 183)
 (195 188 190 175) (193 187 196) (177 186 196 191) (193 187 198) (199 192)
 (169 177 195 185 189) (194 163) (177 186 193 202) (201 203 199) (204)
 (205 200) (204 197 192) (206 207) (204) (203 196) (210 197 199 192) (211 200)
 (209 210 206) (202 196 191) (153 181 166) (205 215) (212 216 208) (217) (217)
 (219) (209 216 208) (186 187 180 215 196) (210 206 222) (218 213 223)
 (202 197 215 191) (225 221) (217 226) (227) (226) (211 229) (227 230 223)
 (222 230) (220 213 232) (225 207) (234 230) (235 213 223) (220 231 236) (236)
 (235 212 232) (217 239) (240) (241 223) (239 224) (235 220 224)
 (225 211 205 214) (227 245 235) (246) (241 247 231) (237 248) (233 249)
 (242 250) (251 243 238) (233 249 224) (253) (253) (255) (252 256)
 (242 243 254 255) (258 252) (259) (258) (249 242 238) (252 262)
 (241 219 228 246 223) (243 220 238 231 264) (265 259 263 256) (266) (257 265)
 (219 245 235 224) (257 266 244 269) (260 269 256) (257 261 262 271)
 (257 258 228 269) (273 270) (274) (273 267 270) (276 260 261) (268 277 272)
 (276 261) (269 259 228 261 256) (280 272) (281 275 277) (282 278) (283)
 (284 279) (281 279) (273 266 281) (287) (268 277 288) (274 268 287) (290 286)
 (291 278) (292) (293 288) (275 293) (285 295 288) (293) (297 283)
 (298 295 288) (292) (275 300 288) (291 288) (289 282 278 302) (299 285 303)
 (289 282 294 295 302) (305 298) (306) (299 307) (305 284) (282 278 302)
 (300 285 310) (289 311 295) (297 294 312) (313 306) (314 308) (315)
 (315 303 296) (317) (317) (317) (309 319 320) (318 320) (321 322) (322) (324)
 (319 320) (316 301 320) (309 327) (328) (329 326) (330) (327) (332)
 (329 333 326) (325 334 304) (335) (330 323 336) (332 318) (337 338) (339)
 (329 332 324) (341) (339 342) (343) (331 343) (343) (346) (337 342) (338 348)
 (337 341) (350 344) (332 325 304) (338 323 331 352) (353 351) (353 351)
 (348 340 355) (345 349 352) (357 344) (354 358) (357) (353 351 360) (361 347)
 (353 351 360) (347 340 363) (357) (347 365) (355 364 366) (361 354 367)
 (356 368) (355 366 360) (354 370) (361 371 364) (370 363) (373 358)
 (371 340 374) (373 368) (371 373 368) (347 340 365 355) (378 374 359)
 (361 379) (362 379) (380 381) (382 375 376) (382 376) (371 384) (372 385 356)
 (383 384) (387 356) (380 381) (385 389) (369 390) (377 390) (387 392) (393)
 (379 376) (395 372 375) (385 356 396) (388 397 392) (387 397) (396 392))