(NIL NIL (2) (3) (3) (5) NIL (7 4 1) (3) (9) (10) (6 10) (12 4 1) (7 11 1 12)
 (14) (7 4 6 10) (11 16 13) (15 17) (16) (19 13 8) (19) (11 21 8) (22) (23)
 (22 20 18) (19 8) (20 24 26 15) (12 16) (20 28) (21 28 8) (30 17) (24 15 31)
 (32 29 26 18) (20 23 30) (33 34) (35 27) (35) (37) (38) (39) (38) (41 39) (37)
 (43 39) (44) (44) (41 46) (47) (48 40) (49 36) (49 36 25) (51) (49 25 27) (53)
 (54) (51 55) (45 56) (56) (42 52 45 58) (50 56) (56) (50 45 61 58) (52 62)
 (63) (64) (42 45 61) (60 61) (36 54) (42 68 61 58) (67 69) (57 70) (52 71)
 (71) (68 52) (74 59 69 64) (73 75) (76) (50 59 69 74) (70 78 64) (57 79) (80)
 (81 75) (65 79) (75 83 71) (57 65 79) (81 83 85) (84 86 72) (73 87) (76 79)
 (65 81 77 89 72) (90) (89 83 77 80) (81 92) (93) (91 84 94) (92) (90 86 96)
 (97) (66 98 82) (57 78 64) (65 66 100) (101 94) (82 102 95) (97 103)
 (101 93 86 96) (97 105 87) (106) (99 107 88) (105 103) (98 109 87) (101 95 96)
 (99 109 111) (112) (82 111 88) (114 112) (114 110) (99 116 107) (114 107)
 (106 109 114) (113 117 119) (119 112) (115 119) (121 122 108 117)
 (82 111 102 87 98) (113 121 124) (125 110) (108 126) (123 126) (115 125)
 (129 116 118) (130) (131 128) (132) (131 126) (130 128) (135) (136 104)
 (137 132) (124 117) (139 132 104) (140) (137 140 133 134) (142) (124 120)
 (141 144) (144 135 104) (137 146 139) (139 133 144) (113 124 108)
 (146 141 149 133 136) (150) (151) (132 149 136) (140 149 135 120)
 (146 148 142 127 154) (153 147 150 155) (138 143 145 147 152 153 154 127)
 (146 134 154) (141 158) (155 159 152) (156 159) (138 159 143) (162 156 151)
 (163 152) (138 134 154) (165 163 157) (166) (161 166) (166) (169) (169 164)
 (161 171 160) (172 168) (172 167) (161 169 164) (175) (171 168 175 160)
 (177 170 176) (178) (179 173 167) (180 174) (178) (179 173 182) (172 182 167)
 (175 167) (185 181 184) (185 171) (177 187 173) (179 174 187) (169)
 (190 174 176) (180 188 190) (189 183 192) (192 181 191 184) (194) (192 184)
 (174 192) (197 183 184) (198) (194 199) (196 200) (201) (186 189 202)
 (186 199) (194 189 199) (197 182) (201 204 206) (202 206) (189 192 181 184)
 (209 196 199 191 206) (202 195 210) (202 210) (209 196 206 200) (210 213)
 (195 204 214) (202 195 205 214) (209 195 208) (217 211) (218 203 205)
 (193 186 195 209 208) (217 212 220) (221 215) (219 221 215) (218 203 220 216)
 (212 224) (221 224) (226 219) (227) (228) (229 223 207) (229) (228) (222 232)
 (233) (215 232) (227) (204 229 236) (233 237 230) (225 238) (227 223 207)
 (240) (241 228) (242 235 222 230) (233 229 240) (244 230) (234 244 239)
 (241 235 244 239) (247) (245 248) (240) (228 240) (251 245 248) (252)
 (253 231) (250 246 254) (253) (252) (257) (258) (249 250 259 254)
 (249 242 258 246 254) (261) (243 261) (234 258) (251 247 231) (265 263)
 (249 234 254 265) (242 267 246) (268 261 256) (266 259 269 255) (250 269 263)
 (250 269) (269) (269) (266 271 255 274) (275 262) (276 260) (274 260 262 272)
 (268) (275 260 279) (273 279 262 263) (281 266 259 255) (281 270 271 264)
 (281 259 272) (284 278 255) (285 277 264) (282 284 270 264) (286 287)
 (283 286 287) (284 270) (290 280 264) (290 288) (290 278 287 280) (293 288)
 (289 294) (295) (291 295) (295) (294) (299 296) (291 300) (301) (302) (300)
 (304) (297 305 292) (306) (301 304) (298 304) (291 309) (309) (311) (312)
 (313) (301 304) (315 292 309) (313 307 316 310) (315 309) (305 314 318)
 (306 316 302 319) (317 319) (308 319 303) (313 307 316 318) (308 317 318)
 (321 324 320) (323 324) (283 299 291) (327 319 303) (321 324 328)
 (297 305 292 327 314) (330 307) (330 317 302 318) (332 326 319) (331 333)
 (334 303) (322 335 320) (321 336) (329 337) (336) (322 331 332) (332 303)
 (321 322 341 335) (338 340 325 342) (308 341) (340 341 335) (321 345 336 328)
 (346 342) (337 339 347) (348 343) (349) (338 325 346) (350 351) (352 344)
 (353) (339 351) (355 352 344) (355) (356 357) (349 351) (358 359) (345)
 (361 355 350 359) (337 361 347) (361 358) (321 341 334) (365 363 356 357)
 (365 351) (367 344) (361 354 355 367 359) (369 368 366 360) (365 355 349)
 (356 365) (361 354 371 372 357) (373) (372 371 364) (375 360) (362 375 367)
 (377 373 366) (378) (379 368) (380) (369 381) (382) (378) (379 384) (377)
 (386 383) (387) (388 360) (370 387 376) (385 390) (390 384) (390 384)
 (385 393 389) (370 387) (395) (395 374) (397 389 390) (393 398) (387 376))