(NIL NIL (1) (2 3) NIL (5 1) (5 1) (7) (8) (9 3) NIL (5) NIL (13 7 3) (11 9)
 (15 4) (6 16) (17) (15) (6 15) (20 10 4) (20 17) (13 21 22) (20) (20 14)
 (18 20 12) (15 3) (27 24) (18 25 22) (7 4) (27 14 21 30 17) (18 25 31) (32 26)
 (33 23) (33 23) (33) (12 10 16 19 20 30) (36 37) (34 37) (36 37) (34 40)
 (41 38 39) (42) (40) (35 44) (14 30 23 26) (35 29 46) (41 46) (28 44 46)
 (41 45 46) (49 50) (51) (52 47) (51 39) (54 47 48) (35 46 39) (56 44 48)
 (57 43 51) (58) (57 45) (60 52 55) (49 57) (58 62 47) (50 43 62) (51 64)
 (65 58 53 61) (66) (49 50 29 57) (58 68 62) (65 60 52 69 54) (70 55)
 (59 69 63 64) (71 72) (73) (69 53) (59 75 61 71 63) (76) (73 77) (73 75) (79)
 (61 80) (66 75) (74 67 76 82 80) (83) (84 77) (85) (85) (83) (88) (89 78) (88)
 (82 77 79) (89 91 92) (93 86) (93 85 78) (90 95) (95) (81 97 96) (81 95)
 (92 88) (89 100 87) (81 101 96) (90 101) (90 101) (101 94) (97 90 99 105)
 (105) (97 107) (105 98) (81 90 100 85) (108 110 96) (91 110) (103 112)
 (113 108 109) (114 104) (115 111) (106 109 112) (116 117) (118) (119) (120)
 (102 119) (118) (109 112) (124 108 102) (105 99 110 103) (107 126 96)
 (115 126) (123 124 127 128) (129 120) (129 122) (121 131 125) (128 125 120)
 (121 129 133) (133) (129 135) (134 136) (121 122 123 133) (138 135) (133)
 (122 125 128) (141 135) (130 140 142 138) (143) (141 135) (145 143) (137 141)
 (147) (148) (149 144) (139 132 150) (151) (151) (138 140 149 142) (154 143)
 (153 155) (155 152) (155) (150 158) (157 159) (154 151) (161) (162 160) (163)
 (162 155) (145 165) (166 160) (167) (153 161 155) (145 169 156 165 158)
 (145 169 152) (171 167) (172 168) (163 172) (174) (170 174) (172) (177 174)
 (146 178) (178) (180) (171 167) (181 182) (164 183 175 168) (146 184) (185)
 (186 156) (186 173) (185) (171 157) (177 182 175 190) (179 164 181 191)
 (164 170 175 177 146 190) (193 191 183) (194 184 176) (186 195) (196)
 (185 195) (179 188 195) (194 187 192) (193 179 176) (201 186 198)
 (202 189 200) (202 188 196 192) (204) (205 203 197) (202 173) (201 187 188)
 (196 199 208) (208 199 200) (210 205) (211 206 207) (203 211)
 (209 205 189 210) (213 197 214) (215) (215) (211 214 207) (218 206 216) (219)
 (220) (214) (222 207 216) (218 222) (219 224) (215 224) (217 225 212 223 226)
 (227) (206 215 222) (210 203 205) (225 230) (231) (211 197 222 207 230)
 (197 208 189 207 200) (217 226 229 234) (218 213 234) (234 229 232)
 (226 220 237) (227 238) (233 228 221 239) (239) (233 241 236) (238) (236 238)
 (233 236 237) (245) (246 239) (235 228 247 244) (241 235 247) (249 228)
 (250 243 240) (251 248) (251) (250) (249 244) (255) (242 256) (253 256) (258)
 (242 228 221 255) (258 260 254) (246) (249 243 262) (249 244 262 240)
 (251 264) (259 260 263 265 248 254) (252 264) (242 262 255) (265 268 261)
 (269 248) (270 263) (259 269) (268 253 248) (273 261) (221 262 255)
 (265 242 275 254) (259 252 275) (277 270) (278) (266 267 279 274)
 (257 273 277 263) (281 274 269) (282 272) (283 271) (284 280) (276 285) (286)
 (285) (285) (289 286) (283) (291 286) (289 292) (285) (294 292 288)
 (294 293 287 288) (296) (297 295) (298) (297) (300) (301 295) (296) (294 276)
 (301 304) (304 298) (306 290 300) (307 299) (306 305) (290 309) (306) (311)
 (312) (312) (314) (315) (316 305) (302 317 303) (307 303 315)
 (313 309 319 299) (314 301) (321 313) (302 316 319 322) (323) (324) (324 320)
 (324 308 320) (315 305 322) (328 320 318) (328 308) (330 317 319)
 (331 326 310 327) (332) (331 310 318) (330 316) (326 335) (326 335 310 318)
 (333 325 337) (324 335 320) (331 326 339) (340 310 329) (325 339 318 332)
 (333 336 342) (328 302 303 299) (325 317 344) (333 344) (346 337) (347 340)
 (348 342 334) (338 347 336) (338 346) (338 339 346) (352 341 334) (352)
 (345 354) (340 329 352) (356) (347 356 341) (355 358) (341 337 343 344)
 (353 349 360) (345 354 357 361) (361 358) (354 363 357) (364) (364 350) (363)
 (355 349 360) (363 368) (361 357 368) (369 362 366 351 370) (370 365 366 351)
 (369 372) (371 373) (369 372 367 359) (372 359) (370 350)
 (369 362 365 366 377) (378 367 376) (377 359) (380) (378 371 381) (379 382)
 (383) (362 380) (385 382 374 376) (386) (387) (388) (388) (390) (390) (392)
 (393 391) (394) (390) (396) (397 389 383) (394 398) (395 396 389 383))