(NIL NIL (2 1) (2 1) (3 4) (3 4) (5 6) (5 6) (8) (9 7) (10) (11) (12) (13) (13)
 (15) (16) (15) (17 18) (19 14) (19) (21) (14 22) (14 22) (24) (25 20 23) (26)
 (27) (28) (29) (30) (31) (32) (33) (34) (35) (36) (37) (37) (37) (38 40) (41)
 (39 40) (42 43) (44) (45) (45) (46 47) (48) (49) (50) (50) (51 52) (49)
 (50 54) (51 52 55) (53 56) (57) (58) (59) (60) (61) (61) (62 63) (60) (65 64)
 (65 64) (66 67) (68) (67) (68 70) (71) (69 72) (73) (73) (75) (74 76) (77)
 (74 76) (77 79) (77 79) (81 78 80) (82) (82) (83 84) (85) (84) (86 87) (88)
 (89) (90) (91) (92) (93) (94) (95) (96) (97) (98) (99) (98) (100 101)
 (100 101) (100 101) (102 103 104) (105) (106) (107) (108) (108) (109 110)
 (111) (112) (113) (113) (114 115) (116) (117) (118) (119) (120) (121) (122)
 (122) (122) (122) (123 126) (124 125 126) (127 128) (129) (130) (127 128)
 (131 132) (133) (134) (135) (136) (137) (138) (139) (140) (141) (142) (143)
 (140) (145 144) (146) (147) (148) (149) (150) (148) (150 152) (153 151) (153)
 (151 152) (154 155 156) (157) (158) (159) (160) (158) (162 160) (161 163)
 (164) (165) (166) (167) (168) (168) (169 170) (171) (172) (173) (174) (175)
 (175) (177 176) (178) (179) (180) (181) (182) (183) (184) (183) (185 186)
 (187) (188) (189) (190) (191) (192) (193) (194) (193) (195 196) (197) (198)
 (199) (197) (201 200) (202) (203) (204) (205) (206) (207) (207) (209 208)
 (210) (210) (211 212) (212) (213 214) (215) (216) (217) (218) (219) (220)
 (221) (218) (221 223) (222 223) (225 224) (226) (227) (228) (229) (228)
 (230 231) (232) (232) (234) (233 235) (236) (237) (237) (238 239) (240) (241)
 (242) (242) (244) (243 245) (246) (247) (248) (249) (246) (250 251) (252)
 (252) (253 254) (255) (256) (257) (256) (259) (257 260) (261) (262) (263)
 (264) (258 263) (266 264) (265 267) (268) (269) (270) (270) (271 272) (273)
 (274) (274) (275 276) (277) (278) (279) (278) (281) (282) (283 280) (284)
 (285) (286) (287) (288) (288) (289 290) (291) (292) (290) (292 294) (293 295)
 (296) (293 295) (297 298) (298 296) (299 300) (301) (302) (303) (304) (305)
 (306) (307) (308) (309) (310) (310) (311 312) (313) (314) (315) (316) (317)
 (317) (319) (318 320) (321) (322) (323) (324) (323) (324 326) (325 327)
 (325 327) (326) (329 330 328) (331) (332) (333) (332) (333 335) (336)
 (337 334) (338) (337) (339 340) (341) (342) (342) (344) (343 344) (345 346)
 (345 346) (348) (347 349) (350) (351) (352) (353) (354) (355) (356) (357)
 (356) (359) (358 360) (357 359) (362 360) (363 358) (361 364) (365) (366)
 (366) (368) (369 367) (370) (371) (372) (373) (374) (375) (376) (375)
 (378 376) (377 378) (380) (379 381) (382) (383) (384) (384) (384)
 (385 386 387) (387) (388 389) (390) (391) (392) (393) (394) (395) (396) (397)
 (398) (399) (400) (401) (402) (402) (403 404) (405) (406) (407) (408) (407)
 (410 408) (411) (409 412) (413) (410) (414 415) (416) (417) (417) (419)
 (418 419) (420 421) (422) (423) (424) (425) (426) (426) (428) (429) (430)
 (427 430) (431 432) (431 432) (433 434) (434) (433 436) (435 437) (438) (439)
 (439) (441 440) (442) (443) (443) (444 445) (446) (447) (448) (448) (449 450)
 (451) (452) (453) (454) (455) (453) (457 456) (457 456) (459) (458 460) (461)
 (462) (460) (463 464) (465) (465) (466 467) (468) (469) (470) (471) (472)
 (473) (473) (472) (474 475 476) (477) (477) (478 479) (480) (481) (481)
 (482 483) (482 483) (485) (484 486) (487) (484 486) (489 488) (489 488)
 (490 491) (492) (493) (494) (495) (496) (497) (497) (496))