(NIL NIL (2 1) (3) NIL (5 4) (5 3) (6 7) (8) (9) (10) (10) (12) (11 12) (13 14)
 (15) (16) (17) (18) (19) (20) (21) (22) (23) (24) (25) (26) (25) (27 28) (29)
 (29) (30 31) (32) (33) (34) (35) (31) (34 37) (35 38) (36 38) (39 40) (41)
 (42) (43) (44) (45) (46) (47) (47) (46) (49 50 48) (51) (52) (53) (51) (54 55)
 (56) (57) (58) (59) (59) (60 61) (61) (60 63) (64) (65) (66) (67 62) (68) (69)
 (70) (71) (72) (71) (74) (73 75) (76) (77) (76) (78 79) (80) (81) (82) (82)
 (84) (83 85) (86) (87) (88) (87) (89 90) (91) (91) (92 93) (92 93) (95) (96)
 (97) (98 94) (99) (98 94) (98 94) (101 102) (100 103) (99 103) (105 104) (106)
 (107) (108) (109) (108) (110 111) (111) (113 112) (110 111) (114 115) (116)
 (117) (114 115) (118 119) (118 119) (121 120) (122) (123) (124) (124)
 (121 120) (125 127) (126 128) (129) (130) (130) (126 127) (131 132 133) (134)
 (135) (135) (137) (138 136) (138 136) (140) (138 136) (137) (139 141 142 143)
 (144) (145) (146) (147) (146) (149) (150) (149) (148 151 152) (153) (153)
 (155) (156) (157) (156) (158 159) (156) (161 160) (154 162) (154 162)
 (163 164) (164) (163 166) (165 167) (168) (168) (169 170) (171) (172) (172)
 (173 174) (175) (176) (177) (178) (179) (180) (181) (180) (181 183) (184)
 (185 182) (186) (186) (187 188) (189) (188) (190 191) (192) (192) (192)
 (193 194 195) (193 195) (196 197) (198) (199) (200) (201) (202) (203) (204)
 (205) (205) (206 207) (208) (209) (210) (211) (210) (213) (212 214) (215)
 (216) (216) (217 218) (219) (219) (220) (222 221) (223) (224) (225) (226)
 (227) (226) (229) (227 229) (231) (228 230 231) (230 231) (233 234 232)
 (233 234) (235 236) (237) (238) (238) (238) (241 239 240) (242) (241 239 240)
 (243 244) (245) (245) (246 247) (246 247) (249) (250) (251) (252 248) (253)
 (254) (254) (256) (257) (257) (259 255) (260) (258 261) (258 261) (262 263)
 (264) (264) (266) (267) (265 268) (269) (270) (271) (272) (273) (273) (275)
 (274 276) (275) (278) (277 279) (280) (281) (282) (282) (283 284) (285) (286)
 (285) (288) (289 287) (290) (290) (291 292) (293) (293) (294 295) (296) (297)
 (298) (299) (300) (301) (302) (303) (304) (303) (306 304) (305 306) (307 308)
 (309) (310) (311) (311) (313 312) (314) (314) (316) (315 317) (318) (319)
 (320) (321) (321) (322 323) (322 323) (325) (322 323) (324 326 327) (328)
 (329) (328) (330 331) (332) (333) (333) (334) (336 335) (336 335) (337 338)
 (339) (340) (341) (342) (343) (343) (343) (345 346 344) (343) (348 344)
 (347 349) (350) (351) (350) (353 351) (354 352) (355) (356) (357) (357)
 (358 359) (358 359) (361 360) (362) (363) (364) (363) (364 366) (367)
 (365 367) (369 368) (370) (371) (372) (372) (373 374) (375) (376) (372)
 (378 376) (377 379) (380) (380) (382) (381 383) (384) (385) (386) (387) (387)
 (388 389) (390) (388 389) (392) (393 391) (393 391) (394 395) (396) (397)
 (398) (399) (400) (399) (402 400) (403) (401 404) (405) (406) (406) (404)
 (401 409) (409 407 408) (410 411) (410 411) (410 411) (414) (412 413 414)
 (415 416) (416) (417 418) (419) (420) (420) (421 422) (423) (424) (425) (424)
 (426 427) (426 427) (428 429) (430) (428 429) (430 432) (433 431) (434) (435)
 (436) (433) (437 438) (439) (439) (441) (442) (443 440) (443) (444 445) (446)
 (447) (447) (449) (450 448) (451) (450) (451 453) (451 453) (452 455)
 (454 456) (457) (458) (458) (459 460) (461) (462) (463) (461) (465 463)
 (466 464) (465 463) (466 468 464) (467 469) (470) (471) (471) (473 472) (474)
 (475) (475) (477) (476 478) (479) (480) (481) (482) (483) (484) (484) (486)
 (487) (488) (489) (490 485) (491) (490 485) (493) (492 494) (495) (496) (497)
 (498) (499))