(NIL NIL (1 2) NIL (2 4) (1 4) (5 3 6) NIL (4 8) (2 8) (9 5 10) (1 8) (9 6 12)
 (3 10 12) (11 13 7 14) NIL (8 16) (4 16) (17 9 18) (2 16) (17 10 20) (5 18 20)
 (19 21 11 22) (1 16) (17 12 24) (18 24 6) (25 26 19 13) (3 20 24)
 (25 28 21 14) (26 7 28 22) (27 29 15 23 30) NIL (32 16) (32 8) (33 17 34)
 (32 4) (33 18 36) (9 34 36) (35 37 19 38) (32 2) (33 20 40) (34 40 10)
 (41 42 35 21) (5 36 40) (41 44 37 22) (42 11 44 38) (43 45 23 39 46) (32 1)
 (33 48 24) (34 12 48) (25 49 35 50) (6 36 48) (49 26 52 37) (50 52 13 38)
 (27 53 51 39 54) (3 48 40) (41 49 28 56) (42 56 14 50) (57 58 43 29 51)
 (7 44 52 56) (57 53 60 45 30) (58 60 46 15 54) (31 47 55 59 61 62) NIL (32 64)
 (64 16) (33 66 65) (64 8) (34 68 65) (17 66 68) (67 69 35 70) (64 4)
 (36 65 72) (66 72 18) (73 74 67 37) (9 68 72) (73 76 69 38) (74 19 76 70)
 (75 77 39 71 78) (64 2) (80 65 40) (66 20 80) (41 81 67 82) (10 68 80)
 (81 42 84 69) (82 84 21 70) (43 85 83 71 86) (5 80 72) (73 81 44 88)
 (74 88 22 82) (89 90 75 45 83) (11 76 84 88) (89 85 92 77 46) (90 92 78 23 86)
 (47 79 87 91 93 94) (64 1) (96 65 48) (66 96 24) (49 97 67 98) (12 68 96)
 (97 50 100 69) (25 98 100 70) (51 101 99 71 102) (6 96 72) (73 97 52 104)
 (74 104 98 26) (105 106 75 53 99) (100 76 13 104) (105 101 108 77 54)
 (106 27 108 78 102) (103 107 109 110 79 55) (3 96 80) (81 97 112 56)
 (82 28 112 98) (57 113 83 99 114) (100 84 14 112) (113 58 116 85 101)
 (114 116 29 86 102) (103 115 117 118 87 59) (112 7 104 88) (89 105 60 120 113)
 (90 114 120 30 106) (107 115 121 122 91 61) (108 92 120 15 116)
 (109 117 121 124 93 62) (110 31 118 122 124 94) (111 95 119 123 125 126 63)
 NIL (128 64) (128 32) (65 130 129) (128 16) (66 132 129) (33 132 130)
 (67 133 134 131) (128 8) (68 129 136) (34 130 136) (137 138 69 131)
 (17 132 136) (137 140 133 70) (138 35 140 134) (139 141 71 135 142) (128 4)
 (144 129 72) (36 130 144) (73 145 131 146) (18 132 144) (145 74 148 133)
 (146 148 37 134) (75 149 147 135 150) (9 144 136) (137 145 76 152)
 (138 152 38 146) (153 154 139 77 147) (19 140 152 148) (153 149 156 141 78)
 (154 156 142 39 150) (79 151 155 157 158 143) (128 2) (160 129 80)
 (160 130 40) (81 161 131 162) (132 20 160) (161 82 164 133) (41 162 164 134)
 (83 165 163 135 166) (10 160 136) (137 161 84 168) (138 162 168 42)
 (169 170 139 85 163) (140 21 168 164) (169 165 172 141 86)
 (170 43 172 142 166) (167 171 173 174 87 143) (5 160 144) (145 161 176 88)
 (146 44 176 162) (89 177 147 163 178) (148 176 22 164) (177 90 180 149 165)
 (178 180 45 150 166) (167 179 181 182 151 91) (11 168 176 152)
 (153 169 92 177 184) (154 178 184 46 170) (171 179 185 186 155 93)
 (156 180 184 23 172) (173 181 185 188 157 94) (174 47 182 186 188 158)
 (175 159 183 187 189 190 95) (128 1) (192 129 96) (192 130 48)
 (97 193 131 194) (192 132 24) (193 98 196 133) (49 194 196 134)
 (99 197 195 135 198) (192 12 136) (137 193 100 200) (194 138 200 50)
 (201 202 139 101 195) (25 140 196 200) (201 197 204 141 102)
 (202 51 204 142 198) (103 199 203 205 206 143) (6 192 144) (145 193 208 104)
 (146 52 208 194) (105 209 147 195 210) (26 148 196 208) (209 106 197 212 149)
 (210 212 53 150 198) (199 107 211 213 214 151) (200 13 208 152)
 (153 201 209 108 216) (210 154 216 54 202) (203 109 211 217 218 155)
 (27 156 204 212 216) (205 110 213 217 220 157) (206 214 55 218 220 158)
 (207 111 215 219 221 222 159) (3 192 160) (161 193 224 112) (194 162 224 56)
 (113 225 163 195 226) (28 164 196 224) (225 114 197 228 165)
 (57 226 228 166 198) (227 229 230 199 115 167) (200 224 14 168)
 (169 201 116 225 232) (202 170 232 226 58) (227 233 234 171 117 203)
 (172 29 228 204 232) (229 233 173 236 205 118) (230 234 236 174 206 59)
 (231 235 237 238 207 175 119) (7 208 224 176) (177 209 225 240 120)
 (178 60 226 240 210) (227 211 241 242 179 121) (228 180 212 30 240)
 (229 241 244 213 122 181) (230 242 244 182 61 214)
 (183 231 243 245 246 215 123) (240 216 232 15 184) (233 241 217 248 185 124)
 (218 234 242 248 186 62) (235 243 249 250 187 125 219)
 (220 236 31 244 248 188) (189 237 245 249 252 221 126)
 (238 222 246 250 252 190 63) (191 239 127 247 251 253 254 223) NIL (256 64)
 (32 256) (258 65 257) (256 16) (66 260 257) (33 260 258) (259 261 67 262)
 (256 8) (68 264 257) (34 264 258) (259 265 69 266) (17 264 260)
 (261 265 268 70) (262 35 268 266) (263 269 267 71 270) (256 4) (72 272 257)
 (36 272 258) (259 73 273 274) (18 272 260) (261 74 276 273) (262 276 37 274)
 (263 275 277 75 278) (9 272 264) (265 273 76 280) (266 280 38 274)
 (281 282 267 77 275) (276 19 268 280) (281 277 284 269 78)
 (282 284 270 39 278) (271 279 283 285 286 79) (256 2) (80 288 257)
 (40 288 258) (259 81 289 290) (20 288 260) (261 82 292 289) (41 262 292 290)
 (293 263 291 83 294) (10 288 264) (265 289 84 296) (266 296 290 42)
 (297 298 267 85 291) (292 268 21 296) (297 293 300 269 86)
 (298 43 300 270 294) (271 295 299 301 302 87) (5 288 272) (273 289 304 88)
 (304 274 44 290) (89 305 275 291 306) (292 276 22 304) (305 90 308 277 293)
 (306 308 45 278 294) (279 295 307 309 310 91) (304 11 296 280)
 (281 297 92 305 312) (282 312 306 46 298) (283 307 313 314 93 299)
 (300 308 284 23 312) (285 301 309 313 316 94) (286 47 302 310 314 316)
 (303 287 311 315 317 318 95) (256 1) (96 320 257) (48 320 258)
 (259 97 321 322) (24 320 260) (261 98 324 321) (49 262 324 322)
 (323 263 325 99 326) (12 320 264) (265 321 100 328) (266 322 328 50)
 (329 330 267 101 323) (25 268 324 328) (329 325 332 269 102)
 (330 51 332 270 326) (271 103 327 331 333 334) (6 320 272) (273 321 336 104)
 (274 52 336 322) (105 337 275 323 338) (26 276 324 336) (337 106 340 277 325)
 (338 340 53 278 326) (279 327 107 339 341 342) (328 13 336 280)
 (281 329 108 337 344) (282 338 344 54 330) (283 109 339 345 346 331)
 (340 27 284 332 344) (285 333 110 341 345 348) (286 334 342 55 346 348)
 (287 335 111 343 347 349 350) (3 320 288) (289 321 352 112) (290 322 352 56)
 (113 353 291 323 354) (28 292 324 352) (353 114 356 293 325)
 (57 354 356 294 326) (355 357 295 327 115 358) (328 14 352 296)
 (297 329 116 353 360) (298 330 354 360 58) (355 361 362 299 117 331)
 (300 29 360 332 356) (357 361 301 364 333 118) (358 362 364 302 334 59)
 (359 363 365 366 335 303 119) (7 336 352 304) (305 337 368 353 120)
 (306 60 368 354 338) (355 339 369 370 307 121) (368 308 30 340 356)
 (357 341 369 372 309 122) (358 370 372 310 61 342)
 (311 359 371 373 374 343 123) (368 344 360 15 312) (361 369 345 376 313 124)
 (362 346 370 376 314 62) (363 371 377 378 315 125 347)
 (316 364 31 372 376 348) (317 365 373 377 380 349 126)
 (366 350 374 378 380 318 63) (319 367 127 375 379 381 382 351) NIL (128 384)
 (384 64) (386 385 129) (32 384) (388 385 130) (386 388 65) (387 389 390 131)
 (384 16) (385 132 392) (386 66 392) (387 393 133 394) (33 388 392)
 (389 393 134 396) (67 390 394 396) (397 398 391 395 135) (384 8) (385 400 136)
 (386 68 400) (137 387 401 402) (388 400 34) (401 138 389 404) (404 402 390 69)
 (405 139 391 403 406) (17 392 400) (401 140 393 408) (402 408 394 70)
 (409 410 403 141 395) (408 35 404 396) (397 409 412 405 142)
 (398 412 406 71 410) (399 407 411 413 414 143) (384 4) (385 416 144)
 (386 416 72) (145 387 417 418) (388 36 416) (417 146 389 420) (73 418 390 420)
 (421 147 391 419 422) (18 392 416) (417 148 393 424) (74 424 394 418)
 (425 426 419 149 395) (424 420 37 396) (397 425 428 421 150)
 (398 75 428 422 426) (151 399 423 427 429 430) (9 416 400) (401 417 432 152)
 (432 402 76 418) (153 433 403 419 434) (420 404 38 432) (433 154 436 405 421)
 (434 436 77 406 422) (435 437 438 407 423 155) (432 19 424 408)
 (409 425 156 440 433) (410 434 440 78 426) (435 441 442 411 427 157)
 (428 436 412 39 440) (437 441 444 413 429 158) (438 442 444 79 414 430)
 (439 443 445 446 159 415 431) (384 2) (385 448 160) (386 448 80)
 (161 387 450 449) (388 448 40) (449 162 389 452) (81 450 390 452)
 (453 163 391 451 454) (392 20 448) (449 164 393 456) (82 456 394 450)
 (457 458 451 165 395) (41 456 452 396) (397 457 460 453 166)
 (398 83 460 454 458) (167 455 399 461 462 459) (10 448 400) (401 449 464 168)
 (402 84 464 450) (169 465 403 451 466) (42 404 464 452) (465 170 468 405 453)
 (466 468 85 406 454) (455 171 407 467 469 470) (464 456 21 408)
 (409 457 172 472 465) (410 466 472 86 458) (459 173 467 411 473 474)
 (460 43 412 472 468) (461 174 413 473 469 476) (462 470 87 474 476 414)
 (415 463 175 471 475 477 478) (5 448 416) (417 449 480 176) (418 480 450 88)
 (177 481 419 451 482) (452 420 44 480) (481 178 484 421 453)
 (89 482 484 422 454) (483 485 486 455 179 423) (480 456 22 424)
 (425 457 481 180 488) (426 488 458 482 90) (483 489 490 459 181 427)
 (460 484 428 45 488) (485 489 492 461 182 429) (486 490 492 462 91 430)
 (487 491 493 494 463 183 431) (480 11 464 432) (433 465 481 496 184)
 (434 496 92 482 466) (435 483 497 498 467 185) (468 484 436 46 496)
 (485 437 497 500 469 186) (438 498 500 470 93 486)
 (439 487 499 501 502 471 187) (488 472 496 23 440) (441 497 489 504 473 188)
 (442 498 490 504 474 94) (443 499 505 506 475 189 491)
 (444 492 47 500 504 476) (445 493 501 505 508 477 190)
 (494 446 502 506 508 478 95) (495 191 503 507 447 509 510 479) (384 1)
 (385 512 192) (386 512 96) (193 387 513 514) (388 512 48) (513 194 389 516)
 (97 514 516 390) (517 195 391 515 518) (392 512 24) (513 196 393 520)
 (98 520 394 514) (521 522 515 197 395) (49 520 516 396) (397 521 524 517 198)
 (398 99 524 518 522) (199 519 399 525 526 523) (12 512 400) (401 513 528 200)
 (528 402 100 514) (201 529 403 515 530) (516 50 404 528) (529 202 532 405 517)
 (530 532 101 406 518) (519 203 407 531 533 534) (25 528 520 408)
 (409 521 204 529 536) (410 536 530 102 522) (523 205 531 411 537 538)
 (524 532 51 412 536) (525 206 413 537 533 540) (103 526 534 538 540 414)
 (415 527 207 535 539 541 542) (6 512 416) (417 513 544 208) (418 544 514 104)
 (209 545 419 515 546) (516 52 420 544) (545 210 548 421 517)
 (105 546 548 422 518) (547 549 550 519 211 423) (544 26 520 424)
 (425 521 212 552 545) (426 552 522 546 106) (547 553 554 523 213 427)
 (524 548 428 53 552) (549 553 556 525 214 429) (550 554 107 556 526 430)
 (551 555 557 558 527 215 431) (544 528 13 432) (433 529 560 545 216)
 (434 108 560 546 530) (435 547 561 562 531 217) (532 548 436 54 560)
 (437 561 564 533 549 218) (550 109 562 564 534 438)
 (439 551 563 565 566 535 219) (552 27 536 560 440) (441 561 553 568 537 220)
 (442 568 110 562 554 538) (443 563 569 570 539 221 555)
 (444 556 564 55 568 540) (557 445 565 569 572 541 222)
 (558 111 446 566 570 572 542) (559 223 567 571 447 573 574 543) (3 512 448)
 (449 513 576 224) (450 576 514 112) (225 577 451 515 578) (516 576 452 56)
 (577 226 580 453 517) (113 578 580 454 518) (227 581 455 519 579 582)
 (520 576 28 456) (457 521 577 228 584) (458 584 522 578 114)
 (579 229 585 586 459 523) (57 524 460 580 584) (581 230 585 461 588 525)
 (582 586 588 462 526 115) (231 583 587 589 590 527 463) (576 528 14 464)
 (465 529 577 592 232) (466 592 116 578 530) (579 233 531 593 594 467)
 (532 58 580 468 592) (581 234 593 596 469 533) (582 594 596 117 470 534)
 (471 583 235 595 597 598 535) (584 536 29 592 472) (585 236 593 537 600 473)
 (586 538 594 118 600 474) (587 237 595 601 602 475 539)
 (476 588 596 600 59 540) (477 589 238 597 601 604 541)
 (590 542 598 119 602 604 478) (479 591 239 599 603 605 606 543)
 (576 7 544 480) (481 545 577 608 240) (482 608 546 578 120)
 (609 610 483 579 241 547) (548 60 484 580 608) (609 612 581 242 549 485)
 (610 612 486 550 121 582) (611 613 551 583 243 487 614) (584 552 608 30 488)
 (609 616 489 585 553 244) (610 616 490 586 554 122)
 (611 617 618 491 587 245 555) (588 616 556 492 612 61)
 (613 617 557 620 589 493 246) (614 618 620 494 590 123 558)
 (615 621 619 495 622 559 591 247) (592 560 608 15 496)
 (593 561 609 624 497 248) (610 594 624 498 124 562)
 (611 595 625 626 499 249 563) (500 612 624 564 596 62)
 (501 613 625 628 597 565 250) (614 566 626 628 502 125 598)
 (567 615 627 629 630 599 251 503) (616 568 31 624 600 504)
 (625 617 601 569 632 505 252) (618 632 570 626 602 506 126)
 (619 603 627 633 634 507 253 571) (604 620 508 628 632 572 63)
 (573 621 509 629 633 636 605 254) (574 622 510 630 634 636 606 127)
 (511 623 607 631 635 637 638 575 255) NIL (640 384) (640 256) (128 640)
 (385 643 641) (640 64) (386 645 641) (645 642 257) (645 643 129)
 (387 646 644 648) (640 32) (388 650 641) (642 650 258) (643 130 650)
 (653 389 644 651) (645 65 650) (390 646 655 651) (259 655 647 652)
 (653 655 648 131) (654 656 391 658 649) (640 16) (392 660 641) (660 642 260)
 (132 643 660) (393 661 644 663) (66 645 660) (665 646 661 394)
 (261 665 647 662) (665 133 648 663) (666 668 395 649 664) (33 660 650)
 (661 670 651 396) (670 262 662 652) (653 134 663 670) (397 654 673 671 664)
 (665 655 67 670) (398 675 656 671 666) (263 657 667 675 672)
 (673 675 668 658 135) (399 659 669 674 676 678) (640 8) (680 641 400)
 (680 642 264) (680 643 136) (401 681 683 644) (645 68 680) (681 402 646 685)
 (265 682 647 685) (137 683 685 648) (403 684 686 649 688) (34 650 680)
 (681 690 404 651) (266 682 690 652) (653 138 683 690) (654 691 684 405 693)
 (685 655 69 690) (691 656 406 695 686) (267 692 657 695 687)
 (139 693 658 695 688) (689 694 696 698 407 659) (17 660 680) (681 700 661 408)
 (682 268 662 700) (700 683 140 663) (409 684 701 703 664) (665 700 685 70)
 (705 666 701 686 410) (705 667 269 702 687) (705 668 141 703 688)
 (689 704 706 411 708 669) (690 35 700 670) (691 412 701 710 671)
 (710 702 692 270 672) (673 693 142 703 710) (694 704 413 711 713 674)
 (705 675 695 71 710) (696 706 414 711 715 676) (271 697 707 712 715 677)
 (698 708 713 715 678 143) (699 709 415 714 716 718 679) (640 4) (720 641 416)
 (720 642 272) (720 643 144) (417 721 723 644) (645 720 72) (721 418 646 725)
 (273 722 647 725) (145 723 725 648) (419 724 726 649 728) (36 650 720)
 (721 730 420 651) (274 730 722 652) (653 146 723 730) (654 731 724 421 733)
 (73 730 655 725) (731 656 422 735 726) (275 732 657 735 727)
 (147 733 658 735 728) (738 659 423 729 734 736) (18 660 720) (721 740 661 424)
 (722 740 276 662) (740 723 148 663) (425 724 741 743 664) (665 74 740 725)
 (745 666 741 726 426) (745 667 277 742 727) (745 668 149 743 728)
 (744 746 748 669 729 427) (730 740 37 670) (731 428 741 750 671)
 (732 750 278 742 672) (673 733 150 743 750) (744 751 753 674 429 734)
 (745 675 75 735 750) (746 751 755 676 430 736) (737 279 747 752 755 677)
 (738 748 753 755 151 678) (739 749 754 756 679 431 758) (9 720 680)
 (681 721 760 432) (682 760 722 280) (683 760 723 152) (433 724 763 684 761)
 (725 76 685 760) (761 434 765 686 726) (281 762 765 727 687)
 (153 763 728 765 688) (689 435 729 764 766 768) (690 760 38 730)
 (761 770 691 436 731) (282 692 770 732 762) (154 763 693 770 733)
 (771 773 694 437 764 734) (765 77 735 695 770) (771 438 775 696 766 736)
 (737 772 775 697 283 767) (738 773 775 698 155 768)
 (769 739 774 439 776 778 699) (740 19 700 760) (761 741 780 701 440)
 (780 762 284 702 742) (780 763 156 743 703) (744 441 781 783 704 764)
 (705 745 780 765 78) (746 781 785 706 442 766) (747 285 782 785 707 767)
 (748 783 785 708 157 768) (769 443 749 784 786 788 709) (770 780 710 39 750)
 (771 444 781 751 790 711) (772 782 752 790 712 286) (773 783 753 790 713 158)
 (774 445 784 754 791 793 714) (775 79 785 755 790 715)
 (776 446 786 756 791 795 716) (777 287 787 757 792 795 717)
 (778 788 758 793 795 718 159) (779 447 789 759 794 796 798 719) (640 2)
 (800 641 448) (800 642 288) (800 643 160) (449 801 803 644) (645 800 80)
 (801 450 646 805) (289 802 647 805) (161 803 805 648) (451 804 806 649 808)
 (800 650 40) (801 810 452 651) (290 810 802 652) (653 162 803 810)
 (654 811 804 453 813) (81 810 655 805) (811 656 454 815 806)
 (291 812 657 815 807) (163 813 658 815 808) (455 809 814 659 816 818)
 (660 20 800) (801 820 661 456) (802 292 662 820) (820 803 164 663)
 (457 804 821 823 664) (665 82 820 805) (825 666 821 806 458)
 (825 667 293 822 807) (825 668 165 823 808) (809 459 669 824 826 828)
 (41 810 820 670) (811 460 821 830 671) (830 822 812 294 672)
 (673 813 166 823 830) (833 461 814 824 674 831) (825 675 83 815 830)
 (835 462 816 826 676 831) (835 295 817 827 677 832) (833 835 167 818 828 678)
 (834 836 838 463 819 829 679) (10 800 680) (681 801 840 464) (682 840 802 296)
 (683 840 803 168) (465 804 841 684 843) (805 84 685 840) (841 466 845 686 806)
 (297 842 845 807 687) (169 843 808 845 688) (689 809 844 846 848 467)
 (690 840 810 42) (841 850 691 468 811) (850 298 692 812 842)
 (850 170 843 693 813) (694 844 814 851 853 469) (845 85 815 695 850)
 (696 846 816 851 470 855) (697 299 847 817 852 855) (698 171 848 818 853 855)
 (699 849 819 854 471 856 858) (820 700 21 840) (841 821 860 701 472)
 (842 300 860 702 822) (843 172 860 823 703) (844 704 824 473 861 863)
 (705 825 860 845 86) (865 846 706 474 826 861) (865 301 847 707 827 862)
 (865 173 848 708 828 863) (866 868 849 709 475 829 864) (850 43 860 710 830)
 (870 851 711 476 861 831) (870 302 852 712 862 832) (833 870 174 853 713 863)
 (834 871 873 854 714 477 864) (865 835 87 855 715 870)
 (866 836 871 875 856 716 478) (867 837 872 875 303 857 717)
 (868 838 873 875 175 858 718) (869 839 874 876 878 719 859 479) (5 800 720)
 (721 801 880 480) (722 880 802 304) (723 880 803 176) (481 804 883 724 881)
 (805 880 725 88) (881 482 885 726 806) (305 882 885 807 727)
 (177 883 808 885 728) (483 809 884 886 888 729) (730 44 880 810)
 (881 890 731 484 811) (306 732 890 812 882) (178 883 733 890 813)
 (485 814 884 891 893 734) (89 890 885 815 735) (486 816 886 891 895 736)
 (737 817 307 887 892 895) (738 818 179 888 893 895)
 (898 739 487 819 889 894 896) (820 740 22 880) (881 821 900 741 488)
 (882 308 742 900 822) (900 883 180 823 743) (901 903 744 489 884 824)
 (745 90 900 885 825) (901 905 746 886 490 826) (902 905 747 309 887 827)
 (903 905 748 181 888 828) (904 906 491 908 749 889 829) (890 900 45 750 830)
 (901 492 910 751 891 831) (902 910 752 310 892 832) (833 903 910 753 182 893)
 (834 904 493 911 913 754 894) (835 905 910 755 91 895)
 (836 906 494 911 915 756 896) (897 837 907 912 915 757 311)
 (898 838 908 913 915 758 183) (899 839 909 495 914 916 918 759)
 (11 840 880 760) (761 841 881 920 496) (842 762 920 882 312)
 (763 883 843 920 184) (844 497 884 921 923 764) (845 92 765 885 920)
 (846 498 886 921 925 766) (847 887 313 922 925 767) (848 888 185 923 925 768)
 (769 849 499 889 924 926 928) (770 920 890 46 850) (930 771 851 500 921 891)
 (930 772 852 922 314 892) (930 773 853 186 923 893)
 (931 933 774 501 854 924 894) (930 775 93 855 925 895)
 (931 935 776 502 856 926 896) (897 932 935 777 857 315 927)
 (898 933 935 778 858 187 928) (929 899 934 936 938 779 503 859)
 (900 780 860 23 920) (901 940 781 504 921 861) (902 940 782 922 316 862)
 (903 940 783 923 188 863) (904 941 943 784 505 924 864)
 (865 905 940 785 925 94) (866 906 941 945 786 506 926)
 (867 907 942 945 787 317 927) (868 908 943 945 788 189 928)
 (929 869 909 944 946 948 789 507) (930 870 940 910 47 790)
 (931 871 941 911 950 791 508) (932 872 942 912 950 792 318)
 (933 873 943 913 950 793 190) (934 874 944 914 951 953 794 509)
 (935 875 945 915 950 795 95) (936 876 946 916 951 955 796 510)
 (937 877 947 917 952 955 797 319) (938 878 948 918 953 955 798 191)
 (939 879 949 799 919 954 956 958 511) (640 1) (960 641 512) (960 642 320)
 (960 643 192) (513 961 963 644) (645 960 96) (961 514 646 965)
 (321 962 965 647) (193 963 965 648) (515 964 966 649 968) (960 650 48)
 (961 970 516 651) (962 322 970 652) (653 194 963 970) (654 971 964 517 973)
 (97 970 655 965) (971 656 518 975 966) (323 972 657 975 967)
 (195 973 658 975 968) (519 969 974 659 976 978) (960 660 24) (961 980 661 520)
 (962 324 980 662) (963 196 980 663) (521 964 981 983 664) (665 98 980 965)
 (985 666 981 966 522) (985 667 325 982 967) (985 668 197 983 968)
 (969 523 669 984 986 988) (49 970 980 670) (971 524 981 990 671)
 (982 990 972 326 672) (673 973 198 983 990) (993 525 974 984 674 991)
 (985 675 99 975 990) (995 526 976 986 676 991) (995 327 977 987 677 992)
 (993 995 199 978 988 678) (994 996 998 527 979 989 679) (960 12 680)
 (681 961 1000 528) (962 682 1000 328) (683 1000 963 200)
 (529 1001 1003 684 964) (965 100 685 1000) (1001 530 1005 686 966)
 (329 1002 1005 967 687) (201 1003 968 1005 688) (689 969 1004 1006 1008 531)
 (970 690 1000 50) (1001 1010 691 532 971) (330 692 972 1010 1002)
 (202 973 693 1003 1010) (694 1004 974 1011 1013 533) (1005 101 975 695 1010)
 (696 1006 976 1011 534 1015) (697 331 1007 977 1012 1015)
 (698 203 1008 978 1013 1015) (699 1009 979 1014 535 1016 1018)
 (25 700 980 1000) (1001 981 1020 701 536) (1020 1002 332 702 982)
 (1020 1003 204 983 703) (1004 704 984 537 1021 1023) (705 985 1020 1005 102)
 (1025 1006 706 538 986 1021) (1025 333 1007 707 987 1022)
 (1025 205 1008 708 988 1023) (1026 1028 1009 709 539 989 1024)
 (1010 51 1020 710 990) (1030 1011 711 540 1021 991)
 (1030 334 1012 712 1022 992) (993 1030 206 1013 713 1023)
 (994 1031 1033 1014 714 541 1024) (1025 995 1030 103 1015 715)
 (1026 996 1031 1035 1016 716 542) (1027 997 1032 1035 335 1017 717)
 (1028 998 1033 1035 207 1018 718) (1029 999 1034 1036 1038 719 1019 543)
 (6 960 720) (721 961 1040 544) (962 722 1040 336) (723 1040 963 208)
 (545 1041 1043 724 964) (965 1040 725 104) (1041 546 1045 726 966)
 (337 1042 1045 967 727) (209 1043 968 1045 728) (547 969 1044 1046 1048 729)
 (730 52 1040 970) (1041 1050 731 548 971) (338 1050 732 972 1042)
 (210 973 733 1043 1050) (549 974 1044 1051 1053 734) (105 1050 1045 975 735)
 (550 976 1046 1051 1055 736) (737 977 339 1047 1052 1055)
 (738 978 211 1048 1053 1055) (1058 739 551 979 1049 1054 1056)
 (26 740 980 1040) (1041 981 1060 741 552) (1042 1060 340 742 982)
 (1043 212 983 743 1060) (1061 1063 744 553 1044 984) (745 106 985 1060 1045)
 (1061 1065 746 1046 554 986) (1062 1065 747 341 1047 987)
 (1063 1065 748 213 1048 988) (1064 1066 555 1068 749 1049 989)
 (1050 1060 53 750 990) (1061 556 1070 751 1051 991)
 (1062 1070 752 342 1052 992) (993 1063 1070 753 214 1053)
 (994 1064 557 1071 1073 754 1054) (995 1065 107 1070 755 1055)
 (996 1066 558 1071 1075 756 1056) (1057 997 1067 1072 1075 757 343)
 (1058 998 1068 1073 1075 758 215) (1059 999 1069 559 1074 1076 1078 759)
 (1000 13 1040 760) (761 1001 1080 1041 560) (762 1042 1080 1002 344)
 (1043 763 1080 1003 216) (1004 561 1044 1081 1083 764)
 (1005 108 765 1045 1080) (1006 562 1046 1081 1085 766)
 (1007 1047 345 1082 1085 767) (1008 1048 217 1083 1085 768)
 (769 1009 563 1049 1084 1086 1088) (770 1050 1080 54 1010)
 (1090 771 1011 564 1081 1051) (1090 772 1012 1082 346 1052)
 (1090 773 1013 218 1083 1053) (1091 1093 774 565 1014 1084 1054)
 (1090 775 109 1015 1085 1055) (1091 1095 776 566 1016 1086 1056)
 (1057 1092 1095 777 1017 347 1087) (1058 1093 1095 778 1018 219 1088)
 (1089 1059 1094 1096 1098 779 567 1019) (1080 27 780 1020 1060)
 (1061 1100 781 568 1081 1021) (1062 1100 782 1082 348 1022)
 (1063 1100 783 1083 220 1023) (1064 1101 1103 784 569 1084 1024)
 (1025 1065 1100 110 785 1085) (1026 1066 1101 1105 786 570 1086)
 (1027 1067 1102 1105 787 349 1087) (1028 1068 1103 1105 788 221 1088)
 (1089 1029 1069 1104 1106 1108 789 571) (1090 1030 1100 1070 790 55)
 (1091 1031 1101 1071 1110 791 572) (1092 1032 1102 1072 1110 792 350)
 (1093 1033 1103 1073 1110 793 222) (1094 1034 1104 1074 1111 1113 794 573)
 (1095 1035 111 1105 1075 1110 795) (1096 1036 1106 1076 1111 1115 796 574)
 (1097 1037 1107 1077 1112 1115 797 351)
 (1098 1038 1108 1078 1113 1115 798 223)
 (1099 1039 1109 799 1079 1114 1116 1118 575) (3 960 800) (801 961 1120 576)
 (962 802 1120 352) (803 1120 963 224) (577 1121 1123 804 964)
 (965 1120 805 112) (1121 578 1125 806 966) (353 1122 1125 967 807)
 (225 1123 968 1125 808) (579 1124 1126 1128 809 969) (970 810 1120 56)
 (1121 1130 811 580 971) (354 812 972 1130 1122) (226 973 813 1123 1130)
 (1124 581 1131 1133 814 974) (113 1130 1125 975 815)
 (1126 1131 1135 976 816 582) (977 355 1127 1132 1135 817)
 (978 227 1128 1133 1135 818) (1134 583 1129 979 1136 1138 819)
 (28 820 980 1120) (1121 981 1140 821 584) (1140 1122 356 822 982)
 (1140 1123 228 983 823) (1124 585 824 1141 1143 984) (825 114 985 1140 1125)
 (1126 586 1141 826 1145 986) (357 1127 1142 1145 827 987)
 (988 229 1128 1143 1145 828) (1129 829 587 1144 1146 1148 989)
 (57 1130 1140 830 990) (1131 588 1141 831 1150 991)
 (358 1132 1142 832 1150 992) (833 993 230 1133 1143 1150)
 (1153 834 994 589 1134 1144 1151) (835 995 1135 115 1145 1150)
 (1155 996 590 1136 836 1146 1151) (1155 997 359 1137 837 1147 1152)
 (1153 1155 838 231 1138 1148 998) (1154 1156 999 839 591 1139 1149 1158)
 (1120 1000 14 840) (841 1001 1160 1121 592) (842 1160 1002 1122 360)
 (1160 843 1123 1003 232) (1124 1161 1163 844 1004 593)
 (1005 1160 116 845 1125) (1126 1161 1165 846 1006 594)
 (1127 361 1162 1165 1007 847) (1128 233 1163 1165 1008 848)
 (1009 1129 1164 1166 1168 849 595) (850 1160 1010 1130 58)
 (1161 1131 1011 1170 851 596) (362 1132 1170 852 1162 1012)
 (234 1163 1133 1170 1013 853) (1164 1134 1171 597 854 1173 1014)
 (855 1165 1135 1170 117 1015) (856 1166 1136 1171 598 1175 1016)
 (363 1167 1137 1017 1172 1175 857) (235 1168 1138 1173 1175 1018 858)
 (1169 1139 1174 599 1176 1178 859 1019) (1140 860 29 1020 1160)
 (1161 861 1141 600 1180 1021) (1162 364 1022 1142 1180 862)
 (1163 236 863 1143 1180 1023) (1164 1144 601 864 1181 1183 1024)
 (865 1025 1165 118 1145 1180) (1185 866 1026 1166 602 1146 1181)
 (1185 867 365 1027 1167 1147 1182) (1185 868 237 1168 1028 1148 1183)
 (1186 1188 1029 1169 869 603 1149 1184) (870 1170 59 1180 1150 1030)
 (871 1031 1171 604 1181 1151 1190) (1190 1032 872 366 1172 1182 1152)
 (1153 1190 873 238 1033 1173 1183) (1154 1191 1193 874 1174 1034 605 1184)
 (1185 1155 1175 875 119 1035 1190) (1186 1156 1191 1195 876 1036 1176 606)
 (1187 1157 1192 877 1195 1037 367 1177)
 (1188 1158 1193 1195 878 239 1038 1178)
 (1189 1159 1194 1196 1198 1039 879 1179 607) (1120 7 1040 880)
 (881 1041 1200 1121 608) (882 1042 1200 1122 368) (1200 883 1123 1043 240)
 (609 1124 1201 1203 884 1044) (1045 1200 885 1125 120)
 (610 1126 1201 1205 886 1046) (887 1127 369 1202 1205 1047)
 (1128 888 241 1203 1205 1048) (611 1129 1049 1204 1206 1208 889)
 (890 1200 60 1130 1050) (612 1131 1201 1210 891 1051)
 (1052 1202 1132 370 1210 892) (1053 1133 242 1203 1210 893)
 (613 1134 1054 1204 1211 1213 894) (1135 1205 895 121 1210 1055)
 (614 1136 1206 1211 896 1215 1056) (897 1057 1137 371 1207 1212 1215)
 (898 1058 1138 243 1208 1213 1215) (1218 899 615 1059 1139 1209 1214 1216)
 (1140 1200 900 30 1060) (1220 1061 616 1201 1141 901)
 (1220 902 1202 372 1142 1062) (1220 903 1063 1203 244 1143)
 (1221 1223 1064 617 904 1204 1144) (1220 905 1065 1205 1145 122)
 (1221 1225 906 618 1206 1066 1146) (1222 1225 907 373 1207 1147 1067)
 (1068 1223 1225 908 245 1208 1148) (1224 909 619 1228 1069 1226 1209 1149)
 (1220 910 1070 1210 61 1150) (1221 620 1230 1071 911 1211 1151)
 (1222 1230 912 1072 374 1212 1152) (1153 1073 1223 1230 913 246 1213)
 (1154 1074 1224 621 1231 1233 914 1214) (1155 1225 915 1230 1075 123 1215)
 (1156 1226 622 1231 1235 916 1076 1216)
 (1217 1157 1227 1232 1235 1077 375 917)
 (1218 1158 1228 1233 1235 918 247 1078)
 (1219 919 1159 1229 623 1234 1236 1238 1079) (1200 1160 1080 15 920)
 (1161 624 1201 1081 1240 921) (1162 1240 376 1202 1082 922)
 (1163 248 1203 1240 923 1083) (1084 1164 625 1204 1241 1243 924)
 (925 1165 1205 1240 124 1085) (1166 1086 626 1206 1241 1245 926)
 (1167 927 1207 377 1242 1245 1087) (1168 1208 249 1243 928 1245 1088)
 (929 1089 1169 627 1209 1244 1246 1248) (930 1090 1170 1240 1210 62)
 (1250 931 1091 1171 628 1241 1211) (1250 1092 932 1172 1242 378 1212)
 (1250 933 1173 250 1243 1213 1093) (1251 1253 934 629 1174 1244 1214 1094)
 (1250 935 1095 125 1175 1245 1215) (1251 1255 1096 936 630 1176 1246 1216)
 (1217 1252 1255 937 1097 1177 379 1247)
 (1218 1253 1255 938 1098 1178 251 1248)
 (1249 1219 1254 1256 1258 939 631 1179 1099) (940 1100 31 1220 1240 1180)
 (1221 941 1260 1101 632 1241 1181) (1222 1260 942 1102 1242 380 1182)
 (1223 1260 1103 943 1243 252 1183) (1224 1261 944 1263 1104 633 1244 1184)
 (1185 1105 1225 1260 945 1245 126) (1186 1106 1226 1261 1265 946 634 1246)
 (1187 1227 1107 1262 1265 947 381 1247)
 (1188 948 1228 1263 1265 1108 253 1248)
 (1249 1189 1229 1264 1266 1268 1109 949 635) (1250 1190 1260 1230 950 63 1110)
 (1251 951 1191 1261 1231 1270 1111 636)
 (1252 1192 952 1262 1232 1270 1112 382)
 (1253 1193 1263 1233 1113 1270 953 254)
 (1254 1194 1264 1234 1271 1114 1273 954 637)
 (1255 1195 1265 1235 1270 955 1115 127)
 (956 1256 1196 1266 1236 1271 1275 1116 638)
 (1257 957 1197 1267 1237 1272 1275 1117 383)
 (1258 1198 1118 1268 1238 1273 1275 958 255)
 (1259 1199 959 1269 639 1239 1274 1276 1278 1119) NIL (1280 640) (1280 384)
 (1281 641 1282) (1280 256) (1281 642 1284) (1280 128) (643 1281 1286)
 (385 1286 1282) (1283 644 1287 1288) (1280 64) (645 1281 1290) (386 1290 1282)
 (1283 1291 646 1292) (1290 1284 257) (1291 1294 647 1285) (1286 129 1290)
 (1291 648 1287 1296) (387 1296 1292 1288) (1289 1293 1297 649 1298) (1280 32)
 (1281 650 1300) (388 1300 1282) (1283 1301 651 1302) (1300 1284 258)
 (1301 1304 1285 652) (1300 1286 130) (653 1301 1306 1287) (1302 389 1306 1288)
 (1289 654 1303 1307 1308) (1300 65 1290) (1291 1301 655 1310)
 (1292 390 1310 1302) (1312 1293 656 1311 1303) (259 1310 1304 1294)
 (1305 657 1311 1295 1314) (1310 1296 131 1306) (1311 1307 658 1297 1316)
 (1316 1312 1308 391 1298) (1317 1318 659 1299 1309 1313) (1280 16)
 (1281 660 1320) (392 1320 1282) (1283 1321 661 1322) (1320 1284 260)
 (1321 1324 662 1285) (132 1286 1320) (1321 663 1287 1326) (1322 393 1326 1288)
 (1289 1323 1328 1327 664) (66 1320 1290) (1291 665 1321 1330)
 (1292 394 1330 1322) (666 1293 1332 1323 1331) (261 1330 1294 1324)
 (1325 667 1295 1331 1334) (1330 133 1296 1326) (1331 668 1327 1297 1336)
 (1336 1328 1332 395 1298) (1337 1329 1333 1299 1338 669) (33 1320 1300)
 (1301 1321 1340 670) (1302 1340 1322 396) (1303 1341 1323 671 1342)
 (262 1340 1304 1324) (1325 1341 1305 1344 672) (1326 1340 1306 134)
 (673 1346 1341 1327 1307) (397 1346 1328 1342 1308)
 (1329 1343 1309 674 1347 1348) (1310 67 1340 1330) (1350 1311 1341 675 1331)
 (398 1312 1332 1350 1342) (1333 1343 676 1313 1351 1352)
 (1350 263 1344 1314 1334) (1354 1335 1351 1345 677 1315)
 (1346 1336 1350 135 1316) (1317 1356 1337 1347 678 1351)
 (1318 1356 399 1338 1348 1352) (1353 1319 1357 1358 1339 1349 679) (1280 8)
 (1360 1281 680) (1360 400 1282) (1283 681 1361 1362) (1360 1284 264)
 (1361 682 1364 1285) (1360 1286 136) (1361 683 1366 1287) (401 1362 1366 1288)
 (1289 1363 684 1367 1368) (1360 68 1290) (1291 1361 685 1370)
 (1292 1370 1362 402) (1372 1293 1371 1363 686) (265 1370 1364 1294)
 (1365 1371 1295 1374 687) (137 1370 1296 1366) (1371 1376 1367 1297 688)
 (1372 1376 403 1368 1298) (689 1377 1369 1373 1299 1378) (34 1360 1300)
 (1301 690 1380 1361) (1302 1380 404 1362) (1381 1303 1363 691 1382)
 (1380 266 1364 1304) (1381 1365 692 1305 1384) (138 1380 1306 1366)
 (1381 693 1367 1307 1386) (1386 1368 405 1382 1308)
 (694 1369 1383 1309 1387 1388) (1310 1380 69 1370) (1311 1381 1371 695 1390)
 (1372 1312 406 1390 1382) (696 1373 1383 1313 1391 1392)
 (267 1384 1314 1390 1374) (1394 697 1375 1315 1385 1391)
 (1386 139 1376 1390 1316) (1317 1396 698 1377 1387 1391)
 (1318 1396 407 1378 1388 1392) (1393 1319 1397 1398 699 1379 1389)
 (17 1360 1320) (1321 1361 700 1400) (1322 1400 1362 408)
 (1401 1402 1323 701 1363) (268 1364 1324 1400) (1401 1365 1404 1325 702)
 (1400 140 1326 1366) (1401 1367 703 1327 1406) (409 1402 1368 1406 1328)
 (1329 1403 1407 1408 1369 704) (1330 1400 70 1370) (705 1401 1331 1371 1410)
 (410 1372 1332 1410 1402) (1333 1403 1373 706 1411 1412)
 (1410 1404 269 1334 1374) (1405 1411 1375 707 1335 1414)
 (1410 1376 141 1406 1336) (1377 1407 1337 1411 708 1416)
 (1378 1408 1338 411 1412 1416) (1379 1409 1339 1413 1418 1417 709)
 (1380 35 1340 1400) (1401 1381 1420 1341 710) (1420 1402 412 1342 1382)
 (711 1403 1383 1421 1422 1343) (1404 1420 1384 270 1344)
 (1405 1385 712 1345 1421 1424) (1346 1420 1406 142 1386)
 (1426 1407 713 1347 1421 1387) (1426 1348 1408 413 1388 1422)
 (1427 1428 1349 1409 714 1389 1423) (1410 1420 1350 71 1390)
 (1430 1411 1351 715 1421 1391) (1430 1412 414 1352 1422 1392)
 (1353 1393 1431 1432 1413 716 1423) (1354 1430 271 1394 1414 1424)
 (1425 1355 1431 1434 1395 1415 717) (1426 1396 1430 1356 1416 143)
 (1427 1397 1431 1436 1417 1357 718) (1428 1358 1432 1436 415 1418 1398)
 (1429 1359 1399 1433 1437 1438 1419 719) (1280 4) (1440 1281 720)
 (1440 416 1282) (1283 721 1441 1442) (1440 1284 272) (1441 722 1444 1285)
 (1440 1286 144) (1441 723 1446 1287) (417 1442 1446 1288)
 (1289 1443 724 1447 1448) (1440 72 1290) (1291 1441 725 1450)
 (1442 1292 1450 418) (1293 1452 726 1443 1451) (273 1450 1294 1444)
 (1445 1451 1295 1454 727) (145 1450 1296 1446) (1451 1456 1447 1297 728)
 (419 1448 1452 1456 1298) (1457 1449 1453 1299 1458 729) (1440 36 1300)
 (1301 730 1441 1460) (1302 420 1460 1442) (1303 1461 731 1443 1462)
 (274 1304 1444 1460) (1445 1461 732 1305 1464) (146 1460 1306 1446)
 (1461 733 1447 1307 1466) (1466 1448 421 1462 1308)
 (1449 1463 1309 1467 1468 734) (73 1310 1460 1450) (1311 1461 1451 735 1470)
 (1470 1312 1452 422 1462) (1453 1463 736 1313 1471 1472)
 (1470 275 1464 1314 1454) (737 1474 1455 1471 1465 1315)
 (1466 147 1456 1470 1316) (1317 738 1476 1457 1467 1471)
 (1318 1476 1458 423 1468 1472) (1473 1319 1477 1478 739 1459 1469)
 (18 1440 1320) (1321 1441 740 1480) (1442 1322 1480 424)
 (1481 1482 1323 741 1443) (276 1324 1444 1480) (1481 1445 1484 1325 742)
 (1480 148 1326 1446) (1481 1486 743 1327 1447) (425 1482 1448 1486 1328)
 (744 1329 1483 1487 1488 1449) (1450 1330 1480 74) (745 1481 1331 1451 1490)
 (426 1332 1452 1490 1482) (1333 746 1483 1453 1491 1492)
 (1490 1484 277 1334 1454) (747 1485 1455 1335 1491 1494)
 (1490 1456 149 1486 1336) (1457 748 1487 1337 1491 1496)
 (1458 1488 1338 1492 1496 427) (749 1459 1489 1339 1493 1497 1498)
 (1340 37 1460 1480) (1481 1461 1500 1341 750) (1482 1500 428 1342 1462)
 (1463 1483 751 1343 1501 1502) (1500 1484 1464 278 1344)
 (1485 752 1465 1345 1501 1504) (1346 1500 150 1486 1466)
 (1506 1487 753 1347 1501 1467) (1506 1468 1488 1348 429 1502)
 (1507 1508 1349 1489 754 1469 1503) (1490 75 1500 1350 1470)
 (1510 1491 755 1351 1501 1471) (1510 430 1492 1352 1502 1472)
 (1353 1473 1511 1512 756 1493 1503) (1354 1510 279 1474 1494 1504)
 (1505 1355 1511 1514 1475 757 1495) (1506 1356 1510 1476 151 1496)
 (1507 1477 1511 1516 758 1497 1357) (1508 1358 1512 1516 1498 431 1478)
 (1509 1479 1359 1513 1517 1518 759 1499) (9 1440 1360) (1361 1441 1520 760)
 (1442 1362 1520 432) (761 1521 1363 1443 1522) (1364 1444 1520 280)
 (1521 762 1445 1524 1365) (1446 1520 1366 152) (1521 763 1447 1367 1526)
 (433 1522 1448 1526 1368) (1369 1449 1523 1527 1528 764) (1370 76 1520 1450)
 (1521 1530 1371 765 1451) (434 1530 1372 1452 1522)
 (1373 1453 1523 1531 1532 766) (281 1530 1524 1374 1454)
 (1375 1525 1455 1531 1534 767) (153 1530 1456 1526 1376)
 (1457 1377 1527 1531 768 1536) (435 1458 1378 1528 1532 1536)
 (769 1537 1538 1459 1379 1529 1533) (1380 1460 38 1520)
 (1521 770 1461 1540 1381) (1522 436 1540 1382 1462)
 (771 1541 1383 1523 1463 1542) (282 1464 1540 1524 1384)
 (772 1541 1544 1465 1525 1385) (1466 1386 1540 1526 154)
 (1541 1546 1527 773 1387 1467) (1468 437 1542 1546 1528 1388)
 (774 1543 1389 1547 1548 1529 1469) (1530 1540 77 1390 1470)
 (1541 775 1550 1471 1531 1391) (438 1542 1550 1392 1532 1472)
 (1393 1473 1543 776 1551 1552 1533) (1394 1544 283 1550 1474 1534)
 (1395 1554 777 1475 1551 1545 1535) (1396 1546 1550 1476 155 1536)
 (1537 1477 778 1547 1551 1556 1397) (1538 1398 439 1548 1552 1556 1478)
 (1539 1399 1479 779 1549 1553 1557 1558) (19 1480 1520 1400)
 (1401 1481 780 1521 1560) (1402 1522 1560 1482 440)
 (1403 781 1523 1561 1562 1483) (284 1404 1484 1524 1560)
 (1405 1485 782 1525 1561 1564) (1526 156 1560 1406 1486)
 (783 1407 1527 1561 1566 1487) (441 1488 1528 1562 1408 1566)
 (1489 784 1409 1529 1563 1567 1568) (1410 1530 1560 78 1490)
 (1570 1491 785 1411 1561 1531) (1570 442 1412 1492 1562 1532)
 (1571 1572 786 1493 1413 1563 1533) (1570 285 1414 1564 1534 1494)
 (1571 1415 787 1495 1565 1535 1574) (1570 1416 1496 157 1566 1536)
 (1537 1571 1576 1497 788 1417 1567) (1538 1572 1576 443 1498 1418 1568)
 (1569 1539 1573 1577 1578 789 1419 1499) (1420 1560 1500 39 1540)
 (1541 1421 1580 790 1561 1501) (1580 1542 444 1502 1562 1422)
 (1543 1581 1582 1503 791 1563 1423) (1544 1580 286 1424 1564 1504)
 (1425 1505 1545 1581 1584 792 1565) (1426 1506 1546 1580 158 1566)
 (1427 1547 1581 1507 1586 793 1567) (1428 1548 445 1582 1586 1508 1568)
 (1569 1429 1549 1583 1587 1588 1509 794) (1570 1430 1580 1550 79 1510)
 (1571 1431 1511 1581 1551 1590 795) (1572 1512 1432 1582 1552 1590 446)
 (1573 1433 1583 1553 1513 1591 1592 796) (1574 1434 287 1584 1554 1590 1514)
 (1575 1435 1585 1555 1591 1594 797 1515) (1516 1576 1436 1586 1556 1590 159)
 (1577 1437 1517 1587 1557 1591 1596 798)
 (1578 1438 447 1518 1588 1558 1592 1596)
 (1579 1519 1589 1439 1559 1593 1597 1598 799) (1280 2) (1281 1600 800)
 (448 1600 1282) (1283 801 1601 1602) (1600 1284 288) (1601 802 1604 1285)
 (1600 1286 160) (1601 803 1606 1287) (449 1602 1606 1288)
 (1289 1603 804 1607 1608) (80 1600 1290) (1291 1601 805 1610)
 (1292 1602 1610 450) (1612 1293 1611 1603 806) (289 1610 1604 1294)
 (1605 1611 1295 1614 807) (161 1610 1296 1606) (1611 1616 1607 1297 808)
 (1612 1616 451 1608 1298) (1617 809 1613 1299 1618 1609) (40 1600 1300)
 (1301 810 1620 1601) (1620 1302 452 1602) (1621 1303 1603 811 1622)
 (1604 290 1620 1304) (1605 812 1305 1621 1624) (162 1620 1306 1606)
 (1621 813 1607 1307 1626) (1626 1608 453 1622 1308)
 (1609 814 1623 1309 1627 1628) (81 1310 1620 1610) (1311 1621 1611 815 1630)
 (1612 1312 1630 454 1622) (1613 816 1623 1313 1631 1632)
 (291 1624 1630 1314 1614) (1634 1615 817 1315 1625 1631)
 (1626 163 1616 1630 1316) (1317 1636 1617 818 1627 1631)
 (1318 1636 455 1618 1628 1632) (1633 1319 1637 1638 819 1619 1629)
 (20 1600 1320) (1321 1601 820 1640) (1322 1640 1602 456)
 (1641 1642 1323 821 1603) (292 1604 1324 1640) (1641 1605 1644 1325 822)
 (1640 164 1326 1606) (1641 1607 823 1327 1646) (457 1642 1608 1646 1328)
 (1329 1643 1647 1648 1609 824) (1330 1640 1610 82) (825 1641 1331 1611 1650)
 (1612 458 1332 1650 1642) (1613 1643 1333 1651 1652 826)
 (1650 1644 293 1334 1614) (1645 1615 1651 1335 827 1654)
 (1650 1616 165 1646 1336) (1617 1647 1337 1651 1656 828)
 (1618 459 1648 1338 1652 1656) (1619 1649 1339 1653 1657 1658 829)
 (41 1620 1340 1640) (1641 1621 1660 1341 830) (1642 460 1660 1342 1622)
 (1343 1643 1623 1661 1662 831) (1644 1624 1660 294 1344)
 (1645 1625 1345 832 1661 1664) (1346 1646 1660 166 1626)
 (833 1666 1647 1347 1661 1627) (1666 1348 461 1648 1628 1662)
 (834 1667 1668 1629 1649 1349 1663) (1650 83 1660 1350 1630)
 (835 1670 1651 1351 1661 1631) (1670 462 1652 1352 1662 1632)
 (1353 1633 836 1671 1672 1653 1663) (1354 1670 295 1634 1654 1664)
 (1665 1355 837 1671 1674 1635 1655) (1666 1636 1670 167 1356 1656)
 (1667 1637 838 1671 1676 1657 1357) (1668 1358 1672 1676 463 1658 1638)
 (1359 1669 839 1639 1673 1677 1678 1659) (10 1600 1360) (1361 1601 1680 840)
 (1362 1680 1602 464) (841 1681 1363 1603 1682) (1604 1680 1364 296)
 (1681 842 1684 1365 1605) (1680 1606 1366 168) (1681 843 1607 1367 1686)
 (465 1682 1608 1686 1368) (1369 844 1609 1683 1687 1688) (1370 1680 84 1610)
 (1681 1690 1371 845 1611) (1612 466 1372 1690 1682)
 (1373 1613 846 1683 1691 1692) (297 1690 1684 1374 1614)
 (1375 1615 1685 847 1691 1694) (169 1690 1616 1686 1376)
 (1617 848 1377 1687 1691 1696) (1618 1378 467 1688 1692 1696)
 (1697 1698 1619 849 1379 1689 1693) (1620 42 1380 1680)
 (1681 850 1700 1381 1621) (1682 468 1382 1700 1622)
 (1701 1383 1683 851 1623 1702) (298 1684 1624 1700 1384)
 (1701 1704 1625 852 1685 1385) (1386 1700 1626 1686 170)
 (1701 1706 853 1687 1387 1627) (1388 1702 1706 469 1688 1628)
 (1703 1389 1707 1708 854 1689 1629) (1690 1700 85 1390 1630)
 (1701 1710 1391 855 1691 1631) (1702 1710 1392 470 1692 1632)
 (1393 1633 1703 1711 1712 856 1693) (1394 1634 1704 299 1710 1694)
 (1395 1705 1635 1711 1714 857 1695) (1636 1706 171 1710 1396 1696)
 (1697 1397 1637 1707 1711 1716 858) (1698 1398 1708 1712 1716 471 1638)
 (1699 1399 1639 1709 1713 1717 1718 859) (1680 1640 21 1400)
 (1401 1641 1681 860 1720) (1402 1720 1642 1682 472)
 (1403 1683 1721 1722 861 1643) (300 1644 1684 1404 1720)
 (1405 1645 1685 1721 1724 862) (1720 172 1406 1686 1646)
 (1647 1407 1687 1721 1726 863) (1648 1688 473 1722 1408 1726)
 (1649 1409 1689 1723 1728 1727 864) (1410 1720 86 1690 1650)
 (865 1730 1651 1411 1721 1691) (1730 1652 1412 1722 474 1692)
 (866 1731 1732 1413 1653 1723 1693) (1730 301 1414 1724 1694 1654)
 (1731 1415 867 1655 1725 1695 1734) (1730 1416 173 1656 1726 1696)
 (1697 1731 868 1736 1657 1417 1727) (1698 1732 1736 1658 1418 475 1728)
 (1729 1699 1733 1737 1738 869 1419 1659) (1660 43 1420 1700 1720)
 (1701 870 1421 1740 1721 1661) (1702 1740 1662 1722 476 1422)
 (871 1703 1741 1742 1423 1723 1663) (1704 1740 302 1424 1724 1664)
 (1425 1665 872 1705 1741 1744 1725) (1426 1666 1706 1740 174 1726)
 (1427 873 1707 1741 1667 1746 1727) (1668 1708 1742 1746 1428 477 1728)
 (1729 1669 874 1709 1743 1747 1748 1429) (1730 1430 1740 1710 87 1670)
 (1731 1431 1671 875 1741 1711 1750) (1732 1672 1432 1742 1712 1750 478)
 (1733 1433 876 1743 1713 1673 1751 1752) (1734 1434 303 1744 1714 1750 1674)
 (1735 1435 877 1745 1715 1751 1754 1675) (1436 1736 1676 175 1746 1716 1750)
 (1737 1437 1677 878 1747 1717 1751 1756)
 (1738 1438 1678 1748 1718 1752 1756 479)
 (1739 1679 1439 1749 879 1719 1753 1757 1758) (5 1600 1440)
 (1441 1601 1760 880) (1442 1760 1602 480) (881 1761 1443 1603 1762)
 (1604 1444 1760 304) (1761 882 1764 1445 1605) (1760 1606 1446 176)
 (1761 883 1607 1447 1766) (481 1762 1608 1766 1448)
 (1763 1767 1768 1449 1609 884) (1450 1760 1610 88) (1761 1770 1451 885 1611)
 (1612 482 1452 1770 1762) (1763 1453 1771 1772 1613 886)
 (305 1770 1764 1454 1614) (1765 1771 1774 1615 1455 887)
 (177 1770 1616 1766 1456) (1617 1767 1771 1776 1457 888)
 (483 1768 1772 1618 1776 1458) (1769 1773 1619 1777 1778 1459 889)
 (1620 1460 44 1760) (1761 890 1780 1461 1621) (1780 1762 484 1462 1622)
 (1763 1463 1781 1782 1623 891) (1780 306 1624 1764 1464)
 (1765 1625 1781 1784 1465 892) (1466 1780 1626 1766 178)
 (1767 1781 1786 1467 893 1627) (1468 485 1768 1782 1786 1628)
 (1769 1469 1783 1787 1788 1629 894) (89 1770 1780 1470 1630)
 (1771 1781 895 1471 1790 1631) (486 1772 1782 1472 1790 1632)
 (1473 1633 1773 1783 1792 1791 896) (1474 1634 1774 307 1784 1790)
 (897 1794 1475 1635 1775 1785 1791) (1636 1776 179 1476 1786 1790)
 (898 1796 1477 1777 1637 1787 1791) (1796 1478 487 1638 1778 1788 1792)
 (1793 899 1797 1479 1639 1779 1789 1798) (1640 1760 22 1480)
 (1481 1641 900 1761 1800) (1482 1800 1762 1642 488)
 (1763 901 1801 1802 1483 1643) (308 1644 1484 1764 1800)
 (1765 902 1801 1485 1804 1645) (1766 180 1486 1800 1646)
 (1767 903 1801 1806 1647 1487) (1768 489 1802 1806 1648 1488)
 (1649 904 1769 1803 1807 1808 1489) (1490 1800 1770 1650 90)
 (1810 905 1771 1651 1801 1491) (490 1772 1652 1810 1492 1802)
 (906 1803 1773 1811 1812 1493 1653) (1804 1774 1810 309 1494 1654)
 (1495 907 1805 1775 1811 1814 1655) (1496 1806 1776 1810 181 1656)
 (908 1807 1777 1657 1811 1816 1497) (491 1816 1808 1778 1812 1658 1498)
 (909 1809 1779 1813 1817 1818 1499 1659) (1660 1500 45 1780 1800)
 (1801 1501 910 1781 1820 1661) (1802 492 1662 1782 1820 1502)
 (1803 911 1503 1783 1821 1822 1663) (1804 310 1784 1820 1504 1664)
 (1505 1665 1805 912 1785 1821 1824) (1506 1666 1806 182 1786 1820)
 (1826 1507 1667 1807 913 1787 1821) (1826 1668 493 1808 1508 1788 1822)
 (1827 1828 1669 1809 914 1509 1789 1823) (1510 1810 91 1820 1790 1670)
 (1511 1671 915 1811 1821 1791 1830) (1830 1672 1512 494 1812 1822 1792)
 (1793 1831 1832 1513 1673 916 1813 1823) (1794 1830 1514 1814 311 1674 1824)
 (1825 1795 1831 1834 1515 917 1815 1675) (1826 1796 1830 1516 1676 183 1816)
 (1827 1797 1831 1517 1836 1677 918 1817)
 (1828 1798 1832 1836 1518 495 1678 1818)
 (1829 1799 1833 1837 1838 1679 1519 919 1819) (11 1680 1760 1520)
 (1521 1681 1761 1840 920) (1522 1840 1762 1682 496)
 (1763 1683 1841 1842 1523 921) (1840 1684 1524 1764 312)
 (1765 1525 1841 1844 1685 922) (1766 1840 1526 1686 184)
 (1527 1767 1841 1846 1687 923) (1768 1528 497 1842 1846 1688)
 (1769 1689 1843 1847 1848 1529 924) (1530 92 1770 1840 1690)
 (1771 1841 1850 1531 925 1691) (1532 1842 1772 498 1850 1692)
 (1533 1773 1843 1851 1852 1693 926) (1774 1694 1844 313 1850 1534)
 (1535 1775 1845 927 1851 1854 1695) (1776 1846 185 1850 1536 1696)
 (1537 1697 1777 1847 1851 1856 928) (1538 1698 1778 499 1848 1852 1856)
 (929 1857 1539 1858 1699 1779 1849 1853) (1780 1700 1540 46 1840)
 (930 1860 1541 1841 1781 1701) (1860 1542 1842 500 1782 1702)
 (931 1861 1543 1703 1843 1783 1862) (1860 1704 1544 1844 1784 314)
 (932 1861 1864 1545 1705 1845 1785) (1860 1546 186 1846 1706 1786)
 (1861 1866 1547 1847 933 1787 1707) (1548 1862 1866 1708 501 1848 1788)
 (934 1863 1549 1867 1868 1709 1849 1789) (1860 1550 1710 1850 93 1790)
 (1861 935 1870 1711 1551 1851 1791) (1862 1870 1712 502 1852 1552 1792)
 (1793 1713 1863 936 1871 1872 1553 1853) (1794 1864 1870 1714 1554 315 1854)
 (1795 1874 937 1715 1871 1865 1555 1855) (1796 1866 1870 1716 1556 187 1856)
 (1857 1797 938 1867 1871 1876 1557 1717)
 (1858 1798 1868 1872 1876 1558 503 1718)
 (1859 1559 1799 939 1869 1873 1877 1878 1719) (1800 1720 1840 23 1560)
 (1801 940 1841 1721 1880 1561) (1802 504 1842 1880 1562 1722)
 (1803 941 1843 1881 1882 1563 1723) (1724 1564 1804 1844 1880 316)
 (1565 1805 942 1845 1881 1884 1725) (1806 1726 1846 1880 188 1566)
 (1567 1807 943 1847 1881 1886 1727) (1808 1848 505 1882 1568 1886 1728)
 (1569 1729 944 1809 1849 1883 1887 1888) (1570 1730 1810 1880 1850 94)
 (1890 1571 1731 945 1811 1881 1851) (1890 1572 1812 1732 1882 506 1852)
 (1891 1892 1733 946 1813 1573 1883 1853) (1890 1574 1814 1884 317 1854 1734)
 (1891 1575 1735 947 1815 1885 1855 1894) (1890 1736 1576 1816 189 1886 1856)
 (1857 1891 1896 1577 1737 948 1817 1887)
 (1858 1892 1896 1578 1738 1818 507 1888)
 (1889 1859 1893 1897 1898 1579 949 1819 1739) (1860 1580 47 1880 1820 1740)
 (1861 1581 1900 1741 950 1881 1821) (1862 1900 1582 1742 1882 508 1822)
 (1863 1901 1902 1743 1583 951 1883 1823) (1584 1864 1900 1744 1884 318 1824)
 (1825 1745 1865 1901 1904 1585 952 1885) (1826 1746 1866 1900 1886 1586 190)
 (1827 1867 1901 1747 1906 1587 953 1887)
 (1828 1868 1748 1902 1906 1588 509 1888)
 (1889 1829 1869 1903 1907 1908 1749 1589 954)
 (1890 1830 1900 1870 1590 95 1750) (1891 1591 1831 1901 1871 1910 1751 955)
 (1892 1832 1592 1902 1872 1910 1752 510)
 (1893 1833 1903 1873 1753 1911 1912 1593 956)
 (1894 1834 1904 1874 1910 1754 1594 319)
 (1895 1835 1905 1875 1911 1914 1595 957 1755)
 (1756 1896 1836 1906 1876 1910 1596 191)
 (1897 1597 1837 1907 1877 1911 1916 1757 958)
 (1898 1838 1758 1908 1878 1912 1916 1598 511)
 (1599 1899 1839 1909 959 1879 1913 1917 1918 1759) (1280 1) (1281 1920 960)
 (512 1920 1282) (1283 961 1921 1922) (1920 1284 320) (1921 962 1924 1285)
 (1920 1286 192) (1921 963 1926 1287) (513 1922 1926 1288)
 (1289 1923 964 1927 1928) (96 1920 1290) (1291 1921 965 1930)
 (1292 1922 1930 514) (1923 1293 1931 966 1932) (321 1930 1294 1924)
 (1925 1931 1295 1934 967) (193 1930 1296 1926) (1931 1936 1927 1297 968)
 (1936 515 1928 1932 1298) (1937 969 1933 1299 1938 1929) (48 1920 1300)
 (1301 970 1940 1921) (1302 516 1940 1922) (1923 1303 1941 971 1942)
 (322 1304 1924 1940) (1925 972 1305 1944 1941) (194 1940 1306 1926)
 (1941 973 1927 1307 1946) (1946 1928 517 1942 1308)
 (1929 974 1943 1309 1947 1948) (97 1310 1940 1930) (1311 1941 1931 975 1950)
 (1950 1312 518 1932 1942) (1933 976 1943 1313 1951 1952)
 (1950 323 1944 1314 1934) (1954 1935 977 1315 1945 1951)
 (1946 195 1936 1950 1316) (1317 1956 1937 978 1947 1951)
 (1318 1956 519 1938 1948 1952) (1953 1319 1957 1958 979 1939 1949)
 (24 1920 1320) (1321 1921 980 1960) (1322 1922 1960 520)
 (1961 1962 1323 981 1923) (1924 1324 324 1960) (1961 1925 1964 1325 982)
 (196 1326 1960 1926) (1927 1961 983 1327 1966) (521 1962 1928 1966 1328)
 (1329 1963 1967 1968 1929 984) (1330 1930 1960 98) (985 1961 1331 1931 1970)
 (522 1970 1332 1932 1962) (1933 1963 1333 1971 1972 986)
 (1970 1964 325 1334 1934) (1965 1935 1971 1335 987 1974)
 (1970 1936 197 1966 1336) (1937 1967 1337 1971 1976 988)
 (1938 523 1968 1338 1972 1976) (1939 1969 1339 1973 1977 1978 989)
 (49 1340 1940 1960) (1961 1941 1980 1341 990) (1962 524 1342 1980 1942)
 (1343 1963 1943 1981 1982 991) (1944 1980 326 1964 1344)
 (1965 1945 1345 992 1981 1984) (1346 1966 198 1980 1946)
 (993 1986 1967 1347 1981 1947) (1986 1948 525 1968 1348 1982)
 (994 1987 1988 1949 1969 1349 1983) (1970 99 1980 1350 1950)
 (995 1990 1971 1351 1981 1951) (1990 526 1972 1352 1982 1952)
 (1353 1953 996 1991 1992 1973 1983) (1354 1990 327 1954 1974 1984)
 (1985 1355 997 1991 1994 1955 1975) (1986 1356 1990 199 1956 1976)
 (1987 1957 998 1991 1996 1977 1357) (1988 1358 1992 1996 527 1978 1958)
 (1359 1989 999 1959 1993 1997 1998 1979) (12 1920 1360) (1361 1921 2000 1000)
 (1362 1922 2000 528) (1001 2001 1363 1923 2002) (2000 1364 1924 328)
 (2001 1002 2004 1365 1925) (1926 2000 1366 200) (2001 1003 1927 1367 2006)
 (529 2002 1928 2006 1368) (1369 1004 1929 2003 2007 2008) (2000 1370 100 1930)
 (2001 2010 1371 1005 1931) (530 1372 2010 1932 2002)
 (1373 1933 1006 2003 2011 2012) (329 2010 2004 1374 1934)
 (1375 1935 2005 1007 2011 2014) (201 2010 1936 2006 1376)
 (1937 1008 1377 2007 2011 2016) (1938 1378 531 2008 2012 2016)
 (2017 2018 1939 1009 1379 2009 2013) (50 1380 1940 2000)
 (2001 1010 2020 1381 1941) (2020 2002 532 1382 1942)
 (2021 1383 2003 1011 1943 2022) (2004 330 1944 2020 1384)
 (2021 2024 1945 1012 2005 1385) (1386 1946 2020 2006 202)
 (2021 2026 1013 2007 1387 1947) (1948 2022 2026 533 2008 1388)
 (2023 1389 2027 2028 1014 2009 1949) (2010 2020 101 1390 1950)
 (2021 2030 1391 1015 2011 1951) (2022 2030 1392 534 2012 1952)
 (1393 1953 2023 2031 2032 1016 2013) (1394 2024 331 1954 2030 2014)
 (1395 2025 1955 2031 2034 1017 2015) (1396 2026 203 2030 1956 2016)
 (2017 1397 1957 2027 2031 2036 1018) (2018 1398 2028 2032 2036 535 1958)
 (2019 1399 1959 2029 2033 2037 2038 1019) (25 2000 1960 1400)
 (1401 1961 1020 2001 2040) (2040 1402 1962 2002 536)
 (1403 2003 2041 2042 1021 1963) (2004 2040 1404 332 1964)
 (1405 1965 2005 2041 2044 1022) (2040 204 2006 1406 1966)
 (1967 1407 2007 2041 2046 1023) (1968 2008 537 2042 1408 2046)
 (1969 1409 2009 2043 2048 2047 1024) (1410 2040 2010 102 1970)
 (1025 2050 1971 1411 2041 2011) (2050 1972 1412 2042 538 2012)
 (1026 2051 2052 1413 1973 2043 2013) (2050 333 1414 2044 2014 1974)
 (1027 1415 2051 1975 2045 2015 2054) (2050 1416 205 1976 2046 2016)
 (2017 2051 1028 2056 1977 1417 2047) (2018 2052 2056 1978 1418 539 2048)
 (2049 2019 2053 2057 2058 1029 1419 1979) (2040 2020 51 1420 1980)
 (2021 1030 1421 2060 2041 1981) (2022 2060 1982 2042 540 1422)
 (1031 2023 2061 2062 1423 2043 1983) (2024 2060 334 1424 2044 1984)
 (1425 1985 1032 2025 2061 2064 2045) (1426 1986 2026 2060 206 2046)
 (1427 1033 2027 2061 1987 2066 2047) (1988 2028 2062 2066 1428 541 2048)
 (2049 1429 1034 2029 2063 2067 2068 1989) (2050 1430 103 2060 2030 1990)
 (2051 1431 1991 1035 2061 2031 2070) (2052 1992 1432 2062 2032 2070 542)
 (2053 1433 1036 2063 2033 1993 2071 2072) (2054 1434 335 2064 2034 2070 1994)
 (2055 1435 1037 2065 2035 2071 2074 1995) (1436 2056 1996 207 2066 2036 2070)
 (2057 1437 1997 1038 2067 2037 2071 2076)
 (2058 1438 1998 2068 2038 2072 2076 543)
 (2059 1999 1439 2069 1039 2039 2073 2077 2078) (6 1920 1440)
 (1441 1921 2080 1040) (1442 1922 2080 544) (1041 2081 1443 1923 2082)
 (2080 1444 1924 336) (2081 1042 2084 1445 1925) (1926 2080 1446 208)
 (2081 1043 1927 1447 2086) (545 2082 1928 2086 1448)
 (2083 2087 2088 1449 1929 1044) (1450 1930 2080 104)
 (2081 2090 1451 1045 1931) (546 1452 2090 1932 2082)
 (2083 1453 2091 2092 1933 1046) (337 2090 2084 1454 1934)
 (2085 2091 2094 1935 1455 1047) (209 2090 1936 2086 1456)
 (1937 2087 2091 2096 1457 1048) (547 2088 1938 2092 2096 1458)
 (2089 2093 1939 2097 2098 1459 1049) (52 1460 1940 2080)
 (2081 1050 2100 1461 1941) (2082 2100 548 1462 1942)
 (2083 1463 2101 2102 1943 1051) (2100 338 2084 1944 1464)
 (2085 1945 2101 2104 1465 1052) (1466 1946 2100 2086 210)
 (2087 2101 2106 1467 1053 1947) (1948 549 2088 2102 2106 1468)
 (2089 1469 2103 2107 2108 1949 1054) (105 2090 2100 1470 1950)
 (2091 2101 1055 1471 2110 1951) (550 2092 2102 1472 2110 1952)
 (1473 1953 2093 2103 2112 2111 1056) (1474 1954 2094 339 2104 2110)
 (1057 2114 1475 1955 2095 2105 2111) (1476 2096 211 1956 2106 2110)
 (1058 2116 1477 2097 1957 2107 2111) (1958 1478 551 2098 2116 2108 2112)
 (2113 1059 2117 1479 1959 2099 2109 2118) (26 2080 1960 1480)
 (1481 1961 1060 2081 2120) (1482 1962 2120 2082 552)
 (2083 1061 2121 2122 1483 1963) (2084 1484 2120 340 1964)
 (2085 1062 2121 1485 2124 1965) (212 2120 1486 2086 1966)
 (1063 2087 2121 2126 1967 1487) (2088 553 2122 2126 1968 1488)
 (1969 1064 2089 2123 2127 2128 1489) (1490 1970 2120 2090 106)
 (2130 1065 2091 1971 2121 1491) (1972 2122 2092 2130 1492 554)
 (1066 2123 2093 2131 2132 1493 1973) (2124 2094 2130 341 1494 1974)
 (1495 1067 2125 2095 2131 2134 1975) (1496 2126 2096 2130 213 1976)
 (1068 2127 2097 1977 2131 2136 1497) (555 2136 2128 2098 2132 1978 1498)
 (1069 2129 2099 2133 2137 2138 1499 1979) (2100 1500 53 2120 1980)
 (2121 1501 1070 2101 2140 1981) (2122 556 1982 2102 2140 1502)
 (2123 1071 1503 2103 2141 2142 1983) (2124 342 2104 2140 1504 1984)
 (1505 1985 2125 1072 2105 2141 2144) (1506 1986 2126 214 2106 2140)
 (2146 1507 1987 2127 1073 2107 2141) (2146 1988 557 2128 1508 2108 2142)
 (2147 2148 1509 2129 1074 1989 2109 2143) (1510 107 2130 2140 2110 1990)
 (1511 1991 1075 2131 2141 2111 2150) (2150 1992 1512 558 2132 2142 2112)
 (2113 2151 2152 1513 1993 1076 2133 2143) (2114 2150 1514 2134 343 1994 2144)
 (2145 2115 2151 2154 1515 1077 2135 1995) (2146 1516 2150 1996 2116 215 2136)
 (2147 2117 2151 1517 2156 1997 1078 2137)
 (2148 2118 2152 2156 1518 559 1998 2138)
 (2149 2119 2153 2157 2158 1999 1519 1079 2139) (2080 2000 13 1520)
 (1521 2001 2160 2081 1080) (1522 2160 2002 2082 560)
 (2083 2003 2161 2162 1523 1081) (2004 2084 1524 2160 344)
 (2085 2005 2161 2164 1525 1082) (2160 2006 1526 2086 216)
 (1527 2087 2161 2166 2007 1083) (2088 1528 561 2162 2166 2008)
 (2089 2009 2163 2167 2168 1529 1084) (1530 108 2160 2090 2010)
 (2091 2161 2170 1531 1085 2011) (1532 2162 2092 562 2170 2012)
 (1533 2093 2163 2171 2172 2013 1086) (2094 2014 2164 345 2170 1534)
 (1535 2095 2165 1087 2171 2174 2015) (2096 2166 217 2170 1536 2016)
 (1537 2017 2097 2167 2171 2176 1088) (1538 2018 2098 563 2168 2172 2176)
 (1089 2177 1539 2178 2019 2099 2169 2173) (2020 2100 1540 54 2160)
 (1090 2180 1541 2161 2101 2021) (2180 1542 2162 564 2102 2022)
 (1091 2181 1543 2023 2163 2103 2182) (2180 2024 1544 2164 2104 346)
 (1092 2181 2184 1545 2025 2165 2105) (2180 218 1546 2166 2026 2106)
 (2181 2186 1547 2167 1093 2107 2027) (1548 2182 2186 2028 565 2168 2108)
 (1094 2183 1549 2187 2188 2029 2169 2109) (2180 109 1550 2030 2170 2110)
 (2181 1095 2190 2031 1551 2171 2111) (2182 2190 2032 566 2172 1552 2112)
 (2113 2033 2183 1096 2191 2192 1553 2173) (2114 2184 2034 2190 1554 347 2174)
 (2115 2194 1097 2035 2191 2185 1555 2175) (2116 2186 2190 2036 1556 219 2176)
 (2177 2117 1098 2187 2191 2196 1557 2037)
 (2178 2118 2188 2192 2196 1558 567 2038)
 (2179 1559 2119 1099 2189 2193 2197 2198 2039) (27 2040 2120 2160 1560)
 (2121 1100 2161 2041 2200 1561) (2122 568 2162 2200 1562 2042)
 (2123 1101 2163 2201 2202 1563 2043) (1564 348 2124 2164 2200 2044)
 (1565 2125 1102 2165 2201 2204 2045) (2126 2046 2166 2200 220 1566)
 (1567 2127 1103 2167 2201 2206 2047) (2128 2168 569 2202 1568 2206 2048)
 (1569 2049 1104 2129 2169 2203 2207 2208) (1570 2050 110 2130 2200 2170)
 (2210 1571 2051 1105 2131 2201 2171) (2210 2052 2132 1572 2202 570 2172)
 (2211 2212 2053 1106 2133 1573 2203 2173) (2210 1574 2134 2204 349 2174 2054)
 (2211 1575 2055 1107 2135 2205 2175 2214) (2210 2056 1576 2136 221 2206 2176)
 (2177 2211 2216 1577 2057 1108 2137 2207)
 (2178 2212 2216 1578 2058 2138 571 2208)
 (2209 2179 2213 2217 2218 1579 1109 2139 2059) (2180 1580 2060 55 2200 2140)
 (2181 1581 2220 2061 1110 2201 2141) (2182 2220 1582 2062 2202 572 2142)
 (2183 2221 2222 2063 1583 1111 2203 2143) (1584 2184 2220 2064 2204 350 2144)
 (2145 2065 2185 2221 2224 1585 1112 2205) (2146 2066 2186 2220 222 1586 2206)
 (2147 2187 2221 2067 2226 1587 1113 2207)
 (2148 2188 2222 2226 2068 1588 573 2208)
 (2209 2149 2189 2223 2227 2228 2069 1589 1114)
 (2210 2150 2220 2190 111 1590 2070) (2211 1591 2151 2221 2191 2230 2071 1115)
 (2212 2152 1592 2222 2192 2230 2072 574)
 (2213 2153 2223 2193 2073 2231 2232 1593 1116)
 (2214 2154 2224 2194 2230 2074 1594 351)
 (2215 2155 2225 2195 2231 2234 1595 1117 2075)
 (1596 2216 2156 2226 2196 2230 2076 223)
 (2217 1597 2157 2227 2197 2231 2236 2077 1118)
 (2218 2158 2078 2228 2198 2232 2236 1598 575)
 (1599 2219 2159 2229 1119 2199 2233 2237 2238 2079) (3 1920 1600)
 (1601 1921 2240 1120) (1602 1922 2240 576) (1121 2241 1603 1923 2242)
 (1604 2240 1924 352) (2241 1122 2244 1605 1925) (1926 2240 1606 224)
 (2241 1123 1927 1607 2246) (577 2242 1928 2246 1608)
 (2243 1124 2247 2248 1609 1929) (1610 1930 2240 112)
 (2241 2250 1611 1125 1931) (578 1612 2250 1932 2242)
 (2243 1126 1613 2251 2252 1933) (353 2250 2244 1614 1934)
 (2245 1127 2251 2254 1935 1615) (225 2250 1936 2246 1616)
 (1937 2247 1128 2251 2256 1617) (579 2248 1938 2252 2256 1618)
 (2258 1129 2253 1939 2257 2249 1619) (1620 2240 1940 56)
 (2241 1130 2260 1621 1941) (2260 2242 580 1622 1942)
 (2243 1623 1131 2261 2262 1943) (2244 354 1944 2260 1624)
 (2245 1132 1945 2261 2264 1625) (1626 1946 2260 2246 226)
 (2247 1133 2261 2266 1627 1947) (1948 581 2248 2262 2266 1628)
 (2249 1629 1134 2263 2267 2268 1949) (113 2250 2260 1630 1950)
 (2251 1135 2261 1631 2270 1951) (582 2252 2262 1632 2270 1952)
 (1633 1953 2253 1136 2263 2271 2272) (1634 355 1954 2254 2264 2270)
 (2274 1635 1955 2255 1137 2265 2271) (227 1636 2256 1956 2266 2270)
 (2276 1637 2257 1138 1957 2267 2271) (1958 1638 583 2258 2276 2268 2272)
 (2273 2277 1639 1959 2259 1139 2269 2278) (28 2240 1960 1640)
 (1641 1961 1140 2241 2280) (2280 1642 1962 2242 584)
 (2243 2281 2282 1643 1141 1963) (2244 2280 1644 1964 356)
 (2245 2281 1645 2284 1965 1142) (2280 228 2246 1646 1966)
 (2247 2281 2286 1967 1647 1143) (2248 585 2282 2286 1968 1648)
 (1969 2249 2283 2287 2288 1649 1144) (2280 1650 1970 2250 114)
 (2281 2251 1971 2290 1651 1145) (1972 586 2252 2290 1652 2282)
 (1973 2283 2253 2291 2292 1653 1146) (357 2284 2254 2290 1654 1974)
 (1655 2285 2255 2291 2294 1975 1147) (229 1656 2286 2256 2290 1976)
 (2287 2257 1977 2291 2296 1657 1148) (587 2296 2288 2258 2292 1978 1658)
 (2289 2259 2293 2297 2298 1659 1149 1979) (57 2260 1660 2280 1980)
 (2281 1661 2261 2300 1981 1150) (2282 588 1982 2262 2300 1662)
 (2283 1663 1151 2263 2301 2302 1983) (358 2284 1664 2264 2300 1984)
 (1665 1985 2285 2265 2304 2301 1152) (1666 230 1986 2286 2266 2300)
 (1153 2306 1667 1987 2287 2267 2301) (2306 1988 589 2288 1668 2268 2302)
 (1154 2307 2308 1669 2289 1989 2269 2303) (1670 2290 115 2300 2270 1990)
 (1155 1671 1991 2291 2301 2271 2310) (2310 1992 1672 590 2292 2302 2272)
 (2273 1156 2311 2312 1673 1993 2293 2303) (2274 2310 359 1674 2294 1994 2304)
 (2305 2275 1157 2311 2314 1675 2295 1995) (2306 2276 2310 231 1996 2296 1676)
 (2307 2277 1158 2311 1677 2316 1997 2297)
 (2308 2278 2312 2316 1678 591 1998 2298)
 (2309 1159 2279 2313 2317 2318 1999 1679 2299) (2000 14 2240 1680)
 (1681 2001 2320 2241 1160) (1682 2320 2002 2242 592)
 (2243 1161 2003 2321 2322 1683) (2004 2244 2320 1684 360)
 (2245 1162 2321 2324 1685 2005) (2246 2320 2006 1686 232)
 (1687 2247 1163 2321 2326 2007) (2248 1688 593 2322 2326 2008)
 (2249 1164 2009 2323 2327 2328 1689) (1690 2320 116 2250 2010)
 (2251 1165 2321 2330 1691 2011) (1692 2322 2252 594 2330 2012)
 (1693 2253 1166 2323 2331 2332 2013) (361 2254 2014 2324 2330 1694)
 (1695 2255 2325 1167 2331 2334 2015) (233 2256 2326 2330 1696 2016)
 (1697 2017 1168 2257 2327 2331 2336) (1698 2018 2258 595 2328 2332 2336)
 (2337 2338 1699 2019 1169 2259 2329 2333) (2020 58 1700 2260 2320)
 (2340 1701 2321 1170 2261 2021) (2340 1702 2322 596 2262 2022)
 (2341 1703 2023 2323 1171 2263 2342) (2340 2024 362 1704 2324 2264)
 (2341 2344 1705 2025 1172 2325 2265) (2340 1706 234 2326 2026 2266)
 (2341 2346 1707 1173 2327 2267 2027) (1708 2342 2346 2028 597 2328 2268)
 (2343 1709 2347 2348 2029 1174 2329 2269) (2340 1710 2030 117 2330 2270)
 (2341 2350 2031 1711 1175 2331 2271) (2342 2350 2032 1712 598 2332 2272)
 (2273 2033 2343 2351 2352 1713 1176 2333) (2274 2344 363 2034 2350 1714 2334)
 (2275 2345 2035 2351 2354 1715 1177 2335) (2276 2346 235 1716 2350 2036 2336)
 (2337 2277 2037 2347 2351 2356 1717 1178)
 (2338 2278 2348 2352 2356 1718 599 2038)
 (2339 1719 2279 2349 2353 2357 2358 2039 1179) (2280 2320 2040 29 1720)
 (2281 2321 2041 2360 1721 1180) (2282 600 2322 2360 1722 2042)
 (2283 2323 2361 2362 1723 1181 2043) (1724 364 2284 2324 2360 2044)
 (1725 2285 2325 2361 2364 2045 1182) (236 2286 2046 2326 2360 1726)
 (1727 2287 1183 2327 2361 2366 2047) (2288 2328 601 2362 1728 2366 2048)
 (1729 2049 2289 2329 2363 2368 2367 1184) (1730 2050 2290 118 2360 2330)
 (1185 2370 1731 2051 2291 2361 2331) (2370 2052 1732 2292 2362 602 2332)
 (1186 2371 2372 2053 2293 1733 2363 2333) (2370 1734 365 2294 2364 2334 2054)
 (1187 1735 2055 2371 2295 2365 2335 2374) (2370 2056 1736 237 2296 2366 2336)
 (2337 2371 1188 2376 1737 2057 2297 2367)
 (2338 2372 2376 1738 2058 2298 603 2368)
 (2369 2339 1189 2377 2378 1739 2373 2299 2059) (2340 2060 1740 2360 59 2300)
 (2341 1190 1741 2380 2061 2361 2301) (2342 2380 1742 2062 2362 604 2302)
 (1191 2343 2381 2382 2063 1743 2363 2303) (2344 2380 366 2064 1744 2364 2304)
 (2305 2065 1192 2345 2381 2384 1745 2365) (2306 2066 2346 2380 238 1746 2366)
 (2307 1193 2347 2381 2067 2386 1747 2367)
 (2308 2348 1748 2382 2386 2068 605 2368)
 (2369 2309 1194 2349 2383 2387 2388 2069 1749)
 (2370 2310 2380 2350 1750 119 2070) (2371 1751 2311 1195 2381 2351 2390 2071)
 (2372 2312 1752 2382 2352 2390 2072 606)
 (2373 2313 1196 2383 2353 2073 2391 2392 1753)
 (2374 2314 367 2384 2354 2390 2074 1754)
 (2375 2315 1197 2385 2355 2391 2394 1755 2075)
 (1756 2376 2316 239 2386 2356 2390 2076)
 (2377 1757 2317 1198 2387 2357 2391 2396 2077)
 (2378 2318 2078 2388 2358 2392 2396 1758 607)
 (2397 2379 1199 2389 1759 2359 2393 2319 2398 2079) (7 2080 2240 1760)
 (1761 2081 2400 2241 1200) (1762 2400 2242 2082 608)
 (2401 2402 1763 2083 2243 1201) (2244 2084 1764 2400 368)
 (2401 2404 2085 2245 1202 1765) (2400 2246 1766 2086 240)
 (2401 2087 2247 1767 1203 2406) (609 2402 2406 2248 2088 1768)
 (2249 2403 2407 2408 1769 2089 1204) (1770 2400 2250 2090 120)
 (2401 2091 2410 1771 1205 2251) (610 2092 2402 2410 2252 1772)
 (2403 1773 2411 2412 2093 1206 2253) (2404 2410 2254 1774 369 2094)
 (2405 2411 2414 2255 2095 1207 1775) (2406 2410 2256 241 1776 2096)
 (2097 2407 2411 2416 1777 2257 1208) (611 2408 2412 2098 1778 2258 2416)
 (2099 2409 2413 2259 2417 2418 1779 1209) (2100 2260 60 1780 2400)
 (2401 1781 2261 2420 2101 1210) (2402 612 2102 2420 2262 1782)
 (2403 2103 1783 2421 2422 2263 1211) (2404 1784 2104 370 2420 2264)
 (2405 2265 2105 2421 2424 1785 1212) (2406 242 2420 2266 1786 2106)
 (2107 2407 2421 2426 1787 1213 2267) (2108 613 2408 2422 2426 2268 1788)
 (2409 1789 2423 2427 2428 2109 1214 2269) (2410 1790 2420 2110 121 2270)
 (2411 1215 2421 2111 1791 2430 2271) (614 2412 2422 1792 2112 2430 2272)
 (1793 2113 2413 2423 2273 2432 2431 1216) (1794 2274 2414 2114 371 2424 2430)
 (1217 2434 1795 2275 2115 2415 2425 2431) (2276 2116 2416 243 1796 2426 2430)
 (1218 2436 2117 2277 2417 1797 2427 2431)
 (2436 2278 615 2118 2418 2428 2432 1798)
 (2433 1219 2437 2119 2279 1799 2419 2429 2438) (2280 2120 2400 30 1800)
 (2401 1220 2281 2440 1801 2121) (2402 2282 2440 2122 616 1802)
 (2403 1221 2441 2442 1803 2283 2123) (1804 2440 2284 2404 372 2124)
 (2405 1222 2441 1805 2444 2125 2285) (2406 2440 2286 1806 244 2126)
 (2407 1223 2441 2446 2127 2287 1807) (2408 617 2442 2446 2288 1808 2128)
 (2129 1224 2409 2443 2447 2448 1809 2289) (1810 2410 2440 2130 2290 122)
 (2450 1225 2411 2291 2131 2441 1811) (618 2412 2132 1812 2450 2292 2442)
 (1226 2443 2413 2293 2451 2452 2133 1813) (2134 2444 2414 2450 373 2294 1814)
 (2135 1815 1227 2445 2415 2451 2454 2295) (1816 2136 2446 2416 2450 245 2296)
 (2297 1228 2447 2417 2137 2451 2456 1817)
 (2138 619 2456 2448 2418 2452 2298 1818)
 (1229 2449 2419 2453 2457 2458 1819 2299 2139) (1820 2440 2140 2420 2300 61)
 (2441 1821 1230 2421 2460 2141 2301) (2442 620 1822 2422 2142 2460 2302)
 (2443 1231 2303 2423 1823 2461 2462 2143) (2460 2444 374 1824 2424 2144 2304)
 (1825 2145 2445 1232 2425 2305 2461 2464) (1826 2306 2446 2146 246 2426 2460)
 (2466 1827 2307 2447 2147 1233 2427 2461)
 (2466 2308 621 2148 2448 1828 2428 2462)
 (2467 2468 2309 1829 2449 1234 2149 2429 2463)
 (1830 2150 2450 123 2460 2430 2310) (2151 2311 1831 1235 2451 2461 2431 2470)
 (2470 1832 2312 2152 622 2452 2462 2432)
 (2433 2471 2472 1833 2313 2153 1236 2453 2463)
 (2434 2470 2154 1834 2454 375 2314 2464)
 (2465 2435 2315 2471 2474 1835 1237 2455 2155)
 (2466 2436 2470 2316 247 2456 2156 1836)
 (2467 2437 2471 2157 2476 2317 1238 2457 1837)
 (2158 2468 2438 2472 2476 2318 623 1838 2458)
 (2469 2439 2473 2477 2478 2319 1839 1239 2159 2459) (2320 2160 2400 15 1840)
 (2401 2161 2480 1841 1240 2321) (2402 1842 2480 2162 2322 624)
 (2403 2323 2163 2481 2482 1843 1241) (2404 2164 1844 2324 376 2480)
 (2405 2165 1845 2481 2484 2325 1242) (2406 2326 2480 2166 248 1846)
 (2167 2407 1847 2481 2486 2327 1243) (1848 2408 2168 625 2482 2486 2328)
 (2409 2329 2169 2483 2487 2488 1849 1244) (2170 2410 2480 2330 1850 124)
 (2331 2411 2481 2490 1851 1245 2171) (1852 2482 2412 626 2490 2332 2172)
 (2173 2413 1246 2483 2491 2492 2333 1853) (2414 2334 2484 2490 377 2174 1854)
 (2415 2485 1247 2175 1855 2491 2494 2335) (2416 2486 1856 249 2490 2176 2336)
 (1857 2177 2417 2487 2337 2491 2496 1248)
 (1858 2338 2418 627 2488 2492 2178 2496)
 (1249 2497 1859 2498 2339 2179 2419 2489 2493) (2340 2180 2480 1860 2420 62)
 (1250 2500 2341 2181 2481 2421 1861) (2500 1862 2182 2482 628 2422 2342)
 (1251 2501 2183 2343 1863 2483 2423 2502) (2500 2344 1864 2184 2484 2424 378)
 (1252 2501 2504 1865 2345 2185 2485 2425) (2500 2346 1866 250 2486 2186 2426)
 (2187 1253 2506 1867 2487 2501 2427 2347)
 (1868 2502 2506 2348 629 2488 2428 2188)
 (1254 2503 2189 2507 2508 2349 2489 2429 1869)
 (2500 1870 2350 2490 2190 125 2430) (1871 1255 2510 2191 2351 2501 2491 2431)
 (2492 2502 2510 2352 630 1872 2192 2432)
 (2433 2193 2503 1256 2511 2512 1873 2353 2493)
 (2434 2354 2504 2510 1874 2194 379 2494)
 (2435 2514 1257 2355 2511 2195 2505 1875 2495)
 (2436 2506 2510 2196 1876 2356 251 2496)
 (2497 2437 1258 2507 2197 2511 2516 2357 1877)
 (2498 2438 2198 2508 2512 2516 2358 631 1878)
 (2499 2199 2439 1259 2509 2513 1879 2518 2359 2517)
 (2440 1880 2200 31 2480 2360) (2441 2361 1260 2481 2201 2520 1881)
 (2362 2442 632 2520 2482 2202 1882) (2203 2443 1261 2483 2521 2522 1883 2363)
 (1884 380 2444 2484 2520 2364 2204) (2205 2445 1262 2485 2521 2524 2365 1885)
 (2446 2366 2486 2520 2206 252 1886) (2447 1263 2367 2487 2521 1887 2526 2207)
 (2448 2488 633 2522 1888 2208 2526 2368)
 (1889 2209 1264 2449 2489 2369 2523 2527 2528)
 (2370 1890 2450 2210 2520 2490 126) (2530 1891 2211 1265 2451 2371 2521 2491)
 (2530 1892 2212 2372 2452 2522 634 2492)
 (2531 2532 2373 2213 1266 2453 1893 2523 2493)
 (2530 2374 2214 2454 2524 381 2494 1894)
 (2531 2215 2375 1895 1267 2455 2525 2495 2534)
 (2530 2216 1896 2376 2456 253 2526 2496)
 (2497 2531 2536 1897 2377 2217 1268 2457 2527)
 (2498 2218 2536 2378 2532 1898 2458 635 2528)
 (2529 2499 2533 2379 2537 2538 1899 1269 2459 2219)
 (2500 2380 1900 2520 2460 63 2220) (2501 2381 2540 2221 1270 2521 2461 1901)
 (2502 2222 2540 2382 1902 2522 636 2462)
 (2503 2541 2542 2223 1903 1271 2383 2523 2463)
 (2524 2504 2540 2224 1904 2384 382 2464)
 (2465 2225 2505 2541 2544 1905 1272 2385 2525)
 (2466 1906 2506 2540 2526 2386 2226 254)
 (2467 2507 2541 2227 2546 1907 2387 1273 2527)
 (2468 2508 2542 2228 2546 1908 2388 637 2528)
 (2529 2469 2509 2229 2543 1909 2547 2548 2389 1274)
 (2530 2540 2470 2230 2510 2390 127 1910)
 (2531 2231 2471 1911 2541 2511 2550 2391 1275)
 (2532 2472 1912 2392 2542 2512 2550 2232 638)
 (2533 2473 2393 2543 2513 2233 2551 2552 1913 1276)
 (2234 2534 2474 2544 2514 2550 1914 2394 383)
 (2535 2395 2475 2545 2515 2551 2554 1915 1277 2235)
 (2396 2536 2476 2546 2516 2550 1916 255 2236)
 (2537 2397 2477 2547 2517 2551 2556 2237 1278 1917)
 (2556 2538 2478 1918 2548 2518 2552 2238 2398 639)
 (2539 2479 2549 1279 2519 2553 2399 1919 2557 2558 2239) NIL (2560 640)
 (2560 384) (2562 2561 641) (2560 256) (642 2561 2564) (2560 128)
 (2566 643 2561) (2562 385 2566) (2563 2568 644 2567) (2560 64) (2570 645 2561)
 (386 2562 2570) (2572 2563 646 2571) (2570 257 2564) (2565 2571 647 2574)
 (2566 129 2570) (2567 2571 648 2576) (387 2568 2572 2576)
 (2577 2573 2569 649 2578) (2560 32) (2580 2561 650) (2562 2580 388)
 (2563 2581 2582 651) (2580 258 2564) (2565 2584 2581 652) (2566 2580 130)
 (653 2586 2567 2581) (2586 389 2568 2582) (654 2587 2588 2569 2583)
 (2570 2580 65) (2571 2581 655 2590) (390 2572 2582 2590)
 (656 2573 2591 2583 2592) (259 2590 2574 2584) (2585 2594 657 2591 2575)
 (2586 2590 131 2576) (2577 2587 2596 658 2591) (2596 2578 2588 391 2592)
 (2589 659 2593 2597 2598 2579) (2560 16) (660 2561 2600) (2562 392 2600)
 (2601 2602 2563 661) (260 2600 2564) (2565 2601 2604 662) (2566 132 2600)
 (2601 2567 2606 663) (2602 2568 393 2606) (2603 2608 2569 2607 664)
 (2570 2600 66) (665 2601 2571 2610) (2602 2572 394 2610)
 (666 2603 2612 2573 2611) (261 2610 2604 2574) (667 2605 2611 2575 2614)
 (2610 133 2606 2576) (2577 2611 668 2607 2616) (2578 2612 2616 395 2608)
 (2609 2613 2618 2617 669 2579) (33 2580 2600) (2601 2620 2581 670)
 (2602 2620 2582 396) (2603 2621 671 2583 2622) (262 2604 2620 2584)
 (2585 2621 2624 2605 672) (2586 2620 134 2606) (673 2626 2587 2621 2607)
 (397 2626 2588 2622 2608) (2627 2628 2589 2609 674 2623) (2610 67 2620 2590)
 (675 2621 2611 2591 2630) (2630 398 2612 2622 2592)
 (2631 2632 2593 2613 676 2623) (2594 263 2630 2614 2624)
 (2625 2631 2634 2595 2615 677) (2626 2596 2630 135 2616)
 (2627 2631 2636 2597 2617 678) (2628 2632 399 2636 2598 2618)
 (2629 2633 2637 2638 2599 2619 679) (2560 8) (2640 2561 680) (2562 2640 400)
 (681 2641 2563 2642) (264 2640 2564) (2565 682 2641 2644) (2566 2640 136)
 (2641 2567 683 2646) (401 2642 2568 2646) (2643 684 2569 2647 2648)
 (2570 68 2640) (2641 2650 2571 685) (2650 402 2572 2642)
 (2643 2652 2573 686 2651) (265 2650 2644 2574) (2651 2645 687 2575 2654)
 (137 2650 2646 2576) (2577 2651 2656 2647 688) (2578 403 2652 2656 2648)
 (689 2657 2658 2649 2579 2653) (34 2580 2640) (2641 690 2660 2581)
 (2642 2660 404 2582) (691 2661 2643 2583 2662) (266 2644 2660 2584)
 (2585 2661 692 2645 2664) (2586 2660 2646 138) (2661 2587 693 2647 2666)
 (2666 2588 405 2662 2648) (694 2663 2667 2668 2589 2649) (2650 2660 69 2590)
 (2651 2661 695 2591 2670) (2662 2652 406 2670 2592)
 (2663 696 2671 2672 2593 2653) (2594 267 2654 2670 2664)
 (2674 697 2671 2665 2595 2655) (2666 139 2596 2670 2656)
 (2657 698 2667 2671 2676 2597) (2658 2668 407 2672 2676 2598)
 (2659 699 2669 2673 2677 2678 2599) (17 2640 2600) (2601 2641 700 2680)
 (2642 2602 2680 408) (2681 2682 2603 701 2643) (268 2604 2644 2680)
 (2681 2645 2684 2605 702) (2680 140 2606 2646) (2681 2686 703 2607 2647)
 (409 2682 2648 2686 2608) (704 2609 2649 2683 2687 2688) (2610 2680 70 2650)
 (705 2681 2611 2651 2690) (410 2690 2612 2652 2682)
 (2691 2692 706 2613 2683 2653) (2690 2684 269 2614 2654)
 (2691 2694 707 2615 2685 2655) (2690 2656 141 2686 2616)
 (2657 2691 2696 708 2617 2687) (2658 2692 2696 411 2618 2688)
 (2689 2659 2693 2697 2698 709 2619) (35 2620 2660 2680)
 (2681 2661 2700 2621 710) (2682 412 2622 2700 2662)
 (2663 2701 2702 711 2683 2623) (2684 2664 270 2700 2624)
 (2625 2665 2701 2704 712 2685) (2626 2700 142 2686 2666)
 (2627 2667 2701 2706 713 2687) (2628 2668 2702 2706 413 2688)
 (2689 2629 2669 2703 2707 2708 714) (2690 2700 2630 71 2670)
 (2691 2631 2701 2671 2710 715) (2692 2632 2702 2672 2710 414)
 (2693 2633 2703 2673 2711 2712 716) (2694 271 2634 2704 2674 2710)
 (2695 2635 2705 2675 2711 2714 717) (2696 2636 2706 2676 2710 143)
 (2697 2637 2707 2677 2711 2716 718) (2698 2638 2708 2678 415 2712 2716)
 (2699 2639 2709 2679 2713 2717 2718 719) (2560 4) (2720 2561 720)
 (2562 2720 416) (721 2721 2563 2722) (2720 272 2564) (2565 722 2724 2721)
 (2566 2720 144) (2721 2567 723 2726) (417 2722 2568 2726)
 (2723 724 2569 2727 2728) (2570 2720 72) (2721 2730 2571 725)
 (418 2572 2730 2722) (2732 2723 2731 2573 726) (273 2730 2724 2574)
 (2731 2725 727 2575 2734) (145 2730 2726 2576) (2577 2731 2736 2727 728)
 (2578 419 2732 2736 2728) (2729 2733 2737 2738 729 2579) (2720 2580 36)
 (2721 730 2740 2581) (2722 420 2582 2740) (731 2741 2723 2583 2742)
 (274 2724 2740 2584) (2585 2741 732 2725 2744) (2586 2740 2726 146)
 (2741 2587 733 2727 2746) (2746 2588 421 2742 2728)
 (2729 2589 2743 2747 2748 734) (73 2730 2740 2590) (2731 2741 735 2591 2750)
 (2750 2742 2732 422 2592) (2733 2593 2743 736 2751 2752)
 (2594 275 2750 2734 2744) (737 2754 2735 2595 2745 2751)
 (2746 147 2596 2750 2736) (738 2756 2737 2597 2747 2751)
 (2756 2738 2598 423 2748 2752) (2753 739 2757 2758 2739 2599 2749)
 (18 2720 2600) (2601 2721 740 2760) (2602 2760 2722 424)
 (2761 2762 2603 741 2723) (276 2724 2604 2760) (2761 2725 2764 2605 742)
 (2760 148 2606 2726) (2761 2727 743 2607 2766) (425 2762 2728 2766 2608)
 (744 2729 2763 2767 2768 2609) (2610 2760 2730 74) (745 2761 2611 2731 2770)
 (426 2612 2770 2732 2762) (746 2763 2733 2771 2772 2613)
 (2770 2764 277 2614 2734) (747 2765 2735 2771 2774 2615)
 (2770 2736 149 2766 2616) (748 2767 2737 2771 2776 2617)
 (2768 2738 2772 2776 2618 427) (749 2769 2739 2773 2777 2778 2619)
 (2740 2620 37 2760) (2761 2741 2780 2621 750) (2762 2780 428 2622 2742)
 (2763 751 2743 2781 2782 2623) (2780 2764 2744 278 2624)
 (2625 2765 752 2745 2781 2784) (2626 2780 150 2766 2746)
 (2786 2627 2767 753 2747 2781) (2786 2628 2768 2748 429 2782)
 (2787 2788 2629 2769 754 2749 2783) (2770 75 2780 2630 2750)
 (2790 2631 2771 755 2781 2751) (2790 2632 2782 2772 430 2752)
 (2753 2791 2792 2633 756 2773 2783) (2754 2790 279 2634 2774 2784)
 (2785 2755 2791 2794 2635 757 2775) (2786 2756 2790 2636 151 2776)
 (2787 2757 2791 2796 2637 758 2777) (2788 2758 2792 2796 2638 2778 431)
 (2789 2759 2793 2797 2798 2639 759 2779) (9 2720 2640) (2641 2721 2800 760)
 (2642 2800 2722 432) (761 2801 2643 2723 2802) (2800 2724 2644 280)
 (2801 762 2804 2645 2725) (2726 2800 2646 152) (2801 763 2727 2647 2806)
 (433 2802 2728 2806 2648) (2729 2803 2807 2808 2649 764) (2800 2650 76 2730)
 (2801 2810 2651 765 2731) (434 2652 2810 2732 2802)
 (2733 2803 2811 2812 2653 766) (281 2810 2804 2654 2734)
 (2735 2805 2655 2811 2814 767) (153 2810 2736 2806 2656)
 (2657 2737 2807 2811 768 2816) (2658 435 2738 2808 2812 2816)
 (769 2817 2659 2818 2739 2809 2813) (2740 2660 38 2800)
 (2801 770 2820 2661 2741) (2802 436 2820 2662 2742)
 (771 2821 2822 2663 2803 2743) (2804 282 2744 2820 2664)
 (772 2821 2824 2665 2805 2745) (2666 2820 2806 2746 154)
 (2821 2826 2667 2807 773 2747) (437 2822 2826 2668 2808 2748)
 (774 2823 2827 2828 2669 2809 2749) (2810 2820 77 2670 2750)
 (2821 775 2830 2671 2811 2751) (2822 438 2830 2672 2812 2752)
 (2753 2823 776 2831 2832 2673 2813) (2754 2824 283 2830 2674 2814)
 (2755 2834 777 2831 2825 2675 2815) (2756 2826 2830 2676 155 2816)
 (2817 2757 778 2827 2831 2836 2677) (2818 2758 439 2828 2832 2836 2678)
 (2819 2759 779 2829 2833 2837 2838 2679) (2800 19 2760 2680)
 (2681 2761 780 2801 2840) (2682 2840 2802 2762 440)
 (2763 781 2803 2841 2842 2683) (284 2804 2764 2684 2840)
 (2765 782 2805 2841 2844 2685) (2840 156 2806 2686 2766)
 (2767 783 2807 2841 2846 2687) (441 2768 2808 2842 2846 2688)
 (2689 784 2769 2809 2843 2847 2848) (2690 2840 2810 78 2770)
 (2850 2691 785 2771 2841 2811) (2850 2692 442 2772 2842 2812)
 (2851 2852 2693 786 2773 2843 2813) (2850 2694 285 2774 2844 2814)
 (2851 2854 2695 787 2775 2845 2815) (2850 2696 2776 157 2846 2816)
 (2817 2851 2856 2697 788 2777 2847) (2818 2852 2856 2698 443 2778 2848)
 (2849 2819 2853 2857 2858 2699 789 2779) (2780 2700 2820 39 2840)
 (2821 2860 2701 790 2841 2781) (444 2822 2860 2702 2842 2782)
 (2823 2861 2862 2703 791 2843 2783) (2824 2860 286 2704 2844 2784)
 (2785 2825 2861 2864 2705 792 2845) (2786 2826 2860 2846 2706 158)
 (2787 2827 2861 2866 2707 793 2847) (2788 2828 445 2862 2866 2708 2848)
 (2849 2789 2829 2863 2867 2868 2709 794) (2850 2790 2860 2830 79 2710)
 (2851 2791 2861 2831 2870 2711 795) (2852 2792 2862 2832 2870 2712 446)
 (2853 2793 2863 2833 2871 2872 2713 796) (2854 2794 287 2864 2834 2870 2714)
 (2855 2795 2865 2835 2871 2874 2715 797) (2856 2796 2866 2836 2870 2716 159)
 (2857 2797 2867 2837 2871 2876 2717 798)
 (2858 2798 447 2868 2838 2872 2876 2718)
 (2859 2799 2869 2719 2839 2873 2877 2878 799))