(NIL NIL (1 2) NIL (4 2) (4 1) (3 5 6) NIL (2 8) (1 8) (3 9 10) NIL (4 12)
 (2 12) (13 5 14) (1 12) (16 13 6) (16 3 14) (17 18 7 15) NIL (20 8) (2 20)
 (22 9 21) (1 20) (24 21 10) (22 3 24) (11 23 25 26) NIL (28 20) (28 8)
 (29 21 30) (28 4) NIL (28 33) (33 8) (35 34 30) (4 33) (34 32 37) (2 33)
 (35 39 9) (5 39 37) NIL (42 33) (28 42) (34 44 43) (42 20) (44 29 46) (42 12)
 (42 8) (35 49 43) (49 44 30) (50 36 45 51) (49 46 21) (31 51 47 53) (4 42)
 (37 55 43) (32 44 55) (57 45 38 56) (13 48 55) (42 1) (60 46 24) (16 48 60)
 (60 49 10) (61 63 25 53) (60 6 55) (59 62 17 65) NIL (67 42) (67 28)
 (44 68 69) (67 20) (68 46 71) (29 69 71) (72 73 47 70) (67 8) (49 68 75)
 (75 69 30) (76 77 51 70) (75 21 71) (72 76 79 53) (31 73 77 79)
 (54 74 78 80 81) (67 2) (22 83 71) (75 9 83) (23 79 84 85) (67 1) (87 60 68)
 (87 24 71) (72 88 61 89) (87 75 10) (88 76 63 91) (89 91 79 25)
 (93 90 64 80 92) (87 3 83) (95 89 84 26) (11 95 91 85) (86 27 97 93 96) NIL
 (99 42) (99 33) (100 43 101) (99 28) (44 100 103) (34 103 101)
 (102 104 45 105) (99 2) (107 39 101) (99 1) (60 100 109) (107 3 109))