(NIL NIL NIL (3 1) NIL (5 3) (2 5) (5 1) (4 8 6) NIL (5 10) (2 10) (7 12 11)
 (10 1) (8 14 11) NIL (5 16) (3 16) (17 6 18) (2 16) (7 17 20) (1 16) (8 17 22)
 (4 22 18) (19 9 23 24) NIL (10 26) (5 26) (11 27 28) (2 26) (12 27 30)
 (7 28 30) (31 32 13 29) (1 26) (34 14 27) (8 28 34) (35 36 15 29) NIL (26 38)
 (16 38) (10 38) (39 27 41) (3 38) (40 43 18) (2 38) (39 45 30) (40 45 20)
 (45 12 41) (31 46 48 42) (1 38) (39 34 50) (40 22 50) (14 41 50) (53 35 51 42)
 (4 43 50) (44 52 55 24) NIL (57 38) (57 26) (58 39 59) (5 57) (61 59 28)
 (2 57) (58 63 45) (63 59 30) (64 60 46 65) (61 63 7) (62 65 67 32) (57 1)
 (58 69 50) (59 69 34) (60 70 51 71) (61 8 69) (73 62 36 71) NIL (75 57)
 (75 38) (58 77 76) (75 26) (59 79 76) (39 77 79) (78 80 60 81) (75 10)
 (77 41 83) (79 27 83) (84 85 81 42) (75 5) (61 87 76) (87 79 28) (62 88 80 89)
 (87 11 83) (85 89 91 29) (75 2) (63 76 93) (77 45 93) (95 64 78 94) (79 93 30)
 (65 80 97 94) (95 97 46 81) (98 96 66 99 82) (12 93 83) (84 95 101 48)
 (31 85 97 101) (103 86 102 99 49) (87 7 93) (105 88 67 94) (32 97 89 105)
 (106 98 107 90 68) (105 13 101 91) (103 33 107 109 92) (75 1) (69 111 76)
 (77 111 50) (78 112 113 70) (34 111 79) (112 80 115 71) (115 113 81 51)
 (117 116 114 82 72) (111 14 83) (84 53 119 113) (85 35 119 115)
 (117 54 86 120 121) (8 87 111) (73 88 123 112) (36 89 123 115)
 (125 74 124 90 116) (119 15 123 91) (125 121 127 37 92) NIL (129 75) (129 57)
 (130 76 131) (129 38) (77 130 133) (58 133 131) (78 134 135 132) (129 26)
 (130 79 137) (59 131 137) (138 139 80 132) (39 133 137) (138 141 134 81)
 (139 60 141 135) (140 142 82 136 143) (129 16) (40 145 133) (129 10)
 (130 147 83) (147 133 41) (84 148 134 149) (147 27 137) (138 85 148 151)
 (141 149 42 151) (152 153 86 142 150) (129 5) (155 130 87) (61 155 131)
 (156 157 88 132) (155 28 137) (138 156 89 159) (139 157 159 62)
 (140 158 90 161 160) (155 145 17) (155 147 11) (156 148 91 164)
 (164 29 159 151) (152 165 166 160 92) (129 3) (43 168 133) (145 168 18)
 (146 169 44 170) (155 168 6) (163 19 170 172) (129 2) (174 130 93)
 (63 174 131) (175 176 132 94) (45 174 133) (95 175 178 134) (64 176 178 135)
 (96 177 179 136 180) (174 30 137) (138 175 97 182) (182 139 65 176)
 (183 140 98 177 184) (182 178 141 46) (99 186 142 179 183)
 (184 66 186 143 180) (181 185 187 188 100 144) (174 145 20) (190 146 178 47)
 (174 12 147) (175 192 148 101) (192 178 149 48) (193 194 179 150 102)
 (31 182 192 151) (152 103 193 196 183) (153 194 186 196 49)
 (187 154 195 197 198 104) (155 174 7) (156 105 200 175) (157 67 176 200)
 (106 202 158 177 201) (182 32 200 159) (183 201 107 160 204)
 (184 202 68 161 204) (206 162 185 108 203 205) (163 190 200 21)
 (164 192 13 200) (165 193 201 209 109) (209 33 166 204 196)
 (210 211 167 197 110 205) (129 1) (130 213 111) (213 69 131) (215 112 214 132)
 (133 213 50) (217 113 134 214) (217 135 215 70) (218 219 114 136 216)
 (34 213 137) (138 221 214 115) (139 221 215 71) (140 216 222 223 116)
 (217 141 221 51) (117 218 225 142 222) (225 219 143 223 72)
 (226 227 118 220 144 224) (145 213 22) (217 146 229 52) (147 213 14)
 (119 148 214 231) (53 217 149 231) (233 218 120 150 232) (35 221 231 151)
 (152 235 121 222 232) (225 153 235 233 54) (226 234 236 237 122 154)
 (155 8 213) (156 214 123 239) (73 157 239 215) (241 158 240 216 124)
 (221 36 159 239) (125 243 240 160 222) (241 74 243 223 161)
 (126 162 242 244 245 224) (163 229 239 23) (164 15 239 231)
 (165 240 248 127 232) (235 166 37 243 248) (244 236 167 128 249 250)
 (4 168 213) (217 55 252 169) (252 229 170 24) (56 253 230 171 254)
 (9 252 239 172) (173 25 254 247 256))