(NIL NIL (1 2) NIL (1 4) NIL (4 6) (2 6) NIL (6 9) (4 9) (10 7 11) (2 9)
 (10 8 13) (1 9) (11 15 5) (3 13 15) NIL (18 9) (18 6) (19 10 20) (18 2)
 (19 13 22) (8 20 22) (21 23 14 24) (18 1) (19 15 26) (3 22 26) (17 23 27 28)
 NIL (30 18) (30 9) (19 32 31) (30 6) (20 34 31) (10 32 34) (33 35 21 36)
 (30 4) (32 38 11) (7 34 38) (12 39 36 40) (30 2) (22 31 42) (32 42 13)
 (43 44 33 23) (8 34 42) (43 46 35 24) (44 14 46 36) (45 47 25 37 48) (30 1)
 (50 31 26) (32 15 50) (33 52 51 27) (5 38 50) (16 39 54 52) (3 50 42)
 (43 51 56 28) (44 52 17 56) (29 57 45 53 58) NIL (30 60) (18 60) (61 31 62)
 (60 9) (32 61 64) (19 64 62) (33 65 66 63) (60 6) (61 34 68) (20 62 68)
 (69 70 35 63) (10 64 68) (69 72 65 36) (70 21 72 66) (71 73 37 67 74) (60 2)
 (61 76 42) (22 62 76) (43 77 63 78) (13 64 76) (77 44 80 65) (78 80 23 66)
 (45 81 79 67 82) (8 76 68) (69 77 46 84) (70 84 24 78) (85 86 71 47 79)
 (14 72 80 84) (85 81 88 73 48) (86 88 74 25 82) (83 49 75 87 89 90) (60 1)
 (50 61 92) (92 62 26) (51 93 94 63) (15 64 92) (93 52 65 96) (96 66 27 94)
 (97 98 53 95 67) (3 92 76) (77 100 93 56) (78 100 94 28) (57 79 101 102 95)
 (80 17 100 96) (97 58 81 101 104) (29 98 104 82 102) (105 106 59 83 99 103)
 NIL (108 60) (30 108) (61 110 109) (18 108) (62 109 112) (110 31 112)
 (113 114 111 63) (108 9) (64 109 116) (32 110 116) (117 65 111 118)
 (19 116 112) (113 117 120 66) (114 33 120 118) (115 121 119 67 122) (108 6)
 (124 109 68) (34 110 124) (69 125 111 126) (20 124 112) (113 70 128 125)
 (114 128 35 126) (129 115 127 71 130) (10 124 116) (117 125 72 132)
 (118 132 36 126) (133 134 119 73 127) (128 21 120 132) (133 129 136 121 74)
 (134 136 122 37 130) (135 137 123 75 131 138) (108 1) (140 92 109)
 (140 50 110) (93 111 142 141) (140 26 112) (113 141 94 144) (114 51 142 144)
 (145 146 115 143 95) (15 140 116) (117 148 141 96) (148 118 52 142)
 (97 119 149 150 143) (148 120 27 144) (145 98 121 149 152)
 (146 152 53 122 150) (147 151 153 154 123 99) NIL (156 108) (156 60)
 (157 109 158) (156 30) (110 157 160) (61 160 158) (159 111 161 162) (156 18)
 (164 157 112) (164 62 158) (159 113 165 166) (164 31 160) (114 165 161 168)
 (168 166 63 162) (163 169 115 167 170) (156 9) (172 157 116) (172 64 158)
 (159 117 174 173) (32 160 172) (173 118 176 161) (174 176 65 162)
 (163 119 177 175 178) (19 164 172) (173 120 165 180) (174 180 166 66)
 (181 182 175 121 167) (180 33 176 168) (169 181 184 177 122)
 (170 184 178 67 182) (171 185 186 183 123 179) (156 6) (188 157 124)
 (188 68 158) (159 125 189 190) (34 160 188) (189 126 192 161) (69 190 192 162)
 (163 127 193 191 194) (20 164 188) (189 128 165 196) (70 196 166 190)
 (197 198 191 129 167) (196 192 35 168) (169 197 200 193 130)
 (170 71 200 194 198) (171 195 199 201 202 131) (10 188 172) (173 189 204 132)
 (204 174 72 190) (133 205 175 191 206) (192 176 36 204) (205 134 208 177 193)
 (206 208 73 178 194) (135 195 207 209 210 179) (204 21 196 180)
 (181 197 136 205 212) (182 212 206 74 198) (213 214 183 137 199 207)
 (200 208 184 37 212) (213 216 185 138 201 209) (214 216 186 202 75 210)
 (215 217 187 139 203 211 218) (156 4) (38 160 220) (11 220 172)
 (221 222 176 39) (7 220 188) (221 192 224 40) (222 12 224 204)
 (223 208 225 226 41) (156 2) (76 228 158) (228 160 42) (77 229 230 162)
 (164 22 228) (229 78 232 166) (43 230 232 168) (170 79 233 231 234)
 (13 228 172) (229 174 80 236) (44 176 236 230) (237 238 231 81 178)
 (232 23 236 180) (237 182 240 233 82) (238 45 184 234 240)
 (186 235 239 241 242 83) (8 228 188) (229 190 244 84) (230 192 46 244)
 (85 245 231 194 246) (232 24 244 196) (245 198 248 233 86)
 (246 200 47 234 248) (235 247 249 202 87 250) (14 236 244 204)
 (237 206 88 245 252) (238 208 48 252 246) (239 247 253 254 89 210)
 (240 248 252 25 212) (214 241 249 253 256 90) (216 242 49 250 254 256)
 (218 243 251 255 257 258 91) (156 1) (260 140 157) (260 92 158)
 (159 261 141 262) (50 260 160) (261 142 161 264) (264 93 262 162)
 (163 265 263 143 266) (260 164 26) (261 268 165 144) (268 262 166 94)
 (145 269 263 167 270) (268 51 264 168) (169 146 269 265 272)
 (170 272 270 95 266) (273 274 171 147 267 271) (15 260 172) (173 276 148 261)
 (174 276 262 96) (277 175 149 278 263) (264 276 176 52) (265 277 177 150 280)
 (97 266 280 178 278) (279 281 282 151 267 179) (276 268 27 180)
 (181 277 284 269 152) (182 278 284 270 98) (183 279 285 286 153 271)
 (280 184 53 284 272) (273 185 281 285 288 154) (274 186 282 286 288 99)
 (275 187 283 287 289 290 155) (5 260 220) (221 292 54 264) (222 16 276 292)
 (223 293 294 55 280) (3 260 228) (229 100 262 296) (230 264 296 56)
 (297 266 231 101 298) (268 296 232 28) (297 300 233 102 270)
 (57 298 300 234 272) (274 235 299 301 302 103) (296 276 17 236)
 (237 297 304 278 104) (238 280 298 304 58) (105 305 306 282 239 299)
 (29 284 240 300 304) (305 106 308 241 286 301) (306 308 242 288 59 302)
 (107 309 310 307 243 290 303) NIL (312 156) (312 30) (314 313 160) (312 18)
 (316 313 164) (314 316 31) (315 317 318 168) (312 6) (313 320 188)
 (314 34 320) (321 322 315 192) (20 316 320) (321 324 317 196) (322 324 35 318)
 (323 200 325 326 319) (312 1) (313 260 328) (314 328 50) (329 330 315 264)
 (316 26 328) (329 332 268 317) (330 51 332 318) (331 333 334 319 272))