(NIL NIL (1 2) NIL (2 4) (1 4) (5 3 6) NIL (4 8) (2 8) (9 5 10) (1 8) (9 6 12)
 (3 10 12) (11 13 7 14) NIL (4 16) (2 16) (5 17 18) (1 16) (17 20 6) (3 18 20)
 (21 22 7 19) NIL (16 24) (8 24) (4 24) (25 17 27) (26 9 27) (2 24) (25 18 30)
 (26 10 30) (5 27 30) (33 28 19 31) (33 11 29 32) (1 24) (25 36 20) (26 36 12)
 (6 27 36) (21 28 37 39) (13 29 38 39) (3 36 30) (22 37 31 42) (42 14 38 32)
 (33 42 7 39) (34 23 45 43 40) (41 35 44 45 15) NIL (16 48) (8 48) (4 48)
 (49 51 17) (9 50 51) (2 48) (49 18 54) (50 54 10) (5 54 51) (55 19 57 52)
 (11 56 57 53) NIL (48 60) (24 60) (16 60) (61 49 63) (62 25 63) (8 60)
 (61 50 66) (62 26 66) (4 60) (61 69 51) (62 69 27) (69 17 63) (72 70 64 52)
 (72 71 28 65) (9 69 66) (70 67 75 53) (29 71 68 75) (2 60) (61 78 54)
 (62 78 30) (78 63 18) (81 79 64 55) (81 80 65 31) (10 66 78) (79 67 56 84)
 (80 68 84 32) (69 5 78) (70 79 87 57) (33 71 80 87) (81 87 72 19)
 (90 88 73 82 58) (34 89 74 83 90) (11 87 75 84) (59 85 88 93 76)
 (77 86 35 89 93) (1 60) (62 36 96) (63 96 20) (97 37 65 98) (66 12 96)
 (97 100 68 38) (69 6 96) (97 71 102 39) (21 98 72 102) (99 104 74 103 40)
 (100 13 102 75) (77 41 101 103 106) (3 78 96) (97 42 80 108) (22 108 81 98)
 (43 109 99 83 110) (108 100 14 84) (86 44 101 109 112) (87 108 7 102)
 (45 89 114 103 109) (114 23 110 90 104) (46 92 105 111 115 116)
 (93 106 114 15 112) (47 95 107 113 115 118) NIL (120 60) (120 48) (121 61 122)
 (120 24) (121 62 124) (120 16) (121 63 126) (122 126 49) (123 64 127 128)
 (25 124 126) (130 125 65 127) (120 8) (121 66 132) (122 132 50)
 (123 67 133 134) (26 124 132) (136 125 68 133) (120 4) (121 69 138)
 (122 51 138) (70 123 140 139) (124 27 138) (125 139 71 142) (17 126 138)
 (139 72 127 144) (144 140 52 128) (129 141 73 145 146) (130 28 142 144)
 (145 131 148 74 143) (9 138 132) (139 75 133 150) (140 53 150 134)
 (135 152 141 151 76) (136 29 142 150) (77 154 137 151 143) (120 2)
 (121 78 156) (122 54 156) (123 157 79 158) (124 156 30) (125 80 157 160)
 (18 126 156) (157 81 127 162) (162 55 158 128) (129 163 164 82 159)
 (130 162 31 160) (161 131 163 83 166) (10 156 132) (168 157 133 84)
 (158 168 56 134) (135 85 169 159 170) (136 160 168 32) (161 86 137 172 169)
 (5 138 156) (139 157 87 174) (140 158 57 174) (88 141 175 159 176)
 (33 174 142 160) (161 178 89 175 143) (162 19 174 144) (145 163 180 90 175)
 (146 164 180 176 58) (177 181 182 91 165 147) (34 148 180 166 178)
 (179 181 184 92 167 149) (11 174 150 168) (93 169 175 151 186)
 (59 170 176 186 152) (153 177 94 187 188 171) (186 154 35 172 178)
 (179 95 155 190 173 187) (120 1) (121 192 96) (124 36 192) (97 193 125 194)
 (192 126 20) (193 98 196 127) (130 196 37 194) (131 197 99 195 198)
 (12 132 192) (193 100 133 200) (136 200 38 194) (201 202 137 101 195)
 (138 192 6) (193 139 204 102) (194 204 142 39) (195 205 103 143 206)
 (21 196 204 144) (145 205 208 197 104) (206 148 208 198 40)
 (209 199 207 105 210 149) (204 13 150 200) (201 106 212 205 151)
 (41 154 212 206 202) (155 203 207 107 213 214) (3 156 192) (193 108 157 216)
 (194 42 216 160) (161 217 195 109 218) (162 196 216 22) (217 163 220 197 110)
 (218 43 220 166 198) (167 199 111 219 221 222) (200 216 14 168)
 (169 201 217 224 112) (44 202 172 224 218) (225 226 203 113 219 173)
 (7 204 174 216) (217 114 228 205 175) (178 228 45 206 218)
 (179 229 230 207 115 219) (23 180 220 228 208) (181 232 209 229 116 221)
 (46 232 184 210 222 230) (231 185 234 233 211 117 223) (186 212 228 15 224)
 (225 229 187 236 213 118) (226 230 47 236 190 214)
 (227 231 237 238 191 215 119) NIL (240 120) (240 60) (121 242 241) (240 48)
 (122 244 241) (61 242 244) (243 245 123 246) (240 24) (124 248 241)
 (62 242 248) (243 249 125 250) (240 16) (252 241 126) (242 63 252)
 (243 253 254 127) (49 244 252) (253 256 245 128) (256 64 246 254)
 (129 257 255 247 258) (25 252 248) (130 260 249 253) (260 65 250 254)
 (131 261 255 251 262) (240 8) (264 241 132) (242 66 264) (243 265 266 133)
 (50 264 244) (265 268 245 134) (268 67 246 266) (135 269 267 247 270)
 (26 264 248) (265 136 272 249) (272 68 250 266) (137 273 267 251 274) (240 4)
 (138 276 241) (69 242 276) (243 277 139 278) (244 276 51) (277 140 245 280)
 (70 280 246 278) (281 282 141 279 247) (27 248 276) (277 284 249 142)
 (71 284 250 278) (286 285 143 251 279) (17 252 276) (277 288 253 144)
 (72 288 254 278) (145 289 279 255 290) (280 288 52 256) (257 146 281 289 292)
 (290 258 292 73 282) (283 291 259 293 294 147) (28 260 284 288)
 (289 285 148 261 296) (286 290 296 262 74) (287 291 263 297 298 149)
 (9 264 276) (277 300 265 150) (300 266 75 278) (302 301 151 267 279)
 (53 280 300 268) (269 281 304 301 152) (282 270 304 302 76)
 (153 305 306 283 271 303) (300 272 29 284) (154 285 301 273 308)
 (77 302 308 274 286) (155 309 310 287 275 303) (240 2) (156 241 312)
 (242 312 78) (313 314 243 157) (244 54 312) (313 316 245 158) (314 79 316 246)
 (315 317 159 247 318) (248 30 312) (313 320 249 160) (314 80 250 320)
 (161 321 315 251 322) (252 18 312) (313 162 324 253) (314 324 81 254)
 (163 325 315 255 326) (316 55 324 256) (257 325 164 317 328)
 (258 326 328 82 318) (329 330 259 165 319 327) (260 324 31 320)
 (321 325 332 261 166) (322 332 262 83 326) (333 263 167 323 327 334)
 (10 264 312) (313 336 265 168) (314 336 266 84) (169 337 315 267 338)
 (336 316 56 268) (269 170 340 317 337) (85 270 340 318 338)
 (339 341 342 271 319 171) (336 272 320 32) (321 337 172 273 344)
 (86 344 338 274 322) (339 345 346 275 323 173) (5 276 312) (313 348 277 174)
 (314 87 348 278) (315 349 175 279 350) (348 316 57 280) (281 349 352 317 176)
 (352 282 88 318 350) (177 319 283 351 353 354) (33 348 284 320)
 (321 178 356 285 349) (322 356 89 286 350) (179 287 351 323 357 358)
 (348 324 19 288) (289 349 180 325 360) (290 360 350 90 326)
 (361 362 181 291 351 327) (352 360 292 328 58) (329 361 364 182 293 353)
 (330 364 91 362 294 354) (363 365 366 183 331 295 355) (356 34 332 360 296)
 (361 333 368 184 297 357) (362 334 368 92 298 358)
 (363 335 185 370 369 299 359) (348 11 300 336) (337 186 372 301 349)
 (93 338 372 302 350) (187 373 374 351 339 303) (59 352 340 372 304)
 (305 373 188 341 376 353) (306 94 374 376 342 354)
 (307 189 375 377 378 343 355) (356 372 35 308 344) (309 373 190 345 380 357)
 (310 95 374 346 380 358) (311 375 347 381 191 359 382) (240 1) (384 241 192)
 (242 384 96) (193 385 243 386) (36 248 384) (385 194 388 249) (97 386 388 250)
 (195 389 387 251 390) (252 384 20) (385 196 253 392) (98 392 254 386)
 (393 394 387 197 255) (260 37 388 392) (393 389 396 261 198)
 (394 99 396 262 390) (391 199 263 395 397 398) (12 264 384) (385 400 265 200)
 (386 100 266 400) (201 401 387 267 402) (388 272 38 400) (401 202 389 273 404)
 (402 404 101 274 390) (403 405 275 203 391 406) (6 276 384) (385 204 277 408)
 (386 408 278 102) (409 410 387 205 279) (284 388 39 408) (409 389 412 285 206)
 (410 412 286 103 390) (411 413 414 207 287 391) (21 392 408 288)
 (289 393 416 409 208) (290 410 416 394 104) (417 411 209 418 291 395)
 (40 416 396 412 296) (413 417 210 420 297 397) (414 105 418 420 298 398)
 (211 415 419 421 422 299 399) (300 13 408 400) (401 409 212 301 424)
 (106 410 424 302 402) (403 411 213 425 426 303) (41 308 424 404 412)
 (405 413 214 425 309 428) (310 414 107 426 428 406)
 (311 407 415 215 427 429 430) (3 384 312) (313 385 432 216) (314 108 432 386)
 (217 433 315 387 434) (42 388 432 320) (321 218 436 389 433)
 (322 436 109 390 434) (435 437 438 391 323 219) (22 324 432 392)
 (393 433 220 325 440) (394 434 440 326 110) (435 441 442 395 221 327)
 (43 332 440 396 436) (437 441 444 333 397 222) (438 442 444 111 398 334)
 (335 439 443 445 446 399 223) (400 14 432 336) (337 401 448 433 224)
 (338 402 434 448 112) (225 435 339 403 449 450) (44 436 448 404 344)
 (226 405 345 452 449 437) (406 450 346 452 113 438)
 (227 407 439 451 347 453 454) (7 348 432 408) (409 433 228 349 456)
 (114 434 456 350 410) (435 229 411 351 457 458) (356 45 456 412 436)
 (437 230 413 457 460 357) (438 414 458 115 460 358)
 (231 439 415 459 461 462 359) (23 416 440 456 360) (361 232 441 417 457 464)
 (362 442 418 458 116 464) (465 466 363 233 443 419 459)
 (46 368 444 420 460 464) (465 468 369 234 445 421 461)
 (466 468 370 446 422 117 462) (467 469 470 371 447 423 235 463)
 (372 448 456 15 424) (472 236 373 449 457 425) (472 374 450 426 458 118)
 (473 474 237 375 451 459 427) (428 47 472 452 380 460)
 (473 461 476 238 453 381 429) (474 476 430 454 462 119 382)
 (383 475 477 478 239 463 455 431) NIL (480 240) (480 120) (481 241 482)
 (480 60) (242 481 484) (121 484 482) (243 485 486 483) (480 16) (481 252 488)
 (488 482 126) (489 490 253 483) (63 484 488) (489 492 485 254)
 (490 492 486 127) (491 493 255 487 494) (480 8) (481 264 496) (496 482 132)
 (497 498 265 483) (66 484 496) (497 500 485 266) (498 500 486 133)
 (499 501 267 487 502) (480 2) (481 504 312) (156 482 504) (313 505 483 506)
 (78 484 504) (505 314 508 485) (506 508 157 486) (315 509 507 487 510)
 (504 18 488) (489 505 324 512) (490 512 506 162) (513 514 491 325 507)
 (508 492 81 512) (513 509 516 493 326) (514 163 516 494 510)
 (515 517 518 495 327 511) (10 504 496) (497 505 520 336) (498 520 506 168)
 (337 521 499 507 522) (508 520 500 84) (521 338 524 501 509)
 (169 522 524 502 510) (339 525 526 503 523 511))