(NIL NIL (2 1) NIL (2 4) (1 4) (5 3 6) NIL (8 4) (8 2) (5 10 9) (8 1) (12 6 9)
 (12 10 3) (7 13 14 11) NIL (16 8) (16 2) (17 10 18) (16 1) (12 17 20)
 (18 3 20) (14 21 19 22) NIL (24 8) (24 2) (10 25 26) (24 1) (12 25 28)
 (28 3 26) (27 29 14 30) NIL (32 24) (32 16) (32 4) NIL (32 36) (24 36)
 (37 33 38) (16 36) (37 34 40) (8 36) (25 38 42) (17 40 42) (36 4) (35 37 45)
 (45 42 9) (2 36) (48 38 26) (48 40 18) (48 10 42) (27 49 51 43) (50 51 19 44)
 (45 5 48) (51 47 11 54) (36 1) (28 38 56) (40 20 56) (12 42 56) (59 29 43 57)
 (59 21 44 58) (45 56 6) (59 13 47 62) (48 56 3) (49 30 64 57) (64 50 58 22)
 (59 14 51 64) (67 60 31 52 65) (23 67 61 53 66) (7 62 64 54) (55 63 67 15 70)
 NIL (32 72) (8 72) (72 4) (35 73 75) (9 75 74) (2 72) (78 10 74) (78 5 75)
 (79 80 11 77) (72 1) (12 82 74) (75 82 6) (13 83 77 84) (78 82 3)
 (86 79 14 83) (7 86 80 84) (85 15 87 88 81) NIL (90 36) (32 90) (37 92 91)
 (90 24) (38 91 94) (33 92 94) (39 93 95 96) (90 16) (40 91 98) (34 92 98)
 (41 93 99 100) (90 8) (102 42 91) (102 25 94) (103 104 43 95) (102 17 98)
 (103 106 44 99) (90 4) (45 91 108) (35 92 108) (109 110 46 93) (102 108 9)
 (109 103 112 47) (90 2) (48 91 114) (114 94 26) (49 115 95 116) (114 98 18)
 (118 50 115 99) (102 10 114) (103 120 51 115) (27 104 120 116)
 (117 105 121 52 122) (118 120 106 19) (119 121 107 53 124) (5 114 108)
 (109 126 115 54) (120 126 112 11) (55 121 127 128 113) (90 1) (130 91 56)
 (28 94 130) (132 57 95 131) (130 98 20) (134 131 99 58) (102 12 130)
 (59 103 136 131) (104 136 29 132) (133 60 105 137 138) (134 136 106 21)
 (135 61 137 107 140) (6 130 108) (109 142 62 131) (142 13 112 136)
 (63 143 144 113 137) (114 3 130) (146 64 115 131) (146 30 132 116)
 (117 133 147 65 148) (118 134 146 22) (150 119 135 147 66) (120 14 146 136)
 (67 137 152 121 147) (148 31 122 152 138) (139 149 68 153 154 123)
 (23 150 140 152 124) (141 151 69 153 156 125) (7 126 146 142)
 (158 127 70 143 147) (158 128 15 144 152) (145 71 153 159 160 129) NIL
 (162 90) (162 36) (163 91 164) (162 32) (163 92 166) (37 166 164)
 (168 93 167 165) (162 16) (170 163 98) (170 40 164) (171 172 99 165)
 (170 34 166) (171 174 167 100) (172 41 174 168) (169 101 173 175 176) (162 8)
 (102 163 178) (42 178 164) (180 103 179 165) (170 17 178) (171 106 182 179)
 (180 182 172 44) (181 183 173 107 184) (162 4) (163 186 108) (45 186 164)
 (109 188 187 165) (35 166 186) (110 187 167 190) (190 46 188 168)
 (169 189 111 192 191) (186 178 9) (112 194 187 179) (180 47 194 188)
 (189 181 113 195 196) (162 2) (163 114 198) (48 198 164) (200 199 115 165)
 (170 18 198) (118 171 199 202) (50 202 172 200) (201 119 204 173 203)
 (10 198 178) (120 206 199 179) (180 51 206 200) (201 181 121 207 208)
 (202 182 206 19) (210 203 183 207 124) (210 204 184 53 208)
 (205 209 211 212 125 185) (5 186 198) (126 199 187 214) (200 54 214 188)
 (189 201 127 215 216) (214 11 194 206) (218 128 207 195 215)
 (55 218 208 216 196) (209 217 219 220 197 129) (162 1) (163 130 222)
 (56 164 222) (224 223 131 165) (170 20 222) (134 171 223 226) (226 172 224 58)
 (225 135 228 173 227) (12 222 178) (136 230 223 179) (180 59 230 224)
 (225 181 137 231 232) (226 182 230 21) (234 227 183 231 140)
 (234 61 228 184 232) (229 141 235 236 233 185) (222 186 6) (142 223 187 238)
 (62 238 224 188) (189 225 143 239 240) (13 238 194 230) (239 144 231 195 242)
 (242 232 63 240 196) (233 145 241 243 244 197) (198 3 222) (223 146 199 246)
 (246 224 64 200) (201 225 247 147 248) (202 226 246 22) (150 203 227 247 250)
 (250 204 228 248 66) (229 151 249 205 251 252) (246 14 206 230)
 (247 152 231 207 254) (67 232 248 254 208) (209 233 153 249 255 256)
 (23 210 250 254 234) (258 211 156 251 235 255) (258 236 212 69 252 256)
 (257 259 260 213 237 157 253) (7 246 214 238) (158 262 239 215 247)
 (262 70 240 248 216) (241 263 264 217 249 159) (218 262 15 254 242)
 (263 266 243 219 160 255) (244 264 266 220 71 256)
 (257 265 267 268 221 245 161))