(NIL NIL (1 2) NIL (2 4) (1 4) (5 3 6) NIL (4 8) (2 8) (9 5 10) (1 8) (9 6 12)
 (3 10 12) (11 13 7 14) NIL (16 8) (16 4) (17 9 18) (16 1) (17 12 20) (18 20 6)
 (21 22 19 13) NIL (24 16) (24 8) (17 26 25) (24 4) (18 28 25) (9 26 28)
 (27 29 19 30) (24 2) (26 32 10) (5 28 32) (11 33 30 34) (24 1) (36 25 20)
 (26 12 36) (21 27 37 38) (6 28 36) (22 29 37 40) (40 13 30 38)
 (41 42 23 39 31) (3 32 36) (44 33 14 38) (7 44 34 40) (42 45 15 35 46) NIL
 (48 24) (48 16) (49 25 50) (48 8) (26 52 49) (17 52 50) (51 27 53 54) (48 4)
 (28 49 56) (18 56 50) (51 57 29 58) (9 52 56) (57 60 53 30) (58 19 60 54)
 (59 61 31 55 62) (48 2) (32 49 64) (10 52 64) (65 33 53 66) (5 64 56)
 (57 65 68 34) (66 11 60 68) (69 67 61 70 35) (48 1) (36 49 72) (72 20 50)
 (51 73 37 74) (72 52 12) (73 76 53 38) (21 74 76 54) (75 77 39 55 78)
 (6 72 56) (57 73 80 40) (58 80 74 22) (41 81 59 75 82) (76 60 13 80)
 (81 42 84 61 77) (82 23 84 62 78) (43 79 83 85 63 86) (3 72 64) (65 73 44 88)
 (66 76 14 88) (89 77 67 45 90) (88 7 68 80) (81 89 92 69 46) (92 90 84 70 15)
 (47 71 85 91 93 94) NIL (48 96) (24 96) (97 49 98) (96 8) (97 52 100)
 (26 98 100) (101 102 53 99) (96 4) (97 104 56) (28 98 104) (57 105 99 106)
 (9 104 100) (101 105 60 108) (102 108 30 106) (109 103 61 107 110) (96 2)
 (97 112 64) (32 98 112) (65 113 99 114) (10 112 100) (101 66 113 116)
 (102 116 33 114) (118 103 117 67 115) (5 112 104) (105 113 68 120)
 (106 120 34 114) (121 122 107 69 115) (11 108 116 120) (121 117 124 109 70)
 (122 124 110 35 118) (119 71 111 123 125 126) (96 1) (97 128 72) (36 98 128)
 (73 129 99 130) (128 12 100) (101 129 76 132) (102 132 38 130)
 (133 103 77 131 134) (6 128 104) (105 129 136 80) (106 136 130 40)
 (81 137 107 131 138) (132 108 13 136) (137 133 84 109 140)
 (42 138 140 110 134) (135 139 141 142 85 111) (3 128 112) (113 129 144 88)
 (114 44 144 130) (89 145 115 131 146) (132 116 14 144) (145 90 148 117 133)
 (146 148 45 118 134) (135 147 149 150 119 91) (144 7 136 120)
 (121 137 92 152 145) (122 146 152 46 138) (139 147 153 154 123 93)
 (140 124 152 15 148) (141 149 153 156 125 94) (47 142 150 154 156 126)
 (143 127 151 155 157 158 95) NIL (48 160) (24 160) (161 49 162) (160 16)
 (164 161 50) (164 25 162) (163 51 165 166) (160 8) (52 161 168) (26 168 162)
 (163 169 53 170) (17 164 168) (165 169 54 172) (27 166 170 172)
 (173 174 167 171 55) (160 4) (176 161 56) (176 28 162) (163 57 177 178)
 (164 176 18) (177 58 165 180) (180 178 166 29) (181 59 167 179 182)
 (9 168 176) (177 60 169 184) (178 184 170 30) (185 186 179 61 171)
 (184 19 180 172) (173 185 188 181 62) (174 188 182 31 186)
 (175 189 190 187 63 183) (160 1) (192 161 72) (192 36 162) (163 73 193 194)
 (164 192 20) (193 74 165 196) (194 196 166 37) (197 75 167 195 198)
 (192 168 12) (193 76 169 200) (194 200 170 38) (201 202 195 77 171)
 (21 200 196 172) (173 201 204 197 78) (174 204 198 39 202)
 (175 199 203 205 206 79) (6 192 176) (177 193 208 80) (178 208 194 40)
 (81 209 179 195 210) (22 196 180 208) (197 82 212 181 209)
 (41 210 212 182 198) (199 211 83 213 214 183) (208 200 13 184)
 (185 201 84 209 216) (186 216 210 202 42) (187 203 211 85 217 218)
 (204 212 23 188 216) (189 205 213 86 217 220) (43 190 206 214 218 220)
 (87 191 207 215 219 221 222) NIL (224 96) (224 48) (97 226 225) (224 24)
 (228 98 225) (49 226 228) (229 230 227 99) (224 16) (226 232 50) (228 232 25)
 (51 230 233 234) (224 8) (236 225 100) (236 52 226) (101 237 227 238)
 (228 236 26) (102 229 237 240) (230 53 238 240) (241 242 103 231 239)
 (17 236 232) (244 54 233 238) (244 27 240 234) (235 242 245 246 55) (224 4)
 (248 225 104) (248 226 56) (105 249 227 250) (228 28 248) (249 106 229 252)
 (57 250 230 252) (253 107 231 251 254) (18 232 248) (58 256 233 250)
 (252 29 256 234) (235 257 59 254 258) (9 236 248) (249 108 237 260)
 (250 60 260 238) (261 251 109 262 239) (252 260 30 240) (241 261 253 110 264)
 (242 264 61 254 262) (263 243 255 111 265 266) (19 244 260 256)
 (257 268 245 62 262) (258 268 246 31 264) (63 259 247 266 269 270) (224 2)
 (272 225 112) (272 226 64) (113 273 227 274) (228 32 272) (273 114 229 276)
 (65 274 230 276) (277 115 231 275 278) (10 236 272) (273 116 237 280)
 (66 280 238 274) (281 282 275 117 239) (276 33 280 240) (241 281 284 277 118)
 (242 67 284 278 282) (279 283 285 286 119 243) (5 272 248) (249 273 288 120)
 (250 68 288 274) (121 289 251 275 290) (252 34 276 288) (289 122 292 253 277)
 (290 292 69 254 278) (279 255 291 293 294 123) (11 260 288 280)
 (281 289 124 261 296) (282 290 296 262 70) (283 291 263 297 298 125)
 (284 292 296 35 264) (285 297 293 265 300 126) (286 71 294 298 266 300)
 (287 302 295 299 301 267 127) (224 1) (304 225 128) (304 226 72)
 (129 305 227 306) (228 36 304) (305 130 229 308) (73 306 230 308)
 (309 131 231 307 310) (304 232 20) (74 312 233 306) (312 308 37 234)
 (235 313 75 310 314) (304 236 12) (305 316 132 237) (316 306 76 238)
 (317 307 133 318 239) (316 308 38 240) (241 317 309 134 320)
 (242 320 77 310 318) (135 311 243 319 321 322) (21 316 244 312)
 (313 324 245 78 318) (314 324 246 39 320) (315 79 322 325 247 326) (6 304 248)
 (249 305 328 136) (250 328 306 80) (137 329 251 307 330) (308 328 252 40)
 (329 138 332 253 309) (81 330 332 254 310) (311 139 255 331 333 334)
 (328 22 312 256) (257 82 336 313 330) (41 258 332 336 314)
 (337 338 315 83 259 334) (316 260 13 328) (329 317 140 261 340)
 (330 84 340 262 318) (341 342 141 319 263 331) (332 42 320 340 264)
 (341 344 142 321 265 333) (342 344 322 85 266 334)
 (343 345 346 143 323 267 335) (324 23 268 340 336) (337 342 348 325 86 269)
 (338 43 344 348 326 270) (339 87 346 349 350 327 271) (3 304 272)
 (273 305 352 144) (274 352 306 88) (145 353 275 307 354) (44 308 276 352)
 (353 146 356 277 309) (89 354 356 278 310) (279 311 355 147 357 358)
 (316 352 14 280) (281 353 148 317 360) (354 282 360 318 90)
 (283 319 355 149 361 362) (360 284 45 356 320) (285 321 357 150 361 364)
 (286 322 358 362 91 364) (359 287 323 151 363 365 366) (7 328 352 288)
 (289 329 353 368 152) (354 290 92 368 330) (369 370 355 291 153 331)
 (332 292 356 46 368) (369 372 293 357 154 333) (370 372 358 93 334 294)
 (371 373 359 295 155 335 374) (340 360 368 15 296) (369 341 376 361 297 156)
 (370 342 376 298 362 94) (371 343 377 378 299 157 363)
 (364 47 376 344 372 300) (373 345 301 380 377 365 158)
 (374 346 380 366 378 302 95) (375 347 381 382 303 367 379 159) NIL (384 224)
 (384 160) (384 96) (385 225 387) (384 48) (385 226 389) (161 386 389)
 (97 389 387) (388 392 227 390) (384 16) (394 385 232) (164 386 394)
 (394 389 50) (395 397 233 390) (391 165 396 397) (384 8) (385 236 400)
 (168 386 400) (400 100 387) (388 401 403 237) (52 389 400) (401 405 238 390)
 (391 402 169 405) (101 392 403 405) (393 404 406 239 408) (17 394 400)
 (401 410 395 244) (402 396 410 172) (405 397 54 410) (413 411 245 398 406)
 (173 412 413 407 399) (384 2) (385 416 272) (112 416 387) (388 273 417 418)
 (416 389 64) (417 274 420 390) (113 392 420 418) (419 393 421 275 422)
 (10 416 400) (401 417 424 280) (418 403 116 424) (281 425 419 404 426)
 (66 420 405 424) (425 282 428 421 406) (426 428 117 422 408)
 (423 283 429 430 409 427))