(NIL (1) (1) (2 3) (4) (5) (6) (7) (8) (8) (9 10) (9 10) (11 12) (13) (11)
 (15 14) (16) (17) (18) (19) (20) (20) (22) (21 23) (21 23) (25) (26 24) (27)
 (28) (29) (29) (30 31) (32) (33) (34) (35) (36) (37) (38) (39) (40) (40)
 (41 42) (41 42) (43 44) (45) (46) (47) (48) (49) (50) (51) (52) (53) (54) (55)
 (56) (57) (58) (59) (60) (61) (62) (63) (64) (65) (66) (67) (68) (66) (68 70)
 (71) (69 71) (73 72) (74) (75) (76) (77) (78) (78) (80) (81) (82 79) (81)
 (83 84) (85) (86) (85) (87 88) (87 88) (89 90) (91) (92) (93) (93) (94 95)
 (96) (97) (98) (99) (100) (101) (102) (103) (104) (103) (105 106) (105 106)
 (107 108) (107 108) (109 110) (111) (112) (113) (114) (115) (115) (116 117)
 (118) (119) (120) (121) (122) (123) (124) (125) (126) (127) (128) (129) (130)
 (131) (132) (130) (131 134) (135) (133 136) (137) (138) (138) (139 140) (141)
 (142) (143) (144) (145) (142) (145 147) (146 147) (148 149) (150) (150)
 (151 152) (153) (152) (153 155) (154 156) (154 156) (157 158) (157 158)
 (159 160) (161) (159 160) (161 163) (162 164) (164) (162 166) (165 167) (168)
 (169) (170) (170) (172) (171 173) (171 173) (174 175) (176) (176) (177 178)
 (179) (180) (181) (182) (183) (184) (185) (185) (187) (186 188) (189) (190)
 (190) (191 192) (193) (194) (195) (196) (197) (198) (199) (200) (201) (202)
 (203) (203) (205) (204 206) (204 206) (208) (209) (210) (211) (212 207) (213)
 (214) (215) (216) (217) (218) (219) (219) (221) (222) (220 223) (224) (225)
 (226) (227) (228) (229) (230) (231) (231) (233 232) (234) (235) (236) (237)
 (238) (239) (238) (241 240) (242) (243) (244) (244) (245 246) (247) (248)
 (249) (250) (251) (252) (251) (252 254) (253 255) (256) (257) (258) (259)
 (260) (259) (261 262) (263) (263) (265 264) (266) (266) (268) (267 269) (270)
 (271) (272) (273) (274) (275) (276) (277) (278) (279) (280) (281) (282) (283)
 (284) (285) (286) (287) (288) (289) (290) (290) (291 292) (293) (293)
 (294 295) (296) (297) (298) (299) (298) (299 301) (300 302) (303) (304) (305)
 (306) (306) (308) (307 309) (310) (311) (312) (313) (314) (314) (315 316)
 (315 316) (317 318) (319) (319) (321 320) (322) (323) (324) (325) (326) (327)
 (328) (329) (330) (331) (332) (333) (333) (335) (334 336) (337) (338) (339)
 (339) (340 341) (342) (343) (344) (345) (346) (347) (348) (349) (350) (351)
 (352) (353) (354) (355) (355) (357) (356 358) (359) (360) (361) (360)
 (362 363) (364) (365) (366) (367) (368) (369) (369) (371) (370 372) (373)
 (374) (375) (376) (377) (378) (379) (380) (381) (382) (383) (384) (385) (386)
 (385) (387 388) (389) (390) (391) (392) (392) (394) (393 394) (396) (395 397)
 (398) (398) (400) (401 399) (402) (403) (404) (405) (406) (406) (407 408)
 (409) (410) (411) (411) (412 413) (414) (415) (416) (417) (418) (419) (420)
 (421) (422) (423) (424) (425) (426) (427) (428) (429) (428) (430 431) (432)
 (433) (434) (435) (436) (437) (438) (439) (440) (441) (439) (442 443) (444)
 (445) (446) (445) (447 448) (449))