(NIL (1) (2) (3) (3) (4 5) (6) (7) (6) (9 8) (10) (11) (12) (13) (14) (15) (14)
 (17 15) (18) (19 16) (20) (21) (22) (23) (24) (23) (25 26) (27) (27) (28 29)
 (28 29) (30 31) (32) (33) (34) (35) (36) (37) (37) (38 39) (40) (41) (42) (43)
 (44) (45) (46) (47) (48) (49) (50) (51) (52) (53) (53) (54 55) (56) (57) (58)
 (59) (58) (60 61) (62) (62) (63 64) (62) (65 66) (67) (68) (69) (70) (71) (72)
 (72) (73 74) (75) (75) (76 77) (76 77) (78 79) (80) (81) (82) (83) (84) (85)
 (86) (87) (88) (89) (90) (91) (92) (93) (94) (95) (96) (97) (98) (99) (99)
 (100 101) (100 101) (100 101) (102 104) (102 103 104) (105 106) (105 106)
 (108) (107 109) (107 109) (111) (110 112) (110 112) (113 114) (115) (116)
 (117) (118) (118) (119 120) (121) (122) (123) (123) (125) (126) (124 127)
 (128) (129) (130) (131) (131) (132 133) (134) (135) (136) (137) (137)
 (138 139) (140) (141) (140) (142 143) (142 143) (145 144) (142 143) (146 147)
 (146 147) (148 149) (150) (151) (152) (153) (154) (154) (155 156) (157) (158)
 (159) (160) (161) (162) (163) (164) (165) (164) (167) (166 168) (169) (170)
 (171) (170) (172 173) (174) (175) (176) (177) (178) (178) (180) (179 181)
 (182) (183) (184) (185) (186) (187) (188) (189) (189) (190 191) (192) (192)
 (193 194) (193 194) (195 196) (197) (198) (199) (200) (201) (199) (202 203)
 (204) (205) (206) (207) (208) (209) (210) (210) (212) (211 212) (214) (215)
 (213 216) (217) (218) (219) (220) (221) (222) (222) (223 224) (225) (225)
 (226 227) (228) (228) (229 230) (231) (232) (232) (233 234) (235) (236) (237)
 (238) (239) (240) (241) (242) (243) (244) (245) (246) (247) (248) (248)
 (249 250) (249 250) (251 252) (253) (254) (255) (256) (257) (258) (259) (260)
 (261) (262) (263) (264) (265) (266) (267) (268) (268) (270) (269 271) (272)
 (273) (274) (274) (274) (276 277) (278) (275 279) (280) (280) (281 282) (283)
 (284) (285) (286) (285) (287 288) (289) (290) (291) (292) (293) (294) (295)
 (296) (297) (298) (299) (299) (300 301) (302) (300 301) (302 304) (305)
 (303 304) (306 307) (308) (309) (310) (311) (312) (312) (313 314) (313 314)
 (316) (315 317) (318) (319) (318) (321 320) (322) (323) (324) (325) (326)
 (325) (326 328) (327 328) (329 330) (331) (332) (333) (334) (335) (336) (337)
 (336) (338 339) (340) (341) (342) (343) (344) (345) (346) (347) (348) (349)
 (350) (351) (352) (353) (354) (355) (356) (357) (355) (357 359) (358 360)
 (361) (362) (363) (364) (365) (366) (367) (368) (369) (369) (370 371) (372)
 (373) (373) (375) (374 376) (374 376) (374 375) (377 378 379) (377 378 379)
 (380 381) (380 381) (382 383) (384) (384) (385 386) (387) (388) (389) (390)
 (391) (391) (393 392) (394) (395) (396) (396) (397 398) (399) (400) (401)
 (402) (403) (404) (405) (405) (407) (406 408) (409) (410) (411) (412) (413)
 (414) (415) (415) (417 416) (418) (419) (418) (420 421) (422) (423) (424)
 (424) (425 426) (427) (428) (429) (430) (431) (432) (433) (434) (434)
 (435 436) (437) (438) (439) (439) (441 440) (442) (442) (444) (443 445)
 (443 445) (446 447) (448) (449))