(NIL (1) NIL (3 2) (4) (4) (6) (5 7) (7) (9 8) (10) (11) (12) (13) (14) (15)
 (16) (17) (16) (18 19) (20) (21) (22) (22) (24) (23 24) (25 26) (27) (28) (29)
 (28) (29 31) (32) (33 30) (34) (35) (36) (36) (36) (37 39) (38 40) (41)
 (38 40) (42 43) (44) (45) (46) (47) (48) (49) (50) (51) (52) (53) (54) (55)
 (55) (57 56) (58) (58) (59 60) (61) (62) (63) (64) (64) (65 66) (67) (68) (69)
 (70) (71) (72) (73) (73) (75) (74 75) (76 77) (78) (79) (79) (81) (82 80) (83)
 (84) (83) (86) (84 87) (85 88) (89) (90) (91) (92) (93) (94) (95) (95) (97 96)
 (98) (99) (100) (101) (102) (102) (103 104) (104) (105 106) (107) (108) (109)
 (110) (111) (112) (113) (114) (115) (116) (116) (118) (117 119) (120) (121)
 (122) (122) (123 124) (125) (126) (127) (128) (128) (129 130) (131) (132)
 (133) (134) (135) (135) (135) (137 138 136) (139) (139) (140 141) (142) (143)
 (144) (142) (146 144) (145 147) (148) (149) (150) (151) (151) (153 152) (154)
 (155) (155) (156 157) (158) (159) (158) (161 159) (161 160) (162 163) (164)
 (165) (166) (162 163) (166 168) (169 167) (170) (171) (171) (172 173) (174)
 (175) (175) (177 176) (178) (179) (180) (181) (182) (182) (183 184) (185)
 (186) (187) (188) (188) (190) (189 190) (191 192) (193) (194) (195) (196)
 (196) (197 198) (197 198) (199 200) (201) (202) (203) (204) (205) (206) (207)
 (204) (209 207) (210) (210 208) (212) (213) (211 214) (211 214) (215 216)
 (217) (218) (218) (219 220) (219 220) (221 222) (223) (224) (224) (226)
 (225 226) (228) (227 229) (230) (231) (232) (233) (234) (234) (236) (235 236)
 (238) (237 239) (240) (238) (242 240) (241 243) (244) (244) (246) (245 247)
 (248) (248) (249 250) (251) (252) (252) (253 254) (255) (252) (257 255) (258)
 (259 256) (260) (261) (262) (263) (264) (265) (266) (267) (267) (268 269)
 (270) (271) (272) (272) (273 274) (275) (276) (277) (277) (279) (278 280)
 (280) (281 282) (283) (284) (285) (286) (287) (288) (289) (290) (291) (292)
 (293) (292) (293 295) (296) (297 294) (298) (298) (300) (299 301) (302) (302)
 (304) (305 303) (306) (307) (308) (307) (308 310) (311) (312) (309 312)
 (313 314) (315) (316) (317) (318) (319) (320) (320) (322) (321 323) (324)
 (321 322) (325 326) (323 326) (327 328) (329) (330) (331) (332) (333) (334)
 (334) (335 336) (337) (338) (339) (340) (341) (342) (340) (343 344) (345)
 (346) (347) (348) (349) (350) (351) (352) (353) (354) (355) (354) (356 357)
 (358) (358) (360) (361) (362) (362 359) (362 359) (364 365) (363 366) (367)
 (368) (369) (370) (371) (372) (373) (374) (375) (376) (377) (378) (379) (380)
 (381) (379) (381 383) (384) (385 382) (386) (387) (388) (389) (390) (391)
 (391) (391) (394 392) (395) (393 396) (397) (398) (399) (397) (401 398)
 (402 400) (402 400) (404) (403 405) (403 405) (406 407) (406 407) (409 408)
 (410) (411) (412) (413) (414) (415) (416) (416) (417 418) (419) (419) (419)
 (422) (420 421 423) (420 421 423) (420 421 423) (425 426 424) (427) (428)
 (429) (429) (431) (430 432) (433) (433) (434 435) (436) (437) (438) (438)
 (439 440) (441) (442) (443) (444) (443) (445 446) (447) (448) (449))