(NIL NIL NIL (3 1) NIL (3 5) NIL (7 5) (7 1) NIL (7 10) (5 10) (8 12 11) (2 10)
 (1 10) (9 15 11) NIL (17 5) NIL (17 19) (10 19) (7 19) (21 11 22) (5 19)
 (24 18 20) (21 12 24) (8 24 22) (23 13 26 27) (3 19) (6 24 29) NIL (19 31)
 (10 31) (32 21 33) (7 31) (32 35 22) (33 11 35) (23 34 37 36) (1 31)
 (33 39 15) (9 35 39) (16 37 40 41) NIL (31 43) (19 43) (44 32 45) (10 43)
 (44 33 47) (21 45 47) (46 48 34 49) (7 43) (44 35 51) (45 51 22) (46 36 52 53)
 (47 51 11) (55 37 48 52) (23 55 49 53) (54 56 57 38 50) (3 43) (45 29 59)
 (1 43) (44 39 61) (15 47 61) (62 40 48 63) (9 51 61) (62 65 41 52)
 (55 16 65 63) (56 66 64 42 67) (4 61 59) NIL (19 70) (10 70) (21 71 72) (7 70)
 (71 74 22) (74 11 72) (73 23 75 76) (1 70) (78 15 72) (9 78 74) (79 16 80 76)
 NIL (82 70) (82 43) (82 31) (84 44 85) (82 19) (83 71 87) (84 45 87)
 (32 85 87) (86 46 89 90) (82 7) (83 92 74) (84 92 51) (85 92 35) (86 94 95 52)
 (92 87 22) (93 97 88 75) (94 97 89 53) (36 95 97 90) (91 54 96 99 100) (82 5)
 (24 87 102) (8 92 102) (103 104 97 27) (82 2) (82 1) (83 78 107) (84 107 61)
 (85 39 107) (62 86 109 110) (9 92 107) (112 93 80 108) (112 94 109 65)
 (112 95 41 110) (111 115 114 66 96) NIL (117 82) (117 70) (83 119 118)
 (117 43) (84 121 118) (117 31) (85 123 118) (44 121 123) (122 124 86 125)
 (117 10) (119 127 72) (121 47 127) (33 123 127) (130 129 48 125) (117 7)
 (92 132 118) (119 132 74) (120 133 93 134) (121 132 51) (122 94 133 136)
 (132 35 123) (95 124 133 138) (138 125 52 136) (137 139 140 96 126)
 (127 132 11) (142 128 134 76) (55 129 142 136) (138 37 130 142)
 (145 56 140 131 144) (117 3) (121 147 59) (117 1) (107 118 149) (78 119 149)
 (151 120 108 150) (121 149 61) (122 153 109 150) (123 149 39)
 (155 150 124 110) (62 153 155 125) (111 157 154 156 126) (127 149 15)
 (151 79 128 159) (159 63 153 129) (159 40 130 155) (162 64 161 131 157)
 (9 132 149) (112 133 164 150) (151 80 134 164) (152 113 165 135 166)
 (153 65 164 136) (137 154 114 165 168) (138 155 41 164) (139 170 115 156 165)
 (170 168 140 66 157) (141 116 158 169 171 172) (159 16 142 164)
 (174 160 81 143 166) (168 161 174 67 144) (145 170 162 42 174)
 (176 177 146 163 68 172) (147 149 4) (148 179 153 69) NIL (181 117) (181 82)
 (182 118 183) (181 70) (119 182 185) (83 185 183) (120 186 187 184) (181 43)
 (121 182 189) (84 189 183) (122 190 191 184) (181 31) (182 123 193)
 (85 183 193) (194 195 124 184) (44 189 193) (194 197 190 125) (195 86 197 191)
 (196 198 126 192 199) (181 19) (201 87 183) (71 185 201) (202 203 187 88)
 (45 189 201) (202 191 89 205) (32 201 193) (195 202 207 90) (46 197 205 207)
 (91 208 199 206 209) (181 17) (201 20 211) (181 10) (127 182 213) (185 213 72)
 (215 128 186 214) (47 189 213) (217 129 190 214) (33 213 193)
 (194 219 130 214) (219 217 197 48) (218 198 131 221 220) (21 201 213)
 (73 215 203 223) (223 217 205 49) (223 34 219 207) (209 225 226 221 50)
 (181 7) (182 132 228) (92 228 183) (230 229 133 184) (228 185 74)
 (229 186 134 232) (93 230 187 232) (234 233 135 188 231) (228 189 51)
 (236 229 190 136) (236 94 230 191) (137 237 238 231 192) (35 228 193)
 (194 138 229 240) (195 230 95 240) (242 196 241 139 231) (236 197 240 52)
 (244 140 198 237 241) (242 244 238 199 96) (141 200 239 243 245 246)
 (201 228 22) (202 230 248 97) (203 232 75 248) (234 250 249 204 98)
 (236 205 248 53) (99 252 238 206 249) (36 248 240 207) (208 100 242 254 249)
 (54 209 244 254 252) (253 255 256 210 246 101) (228 11 213) (258 229 142 214)
 (215 258 232 76) (216 260 259 143 233) (258 55 217 236) (262 259 218 237 144)
 (258 37 219 240) (145 259 220 264 241) (56 262 244 221 264)
 (146 263 265 266 222 245) (223 23 258 248) (77 224 260 250 268)
 (225 57 262 252 268) (254 268 226 38 264) (256 58 266 270 271 227) (181 5)
 (102 183 273) (201 24 273) (202 103 274 275) (18 211 273) (277 25 212 275)
 (12 273 213) (223 279 26 275) (8 228 273) (104 230 281 274) (275 281 248 27)
 (276 283 105 282 249) (258 13 279 281) (28 285 268 280 283) (181 3)
 (147 182 287) (189 287 59) (288 148 190 289) (201 287 29) (60 291 205 289)
 (287 6 273) (293 291 30 275) (181 1) (182 295 149) (107 183 295)
 (297 296 184 150) (78 185 295) (151 299 186 296) (297 299 187 108)
 (152 300 301 188 298) (189 295 61) (153 190 303 296) (297 303 191 109)
 (305 298 154 192 304) (39 295 193) (194 307 155 296) (297 195 307 110)
 (298 196 308 309 156) (62 307 197 303) (308 198 311 157 304)
 (111 305 309 199 311) (200 158 306 310 312 313) (15 295 213) (159 315 296 214)
 (215 79 299 315) (216 300 317 316 160) (63 217 315 303) (316 161 218 319 304)
 (40 307 219 315) (321 308 162 220 316) (321 64 319 311 221)
 (322 323 222 163 312 320) (9 228 295) (229 325 164 296) (297 112 230 325)
 (298 327 231 165 326) (80 325 299 232) (329 300 166 326 233)
 (234 329 113 301 327) (328 330 331 302 235 167) (236 65 325 303)
 (168 237 333 326 304) (305 333 114 238 327) (328 334 335 306 239 169)
 (307 325 41 240) (337 308 170 326 241) (242 309 115 327 337)
 (328 338 339 310 243 171) (337 333 244 66 311) (334 338 341 312 245 172)
 (116 335 339 341 313 246) (336 340 342 343 314 247 173) (258 16 325 315)
 (345 259 316 326 174) (329 345 260 81 317) (175 330 261 346 347 318)
 (345 333 262 67 319) (176 263 334 346 349 320) (321 337 42 264 345)
 (322 177 265 338 346 351) (323 266 341 68 349 351)
 (353 324 267 178 342 350 352) (287 295 4) (179 355 288 296) (355 289 303 69)
 (356 357 180 290 304))