(NIL NIL (2 1) NIL (4 1) NIL (6 2) NIL (8 6) (8 2) (7 9 10) (8 1) (3 10 12) NIL
 (6 14) (1 14) NIL (17 14) (8 17) (17 6) (18 15 20) (9 19 20) (17 4) (17 2)
 (19 10 24) (7 20 24) (22 25 11 26) NIL (17 28) (6 28) (30 29 20) (1 28) NIL
 (28 33) (17 33) (34 29 35) (8 33) (19 35 37) (4 33) (23 35 39) (2 33)
 (41 35 24) (41 37 10) (25 42 43 38) (1 33) (34 32 45) (45 37 12) (45 39 5)
 (45 41 3) (47 43 49 13) NIL (51 33) (17 51) (52 35 53) (8 51) (52 37 55)
 (55 19 53) (54 56 38 57) (51 6) (59 20 53) (59 9 55) (22 57 60 61) (51 2)
 (52 41 63) (24 63 53) (54 64 42 65) (63 10 55) (56 64 67 43) (25 57 67 65)
 (58 68 66 44 69) (59 7 63) (26 71 60 65) (67 61 11 71) (72 73 27 69 62) (51 1)
 (52 75 45) (75 12 55) (56 76 77 47) (75 3 63) (64 76 79 49) (77 67 79 13)
 (78 68 80 81 50) NIL (51 83) (33 83) (52 85 84) (28 83) (34 85 87) (17 83)
 (89 84 53) (85 35 89) (54 86 91 90) (87 29 89) (88 91 93 36) (14 83)
 (18 89 95) (6 83) (59 84 97) (87 97 30) (89 20 97) (98 90 60 100)
 (99 31 93 100) (95 15 97) (103 96 100 21) (2 83) (105 84 63) (105 85 41)
 (64 86 106 107) (89 105 24) (65 90 106 109) (91 42 107 109)
 (110 111 66 92 108) (105 7 97) (98 113 106 71) (26 100 113 109)
 (72 110 101 114 115) (1 83) (75 117 84) (117 85 45) (76 86 119 118)
 (117 87 32) (88 46 121 119) (16 95 117) (117 105 3) (79 124 106 118)
 (119 107 49 124) (125 126 120 80 108) NIL (51 128) (128 33) (52 130 129)
 (128 28) (34 132 130) (17 128) (134 129 53) (130 35 134) (54 135 131 136)
 (132 29 134) (136 138 133 36) (8 128) (140 129 55) (130 140 37)
 (56 141 131 142) (140 19 134) (135 57 141 144) (136 142 38 144)
 (145 146 137 58 143) (128 6) (59 129 148) (30 132 148) (148 20 134)
 (135 149 151 60) (150 31 138 151) (140 9 148) (149 141 61 154)
 (22 151 154 144) (145 152 155 62 156) (128 4) (130 39 158) (158 23 134)
 (159 136 40 160) (128 2) (162 129 63) (162 130 41) (64 163 131 164)
 (162 24 134) (135 65 166 163) (136 166 42 164) (137 165 167 66 168)
 (140 10 162) (163 67 141 170) (164 170 142 43) (171 172 165 68 143)
 (25 170 166 144) (145 171 174 167 69) (146 174 168 44 172)
 (173 175 176 70 147 169) (162 7 148) (149 163 178 71) (26 151 166 178)
 (72 179 152 167 180) (178 154 11 170) (171 73 182 155 179)
 (180 27 174 182 156) (175 74 183 184 157 181) (128 1) (75 186 129)
 (45 130 186) (76 131 187 188) (32 132 186) (46 133 188 190) (140 12 186)
 (187 77 141 192) (192 47 142 188) (193 78 189 143 194) (186 5 158)
 (159 196 48 188) (186 3 162) (163 187 79 198) (164 188 49 198)
 (199 200 165 80 189) (192 13 198 170) (171 199 193 202 81)
 (200 172 194 202 50) (173 203 204 82 201 195) NIL (206 128) (206 83) (206 51)
 (207 129 209) (208 84 209) (206 33) (130 207 212) (208 85 212) (52 212 209)
 (215 131 213 210) (211 215 86 214) (206 28) (132 207 218) (208 87 218)
 (34 212 218) (221 133 219 213) (221 88 220 214) (206 17) (207 224 134)
 (208 89 224) (224 209 53) (135 227 225 210) (211 227 90 226) (212 224 35)
 (136 230 225 213) (230 226 91 214) (215 54 230 227) (216 137 231 233 228)
 (217 92 229 233 232) (29 218 224) (236 138 225 219) (236 226 93 220)
 (221 236 230 36) (231 222 237 139 239) (223 238 239 232 94) (206 6)
 (242 207 148) (208 242 97) (242 59 209) (149 243 245 210) (211 98 244 245)
 (30 218 242) (150 243 219 248) (99 244 248 220) (242 224 20) (251 151 243 225)
 (100 244 251 226) (227 245 251 60) (228 152 246 252 254) (229 101 253 254 247)
 (236 31 251 248) (249 257 237 252 153) (257 250 238 102 253) (206 2)
 (260 207 162) (208 105 260) (260 209 63) (163 261 263 210) (211 262 263 106)
 (41 212 260) (261 164 266 213) (262 266 107 214) (215 64 263 266)
 (269 216 165 264 267) (269 217 265 108 268) (260 224 24) (261 272 166 225)
 (262 109 272 226) (227 65 263 272) (228 264 167 275 273) (110 229 265 274 275)
 (272 230 42 266) (273 231 168 267 278) (111 274 232 278 268)
 (269 278 66 275 233) (279 281 234 270 169 276) (277 280 281 112 235 271)
 (242 7 260) (261 243 284 178) (113 262 244 284) (263 284 245 71)
 (179 285 287 264 246) (265 287 114 247 286) (26 251 272 284)
 (285 180 252 273 290) (286 253 115 290 274) (72 287 254 275 290)
 (255 181 288 291 293 276) (277 256 289 292 293 116) (206 1) (186 207 296)
 (208 117 296) (75 209 296) (297 299 187 210) (211 118 299 298) (45 212 296)
 (297 188 213 302) (298 119 302 214) (215 76 299 302) (305 216 300 303 189)
 (305 217 120 301 304) (32 218 296) (297 308 219 190) (298 308 121 220)
 (221 46 302 308) (191 222 309 311 303) (223 310 122 311 304) (296 3 260)
 (261 297 314 198) (314 262 298 124) (314 263 79 299) (199 315 264 317 300)
 (125 301 316 265 317) (314 266 49 302) (200 315 303 267 320)
 (126 304 316 320 268) (269 305 317 80 320) (321 201 323 306 270 318)
 (322 323 127 307 271 319) NIL (326 206) (326 128) (327 207 328) (326 83)
 (208 330 327) (326 51) (332 327 209) (332 328 129) (333 334 329 210)
 (330 84 332) (211 331 333 336) (326 33) (327 338 212) (338 130 328)
 (339 213 329 340) (330 338 85) (331 342 339 214) (52 332 338)
 (215 344 333 339) (344 334 131 340) (216 345 346 335 341) (344 86 336 342)
 (343 217 345 337 348) (326 17) (327 224 350) (350 328 134) (351 352 225 329)
 (330 350 89) (351 331 354 226) (332 350 53) (227 351 333 356)
 (135 352 334 356) (228 353 335 357 358) (90 354 336 356) (360 229 355 357 337)
 (338 35 350) (351 362 230 339) (136 362 340 352) (363 353 231 364 341)
 (354 362 91 342) (343 363 355 232 366) (54 344 362 356) (368 345 363 357 233)
 (368 137 346 364 358) (359 347 365 369 370 234) (360 368 92 348 366)
 (361 349 367 369 372 235) (326 8) (140 374 328) (332 374 55) (375 334 141 376)
 (338 374 37) (378 375 340 142) (56 344 376 378) (379 380 346 377 143)
 (374 19 350) (352 382 375 144) (57 382 356 376) (145 383 384 377 358)
 (362 382 38 378) (379 146 383 364 386) (368 58 386 384 380)
 (147 381 370 385 387 388) (326 6) (242 327 390) (390 328 148)
 (243 391 392 329) (330 390 97) (331 244 391 394) (332 59 390)
 (391 333 245 396) (149 396 334 392) (397 398 335 246 393) (98 396 336 394)
 (395 397 247 337 400) (390 20 350) (351 251 391 402) (352 151 392 402)
 (403 404 353 252 393) (100 354 402 394) (395 253 406 355 403) (396 60 356 402)
 (403 397 254 357 408) (404 152 408 398 358) (255 359 399 405 409 410)
 (360 101 400 406 408) (412 256 361 401 407 409) (374 9 390) (414 375 154 392)
 (396 414 376 61) (398 415 155 377 416) (22 382 414 402) (404 418 383 415 156)
 (416 418 384 62 408) (417 419 420 385 157 410) (326 2) (327 422 260)
 (422 328 162) (261 423 424 329) (330 422 105) (262 331 423 426) (332 422 63)
 (428 333 423 263) (163 428 334 424) (430 429 264 335 425) (428 106 336 426)
 (427 429 265 432 337) (422 338 41) (423 339 266 434) (164 434 340 424)
 (435 436 425 267 341) (434 426 107 342) (343 427 438 435 268) (64 344 434 428)
 (269 435 345 429 440) (430 436 165 346 440) (437 441 442 347 270 431)
 (438 440 348 108 432) (439 441 444 349 271 433) (422 24 350) (351 446 272 423)
 (446 352 166 424) (447 353 273 448 425) (446 426 354 109)
 (427 447 355 274 450) (65 446 356 428) (452 429 447 275 357)
 (452 430 167 448 358) (359 449 453 454 431 276) (110 360 452 432 450)
 (277 361 451 453 456 433) (446 362 42 434) (435 278 363 447 458)
 (436 458 448 364 168) (279 437 449 365 459 460) (450 111 438 458 366)
 (451 280 439 367 459 462) (368 66 458 440 452) (281 441 453 369 459 464)
 (370 442 454 460 464 169) (282 443 455 371 461 465 466)
 (444 112 372 462 464 456) (468 373 283 445 457 463 465) (422 374 10)
 (470 375 424 170) (428 67 470 376) (171 430 471 472 377) (434 470 43 378)
 (379 172 474 471 436) (380 474 68 440 472) (173 473 442 475 476 381)
 (25 446 382 470) (471 478 174 383 448) (472 452 478 384 69)
 (175 473 479 480 454 385) (458 474 478 44 386) (176 475 479 482 387 460)
 (70 476 480 482 388 464) (177 477 481 483 484 389 466) (422 390 7)
 (423 486 391 284) (486 392 424 178) (285 487 425 393 488) (426 113 486 394)
 (395 286 487 427 490) (396 486 428 71) (487 397 429 287 492)
 (179 492 430 398 488) (288 399 489 493 494 431) (492 490 114 400 432)
 (289 401 491 493 496 433) (26 446 486 402) (403 487 447 290 498)
 (488 404 498 448 180) (499 500 449 291 489 405) (498 406 490 115 450)
 (499 502 292 451 491 407) (72 452 498 408 492) (499 504 293 453 493 409)
 (500 504 181 454 494 410) (411 501 505 506 294 455 495)
 (412 502 504 456 116 496) (413 503 505 508 295 457 497) (414 470 486 11)
 (471 510 182 415 488) (492 73 510 416 472) (417 473 183 511 512 494)
 (27 478 498 510 418) (500 419 479 511 184 514) (504 420 74 480 514 512)
 (506 421 513 515 516 185 481) (326 1) (327 518 296) (186 328 518)
 (297 519 329 520) (117 330 518) (298 331 519 522) (75 332 518)
 (333 524 299 519) (524 334 187 520) (521 525 300 335 526) (118 524 336 522)
 (525 523 301 337 528) (45 338 518) (530 339 302 519) (530 520 340 188)
 (521 531 532 303 341) (522 119 530 342) (343 523 534 531 304) (344 524 530 76)
 (305 345 525 531 536) (532 346 526 189 536) (347 527 306 533 537 538)
 (536 120 534 348 528) (349 529 307 535 537 540) (374 518 12) (192 375 542 520)
 (77 524 376 542) (193 543 526 377 544) (530 47 542 378) (379 532 194 543 546)
 (544 380 78 546 536) (545 547 548 381 538 195) (422 3 518) (314 423 550 519)
 (550 520 424 198) (521 315 551 425 552) (522 124 550 426)
 (427 554 523 316 551) (428 524 79 550) (525 429 556 317 551)
 (199 556 430 526 552) (553 557 558 527 431 318) (125 554 556 432 528)
 (555 557 560 529 433 319) (530 550 49 434) (435 562 531 551 320)
 (436 532 562 552 200) (321 437 553 563 564 533) (126 562 438 534 554)
 (322 439 555 563 566 535) (556 562 536 440 80) (323 441 557 563 568 537)
 (201 442 558 564 568 538) (324 443 559 565 569 570 539)
 (444 560 127 566 568 540) (325 445 561 567 569 572 541) (550 470 542 13)
 (202 471 574 543 552) (574 556 472 81 544) (545 203 473 558 575 576)
 (546 574 50 562 474) (578 547 204 475 564 575) (578 548 82 476 568 576)
 (577 579 580 549 205 477 570))