(NIL NIL (1 2) NIL NIL (5 2) (5 1) (6 3 7) NIL (5 9) (2 9) (6 11 10) NIL (9 13)
 (5 13) (14 10 15) (4 13) (2 13) (14 11 18) (6 18 15) (16 12 19 20) (1 13)
 (22 7 15) (22 18 3) (8 23 24 20) NIL (13 26) (9 26) (27 14 28) (5 26)
 (27 30 15) (28 10 30) (16 29 32 31) (2 26) (27 18 34) (28 34 11) (35 36 29 19)
 (6 30 34) (35 31 38 20) (36 12 32 38) (39 37 33 40 21) (1 26) (27 22 42)
 (30 42 7) (31 23 43 44) (42 3 34) (35 46 24 43) (8 46 38 44) (45 25 47 48 39)
 NIL (9 50) (2 50) (11 51 52) (1 50) (54 3 52) NIL (56 50) (56 26) (56 13)
 (58 27 59) (56 9) (57 51 61) (58 28 61) (14 59 61) (60 29 63 64) (56 5)
 (58 30 66) (59 66 15) (60 31 67 68) (61 66 10) (70 32 67 63) (16 70 68 64)
 (65 69 71 72 33) (56 4) (59 17 74) (56 2) (57 76 52) (58 76 34) (59 18 76)
 (35 60 78 79) (11 61 76) (53 77 62 81) (36 78 81 63) (79 19 81 64)
 (65 83 37 80 84) (6 76 66) (38 86 67 78) (86 79 20 68) (69 87 39 80 88)
 (70 12 86 81) (83 71 87 40 90) (84 72 88 21 90) (85 89 91 92 73 41) NIL
 (94 56) (94 50) (57 96 95) (94 26) (58 98 95) (94 13) (59 100 95) (27 98 100)
 (99 101 60 102) (94 5) (104 95 66) (98 104 30) (99 105 67 106) (100 104 15)
 (108 101 105 68) (108 31 102 106) (69 107 109 110 103) (94 4) (112 95 74)
 (112 100 17) (75 113 114 101) (94 2) (76 116 95) (96 116 52) (97 117 77 118)
 (98 116 34) (99 78 117 120) (100 18 116) (79 101 117 122) (35 122 102 120)
 (121 123 124 80 103) (6 116 104) (86 117 126 105) (38 120 126 106)
 (107 121 87 127 128) (108 126 20 122) (123 109 88 127 130)
 (130 110 39 128 124) (129 131 132 111 89 125) NIL (134 50) (134 26) (134 13)
 (27 136 137) (134 5) (30 136 139) (15 139 137) (138 31 140 141) (134 2)
 (135 143 52) (136 143 34) (18 143 137) (138 35 146 145) (6 139 143)
 (148 38 140 145) (146 148 20 141) (142 147 149 39 150) (134 1) (135 54 152)
 (136 42 152) (22 152 137) (138 154 155 43) (152 139 7) (154 157 140 44)
 (23 157 155 141) (142 45 156 158 159) (143 3 152) (153 161 55 144)
 (161 46 154 145) (146 161 155 24) (164 147 47 156 163) (8 161 148 157)
 (166 163 149 48 158) (25 164 150 166 159) (49 151 160 165 167 168) NIL
 (170 134) (170 50) (135 172 171) (170 26) (136 174 171) (170 13) (176 171 137)
 (27 176 174) (138 177 178 175) (170 9) (180 51 172) (28 174 180) (14 176 180)
 (182 29 178 183) (170 5) (185 139 171) (30 174 185) (186 187 175 140)
 (185 176 15) (189 177 186 141) (31 178 187 189) (142 188 179 190 191)
 (180 10 185) (32 193 182 187) (16 193 183 189) (194 195 33 184 191) (170 4)
 (176 197 17) (170 2) (199 143 171) (172 199 52) (201 173 144 200) (174 199 34)
 (203 200 175 145) (176 18 199) (146 177 205 200) (35 203 178 205)
 (147 204 179 206 207) (180 199 11) (53 201 181 209) (209 36 203 182)
 (209 19 183 205) (212 37 211 184 207) (6 185 199) (186 214 148 200)
 (203 187 214 38) (204 149 188 215 216) (214 205 189 20) (218 215 150 206 190)
 (218 216 39 207 191) (217 219 220 151 192 208) (209 193 12 214)
 (222 194 211 40 216) (212 218 195 222 21) (220 223 224 196 213 41) (170 1)
 (226 171 152) (226 172 54) (153 227 228 173) (226 174 42) (154 227 175 230)
 (176 226 22) (177 232 155 227) (178 230 43 232) (233 234 156 179 231)
 (185 226 7) (186 236 157 227) (187 230 236 44) (237 188 158 231 238)
 (23 236 189 232) (233 237 159 190 240) (45 234 240 238 191)
 (235 239 241 242 160 192) (226 3 199) (161 227 244 200) (201 228 55 244)
 (202 246 229 245 162) (46 203 244 230) (163 204 245 231 248) (24 205 244 232)
 (233 250 164 245 206) (234 47 250 207 248) (235 249 251 252 165 208)
 (8 236 214 244) (245 237 166 215 254) (254 48 238 248 216)
 (217 255 239 249 167 256) (218 250 25 254 240) (219 241 251 255 168 258)
 (220 49 242 252 256 258) (221 243 257 253 169 259 260) NIL (262 170) (262 134)
 (263 171 264) (262 56) (262 50) (172 263 267) (135 267 264) (265 269 173 268)
 (57 267 266) (262 26) (174 263 272) (136 272 264) (265 274 175 273)
 (58 272 266) (262 13) (176 263 277) (137 277 264) (265 177 278 279)
 (59 277 266) (27 277 272) (282 178 278 273) (274 138 282 279)
 (280 275 283 179 284) (281 276 282 60) (262 9) (180 263 287) (61 287 266)
 (51 287 267) (290 181 288 268) (289 290 271 62) (28 287 272) (288 182 293 273)
 (289 276 293 63) (14 277 287) (296 183 278 288) (289 281 296 64)
 (282 293 29 296) (297 299 283 184 294) (65 298 299 295 286) (262 5)
 (185 263 302) (302 139 264) (265 186 303 304) (66 266 302) (30 302 272)
 (307 187 303 273) (274 307 140 304) (305 275 309 308 188) (306 276 307 67)
 (302 277 15) (312 189 278 303) (141 304 312 279) (280 305 313 190 314)
 (306 281 312 68) (282 31 307 312) (313 317 283 308 191) (142 309 317 284 314)
 (315 318 319 192 310 285) (69 316 317 311 286) (10 287 302) (193 322 303 288)
 (289 70 322 306) (322 307 32 293) (194 308 325 294 323) (71 324 325 311 295)
 (16 322 312 296) (297 313 323 195 328) (298 324 72 316 328)
 (317 299 325 33 328) (318 300 326 329 331 196) (321 301 327 330 331 73)
 (262 2) (334 263 199) (334 143 264) (265 335 336 200) (76 266 334)
 (334 267 52) (201 335 339 268) (269 336 339 144) (341 270 340 337 202)
 (271 77 339 338) (334 272 34) (203 344 335 273) (274 344 336 145)
 (275 204 337 346 345) (344 276 78 338) (334 18 277) (349 335 205 278)
 (146 349 336 279) (280 350 351 337 206) (349 281 79 338) (35 349 282 344)
 (350 283 345 354 207) (147 351 284 346 354) (285 347 208 352 355 356)
 (354 353 80 286 348) (11 287 334) (209 335 359 288) (289 359 338 81)
 (53 290 359 339) (210 291 360 362 340) (343 292 361 362 82) (36 359 344 293)
 (365 211 360 345 294) (83 365 361 295 348) (349 359 19 296)
 (297 350 360 212 368) (361 298 368 353 84) (365 299 368 37 354)
 (366 300 369 371 213 355) (358 85 301 370 371 367) (6 334 302)
 (374 335 214 303) (374 148 336 304) (305 375 376 337 215) (306 86 338 374)
 (344 307 38 374) (375 308 345 379 216) (376 149 309 346 379)
 (217 377 347 380 381 310) (379 87 378 311 348) (349 374 20 312)
 (313 218 375 384 350) (384 314 351 376 150) (315 219 377 352 385 386)
 (384 316 353 88 378) (39 384 317 354 379) (389 220 318 380 385 355)
 (389 319 151 381 386 356) (357 390 391 221 320 382 387)
 (389 358 321 89 383 388) (322 12 359 374) (323 360 375 222 394)
 (394 324 361 378 90) (365 325 40 379 394) (223 395 397 366 326 380)
 (396 397 367 327 91 383) (384 368 394 21 328) (395 224 400 369 329 385)
 (396 400 370 330 92 388) (389 397 400 371 331 41)
 (390 225 398 401 403 372 332) (393 399 402 403 373 93 333) (262 1)
 (226 263 406) (152 406 264) (265 227 407 408) (54 267 406) (410 228 407 268)
 (269 153 410 408) (409 270 411 412 229) (42 272 406) (414 230 407 273)
 (274 154 414 408) (409 275 415 231 416) (22 277 406) (418 407 278 232)
 (418 155 408 279) (280 233 419 420 409) (418 282 414 43) (234 419 283 422 415)
 (422 156 284 420 416) (235 285 417 421 423 424) (406 302 7) (426 236 407 303)
 (426 408 157 304) (305 409 427 428 237) (426 307 414 44) (427 308 238 415 430)
 (430 428 309 158 416) (239 417 429 431 432 310) (418 23 426 312)
 (313 434 419 427 240) (434 314 420 159 428) (315 241 421 429 435 436)
 (45 434 317 422 430) (318 242 423 431 435 438) (319 424 160 432 436 438)
 (320 243 425 433 437 439 440) (334 406 3) (442 335 244 407) (161 442 336 408)
 (409 245 443 444 337) (410 55 339 442) (411 443 446 246 340)
 (341 162 412 446 444) (413 447 448 247 342 445) (46 344 414 442)
 (450 443 345 415 248) (450 163 444 346 416) (445 417 451 452 249 347)
 (349 418 24 442) (350 419 454 443 250) (444 351 164 454 420)
 (445 421 455 456 251 352) (450 47 454 354 422) (451 455 458 252 423 355)
 (452 456 458 165 424 356) (357 457 453 425 459 460 253) (8 374 442 426)
 (427 375 443 254 462) (444 376 462 166 428) (445 255 429 463 464 377)
 (450 48 430 379 462) (431 451 380 463 256 466) (432 452 167 464 381 466)
 (465 453 433 257 382 467 468) (434 384 25 454 462) (455 463 258 435 385 470)
 (168 456 386 464 436 470) (457 387 465 259 437 471 472)
 (389 49 438 458 466 470) (390 474 459 439 467 260 471)
 (474 391 460 440 169 468 472) (441 473 475 392 469 476 461 261) NIL (478 262)
 (478 134) (480 479 264) (478 50) (479 482 267) (482 480 135) (269 481 483 484)
 (478 26) (479 486 272) (480 136 486) (274 481 487 488) (478 13) (479 277 490)
 (480 490 137) (491 492 481 279) (27 486 490) (491 282 494 487)
 (138 492 494 488) (495 493 284 496 489) (478 5) (479 302 498) (480 139 498)
 (481 500 499 304) (30 486 498) (502 307 487 499) (502 488 140 500)
 (501 503 504 309 489) (15 498 490) (491 506 499 312) (492 500 506 141)
 (501 314 493 507 508) (502 31 494 506) (317 503 495 507 510)
 (142 510 504 496 508) (509 511 512 319 497 505) (478 2) (334 479 514)
 (480 143 514) (516 481 336 515) (514 482 52) (515 483 518 339)
 (516 484 144 518) (341 517 519 485 520) (514 486 34) (522 515 344 487)
 (522 516 488 145) (523 524 517 346 489) (514 18 490) (491 349 515 526)
 (146 492 516 526) (493 517 351 527 528) (35 522 494 526) (530 523 495 354 527)
 (530 147 524 496 528) (529 531 532 497 525 356) (6 514 498) (374 515 534 499)
 (148 516 534 500) (501 376 517 535 536) (502 38 534 522) (538 503 523 379 535)
 (149 524 504 538 536) (537 505 539 540 381 525) (534 526 506 20)
 (542 384 527 507 535) (542 528 150 536 508) (509 529 537 543 544 386)
 (538 510 39 542 530) (389 511 539 531 543 546) (512 540 151 544 546 532)
 (391 533 541 545 547 548 513) (478 1) (479 406 550) (480 550 152)
 (481 552 551 408) (482 54 550) (410 483 551 554) (153 554 484 552)
 (553 556 555 412 485) (486 42 550) (487 414 551 558) (154 558 488 552)
 (553 560 559 489 416) (22 550 490) (491 418 551 562) (492 155 562 552)
 (553 564 493 420 563) (562 494 558 43) (563 495 422 559 566)
 (564 566 156 496 560) (497 424 561 565 567 568) (550 498 7) (426 551 499 570)
 (570 552 157 500) (501 553 571 428 572) (502 570 558 44) (503 571 430 559 574)
 (572 574 504 158 560) (505 561 432 573 575 576) (562 23 506 570)
 (434 563 571 507 578) (572 564 578 159 508) (509 579 580 565 436 573)
 (45 510 566 578 574) (511 582 579 567 438 575) (580 582 160 512 568 576)
 (577 513 583 584 569 581 440) (514 550 3) (442 515 551 586) (161 586 516 552)
 (553 588 587 444 517) (554 518 55 586) (555 587 446 519 590)
 (162 588 556 590 520) (448 557 589 591 592 521) (522 558 586 46)
 (450 523 587 559 594) (588 594 163 524 560) (452 589 561 595 596 525)
 (562 24 526 586) (563 587 454 527 598) (564 588 164 598 528)
 (529 589 456 565 599 600) (530 47 566 598 594) (531 567 458 595 599 602)
 (532 568 596 165 600 602) (533 601 460 597 569 603 604) (8 570 534 586)
 (571 587 462 535 606) (588 572 166 606 536) (537 589 464 573 607 608)
 (538 48 574 606 594) (610 539 595 575 466 607) (610 540 596 167 576 608)
 (577 609 611 612 541 597 468) (578 25 542 606 598) (579 614 543 599 470 607)
 (580 614 168 544 600 608) (609 581 615 616 545 601 472)
 (610 49 614 546 602 582) (474 611 583 615 618 547 603)
 (612 616 618 584 548 169 604) (476 613 585 619 620 617 549 605))