(NIL NIL (2 1) NIL (2 4) NIL (2 6) (1 6) (7 3 8) NIL (10 6) (10 4) (10 2)
 (7 13 11) (13 5 12) (10 1) (16 11 8) (16 13 3) (17 18 14 9) NIL (10 20) (20 6)
 (21 11 22) (20 4) (21 12 24) (20 1) (16 21 26) (26 8 22) (17 27 28 23) NIL
 (20 30) (10 30) (21 32 31) (6 30) (34 31 22) (34 32 11) (35 36 33 23) (4 30)
 (31 24 38) (32 12 38) (40 33 25 39) (2 30) (32 13 42) (34 7 42) (44 36 14 43)
 (5 42 38) (40 46 15 43) (1 30) (48 31 26) (16 48 32) (49 50 33 27) (34 48 8)
 (35 52 28 49) (17 36 52 50) (51 37 53 54 29) (48 3 42) (56 18 50 43)
 (44 56 52 9) (45 58 19 54 57) NIL (30 60) (20 60) (31 62 61) (10 60)
 (32 64 61) (64 21 62) (33 63 66 65) (6 60) (34 68 61) (68 62 22) (35 63 70 69)
 (68 64 11) (72 36 65 69) (72 70 66 23) (73 74 37 71 67) (4 60) (76 61 38)
 (24 76 62) (77 78 63 39) (76 12 64) (40 77 65 80) (80 78 25 66)
 (82 41 81 79 67) (1 60) (48 84 61) (26 62 84) (49 63 86 85) (16 84 64)
 (88 50 65 85) (88 86 27 66) (87 90 51 89 67) (84 68 8) (92 52 69 85)
 (86 92 28 70) (87 94 53 93 71) (72 17 92 88) (96 73 93 54 89) (96 74 90 94 29)
 (91 95 97 98 75 55) NIL (100 60) (20 100) (62 102 101) (6 100) (104 68 101)
 (104 22 102) (106 105 70 103) (4 100) (76 108 101) (108 24 102)
 (110 109 78 103) (2 100) (112 7 104) (5 108 112) (1 100) (115 84 101)
 (115 26 102) (117 116 86 103) (115 104 8) (119 92 105 116) (119 117 28 106)
 (120 121 118 94 107) (115 112 3) (119 123 113 9) NIL (125 100) (125 20)
 (127 102 126) (125 6) (129 104 126) (127 129 22) (128 131 106 130) (125 4)
 (108 133 126) (127 24 133) (135 128 110 134) (125 1) (115 137 126)
 (127 26 137) (139 128 117 138) (129 137 8) (119 130 141 138) (139 131 141 28)
 (142 140 121 132 143) NIL (125 145) (145 100) (146 126 147) (30 145) (20 145)
 (127 146 150) (150 102 147) (148 128 151 152) (150 31 149) (10 145)
 (155 32 149) (155 21 150) (156 157 33 154) (6 145) (129 146 159) (159 104 147)
 (148 130 160 161) (34 159 149) (150 159 22) (164 131 151 160)
 (164 152 161 106) (166 165 132 153 162) (163 35 154 164) (155 159 11)
 (163 156 36 169) (164 157 169 23) (171 158 37 168 170) (4 145) (146 173 133)
 (108 173 147) (148 174 175 134) (173 38 149) (150 24 173) (135 151 174 178)
 (110 152 175 178) (179 136 180 153 176) (178 177 154 39) (155 173 12)
 (40 156 183 177) (157 183 25 178) (41 158 184 185 182) (1 145) (146 187 137)
 (115 187 147) (148 189 188 138) (48 187 149) (150 26 187) (139 192 151 188)
 (189 192 152 117) (140 194 193 153 190) (49 191 192 154) (155 16 187)
 (197 156 50 191) (197 157 192 27) (51 199 158 198 196) (159 187 8)
 (141 201 160 188) (119 189 201 161) (190 142 202 203 162) (163 201 191 52)
 (164 192 201 28) (193 165 143 202 206) (206 121 166 194 203)
 (167 195 204 207 208 144) (205 206 196 168 53) (197 17 201 169)
 (205 198 211 54 170) (171 206 199 211 29) (55 172 200 210 212 213) NIL
 (215 145) (125 215) (146 217 216) (215 100) (219 216 147) (219 217 126)
 (148 220 221 218) (215 60) (223 219 101) (215 30) (149 216 225) (223 61 225)
 (20 215) (150 216 228) (127 217 228) (229 230 151 218) (219 102 228)
 (229 220 232 152) (128 221 232 230) (233 231 222 153 234) (223 62 228)
 (224 232 236 103) (228 31 225) (226 229 154 238) (227 63 238 236) (10 215)
 (155 241 216) (223 241 64) (32 241 225) (226 156 242 244) (227 65 243 244)
 (21 241 228) (229 157 247 242) (247 243 66 236) (238 247 33 244)
 (245 248 239 158 250) (246 240 249 250 67) (2 215) (219 112 253) (253 42 225)
 (13 241 253) (255 256 43 244) (215 1) (258 187 216) (258 217 137)
 (260 259 218 188) (219 258 115) (189 220 259 262) (221 260 262 138)
 (264 190 222 261 263) (223 258 84) (224 266 116 262) (48 258 225)
 (226 191 259 268) (227 266 268 85) (258 26 228) (229 259 192 271)
 (139 230 260 271) (272 273 231 193 261) (232 262 117 271)
 (272 275 233 194 263) (264 140 275 234 273) (265 195 274 276 277 235)
 (266 271 86 236) (237 267 275 279 118) (238 271 268 49) (272 281 239 269 196)
 (281 240 279 270 87) (16 258 241) (197 259 284 242) (88 266 284 243)
 (284 50 268 244) (245 198 287 269 285) (246 287 286 270 89) (247 284 27 271)
 (272 199 248 285 290) (90 249 290 286 279) (281 290 51 250 287)
 (251 200 282 288 291 293) (91 252 283 289 292 293) (258 3 253)
 (254 296 123 262) (56 255 296 268) (296 256 284 18) (57 298 257 299 287) NIL
 (301 100) (301 30) (10 301) (304 303 32) NIL (306 301) (306 215) (306 145)
 (308 216 309) (306 60) (223 311 308) (306 30) (307 313 303) (313 308 225)
 (313 149 309) (310 226 315 316) (311 313 61) (318 227 312 315) (306 20)
 (320 308 228) (150 320 309) (310 229 321 322) (320 311 62) (324 312 321 236)
 (31 313 320) (238 326 315 321) (326 322 154 316) (327 239 323 328 317)
 (318 324 326 63) (319 327 240 330 325) (306 10) (304 307 332) (241 332 308)
 (155 332 309) (310 334 242 335) (311 64 332) (312 334 243 337) (32 313 332)
 (305 333 314 339) (339 334 315 244) (156 335 316 339) (245 341 342 336 317)
 (318 339 65 337) (338 319 341 344 246) (21 332 320) (346 247 334 321)
 (346 157 335 322) (347 348 248 336 323) (324 346 66 337) (338 325 249 350 347)
 (346 339 326 33) (341 347 327 250 352) (342 348 158 328 352)
 (354 251 329 343 349 353) (352 350 344 330 67) (356 252 331 345 351 353)
 (306 6) (358 159 309) (311 68 358) (34 358 313) (163 359 361 316)
 (318 360 69 361) (358 320 22) (364 164 359 322) (324 364 360 70)
 (364 35 326 361) (365 367 328 168 362) (366 363 367 330 71) (332 11 358)
 (359 335 169 370) (72 360 370 337) (339 36 361 370) (373 371 342 362 170)
 (372 73 373 344 363) (346 364 370 23) (171 365 348 376 371)
 (372 376 74 350 366) (373 37 376 367 352) (354 172 368 374 377 379)
 (356 75 369 375 378 379) (306 4) (382 173 309) (382 311 76) (382 313 38)
 (383 385 177 316) (318 384 77 385) (382 24 320) (383 388 322 178)
 (324 384 78 388) (326 385 388 39) (391 386 182 328 389) (390 391 79 330 387)
 (382 332 12) (383 394 183 335) (384 394 80 337) (40 339 385 394)
 (386 397 342 184 395) (396 397 387 344 81) (346 394 25 388)
 (400 348 395 185 389) (82 390 400 350 396) (41 400 397 352 391)
 (354 186 392 398 401 403) (356 83 393 399 402 403) (306 2) (406 308 253)
 (313 406 42) (255 315 408 407) (332 13 406) (410 256 334 407) (410 339 408 43)
 (257 411 412 341 409) (358 406 7) (44 414 361 408) (410 414 14 370)
 (373 412 415 416 45) (382 5 406) (418 46 385 408) (410 418 394 15)
 (419 412 47 420 397) (306 1) (258 308 422) (422 187 309) (310 259 423 424)
 (311 84 422) (426 266 312 423) (48 313 422) (428 268 315 423)
 (191 428 316 424) (425 430 429 269 317) (318 426 428 85) (319 427 429 270 432)
 (26 320 422) (434 321 423 271) (434 192 322 424) (272 425 435 436 323)
 (324 426 86 434) (325 427 435 438 279) (49 326 428 434) (281 435 327 429 440)
 (440 436 328 430 196) (329 431 282 437 441 442) (440 432 438 330 87)
 (331 433 283 439 441 444) (16 332 422) (284 334 446 423) (197 446 335 424)
 (425 448 285 336 447) (88 426 446 337) (338 450 427 447 286) (339 50 428 446)
 (341 429 452 447 287) (198 452 342 430 448) (449 453 454 431 343 288)
 (89 450 452 344 432) (451 453 456 433 345 289) (346 434 27 446)
 (347 290 435 447 458) (458 348 436 199 448) (449 291 459 460 437 349)
 (450 90 350 438 458) (451 459 462 439 292 351) (458 51 452 352 440)
 (453 459 464 441 293 353) (354 460 454 200 464 442)
 (355 455 461 465 466 443 294) (356 91 456 462 464 444)
 (357 457 463 465 468 445 295) (358 422 8) (359 201 470 424) (92 360 470 426)
 (428 52 361 470) (205 471 473 430 362) (473 432 93 472 363) (364 434 470 28)
 (365 436 476 471 206) (366 476 438 94 472) (473 367 53 476 440)
 (368 210 474 442 477 479) (95 369 475 444 478 479) (17 446 370 470)
 (482 448 471 211 371) (372 96 472 482 450) (473 373 452 54 482)
 (483 485 454 212 474 374) (484 485 456 97 475 375) (482 458 476 376 29)
 (483 488 460 213 477 377) (484 488 98 462 478 378) (485 488 464 55 479 379)
 (380 486 489 491 466 214 480) (481 381 487 490 491 99 468) (406 3 422)
 (296 407 423 494) (56 428 494 408) (298 496 429 495 409) (410 18 446 494)
 (411 299 495 447 498) (498 57 412 452 496) (453 497 499 500 300 413)
 (494 414 470 9) (473 58 502 415 496) (482 19 502 416 498)
 (485 500 503 504 59 417))