(NIL NIL (1 2) NIL (2 4) (1 4) (5 3 6) NIL (4 8) (2 8) (9 5 10) (1 8) (9 6 12)
 (3 10 12) (11 13 7 14) NIL (8 16) (4 16) (17 9 18) (2 16) (17 10 20) (5 18 20)
 (19 21 11 22) (1 16) (17 12 24) (18 24 6) (25 26 19 13) (3 20 24)
 (25 28 21 14) (26 7 28 22) (27 29 15 23 30) NIL (16 32) (4 32) (33 18 34)
 (2 32) (33 20 36) (5 34 36) (37 38 35 22) (1 32) (33 40 24) (6 34 40)
 (41 26 35 42) (3 40 36) (37 41 28 44) (38 7 44 42) (43 39 45 30 46) NIL
 (48 32) (48 16) (49 33 50) (48 8) (17 50 52) (48 4) (49 34 54) (50 54 18)
 (51 35 55 56) (9 52 54) (58 53 19 56) (48 2) (49 60 36) (60 50 20)
 (37 51 61 62) (52 60 10) (53 21 62 64) (5 60 54) (38 61 55 66) (66 62 22 56)
 (57 39 68 67 63) (58 11 66 64) (65 59 68 70 23) (48 1) (49 72 40) (50 72 24)
 (41 73 51 74) (52 12 72) (25 74 53 76) (6 54 72) (73 42 78 55) (26 74 78 56)
 (57 43 75 79 80) (58 76 13 78) (82 59 77 27 80) (3 60 72) (73 44 61 84)
 (74 28 62 84) (85 75 45 86 63) (76 84 14 64) (65 77 29 86 88) (66 7 84 78)
 (90 67 85 46 79) (86 90 68 30 80) (81 87 91 92 69 47) (82 90 70 15 88)
 (83 89 92 94 31 71) NIL (96 48) (96 32) (49 98 97) (96 16) (50 100 97)
 (33 98 100) (99 101 51 102) (96 8) (52 104 97) (17 104 100) (105 53 101 106)
 (96 4) (108 97 54) (98 34 108) (99 109 110 55) (18 100 108) (109 112 101 56)
 (112 35 102 110) (57 113 111 103 114) (9 108 104) (58 116 105 109)
 (19 116 106 112) (113 59 117 118 107) (96 2) (60 97 120) (98 120 36)
 (121 122 99 61) (20 100 120) (121 124 101 62) (37 122 124 102)
 (123 125 63 103 126) (10 104 120) (121 128 105 64) (124 21 106 128)
 (65 129 125 107 130) (5 108 120) (121 66 132 109) (38 132 110 122)
 (67 133 123 111 134) (124 132 22 112) (113 133 68 125 136)
 (114 39 136 126 134) (115 135 137 138 69 127) (11 116 132 128)
 (129 133 140 117 70) (130 140 118 23 136) (131 119 137 141 142 71) (96 1)
 (144 97 72) (98 144 40) (73 145 99 146) (100 144 24) (145 74 148 101)
 (41 146 148 102) (75 149 147 103 150) (104 12 144) (145 76 105 152)
 (25 148 106 152) (153 149 77 107 154) (6 108 144) (145 156 109 78)
 (42 156 110 146) (147 157 79 111 158) (26 148 156 112) (113 157 160 149 80)
 (114 43 160 150 158) (81 161 115 162 151 159) (116 13 156 152)
 (153 82 164 117 157) (154 27 164 118 160) (161 83 165 166 119 155) (3 144 120)
 (121 145 84 168) (168 122 44 146) (169 170 123 85 147) (168 124 28 148)
 (169 149 172 125 86) (170 172 45 126 150) (87 171 173 174 151 127)
 (168 152 14 128) (129 153 176 169 88) (176 130 172 29 154)
 (131 89 173 177 178 155) (168 7 132 156) (169 90 180 133 157)
 (180 170 158 134 46) (135 91 181 182 171 159) (172 180 160 30 136)
 (161 137 92 173 181 184) (162 138 174 182 47 184) (163 139 93 175 183 185 186)
 (164 180 140 15 176) (165 141 94 177 181 188) (166 142 31 178 184 188)
 (167 95 179 143 185 189 190) NIL (192 96) (192 48) (193 97 194) (192 32)
 (98 193 196) (49 196 194) (99 197 198 195) (192 16) (193 100 200) (50 194 200)
 (201 202 101 195) (33 196 200) (201 204 197 102) (202 51 204 198)
 (203 205 103 199 206) (192 8) (193 104 208) (52 194 208) (209 210 105 195)
 (17 208 200) (201 209 212 106) (202 53 212 210) (203 213 211 107 214) (192 4)
 (193 108 216) (216 194 54) (217 218 109 195) (34 196 216) (217 220 197 110)
 (218 220 198 55) (219 221 111 199 222) (18 216 200) (201 217 224 112)
 (202 224 218 56) (113 225 203 219 226) (220 204 35 224) (221 114 228 205 225)
 (57 226 228 206 222) (115 223 227 229 230 207) (9 216 208) (209 217 116 232)
 (210 232 218 58) (233 234 211 117 219) (232 19 212 224) (225 233 236 213 118)
 (226 59 236 214 234) (119 215 227 235 237 238) (192 2) (193 240 120)
 (60 194 240) (121 241 195 242) (196 240 36) (241 122 244 197) (242 244 61 198)
 (123 245 243 199 246) (20 240 200) (201 241 124 248) (202 248 62 242)
 (249 250 203 125 243) (37 204 244 248) (249 245 252 205 126)
 (250 252 206 63 246) (207 247 251 253 254 127) (10 240 208) (209 241 256 128)
 (242 210 256 64) (129 257 211 243 258) (212 21 256 248) (249 130 257 213 260)
 (65 250 260 214 258) (131 261 262 259 215 251) (5 240 216) (217 241 132 264)
 (242 218 264 66) (265 266 219 133 243) (38 220 244 264) (265 245 268 221 134)
 (266 67 268 222 246) (135 267 269 270 223 247) (264 248 22 224)
 (225 249 265 272 136) (226 68 272 266 250) (137 267 273 274 227 251)
 (39 228 252 268 272) (138 269 273 276 229 253) (270 274 276 69 230 254)
 (139 271 275 277 278 231 255) (11 256 264 232) (233 257 140 265 280)
 (234 280 70 266 258) (259 267 141 281 282 235) (280 236 260 23 272)
 (261 142 273 281 284 237) (262 274 71 282 284 238)
 (263 143 275 283 285 286 239) (192 1) (193 288 144) (288 194 72)
 (145 289 195 290) (288 196 40) (289 146 292 197) (73 290 292 198)
 (147 293 291 199 294) (288 24 200) (201 289 148 296) (202 296 290 74)
 (297 298 203 149 291) (41 292 204 296) (297 293 300 205 150)
 (298 75 300 206 294) (295 299 301 302 151 207) (288 12 208) (209 289 304 152)
 (210 76 304 290) (153 305 211 291 306) (25 304 212 296) (297 154 308 213 305)
 (298 308 77 214 306) (299 215 307 309 310 155) (6 288 216) (217 289 156 312)
 (218 312 78 290) (313 314 219 157 291) (42 220 292 312) (313 293 316 221 158)
 (314 316 222 79 294) (295 223 315 317 318 159) (26 296 312 224)
 (225 297 320 313 160) (226 314 320 298 80) (161 321 322 299 227 315)
 (300 43 228 316 320) (321 162 324 301 229 317) (81 322 324 302 230 318)
 (163 325 326 323 303 231 319) (312 304 13 232) (233 305 328 164 313)
 (234 314 328 306 82) (165 329 330 307 235 315) (328 308 27 236 320)
 (321 166 329 332 309 237) (322 83 330 332 310 238)
 (323 167 331 333 334 311 239) (3 288 240) (241 289 336 168) (242 336 84 290)
 (169 337 243 291 338) (292 244 44 336) (337 170 340 245 293)
 (338 340 85 246 294) (295 171 339 341 342 247) (296 336 28 248)
 (249 297 172 337 344) (250 344 86 338 298) (299 173 339 345 346 251)
 (300 340 252 45 344) (301 174 341 345 348 253) (87 302 342 346 348 254)
 (303 175 343 347 349 350 255) (336 304 14 256) (257 305 352 337 176)
 (258 352 306 338 88) (353 354 259 307 177 339) (308 352 260 29 344)
 (353 356 261 178 309 345) (354 356 262 89 310 346)
 (355 357 358 263 179 311 347) (336 7 312 264) (265 313 180 337 360)
 (266 360 314 338 90) (361 362 267 339 181 315) (316 340 268 46 360)
 (361 364 269 341 182 317) (362 91 364 270 342 318)
 (183 363 365 366 271 343 319) (360 344 320 30 272) (321 361 368 273 184 345)
 (322 362 92 368 274 346) (323 363 369 370 275 185 347)
 (324 364 368 276 47 348) (325 365 369 372 277 186 349)
 (326 93 366 370 372 278 350) (327 367 371 373 374 279 187 351)
 (360 352 328 15 280) (353 329 361 376 281 188) (354 362 94 376 282 330)
 (355 363 377 378 283 189 331) (356 332 31 368 376 284)
 (357 333 369 377 380 285 190) (358 334 95 370 378 380 286)
 (359 335 371 287 379 381 382 191))