(NIL NIL (1 2) NIL (1 4) NIL (6 4) (6 2) (6 1) (7 5 9) (8 3 9) NIL (6 12)
 (12 2) (8 14 13) (12 1) (9 13 16) (3 14 16) (15 11 17 18) NIL (6 20) (4 20)
 (7 22 21) (1 20) (24 9 21) (22 24 5) (26 23 10 25) NIL (28 20) (12 28) (6 28)
 (29 21 31) (13 30 31) (28 4) (29 22 34) (7 34 31) (23 35 36 32) (28 2)
 (14 38 30) (8 38 31) (33 15 39 40) (28 1) (29 24 42) (30 16 42) (9 42 31)
 (45 25 43 32) (33 45 17 44) (5 34 42) (48 26 35 43) (45 48 10 36)
 (46 27 50 37 49) (3 38 42) (52 44 39 18) (45 11 40 52) (19 53 47 41 54) NIL
 (56 28) (56 20) (29 58 57) (56 12) (30 57 60) (56 6) (62 57 31) (58 21 62)
 (59 64 63 32) (62 13 60) (33 63 66 61) (56 4) (34 57 68) (58 68 22)
 (69 70 59 35) (7 62 68) (69 63 72 36) (70 23 64 72) (73 71 65 74 37) (56 2)
 (38 57 76) (14 60 76) (77 78 39 61) (8 62 76) (77 63 80 40) (78 15 80 66)
 (79 81 41 67 82) NIL (84 56) (84 28) (85 57 86) (84 12) (85 60 88) (30 86 88)
 (89 90 61 87) (84 6) (62 85 92) (86 31 92) (93 94 63 87) (92 13 88)
 (89 93 96 66) (33 90 96 94) (91 97 95 67 98) (84 4) (85 100 68) (34 86 100)
 (69 101 87 102) (7 100 92) (93 101 72 104) (94 104 36 102) (105 95 73 103 106)
 (84 1) (108 86 42) (108 16 88) (90 109 110 44) (9 108 92) (45 94 109 112)
 (96 110 17 112) (113 114 47 98 111) (5 108 100) (116 102 48 109)
 (116 10 104 112) (113 118 117 106 50))