(NIL NIL (2) (3 1) (3) (5 1) (3) (7 4 6) (7 6) (9 8) (10) (11) (12) (13) (14)
 (13) (14 16) (17) (18) (19 15) (20) (21) (18) (20 23) (21 24) (25) (26 22)
 (26 22) (25) (27 29) (30) (30) (28 32) (28 31 32) (33 34) (35) (36) (35)
 (36 38) (39) (37 40) (41) (42) (37 40) (42 44) (45) (43 44) (46 47) (47) (48)
 (50) (51 49) (52) (51 49) (54) (55) (53 55) (57) (57) (59 56) (60) (61) (62)
 (63) (58 63) (65 64) (65) (67 64) (68) (66 69) (67) (69 71) (70 72) (73)
 (70 71) (75 72) (76) (73 77) (78) (74 79) (80) (81) (74 78) (81 83) (84) (85)
 (86) (82 86) (82 85) (89 87) (89 88) (89 87 88) (92) (91 93) (94) (90 95)
 (90 95) (97) (98 96) (97 96) (98 100) (100) (90 94) (101 103) (98 100 103)
 (105 104) (106) (107 102) (99 108) (109) (110) (111) (111) (113) (114)
 (115 112) (116) (116) (117 118) (116) (117 120) (121 119) (122) (123) (123)
 (124 125) (126) (127) (127) (129 128) (129) (130 131) (131 128) (129 128)
 (132 134) (132 133 134) (133 134) (137 136) (137 135 136) (138 139) (140)
 (141) (139) (140 143) (141 143) (145) (146 142) (145 142) (146 148 144) (149)
 (147 150) (147 148) (150 152) (153) (154 151) (155) (154) (156 157) (156 157)
 (158 159) (160) (161) (161) (162 163) (164) (165) (166) (167) (167) (169 168)
 (169 168) (170 171) (172) (173) (174) (175) (175) (177) (177) (179 176)
 (178 180) (181) (182) (182) (182) (181) (186 183 184) (186 184) (185 187 188)
 (189) (190) (191) (191) (193 192) (194) (195) (195) (193) (194 198) (197 199)
 (196 200) (201) (202) (203) (204) (205) (206) (202) (203 208) (202)
 (209 210 207) (211) (212) (213) (214) (215) (216) (217) (218) (219) (219)
 (219) (220 221 222) (223) (223) (225 224) (226) (227) (228) (227) (229 230)
 (231) (232) (233) (234) (233) (235 236) (237) (236) (238 239) (238 239)
 (241 240) (242) (243) (242) (243 245) (244 245) (247) (246 248) (249) (250)
 (251) (246 248) (249 253) (252 253) (255) (254 256) (257) (258) (254 255)
 (259 260) (261) (262) (263) (264) (264) (263) (267 264) (268) (269) (266 270)
 (265 266 270) (265 266 270) (273 272) (274) (275 271) (276) (277) (278) (279)
 (274) (281 277) (282) (282 278) (284 279) (283 285) (286) (286) (286)
 (289 288 287 280) (290) (290) (292) (291 293) (291 293) (294 295) (296) (297)
 (298) (299) (300) (301) (301) (302 303) (304) (305) (306) (307) (306)
 (302 303) (308 309 310) (308 310) (309 312) (313 311) (314) (315) (314)
 (316 317) (318) (319) (320) (319) (322 320) (323) (322) (321 324 325) (326)
 (327) (327) (327) (330) (329 331 328) (332) (333) (332) (335) (332)
 (337 334 335) (338 336) (339) (340) (341) (342) (341) (343 344) (345) (346)
 (347) (345) (347 349))