(NIL (1) (1) (2 3) (4) (5) (6) (7) (7) (9) (10 8) (11) (12) (13) (14) (15) (16)
 (16) (18) (19) (18) (19 21) (17 22) (23) (20 23) (25 24) (25 24) (26 27) (28)
 (29) (28) (30 31) (32) (33) (34) (33) (35 36) (35 36) (37 38) (39) (39)
 (37 38) (41 42 40) (43) (43) (45) (45) (44 46 47) (48) (48) (50) (51) (49 52)
 (53) (53) (54 55) (55) (57 54) (58) (58 56) (60) (59 61) (62) (62) (59 60)
 (65 63) (66 64) (67) (68) (68) (66 64) (69 70 71) (72) (73) (74) (75) (75)
 (76 77) (78) (76 77) (80) (81) (82 79) (82 78) (78 80) (83 85) (85) (84 87 79)
 (84 86 87) (89 88) (90) (91) (92) (92) (94) (93 95) (95) (97) (91) (97 99 96)
 (100) (98 100) (101 102) (101) (104 103) (105) (106) (106) (107 108) (105)
 (109 110) (111) (109) (113 111) (114) (115) (112 115) (112 113) (118 114)
 (118 116 117) (120 119) (121) (122) (123) (124) (125) (126) (126) (125)
 (129 127 128) (130) (131) (132) (132) (131) (134 135) (133 136) (137) (138)
 (138) (140) (140) (142) (139 143) (141 144) (145) (145) (147) (146 148) (149)
 (149) (150) (152) (151 153) (151 153) (154 155) (156) (157) (158) (159) (159)
 (161 160) (162) (162) (164) (165) (166) (163 167) (168) (163 164) (169 170)
 (169 170) (171 172) (173) (174) (175) (174) (177 176) (178) (179) (180) (181)
 (182) (179) (181 184) (185) (186 183) (187) (186 182) (187 189) (188 190)
 (189 183) (190 192) (193 191) (194) (195) (193 191) (196 197) (198) (199)
 (199) (201 200) (199) (203 200) (204) (201 203 200) (205 206) (202 206)
 (207 208) (207 208) (207 208) (209 211) (210 211) (212 213) (214) (215) (216)
 (217) (216) (218 219) (220) (221) (222) (222) (220) (220) (225 226 224)
 (226 222) (228 223) (227 229) (230) (231) (232) (232) (234) (233 235) (236)
 (237) (238) (238) (239 240) (241) (241) (243) (244) (244) (242 246) (247)
 (248) (249 245) (250) (250) (252) (251 252) (253 254) (253 254) (255 256)
 (257) (258) (259) (260) (261) (262) (263) (261) (259) (265 266 263) (267 264)
 (268) (268) (270) (269 271) (272) (273) (274) (274) (276) (275 277) (278)
 (278) (279 280) (281) (279 280) (282 283) (284) (285) (285) (286 287) (288)
 (289) (290) (291) (292) (293) (294) (295) (296) (297) (293) (299 294)
 (298 300) (301) (302) (302) (303 304) (303 304) (306) (305 307) (308) (309)
 (310) (311) (311) (313) (314) (313) (314 316) (317 312) (315 316) (318 319)
 (320) (321) (318 319) (323) (321 324) (325) (326) (322 327) (328) (329) (330)
 (331) (332) (333) (334) (334) (335 336) (337) (335 336) (339) (338 340)
 (338 339) (336) (341 343) (341 343) (345) (346) (347 342) (347 342) (348 349))