(NIL (1) (2) (3) (3) (5) (4) (1) (5) (7) 
(2 8) (5 7) (2 8) (9) (6 7 9) (4) (7 13) (5) (8) (4 8) 
(10 11 18 20) (4 9) (14 18 20) (9 17) (15 23) (13) (6 22) (11 24 25) (6 7 26) (17 27 29) 
(19 28) (11 25) (5 11 17) (29 32) (15 27 29) (15 22 23 29) (34) (19 37) (22) (37) 
(12 38) (33 37) (33 41) (30 41) (43 44) (34 39) (28 42) (7) (21) (28 45) 
(40 46 47) (10 36 45) (28 35 45) (12 17 38) (18 30 48) (16 50 53) (40 46 47) (45) (28 36 45) (44) 
(28 29) (55) (36 39 60) (32 35 39) (54) (12 33 40 55) (10 54) (19 24 40) (31 62) (39 53) 
(33 39 69) (43 60) (30) (40) (23 48) (47 60 71) (60 70) (16 26) (32) (41) 
(10 40 45 76) (16 32) (27 31 34) (40 43) (59 80) (38 47) (70 79) (5) (57 65 71) (41 79) 
(90) (57 85) (44 47 71) (41 47) (16 70) (6) (31 52) (24 66) (87 88) (89) 
(10 75 76) (60 82) (39 78 85) (58 79) (21 78) (61 72 93) (93) (76 97) (57 75 77 84 104) (23 35 62) 
(47) (69) (97) (78) (11) (53 83 104) (62 88 103 114) (57 72 107) (106) (78 92 110) 
(37 55) (85) (16 53 81 97 118) (80) NIL (117) (90 97 109 116) (98) (52 107) (49 83 98 118) 
(56 61 92 126 128) (79 82 118) (50 118) (68 82 98 126) NIL (127) (16 69 109 128) (132 133) (46 83 111) (128) 
(110 138) (51 124) (21 42 115) NIL (77 105 131) (92 108) (88) (74 125) (91 140) (116) 
(54 79) (134) (40 67 71) (82 93) (54 110) (54 72 122) (19 23) (98 108) (40 83 97 117) (35 128 132) 
(63 101) (68 106) (52 59) (52 96 107) (101 150) (50 71) (89 95) (78 129) (92 132 151 161) NIL 
(121 142 162) (63) (128 165) (42) (67 109) (58 145 169) (70 161) (111 119 176) (134 136 169) (76 153 174) 
(178) (7) (84) NIL (167 178) (46 105) (49 91 176) (130 168) (51 64 91 106) (76 103 125) 
(16 89 97) (81 109 119 122) (134 151 192) (105 128) (87 89 95 127) (95) (22 31) (67 84 93 155 186) (37 112) (132 145 148) 
(138 185) (98 129 184) (135 150 187) (115) (92 119 197) (73 108 187) (81 145) (69 98 142 150) (62 85) (91 200 205) 
(52 74 150) (5) (65 154 183 194 200) (16 80 106 143) (113 146 210) (95 125 127 137 143 156) (126 130 169 174) (56 126 166) (57 73 180 202 209) (140) 
(141 177 220) (67 86) (175 213) NIL (16 108 127) (157 194 210) (122 171 209 224) (130 185) (68 72 126 143) (226) 
(61 154 158) (113 125 143 147 183 185 206 225 231) (187) (77 183 202) (116 169) (24 183) (53 119 156) (208) (205) (138 148) 
(113 140) (51 63 223) (84 207 215) (39) (153) (173) (58 221) (124 203 217) (201 231 238) (188 206 236) 
(149 228 249) (73 123) (50 94 208) (113 117 128 240) (113 117 129 194 208 221 227 244) (158) NIL (166) (151 254) (129 149 191 198) 
(123 211 229 242) (92 216) (179 217 219 256) (15) (109 209) (259) (215 249) (21 195 212) (158 181) NIL 
NIL (78) (139 223 226 265) (21 72) (156) (89 152 164) (146) (136 172) (149 212 213) (255) 
(140 230) (242) (209 274 279) (141 195 246 259) (181 223 248 264 284) (187) (80 148 231 245) (52 192 236) (108 233) (166 178 208 259) 
(77 106) (85 100 188) (21 234 235 284) (115 235 292) (255) (246) (16 161) (166 230) (49 167 230 279) (98 136 168) 
(227) (109 162 204 270) (250) (86 180 208 254 265 277 282) (137) (146) (51 77) (113 122 150 164 189 236) (74 212 229 233 277) (125 301) 
(56) (87 183 251 278) (163 239 275) (111 121 124) (156 228) (267 314) (85 271) (101 118 189 268) (86 114 118 157 162 167) (143 146) 
(199 299) (145 170 193) (51 180 256) NIL (238) (86 258) (240 255 261 311 324) (57) (304 322) (182 277) 
(50 139 276 291) (158) (153 295 317) (149 225) (61 81 253) (51 239) (198 247) (185 248 253 283) (159 185 276 295) (313) 
(184 223 271) (117 272 337 340) (103 214 220) (186 288) (95 146 165 261 323) (83 258) (122 166 320 345) (245 247 291 300 340) (157 228 232 287 325) (218 223 277) )