(NIL (1) (2) (2) (3) (3) (3) (6 7) (3 4) NIL 
(6 7) (8) (5 7 9 10) (6 13) (8 14) (15) (11 16) (17) (10) (12 14 19) 
(12 16) (21) (14) (23) (15) (14) (10) NIL (15) (21 23) 
(19 26) (11 16 28) (15 20) (15 20 28) (21 28 31) (1 28) (22 24 27 29 34) (16 24) (22 25 28 33) (14) 
(23 28) (39) (17 24) (28 31) (9) (15 27) (30 34 45) (11 30 31 37 38) (18 26 30) (20 35 49) 
(3 10) (40 51) (32 42) (18 21) (18 19 38) (16) (3 10 36) (26 51) (36) (29 39 57) 
(17 35 42) (58) (60) (56 62) (54) (9 51) (35) (49 55 64) (39) (44 46 66) 
(32 51 56 57 67) (27 39 68) (66) (29 30 69) (46) (30 70) (39 46 55 65) (45 50) (59 68) (41 69 79) 
(18) (39 52 58) (61) (42 45 68) (54 58) (42) (21 31 62) (22) (59 69 85 88) (31 34 45) 
(43 79) (48 67 79) (69) (42 89) (57 73 84) (24 28 64) NIL (45 83 96) (72) (72) 
(83) (34 77 95) (16 19 29) (47 85 95) (47 66 74 78) (27 81 98) (44 82 104) (49 103) (76 84 89) (38 74 76 96) 
(19 25 29) (18 86 98) (32 84) (29 50) (90 112) (38 67) (21 26) (55 108 112) (98) (3) 
(23) (114) (50 108) (72) (52 80 110) (107 125) (82) (32 118) (13 120) (77 103) 
(106) (81 91) (83) (78 123) (32 36) (22 23 29 117) (55 57 67) (34 60 72 119 130) (62 130) (76 77 78 103 104 119) 
(119) (11 82) (29 96 116) (58 123) (43 103 104) (127) (27 59 86 116) (31 91) (90 97 116 119) (99) 
(53 78 92 135) (71 128) (94 127 137) (112 149) (84 103 124 142) (114) NIL (107 119) (108 137) (68 118) 
(90 96) (32 83 85 123) (21 29 33 38 44) (119) (126 129) (91 95) (125) (37 67) (29 80 104) (59) 
(110 111 117 148) (92 93 107) (126 156) (11 24 88 120) (128 162) (45) (103 169) (43 75 77 88 112 146) (60 67 101 130 158) (133 164 166) 
(32 160) (95 110 150) (120 140 163) (82 85) (57 105) (24 46) (124 134 144 160 166) (59 85 97 134) (110 176) (90 150 184) 
(80 168 182 185) (17 116) NIL (107 152) (43 115 161) (69 143) (61) (65 108 149) (70 105 144) (113 118) 
(43 122) (184) (80 122 139 153 171 194 196) (171 175 190) (55 94) (83) (74) (65 96 111 113) (70 132 198) (17 30 52 170) 
(54 132 199 200) (97 145 174 191 196) (49 93) (127) (128 141 144 173) (165) (18 63 168) (152) (185) (92 214) 
(46 161 200) (40 121 147 149 156 166 218) (47) (158 160 218) (27 112) (98 113) (126 179 199) (37 113 195 227) (210) (90 105 124 143 173) 
(39 168) (95 218) (157) (48 165 214) (93 187) (110 221) (118 167) (115 150 198 224) (93 133 139) (199 208) 
(53 158 197 198) NIL (94 141 223) (140 142 219) (107 225 236) (102 198) (92 144 167 173 217) (183) (196 227) (140) 
(120 122 169 178) (113 181 191 207) (32 78 114 143 176) (150) (153 194 217) (63) (71 130) (93 196 227 238 248) (117 158 232 256) (216) 
(234) (89 119 120 145 189) (134 249) (180 192) (145) (64 174) (97 171) (105 200 208 259) (152 176 182 192) (146 176 195) 
(200 224) (45 54) (41 136 154 266) (169 192 219 227) (42 91 103 185) (125 149 196) (116 255) (273) (209) (144 152 177) 
NIL (208 281) (104 116 118) (33 161 223) (113 133) (203) (63 150 158 186 218) (37 147 235 264) (226 236 264) (29) 
(61 88 135 189) (234 269) (288) (172 190 254 270) (252 267) (32 140) (147 221 261 265 294) (93 124 135 198) (140 185 194) (187 216 263) 
(137 195 268 296) (204 269 291) (29 142) (110) (139 187 256 262) (166 194) (154 162 258) (123 248) (77 92 234 242) (178 186 305) 
(151 266 287 293) (102 119 187 204) (114 196 305) (240) (111 192 279 308) (29 61) (193 209 224 285) (181 247) (149 235) (52 147 289) 
(45 167) (2) (305) (91 162 185 218 230) (158 194 215 281) (115 200) (246 262 263 268 314) NIL (70 163) (152) 
(260) (114 139 164 190) (152 318) (184 266 275 291) (40 113 141) (166 178 252 276) (162 287 295) (116 321) (284) (113 145 191 329) 
(179 190 280) (208 324) (204) (125 197) (70 146 285) (336) (114 188 225 241 319) (128 266) (167 256 275 332) (177 268 284) )