(NIL (1) (2) (3) (3) (4 5) (5) (3) (4 8) (5) 
(8) (5) (6 9) (7 9 10) (14) (6 12) NIL (9 11 17) (6 7) (11 14) 
(7 8 10 12) NIL (9 16) (6 21) (20 23) (12 18) (6 15) (14 16) (17 27) (26 28 29) 
(18 19) (23) (6 21) (4) (15 16 21) (25 32) (13 20) (18 29 37) (30) (31 39) 
(36 39) (21 32) (27) (31 32) (33 40) (38) (22 24 30) (35 36) (16 34) (48) 
(36) (36 44) (41) NIL (25 26 37) (24 30) (26 48 52) (7) (56) (23 34 38) 
(22 59) (23 43) (16 22) (42 50) (17 22 62) (39) (26 35 51) (39 46 56) (18 32 54) (57) 
(13 45 61) (24 50) (53 72) (43 49 61) (31 72) NIL (25 44) (47 51 54 74) (37 41) NIL 
(66 73 76) (22 46 67 70) (52 65 71) (65) (19) (41 62 69) (73) (61 72 85) (45 54 75) (44 75 81) 
(25) (49 83) (46 48) (22 33 57) (24 38) (22 24 46) (75 81) (70 83 96) (68) (34 59 64 67 97) 
(98) (14) (47) (83 91) (40 50 103) (97 103) (19 49 51) (95) (60 62 103) (82 101) 
(22) (34 39 93) (82 102) (52 77 87) (12 27) (44 95) (20 54) (62) (35 80 86) (29) 
(57) (97 104) (63 78) (58 60 74 93 110) (67 99 123) (46) (6 14) (87 90 100 118) (119) (46 89) 
(15) (96) (38 120) (96) (41) (106) (55) (102 106) NIL (63 93) 
(65 96) (71 75 112 140) (50 107) (87 91 125 142) (74 102 132) (59 89 131) (91) (99 116 136) (118) (146) 
(21) (64 74 117) (132) (153) (83 95 118 131) (121 123 151) (89 126 153) (79 110 136 137 154) (82 116) (8 80) 
(116) (47 87 134 154) (69 87 91 105) (67) (105 118 158) (84 97 145) (104 118 154) (117 130 154) (73 109 131) (13 91 119) 
(94 118 122 127) (47 107 122 131) (138 171) (68 100 137) (62 123 135 164) (93 145) (109 123 141) (139 160 173) (125) (81 102 152) 
(110 112) (24 107 120) (68) (74 85 87 174) (86 92 138 176) (67 171) (178) (82 177 185) NIL (98 111 116) 
(106 134 186) (84 134 187) (64 91 165 182) (78 96 163) (113 165 172) (152) (100 170) (92 100 112) (182) (115 165 199) 
(197) (46) (123 149) (44 91 126 145) (22 38 49) (91 156) (98 138 167 180) (87 116 133) (105 106 205) (127 193) 
(49 103 116) (29) (61 63 93) (29) (89 122 179 201 204) (121 192 194 195) NIL (57 126 202 211) (89) (148 195 209) 
(83 112 128) (42 114 165 170) (66 205) (84 146 170 185 204) (42 134 148) (103) (128 192 220) NIL (73) (39 212) 
(76 87 113 206) (90 104 150 204 211) (157 181) (59 133) (229) (143 170 220) (46 72 77 78) (79 122 198) (138) (224 227) 
(91 92 105 180 211) (201 205) (58 125) (87 103 121 124) (87 129) (204 214) (86 120 140 145 175 187) (111 162 164) (52 137 229) (140 184 185 198) 
(26 72 111 154) (185 248) (90 185 189) (120 128 242) (138 152) (52 130 246) (114 242) (210 240) (135 209 222 226) (175 192 195) 
(124 182) (144 210 257) (135 252) (81 162 213) (79) (76 169 181) (142 204) (77 132 142 221) (226) (102 132 196) 
(70 257) (200 212) (110 144 182) (110 117 174) (170) (250) (90 168 184 226 243) (124 195) NIL (212 262) 
(108 184) (133 143 189 280) (47) (180 229) (68 96) (121 215 285) (176) (19 33 36) (24 49 115 151) (113 133 173 201 256) 
(55 156 191 241) (87 146 214) (109) (52) (63 172 281) (186) (177) (153 211) (87 170) (280) 
(123) (111 124 215) (120 125 130 159 163 166) (194) (257) (144 163 168 227 292) (169) (94 123 212 244 264) (82) (95 196) 
(83 85 96 206) (82 129) (98 175 310) (98 120) (184) (74 100 101 298) (2) (150) (36 96) (187 246 255) 
(133 160) (137 149 254 290 312) (219) (107) (59 87) (105 138 232 243 307) NIL (42 63 135 235) (143 260 270 278) (181 194 236) 
(85 240 248 294) (149 156 235) (56 103 112 143 182) (234) (89) (139 273) (59 111 163) (24 27 76) (155 182 201) (117 269 271) 
(175 286 325) (286 310) (162 179) (58 300) (64 142 245) (126 186 257) (128 239 336) (215) (169 235 259 285 302) (300 331) )