(NIL (1) (1) (2 3) (4) (3) (5) (5) (5) (7) 
(10) (7) (4) (6 8 10) (10) (9 11 15) (15) (6 13 15) (12 16) (14) 
(6 8 11 17) (14 17) (18 21 22) (18 22) (20) (12 16 24) (2 6) (13 19 22) (11 15 25) (20 26 28) 
(27 28) (16 17 29) (12 23) (29 30) (9 11 14) (9 11 22 27) (10) (12 15 20) (12) NIL 
(31 39) (20 23) (8) (9 13 21 22) (34 41) (24 32 38 40) (23 43) (33 41) (12) (41 46) 
(24 37 40) (18 22) (31 46) (31 33 44) (50) (45 47) (20 21 26 49) (31 42 46 47) (21 45) (12 52) 
(36 44 53) (17 19) (31 46) (47 51 59 61) (61) (25 40 42 48) (19 29) (32 52) (23 24 44) (25 60) 
(53 70) (54) (21 38 51 62) (41 42 57) (4) (34) (19 60) (46 52 54) (75) (63) 
(53 68) (25 44) (38 54 82) (33) (71) (36 37 43) (32 45 62) (43 50 87) (66) (28) 
(38 79 89) (89) (74) (38 59) (64) (41 78) (39 63) (54 60) (48 59 82) (12 75) 
(64 68 75 96) (30 32 39 47) (79 99) (60 90 101) (27 77) (90 103) (36) (35 76 83 94) (37 59 76 92) (69 74 90 92) 
(47 68 108) (71 93) (65 71) (9 18) (63 79) (58 105) NIL (34 49) (88 108) (106 110 114) 
(68) (28 36 44) (48 79 116 118) (85) (19 40 68) (95 99) (35 51 79 90) (77 78 111) (89 126) (62 84 86) 
(61 109) (52 86 90 126 131) (110) (58 69 111) (12 44 121) (98 121) (131) (44 102 112 118) (121 130) (53 94) 
(40 60 69 111 139) (57 108) (69 124 139) (130) (50 72 95 101 107 124) (65 105) (56 81 90 129) (35 89 124) (59 144) (107 114) 
(50 75 97 134) (141) (131 138 139 151) (65 105) (71 88 149) (112) (103 114) NIL (96 106) (83 95 116 135) 
(80 83 110 155) (47 97) (143 147) (41) (26 37 38) (21 85) (23 30 57 114) (63 128 149 160) (73 119 157 160) (48 145) 
(111 131 164) (66 72 138 169) (82 133) (120 130) (51 72 103 141) (49 139) (96 97 169) (79 104 122) (111 155) NIL 
(147) (156) (71 100 128) (42 88) (87 171) (79 116) (108 116) (116 180) (49) (176 184) 
(90 94 144) (72 90 101 143 180) (41 57) (63 107) (57 102 111 147) (85 121 142) (51 119 128 133) (176) (155 169 170 191) (125 127) 
NIL (157 198) (111 182) (58 79 80 185) NIL (67 70 110 118 144 202) (95) (57 143) (76) (24) 
(67 123 149 164 202) (123 203) (50 206) NIL NIL (88 132 134) (194 199) (133 207) (93 184) (86 121 157) 
(55 78 148 185) NIL (174 211) (102 123 166 201) (64 213) (148 195 197 203) (106 132 171) (106 138 148 222) (125 134 191 206 226) (185 191) 
(155) (57) (171 218) (223) (99 125) (57 152) (87) (47 63 72 119) (9) (43 121) 
(94 144) (42 205) (76) (137) (61 106 122) (80) (205 225 226) (69 94) (33 65 115 219) (233) 
(91 119 154 216 219) (220 244) (120 227 251) (131 184 226) (80 132 176) (105 132) (247) (117 129 185) (192) (176) 
(95 137 156 179 210 211) (91 201 247 254) (238) (184) (154 161 222 226 263) (228) (95 106 264) (63 102 117 127 253) (189 223 239) (71 80 103 108 188) 
(36 88 93) (179) (128 214 221) (175 190 214) (216 258 262) (129 203 260) (73 126 165 221) (133 193) (217) (64) 
(27) (111 234) (85 213 218) (168 243) (94 117 200 234) (196) NIL (118) (123 260 275) (215 230 285) 
NIL (67 96 133) (189 200 237 259) (81) (13 37) (253) (159 191 195 202 203 251) (147 220) (253 255) (262) 
(199 262) (101 131 142 146 269) (61 134 173) NIL (24 44) (189 244 262 305) (72 214) (101 116 197 219 225) (253) (173 248 290) 
(128 193) (97 100 290) (220 245 246) (101) (181 228) (204 312) (44 94) (14) (105 106 208 225 248) (176 251) 
(128 235 298) (128 172 243 268) (41 114) (59 85 200 214) (290) (104) (100 119 188 189) (137 139 313) (180 181 297) (93 166 185) 
(212 270 286) (102 325) NIL (250) (152 173 187 273) (86 214) (152 261 298) (183 282) (145 314) (156 217 313) 
(96 277) (146 150 155 221 248) (54 113) (304 340) (156 272 302 334) (191 266 339) (129 314) (173) (140 245 284 316) (98 319) )