(NIL NIL (1 2) (1 2) (1) (3) (3 4 5) (4 5) (3 4 5) (5 6) 
(4 5 6) (7) (2) (10 11 12 13) (14) (1 13) (14) (17) (8 16 18) (8 10) 
(17) (12 16) NIL (9 12 16) (8 17 22) (25) NIL (20) (15) (23) 
(14 28) (24) (19 30) (29) (4 10 13) (18 32) (26 27) (9 10 30) (25 35) (18 28) 
(21 22 31) (20 32) (15 25) (39 40) (40) (19 35) (29 33 37 45) (23 26 27 34) (6 24) (31 33 43) 
(25) (15 37) (39) (33 37) (7 28) (36 54) (10 11 24) (27 38) (36 38 40) (12 27 28) 
(41) (21 57) (36 39 48) (16 29 31) (53) (47 49 50) (21 24) (56) (26 34 60) (33 61) 
(25 60) (8) (63 72) (44 73) (21 29 39 40) (37 62 70 72) (59 74) (39 46) (22) (37 77) 
(47 59 62) (9 30 79) (7) (22) (41 52 79) (29 54 85) (70 77 85) (29 67 84) (63 76) (60 89) 
(27 65) (26 84) (47) (56) (2) (26 51 64) (54) (1) (70 85) (58 69 79) 
(38 43 78) (16) (37 98) (76 79) (25 31 49 72) (38 46 56) (70 82) (56 67 76) (16) NIL 
(35 40) (31 68 77 111) (93) NIL (25 70) (37 72 100) (81 83) (67 70 95) (36 38 110) (68 74 111) 
(96 97 115) (48 67) (104) (61) (70 78 83 96 97) (101) (46 92 108) (55 92) (32 33 48 49) (46 52 75 80 89 104) 
(75 111) (82 96) (66 79 84 121 125) (32 82 104) (8 34 67) (69 112) (92 100 120) (85) (113 130 132) (83 101 102) 
NIL (40 83 95 104) (99) (15 97 124 127) (38 65 74 125 134) (43 114) (51 129) (83 86 139 146) (15 59) (37 59 71) 
(58 77) (138) (51 68 81) (103 124 150) (136) (102 132) (62 113) (93 118 153) (126 152 155) (37 38) 
(50 92 148) (70 73 117) (31 98 120) (134 149) (63 98 127) (107 130) (35 61) (19 40 132 138) (68 72 117 147) (80 133 142 162) 
(90 97 141 168) (34 55 118) (60) (165 166) (90 121) (148 157) (106) (83 127) (12 27 110) (46 81) 
(73) (34 65 123) (30 92) (74 93 138) (58 87 105 126 176) (38 48 98 128 133) (124 126 139) (123 138 148) (89 143 151) (94) 
(70 91 181) (25) (99 169) (133) (170 190) (34 84 113 149) (3) (44 131 138) (144 194) (80 83 137) 
(142) (58 146 196) (69 128 166) (114 134 137) (62 143 196) (180) (82 92 175 197) (35 107) (91 202) (60) 
(88 143) (56 100 105 184) (79 96 131 146) (90 101) (48 211) (187 210) (66 190 200) (171 201) (48 66 198) (71) 
(213) (134 185) (117) (100 159 172) (43 68 106) (84 159) (50 126 188) (114 127 153 181 216) (130) (78 100 162 168 173 213) 
(194 226) (62 75 99) (156 172) (215) (45 71 166 192) (45 54 151) (133 200) (74) (75 126) (232 234) 
(85 209) (86 170 178) (184) (153 190) (131 157) (60 180 183) (112) (190) (242) (150 167) 
(134 207) (167 190) (67) (45 88 218) (99 116 176) (141 152 166) (86) (18) (39 135 149 168 258) (173 192 194 256) 
(105 134 239 254 255) (134 138 201) (161 238) (217 244 260) (122 131 151 159 212 248) (94 212) (220) (104 131) (155 210 250) (120 240) 
(53 242) (74 75 210) (184 195) (59 88 199 207 268) NIL (66 240 258) (123 140 191 218) NIL (99 118) (107 222 225 257 268) 
(67 248 260) (174) (39) (215) (85 134 139 194 250) (52 127 151) (115 119 188 245 269) (98 118 125) (91 114 178 179) (59 141 197 253) 
(97 101 190 283) (110 193 219 254 256) (192 209) (74 78 193) (147 251) (214 219) (266 270) (143 186 214 287) (192 265) (147) 
NIL (109 121) (165 208 276) (32 116) (41 64 71 291) (107 253) (39 108) (175 189) (137 188) (154) 
(69 246 259 286 307) (41 150) (185 234) (119 283) (39 70) (206 218 252) (123 254 305) (122 238 283) (118 236) (199 227 244 251 299) 
(109 172 220 242 285 312) (21 80 120 304) NIL (107 214) (212) (88 163 304 305) (110 204) (119 134 156 247) (145 308) (115 176 253) 
(122 274) (316) (171 236 243 253 313) (319) (151 196 261 274) (178 296 330) (160 191 193 293 317) (46) (310 331) (42 90 222 303) 
(49 112 332) (260 303 330) (133 139 230) (71 123 157 228) (227 241 265 318) (105 182) (82 104 283) (83 166) (167) (111 290 306 349) )