(NIL (1) (2) (3) (1) (4) (5 6) (3 5) (7) (4) 
(5) (6) (7 8) (7 10 11 12) (6) (9) (13 14) (5 6 10) (9) (14 16) 
(8) (14) (13 14) (22 23) (18 19) (16) (7 11) (16 24) (15 28) (24 27) 
(17) (15 21 26 30) (26) (24 26) (17 32) (5 15) (25 36) (18 32) (13 14 15 33) (25) 
(21 28) (29 32) (15 25 26 31) (19 26 41) (20 37 39 42) (31 33 34 44) (29) (24 33) (19 20 35) (24 26 40) 
(40 42) (8 26) (28 38) (13 36) (18 49) (23 54) (48 54 55) (46 57) (25 57) (44) 
(59) (31 51) NIL (28 49) (25 42) (25 32 46 48) (19) (37 41) (40 49 52) (15 25) 
(16 30 67) (60 69) (34 39 68) (40 47 58 68) (53 58 72) (6) (32) (17 44 50 76) (26) (45 49 78) 
(38 42) (27) (75) (43 61 71) (46 51) (45 49 63) (39 77) (43 51 58 80) (64 87) (43 45 89) 
(40 87) (35 56 79) (41 61 67) (45 50 71) (55 80) (66 67 80) (48) (79 85) (36) (25 33 38) 
(22 36) (40 45 70) (76 86) (24) (83) (50 76 101) (80 83) (74 88 104) NIL (46 76) 
(44 57) (24) (45) (88 90) (91) (59 101 105) (79 82) (59 108) (105) (93) 
(43 61 75 94) (87 119) (49 62 97 106) (87 107) (57 85) (51 103) (105) (37 84 93) (20 70) (51 56 67 104 107 116) 
(86 89) (128) NIL (124) (36 38 40 110) (87 125) (33 60 77) (90 98 131) (62) (110) 
(38 85 117 137) (69 82) (55 79) (75 82 98) (97 98 143) (13) (47 49) NIL (56 132) (94 127) 
(70 98) (37 75 112) (84) (142) NIL (18 29 110) (82) (39 64 65 139 157) (15 21 22 82) (43) 
(138) (83 135 148) (49 113) (108 132 147) (59 125 126) (49 99) (46 90 163) (16 18 21) (40 63) (70 86 132) 
(86 106 120) (45) (51 75 172) (87 119 149) (75 84 100) (42) (68 85 126) (51 175) (42) (64 137) 
(10) NIL (56 63 107 162) (78 81 140 161) (51 112 133) (92 130 150 154 174) (70 101 142) (164 167) (167) (174) 
(108 138 142) (93) (69 125 146 163) (68 141 147) (66 112) (123 166 173) (69 90) (105 106 177 183) (84 86 98 99 176) (52 93 111 146 160) 
(63 65 175 187) (67 184 194) (102) (52 56 167) (92 135 204) (97 102) (145 154 185) (82 93) (67 70 74) (43 168 187) 
(165) (85 158 169 210) (101) (102 118 148 152 190) (37 83 106 160 180) (114 131 172) (117 118 177) (55 103) (216) (105 106 151 166) 
(146 175) (58) (59) (134) (96 149 182) (38 151 171 182) (53 58 148) (51 121 122) (66) (69 97 169 209) 
(155 222) (66) (131 185 189) (183 215 219) (72 101 113 207 229) (70 93 147) (175 198) (64) (96 120 179 227) (53 216) 
(144 185) (113 118) (35) (160) (76) (126 137 184 207 213 225) (121 244) (50 110 189 201 211) (246) (87 150) 
(163) (103 176 250) (152 228 252) (130 212) NIL (72 192 239) (78 122 232) (143 231) (109 161 171 253) (178) 
(103 123 191 193) NIL (73 110 152 243) (122) (44 71) (92 141 240) (95 171 206 262) (74 225 239 253 255) NIL NIL 
(234) (38 106 109 148 187 216) NIL (110 155 204) (19 77) (141 186) (86 90 101 112) (196 254) (66 75 211) (153 266 270) 
(206 275) (138 248) (146 176 184 228) (90) (52 70 112 189) (96 98 107) (91 237 252 264) (173 195) (46 172 192 255 273) (119 126) 
(182 281) (214 232 241 243) (167 234) (182) (129 168 183 189 201 249 264 283) (124 178 247 288) (278) (68 123 239 251) (89 119 160 288) (138 280) 
(92 99 115 231) (154 163 177 190) (91) (132 238 240 277) (180 252) NIL (156 193 243) (182 256 272) (118) (70 125 234) 
(225 251) (125 167 292) (185) (143 154 181 200) (73 122 171 306) (112 113) (128 193 220 262) (67 220) (81 269) (50 157 264) 
(62 64 68 119) (13 21 117) (110 278) (50 157 229 230) (91 221 251 252 273) (239 247 318) (240 318) (157) (95 106 129 291) (81 138 307) 
(107 257) (126 130 202 212 265) (128 330) (241) (97 110 121 129 176 178 209) (102 192) (186) (62 111) (93 138 205 252 294) (173) 
(29 70) (142 245 274 321) (150 179 218 323) (84 262 278 330) (264) (209) (227 236 304) (71 79) (292) (116 269) )