(NIL (1) (1) (2 3) (2) (5) (2) (1) (4 6 7) (5) 
(3 8 10) (8 9) (5) (6 11) (7 13 14) (15) (14) (10) (13) (9 15) 
(8 9) (20) (22) (13 21) (17 21) (16 19) (16 18 20) (12 21) (14) (20 25) 
(16 18 30) (12 23) (10) NIL (22 24 25) (19) (31) (37) (16 32) (32 33 34) 
(37) (26 31 39) (28) (17 19 32 33) (25 28 32) (28) (30 45) (8) (35 38 44) NIL 
(29 31 34) (38 45 48 50) (29) (39) (21 36 39 48) (44 50) (21 29 50) (22 26 33) (22 27 38 50) (54 59) 
(32 37) (40 51) (37 44) (31 46) (56 63) (45) (3 6 8) (38) NIL NIL 
(47 55 69) (30 44) (58 68) (41 49 58 61) (49) (23 57 64 69) (40 42 49 51) (59) (55 60) (39 57 66 69) 
(24 44) (45) NIL (46 62) (46 60 71 77 80) (69) (33 41 86) (46 65 77) (67) (63 74) 
(39 49 83) (26) (51 90) (67 71 93) (72 73) (78 93) (78 85) (83 94) (35 57 68) (40 94) 
(63 69 78) (53 68 86) (45) (73 91) (80) (37 39) (55 96) (70 86) (33 76) (60 63 71 91) 
(27) (62 74 83 89) (76) (61 62 103) (94) (26 41 101 106) (55) (19 80 83) (79 116) (53 61 117) 
(41 85) (56 60 69) (65 99) NIL (27) (33 39 59) (122) (52 62 117) (54 90) (28 104 125) 
(51 54 73 106) (36 41) (60 100 128 130) (52 96 109 118 126) (48 67) (78 126) (48 80 111) (56 60 71 91) (37 50 111) (91 107 128) 
(34 59 105) (36 56 84 116 129) (75 89 140) (119 142 143) (49 53 59 92) (24 61 72 79 86 89 109) NIL (93 117 122 141) (40 115 119 137) (78 112) 
(82 96) (88 118) (113 126 138) (19 37) (70 79 110 127) NIL (27) NIL (70 139 158) (40 63) 
(98) (70 81 113 139) (45 57 104) (81 126) (46 133) (35 78 81) (105 110 161) (79) (98) (84 89 169) 
(60 103) (97) (93 124 172) (74 76 77) (70 73 79 102 145) (122 135 144) (92 100 101 132) (23) (112) (164) 
(174) (47 123 147) (40 79 108 131) (47 124) NIL (55 137) (72 94) (172 183) (56 94 104) (172) 
(130 135) (88 110 111 113 158) (56 69 151 168) (47 78 84 92 132) (70 83 117 119) (35 119 185) (54 124 162) (50) (84 182 187 197) (114 120 141) 
(88 118 199) NIL (59 68 71 184) (68 121 155 178 179) (111 118 148 200) (41 48) (80 86 144) (64 137 177) NIL (137 190) 
(67) (172 198) (32) (99 148 169) (64 126 157 212) (52 117 187 188 194 198) (60) (128 215) (102 151 156) NIL 
(16 23) (69) NIL (43 215) (126 146 175) (166 187) (36 118 123 171) (135 195) (43 175) (154 216) 
(115 164 224) (125 157 176 204) (98 115 120 220) (132 165 201) (107 118 168 206) (48 125 171) (97 115) NIL (149) (85) 
(38 135) (138 161 187) (43 218) (94 215) (129 199 211 229) (43 212 230) (67 90 123 213) (92 157) (68) (212) 
(167 204 221 234 239) NIL NIL (171 234) (132 181) (154 202 206) (100 161) (62 76 97 124 155 161 252) (116 132 145 171) (192) 
(217) (107 131 133 147 180 214 227) (182) (134 135 152 181) (251) (62 110 182) (153 199 240) (130 264) (257) (228 231) 
(99 191 250) (229) (83 172 239) (237) (46) (132 235 273) (89 259 266) (99 109 161 236) (92 104 178) (134) 
NIL (77 109 161 262) (99 183 223 280) (177 233) (151 155 185 195 202) (149 185) (119 151 162) (107) (171 200 212) (101 192) 
(159 195) (177 196 244) (60 75 257 264) (161 230 272 287) (184 190 219) (32 221) (111 214 237) (173) (82 115) (114 120 191) 
(203 265 289) (251 254) (141 277) (75 155 164 183 208) (269 298) (148 202 301) (62 115 217 219) (141 213 269 307) (306) (239 241) 
(147 152 283) (162 304) (261) (283) (164 213 313) (134 246 265 269) (85 99) (251 291 297 300) (43 97 162 209) (307) 
(46) (278 285) (77 124 291) (116 166 230) (108 148 203 322) (182 289) (206) (135 227) (284) (113 136 196 244 297) 
(57 136 144) (166 235 255 284) (183 231 282 285) (72 115 155 215) (231 234 320 332) (210 277) (225 264 279) (89 177 314) (272) (125 275 292) 
NIL (251 329) (143 164 196 290 294) (181 202 209 302 316) (254 270 327) (62 180) (181 281) (145 345) (162 288 331) (123 155 170 311) )