(NIL (1) (2) (3) (3) (4) NIL (5 7) (6 8) NIL 
(6 8 10) (9 11) (2 7) (12 13) (6 13) (12) (10 15) (6) (18) (9) 
(15) (2) (16 19 22) (23) (11 21) (17) (22) (14 15 27) (20 24 27) (20) 
(14 29) (29) (23 26) (14 20 21) (8 15) (17 28 30 32) (9 19) (20 23) (15 31) (12 17) 
(13 30 38) (34) (37 39 42) (25) (16 44) (25) (40) (32) (34) (33 36 37) 
(24 26) (21) NIL (29 30 34) (31) (29 41) (13 18) (14 23 26) (48) (43) 
(27) (41) (14 24 52) (31) (37 45 62) (26 47 60) (58) (51 56) (39) (50 54 57 58) 
(34 65) (66) (36 53) (30 57 59) (26 55) (29) (46 50 60 65) (34 46 73) (60 78) (66) 
(38 80) (36 55 56) (58) (54 56) (37) (46 66) (50 79) (81 85) (84 85 86) (54 59) 
(48 70) (17 37 56) (32) (43 67) (14) NIL (16 37 57) (55 73 77 93 95) (33 36) (69) 
(48 60) (56 61 72 79) (85 90) (50 62 75) (90) (64 82 102) (35 51 76 89) (31 37) (35 88 91 106) (66 100) 
(37 48) (46 110) (35 63 83 91 105) (107) (45 92) (42 82) (54 63 87) (107) (55 56 113) (51 67) 
(77 87 119) (91) (68 99 114) (46 62 90) (71) (68 79 94) (118) (80 111 115) (59) (43 59 84) 
(121) (44 63 87 104 106 129) (44 81 124) (125) (64 68 89) (72) (15 41 55) (50 55 89 97) (54) (39) 
(36 75 101) (98 111 120 129) (92) (30 35 120) (32 55 61) (66) (40 41 42) (35 63 80 93 112) (50 125) (65 110 113) 
(102 110 115 136) (91 149) (109 118) (148) (69) (125 150) (61 149) (54 76) (153) (111 125 154) 
(97 101 121) (36 81) (65 76 119) (29 44) (65 159) (120) (90 112 132) (106) (112 121 136 146 156) (21 40 85) 
(123) (40 90) (67) (129 165) (154 156) (66 68 91) (81 145 158 176) (69 165) NIL (88 166 171) 
(100 152) (71 75 90 112) NIL (83 96 143 176) (156) NIL (72 117 133 154 157) (165 180) (106 113) (181) 
(124 129 157 178) (109 123 145 158) (71 84 90 109 126) (59 94 97 114 152 160 183) (95 150) NIL (60 73 119) (197) (166 178 184) (11 96) 
(105 111 114 126 162) (64 95 143 156 200) (81) (148 150) (178) (192 199) (151 183 200) (188) (75 103 154) (59) 
(60) (28 115 147 211) (127 203) (95 128 182) (84 96) (60 73) (67 95 131 150) (53 94 110 164) (177) (161 208) 
(72 97 119) (87 155) (54 186) (159 162 173) (142 209) (185 189 209) (38 79) (122 215 219) (122 147 149 221) (22 47 183) 
(143 146 183 201) (114 157) (132) (223 227) (86 196 203) (109 189) (113 184 216) (226) (190 194) (114) 
(135 217 223) (75 210 236) (137 200 231) (128 166) (61 217) (58 78 215) (49 180 185 230) (124 135 200 203 217 221 224) (96 160 185 188) (75 114 163 241) 
(54 57 179) (156 213 227) (103 133 140 149) (94 181 220) (135 211) (108 144 217 229 253) NIL (55 63 230) (111 116 230) NIL 
(163 225) (71 118 132 218) (237 242) (71) (100 113 126 147) (93 116 155 223 254 260) (180 248) (91 137 187) (45 167) (57 155 212) 
(123 141 147 151) (177 251 262) (44 60 186) (124 221 260) (121 251) (96 133) (162 175) (109) (164 196 220 237) (134 137 224 255) 
(132 236) (261) (132 218 249) (88) (124 188 194 240) (60) (161 169 210 281) (77) (228 242) (90 91) 
(109 115 250) (145 217) (152 259 283) (249) (126) (212) (119 276) (115) (93 263 287) (165 297) 
(164 217 249 287) (205) (23) (49 57 87 148) (115 135) (124) (176 180 275) (76 251) (204) (224) 
(235 268 275) (80 104 184) (305) (129 137 195 199 254 273) (87) (72 91 216) (240) (123 183) (105 288) (285) 
(96 218 224 260) (68 98 172) (174 194 313) (117 135 156 266) (109 141 295) (153 185 304) (185 250) (141 160 174 272 304 306 322) (151 165 217 227 282) (314) 
(235 289 321) (229 252) (221 263) (117 204 221) (194 330) (190 218 255) (193 319 334) NIL (207 236 248) (64 105 155) 
(23) (195 227 256 279) (49 238 282) (81 227) (107) (80) (284 302 303 311) (89 131 251) NIL (299) )