(NIL (1) (2) (3) (3) (4) (6) (5 7) (8) (4 5) 
(5 6) (9) (12) (12) (10 11 12) (13) (14 16) (15 17) (14 15) (10 13) 
(16 19) (13) (22) (6) (3) (19 20) (26) (23) (13 14 24 25) (14 16 23 24 25) 
(27) (23 27) (28 31) (21 33) (18 29 33) (28) (18 20) (31) (18 30) (24 27 28) 
(32 36 40) (17) (25 31) (30 33) (28 31 42) (30 31 41) (21 41 44 45) (43 46) (21 44 48) (30 36 40) 
(38 42 48) (30 34) (37 40 43) (34 49 51) (18 20 25) (18 50) (16 40) (35 53 56) (28 31 32) (50) 
(49) (30 57) (29 34 41 42) (34) (58) (54) (37 47 54) (38 47 48 50) (41 57) (52 60 63) 
(70) (47 48) (57 61 72) (65) (48) (56 67) (37 54) (39 66) (58 73) (47 53 54) 
(39 46 47 56) (65 73) (55 70 74 78 81) (35 44 48 52 63) (40 42) (42 58 75) (84) (62 76 83) (64 68 83) (53 56 57 61 78) 
(80 88) (54 70) (18 54 64 73) (18 92) (56 68 72 80) (37 64 69 75) (54 69 71 79 86) (77 82 88 96) (49 96) (84 93 97) 
(55 66) (87 94 95 99) NIL (63 80 96) (80) (29 62) (38 55 62 71 82) (67 71 99) (71 89) (74 86 94 104 106) 
(79 98 102) (39 100) (51 85 106) (107) (91 106) (59 63 85 90 95 103) (7) (63 77 81) (61 69 95 113) (37 38 61) 
(93) (53 78) (90 100) (116) (66 80 107) (96) (86 98 99 107 118) (68 91 106 112) (75 89 103) (64 91 107) 
(71 83 102 105) (89 98 115 118) (67 73 124) (59 83) (59 97 102 115) (101 108 110) (56) (67 103) (123 136) (124) 
(70 84 124) (58 69 90 92 138) (139) (118 139) (54 62) (141) (136) (64 68 82 84 105) (111 121 142) (70) 
(110 130) (83 102 112 121 136) (124 132 134 147) (128 134 147 152) (141 144 153) (62 65 112 146) (121 130 135) (154) (109 122 151 155) (91 112 116 125 127) 
(92 115 156) (116 126 158) (14) (115 118 134 137 146 152) (118) (89 103 104 163) (115 123 154) (153 158) (109 154) (51 120) 
(127 139 150) (55 59 93 110 170) (146) (129 143 149) (70 87) (117 120 138 139 166 175) (147) (108 124 149 157 170) (93 108 145) (100) 
(112 174) (88 172) (119 173) (155) (113 116 134) (155 179 182) (123 141 169) (126 137 155) (158 179) (77 151 180) 
(135 151 166) (163 186) (149) (114 139 140) (136 175) (97 129 177 193) (186) (125 126 178) (89 94 123 173) (113 128 131 133 172 175 191) 
(114 147 152 157 185) (94 101) (186) (196) (119 134 149) (156 164 183 185) (171) (105 161) (159 181) (112 178 192) 
(113 134 193) (91 114 134) (212) (176 204) (156 189 205) (111 147) (85 174) (151 183 187 203) (154 182) (155 214 216) 
(119 184 196 208 210) (146 166 177 212 216) (149) (218) (176) (132 138 180 212 216) (192) (114 136 140 165 183 193) (180 183 186 215) (86) 
(142 167 200 202) (137 159 190 198) (127 199 225 227) (187) (126 128 131 163) (197) (146 182 198) (180 193) (98 121) (231) 
(110 121 138) (111 119 138 140 203) (144) (139 223) (91 211 230) (169 179 183 212) (146 192 236) (131 156 204) (78) (160 235) )