(NIL (1) (2) (3) (4) (5) (6) (4) (8) (5) 
(7 8) (6 9) (9 10 11) (10 12) (7) (10 15) (12 13 15) (14 17) (18) (16) 
(17) (11 20) (11) (22) (13 24) (21) (14 21 25) (19 25 26) (21 22 23) (27) 
(23 30) (18 30) (19 29 32) (18 30) (29 31) (21) (19 20) (32 34) (35) (26 35) 
(19 32 40) (34 35) (33 41) (24) (27) (23 26 45) (33 34) (40 44 46 47) (37 39 42 48) (41) 
(36 38 39) (48) (52) (52) (41 54) (28 50) (47 50) (28 49) (42 43) (50 58) 
(54) (37 56 57) (58) (62) (49) (58 62) (53 56) (51 60) (54 60 63 64) (64) 
(66 68 69) (66) (63) (55 56) (37 38 54) (49 53 74) (49 50) (60 64) (57 59 60) (71) 
(38 49) (61 78) (68) (61 81) (63 65) (66 67 77) (76 77 78) (41) (43 71) (66 75) 
(36 55 60 88) (55 84 89) (43 60 64 76) (68) (91) (74 90 94) (86 92) (43 53 66) (28 51 75) (61 68 72 90) 
(69 88 90) (87 96) (86 101) (34 36 46) (102) (61 86 91) (89) (71 94) (83 96 100) (55 59 69) 
(80 95 106) (59 87 104) (88) (59) (84 86 100 114) (69 98) (88 97 112) (81 111) (92 93 99) (49 64) 
(107) (82 117 120) (71 102 120) (65 78 97) (63 79 83 95) (112) (61 65 80) (70 83 89 118) (96 118) (68 116) 
(59 93) (106 123 124 130) (59 124) (76 115) (92 131) (101 128) (66 78) (113 123 124 128) (109 138) (139) 
(113 117) (109 111 135) (69) (19 32 36 40) (79 134) (140) (29) (72 123 124 125 141) (131 148) (94) 
(138) (95 96 135) (108 123) (115 153) (82) (110 116 127 144) (50 65) (126 128 133) (98 138) (105 134) 
(158) (79 109) (78 93 125) (69 162) (75 126 163) (43 127) (99 143 147 159) (59 89 147) (91 131 154) (132) 
(139 165) (70 131) (106 172) (127 129 146) (117 136 146 152 163) (36 59 98 157) (162 165) (82 133 137 167 169 174) (103 126 139) (79 122 131) 
(73 95 113 126 162) (110 157 171 181) (86 101 153 163) (98 134) (164 183) (158) (93 140) (151) (79 96 122 130) (111 180) 
(155 178) (116 123 127 144 155 172) (151 158 178) (76) (87 128) (89 130 153) (174) (161) (89 127 172 177) (149) 
(69 155) (113 163 173 180) (101 119 123 144 163 168 176) (136 142 195) (114 143 175 177) (89 101) (96 101 114 116) (99 142 143 171) (103 121 132) (132 141 159 177 197) 
(80 133 154) (40 44) (93 124 166) (84 112 185) (58 61 75) (206) (84 105) (109 154) (115 170) (105 190 202) 
(77 147 157 166) (110 192) (75 130) (116 148 197) (156) (159 220) (132 175 183) (182 197 199 201 207 225) (115 156) (98 215) 
(154 163 166) (133 166 175 212) (80 86 147) (109 188) (36) (104 145 164 191) (114 140 142 180 186) (160 228 235) (67 76 95 221) (107 138) 
(226) (136 138 166) (115 225) (139 153 170 201 243) (155 206 220) (158 159 171 204) (98 177 202 237) (112 160 163 221 229) (184 229) (114 180 194 204) )