(NIL (1) (2) (3) (4) (5) (6) (7) (8) (9) 
(10) (10) (11 12) (13) (13) (1) (12 16) (8 16) (11) (15 18) 
(11 16) (15) (12 18 21) (12 19) (22 24) (20) (20 25) (27) (18 22) (26 28 29) 
(21 24) (14 16) (23 29 32) (33) (23 30 32) (17 28 31 33) (15) (30 31) (30) (26 34) 
(29) (17 35 39 40) (33) (42) (24 26 32) (20 23 25 29) (31 42) (17 35 37) (47) (39) 
(45) (19 33) (44 46) (35 50) (47) (54) (38 53) (53) (50 57) (36 57) 
(31 37 42) (36 50 53) (57) (59) (30 40) (36 41 45) (54) (17 37 39) (49 51 66) (61 64) 
(36 46 61) (46 51) (35 51) (56 70) (34 39) (43 45 47 70) (43 48 54 58 70) (67 75 77) (31 67) (45 62 77) 
(49 57 75) (55 72 80) (55 65 77) (51 54 57 71) (74) (34 56) (36 43 68 74 79) (78) (74 75) (69 88) 
(49 66 89) (17 23 26) (62 71 81) (55 66 78) (48 87) (72 80 88) (65) (55 90 92) (45 47 95) (83 90 95) 
(65 85) (68 93 94 101) (85 93) (82 83 101) (62 74 81) (93 99) (40 66 67) (47 92) (49 80) (109) 
(110) (56 67 81 84) (82 93 101 107) (47 101) (41 78 104) (45 49 65 95) (67 85 105 109) (97 110 113) (73 102 105) (47) 
(69 82) (83 88 89 117 119 120) (60 69 89) (65 77 85) (41 52 104 111) (64 67 69) (81 88 108 121) (90 104 111 116 118 123 124) (44 52) (71 76 95) 
(63 72 85 91 107 116 123) (86 90 91 95 112) (49 51 89 101) (46 97) (17 27 37) (53 75 129) (92 113 136) (52 77 93) (87 124 127) (81 96 111) 
(78 111) (132) (68 75) (112 118 131) (55 69 130) (99 131) (73 129) (69 70 136) (100 122 139 144) (146) 
(82) (63 78 83 113) (90 109 137) (90 111 121 144) (108 152) (36 133) (94 100 113 131 143) (125 133) (91 139) (82) 
(106 149) (94 95 110) (94 108 121 124 130 146 147) (88 94 103 112 125) (142 147 156) (79 98 152) (96 100 103 147 159) (111) (71 120 139 150) (124) 
(149 153) (84 106 125 143 146 159) (100 127 143) (107 114 136 138) (122 127 129 140 160) (96 105 154 172) (90 133 163) (111 119 127) (171) (86 104 170) 
(103 128) (79 119 137) (41 49 104 129) (139 170) (106 119) (171) (152 179) (104 171) (60 110 130 132) (168 171) 
(128 171 176) (86 154) (161) (64 79 92) (87 174) (91 120 182) (60 63 97 98) (125 153 155 184) (47) (34) 
(52 140 178) (114 134 163 168 186) (153) (86 122) (135 177 202) (128 154 173 179) (60 138 164 167 173) (149 169 192) (96 132 169) (94 124 131 137 155 168) 
(106 143 149 201) (122 153) (114 132 173) (146) (132 201 206 212) (166) (172 187 199 207) (114 123 134 145 164 168) (63 100 106 125 151) (128 150) 
(126 163) (132 188 212 221) (115 140 165 208) (176 179 186 209) (183 188 189 218) (100 135 151 153 174) (131 164 175) (126 167 194 212) (125 145) (191 194 196) 
(133 167 211 227) (141 160 186 197 226) (130 133 214 224) (97 123 135 167 185) (119 134 158 181) (126 148 201 216) (132 193 218) (151 155 206 214) (155 196 216) (143 234) 
(150 152 178 205 240) (128 180 187 226 229) (166 195) (57) (83 138 156 194) (157 185 192) (126 167 180 218) (165 191) (201 212) (132 157 170 179 211 212) )