(NIL (1) (2) (3) (4) (5) (6) (7) (8) (9) 
(10) (11) (11) (10) (14) (15) (12) (12 13) (10) (12 16) 
(13 20) (17) (16 22) (15 22) (13 16 17) (13 23) (25) (15 18 19) (23) (27) 
(21 23 24 28) (23 27) (30 31) (16 28) (18 24 27) (18 21 30 32) (28 29) (36) (31) (31) 
(29 32 33 39 40) (24 27) (10) (13 14 17 19) (35 37 39) (22 25) (37 40 42) (26 41) (27) (31 42) 
(26 31 32 43) (44 45) (49 52) (26 43 47) (32 33 54) (48 49 52) (31) (47) (56) (51 54) 
(33 35 47) (46 53 54) (48 54) (50 53 55 57) (53 56 61) (36 53 54) (34 64 65) (44 54 61) (45 49) (62 66 68 69) 
(33 34 46 49 51) (63) (36 51 62) (36 48 64) (63 67 73) (63 74) (34 57 70) (59 64) (39 51) (67) 
(56 66) (70) (72) (64 82) (28 30) (66 75 83) (57) (63 82) (36 64) (75 79 84 87) 
(38 79 87 88) (66 74 89) (63 69) (59 86) (74 84 86) (91) (71 87 89) (57) (89) (34 38 46 65 92) 
(83) (50 72 73) (82 83) (55) (80) (91 94) (54) (61 83 99) (66 79 80) (65 74) 
(96 110) (58 78 91 94 99) (35) (53 54) (65 103) (76 80 107) (97 112) (90 103 117) (84 85 89 96 116) (21) 
(38 70 116) (56 120) (103 112) (38 84 110) (46 72 99) (92 99) (123) (102 113 118) (67 113 114) (30 34) 
(84 123 125) NIL (106 108 110) (76 87 88) (64 83) (58 78 98 104 129) (71 112 114) (76 118 133) (98 117) (76 83 98 120 124 129) 
(84 115 120) (83 87 136) (60 109 116 125 136) (59 102) (99 106) (136) (84 115 127 137) (62 125 135) (76 141) (71 100 109 112 120 136) 
(107 138 146) (101 124) (101 112) (60 66 68) (83 104 107 126) (118 122) (109 139) (95 113 154) (136 137) (60 129 134) 
(106 160) (92 120 153 159) (138 143 146) (123) (77 111 121 163) (96 115 138 162) (96 116 157) (85 165) (60 84 99) (66 132) 
(98 100 102 114 117) (51 58 124) (71 90 110) (51 72 76 92) (115 142 171) (60 92 102 115 156 164) (100 116 132 134 149) (59 91 99 109 160) (81) (79 100 103 125) 
(172) (150 152) (60 128 172) (127 176) (93 127 153 165 175) (58 90 102) (96 122 134 163 174) (85 98 176) (91 116 132 146 149) (100 135 165) 
(155 184) (107 133 152 180) (100 111 129 145 181) (119 141 169) (95 128) (108 155 172) (77 104) (179) (87 104) (84 112 178) 
(169 172) (100 113 117) (98 106 155 177 178 197) (73 125 174) (128 196) (101 132 140 205) (143 182) (177 196) (151 182 200) (56 130 135) 
(93 100 128 204) (86 130 189) (125 136 188 193) (76 101 120 145 157) (77 166 184) (135 206) (95 140 147 189) (134 153) (66) (140 167) 
(136) (132 186 191) (119 127 177 198 201 219) (154 155 173 200 210) (116 175 197) (187) (126) (116 139 205) (134 170 211) (142 144 165 228) 
(151 192 201) (199 201 213) (81 101 183 191 230) (96 140 175) (81 121 144 171 212 229) (179 188 192 196) (80 195) (131 217) (126 158 171 181) (219 222) 
(158 184 216 223) (96 123 134 151) (181 207 235) (125 214) (80 134 162 193) (164 209) (115 151 207) (209 225) (159 214) (231 239) )