(NIL (1) (2) (3) (4) (5) (6) (7) (4) (7 9) 
(7) (11) (8 9) (12) (10 13 14) (15) (10 12 13) (15 17) (17) (16) 
(18 20) (21) (17) (21) (19 20) (24) (21) (23 24 27) (24 25) (28) 
(19 27) (30) (19 26 28) (20) (18 20) (23 26 27 34) (29 35) (22 26 30) (27) (29 30) 
(26 31 35) (37) (38 42) (33 34 43) (25 34 41) (28 31 35) (28 41 42) (33 37) (34 43 48) (48) 
(32 34 39 50) (26 39 40) (36 43 50) (40 44 49) (40 43) (46) (45 51 52 54 56) (57) (32 52) (55 57) 
(47 49) (19) (39 54 61) (53) (30 36 42 50) (36 45 52 63) (22 52) (63) (28 35) (31 48) 
(60) (44 59) (58) (29) (57 59) (55 70 72) (47 72 75) (61) (78) (73) 
(55 65 68) (46 55 68 74) (40) (36 50 59) (75) (54 78 83 84) (69 75 81) (50) (36 75) (51 55 70) 
(54 62) (76 87) (53 63 83) (67 75 79) (63) (74 77) (56 69 81) (82 86 92 95) (44 45 55 74 78) (77 86 97) 
(74 88 89) (47 60 76 84) (60 77) (76 83) (57 78) (25 32 36) (62 85 98) (45 59 90) (85 104) (93 108) 
(71 79 103) (47 71 73) (64 74 77 88 89 102) (94 97) (90 104) (57 62 78 82 106) (62 73 100 106 110) (87 94) (67 89 95 96 99) (87 89 90 96 104 114) 
(86 88 90) (75 76 121) (60 93 101) (92 102 110) (53 71 92 103 106) (65 102) (113) (57 86) (67 68 91 93 103 105) (91 93 106) 
(117 122) (63 101 109) (57 97) (67 107) (103 105) (66 127 130) NIL (55 70 94) (79 136) (85 118 131) 
(74 76 110) (30 41) (62 120 123) (71 80 118 136) (105 109 139 141) (58 97 132 134) (62 67 77 95 133) (63 80) (85 124 142) (67 137) 
(93 125) (119 127 146) (105 108) (113 124 131) (99 104) (67 98 148 154) (100 134 135 143 151) (132 139 148 151) (80 133 149) (101 125) 
(95 141) (97 124 148) (73 146) (39) (149 164) (113 114) (119 145 147 150 157 165) (160 165) (64 96 128 140) (145) 
(91 98 104 118 135 142) (86 101 106 114) (125 133 145 150 171) (111 141 142) (116 144 167) (151 166) (107) (162) (129 175) (111 140 176) 
(55 93 101) (118 121 126 136 181) (86 101 162 164 174) (85 126) (128 138 144 155 176) (117 151 155 173) (162 167 173) (82 117 185) (144) (91 120 127 180 184) 
(90 111 116) (82 86 96 111 178) (97 123 138) (121 134 186) (187 188) (91 99 118) (102 108 115) (112 195) (88 95 137 165 174) (66 131 146 161 196) 
(122 194) (153 186 193) (195) (133 158) (181 184) (91 122) (152 166 175 178) (126 207) (146 195) (185) 
(86 149 158) (153 173 190 196) (116 131 134 158 188 202 210) (95 145 188) (59 81) (115 201) (122 207) (147 200) (116) (59 69 73) 
(132 150 197 215) (157 184 210) (87 96 135 193) (159 217) (167 172 192 205 211) (207) (172 219 226) (112 116 143 146 172) (112 173 227) (196 219 226) 
(112 195) (62 89 150) (188 225 228) (187 223) (119 176 202) (195 229) (210 221) (124 128 182 221) (170 174) (162 194) 
(183 227 237) (146 170 179 188) (202 224 239) (180 215 230) (133 155) (206 221 231) (160 214 227 228) (183 184 192 239 240) (223) (243) )