(NIL (1) (2) (3) (4) (5) (6) (6) (5) (7) 
(8 10) (8) (10) (10 12) (8 13) (13) (11 15 16) (11 12 16) (9 14 17) (11 12 13) 
(18) (20 21) (15 20) (12 13) (19) (22 25) (22 25) (9 21) (26 27 28) (24 25) 
(22 24) (17 18) (26) (14 15 31) (33) (14 15 28) (21) (24 33) (26 27 30) (35 36) 
(30 31) (23 25) (26 28 34) (43) (19) (37) (38) (35 44) (8 10) (45 47) 
(21 30) (39) (50) (33 41) (33 44) (28 34 39 41 50) (33 36 41) (46 48) (37 40 42) (56 58) 
(60) (27 32 34 38) (36 50 62) (32 36 48 51) (38 41 43 59) (31) (42 61) (42 62) (49 52 57 63 65) (54 56 62) 
(58 68) (49 70 71) (49 61 65 66) (41) (11) (27 45) (59 72) (47) (51 55 57) (73 78) 
(38 40) (55 60 69 74) (37 56 62) (17 22) (61 69) (61 82) (83) (66 69) (56 64 65) (40 58 62) 
(75 85 88) (52 80) (43 76) (72 75 92) (70 87) (70 80) (77 79 83) (82 88 89 95 96) (53 61 63 65 70 76) (89) 
(61 79) (87 99) (23 53 76) (29 74 91 97) (48 79 103) (40 83) (96) (23 26) (51 69 99 107 108) (94 100) 
(52 99 100) (23 27 78) (94) (82 92 97 112) (51 67) (55 74 111) (31) (68 108) (77 107) (76) 
(104 109) (104 114) (67 78 81 85 99) (42 54) (72 91 120) (63 87 110 117) (113) (29 92 98 116) (108 128) (63 67 84 93 113 117) 
(101 102 105 121 128) (101 113 123 125) (51 53 59 87) (53 87 90 91) (23 35 93) (67 75 93 98 108 133) (64 70 74 133) (45 64) (113 123 126) (131) 
(91 99) (94 98 134 138) (131 136) (94 129) (8) (103 127 130) (113) (105 112 120 134) (82 87 103 123) (98 139) 
(140) (86 93 117 122 134 141 144) (67 85 110) (131 139 141) (130) (127) (82 115) (139) (53 64 125 127) (129 132 140 146) 
(95 113 118 138) (60 83) (127) (125) (119 154) (67 85) (91 102) (136 161) (85 130 161) (64 74 97 120 163) 
(146 152) (113 121 133) (86 117 140) (135 152) (127 158) (120 121 126 136) (141 160 162) (106 131) (135 137 167 171) (120 126 133) 
(110 136 146 155) (87 91) (163 176) (104 169) (129) (92 104 164) (138 147 166) (69 112 130) (126 128) (79 119 136 141 142 188) 
(161 181 187) (81 166 173) (125 129 176 191) (135 152 160 183) (152 183 193) (88) (99 112 134) (55 139) (82 162 187 198) (148 154 169 180) 
(178) (91) (176) (119 184) (87) (124 158 178) (173) (165) (153 194 196 201 208) (64 135 163) 
(145 147 206 208) (154) (89 159) (72 111) (195) (29 197) (116 181 197) (67) (173 212) (116 175) 
NIL (96 125 161) (148 160 161 162 180 205) (126 133) (84 90 114 180) (91) (150 192) (112 182) (160 208) (115 186 203) 
(90 156 202) (147 172 220) (53 96 186) (193 202 205 212) (183 217) (149 155 194 197 228) (113 166) (103 157 185 237) (131 171 202) (118 125 141 143 199) 
(125 143 168 174) (96 126 132) (158 164 222 227) (165) (100 156 172) (194 233 244) (56 108) (184 209) (159 215 220 223) (161 173 214 239) )