(NIL (1) (2) (3) (4) (4) (6) (7) (5 8) (9) 
(5 8) (10 11) (12) (13) (14) (13) (14) (11) (15) (19) 
(18 20) (13) (16 21) (17 20) (21 22) (15) (24) (20) (24 28) (26 29) 
(25 30) (23) (28 32) (23 31) (20) (34) (27 28) (28) (36) (33 38) 
(33 39) (36) (17 40) (36 37) (41 43) (25 37 40) (31 40) (27 45) (37 45 47) (32 35 37) 
(41 44) (39) (30) (20) (49 54) (46 48) (42 43 51) (22 43) (19) (51 55 56) 
(39) (61) (49 52 58 59 61) (45 58) (60) (61 65) (57 59) (45) (46 50 67) (64 65) 
(59 62) (48 57 59) (41 46) (35 61 70) (72) (67) (53 63 68) (44 52 64) (42 50 74) (50 66 76) 
(35 53 63 65 76) (77) (70 71) (65 77) (70) (53 85) (80) (50 55 57) (80) (52 53 83) 
(28 32) (73 80) (46 48 77) (68 87) (55) (63 70 72) (66) (45) (82 89) (79 81 87 93 96) 
(52 69 74) (15) (60 62 67 73) (87 102) (47 52 75) (79) (82 95 106) (78 100) (80 83 96 97 103 105) (35 64) 
(81 90 96 106) (82 105) (72) (94 98 107) (27) (53 63 71 89 92 97 113) (56 91 95 112 113) (82 111) (35 57 63 66) (59 85) 
(118) (66 67 74) (88 110) (78 106) (53 106 115) (109 116 119 121) (99 120) (98 101 118) (88 96 104 116) (114) 
(69 71 106 122) (128 129) (97 120 130) (74 116) (86 117 128) (75 103 110 128) (84 99) (105 111 131) (112 132) (75 78 110 127) 
(117 139) (107 137) (69 73 96) (62 99) (102 126) (81 125 133) (116 130) (110 129 146) (63 66 95) (83 107) 
(82 89 92) (81 95 129) (81 87 102 103) (108 135) (86 91 128) (136 141) (80 81 84 86 88 103 122) (83 125 152) (145 146) (135 140) 
(75 137) (131 132 136 146) (114 161) (84 145 152) (99 154) (47 52) (69 93 97 114 127 166) (161) (84 92) (57 63 95) 
(75 95 104) (121 166) (116 142 143) (100 109 146) (126 165) (90 99 152 157) (93 97 150 172) (68 69 124) (55 82) (119 148 160 176) 
(109 112 162) (139 148) (95) (135 176) (117) (115 132) (164 177) (86 127 162 178) (172 182) (157 162 178) 
(161 162) (121 138 167) (159 180 190) (107 117 139 140 144 186) (181) (162 166 183) (110 120 155 184) (166 169 195) (164 188) (89 128 143) 
(197) (137 156) (177 200) (136 160 185) (84 149 150 167) (44 54 62 93) (126 138 171 204) (91 138 188) (81 113) (150 180) 
(203 204) (50 81 85 110) (137 150 151 174 178 201) (101 133) (105 137 190 209) (141 209) (207) (117 126 139 142 200) (77) (145 212) 
(53 96 110 183) (181) (148 183 194 195 217) (72) (99 114 131) (186 197) (136 154 169) (163 165 197) (88) (91 122) 
(30) (94 194 229) (142 159 176) (78 128 158 192) (108 122 141) (184 210) (143 208 215 216 220 231) (132 153 213) (224 233) (86 234) 
(101 233) (124 233) (132 225 233) (127 134 238) (108 173 193 232) (138 159 180 215 220) (63) (184 234 237) (186 200 209 234) (91 195) )