(NIL (1) (2) (3) (4) (5) (6) (7) (8) (7) 
(7) (9 10 11) (10 11) (8 13) (14) (12 13) (14 16) (9 14) (6) (16) 
(12 18) (20 21) (22) (17) (18 19 20) (19 20) (22 24) (26 27) (27) (15 23 25) 
(23 25 29) (17) (26) (12) (21) (31 33 35) (19 20 34) (23 26 29 34) (15 28 29) (29 35 37) 
(29) (39) (24 25) (35 37 43) (23 28 32 34) (15 36 45) (23 32 37) (36) (28 40 43 48) (17) 
(15 34 41) (15) (39) (30 43) (21) (36 42 50 51) (54 56) (28 41 48) (28 32) (57) 
(30) (57) (40 44 46 48 52) (30 38 41 47 49) (36 37 55) (47 58) (61 66) (15 25 45) (60 61 63) (43 46) 
(67 68 69) (49 71) (38 46 52 60 62) (45 62) (68) (48) (46 64 65) (13 34) (66 69) (55 70 74) 
(30 32) (30 55) (76 82) (45 56 64 67 83) (67) (39 44 76 82) (86) (32 33 39) (72) (89) 
(73) (42 50 51 65 76 85) (49 50) (88 89) (64) (75 77 84 94) (61 76) (54 85) (74 84 98) (34 52) 
(48 53 60 78) (90 91) (96) (52 64 101) (58 77) (73 80 103) (74 97) (69 93 100) (106) (77) 
(92 95) (79 90 94 104) (74 94) (63 74 84) (81 89 93) (102) (106 108) (98 109) (91 98 113) (98 116) 
(89) (81 109 110) (91) (65 89 98 100) (95 98 122) (116) (66) (81 105 119 120) (38 39 67) (128) 
(109 115) (100 112) (125 129) (119) (97 106) (117 133) (60) (67 104) (109) (115 135) 
(66 95 101 110) (45 138) (46 62) (124 128) (120 133) (97 99 115) (131 137 141 144) (59 68 111) (118 147) (75 87 138 144) 
(146) (104 117 130) (80 103 107 115) (75) (103 137 143) (65 116 134) (117) (152) (99 129 132 147) (134 135 149) 
(73 76 105) (134 136 141 158) (160) (115 133 138 156) (78 102 113 136 146) (78 148) (57 87 166) (80 81 90) (112 153) (53 165) 
(79 84) (105 157) (104 135 171) (140 162) (153) (81 101) (122 141) (131 162 170 177) (91) (91 112 137 141 173) 
(123 126 163) (156 174 177) (106) (121 147) (99 110 155) (97 136) (144 179) (135 152 184) (181) (102 168 183) 
(47 58 74) (65 78 134) (161) (173) (136 143 181) (157 168) (138 171 195) (126 164) (83 85 116 168) (77 82 127) 
(182 197) (92 143 144) (79 157 166) (114 130 154) (187 203) (79 115) (124 127 162) (198) (119) (139 145 174 181 193) 
(108 159) (126 156 157 170) (98 148) (78 196 199 209) (59 176 181) (153 194 207) (145 146 162 177 181) (154 177) (140 163 198) (129 181 199) 
(138 210) (129 151 160) (168) (207 222) (121 139 180 203) (120) (160 176 204) (190) (112 122 144 206) (160 176 188) 
(212 221) (125 130 214) (121 122 153 166 181) (99 118 193 218) (153 183 230) (150) (162 177) (73 74) (154 191 199 215 233 236) (70 119 161) 
(111 190 201 209 217 229) (123 138 182) (170) (225 234) (165) (131 150 175 234) (125 152 171) (168 247) (173 246) (146 227) )