(NIL (1) (2) (3) (2) (5) (5) (3 7) (6 8) (6 8) 
(6 8) (4 9 10 11) (12) (13) (14) (8) (9 11 16) (11 16) (13 16) (14) 
(15 17 20) (19) (13) (23) (14 18 24) (14 18) (17 18) (19 21) (15 22 23 26) (25) 
(30) (31) (27 28) (17 26) (21 29) NIL (20 31) (25 27 28) (17 37) (27 39) 
(28 32) (1) (33) (25 35) (17 37 42) (41) (41) (46) (35 38 43) (32 49) 
(36 38 40 44) (20) (45 52) (17 31) (26 54) (35 42 48) (46 47) (32 36 44) (13) (48) 
(40 50 55 58) (60) (34 46 51 55) (49) (36 39) (37 64) (28) (23 42) (56 63 67) (64) 
(37) (60 70) (27 36 60) (34 38 56 60) (19 53) (56) (57 69) (27 39 52) (49 57 62 76) (50 58 66 75 77 79) 
(28) (60 61 66) (79) (78) (72) (39 71 79) (71 74) (39 54 73 83) (76) (38 75 84) 
NIL (77 81 85) (49 62 65 81) (51 86 89) (65 82 84) (42 57) (48 49) (55 58 59 96) (34 62) (87 94 98) 
(92) (26 28 42) (34 59 68 76) (22 42 55 62) (42 82) (95 104) (77 90 103) (92 103) (57 73 74 75 78) (51) 
(48 110) (79 89 102) (58 69 83) (34 57 106) (85 89 107) (70) (80 89 108 116) (66 86 103) (113) (65 75 85 87 102) 
(93 116 119) (95 102) (66 74 102 121) (61 89 121) (61 85 90 100 103) (56 60 75) (63 91 93 95 102) (39 45 62 64 71) (73 112 119) (88 120) 
(102 108) (80 128) (58 115 128) (87 93 106) (36 72) (121 125 135) (130 136) (115 122 123 129) (104 122 123 136) (136) 
(95 112 126) (110 127) (127) (61 80 89 113) (77 135) (122 137) (28) (51 88) (123) (76 81 96 114 116) 
(86 117 141) (133 149) (23) (38 53 58 91) (44 53 88 118) (71 88 141) (100 108 122 129) (133 140 150) (79 131 145) (137 158) 
(100 129 148 149) (63 98 135) (128 147 156) (105) (45) (140) (154 163) (95 130) (69) (71 93 159) 
(47 111 134) (114 116 133 159) (171 172) (80 149) (161 168) (105 155 175) (134) (152 175) (101 165 166 178) (59 63 112) 
(160 165 178) (110 115 124) (85 124) (152 171) (92 100 106 107) (117 152) (104 186) (97 153) (158) (80 99 138 153) 
(163 165) (117 152 174 190) (53 111 170) (158 161 172 183) (175) (80 160 165) (107 139 162 165) (52 103 128 161) (144 190) (184) 
(160 178 187) (130 150) (105 127 182 198) (192) (173 188 190) (86 115 174 193) (169 178 180 205) (172 183 188 203) (79) (158 182) 
(86 97 107 142 209) (130 143 158 182 205) (179 184) (163 173 194) (100 165 186 205) (110 126 197) (52 100) (109 127 179) (125 203) (131 181 210) 
(71 110 124 129 141 159) (189 196) (110 126 138 179) (71) (97 108 134 190) (175) (92 134 140 191) (61 86 120 149) (160 167 193) (87 165 199) 
(163 201 225) (146) (106 118 221) (123 136) (129 136 159) (155 180 181 221) (86 104 153) (139 220 237) (72 100 132) (156 171 181) 
(200) (144 224 231) (164 238) (206 217 226) (80 218) (91 109 202 221) (202 215 223 228) (144 157 184 185 226) (126 127 193 224) (91 228) )