(NIL NIL NIL (3) (3 2) (5 1) (4 6) (3 2) (4 8 1) (9) (5 10) (6) (12 10)
 (7 11 13) (12 8) (7 15 9) (13) (5) (12 18 10) (19 14) (15 18 14) (21 17 16)
 (22) (19 22) (24) (24) (26) (26) (28) (25 29) (24) (20 31 23) (31 20 30 23)
 (4 1) (25 26 20 34) (35 30) (36 23) (36 31) (38 23) (37 39) (27 35 30 32)
 (41 36) (33 41 39) (35 23) (43 44 40) (42 44 39) (41 36) (47 46) (45 48)
 (33 47 46) (50 37) (37 48) (49 52) (53 50) (54) (49 52) (52 51) (52 51)
 (49 57 58) (54 56 58) (58 57 40) (61 53) (54 62 56) (63) (55 63) (59 65) (65)
 (63) (65 68 60) (66 67 69) (67 69) (66 71) (72 70 64) (72 64) (72) (75 64)
 (76) (74 76 70) (78) (76) (74 76) (75 64) (66 71) (73 74 75 83) (84 77 79)
 (82 84 77) (81 84) (77 87) (82 84 77) (89 79) (90 80) (89 85 88) (92 86)
 (89 86) (81 91 85 94) (95 88) (92 96) (95 87) (98 92) (92 95))