(NIL (1) (1) (1) (2 3 4) (4) (5 6) (7) (8) (7) (9) (11 10) (11) (13 10) (12 14)
 (14) (16) (17 12) (18) (19 15) (20) (21) (22) (23) (24) (25) (23) (26 27) (20)
 (27 29 24) (26 30) (28 31) (32) (33) (33) (26 30) (33 36) (36 32) (34 38)
 (35 37 39) (35 37 39) (37 38) (34 42) (35 43 39) (44) (45 40) (46) (47)
 (41 42 40) (49 43) (50 47) (51 48) (49 47) (53) (52 53) (55) (54 56) (54 56)
 (57 58) (58) (58) (57 61) (62) (59 60 63) (60 63) (59 60 62) (65 66 64) (67)
 (67) (69) (67) (61) (69 71 72) (73) (74) (75 70) (76 68) (76 68) (77 78) (79)
 (79) (75 68) (81 82) (83 80) (84) (85) (84) (86 87) (84) (89 88) (90) (90)
 (91 92) (89) (92 94) (93 95) (96) (96) (97 98) (98) (99 100) (99 100) (102)
 (102) (101 103 104) (104) (104) (106 107 103) (105 108) (107) (109 110) (111)
 (109 110) (109 110) (105 106 110) (115 109) (116 112) (113 116 112) (115 109)
 (114 116 119 112) (117 119) (113 121 120) (122 118) (122 118) (122 118) (125)
 (126) (123 126) (128) (129 124 127) (129) (131 127) (132) (124 128)
 (130 132 134) (135) (130 133 134) (137 136) (138) (139) (138) (141) (140 142)
 (139 142) (144) (145 140) (142) (146 147 143) (148) (149) (148) (150 151)
 (152) (153) (153) (155) (155) (156 157) (154 158) (157) (158 160) (161) (161)
 (158 160) (162 164 159) (164 159) (163 165 166) (162 166) (165 168) (169 163)
 (169 163) (171) (171 167) (170 173) (172 174) (162 164 159) (174 176)
 (177 172) (177) (178 179) (180) (181) (182 175) (183) (182) (182)
 (178 179 175) (187 183) (185 188) (186 189 184) (190) (191) (189 184) (193)
 (194 191) (195) (194 190) (195 197 192) (196 198) (199) (199) (201) (199)
 (203) (204 200) (201 205) (206) (207) (208) (209 202) (202 207) (209 211)
 (210 212) (213) (212) (214 215) (216) (217) (218) (218) (220) (221) (219 221)
 (223) (224) (214 215) (225 226 222) (226 224) (225 228) (229) (230) (230)
 (222 232) (233 227 231) (234) (235) (233 227 231) (236 237) (235 237) (239)
 (236 239) (241 238 240) (241 240) (243) (244 238) (242 245) (246) (245)
 (246 248) (242 245) (250) (251 247) (252 248) (249 252) (254) (253 255) (255)
 (257) (258 256) (259) (260) (261) (261) (257 253) (260 264) (265 261) (266)
 (266 263) (267 268) (269 262) (268 262) (267 268) (269 271 272) (273) (273)
 (273) (275 276 270) (274 277) (278) (276 270) (277) (280 278 281) (282) (282)
 (282 279) (284 285) (283 286) (280 279 281) (283 285 288) (289 287) (289 287)
 (291) (292) (291) (293 294) (290 295) (296) (290 295) (298) (298) (300)
 (299 301) (290 295) (299 303) (297 300 304) (305 301) (304 296) (297 299 303)
 (308 302) (306 307 309) (310) (311) (311) (311) (313 314) (315 312) (314)
 (315 317 312) (316 318) (306 309) (319 320) (321) (322) (316 317 320)
 (324 318) (322 325) (321 325) (327) (326 327) (327) (330 323 326) (329 331)
 (331) (332 333) (334 328) (335) (336) (336) (338) (339) (339) (337 341)
 (340 342) (340 342) (340 342) (340 342) (346 343 344) (345 347) (348) (348)
 (348) (350 351) (352) (353) (354 349) (354) (353) (355 357) (353)
 (356 358 359) (356 358 359) (361 360) (361) (363 360) (364) (362 365) (366)
 (367) (367) (369) (370 368) (371) (371) (367) (374) (372 375) (376) (377 373)
 (377 373) (379) (378 380) (381) (382) (383) (384) (384) (386) (385 387) (388)
 (385 387) (386) (384) (388 391 392) (393 390) (388 391 392) (394 395)
 (396 389) (394 395 389) (397 398) (399) (399) (401) (395 389) (403 399)
 (402 404) (405) (406 400) (405 400) (407 408) (405) (409 410) (411) (412)
 (413) (413) (412) (414 415 416) (417) (418) (419) (420) (421) (420) (423)
 (421 424) (417) (425 426) (427) (427) (428 429 422) (429) (431) (429)
 (433 428) (434 422 432) (435) (429) (435 437) (436 437) (439) (435 437)
 (441 430 438) (442 440) (441 430 439) (442 444) (445) (446 440) (443 447)
 (448) (448) (449 450) (449 450) (451 452) (453) (453) (455) (454 456) (457)
 (457) (459) (460) (460) (461 462) (463) (458 464) (463) (458 466) (458 466)
 (465 468) (469) (467 470) (469) (471 472) (471 472) (474) (475) (476)
 (473 477) (478) (477) (473 475) (481 478) (482 480) (482) (484 480) (485 479)
 (483 486) (487) (488) (489) (490) (491) (492) (493) (491) (492 495) (496)
 (497 494) (498) (498))