(NIL (1) (2) (3) (4) (5) (6) (7) (8) (7) (10) (9 11) (11) (9 13) (9 13) (14 15)
 (16) (14 15) (17 18 12) (19) (18 12) (20 21) (22) (23) (24) (25) (26) (27)
 (26) (29) (27 30) (26) (32) (28 30 32) (34) (35 31) (36) (35) (36 38) (33 39)
 (40) (37 40) (42) (41 43) (44) (45) (46) (45) (46 48) (49) (50 47) (51) (52)
 (51) (52 54) (52 54) (55 56) (53 55 56) (57 58) (59) (57) (57 53) (62 58) (62)
 (64 58) (60 65) (64) (64) (67 68 58) (60 61 68 63) (70 66) (67 71) (70 65 67)
 (69 71 73) (74) (69 71 73) (74 76 72) (77) (78) (78) (75 80) (81) (80) (82 83)
 (82 83) (85) (84 85) (86 87) (79 88) (87 86 79) (82 83) (90 91 88) (89 92)
 (93) (93) (94 95) (96) (97) (93) (98 99) (100) (100) (102) (103) (103)
 (105 101 104) (106) (107) (108) (107) (108 110) (108 110) (112) (113)
 (114 111) (115) (116) (117 109) (117) (118 119) (118 119) (121) (122)
 (123 120) (122) (125) (124 126) (127) (128) (129) (130) (131) (132) (133)
 (133) (135) (134 136) (134 135) (137 138) (139) (140) (141) (140) (141 143)
 (144) (142 143) (146 144) (147) (148) (145 146) (147 150) (149 151) (149 151)
 (146 144) (154 149 150) (155) (156) (157 151) (156 151) (155 152) (158 160)
 (153 161 159) (153 158 159 160) (163) (162 163) (164 165) (166) (167) (167)
 (167) (169 170) (171) (172) (172) (174) (173 174) (176 168) (174) (178)
 (177 179 175) (174 168) (177 181) (178 182) (183) (182) (185 179 183 175)
 (186 180 184) (187) (188) (189) (187) (188 191) (190 192) (190 191) (194)
 (193 195) (195) (193 197) (198) (198) (198) (201 199) (202 196) (203)
 (201 199) (196 205) (196 205 200) (204 207) (208) (208) (209 210 206)
 (204 207) (212 208) (212 208) (212 208) (211 214 215) (211 214 215) (217 213)
 (217) (219) (220 213) (221 216) (218 221 216) (223) (222 224) (222 224) (226)
 (227) (228) (229) (225 230) (228) (231 232) (225 230 232) (234) (233 235)
 (236) (236) (238) (237 238) (238) (241 237) (242) (242 239) (241 239)
 (243 244 245 240) (243 245) (247 240) (248) (249 246) (250) (246 247)
 (249 252) (251 253) (246 247) (255 248) (251 253 256) (257) (254 255) (259)
 (258 260) (261) (262) (263) (262) (265 264) (266) (267) (266) (265 263)
 (267 269 270) (268 271) (271) (273 268) (273) (274 275) (273 272) (277)
 (274 278) (275 279) (280) (279) (282 280) (282 280) (284 283 276) (281 285)
 (286) (286) (285) (281 289) (290) (291 286) (292 287) (293) (293) (294 295)
 (291 287 288) (297 295) (298 294) (298 294) (300 296) (298 296) (299 302)
 (301 303) (302) (305 300 303) (306) (307 301) (305 304) (308 309) (308 309)
 (310 311) (311) (313) (314 310) (314) (315 316) (317 312) (318) (313 312)
 (319 320) (321) (322) (322) (324) (319 320) (324 326) (323 327) (328) (329)
 (328) (331) (330 332) (329 331) (330 325 334) (333 335) (336) (335) (338 332)
 (337 339) (340) (340) (341 342) (340) (341 344) (345) (342 344) (347)
 (348 341) (346 349 343) (350) (346 348 343) (350 352) (350 352) (354 351)
 (353 355) (354) (353 355 357) (353 357) (356 359) (357) (353 354)
 (362 355 359) (363 356 358) (364) (361 362 360) (363 366) (365 367) (368)
 (358 366) (370 363) (371 367) (369 372) (372 365) (372 368) (374 375) (376)
 (377 373) (377 373) (379) (378 380) (378 380) (382) (381 383) (382) (385 383)
 (386 384) (386 381) (387 388) (385 381) (385 384) (388 391) (389 392)
 (393 390) (393 390) (388 390 391) (396 389) (397) (398 392) (393 398) (400)
 (401 395) (394 402) (403 399) (404) (403 399) (406) (405 407) (406) (409 408)
 (410) (410) (409 405) (413) (414 407) (410 415) (416) (411 415) (418)
 (418 412) (419 420) (421) (422) (423) (417 423) (425 424) (426) (427) (428)
 (429) (429) (431) (432) (425 424) (433 434) (435) (436 430) (436) (437 438)
 (430 438) (439 440) (441) (442) (439 440) (443 444) (437 440) (436)
 (445 446 447) (441 447) (445 447) (450) (449 450 446) (451 452) (452 448)
 (451 454) (455) (452) (457) (458 453 454) (459) (460 455) (461 456)
 (457 453 448) (462 463) (464) (465) (465) (467) (466 467) (467) (466 468 470)
 (469 471) (472) (472) (473 474) (474) (475 476) (477) (478) (478) (480)
 (479 480) (482) (483) (483) (481 485) (486) (484 485) (484 485) (489 487)
 (490) (490 488) (491 492) (490 488) (493 494) (491 492 494) (494)
 (497 491 492) (497) (498 499 495 496))