(NIL (1) (2) (2) (4) (3 4) (3 5) (7) (6 7) (6 7) (6 8) (7) (10 12) (13) (14 8)
 (15 11) (9 16) (17) (18) (18) (20) (20) (21 22) (21 22) (21 22) (25 23) (26)
 (19 27 24) (28) (29) (19 27 24) (29 31) (32) (33) (34 30) (33 30) (36) (35 37)
 (38) (39) (38) (41) (42 40) (38) (43 44) (42 44) (46 40) (42 44 40) (45 46 48)
 (49) (50) (51) (50) (51 53) (52 54) (55) (55) (54 47) (58 55) (59) (58)
 (60 61) (60 61) (60 61) (61 55) (57 65 64) (66 63 56) (66 62) (67 68)
 (57 65 62 56) (69 70) (71) (72) (73) (74) (75) (76) (77) (78) (77) (76) (74)
 (81 82 79) (83) (84) (81 82 78) (83 86 80) (87) (86) (89 88) (90) (91 84) (92)
 (93) (92) (94 95) (85 96) (97) (97) (85 96) (99 100) (96) (99 100 102) (103)
 (104) (105 98) (98 104) (106 107 101) (108) (108) (110) (109 111) (112) (108)
 (113 114) (115) (116) (116) (113 114) (116 119) (118 120) (117 120) (121 122)
 (123) (124) (115 119) (124 126) (127) (122 126) (129 127) (130 125 128) (131)
 (130 125 128) (130 125 128) (132 134) (135) (133 136) (133 135) (137 138)
 (138 136) (140) (139 141) (137 141) (139 140) (142 144) (145 143)
 (142 143 144) (146 147) (148) (149) (150) (151) (152) (151) (153 154) (155)
 (155) (155) (158) (156 157 159) (160) (161) (160) (161 163) (161 163) (165)
 (166) (162 164 167) (162 166) (169 164 167) (170) (171 168) (171) (173 168)
 (174) (175) (172 176) (172 174) (178 176) (178 175) (177 179 180) (177 180)
 (179 182) (183) (181 184) (184) (185 186) (186) (187 188) (189) (190) (190)
 (192) (191 192) (194) (194) (196) (197) (193 195 198) (199) (200) (201) (201)
 (203) (204) (205) (202 206) (205) (202 206 208) (206 208) (202 210)
 (209 211 207) (212) (213) (214) (212) (212) (217 214) (217 215) (219)
 (218 219) (220 221 216) (222) (223) (224) (224) (226) (227) (225 228) (229)
 (229) (230 231) (232) (233) (233) (230 231) (236 232) (233 237) (234 237)
 (235 238 239) (240) (241) (242) (240) (243 244) (245) (246) (242 244)
 (246 248) (249 247) (249) (249) (251 252) (252) (251 254) (250 255) (252)
 (257 256) (258 253) (259) (257 253 255 247) (260 261) (262) (263) (264) (263)
 (266) (266) (266 264) (268 269) (265 269) (266) (269 272) (273 267 270 271)
 (274) (275) (276) (277) (277) (279) (278 280) (281) (282) (283) (279)
 (281 285) (286) (284 287) (284 287) (289) (289 288) (290 291) (292) (293)
 (294) (295) (296) (297) (298) (299) (299) (300 301) (301) (301) (300 303 304)
 (305 302) (306) (306) (308) (309) (307 309) (311) (311) (313 310) (309)
 (313 315) (314 316 312) (314 316 312) (318) (317 319) (320) (321) (322) (319)
 (324 317) (322 325) (323 326) (322 324) (323 324) (329 327 328) (330) (330)
 (332) (333) (334) (332) (331 335 336) (331 336) (338 335) (333 336) (339 340)
 (341) (342) (341) (337 344) (343 344) (346) (337 343 344) (347 348) (349)
 (350) (345 351) (352) (351) (354 352) (354) (345 351) (356 357 352) (358)
 (358) (353 359 360) (361 355) (362) (361) (355 364) (363 365) (366) (367)
 (368) (369) (370) (371) (372) (369) (371 374) (375) (376) (377 373) (378)
 (379) (377 373) (380 381) (382) (383) (384) (385) (386) (385) (386 388) (389)
 (386 388) (389 391) (387 388) (393 392) (394 390) (393 392) (393 390 392)
 (394 396 397) (395 398) (393 392) (395 396 397 400) (401 398) (402) (403 399)
 (404) (405) (402 399) (405 407) (398 400) (409 403 399) (410 404) (411 406)
 (409 406 408) (412 413) (409 406) (409 407) (413 416) (417 414) (412 413 416)
 (417 419 415) (418 419 415) (418 420) (422) (422 421) (423 424) (423 424)
 (425 426) (427) (425 426) (429) (430) (427 430) (427 430) (433 431 432)
 (434 428) (435) (433 428 431) (437 432) (434 437) (438 439) (436 438 439)
 (441) (435 438 439) (443 440) (443 436) (442 445) (444 446) (442 445) (448)
 (444 448) (450 447) (451) (449 452) (453) (453) (455) (454 456) (457) (458)
 (459) (454 456) (459 461) (460 462) (462) (460 464) (463 464) (466) (467)
 (465 467) (465 467) (468 470) (471) (469 472) (472) (473 474) (475) (473 474)
 (475 477) (478) (478) (476 480) (476 478) (481 482) (483) (484 479) (485)
 (481 482) (487) (485 488) (489) (489 486) (489) (490 492 486) (493) (494)
 (491 493) (493) (497 495 496) (498) (499))