(NIL NIL NIL (3 2) (4) (5) (6) (5) (8 1) (9 6) (9 7) (11) (12) (10 12) (14)
 (15) (13 16) (17) (18) (19) (19) (16) (19 22) (23) (24) (20 21 24) (20 22)
 (27) (26 27) (29) (25 29) (31) (28 31) (33) (33) (33 30 32) (33) (28 31)
 (34 38) (37 30 39 32) (25 29) (33 41 32) (41 36 39) (42 43 40) (35 44) (35 44)
 (42 35 43) (44 47) (48) (49 45 46) (45 47) (51) (50 52) (50 51) (52 54)
 (53 54) (56) (57) (57) (58 59) (60) (60 55) (61 62) (63) (63) (65) (66 64)
 (66 64) (63) (68 69) (70) (71) (72) (73 67) (74) (75) (74) (77) (76 77)
 (78 79) (79) (81) (82 80) (83) (83) (85) (86) (84 85) (82 80) (89) (90 88)
 (91) (91 86) (93 87) (94) (91 86) (92 96) (97 93) (98 95) (99) (100) (101)
 (102) (103) (103) (101) (106 102) (105 107 104) (108) (108) (110) (111) (112)
 (113) (110) (113 115 109) (114 115) (114 115 109) (118) (119) (117 120)
 (121 116) (121 116) (123) (122 124) (123) (123) (127) (122 124 128)
 (129 125 126) (130) (129) (131 132) (131 132) (133 134) (135) (135) (137)
 (138) (134) (140) (138 141) (139 142) (143) (139 142) (145) (142 136) (147)
 (148 144) (146 149) (146 148 144) (150 151) (152) (152) (153 154) (155) (156)
 (156) (153 154) (157 158 159) (160) (161) (162) (162) (164) (163 165)
 (157 158 159) (157 159) (163 165 168) (169 166) (170 167) (171) (171)
 (172 173) (174) (171) (172 176) (177 173) (178 174) (179 175) (179) (181)
 (179 175) (181 183) (180 182 184) (180 184) (180 181 183) (185 186 187) (188)
 (185 187) (188 190) (188 190) (189 191 192) (189 192) (194 191) (195)
 (191 192) (197) (198) (194 199) (193 196 200) (201) (202) (203) (204) (205)
 (206) (207) (207) (209) (210) (209) (210 212) (213) (211 213 208) (214 215)
 (214 215) (217 216) (217 216) (218 219) (220) (219) (221 222) (219) (219)
 (225 221) (225 223) (227) (226 228) (229) (228) (231) (226 232) (231 224)
 (234 229) (235 230 232) (236) (233 237) (238) (239) (240) (238) (241 242)
 (242 239) (241 244) (245) (243 244) (246 247) (248) (246 247) (249 250)
 (242 240) (251 252) (253) (254) (255) (255) (257) (258) (259 256) (258 256)
 (261) (257) (260 261 263) (264) (261 263) (266 264) (266 259 262) (267 268)
 (269) (269) (269) (271 272) (265 268) (274 270 271) (273 275) (274 270 272)
 (273 275 277) (278) (275 277) (273 280) (278 280) (276 277) (282 283 279)
 (281 284) (281 283 278) (284 286) (287) (285 288) (289) (290) (291) (285 288)
 (292 293) (294) (295) (296) (291 293) (298 295) (297 299) (300) (301) (300)
 (303) (302 304) (305) (306) (304) (307 308) (309) (310) (311) (307 308)
 (313 312) (314) (315) (316) (316) (316) (318 319) (317 320) (317 318 319)
 (321 322) (323) (324) (324) (325 326) (327) (324) (329 325) (330 328) (331)
 (332) (333) (334) (332) (330 326) (337 332) (338 334 336) (339) (338 335 336)
 (341) (339 342) (342) (343 344) (340 342) (346 343 344) (347) (346 343 344)
 (345 347 349) (350) (351) (348 352) (348 351) (345 347 349) (353 354 355)
 (356) (357) (357) (354 355) (358 360) (359 360) (362) (361 363) (363)
 (361 365) (364 366) (367) (367) (369) (362 358) (371 364) (369 372 368) (373)
 (370 372) (373 375) (376) (375) (372 367) (379 374 375) (377 378 379 374)
 (380 381) (382) (382) (384) (382) (386) (387) (386 383) (387 389) (388 390)
 (385 391) (392) (393) (394) (392) (392) (396 397) (394 398) (395 398)
 (399 400) (400) (401 402) (403) (402) (404 405) (405 399) (404 407) (406 408)
 (406 408) (409 410) (404 407) (409 410 412) (413) (414) (415) (416) (417 411)
 (415) (417 411 419) (411 415) (417 419 421) (422) (418 423) (420 423)
 (425 418) (426) (427 424) (428) (427) (426 424) (427 431) (428 432) (433 429)
 (434) (434 430) (436) (437) (437) (439) (435 436) (441) (442 438) (442)
 (444 438 440) (445) (443 446) (445) (447 448) (449) (449) (450 451) (450 451)
 (451) (449) (451 455) (452 454 455) (457) (458) (459) (460 453) (461 456)
 (462) (462) (462) (465 463) (466 464) (467) (468) (469) (469) (469) (472)
 (466) (473 474) (475 471) (476 470) (477) (478) (479) (478) (481) (482 479)
 (481 479) (484 480) (483 484 480) (485 486) (482 484 480) (483 485 488) (489)
 (481) (491 487 488) (490 492) (489 492) (492) (493 494 495) (496)
 (493 494 495) (497 498) (497 498))