(NIL (1) (1) (1) (2 3 4) (5) (6) (7) (6) (9) (10 7) (11) (11 8) (13) (12 14)
 (12 13) (13) (17 14 16) (18) (19) (19) (21) (20 22 15) (20 22) (15 24) (25)
 (25) (27) (28 23) (26 29) (30) (27 23) (31 32) (33) (34) (35) (36) (37) (38)
 (36) (39 40) (41) (41) (43) (39 40) (42 45) (43 46) (43 46) (42 45) (49 44)
 (50 47) (51 48) (51) (53 48) (50) (52 54 55) (52 53 55) (57 56) (58) (59) (60)
 (59) (61 62) (63) (62) (65) (66 64) (67) (68) (69) (69) (67) (66 64) (73 71)
 (74 70) (73 68) (76 69 72) (74 77) (75 77) (75 76) (80) (81 77) (82 78 79)
 (83) (83) (85) (82 79) (85 87) (86 87) (89 84 88) (89 88) (90 91) (90 91) (93)
 (92) (95) (96) (94 97) (97 93) (96 93) (98 100) (98 100) (101 102) (99 103)
 (99 102) (105 104) (98 100) (105 107 104) (106 107) (109) (110) (111)
 (108 112) (111) (114 108 112) (115) (115) (115) (116 117 118) (119) (113 120)
 (117 118) (113 122 120) (123) (121 124) (124) (121 126) (127) (125 128) (129)
 (125 127) (131 128) (132) (129 132) (130 134) (133 135) (136) (137) (137)
 (138 139) (139) (140 141) (142) (143) (140 141) (145 143) (146 144) (147)
 (148) (147) (149 150) (151) (149 150) (153) (147) (153 155 152) (156)
 (154 157) (158) (159) (160) (161) (154 157) (163 159) (164) (165 160)
 (162 165) (165 160) (168) (169 167) (162 168) (171) (169 172) (173) (173 167)
 (170 166 175) (176) (177) (177) (174 175) (178 180) (181) (181) (179 183)
 (184) (185 182) (182 184) (186 187) (187) (185 189) (188 190) (186 189) (184)
 (193 188 190 192) (194 191) (193 188 190 192) (194 196 191) (195 197) (198)
 (199) (199) (198) (202 199) (201 203) (204 200) (205) (204) (206 207) (208)
 (209) (210) (211) (212) (211) (210) (213 214 215) (206 207) (217 216)
 (217 212 215) (219 216) (220) (220) (222) (218 223) (223) (217 216)
 (218 221 222 226) (226 221 223) (225 228 224) (229) (227 229) (230 231) (232)
 (232) (218 228) (235 232) (233 236) (235 230) (238 232) (237 238) (240)
 (241 234 239) (240) (243 239) (234 244) (241 245) (246) (242 247) (248) (249)
 (250) (250) (252) (251 253) (254) (254) (250) (257 253) (257 256) (259) (259)
 (258 261) (262 255) (258 261) (260 263 264) (258 260 261 255) (266)
 (267 263 264) (268) (261 255) (270 264) (265 267 270) (268 270)
 (273 269 271 272) (265 273 269) (275 271) (275 271 272) (276 277) (278) (279)
 (274 280) (279) (274 282) (283) (281 284) (284 280) (281 286) (285 287) (288)
 (285 286) (290 288) (291) (289 292) (293) (289 290) (293 295) (296) (293 295)
 (298 294 296) (299) (297 300) (298 294 296) (297 300 302) (301 303)
 (297 299 302) (305 303) (305 301 303) (307 304) (308) (308) (310) (306 311)
 (309 311) (311) (306 314) (306 309 311) (313 315 316) (315 316) (313 315 316)
 (319 312) (318 320) (321) (322 317) (317 320) (321 324) (322 325) (323 326)
 (326) (328) (327 328) (324) (329 331) (331 327) (333) (330 334) (329 333)
 (330 332 336) (337) (338 334) (338 335) (337 334) (338 341) (342 335)
 (339 343) (344) (345 340) (344) (347 340) (348) (348) (347) (345 348 351)
 (346 352) (353 349 350) (354) (355) (353 349) (354 357) (356 358) (355 357)
 (360) (361 359) (362) (363) (364) (363) (365 366) (367) (368) (369) (370)
 (370) (372) (368) (374) (375) (372 376) (377 371) (378 373) (379) (377)
 (381 373) (382) (383) (378 384) (379 383) (386 380 384) (386) (385 388)
 (380 389) (390) (387 391) (380 388 384) (393 387 390) (394 392) (395) (396)
 (397) (398) (393 392) (398 400) (401) (402) (403) (404 399) (405) (405)
 (406 407) (407) (404 399) (410 406) (409 411) (412) (413) (414) (413)
 (416 415 408) (415 416) (418 408) (417 419) (420) (421) (422) (423) (424)
 (425) (426) (426) (426) (428 429) (420) (428 431) (427 430 432) (433) (434)
 (434) (436) (437) (435 438) (435 438) (440) (441) (442) (442) (439 440)
 (442 445) (443 444 445) (447) (447) (449 446) (450) (451 448) (452) (453)
 (454) (455) (455) (457 456) (458) (457) (459 460) (461) (461) (462 463) (464)
 (464) (463) (466 467) (465 468) (466 467) (462 463) (469 471) (472) (470 472)
 (473 474) (475) (476) (477) (475) (476 479) (478 480) (481) (478 479)
 (481 483) (482 484) (485) (486) (487) (488) (489) (490) (491) (492) (493)
 (494) (495) (495) (495) (497 498) (491))