(NIL (1) NIL (3 2) (2) (4) (5) (7) (8) (6 7) (10) (11) (9 12) (10) (12 14 8)
 (9 15) (14 8) (17 13 15) (17 16) (19 13) (20) (21) (19 13) (23) (22 24) (25)
 (18 26) (18 26) (25 18) (27 29) (30) (31) (28 31) (33 32) (34) (35) (35) (37)
 (37) (38 39) (33) (41 36) (42 38 39) (42 40) (43 44) (43 44) (42 37)
 (45 46 47) (48) (49) (48) (51) (51) (51) (54) (50 52 55) (53 56) (57) (57)
 (49 55) (58 60) (61) (59 62) (59 62) (64) (58 59 60) (65 66) (67) (65 66)
 (68 69 63) (70) (71) (72) (73) (72) (75) (74 76) (77) (78) (79) (77) (81 80)
 (82) (82) (81 80) (84 85) (86) (87) (83 88) (89) (90) (91) (92) (93) (92) (91)
 (93 95 96) (97) (97) (97 94) (98 99 100) (101) (101) (98 99 100) (104)
 (105 101) (106 102 103) (107) (108) (109) (110) (109) (112) (113 110) (114)
 (115 111) (115 111) (115 111) (111 112) (116 117 118 119) (120) (121) (122)
 (122) (124) (113 119) (125 126) (125 126) (123 127 128) (129) (130) (130)
 (132) (131 133) (132) (134 135) (136) (137) (137) (139) (138 140) (141) (142)
 (142) (142) (141) (146 142) (145 147 143 144) (145 147 143) (149) (150)
 (151 144) (147 143) (153 148 152) (154) (145 146 143 144) (155 156) (157)
 (157) (159) (160) (159) (162 160) (161 163) (159) (162 165 158) (163 165)
 (164 165 158) (168) (169 167) (170 166) (170) (172) (171 173) (174) (174)
 (176) (176) (177 178 175) (178) (179 180) (181) (182) (183) (184) (185) (186)
 (187) (188) (185) (189 190) (191) (187 190) (193 188) (194 192) (195) (196)
 (197) (198) (197) (193 192) (201 199 200) (202) (203) (204) (205) (206) (204)
 (203) (209 208) (210 207) (211) (212) (213) (214) (213) (213) (217 216) (218)
 (218 214) (217) (217 214 216) (218 222 215) (220 223) (219 220 221 223) (225)
 (217 214 216) (225 227 224) (228) (226 227 224) (230) (229 231) (232) (233)
 (234) (234) (235 236) (235 236) (238) (237 239) (236) (241) (242 240)
 (241 240) (242 244) (243 245) (246) (247) (246) (249 248) (246) (251 248)
 (252) (253) (250 254) (249 254) (255 256) (250 254) (257 258) (259) (260)
 (261) (262) (262) (264) (265 263) (266) (267) (268) (269) (270) (266)
 (267 272) (273 269) (274 271) (273 270) (276 271) (274 277) (278) (278) (280)
 (281 275) (282) (282 279) (283 284) (284) (281 275) (283 287 279)
 (275 279 280) (289 285 288) (290 286) (290) (291) (293 292) (291) (295)
 (293 296 292) (297) (298) (299) (299 294) (301) (298) (301 303) (300 304)
 (305) (305 302) (305 302) (306 307 308) (309) (310) (310) (309) (313 311)
 (314) (313 310) (306 307 308) (315 317) (316 317 311 312) (315 319) (320)
 (321 318) (321 318) (318 320) (321 324) (323 325) (322 326) (327)
 (322 323 325) (329 328) (330) (330) (331 332) (333) (332) (333 335) (334 335)
 (337 336) (337 336) (337) (340 336) (339 341) (338 341) (337 336)
 (338 339 340 344) (345 343) (346 342) (347) (348) (349) (348) (351) (352)
 (349 351) (354 352) (355) (356 350) (356 350) (353 357 358) (353 357 358)
 (359 360) (361) (362) (363) (364) (365) (361) (362 367) (365 368) (369)
 (370 366) (369) (372 366) (372) (370 372) (371 375) (376) (377 373 374) (378)
 (379) (379) (378) (381 382) (383) (384) (380 383) (386) (385 387) (388) (388)
 (388) (389 391) (392) (390 391) (391) (395) (393 394 395) (393 395 390)
 (396 397 398) (399) (399) (396 397 398) (402 399) (403) (404 400) (405) (406)
 (401 407) (408) (409) (401 407) (411 408) (409 412) (413) (414) (410 413)
 (415 416) (417) (418) (417) (418 420) (419 421) (422) (423) (423) (425 424)
 (426) (426) (427 428) (429) (427 428) (431) (432) (432) (429 432) (430 431)
 (434 435 436) (433 435 436) (434 438) (439) (440) (441 437) (437 440)
 (442 443) (444) (445) (444) (445 447) (446 448) (449) (450) (451) (451) (453)
 (454) (454) (455 456) (457 452) (457) (459) (452 460) (458 461) (461)
 (462 463) (464) (452 460) (466 464) (467) (468) (468) (465 469 470) (471)
 (465 470) (473 471) (473) (474 475) (476 472) (475 471) (477 478) (475 472)
 (474 478 480) (481 476) (481 476) (482 483 479) (476 480) (482 485 479)
 (481 485) (482 483 477 487) (484 487) (489) (490 486) (491 488) (491)
 (493 488) (494) (494) (494) (497 495 496) (492 493) (498 499))