(NIL NIL NIL NIL (4 3 1) (5) (5) (7) (8) (9 2) (10) (11) (12) (13 6) (13 6)
 (6 8) (12 16) (17) (17 13) (14 15 16) (14 15 16) (21) (21) (18 20 23) (24)
 (21) (17 26) (26 20) (19 28) (27 28) (25 29 30) (30 23) (18 29 30) (33 32)
 (34 22) (25 35) (36) (37) (25 33) (30) (40 29 24) (25 41 35) (42 38)
 (42 37 31) (44 38) (45) (42 39) (45 47) (40 39 32) (49 45) (49 37 47 31)
 (51 38) (52 45) (52 44) (52) (43 55) (46 56) (57 50 48) (57) (50 54 56 46 48)
 (51 48) (58 53 61) (58 61) (57 53 54) (64 60) (62 59 65) (66) (58 59 64)
 (68 60 61) (69) (62 70 65) (66 71) (71) (62 69) (74 67 71) (74) (67 76 70)
 (76 70) (67 78 71) (78 72) (67 80) (81 75 77) (73 81 75 79) (66 78) (73 74 67)
 (84 85) (75 86) (86 80) (83 63 88) (89 77) (88) (89 82 91) (92) (75 79 88)
 (83 63 94) (91 77 95 87) (93 96) (92 95) (90 87 98) (93 94 87) (100 96)
 (90 101 98) (77 86) (99 103 96) (89 82 103 96) (97 105 104) (106)
 (97 105 101 104) (107 108 102) (106 108 102) (106 108) (108) (110 112)
 (99 103) (113 114) (115 109) (116) (116) (107 115 111) (109 119) (116 119)
 (121 118) (118 119) (114 109 110) (115 124) (122 125) (126 120) (117 127)
 (117 127) (117 126) (130 127) (130 120) (126 120) (129 133) (132 134)
 (131 135) (129 133 128) (129 130 133) (138 136) (138 123 134) (138 123 135)
 (123 125) (142 135) (130 134 142) (130 142) (145 134) (138 146) (147 140)
 (145 136 141 128) (137 139 140 144 147 149) (140 149 143 144) (147 151)
 (150 151) (153 152) (153) (137 139 151) (148 156) (156 152) (157 158)
 (154 159) (160) (145 138 136 144 128) (154 157 158 162) (155 163 160) (163)
 (162 148 150 158) (165 166 159) (153 157 166) (164 168) (165 166 160)
 (161 169 170) (171) (170) (171 173) (172 174) (175) (176) (176) (178 167)
 (179) (177 178) (180 181) (181 167) (179 181) (184) (184) (186) (187)
 (185 188) (189) (189) (180 191 183) (182 192) (193 190) (194) (189 182)
 (196 191) (193 197) (197 192) (193 199) (194 200) (200) (202) (194 203) (199)
 (202 195 205) (197 183) (198 207) (202 195 208) (202 195 205 208) (207)
 (211 210 203 206) (194 207 202) (209 213 205) (210 214) (215) (212 215)
 (201 212 214) (209 212 213) (219 215) (220 216) (201 221) (204 222) (223)
 (224) (225 218) (217 226) (227) (217 224) (221) (227 229 230) (231) (232)
 (233) (234) (235 228) (236) (237) (238) (239) (235) (241 228) (241 237)
 (241 237) (244 238) (241 240) (231) (242 243 247) (244 246 248) (249)
 (242 237 247) (251 246) (252) (234 247) (249 252 254) (255) (249 254)
 (252 245 254 248) (258 255) (259 256) (260) (261) (261) (253 263) (258)
 (257 265 253 262) (258) (257 267 262 264) (268) (266 269) (257 267) (262 271)
 (266 267) (273 271 264) (250 274) (250 274 272) (276) (273 270) (250 278)
 (275 276 278) (277 280) (281) (278) (283 277) (283 277) (281 285 279)
 (281 283 279) (274 278) (281 285 288) (289 279) (285 287 288) (283 288 280)
 (276 279 288) (289 282 291 293) (284 286 294) (290 292 295) (296) (297)
 (290 294) (286 288))