(NIL NIL NIL (3) (4 2) (3 2) (5) NIL (8) (9) (10 5) (10 2 1) (10 5) (13 12)
 (11) (15 6 14) (15 12) (17 7) (15) (19 14) (16 20 7) (21) (19 17 14) (20 23)
 (20 23) (25 7) (26 6) (16 26) (28) (16 17 7) (30 27) (30 27 28) (32 22 29 18)
 (24 32 18) (26 6) (25 7) (31 32 36) (28 36) (38 33) (24 30 27 35 36) (40)
 (41 22) (38 40 34) (21) (42 44 29 34) (45) (46 37) (39 47) (48) (43 47)
 (43 45) (51 48) (50 52) (52) (53 54) (51 48) (53 56) (56 54 49) (50 51)
 (57 59 54) (59 55) (58 61) (61) (61) (57 62 64) (58 61) (65 66 60) (67)
 (67 63) (69) (70) (69) (72) (66 63) (57 74 64) (75 71) (74 71) (73 77) (78)
 (75 79) (80) (81 76) (76 78) (83) (84 68) (84 80) (81 83) (68 77) (81 84 88)
 (75 78 88) (90 76 80) (91 86) (89 90) (93) (91 94) (92 95 87) (96) (92 93)
 (82 87 98) (97 98) (100) (82 101) (82 101) (102 103) (101) (105) (106)
 (107 102 103) (108) (106) (99 107 85 102 110) (109 111 104) (82 107 110)
 (113 99 85 102) (114 112) (114 108 111) (115 116) (116 104) (113 108 85)
 (116 119) (115 119) (121 116) (122 120) (123 117) (122 120) (125) (126)
 (124 126) (125) (129 123 127) (130 128) (129 118 127) (129 123 118) (133 126)
 (133 132 117) (132 133) (131 135 136) (124 136) (122 117 120) (139 136)
 (138 131 140 134) (139 132 133) (141 142 135) (143) (137 143) (145)
 (137 141 142) (147 143) (146 148) (149) (150) (149) (152) (146 148)
 (154 149 144) (155 152) (156) (155 151) (153 158) (155) (160 158 152)
 (159 160) (162) (163) (146 147) (161 165 159) (162 166) (167) (168) (167)
 (163 166) (156 166) (172 168) (164 157 172 167) (174 168) (175) (171 175)
 (169 177) (177 170 173) (177 170) (179 180) (170 171 174 168) (182) (177 183)
 (182 176) (185 179 183) (169 186 180) (185 184) (181 182 176)
 (169 186 188 189) (190) (169 188 189) (186 188 189) (193 187 192)
 (193 187 190 192) (193 192) (195 196) (185 189 184) (189 184) (195 199)
 (196 198 200) (201) (202) (194 202) (200) (178 195 199) (203 206) (207)
 (194 205 191 208) (204 208) (208) (211) (194 211 191) (213) (213 197)
 (211 205) (212 215 216) (217) (204 215 216) (219 212) (218 220 214) (209 221)
 (218 220) (209 221 223) (222 224) (210 223) (226 224) (226 222) (217 220)
 (217 219) (228 230) (209 230 223) (227 232) (232) (233 234 231) (226 234 224)
 (236 222) (225 237) (227 238) (233 236 222) (237 240) (241 231) (225 228 232)
 (241 235 229 243) (244) (245 238) (244) (235 243 239) (248) (248 240)
 (242 250 229 249) (245 238) (250 252 247) (251 253) (246 254) (249 253 246)
 (254 256) (257) (257 255) (259) (259) (261) (262) (259) (263 264) (265 258)
 (262 264) (267) (266 268) (267) (266 270) (271) (260 272) (270) (265 274)
 (268 275 260) (276 269) (276 269) (274 268 272) (273 279) (280) (281 278)
 (282 277) (275 269 279) (284 280) (285) (284 276) (277 278 279) (288)
 (282 287 288) (289 290 285) (287 288) (291 292) (290 292 285) (283 294)
 (286 295) (296) (289 297) (298) (295))