(NIL (1) (1) NIL NIL (5 4 3) (4 1) (2 3 7) (5 8) (9 6) (9) (11) (12 6) (10 13)
 (14) (2 7) (9) (16 17) (18 12) (19 15) (20) (19 13) (10 22) (21 23) (23)
 (14 23) (19 13) (20 23) (25 28) (29 27) (28 27) (25 28 21) (32) (32) (29 34)
 (28 21) (36 35) (37) (37) (35 24) (40 37) (30 26 38 41) (40 36) (26 31 39 43)
 (42 44) (42 44) (46) (45 47) (48) (30 37 43) (50 33 47) (51) (49 51)
 (50 33 47) (49 54) (52 53 55) (53 54) (57 52 55) (58) (59) (49 52 54) (61)
 (59 61) (59 61) (45 54) (65 59 61) (66 64) (65 63) (67 68 62) (68 60) (62 70)
 (71) (69 71) (73) (69 70 56) (73 75 72) (76) (77) (64 70 56) (76 79) (74 80)
 (76 79) (82) (74 83) (81 84 77) (85) (86) (78 87) (81 83 77) (89 86) (83)
 (91 86) (91) (93 78 80) (74 94) (95 88) (90 96) (97 92) (98) (99) (100)
 (90 96) (99 102) (103) (104) (95 87) (90 106 96) (105 107) (90 106 96)
 (98 109) (110) (111 104) (108 101 112) (113) (107 111 104) (105 115) (115 100)
 (109) (117 118) (116 119) (114 120) (121) (115 108 118) (123 112)
 (113 123 120) (125) (121 124 125) (105 115 100 118) (124 125 128)
 (124 117 128) (130 127) (129 131) (129 130 126) (108 128) (101 134)
 (129 130 135 122 126 127) (136) (137) (138 133) (138 133) (136) (141)
 (132 141) (132 134) (139 140 141 144) (145) (146 143) (147) (146 143)
 (145 142) (150) (147 149 151) (152) (147 150) (154 151) (145)
 (155 148 149 156) (146 156) (148 158) (159) (157 159) (154 156 149) (162)
 (163 159) (163 157) (161 164 165) (153 166) (153 166) (153 165 160) (169)
 (170 164) (171) (172) (173 167 168) (173) (171 166) (175 167 176) (177 168)
 (176) (179 174 175) (180) (179 174) (170) (182 175 183) (177 181 184) (185)
 (186) (185 178) (185) (187 189) (185) (178 190 191) (187 191) (191) (194 188)
 (193 195) (193 195 192) (194 187) (193 195 198 192) (199) (199) (201 200)
 (202) (203) (202) (203 196 205) (206) (195 198) (203 208) (209 205 204 197)
 (209 204 207) (206 208) (204 197 207 212) (210 213) (214) (215) (215) (214)
 (218) (218) (211 220 216) (218) (210 211 212) (219 223 215) (224 222 216)
 (224 216) (226 221 222) (224 216) (217 228) (224 216) (217 226 230) (230)
 (217 221 222 232) (217 227 230) (234 229 231) (235) (225 234 231) (237 232)
 (229 238) (239) (233 239) (241 236 240) (242) (237) (234) (245 237) (238 246)
 (242 246) (244 248) (243 246) (250) (251 248) (251 247) (253) (254)
 (244 254 248) (256) (254) (251) (259) (259 253 248) (260 261 256) (244 261)
 (260 252 261) (259) (249 265 256) (266 252 262) (258 267) (257 268) (267)
 (257 267) (271 263 255 270) (266) (273 260 255) (274 252 261) (258 275 262)
 (267 276) (258 267 263 274) (257 273 267) (268 277 270 279 278)
 (276 278 279 272) (281 277 269) (273 272) (283) (281 284) (283) (281 268 286)
 (269 287) (285 288) (288) (290) (291 285) (292) (290 264) (289 290 264)
 (282 294 295) (294 295) (290 284 277) (298 291) (297 298 291))