(NIL NIL (2 1) (2 1) (4) NIL (6 1) (7 4) (8) (6 3) (7 10) (9 11 5) (11) (12 13)
 (8 10) (15 13) (10 4) (16 12 17) (18) (19 14) (19 14) (18 14) (19 22) (23)
 (21 23) (25 24) (25) (20 21 22) (28 24) (29 26) (21 23) (31 24) (25 31)
 (33 28) (34 32) (29 26 35) (29 26 27 35) (37) (27 33) (29 27 32 33) (30 32 33)
 (41 40 37) (42 36) (41 37) (38 42 44 36) (43 45) (42 44 36) (46 47) (47 39)
 (49) (38 49) (51) (50 51) (49) (43 53 54) (52 53 54 48) (56) (55 56)
 (52 46 54) (50 59) (59 55) (61 56) (58 62) (57 61) (58 62 64) (65 63) (66)
 (66 60) (65 63) (66 69) (67 68 70) (68 70) (69) (73 70) (73 68) (75 71) (76)
 (76 72) (74 76) (79) (80 72) (75 70) (82 71) (83 77 80) (83 78 80) (85)
 (81 84 86) (81 84 86) (88) (89) (90) (91) (92 87) (93) (89) (90 95 87) (96)
 (97 92) (98 93) (99 94) (100) (101) (101) (102 103) (104) (102 103) (106)
 (106) (105 108) (109) (106 104) (108 111) (107 109 112) (113) (111)
 (113 115 110) (116) (117) (118) (114 119) (120) (117) (121 122) (121 122)
 (122 118) (121 125) (123 126) (124 127) (124 127) (123 126) (130) (129 131)
 (132 128) (132 128) (134) (134) (132) (137 135 136) (137 134) (139 133)
 (140 135) (139 135) (140 142 136) (138 143) (144) (145) (145 141) (146 147)
 (148) (149) (149) (148) (152) (153) (150 152) (154 155 151) (156) (157) (158)
 (159) (158) (161) (162 160) (163) (162) (163 165) (164 166) (167) (168) (169)
 (162 159) (169 171) (170 172) (173) (174) (175) (175) (170 172) (170 171)
 (177 179) (180) (178 181) (182) (183) (184 176) (183 176) (182 176) (187)
 (188 183) (189) (180) (188 191 184) (185 186 191) (193 190) (194 192) (195)
 (195) (195) (198) (195) (196 198 200) (201 197) (201) (203) (204 197)
 (202 205 199) (201 197 199) (203 207) (208) (209 206) (210) (211) (211) (213)
 (214) (212 215) (216) (212 215) (215) (217 218 219) (220) (220) (222)
 (221 223) (224) (221 222) (226 224) (227) (227) (222) (221 230) (228 230)
 (222) (233 230 224) (234 228 229) (225 235 232) (235 232) (234 232) (238)
 (225 237 239) (237 238) (241) (225 241 239) (243 231) (242 244) (245 240)
 (236 246) (246) (248) (243) (250 236 245) (251 246) (250 236 245) (253 248)
 (251 254) (252 255) (254) (249 257 255 247) (258 252) (258) (260 256)
 (251 253 247 248) (257 262 255) (261 263) (264) (265) (266 259) (267) (268)
 (268) (270) (271) (269 272) (271) (273 274) (275) (271) (277 269 272)
 (273 274 278) (273 274 278) (276 277) (281) (282 280) (282 280) (284 279)
 (284) (286 279) (287) (283 288) (289 285) (290) (290) (292) (291 293)
 (291 293) (295) (294 295) (297) (297) (298 299) (297 296) (291 292)
 (297 302 296) (299 303) (298 303) (301 303) (305 306 304) (307) (305 306)
 (299 309) (308 300 310) (311) (307 310) (313 300) (314) (315 311) (314 308)
 (316 317 312) (313 308 300) (315 319 311) (317 320) (321 318) (321 316 312)
 (316 317 320) (324) (321 325 318) (326) (318 320) (321 325 328) (329)
 (329 322) (323 331 326) (328) (333 326) (332 333) (335) (330 334 327 336)
 (337) (337) (339) (340) (339) (342) (343) (341 342) (339) (346 340 343)
 (338 347) (348) (348 341) (350) (351) (351) (351) (354 349) (345 353 354 344)
 (355 356) (357) (346 343) (355 359) (360 352 344) (360 352) (361 362 356)
 (363 358) (363 357) (362 356) (361 366) (358 359 352) (361 362 368) (366 368)
 (370 365 367) (371) (369 372) (373) (364 374) (372) (364 376) (369 377)
 (378 375) (379) (377 374) (378 381) (377 375) (371) (382 384) (385 379 383)
 (386) (387 380) (386) (387 389) (380 390) (391) (388 392) (392) (394) (390)
 (396 391) (393 395 397) (387 380 389) (388 399 392) (388 396 399) (401 395)
 (393 402) (403 397) (404) (404 400) (393 402) (398 407 406) (408) (409) (409)
 (408) (411 412) (410 412) (411 405 414) (405 414) (403 398 407) (417 413)
 (417 410 411) (419 412 405) (418 419 416) (421) (419) (420 421 423)
 (420 421 423) (425 422 424) (425 422 415) (427 424) (426 428) (428) (428)
 (431) (427) (433 430 432) (433 429 430) (435) (434 436) (435 432)
 (434 436 438) (433 431) (436 440) (429 440) (441 442 437 439) (442 437 439)
 (441 444) (444) (443 445 446) (443 446) (446) (449) (450 445) (451 447) (451)
 (453 447) (454) (455) (456 448) (443 453) (453 447 448) (459 456)
 (457 458 460) (452 461) (462) (463) (463) (465 464) (466) (466) (468) (468)
 (468) (471) (467 469 472) (472) (470 472) (471) (476) (477 469) (478 472)
 (475 479) (467 470 478) (481 475) (474 478) (473 475 483 479) (482 484) (484)
 (485 486) (487) (487) (489) (490 488) (490) (488 492 480) (490) (491 494 480)
 (493 495) (496) (497) (497) (497))