(NIL (1) NIL NIL (4 1) (5) (4 1) (3 6) (2 8) (8) (10 2 7) (10 2) (8) (13 2 7)
 (12 13 11) (12) (16 11 14) (16 7 9) (16 15 14) (16 14) (17 19 20 9)
 (17 20 18 15) (21 22) (23) (23) (25 24) (23) (23) (21 22) (26 29) (30) (28 31)
 (27 32) (28 30) (30) (27 35 32) (35 28) (27 37 32) (34 38) (33 39) (36 40)
 (36 40) (41 42) (42) (44) (40) (44 46) (36 40) (43 48) (49) (50 44) (51 46)
 (52) (53 45) (52 45) (49 44) (53 55 47 56) (57) (57) (59) (60) (57 54)
 (58 61 62) (62) (58 62) (65 59) (66 63) (65 60) (66 68 63 64) (69) (67 70)
 (69) (67 69) (69) (73 74 71) (74 70) (67 76 72) (77) (73 78) (69) (73 77 80)
 (81 75) (81 78 71) (75 80) (82 83 84 79) (82 84 79) (85 86) (87) (86) (89 85)
 (89 87) (91 88) (92) (92) (92) (95) (93 95) (90 92) (97 98 94) (99) (100)
 (100) (97 98 96) (100 103) (102 104) (105) (106) (106) (108) (108) (109 110)
 (107 101 110) (112) (109 101 110) (113 114 111) (109 101 110) (115 116)
 (113 116 111) (117 118) (119) (120) (115 118) (122 119) (114 116 111 112)
 (124 119) (123 125) (126 120) (127) (127) (127) (123 125) (131 128)
 (121 129 132 130) (133) (130 132) (133 135) (136) (121 135) (138 133)
 (139 134 136) (133 135) (138 141 134) (137 139 141) (140 143) (142 144) (145)
 (142 143) (147) (146 148) (148 144) (149 150) (151) (148) (153 152) (154)
 (155) (154) (155 157) (158) (159) (158) (161 159) (161 159) (162 163 156)
 (164) (164) (166) (166 160) (165 168) (165 168) (166) (171 165 167 160)
 (170 171) (170 171 167) (169 174) (173 175) (172 176) (175) (177 178) (179)
 (172 173 175) (179 181) (182) (180 183) (172 175) (185 184) (186) (187) (186)
 (185 180 182) (190 184) (188 189 191) (191) (193 189) (194 187) (195)
 (195 188) (197) (198 192) (199) (199) (201) (197) (202 203) (204) (205 200)
 (206) (207) (208) (209 196) (210) (196 208) (212) (211 213) (211 213) (213)
 (214 216) (210 212) (218 211 216) (218) (217 220) (217 220) (219 222 215)
 (219 222 215) (223 224) (225 221) (225 221) (225 221) (226 227 228) (228)
 (229 230) (229 230) (231 232) (233) (227 228) (235) (236 232) (236 230)
 (234 237 238) (239) (240) (239) (242 240) (241 243) (242 240) (244 245) (245)
 (243 247) (244 247) (247) (249 250 248) (244 247) (251 252 246)
 (249 250 252 248) (246 254) (251 255) (255) (257 251) (258 253 256) (246 254)
 (257 260 253) (258 261) (259 262) (258 261) (262 264) (265 256) (266)
 (266 259) (268 263) (267 269) (267 268) (269 271) (272) (273) (273) (271 263)
 (273 276) (273 276) (277 278) (270 279) (274 275 279) (274 270 279) (281 282)
 (283) (282) (277 278) (281 282 286) (274 275 270 279 286) (283 288)
 (283 288 280) (289 290 287) (289 290) (292 284) (293 285 287) (290 285)
 (283 288 280) (291 292 285 296) (297 293 295) (298) (297) (292 284 296)
 (298 301) (300 294 302) (300 294 302) (297 301 295) (305 299 304) (306)
 (305 303) (307 308) (309) (309) (310 311) (311) (313 312) (300 301) (315 310)
 (313 315 312) (315 310) (314 316 317 318) (319) (320) (321) (322) (321) (322)
 (325) (323 326 324) (325 324) (328) (329 323) (329 323 326) (331) (330 332)
 (333) (329 327) (332 335) (327 328) (337 334) (329 337) (339 333 335)
 (339 336) (338 339 335) (330 339) (340 342 343) (342 343) (345 340) (346 341)
 (345 341) (348 340) (347 349) (350) (351) (352) (353) (354) (355) (355)
 (357 344) (358) (359) (358) (356 358) (361 362 359) (363) (364) (363) (359)
 (367 364) (368) (369 360) (368) (371 366 369) (372 360) (372 365 360) (374)
 (375) (370 375) (370 372 365) (378 373 375) (377 379 376) (380) (377 379)
 (380 382) (379 376) (380 382 384) (381 383 384) (386) (387) (385 388) (387)
 (388 390) (391) (392) (385 393) (385 393) (395 389) (395 389) (395 389)
 (397 398) (389 391) (400) (401 398) (397 398 400) (403) (401 396 404)
 (402 405) (394 405 402) (394 405 399) (396 404 399) (401 394 409)
 (410 407 408) (410 405) (412 408) (411 412) (409) (413 415) (411 415)
 (412 415 408) (406 415 414) (419 416) (418 420) (421) (422) (418 420)
 (417 423 424) (418 419 416) (425 426) (427) (426 422 424) (427 429) (430)
 (431) (432) (431) (428 429) (435 431) (434 435) (437) (438 432) (427 429)
 (433 435 440) (441 439) (442) (441 439) (443 436 444) (445) (446)
 (442 436 444) (448) (449 443) (450 447) (450) (451 452) (441 436) (446 454)
 (451 454) (443 444 454) (457 453 456) (457 447 448) (459 452 455 456)
 (459 453 456) (461) (462 455) (461) (464) (458 464) (465 466 460) (467)
 (462 455 464) (460 469) (468 470) (471) (472) (465 466 470 463) (474 471)
 (474 467) (473 476) (477) (478) (479) (478) (481 475 480) (481 475 479)
 (482 483) (484) (485) (486) (487) (488) (489) (490) (489) (491 492) (492)
 (491 494) (494) (496) (494) (497 498) (490 499))