(NIL (1) (1) (3) (2 4) (5) (3) (5) (8) (6 8) (9) (8) (11 12) (11 12 6) (14 7)
 (13 15) (12 7) (17 10 16) (18) (19) (20) (21) (22) (18) (22 24) (23 24)
 (23 24) (27) (22 24) (29) (25 28 30) (26 28 30) (25 32) (28 29) (25 34 30)
 (35 31) (26 36) (36) (36 32) (33 39) (33 39) (41 37) (42) (43 38 40)
 (33 34 31) (45 38) (46 40) (41 45 37 38) (48 40) (47 48) (50 44) (50 44)
 (51 52) (50 44) (50) (44 55) (49 52 54 56) (52 55) (57 58) (51 59) (58 51)
 (58 53) (49 58 56) (60 53 63) (61 60 53 63) (65 64) (65 64) (57 63) (65 68 62)
 (68 61 64) (65 70) (71) (66 67 62 72) (73) (73) (70) (67 76 71) (77 69)
 (75 78) (79) (77 69) (81 80) (82) (81 74 80) (81 80) (82 85) (86) (83 84 87)
 (85) (89 84) (82 85) (90 91) (89 74 83 91) (93) (93 87) (90 93 88) (93 86)
 (97 84 94 87) (92 93 88) (97 99 94) (100 96) (99 94 95 96) (101 102) (103)
 (104) (105) (104) (107) (108) (106 109) (97 99 94 95 96) (110 111) (112)
 (113 98) (113) (98 112) (113 116) (117) (118) (113 116) (113 116) (121 117)
 (122 115) (123 118) (114 124) (124) (124 120) (127 126 119) (126 127)
 (129 114 119) (130 125) (131) (132) (133 128) (134) (135) (136) (137) (138)
 (139) (138) (140 141) (133) (140 143) (144) (139 143) (146 144) (147)
 (148 141) (149) (147) (145 149 142 151) (150 152) (153) (154) (155) (155)
 (152) (156 158) (142 151) (154 158 160) (156 160) (162) (146 144) (163 164)
 (154 164 158 160) (164 156 157 158 160) (163 167) (168) (169 166) (170) (171)
 (171 165 159) (170) (171 174 159) (161 172 175) (172 174 159) (171 174 159)
 (178 176) (179 165) (180 173) (181) (180 173) (183) (184) (177 185) (186 181)
 (182 184) (177 188) (189) (186 188) (187 191) (186 188) (193)
 (194 187 189 191) (195 192) (195 190) (196 197) (198) (199) (200) (198) (194)
 (203 196) (202 204 200) (205) (201 206) (202 203) (208 200) (201 209 205)
 (210) (210) (211 212) (213 206) (213) (214 215) (207 216) (217) (215 207)
 (217 219) (206 215) (217 219 221) (212) (223 207 216) (217 224) (225 218 220)
 (226 221) (226 222) (228) (229) (227 230) (231) (227 230) (233 231) (221 223)
 (235 232) (233 236) (237) (236) (233 236) (237 240) (241 234) (242) (243)
 (234 238 240) (243 245 239) (246) (247) (248) (248) (250) (251) (251)
 (249 252 253) (254) (255) (256) (256) (258) (254) (258 260) (257 259 261)
 (244 262) (260 259 244) (261 264) (257 265) (266) (267 263) (268) (269) (269)
 (269) (266) (273 269) (274) (274) (276) (277 271) (270 278) (276 271) (280)
 (273 272) (281 282 275 279) (274 282) (284 279) (282 275 277 280) (283 286)
 (281 270 286) (283 288) (289 285) (289) (284 288) (292 278) (291 293)
 (290 294 287) (295) (295) (297) (298 296) (299) (299) (301) (300 301)
 (292 287) (302 304) (300 304) (305 306) (305 306) (308) (300 301 304)
 (307 310) (308 311) (303 312) (313) (314 309) (315) (314 309) (315 317) (318)
 (315 317) (320) (313) (321 322 316 319) (321 322 316) (321 322) (316 318 325)
 (324) (327 319) (323 328 325) (323 327) (326 329 330) (331) (332) (332)
 (333 334) (334) (332) (337 334) (338 333) (338 333 336) (340) (339 341) (341)
 (343 342 335) (337 333 334) (345 340 335) (346 342) (347 344) (347) (349 344)
 (350) (345 339 340 335) (349 352) (353 351) (354) (354) (354) (353 350)
 (358 351) (355 348 359) (356 358) (355 358) (362 360) (363) (364)
 (361 365 357) (366) (361 365 357) (364) (369) (361 370) (369 366) (370 372)
 (371 373 367) (374 368) (375) (373 367) (377 368) (377 368) (377 371)
 (380 376) (380 374) (380 375) (383 376) (378 382 383 376) (385 379)
 (378 382 383) (386 387 381) (388 384) (388 384) (390) (389 391) (392) (393)
 (394) (392) (391) (395 397) (396 398) (399) (400) (400) (396 398) (398)
 (402 404) (405) (401 406) (403 406) (408) (409 407) (410) (409) (412 407)
 (410 413) (414) (415) (415) (417 416) (418) (418 411) (420) (420) (422) (422)
 (424) (425 423) (426) (427) (419 428 421) (419 428) (420) (430 431) (427 431)
 (433 429) (434) (434) (434 430) (428 431) (433 421 438) (434 438)
 (419 421 438) (441 434 439 432) (442 435 436 437) (443) (442 435 436 440)
 (445 437) (446) (441 436 437) (445 448) (449 446) (450) (451 447) (451 444)
 (452 453) (453 447) (452 453) (455 456) (457) (457) (459) (458 459) (456)
 (458 459 454 462) (458 459 462) (463 464) (459 462) (466 464)
 (467 460 461 454) (468 463) (469) (465 470) (470) (465 472) (473) (474) (472)
 (473 476) (477 471) (474 478) (475 479) (479) (465 472) (474 477 482)
 (483 480) (482 480) (485) (481 486) (484 487) (488) (481 483 485) (490 488)
 (491) (490 487) (493 488) (489 492 494) (489 492 493) (496) (497 495)
 (494 496) (497 499))