(NIL (1) (1) (3) (2 3) (2 3) (4) (7 6) (8 5) (8) (7 6) (8 11) (7) (13 5 6)
 (10 12 13) (15) (15 5) (17) (18 9 14 16) (18) (14 15) (19 21) (21 16) (19 23)
 (24) (24) (25 26 22) (26) (20 28) (29) (20 19 23) (25 28 31) (31) (33)
 (34 27 30) (35) (33 29) (22 37 32) (35 32) (36 39 38) (40) (41) (42) (43) (43)
 (45) (44 46) (47) (48) (47) (48 50) (39) (48 52) (53) (49 54) (55 50) (53 50)
 (57 55 51) (57 55 51) (59) (59) (58 61 56) (60 62) (60 61 56) (62 64) (65)
 (66) (61) (58 68 64) (67 69 63) (68) (66 71) (70 72) (73) (74) (67 69 71 63)
 (75 76) (75 76) (78) (79) (80) (81) (82) (82 77) (82 77) (85) (78) (81 87)
 (86 88) (88) (89 90 83) (86 87) (90 92 84) (92 91 84) (83 84 87) (93 94 95)
 (90 92 95) (97 91) (98) (98) (100) (99 100 96) (102) (102) (97 91 93)
 (105 103 104) (105 104) (106 107) (108 101) (109) (110) (110) (112) (113 111)
 (114) (115) (116) (117) (118) (118) (114) (121 117) (122 119 120) (122 118)
 (122 118) (123 124 125) (126) (127) (127) (129) (129 128) (127) (129 132)
 (133 128) (130 134) (131 132) (136) (137 133) (138) (139) (139) (141 135)
 (142) (142) (144) (145) (146 143) (147) (144) (146 149 143) (147 150)
 (147 140 150) (147 150) (153 140 148 151) (154) (153 148 151) (155 156) (157)
 (158) (158) (140 156) (161 155) (161 158) (163 160) (164 152) (165) (166)
 (167) (168) (165 159) (162 166 170) (165) (172 159) (169 171 173) (174) (175)
 (176) (176) (178) (179) (179) (177 179) (180 182) (183) (184) (181 183) (186)
 (182) (188 183) (186 188) (188 183) (187 189 191) (192 184) (185 190 192)
 (180 181 188) (193 195 190) (185 196) (196) (194 197 198) (199) (197 198)
 (185 195) (202 196) (203 200) (201 204) (201 204) (206) (194 203 197)
 (204 208) (209) (210 206) (211 205) (208 200) (206 208) (211 213 214 207)
 (204 208) (211 205 214 216) (217 207) (217 212 213 207) (213 214 216) (220)
 (212 213 207 216) (214 222) (217 223) (218 219 221 224) (225)
 (218 219 222 215) (226 227) (221 224) (226 229) (230 227) (231) (228 232)
 (228 232) (228 232) (235) (233 234 236) (237) (238) (234 236) (240) (240)
 (242 239) (243) (242) (245 237) (241 243 245) (246 247) (246 247) (243 245)
 (241 250) (250 248) (244 252) (253) (249 250 244) (254 255) (251 256)
 (251 256) (257 258) (259) (260) (257 258) (260 262) (263) (261 263) (265)
 (266) (265 264) (268) (263) (269 270) (267 269 270) (272) (273) (274)
 (273 271) (276) (275 277) (272) (278 279) (280) (274 276 279) (282 278) (283)
 (281 284) (285) (286) (286) (288) (288) (285) (291) (292 287 288) (291 286)
 (289 291) (295 292 294 287) (290 293 296) (297) (298) (299) (300) (296)
 (290 302) (301 303) (304) (305) (305) (307) (305) (309) (309) (300 303)
 (306 308 310 311 312) (308 311 312) (309 312) (315 311) (306 316)
 (313 314 316) (317 318) (317 318) (320) (321) (322) (321 319) (314 315)
 (322 324 325) (326) (327) (328) (323 328) (326) (331 328) (332) (333)
 (323 334) (334) (329 330 336) (329 333) (338 323) (339) (337 340) (341 335)
 (342) (340 336) (342 344) (342 344) (341 344) (340 335) (346 348) (349) (350)
 (345 351) (351) (345 346 348 343) (354 351) (353 354 347) (356) (357) (358)
 (358 352) (360) (355 360) (362 359) (361 363) (362) (363 365) (361 366) (367)
 (367) (369 368) (364 365) (363 365) (361 365 359) (369 373 368) (370 364 374)
 (375) (371 372 375) (377) (378) (378 376) (380) (380) (380) (379 383) (384)
 (382 384) (386) (387 381) (385 388) (383) (388 390) (385 381 390)
 (385 381 390) (393 389 391) (385 388 390) (395) (386 381 390) (393 388 397)
 (398) (398 391 392) (394 396 400) (401) (401) (402 403) (404 399) (404) (406)
 (405 407) (408) (405 406) (410 408) (410) (412) (409 411 412) (412 408)
 (413 414 415) (412 408) (417 411) (409 417 415) (419 416) (418 420) (420)
 (418 422) (423) (418 422) (425 421) (426) (425 421 423) (425) (429 424)
 (427 430) (426 428 430) (431 432) (426 430) (434 428) (435) (427 436)
 (437 432) (438) (438 431) (433 439 440) (441) (441) (443) (442 444) (445)
 (445) (447) (447) (449) (450) (444) (450 452) (451 452 446) (438)
 (454 455 448) (456) (457 453) (458) (459) (458) (457 453) (456) (461 462 463)
 (460 464) (465) (466) (464) (459 463) (469 464) (467 468 470) (466 470)
 (467 470) (473 468) (474 472) (475 471) (476) (465 468 470) (473 478 471)
 (476 479) (477 480) (480) (482 477) (479) (483 484) (481 485) (481 482 484)
 (485 487) (485 487) (481 482 484) (490 483) (490) (490 483) (490 483)
 (489 491 493 494 488) (495) (496) (497 492) (497 492) (499 486))