(NIL (1) (2) (3) (4) (4) (3) (4 7) (5 8) (9) (10) (11 6) (11) (11) (12 13 14)
 (15) (16) (17) (18) (16) (18 20) (21) (22) (23) (21) (25 23) (26 24) (19 27)
 (26 19 24) (29) (27 30) (28 29) (31 32) (31 32) (34) (34) (33 34) (37)
 (35 36 38) (39) (39) (41 40) (42) (43) (41) (44 45) (46) (47) (46) (46)
 (50 47) (51 48) (49 52) (49 52) (49 51 48) (55) (53 54 56) (57) (58)
 (53 54 55) (59 60) (61) (61) (62 63) (59 60) (65 64) (66) (67) (68) (68)
 (69 70) (69 70) (71 72) (73) (71 72) (73 75) (76) (77) (77) (74 78 79) (78 79)
 (81 74) (78 79) (81 74 83) (84 80) (85) (85) (82 87) (88) (89 86) (89 86)
 (90 91) (92) (92) (94) (94) (93 96) (97) (98 95) (99) (100) (99) (101 102)
 (101 102) (103 104) (103 104) (106) (105 107) (105 106) (106) (107 109 110)
 (111) (108 112) (112) (114 108) (113 115) (115) (113 117) (116 118) (119)
 (120) (121) (122) (123) (124) (124) (125 126) (126) (127 128) (129) (130)
 (131) (132) (133) (134) (135) (136) (134) (138 136) (137 139) (140) (141)
 (142) (142) (142) (145 144) (145 143 144) (146 147) (148) (149) (148) (151)
 (150 152) (150 152) (154) (155) (153 156) (157) (158) (159) (160) (161) (162)
 (161) (164) (163 165) (166) (166) (167 168) (168) (163 165) (169 170 171)
 (172) (172) (169 170 171) (172 175) (174 176) (177 173) (178) (179) (178)
 (181) (180 182) (180 182) (184) (181) (186 184) (185 187 183) (188) (189)
 (189) (190 191) (192) (193) (192) (194 195) (196) (197) (198) (198) (200)
 (201) (202 199) (203) (204) (205) (206) (204) (208) (209 207) (210) (211)
 (211) (207 208) (213 214) (212 215) (215) (217 212) (218 216) (217) (220 216)
 (219 220) (222) (223) (223) (225 221 224) (226) (221 223) (226 228) (225 228)
 (229 230) (231) (227 232) (233) (234) (235) (236) (237) (238) (238) (240)
 (241) (241) (242 243 239) (244) (245) (246) (242 243) (245 248) (249 246))