(NIL NIL (2 1) (3) (3) (3) (6) (4 5 7) (8) (9) (9) (5 7) (12) (10 11 13) (14)
 (14) (15 16) (17) (17) (18 19) (19) (18 21) (20 22) (23) (24) (25) (26) (27)
 (27) (24) (29 30) (31) (32) (31) (34 28 32) (33 34 28) (31) (36 37) (34 37 32)
 (33 35 39) (36 39) (35 37) (38 40) (43 41 42) (44) (45) (43 42) (45 47)
 (46 48) (49) (50) (51) (52) (53) (53) (51) (55 56) (57) (58) (59) (57)
 (60 61 54) (60 61) (60 61) (54 63 64) (65) (66 62) (66 62) (68) (69) (67 70)
 (71) (71) (73 72) (65 62) (74 75) (76) (77) (78) (77) (78 80) (81 79) (78 80)
 (78 80) (82 83 84) (85) (86) (86) (87 88) (89) (89) (89) (91 92) (90 93) (94)
 (90 93) (94 96) (94 96) (98 95) (97 99) (98 95) (97 98) (100 101 102) (103)
 (104) (105) (101 102) (106 107) (107 104) (105 109) (110) (106 111) (112)
 (112) (108 110) (114 115) (116) (117) (116) (113 117 119) (118 120) (121)
 (122) (123) (122) (121) (123 125 126) (123 125 126) (127 128) (129 124)
 (129 124) (131) (130 132) (131) (130 134) (135) (132 136) (137 133) (137 133)
 (139) (138 140) (141) (142) (143) (143) (145) (146) (146 144) (145 144)
 (147 149) (148 150) (148 150) (151 152) (147 149) (154 151 152) (153 155)
 (156) (157) (158) (157) (160) (161 159) (162) (163) (164) (165) (166) (166)
 (168) (169 167) (169) (170 171) (172) (173) (166) (172 175) (173 176)
 (174 175) (174 175) (179 176) (178 180) (177 181) (182) (183) (182) (185 183)
 (186 184) (187) (188) (188) (189 190) (191) (192) (190) (194 192) (195)
 (193 196) (196) (198) (199) (197 200) (197 199) (193 199) (201 203)
 (201 202 203) (205) (206) (207) (204 208) (209) (204 207) (209 211) (211 208)
 (213) (210 213) (212 215) (214 215) (210 213) (217 218 212) (219) (220)
 (218 214) (221 222) (223 216) (221 222 216) (225 223) (226) (226 224)
 (227 228) (229) (229) (230 231) (232) (231) (233 234) (235) (236) (236)
 (237 238) (239) (240) (241) (241) (242 243) (244) (244) (246) (247) (245 248)
 (249))