(NIL NIL NIL (3 2 1) (3 2) (5 1) (5 1) (7) (8 6) (9) (10 4) (9 4) (11 12)
 (11 12) (3 2) (15 13 14) (16) (17) (16) (19) (20) (17 21) (22) (18 22) (24)
 (25) (26 23) (27) (28) (28) (30) (31) (29 30) (33 32) (33 31) (34 35) (33 32)
 (36 37) (38) (39) (40) (41) (41) (42 43) (44) (45) (44) (46 47) (48) (49) (50)
 (49) (51 52) (53) (49) (51 55) (53 56) (57) (57) (57) (58 59 60 54) (61)
 (60 54) (58 63) (64) (65 61) (62 64) (62 63) (67 68) (66 69) (70) (71)
 (66 67 68) (73 71) (74) (74) (76 72) (75 77) (78) (78) (80) (81 79) (82) (83)
 (84) (84) (85 86) (87) (88) (89) (89) (90 91) (92) (93) (94) (95) (95) (97 96)
 (97 96) (98 99) (100) (99) (101 102) (103) (104) (105) (106) (107) (107) (109)
 (108 109) (110 111) (112) (109) (114 112) (113 114) (115 116) (117) (118)
 (118) (120) (117) (121 122) (123 119) (124) (124) (125 126) (127) (128) (129)
 (130) (131) (130) (132 133) (123 119) (135 127) (134 136) (137) (134 136)
 (131 133 136) (138 139 140) (141) (142) (143) (138 140) (145 144) (146)
 (145 144) (148) (148) (147 148) (149 150 151) (152) (152) (152) (154 155)
 (156) (153 156) (157 158) (158) (157 160) (161 159) (157 160) (163 159)
 (162 164) (165) (166) (167) (167) (169) (170) (171 168) (171) (171 168)
 (172 173 174) (175) (172 174) (177 176) (178) (179) (180) (181) (182) (181)
 (183 184) (185) (185) (187) (186 188) (189) (190) (191) (192) (193) (194)
 (195) (196) (196) (198) (197 199))