(NIL (1) NIL (3 2) NIL (5 4) (6) (7) (6) (9 7) (10 8) (11) (10) (11 13) (14)
 (15) (12 16) (16) (17 18) (19) (20) (21) (21) (23) (22 24) (25) (26) (27) (28)
 (29) (26) (28 31) (30 32) (30 32) (34) (35) (33 36) (37) (37) (35) (39 40)
 (41) (42 38) (43) (42 38) (43 45) (44 46) (47) (48) (49) (50) (49) (50 52)
 (51 53) (54) (53) (55) (56 57) (58) (58) (60) (59 60) (62) (61 63) (63) (63)
 (66 64) (67) (68) (69) (67) (65 70 71) (72) (69 71) (74 72) (73 75) (75)
 (76 77) (73 77) (78 79) (78 79) (81) (81) (82 83 80) (84) (83 80) (86) (84 87)
 (85 87) (89) (90) (90 88) (90) (92 93) (94) (91 94) (96) (97) (98 95) (99)
 (98 95) (99 101) (100 102) (100 102) (100 101) (105 104) (105 103) (107)
 (106 108) (109) (110) (111) (112) (113) (114) (115) (116) (117) (118) (119)
 (120) (120) (121 122) (123) (124) (125) (126) (127) (128) (129) (129) (129)
 (130 131 132) (133) (133) (133) (134 136) (137) (138 135) (137 135) (138 140)
 (139 141) (142) (143) (139 141) (145) (146 143) (146 144) (147 148) (148)
 (150) (151) (149 151) (153 152) (149 151) (153 155 152) (153 155 152)
 (154 157) (154 157) (156 158 159) (160) (161) (162) (163) (164) (165) (166)
 (167) (168) (169) (170) (170) (171 172) (173) (174) (174) (176) (177 175)
 (178) (179) (180) (179) (180 182) (181 183) (184) (185) (186) (184) (187 188)
 (188) (187 190) (191) (189 192) (189 191) (194 192) (193 195) (195) (196 197)
 (198) (198))