(NIL (1) NIL (3 1) (2 4) (5) (6) (7) (8) (9) (10) (10) (11 12) (12) (13 14)
 (11 12) (15 16) (13 16) (18 15) (19) (19) (15 16) (17 21 22) (20 23) (24) (24)
 (26) (27) (28) (29) (30) (31) (31) (25 31) (33 34) (35) (33 34 32) (37)
 (36 38) (36 37) (38 40) (40) (42 39) (38 40) (43 44) (42 44 39) (46) (45 47)
 (48) (41 45 46) (50 48) (50 48) (49 52) (51 53) (51 52) (49 55) (51 52)
 (57 54 56) (57 54 56) (59) (60) (58 61) (62) (63) (64) (65) (66) (65) (66 68)
 (67 69) (69) (70 71) (72) (73) (74) (75) (76) (77) (75) (77 79) (78 79) (81)
 (82) (83) (84 80) (85) (85) (87) (88) (86 88) (86 88) (89 91) (92) (93) (94)
 (90 95) (90 95) (97 96) (97) (99 96) (98 100) (101) (99 96) (103) (101 104)
 (102 103) (105 106) (107) (108) (108) (108) (109 110 111) (112) (113) (114)
 (115) (116) (117) (118) (113) (118 120) (121 119) (117 120) (122 123) (124)
 (125) (124) (127) (126 128) (128) (130 126) (130) (131 132) (129 132)
 (133 134) (131 134) (136) (135 136) (137 138) (139) (139) (140 141) (142)
 (143) (144) (145) (146) (147) (148) (149) (150) (151) (152) (152) (152)
 (153 155) (156) (157) (158) (154 158) (159 160) (161) (159 160) (160)
 (162 163 164) (165) (165) (166 167) (168) (169) (170) (171) (171) (173)
 (172 174) (175) (175) (177) (178) (179 176) (180) (179) (180 182) (181 183)
 (183) (185 181) (186) (187) (185 184) (189) (188 190) (191) (192) (193) (194)
 (193) (194 196) (197) (197) (195 199))