(NIL NIL (1) (2) (4 3) (2 3) (5 6) (7) (8) (4 3) (10 8) (9 11) (12) (12)
 (13 14) (13 14) (15 16) (17) (18) (19) (20) (19) (21 22) (20 22) (24) (25 21)
 (26) (27 23) (28) (27 23) (29 30) (31) (32) (32) (33 34) (32) (35 36) (37)
 (37) (36) (33 34 40) (41 38 39) (35 40) (43 38 39) (42 44) (42 43) (45 46)
 (47) (47) (49 48) (50) (51) (50) (47) (52 53 54) (55) (50 54) (57 56) (58)
 (58) (57 56) (61) (62) (60 63) (64) (65 59) (66) (67) (68) (69) (69) (70 71)
 (69) (73 72) (74) (75) (75) (76) (78) (79 77) (79 77) (81) (82) (83 80)
 (81 80) (84 85) (86) (87) (88) (89) (90) (91) (92) (91) (93 94) (95) (95)
 (93 94) (97 98 96) (99) (100) (100) (97 98) (101 103) (102 104) (105) (106)
 (107) (108) (109) (110) (111) (110) (113 112) (114) (115) (114) (117)
 (115 117) (116 119) (120) (121) (122 118) (122 118) (124) (125) (123 126)
 (127) (128) (127) (130 128) (131) (131) (129 132 133) (134) (135) (134) (137)
 (137) (137 135) (138 140 136) (138 140) (142) (142) (139 141 144) (145) (146)
 (147) (148) (149 143) (150) (151) (150) (153 152) (154) (154) (155 156) (157)
 (157) (158 159) (160) (161) (162) (158 159) (162 164) (165) (166) (167)
 (163 168) (169) (170) (163 167) (170 172) (171 173) (174) (175) (176) (177)
 (176) (178 179) (180) (181) (178 179) (180 183) (180 183) (185 184) (186 182)
 (185 182 184) (187 188) (189) (189) (191) (190 192) (192) (194 190) (193 195)
 (196) (197) (198) (198))