(NIL (1) (2) (3) (2) (4 5) (6) (6) (8) (9) (4) (9 11) (12 7) (10 13) (14) (15)
 (15) (17 16) (18) (19) (20) (21) (22) (23) (24) (24) (25 26) (27) (25 26) (29)
 (27 30) (27 29) (27 29) (33 28) (34 32) (34) (35 36 31) (35 36 31) (37 38)
 (39) (40) (40) (40) (42 43) (44) (44) (46) (47) (41 46) (49 45) (50 48) (51)
 (50 47) (50 47) (52 53 54) (54) (55 56) (57) (55 56) (57 59) (60) (58 61) (62)
 (63) (63) (65) (66 64) (67) (66 64) (67 69) (68 70) (70) (71 72) (73) (74)
 (75) (76) (77) (77) (78 79) (78 79) (81) (81) (83 80) (84) (82 85) (82 85)
 (87) (86 87) (89) (90) (90) (91 92) (93) (94 88) (95) (96) (97) (98) (97)
 (99 100) (99 100) (100) (102 103) (101 104) (101 104) (105 106) (99 100)
 (108 104) (105 106 109) (106 108) (107 111) (109 112) (113) (114 110) (115)
 (116) (117) (116) (117 119) (118 120) (118 119) (121 122) (123) (124) (125)
 (124) (125 127) (126 128) (129) (128) (130 131) (132) (126 128) (126 127)
 (130 135) (133 134 135) (137 136) (138) (139) (140) (141) (142) (143) (144)
 (144) (143) (146 147) (145 148) (149) (150) (151) (152) (153) (154) (145 148)
 (155 156) (157) (158) (159) (160) (161) (162) (162) (164) (163 165) (163 165)
 (167) (166 167) (166 167) (170 168) (171) (169 172) (169 172) (174) (173 175)
 (173 175) (177) (178 176) (179) (180) (177 176) (181 182) (183) (183)
 (185 184) (186) (187) (185 184) (189) (188 190) (190) (186 192) (193 188)
 (194) (195) (196 191) (193) (195 198 191) (195 198))