(NIL NIL (2 1) NIL (2 4) (1 4) (3 5 6) NIL (8 4) (2 8) (9 5 10) (8 1) (9 6 12)
 (3 10 12) (13 14 7 11) NIL (16 4) (2 16) (17 5 18) NIL (16 20) (8 20) (20 4)
 (17 23 21) (9 23 22) (2 20) (26 21 18) (26 22 10) (26 23 5) (19 27 24 29)
 (29 28 25 11) (1 20) (32 22 12) (23 32 6) (13 33 25 34) (26 32 3)
 (14 28 33 36) (29 34 7 36) (37 38 15 35 31) NIL (40 20) (16 40) (21 42 41)
 (8 40) (22 44 41) (40 1) (32 46 41) (46 44 12) (47 33 48 45) NIL (40 50)
 (50 20) (51 41 52) (8 50) (51 44 54) (54 22 52) (53 55 45 56) (50 4)
 (23 58 52) (9 58 54) (56 25 59 60) (2 50) (26 62 52) (62 10 54) (63 56 28 64)
 (5 58 62) (63 66 29 59) (64 66 11 60) (61 65 67 68 31) (50 1) (46 51 70)
 (32 70 52) (53 71 47 72) (12 70 54) (55 71 74 48) (56 74 33 72)
 (57 75 73 49 76) (70 58 6) (72 34 59 78) (13 74 78 60) (61 79 76 35 80)
 (70 3 62) (63 72 82 36) (64 74 82 14) (37 65 83 76 84) (66 82 7 78)
 (79 38 83 67 86) (80 15 86 68 84) (87 88 69 39 81 85) NIL (50 90) (40 90)
 (51 91 92) (90 20) (94 91 52) (94 92 41) (53 95 96 93) (8 90) (98 91 54)
 (98 92 44) (55 99 100 93) (94 98 22) (56 95 99 102) (96 100 45 102)
 (103 104 57 97 101) (90 4) (106 91 58) (94 23 106) (95 108 107 59) (9 106 98)
 (107 99 110 60) (108 25 110 102) (103 61 109 111 112) (2 90) (114 91 62)
 (94 114 26) (63 115 95 116) (98 10 114) (115 64 118 99) (116 28 118 102)
 (103 65 119 117 120) (106 5 114) (115 107 66 122) (116 108 29 122)
 (123 67 117 109 124) (118 110 11 122) (123 126 119 68 111)
 (124 126 120 31 112) (69 121 113 125 127 128) (90 1) (130 91 70) (46 92 130)
 (71 131 132 93) (94 32 130) (72 95 131 134) (96 47 132 134)
 (135 136 73 97 133) (98 130 12) (131 74 99 138) (132 138 100 48)
 (139 75 133 101 140) (134 33 138 102) (103 135 139 76 142)
 (104 142 140 49 136) (105 137 141 143 144 77) (106 130 6) (107 146 131 78)
 (108 34 146 134) (79 135 109 147 148) (13 138 110 146) (80 139 147 111 150)
 (142 150 148 35 112) (143 113 149 151 152 81) (130 3 114) (115 82 131 154)
 (116 134 154 36) (135 155 117 83 156) (14 118 138 154) (139 155 119 84 158)
 (37 156 158 120 142) (159 160 121 143 85 157) (146 154 7 122)
 (123 155 162 147 86) (124 156 162 148 38) (87 163 164 125 149 157)
 (15 126 162 158 150) (159 88 163 166 127 151) (160 164 166 39 128 152)
 (161 165 167 168 89 129 153) NIL (90 170) (50 170) (91 171 172) (170 20)
 (94 171 174) (174 172 52) (95 175 173 176) (8 170) (98 171 178) (178 172 54)
 (179 99 180 173) (178 22 174) (182 179 175 102) (56 182 180 176)
 (177 103 183 181 184) (170 4) (106 171 186) (186 172 58) (107 188 187 173)
 (186 23 174) (187 108 190 175) (188 190 59 176) (177 189 109 191 192)
 (9 186 178) (194 187 179 110) (194 188 180 60) (195 196 189 111 181)
 (194 25 190 182) (183 195 198 191 112) (61 184 196 198 192)
 (185 113 193 197 199 200) (2 170) (202 171 114) (202 172 62) (115 203 173 204)
 (26 174 202) (203 116 206 175) (63 204 206 176) (177 117 207 205 208)
 (178 10 202) (203 118 179 210) (64 210 180 204) (211 212 205 119 181)
 (28 206 210 182) (183 211 214 207 120) (184 65 214 208 212)
 (213 215 216 185 121 209) (186 5 202) (203 187 218 122) (204 188 66 218)
 (123 219 205 189 220) (206 29 190 218) (219 124 222 207 191)
 (220 222 67 208 192) (221 223 224 125 193 209) (194 218 11 210)
 (211 219 195 126 226) (212 226 196 68 220) (213 221 227 228 127 197)
 (222 214 198 31 226) (215 223 227 230 128 199) (216 69 224 228 230 200)
 (201 217 225 229 231 232 129) (1 170) (130 171 234) (234 172 70)
 (235 131 236 173) (32 174 234) (238 235 175 134) (72 238 236 176)
 (177 135 239 237 240) (178 234 12) (235 138 179 242) (74 242 180 236)
 (243 139 237 181 244) (238 33 242 182) (183 239 246 243 142)
 (184 244 246 76 240) (185 143 241 245 247 248) (186 234 6) (187 146 235 250)
 (188 250 236 78) (147 189 251 237 252) (238 250 190 34) (239 251 148 191 254)
 (79 240 254 252 192) (255 256 241 149 193 253) (13 194 242 250)
 (251 195 258 243 150) (258 80 196 244 252) (259 260 245 151 197 253)
 (258 254 198 35 246) (255 259 262 247 152 199) (256 260 262 248 81 200)
 (201 257 261 263 264 153 249) (234 3 202) (203 266 154 235) (266 204 82 236)
 (267 205 155 268 237) (266 206 238 36) (239 267 207 156 270)
 (240 270 83 208 268) (269 271 272 241 209 157) (266 14 242 210)
 (211 267 274 243 158) (212 274 268 84 244) (159 213 269 275 276 245)
 (37 270 214 274 246) (160 215 271 275 278 247) (216 272 276 278 248 85)
 (161 217 273 277 279 280 249) (266 250 7 218) (219 267 162 251 282)
 (220 282 268 252 86) (163 221 269 283 284 253) (270 38 222 282 254)
 (255 164 223 271 283 286) (87 256 224 272 284 286)
 (287 288 257 165 225 273 285) (274 282 15 258 226) (290 259 166 227 275 283)
 (88 290 260 228 276 284) (291 292 261 167 229 277 285)
 (290 262 39 230 278 286) (287 291 294 263 168 231 279)
 (288 89 292 294 264 232 280) (289 293 295 296 169 233 281 265) NIL (298 170)
 (90 298) (171 300 299) (50 298) (172 299 302) (91 300 302) (303 304 173 301)
 (40 298) (306 300 92) (306 51 302) (307 304 93 308) (298 20) (310 174 299)
 (94 300 310) (311 312 175 301) (310 52 302) (303 311 314 176) (304 95 312 314)
 (177 305 313 315 316) (310 41 306) (307 318 312 96) (53 308 314 318)
 (309 320 97 319 316) (8 298) (178 322 299) (98 322 300) (323 179 324 301)
 (54 322 302) (303 323 180 326) (304 99 324 326) (327 328 305 325 181)
 (322 44 306) (307 330 100 324) (55 308 330 326) (328 309 331 332 101)
 (310 322 22) (311 334 323 182) (312 334 324 102) (183 335 313 325 336)
 (56 334 314 326) (327 184 335 338 315) (103 328 338 336 316)
 (317 185 329 337 339 340) (318 330 45 334) (104 319 342 331 336)
 (57 320 338 332 342) (343 344 105 321 333 340) (298 4) (186 299 346)
 (106 300 346) (187 348 347 301) (346 58 302) (303 347 188 350)
 (304 107 348 350) (349 305 189 351 352) (310 23 346) (354 311 347 190)
 (348 354 312 108) (349 355 356 313 191) (354 314 59 350) (355 358 351 315 192)
 (356 352 109 358 316) (317 357 359 360 353 193) (9 346 322) (194 347 323 362)
 (362 348 324 110) (195 364 349 363 325) (362 60 350 326) (327 363 196 366 351)
 (328 364 366 111 352) (353 329 365 367 368 197) (354 25 362 334)
 (335 370 355 363 198) (364 336 356 370 112) (357 365 337 372 371 199)
 (61 370 338 358 366) (359 367 371 339 374 200) (340 113 360 368 372 374)
 (201 361 341 369 373 375 376) (2 298) (378 299 202) (378 300 114)
 (203 379 301 380) (62 378 302) (303 204 379 382) (115 304 382 380)
 (384 305 383 205 381) (310 378 26) (379 311 206 386) (116 312 386 380)
 (387 207 381 313 388) (63 382 314 386) (387 390 383 208 315)
 (388 117 390 384 316) (389 391 392 317 209 385) (322 10 378) (379 394 323 210)
 (380 118 324 394) (211 395 381 325 396) (64 382 394 326) (327 212 398 383 395)
 (328 398 119 384 396) (213 397 399 400 329 385) (28 386 394 334)
 (335 387 214 395 402) (336 396 402 120 388) (389 215 397 403 404 337)
 (65 338 402 390 398) (391 216 399 403 406 339) (392 400 121 404 406 340)
 (217 393 401 405 407 408 341) (346 5 378) (379 347 410 218) (380 348 410 122)
 (219 411 381 349 412) (382 66 350 410) (411 220 414 383 351)
 (123 412 414 384 352) (353 221 413 415 416 385) (354 410 29 386)
 (387 411 355 222 418) (124 412 356 418 388) (419 420 389 357 223 413)
 (390 67 358 414 418) (419 422 391 224 359 415) (420 422 392 360 125 416)
 (421 423 424 393 225 361 417) (362 410 11 394) (395 411 363 426 226)
 (396 364 126 426 412) (427 428 397 227 365 413) (398 426 366 414 68)
 (427 430 399 228 367 415) (428 430 400 127 368 416)
 (429 431 432 401 229 369 417) (370 418 426 31 402) (419 427 434 403 230 371)
 (420 428 434 404 128 372) (421 429 435 436 405 231 373)
 (422 69 430 434 406 374) (423 431 435 438 407 232 375)
 (424 432 436 438 408 129 376) (377 233 425 433 437 439 440 409) (298 1)
 (442 234 299) (442 130 300) (443 235 444 301) (442 70 302) (303 443 236 446)
 (304 131 444 446) (447 448 305 445 237) (442 46 306) (307 450 132 444)
 (71 308 450 446) (448 309 451 452 133) (310 32 442) (311 454 443 238)
 (454 312 444 134) (239 455 313 445 456) (72 454 314 446) (447 240 458 315 455)
 (135 448 458 456 316) (317 449 241 457 459 460) (318 450 47 454)
 (136 319 462 451 456) (458 73 320 452 462) (463 464 137 321 453 460)
 (442 322 12) (443 466 242 323) (466 138 324 444) (467 243 445 325 468)
 (446 466 74 326) (327 447 467 244 470) (328 470 139 468 448)
 (469 471 472 449 329 245) (450 466 330 48) (451 474 331 140 468)
 (474 470 75 332 452) (333 472 475 476 141 453) (466 454 33 334)
 (335 455 478 467 246) (336 478 456 468 142) (469 479 480 247 337 457)
 (458 478 338 76 470) (471 459 479 482 248 339) (472 460 143 480 482 340)
 (473 481 483 341 249 461 484) (478 474 462 49 342) (343 463 480 475 144 486)
 (344 464 476 482 77 486) (345 465 477 145 484 487 488) (346 442 6)
 (490 347 250 443) (490 348 444 146) (491 251 349 492 445) (490 446 350 78)
 (447 491 252 351 494) (448 494 147 492 352) (495 496 353 449 253 493)
 (354 490 34 454) (455 355 498 491 254) (498 456 356 148 492)
 (255 499 500 357 457 493) (79 498 458 358 494) (495 256 499 502 359 459)
 (496 500 502 360 149 460) (257 501 503 504 497 361 461) (13 362 490 466)
 (506 491 363 258 467) (506 364 468 492 150) (259 469 507 508 365 493)
 (506 80 494 366 470) (495 260 471 507 510 367) (496 472 508 510 368 151)
 (497 261 473 509 511 512 369) (506 370 498 35 478) (499 262 507 479 514 371)
 (500 508 480 514 152 372) (501 263 509 481 515 516 373)
 (482 502 510 514 81 374) (503 264 511 483 518 515 375)
 (504 512 516 518 153 376 484) (377 485 265 513 517 519 520 505) (442 3 378)
 (379 522 266 443) (522 380 154 444) (523 381 267 524 445) (522 382 82 446)
 (447 523 383 268 526) (448 526 155 384 524) (527 528 269 449 385 525)
 (522 454 36 386) (387 455 530 523 270) (388 530 524 156 456)
 (389 531 532 271 457 525) (458 390 83 530 526) (527 531 534 272 391 459)
 (528 532 534 460 157 392) (529 393 533 535 536 273 461) (522 14 466 394)
 (395 523 274 467 538) (396 538 524 468 158) (469 397 539 540 275 525)
 (526 398 538 84 470) (527 471 399 539 542 276) (159 528 540 472 400 542)
 (529 473 541 543 544 401 277) (37 478 530 538 402) (479 531 539 403 546 278)
 (160 532 480 540 404 546) (533 481 541 405 547 548 279)
 (534 406 542 482 546 85) (535 407 543 483 550 280 547)
 (161 536 544 408 484 550 548) (485 409 537 545 549 551 552 281)
 (522 490 7 410) (411 523 282 491 554) (412 162 554 492 524)
 (283 493 413 555 556 525) (526 494 414 554 86) (495 527 415 555 284 558)
 (496 163 528 416 556 558) (559 560 497 529 285 417 557) (38 498 530 554 418)
 (419 562 531 499 555 286) (420 562 532 500 556 164)
 (287 421 563 501 533 557 564) (87 562 534 502 422 558)
 (559 288 423 566 503 535 563) (560 564 165 566 504 536 424)
 (289 425 565 567 568 505 561 537) (15 506 538 554 426)
 (290 427 507 570 539 555) (166 428 570 540 508 556)
 (291 429 571 572 541 509 557) (88 430 570 542 510 558)
 (559 543 292 571 431 574 511) (560 544 167 572 432 512 574)
 (561 293 545 573 575 576 513 433) (562 39 570 434 514 546)
 (563 294 571 435 578 547 515) (564 168 572 436 578 548 516)
 (517 565 295 573 437 579 580 549) (89 566 518 574 438 550 578)
 (567 296 575 551 439 582 519 579) (568 169 582 576 440 552 520 580)
 (581 297 553 577 441 583 584 521 569) NIL (586 298) (586 170) (587 299 588)
 (586 90) (587 300 590) (590 171 588) (589 591 301 592) (586 50) (594 587 302)
 (594 172 588) (589 303 595 596) (594 91 590) (591 304 595 598)
 (592 596 173 598) (599 600 593 305 597) (586 40) (602 587 306) (602 92 590)
 (591 307 603 604) (602 594 51) (308 606 595 603) (606 604 93 598)
 (599 607 309 605 608) (586 20) (310 587 610) (174 610 588) (589 311 611 612)
 (94 610 590) (591 614 312 611) (592 614 175 612) (613 593 616 313 615)
 (594 610 52) (595 314 611 618) (612 596 618 176) (613 619 315 597 620)
 (614 95 618 598) (599 622 615 619 316) (177 600 616 622 620)
 (601 317 617 621 623 624) (602 610 41) (318 603 626 611) (614 96 604 626)
 (319 627 615 605 628) (53 618 626 606) (607 630 320 627 619)
 (608 628 97 630 622) (629 631 632 321 609 623) (586 16) (602 42 634)
 (21 610 634) (635 636 626 43) (586 8) (322 587 638) (178 638 588)
 (589 639 323 640) (98 638 590) (591 639 324 642) (592 179 640 642)
 (643 644 593 641 325) (594 638 54) (639 646 595 326) (640 646 596 180)
 (327 647 641 597 648) (642 99 646 598) (599 328 643 647 650)
 (600 650 648 181 644) (601 645 649 651 652 329) (638 602 44) (639 330 603 654)
 (654 642 604 100) (643 655 331 656 605) (55 646 654 606) (607 655 647 332 658)
 (608 658 656 101 650) (333 651 609 657 659 660) (638 22 610) (662 639 611 334)
 (662 182 640 612) (613 335 663 664 641) (614 642 662 102)
 (643 336 615 663 666) (183 644 616 664 666) (667 668 645 617 337 665)
 (56 662 646 618) (663 338 647 619 670) (184 670 648 664 620)
 (671 672 649 621 339 665) (103 622 666 670 650) (667 671 674 651 623 340)
 (668 672 674 185 652 624) (669 673 675 676 653 625 341) (662 654 626 45)
 (663 678 655 627 342) (104 666 656 678 628) (629 343 679 667 680 657)
 (630 57 670 678 658) (344 631 671 679 682 659) (105 632 674 680 682 660)
 (345 633 675 681 683 684 661) (586 4) (346 587 686) (186 686 588)
 (589 347 688 687) (106 686 590) (591 687 348 690) (592 187 688 690)
 (689 593 349 691 692) (686 594 58) (694 687 595 350) (688 188 596 694)
 (695 696 689 351 597) (694 107 690 598) (599 695 698 691 352)
 (600 696 189 698 692) (601 353 697 699 700 693) (686 23 610) (354 687 611 702)
 (702 688 190 612) (613 355 704 689 703) (614 108 690 702)
 (615 356 703 691 706) (704 616 706 191 692) (693 357 617 707 708 705)
 (694 618 59 702) (710 695 703 358 619) (696 192 710 704 620)
 (697 359 705 621 711 712) (622 710 109 698 706) (699 360 707 623 711 714)
 (712 700 708 193 624 714) (701 713 361 709 625 715 716) (17 686 634)
 (636 24 718 702) (9 686 638) (362 687 720 639) (194 720 688 640)
 (721 363 689 722 641) (690 720 110 642) (643 364 721 691 724)
 (644 195 724 722 692) (723 693 726 645 725 365) (694 720 646 60)
 (721 695 728 647 366) (696 728 196 648 722) (723 697 729 730 649 367)
 (728 724 698 111 650) (725 729 699 732 651 368) (726 730 732 652 700 197)
 (733 727 731 701 734 653 369) (702 720 662 25) (721 370 703 736 663)
 (736 704 664 722 198) (723 737 738 705 371 665) (736 724 112 706 666)
 (667 725 737 707 740 372) (668 726 708 738 740 199)
 (669 727 741 739 709 742 373) (61 710 728 670 736) (671 729 737 711 744 374)
 (712 672 730 738 744 200) (673 713 731 739 745 746 375)
 (674 732 113 740 744 714) (675 733 741 748 745 715 376)
 (201 676 734 742 748 746 716) (377 717 750 677 749 735 743 747) (586 2)
 (752 587 378) (202 752 588) (589 379 753 754) (114 752 590) (591 380 756 753)
 (203 592 756 754) (755 593 757 381 758) (594 752 62) (753 382 595 760)
 (204 760 596 754) (761 762 755 383 597) (115 756 760 598)
 (599 761 764 757 384) (600 205 764 758 762) (601 765 766 763 385 759)
 (26 610 752) (753 768 611 386) (768 754 206 612) (613 387 755 769 770)
 (768 614 756 116) (769 388 615 772 757) (772 770 616 207 758)
 (389 771 773 774 617 759) (63 768 618 760) (761 769 390 619 776)
 (762 776 770 208 620) (763 391 771 777 778 621) (772 622 117 764 776)
 (765 392 773 777 780 623) (766 774 778 780 624 209)
 (393 767 775 779 781 782 625) (18 752 634) (636 27 784 768) (638 10 752)
 (753 786 639 394) (754 786 640 210) (395 755 788 787 641) (786 118 756 642)
 (643 396 787 757 790) (211 644 788 758 790) (645 759 789 397 791 792)
 (64 646 786 760) (761 794 787 398 647) (212 794 788 648 762)
 (763 796 399 795 649 789) (794 764 119 790 650) (795 765 798 400 651 791)
 (213 796 798 652 792 766) (793 797 767 799 800 401 653) (28 786 662 768)
 (769 802 787 663 402) (788 770 214 664 802) (771 804 403 789 803 665)
 (802 772 790 120 666) (667 803 773 806 404 791) (668 215 804 806 774 792)
 (793 669 805 807 808 405 775) (794 65 670 802 776) (795 671 803 777 810 406)
 (796 672 810 804 778 216) (797 673 805 811 779 812 407)
 (798 674 806 121 810 780) (799 675 807 811 781 408 814)
 (217 800 676 808 812 782 814) (409 801 677 815 809 813 783 816) (686 5 752)
 (753 818 687 410) (754 688 818 218) (411 755 820 689 819) (818 756 690 122)
 (412 819 757 822 691) (219 822 820 758 692) (693 759 413 821 823 824)
 (694 66 818 760) (761 826 695 414 819) (220 696 826 820 762)
 (763 828 821 697 827 415) (123 826 764 698 822) (827 765 830 699 416 823)
 (828 766 221 830 700 824) (825 829 767 831 832 701 417) (702 29 818 768)
 (769 834 703 819 418) (770 704 222 820 834) (419 771 836 705 821 835)
 (124 772 706 834 822) (420 835 773 838 707 823) (836 223 774 838 708 824)
 (825 421 837 839 840 775 709) (710 67 834 826 776) (827 422 835 777 842 711)
 (828 842 836 224 778 712) (829 837 843 779 844 423 713)
 (830 838 842 125 780 714) (424 831 839 843 781 846 715)
 (846 832 225 840 844 782 716) (717 847 425 833 841 845 783 848)
 (19 718 818 784) (785 834 719 30 850) (786 720 11 818) (787 852 721 819 426)
 (820 852 788 722 226) (853 723 427 789 821 854) (852 822 126 790 724)
 (725 428 791 853 823 856) (726 227 792 824 854 856)
 (793 825 858 727 857 429 855) (794 852 728 68 826) (795 860 430 729 827 853)
 (860 730 228 828 796 854) (829 862 431 731 861 797 855)
 (860 798 830 732 127 856) (857 861 799 831 864 432 733)
 (858 862 832 800 734 229 864) (859 863 801 865 433 833 735 866)
 (802 852 736 31 834) (803 868 434 737 853 835) (836 804 868 230 738 854)
 (869 805 837 870 435 739 855) (868 806 838 128 740 856)
 (857 869 839 872 436 807 741) (858 872 870 840 231 742 808)
 (841 859 871 809 874 437 873 743) (860 69 842 868 810 744)
 (876 861 869 843 811 438 745) (876 862 870 812 844 232 746)
 (863 439 871 877 845 878 813 747) (864 872 876 846 129 748 814)
 (749 815 865 873 877 440 847 880) (750 866 816 874 878 233 848 880)
 (751 879 881 867 849 875 441 817 882) (586 1) (442 587 884) (234 884 588)
 (589 885 443 886) (130 884 590) (591 885 444 888) (592 235 886 888)
 (889 890 593 887 445) (594 884 70) (885 892 595 446) (886 892 596 236)
 (447 893 887 597 894) (888 131 892 598) (599 448 889 893 896)
 (600 896 894 237 890) (891 895 897 898 601 449) (884 602 46) (885 450 603 900)
 (888 604 900 132) (889 901 451 902 605) (71 892 900 606) (607 901 893 452 904)
 (608 904 902 133 896) (897 903 905 906 609 453) (884 32 610) (908 885 611 454)
 (238 886 908 612) (613 455 909 910 887) (614 888 908 134)
 (889 456 615 909 912) (239 890 616 910 912) (891 617 911 913 914 457)
 (72 892 618 908) (909 458 893 619 916) (240 910 916 894 620)
 (895 459 911 621 917 918) (135 622 912 916 896) (897 913 623 917 460 920)
 (898 241 914 624 918 920) (921 922 899 461 915 625 919) (900 47 626 908)
 (909 924 901 627 462) (136 912 924 902 628) (629 463 925 926 903 913)
 (630 73 916 924 904) (464 631 925 928 905 917) (632 926 928 137 906 920)
 (921 465 633 927 929 930 907) (638 884 12) (885 466 639 932) (242 932 640 886)
 (933 467 887 641 934) (138 932 888 642) (643 889 933 468 936)
 (644 936 243 934 890) (891 469 645 935 937 938) (646 74 892 932)
 (893 940 647 933 470) (894 934 940 648 244) (895 471 935 941 649 942)
 (940 896 139 936 650) (937 897 472 651 941 944) (938 898 652 942 245 944)
 (899 653 939 943 945 946 473) (654 48 900 932) (901 474 655 933 948)
 (902 936 948 656 140) (475 903 937 657 949 950) (948 904 75 940 658)
 (476 905 941 659 949 952) (141 906 944 660 950 952)
 (953 954 477 907 945 661 951) (662 33 908 932) (909 956 663 933 478)
 (956 910 934 664 246) (957 958 935 479 911 665) (956 142 936 912 666)
 (667 957 960 937 480 913) (668 958 960 938 247 914)
 (669 959 961 962 481 939 915) (956 670 76 916 940) (671 964 482 941 957 917)
 (958 964 942 248 918 672) (673 959 965 966 483 943 919)
 (960 964 143 944 674 920) (921 675 965 968 961 484 945)
 (922 676 966 968 962 946 249) (923 677 967 969 970 485 947 963)
 (956 678 948 49 924) (925 679 972 486 957 949) (926 960 680 144 972 950)
 (927 961 681 973 974 487 951) (928 964 682 972 77 952)
 (953 929 965 683 973 976 488) (954 930 968 684 145 974 976)
 (955 931 969 685 975 977 978 489) (686 884 6) (980 687 490 885)
 (980 688 886 250) (981 491 689 982 887) (980 146 690 888)
 (889 981 492 691 984) (890 984 251 982 692) (985 986 891 693 493 983)
 (980 694 892 78) (981 695 988 893 494) (988 696 982 252 894)
 (495 989 990 895 697 983) (988 984 147 698 896) (985 496 989 992 897 699)
 (986 990 992 898 700 253) (497 991 993 994 899 987 701) (980 702 908 34)
 (981 703 498 909 996) (996 704 982 910 254) (499 997 998 705 911 983)
 (984 996 912 706 148) (985 500 997 1000 707 913) (255 986 998 1000 708 914)
 (987 501 999 1001 1002 709 915) (79 710 916 996 988)
 (989 502 997 1004 711 917) (256 990 998 1004 712 918)
 (991 503 999 1005 1006 713 919) (992 1000 1004 149 714 920)
 (921 993 504 1001 1005 1008 715) (922 257 994 1002 1006 1008 716)
 (717 923 505 1003 1007 1009 1010 995) (13 980 720 932) (933 506 721 981 1012)
 (1012 258 982 722 934) (723 507 935 1013 1014 983) (984 1012 150 936 724)
 (985 725 508 937 1013 1016) (986 259 726 938 1014 1016)
 (1017 1018 987 727 509 939 1015) (80 728 988 1012 940)
 (1020 989 729 510 941 1013) (1020 990 730 942 1014 260)
 (1021 1022 991 731 511 943 1015) (1020 992 732 944 151 1016)
 (1017 1021 1024 993 733 512 945) (1018 1022 261 1024 994 734 946)
 (1019 1023 1025 1026 995 513 735 947) (956 996 736 35 1012)
 (957 1028 997 514 737 1013) (958 262 1028 998 738 1014)
 (959 1029 1030 999 515 739 1015) (960 1028 1000 740 152 1016)
 (1017 961 1029 1032 1001 516 741) (1018 263 962 1030 1032 1002 742)
 (1019 963 1031 1033 1034 1003 517 743) (1020 964 1028 1004 81 744)
 (1021 1029 965 1036 1005 518 745) (1022 264 1030 966 1036 1006 746)
 (1023 967 1037 1031 1007 519 747 1038) (1024 968 1036 1008 153 1032 748)
 (749 969 1025 1033 1037 1040 1009 520) (750 970 1026 265 1034 1038 1040 1010)
 (751 1027 1035 971 1039 1041 1042 1011 521) (884 3 752) (753 1044 522 885)
 (754 1044 266 886) (1045 755 523 1046 887) (1044 756 154 888)
 (889 1045 757 524 1048) (890 1048 267 758 1046) (1049 1050 891 525 759 1047)
 (1044 82 892 760) (761 1045 1052 893 526) (762 1052 268 1046 894)
 (527 763 1053 1054 895 1047) (1052 1048 764 155 896)
 (1049 528 765 1056 897 1053) (1050 1054 1056 898 269 766)
 (529 767 1055 1057 1058 899 1051) (1044 36 908 768) (769 1045 530 909 1060)
 (770 1060 910 1046 270) (531 771 1061 1062 911 1047) (1060 1048 772 156 912)
 (1049 532 1061 773 1064 913) (1050 1062 1064 271 914 774)
 (1051 533 1063 1065 1066 775 915) (1052 916 83 1060 776)
 (1053 534 1061 777 1068 917) (1054 272 1062 778 1068 918)
 (1055 535 1063 779 1069 1070 919) (1068 1056 1064 780 157 920)
 (921 1057 536 1065 1069 1072 781) (922 1058 1066 273 1070 1072 782)
 (923 783 537 1067 1071 1073 1074 1059) (786 1044 932 14)
 (1045 787 538 933 1076) (274 1076 788 934 1046) (1077 539 935 789 1078 1047)
 (1076 1048 936 790 158) (1049 540 937 1077 791 1080)
 (1050 938 275 792 1078 1080) (793 1081 1051 1082 541 939 1079)
 (794 940 84 1052 1076) (795 1084 1053 542 941 1077)
 (796 1054 1084 276 1078 942) (1085 1086 1055 543 943 797 1079)
 (159 1084 798 1056 944 1080) (1081 1085 799 1088 1057 544 945)
 (1082 1086 800 1058 1088 277 946) (1083 1087 801 1090 1059 1089 545 947)
 (37 802 956 1060 1076) (957 803 1092 1061 546 1077)
 (1092 958 804 1062 278 1078) (959 805 1093 1094 1063 547 1079)
 (160 960 1092 806 1064 1080) (1081 961 1093 807 1096 1065 548)
 (1082 962 1094 808 1066 279 1096) (1097 1083 963 1095 809 1098 1067 549)
 (1084 964 810 1068 1092 85) (1085 965 1093 811 1100 1069 550)
 (1100 1086 1094 966 812 1070 280) (1087 967 813 1095 1071 551 1101 1102)
 (161 1088 1096 1100 814 1072 968) (1097 1089 969 1101 815 1104 1073 552)
 (1098 1090 1104 970 1102 816 1074 281)
 (1091 971 1105 1099 1103 817 1106 553 1075) (818 1044 980 7)
 (1045 819 554 981 1108) (282 820 1108 982 1046) (1109 983 555 1110 1047 821)
 (1048 162 1108 822 984) (985 1049 1109 556 823 1112)
 (986 1050 824 283 1110 1112) (825 1113 987 1114 1051 557 1111)
 (826 988 1108 1052 86) (827 1116 1053 989 1109 558)
 (1116 1054 284 828 1110 990) (559 1117 991 1055 829 1111 1118)
 (1116 163 830 1056 992 1112) (1113 560 1117 831 1120 993 1057)
 (1114 1118 832 994 1120 1058 285) (561 1119 833 1122 1059 1115 1121 995)
 (834 996 1108 1060 38) (562 997 835 1124 1061 1109)
 (836 1124 1062 998 1110 286) (563 837 1125 1126 1063 999 1111)
 (164 1124 838 1064 1000 1112) (1113 1065 564 1125 839 1128 1001)
 (287 1114 1066 1126 840 1002 1128) (1129 1115 565 1067 1127 841 1130 1003)
 (87 1116 1124 842 1004 1068) (1117 566 1125 843 1132 1069 1005)
 (288 1118 1126 844 1006 1132 1070) (1007 1119 567 1127 845 1134 1071 1133)
 (165 1120 1008 1128 1132 846 1072) (1121 568 1129 1073 1133 847 1136 1009)
 (289 1122 848 1130 1134 1074 1010 1136)
 (569 1137 1131 1135 1123 849 1138 1075 1011) (1012 15 852 1108 1076)
 (853 1109 570 1077 1140 1013) (290 1014 1078 1140 1110 854)
 (1015 571 855 1079 1141 1142 1111) (1140 166 1080 856 1112 1016)
 (857 1017 1081 1113 572 1141 1144) (1082 291 1018 858 1114 1142 1144)
 (1145 1146 1083 1019 1115 859 573 1143) (88 1020 1084 1116 860 1140)
 (1117 1021 574 861 1148 1085 1141) (1148 1086 862 292 1142 1022 1118)
 (1150 1149 1023 1087 863 575 1143 1119) (1148 1024 167 1088 864 1120 1144)
 (1145 1149 1152 865 576 1025 1089 1121)
 (1146 1150 293 1152 1090 1026 866 1122)
 (1147 1151 1153 1154 867 577 1091 1123 1027) (1028 39 868 1092 1124 1140)
 (869 1125 1093 1156 1029 578 1141) (294 1156 1094 1030 1126 1142 870)
 (1157 1158 1095 1127 579 1031 871 1143) (872 168 1156 1128 1032 1096 1144)
 (1145 1033 1097 1129 1157 1160 873 580)
 (1146 1034 1098 295 1130 1158 1160 874)
 (1147 1035 1131 875 1159 1161 1162 1099 581) (89 1148 1100 1132 1156 1036 876)
 (1133 1149 1157 877 1164 1037 582 1101)
 (1150 296 1158 878 1164 1102 1038 1134)
 (1039 1151 879 1159 1165 1166 1103 583 1135)
 (1152 169 1104 1160 1164 1040 880 1136)
 (1153 1161 1041 1165 1168 881 584 1105 1137)
 (1154 297 1168 1162 1166 1042 882 1106 1138)
 (1167 1155 585 1163 1107 1139 1169 1170 883 1043) NIL (1172 586) (1172 170)
 (1174 1173 588) (1172 40) (1176 1173 602) (1172 20) (1173 610 1178)
 (1174 174 1178) (1175 1180 1179 612) (1176 1178 41) (1182 1177 626 1179)
 (1172 8) (1173 638 1184) (1174 178 1184) (1175 1185 640 1186) (1176 44 1184)
 (1185 654 1177 1188) (1184 22 1178) (1190 662 1185 1179) (1190 182 1186 1180)
 (1181 1191 1192 664 1187) (1182 1190 45 1188) (1189 1183 678 1191 1194)
 (1172 4) (686 1173 1196) (1174 1196 186) (1175 688 1197 1198) (23 1196 1178)
 (702 1197 1179 1200) (1200 1198 190 1180) (1181 1201 704 1199 1202)
 (9 1196 1184) (1204 1197 720 1185) (194 1204 1186 1198)
 (1199 1205 722 1187 1206) (1190 1204 25 1200) (1201 1191 736 1205 1208)
 (1208 1202 1192 198 1206) (1203 1207 1209 1210 738 1193) (1172 2)
 (1173 1212 752) (1174 1212 202) (754 1175 1213 1214) (26 1212 1178)
 (1216 1213 1179 768) (1216 206 1214 1180) (1181 770 1217 1215 1218)
 (1212 1184 10) (786 1220 1185 1213) (1220 1214 1186 210)
 (788 1221 1215 1187 1222) (1190 28 1220 1216) (1217 802 1191 1221 1224)
 (1218 1192 1224 214 1222) (1219 1223 1225 1226 804 1193) (1212 1196 5)
 (818 1228 1197 1213) (1228 1214 1198 218) (820 1229 1215 1199 1230)
 (1216 29 1228 1200) (1201 834 1217 1229 1232) (1202 222 1232 1230 1218)
 (1219 1203 836 1231 1233 1234) (1204 1220 1228 11) (1221 1229 852 1205 1236)
 (1222 1230 1236 1206 226) (1223 1207 1231 1237 1238 854)
 (1224 1232 1236 31 1208) (1233 1225 868 1209 1237 1240)
 (1210 1226 1234 230 1238 1240) (1227 870 1235 1211 1239 1241 1242))