(NIL NIL (2) (3) (2 1) (5) (3 6) (4 6) (8) (9) (10) (9 7) (11 12) (13) (14)
 (15) (16) (17) (18) (19) (20) (21) (19) (18) (19 24) (20 24) (26 22)
 (20 23 24) (24) (29) (22 23 30) (25 26 30 23) (27 32) (33) (28 22 32) (35)
 (36) (33 36) (37 38 31) (39) (33 35 31) (41 39) (42) (42) (44) (41 34)
 (43 44 46) (47 40) (47) (37 38 46) (50 45 40) (51 48) (52) (43 51) (49 52 54)
 (54) (44 46 40) (49 57 53) (58 56) (58) (58 55) (61 56) (62) (62) (62) (65)
 (65) (65 60 63 64) (68) (66 60 63) (70 68) (69 71) (69 71) (73) (74 67)
 (75 72) (69 71) (59 67 71) (78 72) (74 78) (77 79 80) (76 80) (82 77) (81 83)
 (84) (81 82) (85 86) (87) (88) (89) (88) (91) (92) (92) (87) (89 92 95)
 (90 94 96) (97) (97 93) (98 99) (100) (100) (101 102) (102) (101 104) (104)
 (101 104) (107) (108) (105 107 103) (106 110) (108 110) (106 112) (112)
 (114 109) (113 115) (116 111) (117) (118) (117) (120) (121 119) (120) (123)
 (122 124) (125) (122 123) (120) (126 128) (126 128) (125 128) (130 131)
 (129 132) (133) (133 127) (134 135) (134 135) (135) (138) (139 134) (140)
 (141) (142) (142) (137 144 143 136) (145) (146) (147) (145) (146 149) (150)
 (151) (151) (153) (154 147) (155 148 152) (154 147) (157 152) (157)
 (148 157 152) (156 160) (161 158 159) (161) (163 158) (163) (165 158) (166)
 (167) (168) (166) (162 164 170) (170 159 168) (169 171 172) (170) (174 159)
 (165 158 159) (162 176 175 168) (169 177 171 172) (178) (179) (177 173)
 (169 171 176) (180 182) (180 173 182) (184) (185 183) (186) (185 183) (188)
 (189) (186 190) (186 190) (181 192) (193 187) (194) (195) (195) (197)
 (196 198) (196 197) (200) (201 199) (202) (203 191) (199 191 200) (204 205)
 (206) (204 205) (207 208) (209) (210) (211) (211) (211) (212 214) (215)
 (213 216) (213 216) (218) (217 219) (220) (221) (220) (220) (222 223 224)
 (219) (226 224) (227 222 223) (217 226) (225 227 229) (230) (231) (228 230)
 (233 231) (234) (234) (236 232) (237) (236) (237 239) (240) (238 239) (242)
 (237 239) (243 244) (245) (246) (246) (248) (241 249) (250 235 247) (251)
 (252) (253) (254) (254) (255 256) (257) (256) (255 256) (257 260)
 (258 259 261) (262) (257 260) (261 264) (265 259) (266 263) (267) (265 262)
 (265 258 259) (267 270) (262 264) (263 272) (273 268 271) (274 269) (274)
 (275 276) (274) (273 268 271) (275 276 279) (275 276 279) (281 278 280)
 (281 280) (282 283) (283) (285) (282 277 285) (287) (288) (284 288) (288)
 (289 291 284) (290 292) (293) (286 294) (295) (295) (289 291 284) (298 296)
 (298 296))