(NIL (1) (2) (3) (4) (2) NIL (7 3) (7 3) (6 5 9) (9) (11 10) (12) (11 4)
 (14 6 8) (12 15) (13 15) (17 16) (13 15) (17 19 16) (19) (21 16) (18 20 22)
 (23) (23) (18 20 22) (25 26) (27) (27 24) (29) (28 30) (31) (32) (33) (27 24)
 (34 35) (34 35) (37) (38) (36 39) (27) (41 38) (42) (43 36) (44 40) (44 39)
 (45 46) (47) (48) (49) (45 46) (43) (51 52) (49 53) (49 51 52) (50 55) (54 56)
 (57) (58) (57) (58 60) (59 61) (62) (63) (64) (63) (66) (67) (67 64) (69)
 (65 68 70) (65 69) (69) (67 64) (73 74 71 72) (75) (75) (77) (74 68 70)
 (76 79) (77 79) (81 78 80) (82) (83) (84) (83) (86) (87) (88) (81) (90 87)
 (90 86) (90 85 86) (91 93) (90 84 87) (92 95) (94 95 88) (97) (97) (89 99)
 (100 96) (98 101) (102) (98 100 96) (104 103) (105) (106) (106) (106)
 (107 109) (98 101) (110 111) (110 111) (113) (113) (115 108) (113 108)
 (115 117) (118) (118 112) (120) (121) (122 119) (122 116) (124) (114 125)
 (126) (127) (126 119) (122) (130 126) (123 131) (129 132) (130 127 119)
 (130 127 119) (129 131 135) (132 136 134 128) (133 136) (133 135) (138 139)
 (129 135) (141 133 134 128) (138 139 142) (143) (144) (140 144) (146) (147)
 (148) (145 149) (137 146) (145 148 151) (147 151) (145 151) (153 154 150 152)
 (153 154 149) (156 150) (155 157) (155 156) (159) (159) (155 156) (156 152)
 (161 163 158) (161 162 160) (165 164) (166) (166) (167 168) (169) (168)
 (170 171) (172) (173) (173) (175) (175) (177 176) (178 174) (177 176) (180)
 (178 180) (181 174 182) (179 183) (184) (177 176) (186 179) (178 180 186)
 (188 184) (188 181) (185 190) (190) (185 190) (193 192) (194 189) (187 195)
 (196) (197) (196) (199) (195) (201 197) (202) (203 199 191) (203 198) (202)
 (204 206 200) (205 207) (208) (209) (208) (206 200) (205 206 191)
 (210 211 213) (212 214) (214) (212 216) (210 211 213) (218 215 216) (217 219)
 (220) (221) (220) (217 219) (222 224) (225) (226 223) (222 224) (225 228)
 (229) (228 223) (227 229 231) (229 231) (233 232) (234) (226 230 231)
 (226 228 223) (237 230 232) (236 238) (239) (235 240) (241) (238)
 (234 243 240) (243 239) (242 245) (241 245) (246 247) (244 247) (246 247)
 (249 250 248) (251) (252) (252) (251) (250 244) (252 256) (257) (258 254)
 (259) (260) (260) (257 255) (253 262 263) (264) (265) (266 261) (267)
 (261 264) (267 269) (264) (271) (269 272) (265 272) (270 271) (275) (276)
 (273 277) (275 272) (268 279) (274 280) (274 276 279) (281 282 277) (283 278)
 (282) (273 285 277) (284 285) (287) (286 288) (289) (286 287) (291) (290 292)
 (293) (294) (295) (296) (297) (297) (294))