(NIL NIL NIL NIL (4 2) (5) (3 6) (1 7) (8) (9) (6) (3 11) (10 12) (7 11) (14 9)
 (15 13) (14 9) (14) (18 9) (18 8) (18 10) (15 20 21) (19 22 13) (20 21)
 (16 17 22 24) (25) (19 22 24) (27 13) (16 17 28) (26 29) (30) (29 23) (26 32)
 (33) (30 32) (25 32) (34 36) (37) (36 30) (36 31) (35 38 39 40) (41) (42) (43)
 (42) (44 45) (46) (42) (47 48) (49) (46 48) (51 47) (50 51) (53) (54) (54)
 (56) (52 53) (53) (57 59 55) (58 60) (58 60) (61 62) (62) (64) (64) (66)
 (66 61) (66 63) (69) (65 67 68 70) (71) (72) (73) (74) (75) (73) (72) (73 78)
 (75 78) (77 80) (81) (82 79) (83) (80) (84 85) (86) (87) (88) (89) (86)
 (90 91 76) (92) (93) (91 76) (92 95) (94 95) (93 95) (98) (98 94) (100 96)
 (99 101) (102) (97 103) (90 91) (105 99 101) (97 105 102) (106 107) (106 107)
 (97 105 99 96) (107 110 104) (110 104) (108 109 112) (113) (114) (114)
 (116 111) (108 111 112) (114 118) (117 119) (120) (121) (114 118) (122 123)
 (123) (116 125) (125 120) (124 127) (115 126 128) (115 128) (130)
 (121 115 127) (129 130 132) (124 132) (129 130 134) (131 135) (136) (136)
 (138) (138 133) (137 140) (141) (141) (142 143) (142 143) (145 139) (139 143)
 (147) (145 148) (146 149) (150 144) (150 144) (151 152) (153) (152) (153 155)
 (154 155) (156 157) (158) (159) (160) (161) (162) (163) (162) (165) (165)
 (166 167) (168) (164 168) (170) (169 171) (171) (162) (169 170 174) (172 175)
 (173 175) (177) (169 170 174) (179 172) (180 173) (181) (182) (183 175)
 (177 181) (179 172 173) (185 186) (187 183) (186 184) (185 189) (188 190)
 (191) (192 176) (192) (194) (195 176) (178 195) (196 197) (197) (199)
 (198 200) (193 201) (196 199) (203 200) (203 198 200) (193 205) (205)
 (202 204 207) (201 206 207) (209 202) (209 204) (201 207) (211 212) (210 213)
 (210 212) (213 215 208) (216) (217) (218 214) (218) (214 216) (218 221)
 (213 215 208) (218 221 223) (220 222 224) (225 219) (225) (219 227) (228)
 (219 227) (226 230) (218 221 223) (229 230 232) (229 231 232) (233 234)
 (229 231 232) (236) (237) (235 238) (238) (233 237) (241) (242 235 238)
 (241 234 238) (244) (245) (243 246 240) (243 246 239) (243 246 239) (249 247)
 (250) (250) (249) (253 240) (251 252 254 248) (255) (250 254) (257)
 (258 252 248) (259) (260 256) (261) (262) (262) (264) (265 263) (266) (267)
 (267) (265 263) (266 270) (268 271) (268 271) (273) (274 272) (274 272)
 (275 276 269) (268 271) (278) (274 269 279 272) (275 280) (279) (282 275)
 (283 276 280) (275 278) (285 283 269) (284 277 286) (281 287) (288) (277 286)
 (283 285 280) (291 284 277 286) (292) (289 290 293) (294) (281 292) (289 296)
 (297 293) (298 295) (294 296))