(NIL NIL (2 1) NIL (4) (3) (5 6) (7) (8) (9) (5 2 1) (10 11) (12) (7) (10 14)
 (15) (13 16) (17) (18) (17) (15) (15 12) (18 21 22) (20 23) (23) (19 20 23)
 (19 20 22) (25 27) (26 28) (29) (29) (31 24) (30 31) (33) (29) (33 35) (36)
 (34 37) (38) (39) (40 32) (37) (42 24) (42 39) (43 44) (40 45 32) (45 40)
 (46 47) (48) (49) (47) (51 32) (49 52) (53) (50 51) (53 55) (56) (41 57 54)
 (56) (41 59) (41 52 55) (61 56) (59 61) (54 63 62) (64) (65 58) (58 62 63)
 (66 67) (65 67) (69) (68 70) (67 60 64) (67 60) (64) (66 74 73) (74 60 68 69)
 (76 72) (77 71) (77) (79) (76 72 75) (81 71) (82 78 80) (83) (83) (81 80 71)
 (86) (87) (83 87) (89) (89 85) (85 87) (91 92) (81 78) (89 92 94)
 (90 84 85 94) (90 91 94 88) (97) (97 95) (99 84) (98 100) (101) (102) (101 96)
 (97 92) (105 99 84) (98 106) (105 102 96) (108 93 103) (107 109 104) (106 109)
 (107 109) (111 112) (113) (114 104) (115 110) (109) (107 109) (114 110 118)
 (116 118) (120) (121 117) (121 117) (121 117 119) (124) (122 125) (122 125)
 (124) (123 126 127 128) (129) (129) (122 128) (123 127 128) (129 133)
 (130 131 134) (132 135) (136) (137) (136) (139) (136) (141) (137 142)
 (138 143) (144) (145 139) (145) (146 147) (148) (140 149) (140 149) (151)
 (152) (138 139 143) (153 154) (155) (155) (157) (156 150 158) (159) (157)
 (153 154 150) (162) (163 157) (161 164 159) (165) (163 160) (161 164 167)
 (161 163 160) (169) (170 166 167) (171) (172) (172) (169 166 168) (172 175)
 (173 174 176) (176) (173 176) (178 179) (177 178 179) (180 181) (182)
 (177 179) (182 184) (185) (186) (187) (187) (187 183) (185) (188 191)
 (187 191 183) (185 183) (193 194) (195 189) (196) (188 190 196) (197 198)
 (199) (200 192) (199 192) (197 198) (203 199) (201 202 204) (203)
 (202 204 206 200) (205 207) (205 207) (209) (210) (209) (211 212 208) (212)
 (212) (213 215) (216) (211 214 215) (213 215) (218 219 216) (217 218 219)
 (221) (222) (223) (222) (225 220 223) (221) (227 224) (220 228) (228)
 (220 230) (225 231) (229 232) (226 229 232) (234) (234) (233 236) (225 231)
 (230) (234 239) (240) (241) (233 242) (233 241 235 238) (243 244) (245 237)
 (233 235 240) (243 236 247 244) (245 247) (249 246) (250) (250 248) (252)
 (252) (253) (255) (254 251 256) (256) (254 258) (259) (260) (251 260)
 (251 256) (263 254 258) (264 257 262) (265) (263 257 260) (265 267) (254 255)
 (269 267) (266 268 261 270) (266 268 270) (271 272) (271 272) (274) (273 275)
 (276) (271 272) (276 278) (279) (280) (280) (282) (281 283 277) (283)
 (281 285 277) (286) (284 285) (286 288) (277 280) (289 290 287) (291) (292)
 (292) (292) (290 288) (289 287 296) (297) (295 296) (298 299 294))