(NIL (1) (2) (2) (4) (5) (5) (7) (7) (5) (10 3) (11) NIL (13 8 12) (9 14 6)
 (14) (9 16) (17) (15 16) (18 19) (20) (17 19) (22) (18 23) (24) (25 21) (26)
 (27) (27) (18 22) (22) (26 30 31) (27 32) (21 31) (26 34) (34 27 30) (36)
 (34 28 32) (33 35 38) (37 29 39) (36 39) (41 40) (42) (43) (41 37) (42 45)
 (42) (47 46) (44 47 45) (49) (49) (50 51) (51) (50 51) (54 48) (52 54) (54 46)
 (57 48) (58 53 56) (59) (60) (61) (54) (63) (58 64) (65 59 55) (66 62) (67)
 (68) (68) (65 62) (68 71) (72) (73 70) (72) (75) (73 76) (74 76) (76 70) (79)
 (73 69 79) (81 74 77 80) (82 78) (83) (84) (85) (86) (87) (88) (73 79) (90 86)
 (89 91) (92) (92) (91 87) (95) (89 96) (97 92) (95 88) (99 92 96) (98 93 100)
 (94 101) (98 93 100) (98 93) (104 102) (103 105) (103 104) (106 107) (108)
 (109) (109) (111) (108) (113) (114 112) (114 110) (116 111) (117) (113)
 (118 119) (116 119 112) (121 115 117) (121 117) (123) (115 123) (122 125 120)
 (126) (126) (128) (129 124) (130) (129 127) (132) (133) (130 134) (131 135)
 (135) (130 132) (138 134) (137 138) (138 135) (137 141) (131 141) (143 136)
 (139 140 143) (145 142) (140 143) (138 136) (145 148) (139 143 136)
 (145 147 150) (146 150 149 144) (145 150 142) (153 149) (154 151) (150 149)
 (147 156 144) (152 155 156) (158) (158) (159 160) (161 157) (162) (161 157)
 (163 164) (161) (163 166) (162 164 166) (164 166) (169 163) (170 168) (171)
 (172) (173) (173 165 167) (175) (174 175) (170 167 168) (178 176) (177 178)
 (178 174 176) (181) (179 180 181) (183) (177 181) (185) (186 179) (187)
 (177 181) (188 189 182 184) (188 189 182) (191 183) (191) (191) (194)
 (195 192) (196) (193 197 190) (197) (195 192) (198 200) (193 190 200)
 (201 202 199) (202 199) (200) (201 204 205) (206) (203 206) (204 205)
 (209 208) (210 207) (209 208) (212) (213) (210 213 207) (214 215) (211 213)
 (210 213) (213) (218 211 219 216) (220) (217 221) (222) (220) (218 219 216)
 (225 222) (226 223) (225 221) (226 228) (229 224) (230 223) (227 231) (232)
 (227 231) (233 234) (227 229) (229) (228 224) (238 231) (233 237 239)
 (234 240) (241) (242) (242 236) (235 236 239) (244 245) (246) (247) (243 248)
 (243 248) (250) (249 251) (252) (250) (254) (249 255) (251 256) (257 253)
 (258) (258) (259 260) (257) (258 262) (263) (264) (265 261) (266) (259 264)
 (253 262) (266 269) (265 269 261) (267 271) (268 272) (273) (268 272) (275)
 (274 276) (274 275) (277 270 278) (266 268 271) (274 276 280) (281 279) (282)
 (281) (282 284) (285) (282 284) (287) (286 288) (289) (287) (290 291)
 (283 292) (292) (283 285 291) (293 295) (296) (290 295) (297 298) (299))