(NIL (1) NIL (3 2) (1) (2 5) (3 5) (7 4 6) (7 4) (6) (8 9 10) (11) (12) (11)
 (14) (4 10) (13 16) (15 12 16) (18) (19 17) (19) (21 13) (21 17) (20 23)
 (22 24) (25) (25) (27) (23) (29 22 24) (25 30) (26 28 31) (32) (28 30) (34 32)
 (33 35) (36) (36) (37 38) (39) (40) (41) (42) (43) (42) (41) (45 46) (44 47)
 (43 45 46) (49 48) (50) (50) (50) (53) (51 52 53) (55) (56) (51 53) (57 58 54)
 (59) (51 52 53) (61 54) (58 62) (60 63) (60 63) (65 64) (66) (66) (68) (68)
 (66) (67 69 71) (67 69 70 71) (73) (73) (75) (75) (74 77) (78) (74 76 77)
 (74 77 72) (81 78 80) (82) (83) (84) (85) (86) (87 79) (88) (88) (88) (87)
 (91 92) (93) (90 93) (95) (96) (89 97) (98 94) (98 94) (89 97 94) (98 101)
 (100 101) (99 103) (102 104) (104) (104) (106 107) (105 108) (104)
 (105 106 107 110) (111) (109 112) (112) (112) (115 108) (113 114 116) (117)
 (118) (119) (119) (121 120) (122) (122) (124) (124) (123 125 126) (121)
 (122 128) (129 127) (130) (131) (130) (132 133) (131 133) (132 135) (136)
 (137 134) (138) (136) (139 140) (141) (142) (139 140) (143 144) (145)
 (143 144) (145 147) (148) (148) (146 150) (146 147) (149 152) (153) (143 144)
 (155 149 150) (146 155 148) (154 157 151) (154 157) (158 159) (160) (161 156)
 (161) (163) (156 164) (165) (166) (167) (167) (169) (167) (169 171) (170 172)
 (173) (174 168) (162 175) (176) (176) (178) (179) (162 174) (177 179 181)
 (182) (180 183) (177 179 181) (185 180) (186 182) (186 184) (187 188)
 (185 184) (187 188 190) (191) (189 192) (192) (194) (194) (191) (194 189 197)
 (198) (195 196 198) (200) (193 201 199) (202) (201 199) (204) (202 205)
 (203 205) (206 207) (208) (209) (208) (209 211) (212) (210 213) (210 213)
 (215) (215) (217 216) (213) (217 219 216) (218 220 214) (218 220) (221 222)
 (221 222) (224) (225 223) (226) (225) (225 223) (228 229) (226 229) (228 231)
 (232) (233) (232) (234 227 235) (236) (237 230) (236) (230 239) (238 240)
 (237 239) (242 238 240) (243) (244) (245) (244) (241 247) (246 248) (249)
 (249) (251) (250 252) (253) (254) (255) (256) (256) (258) (257 259) (260)
 (257 259) (254) (257 263) (264) (265 259) (266 260) (267 262) (268) (267 262)
 (268 270) (266) (269 271 272) (269 270 272) (273 274) (274) (274)
 (277 275 261) (278) (277 275 261) (280) (281 276 279) (282) (282) (283 284)
 (285) (284) (286 287) (283 287) (289 286) (290 288) (291) (292) (289 288)
 (294) (293 295) (296) (296) (297 298) (298))