(NIL (1) (2) (2) (1) (2 5) (5) (3 4 5) (6 7 8) (8) (10 6) (9 10) (12) (13)
 (11 14) (15) (16) (17) (18) (17) (19 20) (20) (21 22) (22) (18 24) (25 21)
 (26) (24) (27 28 23) (28 23) (26 30) (31) (27 31) (33 29 32) (34) (33) (34 36)
 (37) (36 29) (39 32) (38 40) (41) (42) (42) (43 44) (43 44) (44) (35 45 46 47)
 (48) (49) (50) (51) (45 47) (51 53) (47) (52 54 55) (56) (57) (58) (58)
 (59 60) (60) (61 62) (63) (64) (65) (66) (67) (68) (69) (70) (70) (72) (71 72)
 (74) (73 75) (76) (77) (78) (78) (80) (81) (79 80) (82 83) (80) (81 83 85)
 (86) (87) (82 88) (89) (90) (90) (90 84) (92 93) (93) (91 94 95) (94 95)
 (97 91) (98 96) (98 96) (100) (99 101) (102) (101) (103 104) (105) (106) (106)
 (108) (106) (110) (111) (107 108 112) (112) (114 107 109) (115) (109 111)
 (116 117) (118) (119) (113 119) (121) (119) (121 123) (124 120) (125) (125)
 (122 127) (128) (129) (130) (130 126) (129) (130 133 126) (131 132 134) (135)
 (129) (137 131) (138 132 133) (139 135) (140) (137 131 132 134) (141 142)
 (143) (143) (143 136) (146) (147) (148) (149) (145 149 144) (151) (151)
 (153 150 152) (153 152) (153) (156 150 152) (153) (155 150 158) (159)
 (156 160) (161 154) (162) (162) (164) (155 156 150 158) (162 157 166)
 (163 164 167) (163 166) (169 165) (169 168) (171 165) (170 172) (173) (173)
 (173) (176) (177 174) (178 175) (177 174 175) (180) (178 181) (182) (183)
 (179 181) (178 181) (186 182) (187) (186 179) (185 188 189 184) (188 189)
 (190 191) (192) (190 191) (194) (190 191) (194 196) (195 197 192) (193 198)
 (199) (200) (201) (202) (203) (202) (204 205) (199) (203 207) (204 205 208)
 (204 207) (210 206) (211 208) (209 212) (209 212) (214) (214) (213 216) (217)
 (218 215) (219) (219) (220 221) (222) (223) (224) (223) (226 224) (226)
 (227 228) (225 229) (229) (230 231) (230 231) (233) (234) (235) (235 232)
 (234 232) (236 237 238) (239) (238) (241 239) (241 240) (243) (243)
 (242 244 245) (237 238) (246 247) (242 244 247) (249 246) (250 248) (251)
 (249 246) (252 253) (249 246) (254 255) (256) (254 255) (258) (257 259) (260)
 (261) (258) (261 263) (262 264) (262 264) (262 263) (267) (266 268) (265 269)
 (265 269) (269) (271 272) (273) (274 270) (275) (275) (273 270) (278)
 (276 279) (277 280) (281) (282) (281) (282 284) (283 285) (283 284) (285 287)
 (288) (289) (288) (289 291 286) (292) (290 292) (294) (286 288) (295 296)
 (297 293) (298) (298))