(NIL (1) NIL (3 2) (3 1) (3 1) (6) (2 5 7) (4 5 7) (9) (2 5 7) (9) (12 8) (13)
 (13) (15) (14 16) (17) (18 11) (12) (18 20) (10 21 19) (22) (23) (22) (25)
 (25) (26 27) (26 27) (29) (29) (28 31 24) (32) (30 32) (30 32) (35) (31 23)
 (36 37) (33 34 37) (39) (38 40) (41) (41) (43) (42 44) (43) (42 43) (41)
 (44 48) (49 45 46 47) (50) (50) (44 47 48) (53 46) (51 54) (52 53) (51 54 56)
 (57) (58) (59) (59) (61 55) (60 62) (62) (64) (63 64) (64) (67 63) (65 67 60)
 (65 67) (65 66 67) (68 71) (68 71) (73 69 70) (74 72) (75) (76) (76) (78) (79)
 (80) (80) (82) (81 83 77) (84) (85) (86) (87) (88) (86) (90 88) (91) (89 92)
 (92) (92) (94 95) (93 96) (97) (97) (99) (98 100) (100) (97) (89 96)
 (98 102 103 104) (105) (106) (107) (108 101) (107 101) (108 110) (111)
 (109 112) (113) (114) (115) (116) (116) (117 118) (119) (117 118) (121 120)
 (122) (123) (124) (124) (125 126) (121) (127 128) (129) (130) (130) (132)
 (131 133) (133) (131 135) (134 136) (134 135) (138) (137 138) (135)
 (139 140 141) (139 140 141) (139 140 141) (142 144) (145) (146 143) (147)
 (148) (149) (150) (148) (150 152) (153 151) (150 152) (153 155) (156)
 (153 155) (154 158) (158) (156 159 160) (161) (155 151) (163 157 160)
 (154 164) (162 165) (166) (167) (166) (169) (170) (171 167) (170 168) (173)
 (172 173) (170 167) (174 175 176) (177) (178) (176) (180 174 175) (178 181)
 (182) (179 183) (183) (185 179) (186) (186 184) (186 184) (185) (187 190 184)
 (187 188 190) (189 192) (193 191) (193 191) (193) (196 191) (195 197)
 (195 197) (198 199) (194 199) (201 198) (202) (203) (201 198) (204 205 200)
 (206) (206) (207 208) (209) (210) (211) (209) (210 213) (211 214) (215)
 (212 216) (216) (217 218) (212 214) (217 220) (217 218 220) (221 222)
 (219 223) (219 223) (225 224) (225) (227 224) (228) (229) (230) (230)
 (226 232) (233 231) (234) (232) (233 236) (234 237) (238) (239) (238)
 (241 235 240) (241 235 239) (241 235 240) (241 235 240) (242 244 245) (246)
 (247) (243 246) (249 248) (250) (251) (242 243 244 245) (251 253) (252 254)
 (255) (256) (256) (258) (259) (257 259) (260 261) (261) (263) (262 264)
 (260 264) (266 262) (261) (265 268) (261) (267 269 270) (271) (271) (271)
 (266 268 262 270) (275 272) (266 270) (273 274 275 277) (276 278) (279) (280)
 (273 274 275 277) (282 280) (283) (281 284) (285) (285) (287) (286 287) (289)
 (285) (290 291) (283) (289 291 293) (290 294 288) (295) (296) (297 292) (298)
 (298))