(NIL NIL (2) (3 1) (4) (5) (4) NIL (8 5) (8 3 1) (10) (11) (12 6 9) (12 4)
 (13 14) (15) (7 16) (7 15) (18) (14) (17 18 20) (20 6 9) (19 22) (22 15)
 (17 19 24) (25) (26 23) (22) (17 28) (17 28) (21 30 24) (18 30) (25 31 32)
 (27 30) (34 32) (34 21 32) (36) (33 37) (36) (37 39) (31 40) (41) (41) (35 43)
 (33 41 35) (45) (42 44 46) (41 35) (41) (31 40) (50 47) (49 51) (52 38 48)
 (51) (54) (49 29 55 48) (53 56) (56) (49 54) (59 29 48) (60 53 56) (58 59 53)
 (62) (60 63) (64) (64) (57 65 66) (62) (68 64) (69) (57 68 64) (66 70 71)
 (61 72) (67 61 72) (62) (67 75 70) (74 76) (76) (73 78) (73 78) (74 80) (81)
 (82) (83) (84) (83 77) (84 86) (85 87) (73 78) (74 76) (81 90) (90 84 86) (92)
 (91 93) (89 85 87 79 94) (95) (96) (94) (98 88) (99) (100 95) (100 96) (99)
 (101 103 96) (97 104) (105) (97 104) (105 107) (108 102) (105 107 102) (107)
 (107 102) (112) (112) (106 109 114) (105 113 114) (114 109) (115 117 111)
 (113 118) (118) (116 120) (116 119 120) (120) (123 116 110) (124 119)
 (113 123) (110 119 126) (106 108 112) (125 128) (129 126) (113 117 111 128)
 (121 129 131) (121 131 110 126) (124 133) (129 122 133 127) (135) (132 136)
 (137 134) (132 136) (134 135) (140) (141) (142) (143) (137 141) (145 138)
 (145 130 139 142 138) (138 140) (146 148 144) (146 148))