(NIL (1) NIL (3) (3) (5) (6) (4 7 1) (7 1) (4 9) (9) (11) (12) (6) (11 14)
 (8 12 14 2) (16) (8 15 13 2) (18 17) (16) (17) (21 10 19) (22) (20 23) (23)
 (24 25) (22) (24 25 27) (21 13) (24 29 27 25) (29 27 23) (29 28) (32) (33)
 (33) (35 31 34) (30 26 36) (37) (38) (39) (36) (36) (42 37) (42) (44 39)
 (30 26 44) (45 46) (44) (41 39 48) (45 46 48) (42 39) (30 26 36) (41 52 44 38)
 (43 53 48) (49 54 40) (53 39 48) (49 51 47 56) (43 56) (49 50 51 56) (58 47)
 (50 60 40) (49 51 61) (62 54) (62 55) (57 64) (65) (57 62) (67 65) (59 68)
 (68) (59 70) (68) (66 72) (66 70 72) (59 73 74) (59 63 74) (69 73 76) (68)
 (71 74 78) (79 73 76) (69 80) (81) (80 77) (69 79 75) (77 78) (85 83 84) (86)
 (82 86) (88) (89) (88) (91) (92) (90 93) (93 87) (95) (89 96) (89 95) (90 93)
 (99) (97 98 100) (98 99) (89 91) (97 100 103) (104) (105 94) (104) (107 101)
 (108) (109) (106 110) (111) (111) (98 107) (105 114 108 94 102) (115 111)
 (115) (114) (113 118 112) (119) (105 109 102 118) (121 112) (122 116)
 (113 123) (124 119) (121 116 119) (124 126 120) (123 126) (128 125 120)
 (129 117) (130) (131) (131 127) (133) (132 134) (135) (134) (131) (138 136)
 (138 134) (140 136) (139 141) (137 140) (140) (141 144) (139 144) (146) (146)
 (142 144) (149))