(NIL (1) (1) NIL (4 1) (2 5) (3 6) (7) (5) (9 8) (7) (11 9) (12) (13) (10 14)
 (13 8) (16) (17) (10 13) (19 14 16) (20) (18 20) (18 19 14) (10 12) (19 14 24)
 (25 21 23) (13 24) (26 27 22) (28) (29) (30) (17 27 21) (22 32) (33 28)
 (33 26) (35) (27) (34 37) (35 29 38) (39 31 15) (39 31) (30 38) (42 35 15)
 (41 43 36) (43) (41 43) (46) (47) (36 47) (46) (45 46) (49 51) (51 44 47)
 (52 53) (51 47) (44 55) (52 48 56 40) (57) (50 58) (57) (50 60) (56 54 48)
 (50 48 56 52 40) (58 63) (49 56 53 40) (65 62 64) (65 59 60 54) (67 63)
 (67 61) (67 64) (66 70) (61 71) (72) (72) (74) (75) (76) (74) (78) (71)
 (75 69 79 80) (73 81 76 68) (82) (68 79 80) (73 84) (82 85) (73 84 76) (87)
 (83 88) (81 85 88) (73 77 69 80) (68 62 70) (92 83 84 77) (93 86) (90 91 94)
 (95) (96) (96) (93 91 85 88) (90 99) (100 86) (90 91 93) (89 102) (99 103 95)
 (86 103) (100 102 95) (89 106 96) (98 107) (108 101 103) (97 105 109) (110)
 (109) (106 104) (105 113 108) (114 110) (93 85 87) (116 104 101 96) (117 109)
 (114 118 112) (119) (110 120) (120) (119 111) (121 115 123) (114 110 118)
 (125 111 112) (118) (124 126 127) (126 127) (129 123) (129 122) (121 122 129)
 (121 115 126 127) (130 124 133) (122 123 133) (134 135) (129 135) (124 135)
 (134 135) (139) (131 140) (131 132 136 140 128) (138 141 142) (142)
 (131 132 139 136) (145 142) (137 138 146) (147 141 144) (146 138 141 144)
 (145 138 144))