(NIL (1) (2) (3) (4) (5) NIL (7 3) (7 2) (9) (10 3) (9) (12 10 3) (12)
 (11 14 5 8) (12) (15 16) (11 4 14 16) (13 6 16) (19 15) (20) (21) (20) (23)
 (17 22 23) (10 12) (18 26 24) (26 22 24) (17 21 24) (29) (30 22) (31 26) (32)
 (31 26) (30 25) (29 26) (29 28) (37 36) (37 27) (39 31 36) (40) (39)
 (41 42 33 34) (40 32 42 25 34) (41 44 33) (45) (46 38) (44) (44) (49 35)
 (50 43 48 45 38) (51) (51) (53) (51) (50 48 38) (43 46 56) (57) (58 51)
 (59 52 55) (58 52 47) (58 55) (53 62) (53 62) (57 55) (65 61 53) (65 52)
 (66 67 63) (68) (67 64) (70 47) (69 54 71) (66 59 71 63) (73 72) (59 61 67 64)
 (75 72) (76) (73 76) (73 76) (74 77 79) (80) (81 60) (81) (60 77 79) (74 84)
 (81 84) (82 83 85 78 86) (87) (87) (89) (89) (91) (91) (83 78 86) (92 93 94)
 (95) (96 88) (92 93 94) (90 96 98 88) (94 87) (100 95) (100 93) (100)
 (90 96 102 103 88) (98 104) (97 105 99) (106) (107 101) (107) (109) (101 110)
 (109) (106 101) (113 108) (113 110 112) (113) (114 116 110 112) (117) (105)
 (107 101 119) (105 101) (113 121 111 112) (122 108 120) (123 117) (121 117)
 (115 125 111) (125 120) (115 127) (127) (127 111) (122 125 120) (131 124 127)
 (129 130 115 131) (133) (123 134) (118 135) (124 118 135 128) (137) (124 134)
 (134 123 118 126) (140 136) (137 139 141) (140 135 128) (132 140 135)
 (138 142 143 144) (134 118 128) (146 142) (147 132) (147) (138 149))