(NIL (1) (2) NIL (1) (4 5) (3 6) (6) (3 6) (2 6) (10 7 8) (11) (11) (10 7 8)
 (10) (9 14 15) (13 16) (9 12 14 15) (18) (17 19) (20) (17 19) (19 16) (21 23)
 (21 23) (25 22) (26) (25 24) (23) (27 29) (26 29) (28 31) (13 23) (33 30) (34)
 (35 28) (34 28 31) (33 28 22) (37 38 32) (34 38) (40) (40 32) (42 37)
 (41 35 43) (44) (36 45) (41 35 37) (47) (48 42) (47) (47 45) (48 51 39)
 (52 50) (53 49) (46 47) (55 49) (53 56) (57) (57 54) (57) (60 54) (60) (62 54)
 (59 63) (64) (59 63) (66) (57 54) (65 66 68) (69 67 61) (69) (71) (69) (73 61)
 (74) (75 70) (58 76) (74 71) (58 75 70 78 72) (74 67) (80 70 78) (81 76) (82)
 (58 74 72) (83 84) (83 84) (58 74) (87 86 79) (82 87) (89 79) (81 75 87)
 (91 85) (92 88) (93 77) (89 91 72) (95 86 79) (91 88) (89 97 94) (98) (97 92)
 (89 97 92) (99 101 96) (101 94) (90 102 103) (100 104) (103 95) (90 106)
 (98 107 100) (99 108) (106 99 96) (110) (109 111) (111) (113 109 104)
 (106 102) (115 112) (113 115 112) (105 116 117) (117 104) (119) (120)
 (121 116) (122) (114 122) (122) (121 116) (116 117) (127) (105 114 128 120)
 (121 128) (130 126) (105 122 130) (129 132 125 126) (123 124 133)
 (132 125 118 126) (114 135) (123 124 136) (131 136) (114 135) (129 137 139)
 (114 135) (141 136) (137 142) (131 140 143) (138 144) (124 141) (123 141 139)
 (146 147 144) (148 133) (138 148 134))