(NIL (1) NIL (3 1) (3) (3) (6) (7 1) NIL (6 2) (6 2) (11 4 7 10) (5 12) (5 12)
 (9 5 12) (11 4 8 10) (16) (9 17 13) (9 17 13 14) (5 16) (20 13 14 15) (18 21)
 (19 21) (18 21) (21) (25 22) (26) (26) (17 25) (29 22) (30) (21) (23 32)
 (33 29 24) (33 27 30) (35 31) (36) (35) (35 31) (39) (40) (38 40) (41 42 24)
 (34 43) (44) (36 28 45) (41 34 42) (40) (34 43 28 48) (37 48) (50 47) (51 45)
 (49 52) (53) (52) (49 46 55) (53 56) (28 55) (57 58) (59) (59) (59) (59)
 (61 63) (64) (61 54 63 62) (66) (61 63) (66 68) (69) (70) (71) (72) (65 71)
 (74 60) (75) (67 76) (73 77) (77) (74 60) (60 69) (73 81 67) (82 77)
 (82 78 80) (82 76) (85 79) (85 78 79) (84 87) (82 77) (89 87) (89 79) (89 85)
 (92 86) (84 93) (90 94) (91 93 80) (93) (97 87) (98 95) (83 99 88) (100)
 (101 96) (102) (91 101) (99) (83 96 99 88) (106) (97 90 84 96) (105 108 88)
 (109 104) (109 101) (111 104) (108 101) (105 106 102 113 104)
 (114 107 110 111) (115) (116 103) (114 111) (114 112) (114)
 (107 120 110 103 112) (121 116) (121 116) (122 123) (124 119) (123 119) (123)
 (117 119 120) (127 128) (129 122 118) (114 111) (121 131 119) (122 131 126)
 (133 118 128) (134 127) (124 135) (136) (129 132 135) (133 128) (138 139)
 (138 139) (137 141) (141) (130 143 136) (125 144) (137 145) (146) (147)
 (146 140) (149))