(NIL (1) NIL NIL NIL NIL (6) (7) (6 5) NIL (10 3) (11 2 8 4) (10 2 8)
 (11 13 5 4) (13 9 4) (15 3) (14 16) (17) (11 16) (19) (19 14) (17 20 21)
 (19 14) (22 23) (24) (17 23) (12 22 23) (18 27) (15 3) (29 24) (26 28 30)
 (25 31) (31) (18 27 30) (26 28 29) (33 35 32) (34 35 31) (36 37) (38) (39)
 (37 32) (35 30) (42 32) (33 34 42) (41 42 40) (42) (44 46) (43 47) (48 39)
 (43 36 47) (50 40) (49 51) (52) (41 48 50 38) (45 54) (55 53) (55 53) (44 38)
 (52 58) (57 59) (60) (56 57 59) (55 53 59) (57 59) (64) (63 61 65) (62 65)
 (67 66) (62 64) (69 63 61) (67 70) (71) (68 71) (73) (61 64) (72 75) (76 74)
 (76) (78 73) (78 74) (75 66 71) (72 75 68) (78 82 77) (81 83) (79 84) (84)
 (84) (81 82) (85 88) (79 88 83) (89 90 87) (80 91) (92 86) (90 86 87) (84 88)
 (89 95) (80 90 96) (97 86) (97 94) (99 92) (99 92) (101) (98 102) (103)
 (101 93) (105) (106 104) (106 100 103) (108 104) (105 104) (107 109 110) (99)
 (111 112) (113) (114) (111 112) (98 100 102 112) (98 100 112)
 (114 116 117 118) (114 117 118) (120) (121) (109 118) (123 119 120) (109 118)
 (122 125 119) (126) (115 124 125) (122 128) (129) (129 127) (131) (130 132)
 (130 131) (133 134) (135) (129 127) (129) (138) (128) (140 135) (141)
 (142 136) (142) (137 142) (142) (139 141) (137 140 135) (138 148 143)
 (145 138 148 144))