(NIL (1) (2) (3) (3) (4 5) (6) (7) (7) (8 9) 
(8 9) (9) (6) (10 11 13) (14) (12 15) (10 12) (16 17) (16 17) (12 15) 
(16) (17 21) (5) (16) (19 24) (19 20) (17 24) (18 22 23 27) (18 26) (20 22) 
(26 28) (28) (29 31) (29 30 31) (29 30 32) (34 35) (34) (33) (25 33) (32 39) 
(35) (37) (34 35) (39 42) (44) (45) (32) (34) (38 43 45 47) (36 45) 
(43 47) (41 50) (47 52) (35 38) (41 48) (39 41 51) (43 46 52) (57) (38 43 46 47) (43 50) 
(51 53) (51 58 59) (53) (38 50) (49 57) (43 63) (53 57 59) (48 56 63) (65 66 67) (56 66) 
(49 51 64 67) (65) (51 66 72) (61 73) (72) (69 74 75) (67 68 73) (63) (40 54 62 64 75) (46 66) 
(63 72) (72) (38 52 60) (52 59) (48 51) (56 59 74) (40 53 84) (57) (62 76 81) (48 53 60 62 65) 
(68 69 71) (55 77 78 89 90) (50 59) (61 64 75 80 90) (49 59 60) (56 64 74 75 90) (40 71 94) (77 79 97) (68 96) (71 76 85 96) 
(87 99 100) (36 41 46 49 51) (76 79 83 84) (40 59) (48 75 82) (81 101) (64 77 81 88 105) (40 82 96) (70 86 89 103) (54 69 97 107) 
(54 72 84) (79 82 89 100) (60 111) (98) (60 104 107) (84 98 100) (89 98) (48 51 72 104) (97) (69 75 85) 
(76 82 99 104) (84 98 110 120) (95 96 98) (89 116) (56 84) (76 95 99) (106) (77 112) (91 123) (55 129) 
(63 72) (105 111 130) (37) (76 98 108 133) (87 88 93 116) (68 76 88) (135) (104 125 128) (73 75 82) (100 122) 
(93 98 131) (108 118 137) (129) (88 100) (79 94 115) (40 105) (91 95 114 120) (130 140) (108 109 119 125 126 137 140) (138) 
(92 128 137 141) (107 118 134 139) (130 140) (55 124 147 150 152) (67) (70 143) (115) (101 124 133) (121) (92 95 117 157) 
(91 100 113 152) (86 107 159) (131 133 149 157 159) (128 129 146) (91 102 122 131) (122 143 159) (101 134 136 141) (102 150 151) (70 125 133 140 144 146) (92 161) 
(101 102) (98 113) (115 122 152 168) (91) (113 125 130 146 151) (86 129 154) (152 155) (83 108 147) (102 106) (153 168) 
(170 180) (119 127 136 155 159 168) (116 127 132 179) (81 147) (36) (78 103 111 165) (101 159) (78 89 102 125 127 129) (142 163) (114 134 136 189) 
(111 154 156) (91 98) (132 173 174) (116 125) (147 181 186) (148 161) (127 168 190) (162 166 175 196) (113 163) (144 158 186 193) 
(91 95 97 136 138) (118) (101) (93 118 164 178) (113 153 156 173) (156) (78 101 109 140 184 201) (133 204) (103 159) (114 130 156) 
(86 155 157 204) (117 153 197 211) (132 169 179) (159 169 205) (131 149 174) (165 179) (121 149 193 203) (149) (174 180 184 212) (114 144 182) 
(134 158 187) (109 116 132) (124 128 130 133 185) (219) (169 198 218) (119 183 198 206) (148 180 186 212) (132 165 172 211) (226) (226) 
(92 139 149 188) (76 99) (127 133 204 215 216 218) (188 220 227 229) (141 164) (106 143 195 211 217 223) (236) (149 220 226) (145 155 216 217) (153 175) 
(165 220 226) (225) (125 184 222) (186 204 214 217 241) (159 164 180 184 202) (166 236) (148 182 236) (119 127 201 205 222) (154 220 236) (142 196 218 245 247) 
(154 160 183 205) (171 240 244) (67) (217 242) (205 218 231 234) (207 241) (114 116 125 136) (225 232 234 240) (177 210 240 256) (160 169 176 200 249) 
(201 247) (88 109 134) (188 221) (156 179 180 257) (249 252) (163 192 215 247) (110 168 185) (171 242 260) (80 115 127) (127) 
(117 191) (245) (109 184 230) (188 252) (212 268 273) (184 265) (237 253) (205) (152 159 207 270) (148 167 170) 
(146 151 159 186) (199 209 276) (127 131 210 243) (257 259) (177 181 194 204 231 239) (206 272 281) (235 249 283) (157 188) (192 236) (142 225 288 289) 
(218) (252 266 277 286) (190 214 253) (150 157 174 210 223 257) (270 289) (265) (287) (83 203 205) (253 255 285) (162 269 280 287) 
(214 217 223) (86 223) (147 220 232 239) (184 222 265) (167 248 273 296) (149 169 221 280 298) (191 274 288 298) (183 197 214 261 269 278 291) (143 184 240) (232 241 308) 
(179 260 278 298) (185 262 303) (200 235 277) (144 175 205 206 257 269) (185 238 244) (304) (243 256) (190 215 254 274 277 297) (201 205 250 268 273 281 309) (160 256 258 281) 
(255 261 311) (145 226) (244 319) (219 304) (228 231 296 316 319) (209 280 285 305 312) (177 227 230 304) (210 213 246) (286 311 325 328) (172 222 260 292) 
(122 168 175 253) (172 187 262 328) (199 227 231 318 323) (207 213 216 271 282) (182 184 239) (202 316) (242 292 324) (193 210 212 228) (154 167 187 213 246 284 303) (282 294 302 324) 
(245 315) (243 267 326) (177 277) (216 232 237) (154 199 212 291) (163 305) (154 204 232 278 294) (177 295 297 319 321) (320) (200 336 339 342) )