(NIL (1) (2) (3) (3) (4) (6) (5 6) (7) (8) 
(10) (9 10) (9 11) (12) (7) (14 15) (9 10) (12 13 15) (18) (13) 
(19) (13) (21) (13 15) (23) (14 19 22) (19) (16 17 20 26) (21 27) (16 22 27) 
(25) (12 22) (25 28) (17 27 31) (17 25) (28 29) (16 26) (24 36) (32) (28 29 39) 
(22 29 34) (41) (34 38) (24 41) (42) (37 38) (37 38) (40 44) (37 48) (35 48) 
(43 45) (44 46) (47 49) (36 45 49) (51 54) (30 42 53) (14 44) (55) (53) (40 57) 
(55) (28 32 34) (52 54) (51 63) (52 59) (23 40) (51 54) (59 64) (47 60 63) (50 58 69) 
(38 54) (67) (47 50) (65) (52 58) (51 74) (33 62 72 74) (50 76) (76) (64 69) 
(59 63 71 72) (33 50 61 62 75) (30 70) (39) (61) (68 70) (65 83) (82) (65 72) (82 83 89) 
(81) (62 68 70 78 85 91) (30 73 74) (33 72 84 85) (30 60 71 74 85) (87 91 95) (57 66 71 76 84) (56 61 75) (77 98) (73 78 85) 
(33 66 92) (56 87) (72 79) (78 86 87 97) (77 95 104) (64 81 87) (68 91 98) (88 104) (25) (30 39 45) 
(99 101 102) (103) (68 80 87 91 94) (9) (93 98 106 109 113) (56 75 105) (70) (107) (61 63 103) (85 104 112) 
(70) (65 67) (55 59 63 71 84) (83 112 117 122) (82 92 107 109 110 122) (87 92 109) (106 118 123 124) (99) (115 116) (82 100 129) 
(73 85 117) (69 89 110) (84 122) (30 43) (62 89 104) (101 106 112 118 135) (79 96 100 114 129) (94 126 136) (87 107 128) (92 93 119 123) 
(61 103 104 121) (33 117 120) (69 82 119) (91) (79 108 132) (89 95 139) (96 125 135 146) (73 102 106 119 123) (138) (116 122 126) 
(108 142) (56 96) (111 118 129 148 152) (102 108 149) (88 95) (145 148) (89 108 130 150) (114 130 149) (96 115) (100 138 156) 
(93 142 154) (143 156) (147) (99 100 123 135) (137 158) (128 138 156) (44 51 62) (98 162) (100) (94 99 100 144 162) 
(80 96 144 151 155 160) (64 97 98) (88 92 159) (108 127 152 159) (125 137 173) (109 134 144 156 172) (123 137 147 151) (165 169) (90 142 153 165) (143 158 175) 
(99 102 108 140 169) (124 136 155) (114 151) (116 173 174) (141 174 183) (93 171) (129) (105 121 173) (117 132 157) (78 128) 
(138 184) (111 147 157) (137) (134 158 166 171 182) (121 143 161 164) (160 193 195) (124 176 181) (147 164 176) (82 93 127) (80 101 121 162) 
(147 196) (154 176) (154 176) (70 82) (164 199) (154 162) (177 195) (194) (138) (140) 
(105 125 162 164 167) (153 175) (78 172) (158) (182) (142 150 181) (131 159 165 169 189 194) (177 211) (141 143 198) (79) 
(116 140 160) (136 185 213) (126 151 168) (86 118 172) (111 147 187 190 203 210 224) (163 202) (102 120 137 145 157 167) (146 155 214) (153 163 204) (111 113 176 186) 
(187 210 213 217) (165 206 208 215 218 226) (158 173 216) (113 160 163 190) (158 175 176) (157 205 232) (160 172 188 216) (160 161 181) (117 200 220) (133 134 205 237) 
(162 184 197 202) (153 204 223) (165 185 186 202) (184 187 210) (150 153 165 168 225) (90 163 206 217) (170 178 218 219 241) (90 107 141 155 188) (111 146 195 237) (151 175) 
(205 243) (209 247) (173 201 251) (195 217) (131 141 199 208) (126 143 145) (158 203 234) (121 166 211 223 226) (136 169) (180 256) 
(161 165 185 235 257) (90 177 206 242) (140 178 236) (166 189 216 223 227) (195 197 263) (194 239 249) (219 231) (153 217 219 221 258 265) (193 263) (199 227 234) 
(128 240) (159 264) (266) (199 202 229 249) (163 218 273) (133 181 187 191 232 239) (189 235 263) (243 264) (170 207 230 238) (127 143) 
(218) (75 77 109 142) (244 253 267 269) (186 265 269) (198 221 240 284) (263) (165 171 229) (94 146 168) (140 178 253) (198 271) 
(155 188 238) (181 188 267) (130 139 212 213 221 237) (196 259) (199 220) (194 211 215) (206 294 296) (173 205 230) (212 291 295 297) (264 276) 
(190 196 276 295) (188 213 221 254 277) (278) (197 212 234 236) (213 229 260) (137 206) (115 168 211 238) (191 201 214 252 298) (230 265) (134 180 184 190) 
(90 221 250) (217 240 307) (179 187 251 256 302) (230 237 278 284) (187 262 263 280) (127 150 242) (314) (249 303) (93 105) (163 235 251 273) 
(214 249 265 288) (237 260 280 301) (178 220 242 246 274 306) (277 285 315) (141 279 285 310) (127 194 213 287) (198 314 326) (147 235 244) (90 267 325) (255 297) 
(302) (246 305 320) (161 171 272 316) (180 214 240 317) (303) (137 163) (233 242 263 266) (201 307 313 334) (125 167 197 266 294) (86 139) 
(238 245 290 320) (128 215 242) (234 341) (230 240 254 281) (268 297) (184 339) (195 269 291 328) (247 340) (215 281) (161 181 198 214 257 305) )