(NIL (1) (2) (3) (4) (4) (5) (5 6) (6 7) (8) 
(10) (10) (7 11) (9 11) (9 12 13) (9 11) (7 10) (12 17) (16 18) (13 16 18) 
(15 19) (14 21) (21) (23) (22) (20) (23) (24 25) (12 16) (28) 
(14 20 21) (19) (14 19 26) (20 28 32) (26 34) (25 29 32) (14 23) (36) (35 37) (35 37) 
(31 33 36 40) (35 37) (34 36) (42) (26 30 37) (26 28 31) (30 35 37) (35 36) (34 37) (29 35) 
(39 40 43 44 47) (39 41 45) (41 46) (43 52) (39 40) (33 47) (39 53) (54) (53 55) (51 54 59) 
(44 48) (39 42 43 53) (56 57) (30 44) (62) (41 46 51 56 64) (51 59) (52) (60) (43 63 64) 
(45 50 67) (42 50 59) (46) (30 31) (41 64) (70) (58 64 65 71 74) (56) (46 47 48 58 74) (49 58 69) 
(43) (72 76 79) (38 71) (61) (60) (27 30 73) (58 78 86) (79 80) (38 74 80 81) (68 74) 
(59 65) (48 64 67) (81 83 92) (53 61 64) (27 61 77) (76 80 85) (49 95) (58 84 86 92 94) (75 96) (72 74) 
(84 86 93) (61 71 72 81) (58 66 85) (99 102) (65 86) (68 78 83 91 92) (27 66) (62 68 86 88 89) (75 108) (57 109) 
(89 90 93) (58 68 76 107) (95 108) (78 103 113) (94 106 114) (63 66 111 113) (66 76 93 102 109) (63 103 105 113) (82 85 101 108 112) (87 105 115) 
(57 78 105 111) (49 71 72 76 84) (62 75 101) (87 96 114) (98 101 117) (74 83 112) (106 112) (92 96 110 112) (84 117) (112 118 129) 
(120) (123 129) (130) (48 83 99) (72 121) (39 78 81) (107 108) (77 121 137) (95 127) (98 106 133 138) 
(60 66 70 84) (99 107 110) (130 136) (91 116 143) (116 119 133) (94 124 130) (92 114) (57 72 111) (116 126 131 139) (116 129) 
(78 100 113) (91 134 147) (101 148) (129) (49 79 85) (127 152) (130) (99 111 118 127) (58 62 86 94) (157) 
(123 130) (98 106 114 126 132 155) (82 104 133) (100 124 139 144 152) (140 141 154) (69 85 94 101) (103 127 150) (117 141) (72 76 98) (111 139) 
(99 122 136 160) (76 94 114) (135 161) (87 134 145 150) (116 118) (131 142 166 168 173) (120 123 142 158 160) (97 174) (121 178) (146 150) 
(100 128) (120) (152 155 165 171 180) (142 171 180) (129 139) (48 70) (97 123 146 157 167) (122 131 177 179) (104 116 136 140 161) (150 173 181) 
(132 138 181) (175 179 184) (85 98 100) (161 169 192) (97 172 176) (97 123 149 169) (102 147 148 159 170) (154 156 182 184 196) (119 131) (190 193) 
(116 125 177) (96 126 130 199) (135 146 155 157 170) (140 160 169 185) (82 140 164 169) (172) (142 156 199 205) (198) (75 108) (133 175) 
(87 114 126 144 165) (119 146 205) (123 139 153 167) (161 171 187) (145 154 173 207 212) (137 153 190 198) (167 183 186 188 191 205 210) (96) (126 217) (194 207 212) 
(101 186) (160 165 178 212) (87 152 166) (151 183 199) (147 206) (114 186) (207) (91) (191 204 216) (118 152) 
(160 174) (98 139 172) (148 194 211) (97 98 163 176 230) (125 165 216) (206 220) (90 110 202) (165) (133) (195 225) 
(141 151 191 227) (156 238) (162 194 204 232) (145 173 206 224) (149) (121 126 131 139 167 225) (126 157 174 226) (181 194 198 204) (206 213 233 247) (128 233) 
(139 177 178 181 221 247) (194 209 246) (132 194 213 223) (252) (101 131 168 181) (152 188) (168 190 192) (179) (120 132 139) (115 174) 
(193 216 223 254) (187 213 215 246) (106 125 152) (191 222 252) (155 192 204 256) (131 159 166 222 257 259) (153 196) (202 205) (203 223) (169 179) 
(138 171 186 190 195) (235 252) (100 144 176 189 194 225) (240) (248) (265 272) (170 261 276) (224 277) (148 182 195 232) (159 170 200 202 244) 
(173 210 263) (276) (99 245 259) (194 214) (207 248 251 279) (120 183 213 233 257) (205 252 269 279) (187 204 256) (135 141 182 192 218) (177 214 220 237 261 269) 
(265 269) (212 257) (170 267 283) (151 243 273) (159 168 188 249) (143 157) (100 141 291) (195 214 218 268) (145 163 240) (185 187 198) 
(139 171) (198 230 279) (288 302) (149 190 234 252 258) (258 282) (177 216 266) (256 290) (188 231) (148 167 240 257) (121 143 228 231 245 247) 
(226 274 275) (188 216 275) (229 258) (140 174 218 296) (125 254 264 275 313) (216 218) (271 307) (142 165 166) (220 225 260 318) (223 252) 
(151 236 237) (170 237 294) (208 209 288) (241 265) (188 216 233 245 266) (202 221 270 277 281 299 305 313) (233 240 304 319) (162 201 229 256 262) (235 294 295 308) (210 215 280 294) 
(203 252 285 293) (295 307) (201 307) (125 170 302 320 324) (162 217 280 310) (96) (190 222 260 262 269) (266 288) (139 201 289) (197 228 330) 
(162 229 241 299 317) (162 166 192) (159 228 272 319 341) (162 288 331) (162 221 263 290) (236 343) (283 345) (319 340) (153 159 244 259 310) (235 281 294) )