(NIL (1) (2) (3) (4) (4) (5 6) (7) (8) (8) 
(9) (10) (11 12) (11) (13) (7) (14 15) (10 14) (17) (19) 
(18 20) (16 18 19) (21 22) (22) (23) (23 24) (25) (17) (13 18) (26) 
(27 30) (25 30) (27) (23 29) (23 29) (31 32) (26) (34) (30) (20 29) 
(25) (36) (25 28) (31 38) (32 33 39) (27 30) (29 46) (45) (27 28 38 39) (31 33 39) 
(29 31 32) (31 39 40) (45) (41 49) (29 46 48 53) (42 45) (47) (48 50 54) (35 44 53 58) (37 55) 
(50 60) (38 40 43 51) (56 57 59) (61 62) (51 53 58) (32 40 49) (61) (63) (52 61 63) (43 68) 
(63) (42 44 61) (57 60 65) (62 63 73) (71 74) (47 56 64) (66 75) (35 52 65 67) (68 73 76) (69 77) 
(69) (72 75 81) (38 41 51 56) (29) (77 84) (75 83) (78 82 84 86) (69) (80 82) (68 76) 
(52 76 86) (68 86) (27) (78 91) (62 66 81 93) (52 92) (80 95) (79 89 97) (66 79 82) (84 91 95) 
(67 88 99) (79 87 90) (86 95) (87 97 99) (80 101) (103) (90 94 103) (82 86 93) (90 92 105) (80 107) 
(77 107) (78 80 84) (87) (99 110) (87 95) (87 105 111) (96 116) (104) (72 110) (116) 
(111) (105) (108 110) (70 72) (101 112 121) (123) (122 126) (35 37 57) (37 42 53 66) (85 120 127) 
(99 102) (107) (78 108) (120 131) (120) (119) (114 118 119 131) (122) (126) (139) 
(99 113 136) (87 108) (121) (103) (107 118) (98 112 144) (79 112) (106 141 145) (98 108 148) (84 109) 
(97 114 115 128 138 139 141) (100 127 131 143 149) (98 136) (117 143) (89 92 125 130) (98 114 134) (120 151) (82 93) (133 135 152) (103) 
(147 160) (85 116 126 153) (105 119) (113 150) (104 122 123) (100 115 155) (105 113 126 161) (100 154) (127 144 153) (110) 
(70 130) (151 153) (113 160 168 169) (96 156 170) (136 171) (157 173) (91 97 109 128) (166 173) (114 133 150 166) (125 152 165) 
(139 166) (119 126 144 156 177) (148 150 173) (117 145 181) (117 159 162 174) (106 118 172 173 177) (85 164) (128 142 162 181) (129 174) (104 106 132 157 167) 
(132 147 174) (124 159 184 187) (106 108 121) (70 87 109) (168 182 190) (108 154) (96 149 167 187) (177 179 189 193) (139 170) (193 195) 
(175) (145 179 194) (183 191 196) (106 121) (201) (161 164 180 205) (180 203) (140 179 189 197) (153 179 205) (145 198) 
(128 154 155) (115 185) (158 182 196) (129 186) (132 155 176 214) (153 168 170) (109 146 159 181) (183) (134 184) (133 176) 
(113 182 194) (148) (162 178) (158 190 206 219 220) (146 150 169 200) (120 143) (70 102 186 199) (135 164 165 191) (176) (229) 
(171 180 199 202 225) (149 177 230) (178 209) (122) (221) (223) (142 200) (190 216) (128 183) (178 192 234) 
(146 238) (138 149 163 164 222) (133 195 197 229) (195 232) (102 150 178 194 214 238) (199 211 219 238) (167 186 188) (169 182 210) (178 218 241 246) (162 203) 
(109 156 188) (208 232) (140 230 240 242) (220 232) (98 137) (207 235) (137 202 203 246) (174 186) (116 132 133 138 193 222) (125 183 193) 
(166 194 237) (204 220 252) (230) (194 227) (156 162 218 224) (229 259) (132 232 248 255) (210 253) (207 215) (213 217) 
(180 246 261) (125 137 200) (205 252) (140 165 248 249 259) (218 231 232) (165 172 249) (161 220) (196) (227 232) (184 215 221 273) 
(211) (85) (191 193 218) (232 247) (264) (218 226 243 259 262) (131 143 188 205) (129 171 184 197 225 234) (272 286) (202 217 226) 
(137 198) (182 194 212 279) (217 243 257) (233 270 281 286) (223 231) (246 294) (205 271 281) (146 206 230) (241 267 298) (215 243 253 255 271) 
(233 266 284) (215 237 244 257 264) (190 285) (231 255 259) (224) (206 250 285) (186 226 251 277 298) (197 281) (208 222 239 255) (212 291) 
(155 256 259) (185 216 240 304) (259 276) (255 257) (156 222) (247 275 278 304) (186 241 253 281) (130 186 266 283) (221 239 300) (171 183 225) 
(130 183) (258) (159 224 320) (283) (225 239 253) (214 229) (189 212 257 272) (209 281) (180 215 227 242 294) (135 245 258) 
(185 261 282 330) (105 107 129) (224 233 312) (219) (193 258) (138 248 310 315) (229 287 313) (238 290) (190 213 258 269 321) (207 235 251 288 304 308) 
(280) (170 175) (250 268) (257 263 317 323 337) (215 238 268) (192 223 299 309 315) (117 228) (124 138 218) (142 224 298 321) (202 268 324) )