(NIL (1) (2) (3) (4) (5) (6) (7) (7) (8 9) 
(10) (11) (10) (10) (13) (7) (13 16) (11 13 14) (15 18) (10) 
(12 13) (19 20 21) (14) (16 19 23) (12 18 23) (17 22) (22) (22 25) (26) (14) 
(27 29) (17 28) (28) (26 30) (31 32) (28) (20 30) (27 29 32 37) (33 35) (24 27 29) 
(36 39) (28 31) (24 30 35) (34 41) (22 25) (39) (22 24) (42) (26 36 45) (41 46 48) 
(39 45) (46 51) (49 50) (33 36) (36 39 42) (37 44 52) (42 44) (42 54) (34 51) (35 49) 
(56 57) (30 40 51 54) (43 56 60) (37 44 47 48) (38 50 60 64) (48 52 54 57) (40 55 57) (37 44 51 60) (36 47 59) (68) 
(52 65 70) (63 67) (40 53 58 71) (59 62 72) (47 53 66 68) (53 59) (76) (65) (48 56 60 67) (64 70) 
(59 78 80) (69 72 73) (58 66 79) (50 52 70) (74) (62 77 81) (75 77) (43 62 69 81) (69 81) (73 79 81 84) 
(83 90) (59 84) (63 69 73 77) (85 89) (53 63 83) (74 79) (43 53 57) (96) (92 93 95) (62 80) 
(62 73) (56 78) (69 96 100) (84 95) (102) (70) (86 91 106) (91 100 104) (104 105 107) (88 98 108) 
(72 109) (66 73 103) (59 71 84 100 106) (43 55 101) (103 110) (74 86 91 104) (47 57 62) (96 102) (102) (118) 
(103 116 120) (98 101 116) (78 113) (97 118 122 123) (91) (85 115 124) (82 84 87 100 118) (53 67 117 119 123) (58 102 113) (85 104 127) 
(93 111 125 127) (93) (92 109 112) (87 121) (103 114 131) (112 131 134) (85 108 124 131 134) (63 66 114 123) (133 134) (122) 
(91 99 104 105) (86 92 94 104) (85 115) (65 103) (117 118 119 123 143) (77 90 138) (74 99 102 114) (124) (112 116 125) (94 126 147) 
(131 150) (111 142) (101 116) (120 129 150) (112 137) (111 130 150) (101 119 134) (73 97 128) (94 104) (75 93 122 129 144 159) 
(126 127) (120) (147) (88 90 117) (87 140 146 154 162) (93 118) (114 115 121 129 142 153 166) (132 134 138 140) (97 135 160) (110) 
(88 128 133 135 144 147) (111 127 150) (107 126 138 158) (138 151) (110 148) (80 163) (108 128 157) (94 145) (129 141 174) (53 71 162) 
(88 136 146 148) (142 149 151 155 162 164 171) (107 158 175) (82 87 144 148) (82 111 177) (146 150) (151) (82 186) (185) (136 154 175 189) 
(168 175) (132 140 163) (155) (158 178 185) (151 190 191) (131 132) (173 187) (140 156 193) (161 184) (169) 
(167 172 178) (142 166) (135 155 201) (76 92 110) (149 181) (202) (139 164 187 204) (92 124 164) (158 198) (146 174 175 176) 
(139 149 200) (171 209) (185) (139 164 191 200) (108 132 142 164) (142 199) (214) (87 180 192) (149 172) (139 141 181 195) 
(163 219) (201 210) (141 211) (115 136 152 171 218) (187 198 203) (145 189 212) (165 168 177) (148 170 218 227) (214 223 227) (119 139 151 175) 
(61 155 167 174 218) (188 209 228) (160 191) (140 178 182 193) (100 109) (121 130 135 150 178) (151 183 217 219) (201 204 214) (152 166 213 223) (162 172 216) 
(150 213) (119 127) (136 178 200 204) (153 162 202 226) (157 173 211 233) (219 241) (154 179 225) (138 143 166 172 223) (160 192) (126 144 215) 
(82 160 176 177) (130 211) (117 221) (158 159 176 234) (188 224 225 229 235) (248) (152 194 197 219 234 245) (126 137 224) (135 159 195) (170 172 197 254) 
(158 202 240) (157 191 203) (190) (77 88) (61 167 179 190) (129 197 199 246) (148 219 244) (165 190 204) (245 264 266) (163 205) 
(257) (225 260) (152 174 263 269) (176 248 271) (177 225 249 256) (171 197 216 232) (169 183 199) (197 211 234 249 267 270) (189 269) (201 216 269) 
(223 230 261 276) (88 108 132 211) (154 183 209 231) (202 211 220 236 238 241 250 263) (149 159) (141 225 228 273) (157 249) (232 240 258) (194 196 236 237 259 286 288) (157 174 202 282) 
(185 193 231 233) (229 257 263) (186 199 292) (192 237 259) (97 113 135 235) (265 289) (161 165 231 233) (142 145 184 294 295) (230 272 286) (201 206 216 253 268) 
(202 274) (252 279 298) (214 228 241 242 287) (212 242) (225 236 258) (243 296) (173 219 241 244) (155 256 303) (171 250 279) (179 254 292) 
(173 231) (216 257 270 304) (182 253 259 284) (254 296 301) (188 252 263 305) (196 297 310) (163 167 215 233 237 264) (205 277 279 292) (151 198 245 285 303) (239 258 280) 
(208 213 215 249 254 264 270 282) (136 153 168 204 285) (230 282 298) (155) (153 294) (255 295 304) (313) (101 102) (174 263) (260 304 318) 
(137) (186 203 229 248) (232 293 328 332) (269) (174 251) (289) (130 262 279) (189 257 291) (156 229 265 308) (184 215 222 285) 
(189 203 322 328) (209 224 236 302 303) (235 266) (265 333) (259 276 330) (150) (202 258 262 309 310) (118 122 176) (196 228) (306 328 340) )