(NIL (1) (2) (3) (4) (5) (6) (7) (8) (6) 
(6) (9 11) (12) (10 13) (10 12) (13) (14 16) (15 16) (12) (16 19) 
(10 16 19) (15) (21 22) (21) (21 22) (14 16) (21) (18 25) (24) (23 26) 
(17) (17 30) (20 25 29 32) (25) (26 27) (18 24 31) (18 20) (31 33 35) (15 21) (14) 
(33) (28 30 36 40) (37 40 41) (20 42) (32 37 39) (33 34 37) (39 41) (27 43 44) (38 48) (42) 
(35 42 47) (45 47 50) (33) (28 35) (47 50) (45 46 55) (45 47 53 54) (29 45) (46 55 57) (51) 
(29 34 45) (35 48) (35 45) (49 59) (46 49 63) (28 53) (59 65) (57) (66) (32 36) 
(53 65) (65) (52 64) (67) (13) (51 74) (42 68) (60 65 70 77) (68) (72) 
(73 78) (72 77) (56 71) (65) (71 73) (83) (79 80 86) (62 64 76) (64 83) (62 64 77) 
(88) (80) (32 50) (82) (46 70) (73) (69 78 80 94) (67 81) (60 75 79 92 96) (74 97) 
(74 92) (74 78 90 96) (62 77 80 84) (75 84 87 100) (80) (81) (53 60 93) (98 99) (71 88 100 108) (62 81) 
(94) (101 104) (56 58 69) (84 87 89 101) (56 58 82) (98 112) (88 108 112) (99 103) (54 113) (90 110 117) 
(52 58) (92 93) (112) (117) (115 116) (51 79 82 86) (59 93 126) (73 103 114 127) (115 123 126) (38) 
(118 121 126) (84 106 113) (71 94) (89 103 119) (134) (107 108 132) (95 106 113 130) (74 79 135) (91 92 132) (109 110) 
(91 114 136) (76 127 131 136) (114 116 131) (93 120 126 137) (138) (121 125) (120 135 136 137) (62 94 96) (90 119) (69 108 133) 
(82 130 134) (105 123 124 125 136) (107 124 139) (142 153) (109 138) (84 121) (91 98 99 137) (69 148) (152) (135 148) 
(106 120 124) (144) (81 93 156) (81 83 156) (141) (91 103 146 149 156) (98 101) (88 136) (122 141) (109 120 157 159) 
(102 124 168) (114 129 159) (144 151) (101 102 121 135) (76 93 113 125) (114 138 144 153 156) (109 145 149 156 157 171) (149 154 168) (116 126 177) (83 130) 
(175 178) (59) (151 165 182) (71) (110 154) (99 134 182) (119 133 169) (165 181) (124) (109 118 133 172 186) 
(111 144) (105 119 124 156) (131 133 171) (104 135 137) (145 158 178 180 194) (181 189 195) (95 183) (123 135 197) (112 115 141) (91 131 164) 
(133 134 148 164 168 180 199) (193) (125 144 165 193) (187 203) (177 182 196 200) (64) (173 174 190 201) (85 95 178) (100 167) (100 151 187) 
(146 152 188 195) (122 129 168 175 200) (142 151 174 191) (143 206) (143 206 211) (149 159 184 204) (117 127 145 210) (150 152 155 181 195) (194) (126 140 161) 
(147) (192 206 211) (96 119) (146 173 191 195) (127 137 223) (102 155 209 212) (144 156 193 221) (205) (156 189) (157 158 216) 
(85 102 114 151) (109 142 165 176 201) (154 194 213) (152 224) (127 165 182) (189 212 222) (89) (85 182 232) (184 218) (143 162 174 202 222 239) 
(154 172 212) (156 169 209 214) (238) (198 241) (85 134 165) (127 207 245) (102 196 237 241) (192 227 234) (143 164 173 223) (94 145 186) 
(128 216 233) (251) (216) (163 207) (122 164 218) (148 156 194) (173) (208 240 248) (111 211 253) (162 176 181 253) 
(180 185 244) (140 259) (72 98 149) (207 256) (128 197 229 258) (256) (85 120 143 255 266) (220 260) (137 145 166 197 235) (166 218 221) 
(61 188 200 203 229 246) (208 229) (136 143) (170 173 184) (220 239 271) (258 274) (135 144 154 175 229) (176 244 264) (210 239) (245 266 279) 
(126 136) (212 237 262 280) (122 133 222) (178 199 206) (139 214 229) (155 170 214) (211 242 268 279) (208 257) (190 230 233 235 276 283) (252 285) 
(219 226 260 265) (235 250 260 270) (190 230 276) (20) (293) (238 256 275) (176 256) (161 208 232) (182 202) (285 295) 
(292) (163 183 192 296) (177 204) (268) (122 240 274) (150 192 202 216) (224) (194 230) (199 287 293) (271 285) 
(156 169) (111 246 280) (196 210 263 304) (129 240 252) (198 251 276) (85 170 196 220 252) (174 301) (177 197 274 302) (198 289) (198 205 226 290 312 314) 
(61 129 231 249 274 311) (120 145 151 154 172) (196 208 234) (246) (190 230 279 297) (160 209 212 275) (161 227 271 320) (161 215 226 311) (240 267) (160 243 309) 
(315 320) (122 195 257) (166 210 316) (155 160 162 220 236 242 253 277) (51 52 80 294) (183 215 242 294) (150 235 277 311) (228 264 331) (319) (217 252 286) 
(128 147 188 206 261) (257 275 290 325) (219 232 245 265 277 313) (307 320 324 333) (215 241) (163 201 220 229 328 339) (338) (347) (187 281 288 311) (85 184 303) )