(NIL (1) (2) (3) (3) (3) (4 5) (3) (6 7 8) (9) 
(10) (9) (11 12) (13) (10) (6 7) (13 15) (13) (18) (17 19) 
(14) (20) (18) (15 18 21) (16 24) (24) (14 16) (16 21 22 23) (20 23) (16 22) 
(26 30) (24 28) (31) (28 31) (27 32 33 34) (29 35) (25 34) (25 27) (34 38) (35) 
(24 29 30) (27 29 33) (40) (41 43) (28) (27 37) (39 41 46) (44) (29 33 37) (42 43) 
(49) (43 46) (47) (45 48 53) (46 51) (47) (51 52 54) (22 29) (54) (36 56) 
(43 60) (51 58 59) (57 59) (43) (50 55 58 59 60) (42 59) (36 54 55) (50 61 63) (62) (50 52 60 64) 
(59) (45 56) (36 71) (71 72) (67 72) (42 57 58) (63 64 73) (55 71) (76) (63 70) 
(48 51 60) (67 68) (60 76) (67 72 83) (53 61 70) (65 79) (69 75) (74 83 86) (62 74 82) (80) 
(63 70 76) (62 66) (57 62 67) (61 65) (76) (79 85) (56 69 92) (55 95) (69 86 98) (82 84 90) 
(87 94 96) (71) (83 87 99 102) (64 76 82 87 102) (89 104) (85 88 89 100) (56) (94 97) (85 93) (61 73 95) 
(68 74) (62 110) (81 101) (96) (90 93 98 104 110) (68 80 92) (50 72 79 98 102) (67 74 117) (107 113) (20) 
(82 103) (107 115 120) (66 112 114 119) (61 65 69) (88 117 121 123) (104 116) (94 104 107 124) (92 111) (65 92) (125 128) 
(118 127 130) (99 101 116 122) (132) (131) (123 129) (91 100 131) (90 92 95) (99 118 128 135) (72 83 86 112) (78 133) 
(105 138) (77 101) (117 133 142) (135) (109 138) (106 123 133) (131 133) (139 145) (83 108 123) (100 130 139) 
(129 147) (88 97 103 132) (130) (89 134 143) (108 117 132) (72 109) (130) (150 155) (94 96 122) (83 159) 
(71 91 93 99) (152) (80 111 123) (149) (78 86 126) (133 164) (108 141 154 163) (127 130 139) (68 80 92) (131 139 152) 
(165) (137 146) (118 155 168) (121 138 142 163 172) (122 145) (141 158 163 164 169 173) (83 122 126) (123 161) (52 81) (77 89 130) 
(124 157) (84 143 181) (89 142 144 164 178) (48 55 64) (104 145) (87 88) (88 90 117 164) (84 170) (90 131 184) (148) 
(115 119 127 142) (105 163 173 181 184) (71) (108 153 154) (84 130 169 177) (140 174 195) (137 158 167 170) (147 148 168) (100 126 190) (176 185) 
(133 141 171) (142) (170) (170 172 199) (144 172 177 182) (131 175) (89 114 117 152) (136 152 160 189 191) (131 146 182 199) (106 155 156 166 178) 
(134 138 146 160) (193 203 205) (136 142 173) (156 191 192) (78 185 197 212) (89 108 135 157 160 169) (89 142 151) (147 187) (154 163 172) (126 135 213 218) 
(125 132 137 156) (91 153 177 185 197 199) (190 192 193 197) (140 162 219) (81 96 100 116 161) (179 212) (150 169 208 210) (157 184) (161 171 209 214 220) (144 172) 
(212) (78 161 197 202 209) (100 125 143 183) (91 159 165 224) (148 167 179 206 227) (171 172 227) (236) (151 154 191 203) (132 199) (92 106) 
(105 182 219) (151 188 237) (179 203 223) (153 166 181 211 220 239) (175 224 236 241) (140 198 209 226) (138 152 205) (108 127 195) (150 156 208 224) (214 234) 
(205 242) (243) (174 237) (178 196) (170 185 196) (159 191 205 221 248) (187 201 233 240 242) (105 225) (176 222 225 226 234 244) (225 231 243) 
(173 181) (165) (171 176 194 208) (212 247) (235) (232) (235 252 264) (190) (138 170 187) (214 231 249 251) 
(140 185 240) (222 236 268) (173 245 253 257 264) (74 149) (203 214 249) (158 216 256 258) (201 249 259) (183 189 231 264) (207 222 235) (126 169 182 213 230) 
(169 181 201) (223 257) (151 178 222 264) (201 235 283) (202 243 251 279) (226 284) (194 251) (152 193 214 240 254) (156 202 248) (143 174 244) 
(257 281) (219 227 247 252) (188 200 267) (214 263 282) (231 258 282) (185 208 213 266) (194 235) (215 218 257 270 286) (178 232 250 260) (230 238 273 275) 
(220 252 286) (151 232 269 277) (300 302) (260 261 273 275 291) (152 276) (294) (202 272) (241 291) (186 193 202 217 221) (299 305) 
(220 267) (248) (198 243 291) (228 251 290 299) (147 263) (263 300) (231 234 285) (216 220 255) (194 243 261) (176 224 285) 
(185 211 250 274) (278) (199 211 282) (173 175 224 283) (207 243 306) (188 206 213 222 299) (168 240 286) (164 234 260) (204 249 265 296) (219 261 295) 
(167 236 305) (162 179 205 323) (237 286 299 318) (186 207 236 260 264 271) (230 290) (208 278 310 335) (186 206 283 318) (245 321) (211 217 272 278 294 334) (311 338) 
(273 311 333) (211 255 260 276 297) (228 232 295 324) (221 231 236) (266 271 290 303) (135 173) (235 240 290 312 319) (221 258 288 323 328) (156 224 346) (165 329) )