(NIL (1) (2) (2) (3 4) (5) (5) (7) (6 7) (8) 
(6 10) (9 10) (12) (13) (14) (14) (15 16) (17) (15 16) (18 19) 
(15) (17 21) (11 20) (11 22) (18 19 21) (17) (23) (23) (24) (26 28) 
(25 27) (27 28) (30) (23 24) (26 31) (29 32 33) (35) (31 33) (34 37 38) (27 30) 
(31 36) (39) (29) (39 41) (44) (42 44) (34 43) (45) (34 35 36 38) (37 41) 
(35 36) (40 42 49 51) (50) (48) (46) (40) (25) (54) (58) (51) 
(46 47) (49 50 59 60) (48 52 53) (29 42 57) (49) (43 62) (43 46 62) (49 51 55 64) (40 46) (45 46 65) 
(52 54) (66 71) (61 66) (65) (50 74) (63 64 66) (47 52) (71) (77) (40 51) 
(73) (43 63 70) (67 78) (62) (73 83) (57 71 77) (47 75 78 82) (70 73) (83) (22) 
(70 86) (72) (79 85) (59 70 80 86) (69 83 87) (57 77 82 83 90) (94) (57 67 92) (58 68 91) (85 86 87) 
(100) NIL (60 68 94) (80 95) (79 81 85 87) (79 85 96) (64 70 93) (67 77 80) (50 64 78) (70 72 74) 
(89 94 110) (78 79) (76 88 96) (113) (61 111) (67 87 92) (92 115) (80 93) (68 74 76 91 92) (68 115) 
(74 86) (76 91 101 118 121) (70 76 83) (73 87 108 109 121) (56 100 104 105 109) (106 121) (46 72) (58 77) (89) (69 126) 
(79 98 111) (63 81 103 127 131) (114 117) (101 110) (57 63 79 127) (113) (88 115 126) (88 105 134) (104 137) (79 113 117) 
(99 119) (97 132) (76 106 107 129) (95 106 122 132) (112 116 129 132) (107 117) (119 125 131 136 137) (84 95) (98 104) (44) 
(55 56 85 116) (81 104 119 124 128 133) (100 127) (131 136) (132) (68 96) (68 88 90 91 102 125 127) (68 90) (126) (103 146 157) 
(93 105 115 142 154) (109 154 156) (125 134 140) (97 133 141) (141 142 148) (149 154 160) (87 126 129 162) (102 149 165 167) (168) (118 125 138 159 165) 
(125 140 144) (122 151) (120 172) (125 169) (159) (55 131 139 163) (151 169 176) (84 128 143 145 146 176) (101) (165) 
(69 129 164) (158 159 180) (91 107 139 148 162) (148 159) (56 85 89 158) (170) (182) (150 187) (164 165 185) (136 145) 
(114 129 140) (135 183) (88 104 145) (107 169 179) (116 129 150 157 161 165 175) (146 175 189 192) (114 177) (152 156 170) (185 194) (173 184 189) 
(98 140 164) (129 130 163 196) (178 187) (112 122 174 196) (147 186) (176 202 204 205) (81 136 146) (75 84 102 120 137 142) (100 142 207) (147 202) 
(119 130 166) (99 114 160 175 193) (185 197 205) (108 151 182 210) (168 176 214) (52 54) (56 109 115 136) (172 181 194 204) (122 215) (197) 
(167 172 178) (69 123 208) (144 206) (144 168) (212 223) (69 124 159 185 217) (155 199 203 204) (212) (149 195) (161 172 186 199 202) 
(120 152 170 203) (98 124 158) (118 209) (208 223) (145 150 183 198) (78 119) (182 204) (124 174 179 187 205) (149 188 191) (216 230 238) 
(200 226) (184 212 217) (129 132 146 153 201) (232) (231) (166 186 203 226) (124 164 203) (134 237) (181 195 238 239) (138 144 152 178 210) 
(162 201 203 229) (199 210) (107 128 177 224) (152 253) (108) (171) (156 228) (202 220 224) (144 178 180 202 207) (152 249) 
(199 200 246) (206 211 218 229 241) (103 163 184) (211 215 225 240 246 254) (172 184 225) (174) (218 246) (232 246) (135 155 164 195) (143 166 201 244) 
(223 240 246) (152 206) (143 206 228 239) (173 188 197 231 248 251 268) (190 230) (90 179) (191 237 258) (243 247 263) (172 178 204) (265) 
(201 252) (190 191 231 252) (155 275) (155 257 274) (224 229 259 260) (98 106 160) (173 227) (220 246 272) (274) (206 284) 
(173 221 230) (285) (84) (208 214 273) (120 144 227 244) (244 285 288) (128 262) (198 229 234 275) (155 220 280) (150 190 264 271) 
(171) (130 203 220) (248 255 258 281 296) (155 253 258 272 273 282) (222 242 265) (199 238 289) (152 221 223 229) (165) (221 258 278 279) (261) 
(210) (207 210 244) (208 248 283 308 311) (271) (120 228 276 300) (164 165 175) (267) (230 238 259) (262) (222 303) 
(271 290) (210 289) (257 258 261 263 282 317) (261 274) (209 222 282) (195 315) (213) (169 185 192) (176 218 229 263 283) (236 257 258 322) 
(240 277) (119 125 190) (252 286 301 328) (228 288) (173 184 217 249 302) (118 187 312) (200 201 276 334) (304) (124 211 265 286) (267 270 296 304) 
(314) (242 334 341) (174 175 231 253 270) (219 255 309 333) (195 323) (256 289 340) (267 342) (247 318 321 336) (210 246) (171 269 326) )