(NIL (1) (2) (3) (2) (4 5) (5) (6) (6 7) (9) 
(8 10) (11) (12) (8) (12) (15) (13 14 16) (17) (18) (14 16) 
(18) (19) (22) (23) (20 21) (18) (17) (24 25) (19 27) (20) 
(20 21 22 29) (26 28 29) (31 32) (24 25 26) (29 34) (33) (24) (36 37) (34 38) (39) 
(39) (28) (32 35) (34 36) (24 31) (30 32 42) (41) (30 37) (28 30 34 45) (30 35) 
(41) (49 51) (39 50) (33) (50) (43 48 49 51) (35 41 45) (30 43 51) (44 50 54 57) (37) 
(43 48 53) (59) (26 29 42 60) (49 62) (46 49 55) (44 52 56 60) (41) (62) (43 57 67) (62 65) 
(58 68) (55 64 67) (52 55 71) (30) (46 52) (56 65) (64 73) (47 70 71 76) (42 59) (48 77) 
(47 48 67 77) (47 53 56 68 75) (47 71 79) (40 68 75 79) (66) (40 79 81) (78 80) (60 72 82) (65 69 72 80 83) (72 77 85) 
(74 86) (88) (66 68 70) (60 70) (92) (46 73) (36) (48 73 94 97) (60 69 75 87) (65 92) 
(40 100) (99) (82 86) (102) (83 99) (72 91 105) (56 60 67 83) (71 82) (75 90 93) (76 103) 
(78) (70 81 92 108) (84 90 97 101 105) (102) (90 110 112 114) (98 105) (46 71) (63 84 114) (56 60 64) (75 78 117) 
(83) (85 92) (75 111) (101 108) (83 104 119) (70 83) (90 106 112 117) (81 105 117) (84 111 116) (61 91 117 121 125) 
(53 121 128) (48 64 75) (84 92 121) (63 105) (78 89 97) (109 124 134) (104 114 116 124 127) (121) (86 93 95 114) (75 78) 
(65 69) (93 96 113 127) (110 122 132 142) (97 105 122) (115 131 134 140) (96 123 135 137) (97 101 130) (143) (140) (125 135 137 143) 
(87 92 93) (40 80 92) (97 128) (86 101 123) (129 148) (107 108 116 130 138) (115 119 155) (109 110 121 146 154) (99 119) (74 102 103 113) 
(121) (91 116 132 160 161) (120 132) (118 131 155) (123 145 147 151 155) (118 126 165) (139 165) (109 115 143) (157 166) (97) 
(66 68) (129 150) (168 172) (146 157) (98 110 120 139 147) (80 83 97 100 109) (136 149 152 167 170) (53 94 119 170) (120 149 151 156 159 164) (72 170) 
(88 89 97 105) (95 174 181) (176 177) (173 182) (106 149) (90 112) (107 150 166 180 183) (169 173 187) (115 148) (148) 
(61 65) (177) (168 192) (137 177) (181 190) (144 165) (63 86 95) (141 175 190 191) (96 118 145) (140 158 170 176) 
(161 166 197) (165 172 190) (97 127) (166 174 197) (22) (133 156 158 159 161 187) (144 201) (192 196) (166 194 197) (209) 
(184 209) (186 204 205) (179 207) (117 160) (161 177 196 197 202) (63) (128 185 191 200) (131 171) (89 185 194) (120 146 188) 
(120 141 154 186 194 216) (149 158 205) (182 210) (122 197 216) (136 196) (162 192 210 220) (203 219) (211 214 227) (136 149 195) (100 153 186) 
(128 147) (201 228) (157 183 213) (159 212 227) (221) (98 229) (176 193 216) (158 192) (40) (194 196) 
(51) (133 156 160 218 234) (118 163 171 180) (183 219 225) (197 206 241) (193 226) (209 214 218 243) (162 234) (61 66 82 83 117 159) (144 242) 
(154 213 219) (180 182 196 233 250) (201 212 221) (175) (169 185 209) (136 179 222) (153 182 210 242) (188 200) (217 226 242) (185 197 237) 
(120 194) (212 232 244) (153 175 202) (133 174 227) (180 262) (162 175 179 193 217) (265) (214 246 250 256) (191 222 232 246) (162 172 207) 
(183 212) (61 102 143 151 170 205) (169 208 213) (222 229 250 257) (262) (178 250) (201) (191 218 237 251 270) (231 257 275) (164 169 241 262) 
(217 230 242 269) (138 236 238) (189 211 215) (169 209) (179 215) (145 164) (190 203 260 261) (178 214 261 273 277) (185 187) (265 274 286) 
(144 219 249 263) (144 160 200 220 271) (216 262 272 285) (178 257 267) (249 270 287 290) (159 182 196 217 226) (252) (108) (154 270) (158 199 280) 
(206 237 262 291 296) (248 254 270 273 275) (81 97) (233 280) (200 302) (258 300) (281 285) (10) (199 276) (269 272) 
(243 258) (223 300 307) (205 240) (193 240 242 277 305) (311 312) (226 272) (278 284 295) (191 239 314) (163 268) (135 192 298) 
(170 184 213) (221 226) (287 288) (178 217 303) (279 304) (189 208 248) (154 174 192) (260 296 299 300) (189 209 278 298) (157 164 189 237) 
(195 216 270) (160 311) (157 179 187) (309 321) (221 303) (188 222 260 291 302 324) (283 285 301) (185 201 332) (202 275) (271 301 317) 
(243 301 317 328) (255 282) (153 216 240) (216 241 286 311) (230 285 341) (199 279) (171 234 262 264 277 286) (216 267 276 288 296) (69 84) (206 336) )