(NIL (1) (2) (3) (4) (5) (6) (7) (8) (8) 
(9) (10) (11 12) (8) (13) (8) (15 16) (13 16) (13) (18) 
(15) (21) (14 21) (17 18 19 21) (16 23) (14 18 19 22) (14 24) (20 25) (24 28) (29) 
(22 29) (23 26) (24 32) (22 27 28) (30) (17 28) (29 34 36) (14 17 19) (26 34 35) (24 28) 
(20 26) (34 36) (32) (24 36) (35 36) (26 37) (31 39 45) (47) (40 42) (38 49) 
(31 32 35) (42 45) (30 31 50) (35) (48) (40 41) (43 46) (45 50 54) (53 54) (37 44 47 56) 
(35 42 43 46) (33 47 51) (33 57) (29 44) (27 44 56) (53 57 58) (47 58) (48 52 61) (60 62) (41 42 43) 
(38 62 70) (47 66) (33 34) (44 50 55 70) (69 72) (74) (56 62 74) (64 71) (75) (64 77) 
(51 53 60 63) (44 72) (36 73) (60 76) (52 61 67) (69 73 76 82) (56 59 74 83) (63 79 87) (33 55 59 61) (60 80) 
(56 72 83 85) (49 55 62) (88) (78 81 87) (65 77 84 91 94) (87) (66) (88) (90 97) (64 68 85 98) 
(63 97) (69 85 97) (61 82 96) (66) (69 84 92 97 104) (48 104) (81 100) (89 100 105) (80 96 102 108) (65 71 75 83) 
(40 51 54) (63 69 89 99 103) (63 74 111) (59 66 69 77) (71 84 100) (53 63 74 83) (79 116) (95 112) (52 98) (80 95) 
(79 83) (113) (65 94 117) (50) (90 98 124) (101 105 107) (58 80) (93 105 127) (99 110 115 122) (93 119) 
(93 123) (81 102 106 113 115 130) (106 112) (86 95 110) (117 122 133) (106 109) (72) (105 127 133) (78 93 103 109) (120 123 128 137 139) 
(136) (110 124 132 138) (76 91 133) (93 120 126) (111 140) (63 82) (116 134) (90 120 139 146) (132) (95 109 138) 
(78 91 136 146 149) (67) (112) (100 146) (67 128) (108 128 135 138 149) (107 134 145 153) (113 145) (103 125 152) (107 131 135 151) 
(109 121 137 147 153 156) (145) (142) (142) (86 137) (110 141 154 158) (98 101 133) (123 144) (86 129 143 164) (108) 
(56 106) (108 131 143 149 163) (142 146 147) (113 124 133 145) (60 73 101) (159) (134 171) (71 114 137 143) (110 114 149) (122 145 172) 
(78 128) (129 143 159) (86 135) (86 137 151) (98 124 181) (122 128 172) (71 138) (149 157 178) (52 79 94 138) (160 181) 
(150 177 188) (51 84 96) (107 138 148 158 177) (106 112 137) (120 147) (142) (114 118 124 136) (158 174) (144 158 172) (114 174 180 184) 
(107 200) (165) (147 155 158 184 185) (144 160) (120 141 184) (167 190) (169 177 205) (142) (166 181 186) (129 142 160 203) 
(176 198) (128 134 179) (156 207) (165 170 201 206) (27) (215) (101 189) (180) (178 206) (126 149 159 181) 
(126 209) (67 88 104) (161 200 205) (118 181) (150 172 176 194) (164 184 190) (114 129 171) (86 129 162 186) (191 220) (168 222) 
(173 195 211) (141 196 217) (176 180 202 221) (217) (129 192 205) (86 106 153 185) (116 154 189 194 212) (142 192 198) (183 207 229) (129 153 166 173) 
(188 206) (135 193 199 228) (125 205) (156 160 193 227) (167 235) (189 201 208 209 212) (153 200) (158 159) (124 149) (190 211 215) 
(202 212 228) (118 152 216 219 249) (239) (186 215 227 231) (71 91 93 104 124) (124 175 192 205 219) (171 172 175 179 181 211) (239) (144 184 216) (121 150 197 213 243 249) 
(161 180 209 213) (209) (155 221 246) (101 147 251) (162 263) (173 179 180 215 222 224 255) (125 228 256) (179 262) (147 163 178 255 260) (89 121 128 147) 
(168 182 260) (53 60 68) (147 169 232 246) (104) (94 164) (213 231 240 258 259) (165 197 226 257) (218) (131 229) (144 256 263) 
(144 186 213 236 277) (227 240 241) (176 199 237 261) (126 209 213 219) (168 241 283) (283) (162 252) (266 278 281) (166 181 211 259) (165 216 238 284) 
(161 202 253) (202 204 218 273) (284 288) (208 247 275 289) (266 292) (117 164 212) (118 148 175 196 214 226 241 251 286 289) (207 218) (220 280 289) (182 226 233 292 296) 
(252 269) (182 239 296) (206 255 260) (186 203 208 215) (164 233 246) (159 175 199 263) (282 297) (176 218 272) (201 223 274 281) (212 247) 
(158 164 187 264) (105 125) (266 297) (164 210 235 280) (128 146 169 189) (155 175 229 286) (222 269) (206 266) (148 238 279) (148 182 265 288 292) 
(209 264 298 315) (262 271) (196 247 270) (246 301 322) (183 288) (176 183 262 269 295 319) (163 240) (214) (209 266 279) (171 300) 
(216 245 317) (254 284 330) (160 232 308) (177 226 270) (263 311) (223 231 303 306 327 333) (216 332) (225 226 233 236 257) (242 283 330 338) (169 186 249 319) 
(129 190) (175 176 205 244 266) (106 144) (212 239 248 259 260 267 328 338) (263 271 303 310 325) (183 202 257 316) (144 186 198 216 249) (231 236 310) (203 336) (248 323 331 346) )