(NIL (1) (2) (3) (3) (5) (6) (6) (4 8) (7 9) 
(7 9) (10 11) (7 9) (4 7) (9) (12 15) (4) (12 15) (14 16 17 18) (19) 
(14 16) (12) (13 20) (21) (23) (25) (14 15 22) (25) (22 24 28) (17 18 24) 
(26 27 28 30) (17 21 27) (29 30) (32 33) (27) (26 29 32) (34) (31 35 36 37) (36) (31) 
(38) (32) (41) (39 40) (27 28) (38 39) (44 45) (38) (42) (37 44) 
(47) (41 49) (51) (34 47) (41 45 48) (50) (35 54) (57) (45) (38 42 51) 
(42 46) (48) (52 58) (43 54) (52 55 56) (57 64) (66) (46 49) (42 46) (14) 
(42 44 55) (58) (67) (55 64 70) (67) (61) (43 54 56 68) (51 73 76) (52 66 69 74) (56 78) 
(54 56) (79) (64) (60 76 81) (68 78) (61 62 72) (70 72 80) (35 51 59) (66 70 77 86) (59 62 67) 
(42 58 66 81) (63 70 90) (72) (79 91 93) (94) (51) (77 78 95) (62 73 83 96) (63 85 89) (52 78 91 93) 
(79 100) (59 65 71 82 94) (48 49 50 54) (53 91) (59 61 94) (53 87 99) (48 88 100 104) (85) (59 62 100) (61 94) 
(58 83 84) (89 105) (72 76) (78) (63 84 97) (88 91) (91 106) (41) (75 102 117) (67 88 93) 
(99 104) (107 110) (112 114) (31) (105 106) (84 95 110 123) (53 75 110 123) (59 85) (65 85 123) (79 83 90 117) 
(112 115) (87 118 122 127) (50 68 83 88) (63 90 102) (125) (65 110) (105) (71 84 90 103 110 129) (87 115) (113 125) 
(51) (107 129) (134 135 140) (117 132 143) (134 138) (112) (60 80 81 90) (75 133 140) (98 111 140) (71 78 146) 
(97 125) (102 122 150) (101 119 138 143) (121 145 148) (92 119 145 152) (103 144 148 152) (98 126 154) (108 136 141 157) (84 104 135 136) (96 113 121 142 152) 
(101 124 130 157) (143) (154 162) (115 119 150 154) (132 152) (97 106 111 126 150) (83 113 135) (93 124 147) (147 151 164) (75 87 98 101 137 145) 
(127 128 159) (67 68 84) (102 114 131) (63 127) (115 145 162) (108 113 116 151 159) (118 153 158) (104 136 143) (76 120 124) (113 123 133) 
(129 149 167) (142) (144 177) (92 106 126 152) (109 120 166 183) (171) (100 116 130 143 164) (131 147 163 175) (160 173) (126 167 186) 
(165 169 185 187) (152 180) (129 149 172 180) (171 173 175 181 187) (65 82 95 127) (163) (139 144 146 148 170 171 175) (92 181 197) (194) (111 167 178) 
(109 149 155 166 183 190 197 200) (130) (132 152 199) (127 158) (104 109 125 146 170 195) (113 133 135) (108 160 194) (169 174 177 198 202) (173 176 186 197) (144) 
(164 170 175) (155 203) (104) (119 151 156 162 192) (169 182 203) (142 148) (99 107 128) (154 205) (126 197 200) (31 70) 
(170 187) (144 152) (118 141 164 167 192 195) (138 147 176) (206) (152 168) (147 199) (123 162 179) (193 198 209) (101 131 156 157 166) 
(210 227 230) (95 112 141) (199 201 226) (201) (160 231) (190 199 200 202 207) (176 208) (169 233) (210 227) (201 209 223) 
(83 152 232) (165) (174 177 209 218) (131 204) (147 201 203) (190 212 218 228 237) (164 218 229) (160 231) (185 213 221 237) (156 176 177 193 199) 
(165 244 246) (161 229 250) (201 246) (188 201 219 235) (124 139 194 205) (176 244) (201 226 250) (108 152 161 178 217) (179 188 203) (174 255) 
(158 193 259) (156 188 207) (149) (100 128 140 179) (187 214 216 234) (92 109 136 164 225) (206 251) (178 214 246 266) (211 222 263) (206 216 254) 
(182 255) (159) (92 236) (267) (161 201 219) (233) (109 248) (220 245) (151 276) (95 154) 
(254 274) (214 217 239) (254 273) (127 280) (232 238 266 281) (157 210 220 247) (267 278 286) (224 230 255 262 265 275 282) (183 184 192 284) (196 215 265 281 287) 
(170 189) (242 281) (232 281) (277 289) (244) (176 234) (124 270) (192 205) (220 292) (213 223 280) 
(239 260) (215 243 252 257) (166 199 269 291) (161 206 209 234 254 256 259) (137 152 195 213 284) (92 152 271) (129) (189 211 253 304) (132 134 147 148 186) (126 155 229) 
(120 158 247) (298) (288 293) (128 175 183 266) (160 187 197) (206 237 296 300 302) (299) (262 299) (180 248 305) (192 215) 
(158 210 220) (250 253) (169 193 275 279 314) (222 307 317) (231 279 303) (120 198 230 289 306 309) (254 255 280) (268 271) (186 235) (260 271 275 285 317) 
(317) (214 267 272 303) (279 296 328) (161 278) (318 331) (313 318) (217 315 316) (196 257 265 331 332) (263 290 336) (139 151 170) 
(199) (141 213 221 263) (202 247 260 306 340) (180 304) (279 288 308) (209 242) (161 188 204 216 233 257 277) (248 280) (216 267 295 312) (241 251 288 343) )