(NIL (1) (1) (2 3) (4) (5) (6) (7) (7) (9 8) (10) (11) (10) (11 13) (14)
 (12 15) (16) (17) (18) (18) (19 20) (21) (22) (21) (22 24) (25) (26 23)
 (26 23) (27 28) (29) (30) (31) (32) (33) (34) (35) (36) (36) (37 38) (39) (40)
 (41) (42) (42) (43 44) (45) (45) (47) (48) (49) (50 46) (51) (51) (53) (52 53)
 (54 55) (56) (57) (58) (59) (60) (61) (62) (63) (64) (65) (66) (67) (65)
 (66 69) (68 70) (71) (72) (73) (73) (74 75) (75) (74 77) (76 78) (76 78)
 (79 80) (81) (81) (82 83) (82 83) (84 85) (86) (87) (86) (89) (90 87) (91 88)
 (92) (93) (93) (94 95) (96) (97) (97) (99) (98 100) (101) (102) (103) (104)
 (105) (105) (106 107) (108) (109) (110) (110) (111 112) (113) (113) (114 115)
 (116) (117) (118) (118) (119 120) (121) (118) (122 123) (122 123) (124 125)
 (126) (127) (128) (129) (130) (131) (132) (132) (133 134) (135) (136) (137)
 (138) (139) (139) (140 141) (142) (140 141) (143 144) (145) (145) (147)
 (146 148) (149) (150) (150) (151 152) (153) (153) (155) (154 156) (157) (158)
 (158) (160) (161 159) (161 159) (162 163) (164) (165) (166) (167) (168) (167)
 (169 170) (170 168) (171 172) (173) (173) (174 175) (174 175) (177 176) (177)
 (178 179) (180) (181) (182) (183) (184) (183) (185 186) (187) (188) (189)
 (190) (191) (192) (193) (194) (195) (196) (196) (195) (197 198 199) (200)
 (197 198 199) (201 202) (203) (204) (205) (206) (207) (206) (209 208) (210)
 (211) (212) (213) (211) (211) (214 215 216) (217) (217) (218 219) (218 219)
 (220 221) (222) (222) (224) (223 224) (225 226) (227) (227) (228 229) (230)
 (231) (232) (233) (234) (235) (235) (236 237) (238) (239) (240) (241) (242)
 (243) (244) (245) (246) (247) (248) (249))