(NIL (1) (2) (3) (4) (5) (6) (6) (7 8) (9) (10) (11) (12) (10) (13 14) (15)
 (13 14) (17 16) (18) (19) (20) (21) (22) (23) (24) (25) (22) (26 27) (28) (29)
 (29) (30 31) (32) (33) (34) (34) (35 36) (37) (38) (39) (40) (38) (41 42)
 (41 42) (43 44) (43 44) (45 46) (46) (47 48) (49) (50) (51) (52) (49) (53 54)
 (55) (56) (56) (57 58) (57 58) (60) (60) (59 62) (61 63) (63) (65 64) (65 64)
 (67) (66 68) (69) (70) (71) (72) (72) (74) (73 75) (76) (77) (78) (79) (80)
 (81) (82) (83) (84) (83) (85 86) (87) (88) (89) (89) (91) (92) (90 92) (93 94)
 (95) (96) (97) (98) (99) (100) (101) (102) (103) (103) (105 104) (106) (107)
 (108) (109) (109) (110 111) (112) (112) (113 114) (115) (116) (117) (118)
 (119) (120) (120) (121 122) (123) (124) (125) (126) (127) (128) (129) (130)
 (131) (132) (133) (134) (135) (136) (137) (138) (139) (140) (141) (140)
 (142 143) (141 143) (145 144) (146) (147) (148) (149) (150) (151) (152) (153)
 (154) (152) (155 156) (155 156) (158) (157 159) (160) (160) (162) (161 162)
 (163 164) (165) (166) (166) (167 168) (169) (170) (169) (170 172) (171 173)
 (174) (174) (176) (177 175) (171 173) (177 179 175) (178 179) (180 181) (182)
 (183) (184) (185) (186) (187) (188) (189) (190) (191) (192) (193) (193) (193)
 (194 195 196) (197) (197) (198 199) (200) (201) (202) (203) (204) (205) (206)
 (207) (208) (209) (210) (211) (212) (212) (213 214) (215) (216) (217) (218)
 (219) (220) (221) (221) (222 223) (224) (225) (226) (227) (226) (228 229)
 (230) (231) (232) (233) (234) (234) (235 236) (237) (236) (237 239) (238 240)
 (241) (241) (243) (242 244) (245) (246) (246) (248) (249))