(NIL (1) (1) (2 3) (4) (5) (6) (7) (8) (9) (9) (10 11) (12) (13) (14) (15) (16)
 (17) (18) (19) (19) (21) (20 22) (23) (24) (25) (26) (26) (27 28) (29) (30)
 (31) (31) (33 32) (34) (35) (36) (37) (38) (38) (39 40) (41) (41) (43) (42 44)
 (42 44) (45 46) (47) (47) (49 48) (49 48) (50 51) (52) (53) (54) (55) (56)
 (57) (57) (58 59) (60) (60) (61 62) (63) (64) (65) (66) (65) (67 68) (69) (70)
 (71) (70) (73 72) (74) (74) (75 76) (77) (78) (78) (80) (81) (82 79) (79 80)
 (83 84) (85) (86) (86) (87 88) (89) (90) (91) (92) (93) (94) (93) (95 96)
 (95 96) (95 96) (97 99) (97 98 99) (100 101) (100 101) (102 103) (104) (105)
 (106) (107) (108) (109) (110) (111) (111) (113 112) (114) (115) (116) (117)
 (118) (119) (118) (121) (122 119) (123 120) (124) (124) (125 126) (127) (128)
 (129) (130) (131) (132) (133) (133) (134 135) (134 135) (137 136) (138) (139)
 (140) (141) (142) (143) (144) (145) (146) (147) (148) (148) (149 150) (151)
 (152) (153) (154) (154) (155 156) (157) (158) (159) (160) (159) (161 162)
 (161 162) (164) (163 165) (166) (167) (168) (169) (170) (171) (172) (173)
 (174) (175) (175) (177 176) (178) (179) (180) (181) (180) (182 183) (184)
 (185) (185) (187) (186 188) (189) (190) (189) (190 192) (193 191) (194) (195)
 (196) (197) (197) (198 199) (200) (201) (202) (203) (204) (205) (206) (207)
 (208) (209) (210) (211) (212) (213) (214) (212) (215 216) (213 216) (218 215)
 (217 219) (220) (219) (220 222) (221 223) (221 223) (225) (226 224) (227)
 (228) (229) (230) (231) (232) (233) (234) (235) (235) (236 237) (234)
 (236 239) (240) (241 237) (242 238) (242 238) (244) (243 245) (245) (246 247)
 (248) (249))