(NIL NIL (1 2) NIL (1 4) NIL (4 6) (2 6) (1 6) (7 5 9) (8 3 9) NIL (6 12)
 (4 12) (13 7 14) (2 12) (13 8 16) NIL (12 18) (6 18) (19 13 20) (4 18)
 (19 14 22) (7 20 22) (21 23 15 24) (2 18) (19 16 26) (8 20 26) (21 27 17 28)
 (1 18) (20 9 30) (5 22 30) (10 24 31 32) (3 26 30) (34 11 28 31) NIL (18 36)
 (12 36) (37 19 38) (6 36) (37 20 40) (13 38 40) (39 41 21 42) (4 36)
 (37 22 44) (38 44 14) (45 46 39 23) (7 40 44) (45 48 41 24) (46 15 48 42)
 (47 49 25 43 50) (2 36) (37 26 52) (38 52 16) (53 54 39 27) (8 40 52)
 (53 56 41 28) (54 17 56 42) (55 57 29 43 58) (1 36) (37 60 30) (60 9 40)
 (61 41 62 31) (5 60 44) (45 64 61 32) (10 48 62 64) (33 65 49 63 66) (3 60 52)
 (53 34 68 61) (68 56 11 62) (69 35 57 70 63) NIL (36 72) (18 72) (73 37 74)
 (6 72) (73 40 76) (74 76 20) (77 78 75 41) (4 72) (73 80 44) (74 22 80)
 (45 81 75 82) (7 80 76) (77 81 84 48) (78 84 24 82) (85 79 49 83 86) (2 72)
 (73 88 52) (74 26 88) (53 89 75 90) (8 88 76) (77 89 56 92) (78 92 28 90)
 (93 79 57 91 94) NIL (72 96) (36 96) (97 73 98) (18 96) (97 74 100)
 (37 98 100) (99 101 75 102) (12 96) (98 104 38) (19 104 100) (39 105 102 106)
 (6 96) (97 108 76) (108 98 40) (77 99 109 110) (108 20 100) (78 101 109 112)
 (112 41 102 110) (113 114 79 111 103) (13 108 104) (116 105 42 110)
 (21 116 106 112) (114 117 43 107 118) (4 96) (97 120 80) (98 120 44)
 (81 121 99 122) (22 100 120) (121 82 124 101) (45 122 124 102)
 (83 125 123 103 126) (14 104 120) (46 128 105 122) (124 23 106 128)
 (129 130 47 126 107) (7 108 120) (121 132 84 109) (122 48 110 132)
 (133 123 85 134 111) (132 124 24 112) (113 133 125 86 136)
 (114 136 49 126 134) (135 137 138 115 87 127) (132 15 116 128)
 (129 140 117 50 134) (130 140 118 25 136) (131 138 141 142 51 119) (2 96)
 (97 144 88) (98 144 52) (89 145 99 146) (26 100 144) (145 90 148 101)
 (53 146 148 102) (91 149 147 103 150) (16 104 144) (54 152 105 146)
 (148 27 106 152) (153 154 55 150 107) (8 108 144) (145 156 92 109)
 (156 146 56 110) (157 147 93 158 111) (156 148 28 112) (113 157 149 94 160)
 (114 160 57 150 158) (159 161 162 115 95 151) (156 17 116 152)
 (153 164 117 58 158) (154 164 118 29 160) (155 162 165 166 59 119) NIL
 (96 168) (72 168) (169 97 170) (36 168) (169 98 172) (73 170 172)
 (171 173 99 174) (18 168) (169 100 176) (170 176 74) (177 178 171 101)
 (37 172 176) (177 180 173 102) (178 75 180 174) (179 181 103 175 182) (12 168)
 (169 104 184) (38 172 184) (185 105 173 186) (19 184 176) (177 185 188 106)
 (188 186 39 180) (189 187 181 190 107) (6 168) (169 108 192) (170 192 76)
 (193 194 171 109) (40 172 192) (193 196 173 110) (77 194 196 174)
 (195 197 111 175 198) (20 192 176) (177 193 200 112) (178 200 194 78)
 (113 201 179 195 202) (196 180 41 200) (201 114 204 181 197)
 (202 79 204 182 198) (203 205 206 183 115 199) (13 192 184) (185 193 116 208)
 (186 196 42 208) (209 197 187 117 210) (208 21 188 200) (201 209 212 189 118)
 (210 204 190 43 212) (205 211 213 214 191 119) (4 168) (169 216 120)
 (170 216 80) (121 217 171 218) (216 172 44) (217 122 220 173) (81 218 220 174)
 (123 221 219 175 222) (216 22 176) (177 217 124 224) (178 224 218 82)
 (225 226 179 125 219) (45 220 180 224) (225 221 228 181 126)
 (226 83 228 182 222) (183 223 227 229 230 127) (14 216 184) (185 217 232 128)
 (186 220 232 46) (129 233 187 221 234) (232 188 23 224) (225 130 233 236 189)
 (234 47 228 236 190) (131 237 238 235 191 229) (7 216 192) (193 217 132 240)
 (194 240 84 218) (241 242 195 133 219) (48 220 196 240) (241 221 244 197 134)
 (242 244 85 198 222) (135 243 245 246 223 199) (240 224 24 200)
 (201 225 241 248 136) (202 248 86 242 226) (203 137 243 249 250 227)
 (228 244 204 49 248) (205 138 245 249 252 229) (206 246 250 252 87 230)
 (207 139 247 251 253 254 231) (15 232 240 208) (209 233 241 140 256)
 (210 256 244 50 234) (235 141 211 245 257 258) (236 212 256 25 248)
 (237 213 142 249 257 260) (238 214 51 252 258 260)
 (239 143 253 215 259 261 262) (2 168) (169 264 144) (170 264 88)
 (145 265 171 266) (264 172 52) (265 146 268 173) (89 266 268 174)
 (147 269 267 175 270) (264 26 176) (177 265 148 272) (178 272 266 90)
 (273 274 179 149 267) (53 268 180 272) (273 269 276 181 150)
 (274 91 276 182 270) (183 271 275 277 278 151) (16 264 184) (185 265 280 152)
 (280 186 268 54) (153 281 187 269 282) (280 188 27 272) (273 154 284 281 189)
 (284 282 55 276 190) (155 285 286 283 191 277) (8 264 192) (193 265 156 288)
 (194 288 92 266) (289 290 195 157 267) (56 268 196 288) (289 269 292 197 158)
 (290 292 93 198 270) (159 291 293 294 271 199) (288 272 28 200)
 (201 273 296 289 160) (202 296 94 290 274) (203 161 291 297 298 275)
 (276 292 204 57 296) (205 162 293 297 300 277) (206 294 298 300 95 278)
 (207 163 295 299 301 302 279) (17 280 288 208) (209 281 164 289 304)
 (210 304 292 58 282) (283 165 211 293 305 306) (284 212 304 29 296)
 (285 213 166 297 305 308) (286 214 59 300 306 308)
 (287 167 301 215 307 309 310) (1 168) (60 172 312) (312 30 176)
 (313 314 180 61) (9 312 192) (313 196 316 62) (314 316 31 200)
 (315 204 317 318 63) (5 312 216) (313 220 320 64) (320 314 32 224)
 (65 321 315 228 322) (316 10 320 240) (321 66 244 317 324)
 (33 322 324 318 248) (323 325 326 67 252 319) (3 312 264) (68 313 268 328)
 (34 328 314 272) (329 330 315 276 69) (328 316 11 288) (329 332 292 317 70)
 (330 35 332 318 296) (331 333 334 300 71 319) NIL (168 336) (96 336)
 (337 169 338) (72 336) (337 170 340) (97 338 340) (339 341 171 342) (36 336)
 (337 172 344) (338 344 98) (345 346 339 173) (73 340 344) (345 348 341 174)
 (346 99 348 342) (347 349 175 343 350) (18 336) (337 352 176) (338 100 352)
 (177 353 339 354) (74 340 352) (353 178 356 341) (354 356 101 342)
 (179 357 355 343 358) (37 352 344) (345 353 180 360) (346 360 102 354)
 (361 362 347 181 355) (356 75 348 360) (361 357 364 349 182)
 (362 364 350 103 358) (183 351 359 363 365 366) (12 336) (337 368 184)
 (338 104 368) (185 369 339 370) (38 368 344) (345 186 372 369)
 (346 372 105 370) (347 371 373 187 374) (19 368 352) (353 369 188 376)
 (354 376 106 370) (377 378 355 189 371) (376 39 372 360) (361 377 380 373 190)
 (362 380 374 107 378) (191 382 375 363 381 379) (6 336) (337 384 192)
 (338 108 384) (193 385 339 386) (384 340 76) (385 194 388 341)
 (386 388 109 342) (195 389 387 343 390) (384 40 344) (345 385 196 392)
 (346 392 110 386) (393 394 347 197 387) (77 388 348 392) (393 389 396 349 198)
 (394 396 350 111 390) (351 391 395 397 398 199) (20 384 352) (353 385 400 200)
 (354 400 386 112) (201 401 355 387 402) (78 356 388 400) (401 202 404 357 389)
 (113 402 404 358 390) (203 405 359 403 391 406) (400 392 41 360)
 (361 393 204 401 408) (362 408 394 402 114) (403 205 409 410 363 395)
 (404 396 79 364 408) (405 206 409 365 412 397) (406 410 412 398 115 366)
 (207 407 411 413 414 367 399) (13 384 368) (369 385 416 208) (370 416 116 386)
 (209 417 371 387 418) (416 372 42 392) (393 210 420 373 417)
 (394 420 117 374 418) (211 419 421 422 375 395) (416 21 400 376)
 (377 401 212 417 424) (378 424 118 418 402) (403 213 419 425 426 379)
 (424 420 380 43 408) (409 214 421 425 428 381) (410 422 119 426 428 382)
 (411 215 423 427 429 430 383) (4 336) (337 432 216) (338 432 120)
 (217 433 339 434) (432 340 80) (433 218 436 341) (121 434 436 342)
 (219 437 435 343 438) (432 44 344) (345 433 220 440) (346 440 434 122)
 (441 442 347 221 435) (81 436 348 440) (441 437 444 349 222)
 (442 123 444 350 438) (439 443 445 446 351 223) (432 22 352) (353 433 448 224)
 (354 124 448 434) (225 449 355 435 450) (82 356 436 448) (449 226 452 357 437)
 (450 452 125 358 438) (439 451 453 454 359 227) (45 448 440 360)
 (361 441 228 456 449) (362 450 456 126 442) (443 451 457 458 363 229)
 (444 83 364 452 456) (445 453 457 460 365 230) (446 454 458 460 366 127)
 (447 367 455 459 461 462 231) (14 432 368) (369 433 464 232) (370 464 434 128)
 (233 465 371 435 466) (46 372 464 440) (441 234 465 468 373)
 (129 442 468 374 466) (467 469 470 443 235 375) (464 448 23 376)
 (377 449 465 236 472) (466 378 472 450 130) (467 237 473 474 451 379)
 (47 380 468 472 456) (469 238 473 476 457 381) (131 470 474 476 458 382)
 (239 471 475 477 478 459 383) (7 432 384) (385 433 480 240) (386 132 480 434)
 (241 481 387 435 482) (84 436 388 480) (481 242 484 389 437)
 (482 484 133 390 438) (439 243 483 485 486 391) (440 48 480 392)
 (393 441 481 244 488) (482 394 488 134 442) (443 245 483 489 490 395)
 (444 396 85 484 488) (445 246 485 489 492 397) (135 446 486 490 492 398)
 (447 247 487 491 493 494 399) (448 480 24 400) (401 449 481 496 248)
 (482 402 496 450 136) (497 498 403 483 249 451) (452 404 484 86 496)
 (497 500 405 250 485 453) (498 500 406 137 486 454)
 (499 501 455 407 251 487 502) (456 49 496 488 408) (497 504 409 489 252 457)
 (498 138 504 410 458 490) (499 505 506 411 253 459 491)
 (492 504 412 500 87 460) (501 505 493 508 413 254 461)
 (502 506 139 508 414 462 494) (503 507 509 510 415 463 255 495)
 (15 464 480 416) (417 465 481 512 256) (482 418 140 512 466)
 (467 483 513 514 419 257) (512 420 468 50 488) (469 513 516 421 489 258)
 (470 141 514 516 422 490) (471 515 517 518 423 491 259) (472 496 512 25 424)
 (497 473 513 520 425 260) (498 474 142 514 520 426)
 (499 475 515 521 522 427 261) (504 476 51 516 520 428)
 (505 477 517 521 524 429 262) (506 478 143 518 522 524 430)
 (507 479 431 519 523 525 526 263) (2 336) (337 528 264) (338 528 144)
 (265 529 339 530) (528 340 88) (529 266 532 341) (145 530 532 342)
 (267 533 531 343 534) (528 52 344) (345 529 268 536) (346 536 530 146)
 (537 538 347 269 531) (89 532 348 536) (537 533 540 349 270)
 (538 147 540 350 534) (535 539 541 542 351 271) (528 26 352) (353 529 544 272)
 (354 544 148 530) (273 545 355 531 546) (90 532 356 544) (533 274 548 357 545)
 (546 548 149 358 534) (535 547 549 550 359 275) (53 544 536 360)
 (361 537 276 545 552) (362 552 150 546 538) (539 547 553 554 363 277)
 (540 548 91 364 552) (541 549 553 556 365 278) (542 550 554 556 366 151)
 (543 367 551 555 557 558 279) (16 528 368) (369 529 560 280) (370 560 530 152)
 (281 561 371 531 562) (54 560 372 536) (537 282 561 564 373)
 (153 538 564 374 562) (563 565 566 539 283 375) (560 544 27 376)
 (377 545 561 284 568) (562 378 568 546 154) (563 285 569 570 547 379)
 (55 380 564 568 552) (565 286 569 572 553 381) (155 566 570 572 554 382)
 (287 567 571 573 574 555 383) (8 528 384) (385 529 576 288) (386 156 576 530)
 (289 577 387 531 578) (92 532 388 576) (533 290 577 580 389)
 (578 580 157 390 534) (535 291 579 581 582 391) (536 56 576 392)
 (393 537 577 292 584) (578 394 584 158 538) (539 293 579 585 586 395)
 (540 396 93 584 580) (541 294 581 585 588 397) (159 542 582 586 588 398)
 (543 295 583 587 589 590 399) (544 576 28 400) (401 545 577 592 296)
 (578 402 592 546 160) (593 594 403 579 297 547) (548 404 580 94 592)
 (593 596 405 298 549 581) (594 596 406 161 582 550)
 (595 597 551 407 299 583 598) (592 552 57 584 408) (593 600 409 585 300 553)
 (594 600 410 554 586 162) (595 601 602 411 301 555 587)
 (588 600 412 596 95 556) (597 601 589 604 413 302 557)
 (598 602 163 604 414 558 590) (599 603 605 606 415 559 303 591)
 (17 560 576 416) (417 561 577 608 304) (578 418 164 608 562)
 (563 579 609 610 419 305) (608 420 564 58 584) (565 609 612 421 585 306)
 (566 165 610 612 422 586) (567 611 613 614 423 587 307) (568 592 608 29 424)
 (593 569 609 616 425 308) (594 570 166 610 616 426)
 (595 571 611 617 618 427 309) (600 572 59 612 616 428)
 (601 573 613 617 620 429 310) (602 574 167 614 618 620 430)
 (603 575 431 615 619 621 622 311) (1 336) (337 624 312) (624 60 344)
 (345 313 626 625) (624 30 352) (353 314 628 625) (626 628 61 360)
 (361 315 629 627 630) (9 624 384) (385 625 316 632) (626 632 62 392)
 (393 633 627 317 634) (632 628 31 400) (401 633 636 629 318)
 (634 636 630 63 408) (409 631 635 637 638 319) (5 624 432) (433 625 640 320)
 (626 64 640 440) (441 321 627 641 642) (628 32 640 448) (449 322 644 629 641)
 (65 642 644 630 456) (323 645 646 643 631 457) (632 10 640 480)
 (481 633 324 641 648) (66 648 634 642 488) (643 325 649 650 489 635)
 (33 644 636 648 496) (497 645 326 649 652 637) (646 504 650 652 67 638)
 (327 647 505 651 653 654 639) (3 624 528) (529 625 656 328) (626 656 68 536)
 (537 329 627 657 658) (34 656 628 544) (545 330 660 629 657)
 (658 660 69 630 552) (331 659 661 662 631 553) (656 632 11 576)
 (577 633 332 657 664) (634 664 70 658 584) (333 665 659 585 666 635)
 (35 636 664 660 592) (593 334 661 665 668 637) (600 662 71 666 668 638)
 (601 335 663 667 669 670 639) NIL (672 336) (672 168) (673 337 674) (672 96)
 (673 338 676) (169 674 676) (675 677 339 678) (672 72) (673 340 680)
 (674 680 170) (681 682 675 341) (97 676 680) (681 684 677 342)
 (682 171 684 678) (683 685 343 679 686) (672 36) (673 688 344) (674 172 688)
 (345 689 675 690) (98 676 688) (689 346 692 677) (690 692 173 678)
 (347 693 691 679 694) (73 688 680) (681 689 348 696) (682 696 174 690)
 (697 698 683 349 691) (99 684 692 696) (697 693 700 685 350)
 (698 700 686 175 694) (351 687 695 699 701 702) (672 18) (673 704 352)
 (674 704 176) (353 705 675 706) (100 676 704) (705 354 708 677)
 (177 706 708 678) (355 709 707 679 710) (74 704 680) (681 705 356 712)
 (682 712 706 178) (713 714 683 357 707) (708 684 101 712)
 (713 709 716 685 358) (714 179 716 686 710) (711 715 717 718 687 359)
 (37 704 688) (689 705 720 360) (690 180 720 706) (361 721 691 707 722)
 (708 692 102 720) (721 362 724 693 709) (722 724 181 694 710)
 (711 723 725 726 695 363) (720 75 712 696) (697 713 364 728 721)
 (698 722 728 182 714) (715 723 729 730 699 365) (716 700 728 103 724)
 (717 725 729 732 701 366) (718 183 726 730 732 702)
 (719 703 727 731 733 734 367) (672 12) (673 736 368) (674 736 184)
 (369 737 675 738) (104 676 736) (737 370 740 677) (185 738 740 678)
 (371 741 739 679 742) (38 736 688) (689 737 372 744) (690 744 738 186)
 (745 746 691 373 739) (740 692 105 744) (745 741 748 693 374)
 (746 187 748 694 742) (695 743 747 749 750 375) (19 736 704) (705 737 752 376)
 (706 188 752 738) (377 753 707 739 754) (740 708 106 752)
 (753 378 756 709 741) (754 756 189 710 742) (711 743 755 757 758 379)
 (752 39 744 720) (721 745 380 760 753) (722 754 760 190 746)
 (747 755 723 761 762 381) (748 724 760 107 756) (749 725 761 757 764 382)
 (750 191 758 762 764 726) (727 751 759 763 765 766 383) (672 6) (673 768 384)
 (674 768 192) (385 769 675 770) (108 676 768) (769 386 772 677)
 (193 770 772 678) (387 773 771 679 774) (768 76 680) (681 769 388 776)
 (682 776 770 194) (777 778 683 389 771) (772 684 109 776)
 (777 773 780 685 390) (778 195 780 686 774) (775 779 781 782 687 391)
 (768 40 688) (689 769 784 392) (784 690 196 770) (393 785 691 771 786)
 (772 692 110 784) (785 394 788 693 773) (786 788 197 694 774)
 (775 787 789 790 695 395) (77 784 776 696) (697 777 396 785 792)
 (698 792 786 198 778) (779 787 793 794 699 397) (780 788 700 111 792)
 (781 789 793 796 701 398) (782 790 794 796 702 199)
 (783 703 791 795 797 798 399) (20 768 704) (705 769 800 400) (706 800 770 200)
 (401 801 707 771 802) (772 800 708 112) (801 402 804 709 773)
 (201 802 804 710 774) (403 711 805 806 775 803) (800 78 776 712)
 (713 777 801 404 808) (802 714 808 778 202) (803 405 809 810 715 779)
 (113 780 716 804 808) (805 406 809 717 812 781) (203 806 810 812 718 782)
 (807 407 811 813 814 783 719) (800 784 41 720) (721 785 801 816 408)
 (802 722 204 816 786) (803 409 787 817 818 723) (788 114 724 804 816)
 (805 410 817 820 725 789) (205 806 818 820 726 790)
 (727 807 411 819 821 822 791) (79 792 808 816 728) (809 412 817 793 824 729)
 (206 810 794 818 824 730) (811 413 819 825 826 731 795)
 (732 812 115 820 824 796) (733 813 414 821 825 828 797)
 (207 814 798 822 826 828 734) (815 415 735 823 827 829 830 799) (13 768 736)
 (737 769 832 416) (738 832 770 208) (417 833 739 771 834) (116 772 740 832)
 (833 418 836 741 773) (209 834 836 742 774) (835 837 838 775 743 419)
 (784 832 42 744) (745 785 420 833 840) (746 840 786 834 210)
 (835 841 842 747 787 421) (788 748 117 836 840) (837 841 844 749 789 422)
 (838 842 211 844 750 790) (423 839 843 845 846 751 791) (21 800 832 752)
 (753 801 833 848 424) (754 212 848 834 802) (803 835 849 850 755 425)
 (836 756 804 118 848) (805 849 852 757 426 837) (838 213 850 852 758 806)
 (839 807 851 853 854 759 427) (848 816 840 43 760) (849 841 817 856 761 428)
 (818 842 214 850 856 762) (843 819 851 857 858 763 429)
 (844 852 119 856 764 820) (845 853 857 821 860 765 430)
 (846 215 854 858 860 766 822) (823 847 767 855 859 861 862 431) (672 4)
 (673 864 432) (674 864 216) (433 865 675 866) (676 864 120) (865 434 868 677)
 (217 866 868 678) (435 869 867 679 870) (80 864 680) (681 865 436 872)
 (682 866 872 218) (873 874 683 437 867) (121 684 868 872)
 (873 869 876 685 438) (874 219 876 686 870) (439 871 875 877 878 687)
 (44 864 688) (689 865 880 440) (690 220 880 866) (441 881 691 867 882)
 (122 692 868 880) (881 442 884 693 869) (882 884 221 694 870)
 (871 443 883 885 886 695) (81 872 880 696) (697 873 444 881 888)
 (698 882 888 222 874) (875 445 883 889 890 699) (884 123 700 876 888)
 (877 446 885 889 892 701) (878 886 223 890 892 702)
 (879 447 887 891 893 894 703) (22 864 704) (705 865 896 448) (706 866 896 224)
 (449 897 707 867 898) (124 708 868 896) (897 450 900 709 869)
 (225 898 900 710 870) (899 901 711 871 451 902) (82 872 896 712)
 (713 873 452 897 904) (714 874 898 904 226) (899 905 906 715 453 875)
 (716 125 904 876 900) (901 905 717 908 877 454) (902 906 908 718 878 227)
 (903 907 909 910 879 719 455) (45 880 896 720) (721 881 912 897 456)
 (722 228 912 898 882) (899 883 913 914 723 457) (912 724 126 884 900)
 (901 885 913 916 725 458) (902 914 916 726 229 886)
 (727 903 915 917 918 887 459) (912 83 888 904 728) (905 913 889 920 729 460)
 (906 890 914 920 730 230) (907 915 921 922 731 461 891)
 (732 908 916 920 892 127) (733 909 917 921 924 893 462)
 (910 894 918 922 924 734 231) (911 735 463 919 923 925 926 895) (14 864 736)
 (737 865 928 464) (738 866 928 232) (465 929 739 867 930) (740 928 868 128)
 (929 466 932 741 869) (233 930 932 742 870) (467 933 743 871 931 934)
 (46 880 928 744) (745 881 468 929 936) (746 882 936 930 234)
 (931 469 937 938 747 883) (129 932 748 884 936) (933 470 937 940 749 885)
 (235 934 938 940 750 886) (471 935 939 941 942 751 887) (896 23 928 752)
 (753 897 944 929 472) (944 754 236 930 898) (931 473 899 945 946 755)
 (932 130 944 756 900) (901 474 945 948 757 933) (237 934 946 948 758 902)
 (903 935 475 947 949 950 759) (936 944 47 912 760) (945 937 476 913 952 761)
 (238 914 938 946 952 762) (939 477 915 947 953 954 763)
 (131 940 948 916 952 764) (941 478 949 953 917 956 765)
 (239 942 950 954 956 766 918) (951 943 479 919 955 957 958 767) (7 864 768)
 (769 865 960 480) (770 866 960 240) (481 961 771 867 962) (132 772 868 960)
 (961 482 964 773 869) (241 962 964 774 870) (963 965 775 871 483 966)
 (960 84 872 776) (777 873 484 968 961) (778 874 968 962 242)
 (963 969 970 779 485 875) (964 780 133 876 968) (965 969 781 972 877 486)
 (966 970 243 972 782 878) (967 971 973 974 879 783 487) (960 48 880 784)
 (785 881 976 961 488) (786 244 976 962 882) (963 883 977 978 787 489)
 (964 788 134 884 976) (965 885 977 980 789 490) (966 245 978 980 790 886)
 (791 967 979 981 982 887 491) (968 888 85 976 792) (969 977 889 984 793 492)
 (970 890 246 978 984 794) (971 979 985 986 795 493 891)
 (796 135 972 980 984 892) (797 973 981 985 988 893 494)
 (974 247 894 982 986 988 798) (799 975 495 983 987 989 990 895)
 (960 896 24 800) (801 897 992 961 496) (802 898 992 962 248)
 (497 993 803 994 963 899) (964 804 992 900 136) (993 498 996 805 965 901)
 (994 996 966 249 902 806) (499 997 903 967 995 807 998) (968 904 992 86 808)
 (993 500 1000 809 969 905) (994 1000 810 970 250 906)
 (995 501 1001 907 811 1002 971) (996 908 1000 137 972 812)
 (997 502 973 1001 813 1004 909) (910 998 1002 1004 974 814 251)
 (503 999 1003 1005 1006 911 975 815) (976 912 49 992 816)
 (993 913 504 1008 817 977) (994 978 1008 818 252 914)
 (995 505 979 1009 1010 819 915) (996 138 1008 820 916 980)
 (997 506 1009 1012 821 981 917) (998 1010 918 253 982 1012 822)
 (919 999 507 823 1011 1013 1014 983) (1000 920 1008 824 87 984)
 (1001 508 985 1009 921 1016 825) (1002 922 1010 1016 254 986 826)
 (923 1003 509 1011 1017 1018 827 987) (828 924 139 1004 1012 1016 988)
 (989 829 1005 510 1013 1017 1020 925) (926 1006 830 1014 255 1018 1020 990)
 (831 1007 991 1015 1019 1021 1022 927 511) (960 15 928 832)
 (833 929 1024 961 512) (834 1024 930 962 256) (1025 1026 835 963 513 931)
 (932 140 1024 836 964) (1025 1028 837 514 965 933) (1026 1028 966 934 257 838)
 (1027 1029 935 967 515 839 1030) (976 1024 936 50 840)
 (1025 1032 841 977 937 516) (1026 1032 842 978 938 258)
 (1027 1033 1034 843 979 517 939) (844 1032 940 141 980 1028)
 (1029 1033 845 1036 941 981 518) (1030 1034 1036 846 942 982 259)
 (519 1031 1035 1037 1038 943 847 983) (992 1024 944 25 848)
 (993 945 1025 1040 849 520) (1026 994 1040 850 260 946)
 (1027 995 1041 1042 851 521 947) (1028 142 1040 948 996 852)
 (997 1041 1044 853 949 522 1029) (1030 1042 1044 950 854 261 998)
 (999 1031 1043 1045 1046 951 855 523) (1032 856 51 1008 952 1040)
 (1041 1033 1009 953 1048 857 524) (1010 1034 1048 1042 954 858 262)
 (1035 1011 1043 1049 1050 859 525 955) (860 1044 1036 143 1012 1048 956)
 (861 1037 1013 1049 1045 1052 957 526) (1038 958 1014 1050 1052 862 263 1046)
 (1015 863 1039 527 1047 1051 1053 1054 959) (672 2) (673 1056 528)
 (674 1056 264) (529 1057 675 1058) (676 1056 144) (1057 530 1060 677)
 (265 1058 1060 678) (531 1061 1059 679 1062) (88 1056 680) (681 1057 532 1064)
 (682 1058 1064 266) (1065 1066 683 533 1059) (145 684 1060 1064)
 (1065 1061 1068 685 534) (1066 267 1068 686 1062)
 (535 1063 1067 1069 1070 687) (52 1056 688) (689 1057 1072 536)
 (690 268 1072 1058) (537 1073 691 1059 1074) (146 692 1060 1072)
 (1073 538 1076 693 1061) (1074 1076 269 694 1062)
 (1063 539 1075 1077 1078 695) (89 1064 1072 696) (697 1065 540 1073 1080)
 (698 1074 1080 270 1066) (1067 541 1075 1081 1082 699)
 (1076 147 700 1068 1080) (1069 542 1077 1081 1084 701)
 (1070 1078 271 1082 1084 702) (1071 543 1079 1083 1085 1086 703) (26 1056 704)
 (705 1057 1088 544) (706 1058 1088 272) (545 1089 707 1059 1090)
 (148 708 1060 1088) (1089 546 1092 709 1061) (273 1090 1092 710 1062)
 (1091 1093 711 1063 547 1094) (90 1064 1088 712) (713 1065 548 1089 1096)
 (714 1066 1090 1096 274) (1091 1097 1098 715 549 1067)
 (716 149 1096 1068 1092) (1093 1097 717 1100 1069 550)
 (1094 1098 1100 718 1070 275) (1095 1099 1101 1102 1071 719 551)
 (53 1072 1088 720) (721 1073 1104 1089 552) (722 1090 276 1104 1074)
 (1091 1075 1105 1106 723 553) (724 1104 150 1076 1092)
 (1093 1077 1105 1108 725 554) (1094 1106 1108 726 277 1078)
 (727 1095 1107 1109 1110 1079 555) (91 1080 1104 1096 728)
 (1097 1105 1081 1112 729 556) (1082 1098 1106 1112 730 278)
 (1099 1107 1113 1114 731 557 1083) (732 1100 1108 1112 1084 151)
 (733 1101 1109 1113 1116 1085 558) (1102 1086 1110 1114 1116 734 279)
 (1103 735 559 1111 1115 1117 1118 1087) (16 1056 736) (737 1057 1120 560)
 (738 1058 1120 280) (561 1121 739 1059 1122) (740 1120 1060 152)
 (1121 562 1124 741 1061) (281 1122 1124 742 1062)
 (563 1125 743 1063 1123 1126) (54 1072 1120 744) (745 1073 564 1121 1128)
 (746 1074 1128 1122 282) (1123 565 1129 1130 747 1075)
 (153 1124 748 1076 1128) (1125 566 1129 1132 749 1077)
 (283 1126 1130 1132 750 1078) (567 1127 1131 1133 1134 751 1079)
 (1088 27 1120 752) (753 1089 1136 1121 568) (1136 754 284 1122 1090)
 (1123 569 1091 1137 1138 755) (1124 154 756 1136 1092)
 (1093 570 1137 1140 757 1125) (285 1126 1138 1140 758 1094)
 (1095 1127 571 1139 1141 1142 759) (1128 1136 55 1104 760)
 (1137 1129 572 1105 1144 761) (286 1106 1130 1138 1144 762)
 (1131 573 1107 1139 1145 1146 763) (155 1132 1108 1140 1144 764)
 (1133 574 1109 1145 1141 1148 765) (287 1134 1142 1146 1148 766 1110)
 (1143 1135 575 1111 1147 1149 1150 767) (8 1056 768) (769 1057 1152 576)
 (770 1058 1152 288) (577 1153 771 1059 1154) (156 772 1060 1152)
 (1153 578 1156 773 1061) (289 1154 1156 774 1062)
 (1155 1157 775 1063 579 1158) (1152 92 1064 776) (777 1065 580 1160 1153)
 (778 1066 1160 1154 290) (1155 1161 1162 779 581 1067)
 (1156 780 157 1068 1160) (1157 1161 781 1164 1069 582)
 (1158 1162 291 1164 782 1070) (1159 1163 1165 1166 1071 783 583)
 (1152 56 1072 784) (785 1073 1168 1153 584) (1168 786 292 1154 1074)
 (1155 1075 1169 1170 787 585) (1156 788 158 1076 1168)
 (1157 1077 1169 1172 789 586) (1158 293 1170 1172 790 1078)
 (791 1159 1171 1173 1174 1079 587) (1168 1160 1080 93 792)
 (1161 1169 1081 1176 793 588) (1082 1162 294 1170 1176 794)
 (1163 1171 1177 1178 795 589 1083) (796 159 1164 1172 1176 1084)
 (797 1165 1173 1177 1180 1085 590) (1166 295 1086 1174 1178 1180 798)
 (799 1167 591 1175 1179 1181 1182 1087) (1152 1088 28 800)
 (801 1089 1184 1153 592) (1184 802 1090 1154 296)
 (593 1185 803 1186 1155 1091) (1184 1156 804 1092 160)
 (1185 594 1188 805 1157 1093) (1186 1188 1158 1094 297 806)
 (595 1189 1095 1159 1187 807 1190) (1184 1160 1096 94 808)
 (1185 596 1161 1192 809 1097) (1186 1162 1192 810 298 1098)
 (1099 1187 597 1193 1194 811 1163) (1188 1192 161 1164 812 1100)
 (1189 598 1193 813 1196 1101 1165) (1190 1194 1196 1166 814 299 1102)
 (599 1191 1195 1197 1198 1103 1167 815) (1184 1168 1104 57 816)
 (1185 1105 600 1200 817 1169) (1186 1106 1170 1200 818 300)
 (1187 1202 601 1171 1201 1107 819) (1188 162 1108 1200 1172 820)
 (1189 602 1173 1201 1204 821 1109) (1190 1110 1202 1204 301 1174 822)
 (1111 1191 603 823 1203 1205 1206 1175) (1192 1112 1200 824 95 1176)
 (1177 1193 604 1201 1113 1208 825) (1114 1194 1208 1202 302 1178 826)
 (1115 1195 605 1203 1209 1210 827 1179) (828 163 1196 1204 1208 1180 1116)
 (829 1197 606 1205 1209 1212 1117 1181)
 (1212 1198 830 1206 303 1210 1118 1182)
 (831 1199 1183 1207 607 1211 1213 1214 1119) (1152 17 1120 832)
 (833 1121 1216 1153 608) (834 1216 1122 1154 304)
 (1217 1218 835 1155 609 1123) (1124 164 836 1156 1216)
 (1217 1220 837 1157 610 1125) (1218 1220 1158 1126 305 838)
 (1219 1221 1127 1159 611 839 1222) (1168 1216 1128 58 840)
 (1217 1224 841 1169 1129 612) (1218 1224 842 1170 1130 306)
 (1219 1225 1226 843 1171 613 1131) (1220 1224 1132 165 844 1172)
 (1221 1225 845 1228 1133 1173 614) (1222 1226 1228 846 1134 1174 307)
 (615 1223 1227 1229 1230 1135 847 1175) (1184 1216 1136 29 848)
 (1185 1137 1232 849 616 1217) (1218 1186 1232 850 1138 308)
 (1219 1187 1233 1234 851 617 1139) (1220 166 1232 1188 1140 852)
 (1189 1141 1233 1221 1236 853 618) (1222 1142 1234 1236 854 309 1190)
 (1191 1223 1235 1237 1238 1143 855 619) (1224 856 59 1232 1144 1200)
 (1201 1225 1233 1145 1240 857 620) (1202 1226 1240 1234 1146 858 310)
 (1227 1203 1235 1241 1242 859 621 1147) (1236 860 1228 167 1204 1240 1148)
 (861 1229 1205 1241 1237 1244 1149 622)
 (1230 1150 1206 1242 1244 862 311 1238)
 (1207 863 1231 623 1239 1243 1245 1246 1151) NIL (1248 672) (1248 336)
 (673 1250 1249) (1248 168) (674 1252 1249) (337 1250 1252)
 (1251 1253 675 1254) (1248 96) (676 1249 1256) (1250 1256 338)
 (1257 1258 1251 677) (169 1252 1256) (1257 1260 1253 678) (1258 339 1260 1254)
 (1259 1261 679 1255 1262) (1248 72) (1264 1249 680) (1250 340 1264)
 (681 1265 1251 1266) (170 1252 1264) (1265 682 1268 1253) (1266 1268 341 1254)
 (683 1269 1267 1255 1270) (97 1264 1256) (1257 1265 684 1272)
 (1258 1272 342 1266) (1273 1274 1259 685 1267) (1268 171 1260 1272)
 (1273 1269 1276 1261 686) (1274 1276 1262 343 1270)
 (687 1263 1271 1275 1277 1278) (1248 36) (1280 1249 688) (1250 1280 344)
 (689 1281 1251 1282) (1252 172 1280) (1281 690 1284 1253) (345 1282 1284 1254)
 (691 1285 1283 1255 1286) (98 1280 1256) (1257 1281 692 1288)
 (1258 1288 1282 346) (1289 1290 1259 693 1283) (1260 173 1284 1288)
 (1289 1285 1292 1261 694) (1290 347 1292 1262 1286)
 (1287 1291 1293 1294 1263 695) (73 1280 1264) (1265 1281 1296 696)
 (1266 348 1296 1282) (697 1297 1267 1283 1298) (1284 1268 174 1296)
 (1297 698 1285 1269 1300) (1298 1300 349 1270 1286)
 (1287 1299 1301 1302 1271 699) (99 1288 1296 1272) (1273 1289 700 1297 1304)
 (1274 1304 350 1298 1290) (1291 1299 1305 1306 1275 701)
 (1300 1276 1292 175 1304) (1293 1301 1305 1308 1277 702)
 (1294 351 1302 1306 1308 1278) (1295 1279 1303 1307 1309 1310 703) (1248 18)
 (1312 1249 704) (1250 1312 352) (705 1313 1251 1314) (1312 1252 176)
 (1313 706 1316 1253) (353 1314 1316 1254) (707 1317 1315 1255 1318)
 (1312 100 1256) (1257 1313 708 1320) (1258 1320 1314 354)
 (1321 1322 1259 709 1315) (177 1316 1260 1320) (1321 1317 1324 1261 710)
 (1322 355 1324 1262 1318) (711 1319 1323 1325 1326 1263) (74 1312 1264)
 (1265 1313 1328 712) (1266 1328 356 1314) (713 1329 1267 1315 1330)
 (178 1316 1268 1328) (1317 714 1332 1269 1329) (1330 1332 357 1270 1318)
 (1319 715 1331 1333 1334 1271) (1328 1320 101 1272) (1273 1321 716 1329 1336)
 (1274 1336 358 1330 1322) (1323 717 1331 1337 1338 1275)
 (1324 1332 179 1276 1336) (1325 718 1333 1337 1340 1277)
 (1326 1334 359 1338 1340 1278) (1327 719 1335 1339 1341 1342 1279)
 (37 1312 1280) (1281 1313 1344 720) (1282 1344 1314 360)
 (721 1345 1283 1315 1346) (180 1316 1284 1344) (1317 722 1348 1285 1345)
 (361 1346 1348 1286 1318) (1347 1349 1287 1319 723 1350) (1344 1320 102 1288)
 (1289 1321 724 1345 1352) (1290 1352 1346 1322 362)
 (1347 1353 1354 1291 725 1323) (1348 1324 1292 181 1352)
 (1349 1353 1293 1356 1325 726) (1350 1354 1356 1294 1326 363)
 (1351 1355 1357 1358 1327 1295 727) (1344 75 1328 1296)
 (1297 1329 1360 1345 728) (1360 1298 364 1346 1330)
 (1347 1331 1361 1362 1299 729) (1348 1332 1300 182 1360)
 (1301 1349 1361 1364 1333 730) (1350 1362 1364 1302 365 1334)
 (1303 1351 1363 1365 1366 1335 731) (1352 1360 1336 103 1304)
 (1353 1361 1337 1368 1305 732) (1354 1362 1368 1306 366 1338)
 (1355 1363 1369 1370 1307 733 1339) (1308 1356 183 1364 1368 1340)
 (1309 1357 1365 1369 1372 1341 734) (1358 1342 1366 1370 1372 1310 367)
 (1359 1311 735 1367 1371 1373 1374 1343) (1248 12) (1376 1249 736)
 (1250 1376 368) (737 1377 1251 1378) (1376 1252 184) (1377 738 1380 1253)
 (369 1378 1380 1254) (739 1381 1379 1255 1382) (1376 104 1256)
 (1257 1377 740 1384) (1258 1384 1378 370) (1385 1386 1259 741 1379)
 (185 1380 1260 1384) (1385 1381 1388 1261 742) (1386 371 1388 1262 1382)
 (743 1383 1387 1389 1390 1263) (38 1376 1280) (1281 1377 1392 744)
 (1282 1392 372 1378) (745 1393 1283 1379 1394) (186 1380 1284 1392)
 (1381 746 1396 1285 1393) (1394 1396 373 1286 1382)
 (1287 1383 747 1395 1397 1398) (1392 1384 105 1288) (1289 1385 748 1393 1400)
 (1290 1400 374 1394 1386) (1291 749 1395 1401 1402 1387)
 (1388 1396 187 1292 1400) (1293 1389 750 1397 1401 1404)
 (1294 1390 1398 375 1402 1404) (1391 1295 751 1399 1403 1405 1406)
 (19 1376 1312) (1313 1377 1408 752) (1314 1408 1378 376)
 (753 1409 1315 1379 1410) (188 1380 1316 1408) (1381 754 1412 1317 1409)
 (377 1410 1412 1318 1382) (1411 1413 1319 1383 755 1414) (1408 1384 106 1320)
 (1321 1385 756 1409 1416) (1322 1416 1410 1386 378)
 (1411 1417 1418 1323 757 1387) (1412 1388 1324 189 1416)
 (1413 1417 1325 1420 1389 758) (1414 1418 1420 1326 1390 379)
 (1415 1419 1421 1422 1391 1327 759) (1408 39 1392 1344)
 (1345 1393 1424 1409 760) (1424 1346 380 1410 1394)
 (1347 1411 1425 1426 1395 761) (1412 1396 1348 190 1424)
 (1349 1425 1413 1428 1397 762) (1414 1426 1428 1398 381 1350)
 (1351 1415 1427 1429 1430 1399 763) (1416 1424 1400 107 1352)
 (1353 1425 1417 1432 1401 764) (1418 1354 1426 1432 1402 382)
 (1355 1427 1433 1434 1403 765 1419) (1356 1420 191 1428 1432 1404)
 (1421 1357 1429 1433 1436 1405 766) (1422 1358 1430 1434 1436 1406 383)
 (1359 1423 767 1431 1435 1437 1438 1407) (1248 6) (1440 1249 768)
 (1250 1440 384) (769 1441 1251 1442) (1252 1440 192) (1441 770 1444 1253)
 (385 1442 1444 1254) (771 1445 1443 1255 1446) (108 1440 1256)
 (1257 1441 772 1448) (1258 1442 1448 386) (1449 1450 1259 773 1443)
 (193 1260 1444 1448) (1449 1445 1452 1261 774) (1450 387 1452 1262 1446)
 (775 1447 1451 1453 1454 1263) (76 1440 1264) (1265 1441 1456 776)
 (1266 388 1456 1442) (777 1457 1267 1443 1458) (194 1268 1444 1456)
 (1457 778 1460 1269 1445) (1458 1460 389 1270 1446)
 (1447 779 1459 1461 1462 1271) (1448 109 1456 1272) (1273 1449 780 1457 1464)
 (1274 1458 1464 390 1450) (1451 781 1459 1465 1466 1275)
 (195 1276 1464 1452 1460) (1453 782 1461 1465 1468 1277)
 (1454 1462 391 1466 1468 1278) (1455 783 1463 1467 1469 1470 1279)
 (40 1440 1280) (1281 1441 1472 784) (1282 1442 1472 392)
 (785 1473 1283 1443 1474) (196 1284 1444 1472) (1473 786 1476 1285 1445)
 (393 1474 1476 1286 1446) (1475 1477 1287 1447 787 1478) (1448 110 1472 1288)
 (1289 1449 788 1473 1480) (1290 1450 1474 1480 394)
 (1475 1481 1482 1291 789 1451) (1292 197 1480 1452 1476)
 (1477 1481 1293 1484 1453 790) (1478 1482 1484 1294 1454 395)
 (1479 1483 1485 1486 1455 1295 791) (77 1456 1472 1296)
 (1297 1457 1488 1473 792) (1474 1298 396 1488 1458)
 (1475 1459 1489 1490 1299 793) (1300 1488 198 1460 1476)
 (1477 1489 1492 1301 794 1461) (1478 1490 1492 1302 397 1462)
 (1303 1479 1491 1493 1494 1463 795) (1464 1480 1488 111 1304)
 (1481 1489 1465 1496 1305 796) (1482 1490 1466 1496 1306 398)
 (1483 1491 1497 1498 1307 797 1467) (1468 1484 1492 1496 1308 199)
 (1309 1485 1493 1497 1500 1469 798) (1486 1470 1494 1498 1500 1310 399)
 (1487 1311 799 1495 1499 1501 1502 1471) (20 1440 1312) (1313 1441 1504 800)
 (1314 1442 1504 400) (801 1505 1315 1443 1506) (1316 1504 1444 200)
 (1505 802 1508 1317 1445) (401 1506 1508 1318 1446)
 (803 1509 1319 1447 1507 1510) (112 1504 1448 1320) (1321 1449 804 1505 1512)
 (1322 1450 1512 1506 402) (1507 805 1513 1514 1323 1451)
 (201 1508 1324 1452 1512) (1509 806 1513 1325 1516 1453)
 (403 1510 1514 1516 1326 1454) (807 1511 1515 1517 1518 1455 1327)
 (78 1456 1504 1328) (1329 1457 1520 1505 808) (1520 1330 404 1506 1458)
 (1507 809 1459 1521 1522 1331) (1508 202 1332 1460 1520)
 (1509 810 1521 1524 1333 1461) (405 1510 1522 1524 1334 1462)
 (1335 1511 811 1523 1525 1526 1463) (113 1520 1512 1464 1336)
 (1513 812 1521 1465 1528 1337) (406 1514 1522 1466 1528 1338)
 (1515 813 1523 1529 1530 1339 1467) (203 1468 1516 1524 1528 1340)
 (1341 1517 814 1525 1529 1532 1469) (407 1518 1470 1526 1530 1532 1342)
 (1519 1343 815 1527 1531 1533 1534 1471) (1472 41 1504 1344)
 (1345 1473 1536 1505 816) (1536 1346 1474 1506 408)
 (1537 1475 1347 1538 1507 817) (1508 204 1536 1348 1476)
 (1537 1540 1349 818 1477 1509) (1538 1540 1510 409 1478 1350)
 (1539 1541 1479 1511 819 1351 1542) (1512 114 1536 1480 1352)
 (1537 1544 1353 1481 820 1513) (1538 1544 1354 410 1514 1482)
 (1539 1545 1546 1355 1483 821 1515) (1540 205 1544 1516 1484 1356)
 (1541 1545 1357 1548 1485 1517 822) (1548 1542 1546 411 1486 1518 1358)
 (1543 1359 1549 1550 1487 1519 823 1547) (1520 1536 79 1488 1360)
 (1537 1489 1521 1552 1361 824) (1538 1490 1522 412 1552 1362)
 (1491 1539 1523 1553 1554 1363 825) (1540 206 1364 1552 1524 1492)
 (1541 1553 1556 1365 826 1493 1525) (1542 413 1554 1556 1366 1494 1526)
 (1367 1495 1543 1555 1557 1558 1527 827) (1368 1544 1496 1552 115 1528)
 (1545 1553 1497 1529 1560 1369 828) (1546 1560 414 1554 1498 1530 1370)
 (1547 1499 1555 1561 1562 1371 829 1531) (1372 207 1548 1500 1556 1560 1532)
 (1373 1549 1533 1557 1561 1564 1501 830)
 (1502 1550 415 1374 1558 1562 1564 1534)
 (831 1375 1551 1535 1559 1563 1565 1566 1503) (13 1440 1376)
 (1377 1441 1568 832) (1378 1442 1568 416) (833 1569 1379 1443 1570)
 (1568 1380 1444 208) (1569 834 1572 1381 1445) (417 1570 1572 1382 1446)
 (835 1573 1383 1447 1571 1574) (1568 116 1448 1384) (1385 1449 1569 836 1576)
 (1386 1450 1576 1570 418) (1571 837 1577 1578 1387 1451)
 (209 1572 1388 1452 1576) (1573 838 1577 1389 1580 1453)
 (1574 1578 1580 1390 1454 419) (839 1575 1579 1581 1582 1455 1391)
 (1568 1472 42 1392) (1393 1473 1569 1584 840) (1394 1584 420 1570 1474)
 (1571 841 1475 1585 1586 1395) (210 1572 1396 1584 1476)
 (1573 842 1585 1588 1397 1477) (1574 1586 1588 421 1398 1478)
 (1479 1575 843 1587 1589 1590 1399) (1576 1480 117 1584 1400)
 (1481 844 1585 1577 1592 1401) (1578 1586 1482 422 1592 1402)
 (1483 845 1587 1593 1594 1403 1579) (1484 211 1580 1588 1592 1404)
 (1485 1581 846 1589 1593 1596 1405) (1582 1486 1590 423 1594 1596 1406)
 (847 1487 1583 1591 1595 1597 1598 1407) (1568 21 1504 1408)
 (1409 1505 1569 1600 848) (1410 1600 1506 1570 424)
 (1601 1602 1411 1507 1571 849) (1508 212 1572 1412 1600)
 (1601 1604 1573 850 1413 1509) (1602 1604 1414 425 1510 1574)
 (1603 1605 1511 1575 1415 851 1606) (1576 1512 1600 118 1416)
 (1601 1608 1417 1513 852 1577) (1602 1608 1418 1578 1514 426)
 (1603 1579 1609 1610 1419 853 1515) (1604 1608 1516 213 1420 1580)
 (1421 1605 1609 1517 1612 1581 854) (1606 1610 1612 1518 1422 1582 427)
 (1607 1611 1613 1614 1519 1583 855 1423) (1584 1536 1600 43 1424)
 (1537 1585 1601 1616 1425 856) (1602 1538 1586 1616 1426 428)
 (1603 1539 1587 1617 1618 1427 857) (1428 1540 214 1616 1604 1588)
 (1605 1617 1429 1620 1589 858 1541) (1606 1618 1620 1430 429 1542 1590)
 (1543 1607 1431 1619 1621 1622 1591 859) (1608 1544 1616 119 1592 1432)
 (1545 1617 1593 1624 1433 1609 860) (1610 1624 1618 1546 1594 1434 430)
 (1611 1619 1595 1625 1626 1435 861 1547) (1612 1436 1548 215 1620 1624 1596)
 (1437 1549 1613 1621 1625 1628 1597 862)
 (1550 1614 1438 1622 1626 1628 1598 431)
 (863 1615 1630 1551 1623 1627 1629 1439 1599) (1248 4) (1632 1249 864)
 (1250 1632 432) (865 1633 1251 1634) (1632 1252 216) (1633 866 1636 1253)
 (433 1634 1636 1254) (867 1637 1635 1255 1638) (1632 120 1256)
 (1257 1633 868 1640) (1634 1258 1640 434) (1641 1642 1259 869 1635)
 (217 1260 1636 1640) (1641 1637 1644 1261 870) (1642 435 1644 1262 1638)
 (871 1639 1643 1645 1646 1263) (1632 80 1264) (1265 1633 1648 872)
 (1266 436 1648 1634) (873 1649 1267 1635 1650) (218 1268 1636 1648)
 (1649 874 1637 1652 1269) (1650 1652 437 1270 1638)
 (1639 875 1651 1653 1654 1271) (121 1640 1648 1272) (1273 1641 1649 876 1656)
 (1650 1274 1656 438 1642) (1643 877 1651 1657 1658 1275)
 (219 1276 1644 1652 1656) (1645 878 1653 1657 1660 1277)
 (439 1646 1654 1658 1660 1278) (1647 879 1655 1659 1661 1662 1279)
 (1632 44 1280) (1281 1633 1664 880) (1634 1282 1664 440)
 (881 1665 1283 1635 1666) (220 1284 1636 1664) (1665 882 1637 1668 1285)
 (441 1666 1668 1286 1638) (1667 1669 1670 1639 883 1287) (122 1640 1664 1288)
 (1289 1641 884 1665 1672) (1642 1290 1672 1666 442)
 (1667 1673 1674 1291 885 1643) (1292 221 1668 1644 1672)
 (1669 1673 1293 1676 1645 886) (1670 1674 443 1676 1294 1646)
 (1671 1675 1677 1678 1647 1295 887) (81 1648 1664 1296)
 (1297 1649 1665 1680 888) (1298 444 1666 1680 1650)
 (1667 1651 1681 1682 1299 889) (1668 1300 1652 222 1680)
 (1301 1669 1681 1684 1653 890) (1670 445 1682 1684 1302 1654)
 (1303 1671 1683 1685 1686 1655 891) (1680 123 1656 1672 1304)
 (1673 1681 1657 1688 1305 892) (1674 446 1658 1682 1688 1306)
 (1675 1683 1689 1690 1307 893 1659) (1660 1676 1684 223 1688 1308)
 (1309 1677 1685 1689 1692 1661 894) (1678 447 1662 1686 1690 1692 1310)
 (1679 1311 895 1687 1691 1693 1694 1663) (1632 22 1312) (1313 1633 1696 896)
 (1634 1314 1696 448) (897 1697 1315 1635 1698) (1316 1636 1696 224)
 (1697 898 1637 1700 1317) (449 1698 1700 1318 1638)
 (1699 1701 1319 1639 899 1702) (124 1640 1696 1320) (1321 1641 900 1697 1704)
 (1642 1322 1698 1704 450) (1699 901 1705 1706 1323 1643)
 (225 1324 1644 1700 1704) (1701 902 1705 1325 1708 1645)
 (1702 1706 1708 1326 1646 451) (903 1703 1707 1709 1710 1647 1327)
 (82 1648 1696 1328) (1329 1649 1712 1697 904) (1330 1698 452 1712 1650)
 (1699 905 1651 1713 1714 1331) (226 1332 1652 1700 1712)
 (1701 906 1713 1716 1653 1333) (1702 1714 1716 453 1334 1654)
 (1335 1703 907 1715 1717 1718 1655) (1712 1656 125 1704 1336)
 (1705 908 1713 1657 1720 1337) (1706 1658 1714 454 1720 1338)
 (1707 909 1715 1721 1722 1339 1659) (1660 1708 1716 1720 227 1340)
 (1341 1709 910 1717 1721 1724 1661) (1710 1662 1718 455 1722 1724 1342)
 (1711 1343 911 1719 1723 1725 1726 1663) (45 1664 1696 1344)
 (1345 1665 1728 1697 912) (1346 1698 1728 1666 456)
 (1729 1730 1347 1699 913 1667) (228 1348 1668 1700 1728)
 (1729 1732 1669 914 1349 1701) (1730 1732 1702 457 1670 1350)
 (1731 1733 1671 1703 915 1351 1734) (1728 1672 126 1704 1352)
 (1729 1736 1353 1673 916 1705) (1730 1736 1354 1674 1706 458)
 (1731 1737 1738 1707 1675 917 1355) (1676 1736 1356 1708 1732 229)
 (1733 1737 1357 1740 1677 918 1709) (1734 1738 1740 1678 1710 1358 459)
 (1735 1679 1739 1741 1742 1711 1359 919) (1728 83 1680 1712 1360)
 (1729 1681 1713 1744 1361 920) (1730 1682 1714 1744 1362 460)
 (1731 1715 1745 1746 1363 921 1683) (1732 1364 1744 1684 230 1716)
 (1733 1365 1745 1748 1685 922 1717) (1734 1746 1748 1718 1686 461 1366)
 (1367 1687 1735 1747 1749 1750 1719 923) (1368 1736 1688 1744 1720 127)
 (1737 1745 1689 1721 1752 1369 924) (1738 1752 1746 1690 1722 1370 462)
 (1739 1691 1747 1753 1754 1723 925 1371) (1372 1740 1692 1748 1752 1724 231)
 (1373 1741 1749 1753 1756 1693 926 1725)
 (1694 1742 1374 1750 1754 1756 1726 463)
 (1695 1375 1743 927 1751 1755 1757 1758 1727) (14 1632 1376)
 (1377 1633 1760 928) (1634 1378 1760 464) (929 1761 1379 1635 1762)
 (1380 1636 1760 232) (1761 930 1637 1764 1381) (465 1762 1764 1382 1638)
 (931 1765 1383 1639 1763 1766) (128 1640 1760 1384) (1385 1641 932 1761 1768)
 (1642 1386 1768 1762 466) (1763 933 1769 1770 1387 1643)
 (233 1764 1388 1644 1768) (1765 934 1769 1389 1772 1645)
 (467 1766 1770 1772 1390 1646) (935 1767 1771 1773 1774 1647 1391)
 (46 1664 1760 1392) (1393 1665 1776 1761 936) (1776 1394 468 1762 1666)
 (1763 937 1667 1777 1778 1395) (1764 234 1396 1668 1776)
 (1669 938 1777 1780 1397 1765) (469 1766 1778 1780 1398 1670)
 (1671 1767 939 1779 1781 1782 1399) (129 1768 1672 1776 1400)
 (1673 940 1777 1769 1784 1401) (470 1770 1778 1674 1784 1402)
 (1771 941 1779 1785 1786 1403 1675) (235 1676 1772 1780 1784 1404)
 (1773 1677 942 1781 1785 1788 1405) (471 1774 1678 1782 1786 1788 1406)
 (1679 1775 943 1783 1787 1789 1790 1407) (1696 23 1760 1408)
 (1409 1697 1792 1761 944) (1410 1698 1792 1762 472)
 (1793 1794 1411 1699 1763 945) (1764 236 1412 1700 1792)
 (1793 1796 1413 946 1701 1765) (1794 1796 1766 473 1702 1414)
 (1795 1797 1703 1767 1415 947 1798) (1768 130 1704 1792 1416)
 (1793 1800 1417 1705 948 1769) (1794 1800 474 1418 1770 1706)
 (1795 1801 1802 1419 1707 949 1771) (1796 237 1800 1772 1708 1420)
 (1797 1801 1421 1804 1709 1773 950) (1798 1802 475 1804 1774 1422 1710)
 (1799 1803 1805 1806 1711 1775 951 1423) (1776 1792 47 1728 1424)
 (1729 1793 1777 1808 1425 952) (1794 1730 1778 476 1808 1426)
 (1731 1795 1779 1809 1810 1427 953) (1428 1796 238 1808 1780 1732)
 (1733 1809 1812 1429 954 1781 1797) (1798 477 1810 1812 1782 1734 1430)
 (1735 1799 1431 1811 1813 1814 1783 955) (131 1800 1736 1808 1784 1432)
 (1737 1816 1809 1785 1801 1433 956) (1802 1816 478 1810 1738 1786 1434)
 (1803 1739 1811 1817 1818 1435 957 1787) (1436 239 1804 1740 1812 1816 1788)
 (1789 1741 1805 1813 1817 1820 1437 958)
 (1742 1806 479 1438 1814 1818 1820 1790)
 (959 1743 1822 1807 1815 1819 1821 1439 1791) (7 1632 1440)
 (1441 1633 1824 960) (1634 1442 1824 480) (961 1825 1443 1635 1826)
 (1824 1444 1636 240) (1825 962 1637 1828 1445) (481 1826 1828 1446 1638)
 (963 1829 1447 1639 1827 1830) (1824 132 1640 1448) (1449 1641 964 1825 1832)
 (1642 1450 1832 1826 482) (1827 965 1833 1834 1451 1643)
 (241 1828 1452 1644 1832) (1829 966 1833 1453 1836 1645)
 (1830 1834 1836 1454 1646 483) (967 1831 1835 1837 1838 1647 1455)
 (1824 84 1648 1456) (1457 1649 1840 1825 968) (1458 1840 484 1826 1650)
 (1827 969 1651 1841 1842 1459) (242 1828 1460 1652 1840)
 (1829 970 1841 1844 1653 1461) (1830 1842 1844 485 1462 1654)
 (1463 1831 971 1843 1845 1846 1655) (1832 1656 133 1840 1464)
 (1833 972 1841 1657 1848 1465) (1834 1658 1842 486 1848 1466)
 (1835 973 1843 1849 1850 1467 1659) (1660 243 1836 1844 1848 1468)
 (1469 1837 974 1845 1849 1852 1661) (1838 1662 1846 487 1850 1852 1470)
 (1471 1839 975 1847 1851 1853 1854 1663) (1824 48 1664 1472)
 (1473 1665 1856 1825 976) (1474 1856 1666 1826 488)
 (1857 1858 1475 1827 977 1667) (1828 244 1476 1668 1856)
 (1857 1860 1829 978 1669 1477) (1858 1860 1478 489 1670 1830)
 (1859 1861 1671 1831 979 1479 1862) (1856 1832 1672 134 1480)
 (1857 1864 1481 1673 980 1833) (1858 1864 1482 1834 1674 490)
 (1859 1835 1865 1866 1483 981 1675) (1860 1864 1836 245 1676 1484)
 (1861 1865 1677 1868 1837 1485 982) (1862 1866 1868 1678 1486 1838 491)
 (1863 1679 1867 1869 1870 1839 1487 983) (1840 1680 85 1856 1488)
 (1857 1681 1841 1872 1489 984) (1858 1682 1842 1872 1490 492)
 (1859 1843 1873 1874 1491 985 1683) (1844 1860 246 1872 1684 1492)
 (1861 1873 1876 1845 986 1685 1493) (1862 1874 1876 1494 1686 493 1846)
 (1687 1863 1875 1877 1878 1847 1495 987) (135 1864 1688 1872 1496 1848)
 (1849 1873 1689 1880 1497 1865 988) (1866 1880 1874 1690 1850 1498 494)
 (1867 1875 1851 1881 1882 1499 989 1691) (1500 1868 1692 247 1876 1880 1852)
 (1693 1869 1501 1877 1881 1884 1853 990)
 (1694 1870 1502 1878 1882 1884 1854 495)
 (1695 1503 1871 991 1879 1883 1885 1886 1855) (1824 1696 24 1504)
 (1505 1697 1888 1825 992) (1506 1698 1888 1826 496)
 (993 1889 1507 1890 1699 1827) (1888 1828 1508 1700 248)
 (1889 994 1892 1829 1509 1701) (497 1890 1892 1510 1702 1830)
 (1891 1893 1703 1831 995 1511 1894) (1888 1832 136 1704 1512)
 (1889 996 1896 1513 1705 1833) (1890 1896 1514 1834 1706 498)
 (1891 997 1897 1898 1515 1835 1707) (1516 1896 1836 1708 249 1892)
 (1893 998 1897 1709 1900 1837 1517) (499 1894 1898 1710 1900 1518 1838)
 (999 1895 1899 1901 1902 1711 1519 1839) (1888 1840 1712 86 1520)
 (1889 1713 1000 1841 1904 1521) (1890 1714 500 1842 1904 1522)
 (1715 1891 1001 1843 1905 1906 1523) (1524 1892 1904 250 1844 1716)
 (1893 1002 1905 1908 1845 1525 1717) (501 1894 1906 1908 1526 1718 1846)
 (1719 1895 1003 1907 1909 1910 1847 1527) (1896 137 1720 1904 1848 1528)
 (1897 1004 1905 1721 1912 1529 1849) (502 1898 1912 1906 1722 1850 1530)
 (1899 1005 1907 1851 1913 1914 1531 1723) (1852 1900 1724 251 1908 1912 1532)
 (1725 1901 1006 1533 1909 1913 1916 1853)
 (503 1726 1902 1534 1910 1914 1916 1854)
 (1007 1535 1903 1855 1911 1915 1917 1918 1727) (1888 1856 1728 49 1536)
 (1537 1729 1857 1889 1008 1920) (1890 1730 1858 1538 504 1920)
 (1921 1731 1539 1891 1922 1859 1009) (1540 1860 1892 252 1732 1920)
 (1921 1924 1861 1010 1893 1733 1541) (1922 1924 1894 505 1734 1862 1542)
 (1923 1925 1863 1895 1011 1735 1543 1926) (1864 138 1736 1544 1896 1920)
 (1921 1928 1545 1737 1012 1865 1897) (1922 1928 1898 506 1738 1866 1546)
 (1923 1929 1930 1547 1739 1013 1899 1867) (1924 1900 1868 1740 1548 253 1928)
 (1925 1929 1741 1932 1869 1549 1901 1014)
 (1932 1926 1930 507 1742 1902 1870 1550)
 (1927 1903 1931 1551 1933 1934 1743 1871 1015) (1552 1904 1872 87 1744 1920)
 (1921 1745 1873 1905 1936 1553 1016) (1922 1746 1874 1554 508 1936 1906)
 (1747 1923 1907 1875 1937 1938 1555 1017) (1556 1924 1908 1936 1876 254 1748)
 (1909 1925 1937 1940 1877 1018 1749 1557)
 (1926 509 1938 1940 1910 1750 1878 1558)
 (1879 1927 1939 1941 1942 1911 1751 1019 1559)
 (1928 139 1752 1936 1880 1560 1912) (1929 1937 1753 1944 1561 1881 1913 1020)
 (1930 1944 510 1938 1754 1882 1562 1914)
 (1931 1755 1939 1915 1945 1946 1563 1021 1883)
 (1564 1932 1756 1940 1916 255 1944 1884)
 (1757 1933 1565 1917 1941 1945 1948 1885 1022)
 (1566 1758 1934 511 1886 1942 1946 1948 1918)
 (1023 1919 1567 1935 1887 1943 1947 1949 1950 1759) (1824 15 1760 1568)
 (1569 1761 1825 1952 1024) (1570 1952 1762 1826 512)
 (1025 1953 1571 1954 1763 1827) (1764 1828 1572 1952 256)
 (1953 1026 1956 1829 1573 1765) (1954 1956 1574 513 1766 1830)
 (1955 1957 1767 1831 1027 1575 1958) (1768 1832 140 1952 1576)
 (1953 1028 1960 1577 1769 1833) (1954 1960 1578 514 1834 1770)
 (1955 1029 1961 1962 1579 1835 1771) (1836 1960 1772 1580 1956 257)
 (1957 1030 1961 1773 1964 1837 1581) (1958 1962 1964 1774 1582 1838 515)
 (1031 1959 1965 1963 1583 1966 1775 1839) (1856 1776 1952 50 1584)
 (1953 1777 1032 1857 1968 1585) (1954 1778 1858 1968 1586 516)
 (1955 1033 1779 1859 1969 1970 1587) (1588 1860 1956 1968 1780 258)
 (1861 1034 1969 1972 1589 1957 1781) (1958 1970 1972 517 1590 1782 1862)
 (1863 1959 1035 1971 1973 1974 1783 1591) (1864 1960 141 1968 1784 1592)
 (1961 1036 1969 1785 1976 1593 1865) (1962 1976 1970 1786 518 1866 1594)
 (1963 1037 1971 1977 1978 1595 1787 1867) (1596 1868 1972 1964 1976 259 1788)
 (1965 1597 1869 1038 1973 1977 1980 1789)
 (1790 1966 1870 1974 519 1978 1980 1598)
 (1039 1599 1967 1871 1975 1979 1981 1982 1791) (1888 1792 1952 25 1600)
 (1601 1793 1889 1953 1040 1984) (1890 1794 1602 1954 520 1984)
 (1985 1986 1603 1795 1891 1955 1041) (1796 1892 1956 1604 260 1984)
 (1985 1988 1893 1042 1957 1605 1797) (1986 1988 1958 1798 521 1606 1894)
 (1987 1989 1895 1959 1043 1799 1607 1990) (1800 1896 142 1608 1960 1984)
 (1985 1992 1609 1801 1044 1897 1961) (1986 1992 1898 1802 1610 522 1962)
 (1987 1993 1994 1963 1803 1045 1899 1611) (1612 1992 1804 1988 1900 1964 261)
 (1989 1993 1901 1996 1805 1613 1965 1046)
 (1614 1806 1990 1994 1996 1902 1966 523)
 (1991 1995 1807 1997 1615 1967 1998 1903 1047) (1616 1984 1968 51 1808 1920)
 (1921 1809 1969 1985 2000 1617 1048) (1922 1810 1970 1986 2000 1618 524)
 (1987 1811 1923 1971 2001 2002 1619 1049) (1620 1924 1972 1988 2000 1812 262)
 (1925 1989 2001 2004 1621 1973 1050 1813)
 (1926 2002 2004 1814 1974 525 1622 1990)
 (1815 1991 2003 2005 2006 1975 1051 1623 1927)
 (1992 1816 143 2000 1976 1624 1928) (1929 2001 1817 2008 1625 1052 1977 1993)
 (1930 2008 2002 1818 1978 1626 1994 526)
 (1995 2003 1819 1931 2009 2010 1979 1053 1627)
 (1628 1996 2004 1932 1980 2008 1820 263)
 (1933 1997 1629 1981 2009 2005 2012 1821 1054)
 (1630 1822 1934 1998 2006 2010 2012 1982 527)
 (1055 1631 1999 1935 1823 2007 2011 2013 2014 1983) (1248 2) (2016 1249 1056)
 (1250 2016 528) (1057 2017 1251 2018) (2016 1252 264) (2017 1058 2020 1253)
 (529 2018 2020 1254) (1059 2021 2019 1255 2022) (2016 144 1256)
 (1257 2017 1060 2024) (2018 1258 2024 530) (2025 2026 1259 1061 2019)
 (265 1260 2020 2024) (2025 2021 2028 1261 1062) (2026 531 2028 1262 2022)
 (1063 2023 2027 2029 2030 1263) (2016 88 1264) (1265 2017 2032 1064)
 (1266 532 2032 2018) (1065 2033 1267 2019 2034) (266 1268 2020 2032)
 (2033 1066 2021 2036 1269) (2034 2036 533 1270 2022)
 (2023 1067 2035 2037 2038 1271) (145 2024 2032 1272)
 (1273 2025 2033 1068 2040) (2034 1274 2040 534 2026)
 (2027 1069 2035 2041 2042 1275) (267 1276 2028 2040 2036)
 (2029 1070 2037 2041 2044 1277) (535 2030 2038 2042 2044 1278)
 (2031 1071 2039 2043 2045 2046 1279) (2016 52 1280) (1281 2017 2048 1072)
 (2018 1282 2048 536) (1073 2049 1283 2019 2050) (268 1284 2020 2048)
 (2049 1074 2021 2052 1285) (537 2050 2052 1286 2022)
 (2051 2053 2054 2023 1075 1287) (146 2024 2048 1288)
 (1289 2025 2049 1076 2056) (2026 1290 2056 2050 538)
 (2051 2057 2058 1291 1077 2027) (2056 1292 269 2052 2028)
 (2053 2057 1293 2060 2029 1078) (2054 2058 539 2060 1294 2030)
 (2055 2059 2061 2062 2031 1295 1079) (89 2032 2048 1296)
 (1297 2033 2049 2064 1080) (2050 1298 540 2064 2034)
 (2051 2035 2065 2066 1299 1081) (2052 1300 2036 270 2064)
 (1301 2053 2065 2068 2037 1082) (2054 541 2066 2068 1302 2038)
 (1303 2055 2067 2069 2070 2039 1083) (147 2040 2064 2056 1304)
 (2057 2065 2041 2072 1305 1084) (2042 2058 542 2066 2072 1306)
 (2059 2067 2073 2074 1307 1085 2043) (2044 2060 2068 271 2072 1308)
 (1309 2061 2069 2073 2076 2045 1086) (2062 543 2046 2070 2074 2076 1310)
 (2063 1311 1087 2071 2075 2077 2078 2047) (2016 26 1312) (1313 2017 2080 1088)
 (2018 1314 2080 544) (1089 2081 1315 2019 2082) (1316 2020 2080 272)
 (2081 1090 2021 2084 1317) (545 2082 2084 1318 2022)
 (2083 2085 1319 2023 1091 2086) (148 2024 2080 1320)
 (1321 2025 1092 2081 2088) (2026 1322 2082 2088 546)
 (2083 1093 2089 2090 1323 2027) (273 1324 2028 2084 2088)
 (2085 1094 2089 1325 2092 2029) (2086 2090 2092 1326 2030 547)
 (1095 2087 2091 2093 2094 2031 1327) (90 2032 2080 1328)
 (1329 2033 2096 2081 1096) (1330 2082 548 2096 2034)
 (2083 1097 2035 2097 2098 1331) (274 1332 2036 2084 2096)
 (2085 1098 2097 2100 2037 1333) (2086 2098 2100 549 1334 2038)
 (1335 2087 1099 2099 2101 2102 2039) (2096 2040 149 2088 1336)
 (2089 1100 2097 2041 2104 1337) (2042 2090 2098 550 2104 1338)
 (2091 1101 2099 2105 2106 1339 2043) (2044 2092 2100 2104 275 1340)
 (1341 2093 1102 2101 2105 2108 2045) (2094 2046 2102 551 2106 2108 1342)
 (2095 1343 1103 2103 2107 2109 2110 2047) (53 2048 2080 1344)
 (1345 2049 2112 2081 1104) (2050 1346 2082 2112 552)
 (2113 2114 1347 2083 1105 2051) (276 1348 2052 2084 2112)
 (2113 2116 2053 1106 2085 1349) (2114 2116 2086 2054 553 1350)
 (2115 2117 2055 2087 1107 1351 2118) (2112 2056 150 2088 1352)
 (2113 2120 1353 2089 2057 1108) (2114 2120 2058 2090 1354 554)
 (2115 2059 2121 2122 2091 1109 1355) (2060 2092 2120 1356 2116 277)
 (2117 2121 1357 2124 2061 1110 2093) (2062 2118 2122 2124 2094 1358 555)
 (2119 2123 2125 2126 2095 1359 1111 2063) (2112 91 2064 2096 1360)
 (2113 2065 2128 1361 1112 2097) (2114 2098 2128 1362 2066 556)
 (2115 2099 2129 2130 1363 2067 1113) (2116 2128 1364 2068 2100 278)
 (2117 2101 1365 2129 2132 2069 1114) (2118 2130 2132 2102 2070 557 1366)
 (1367 2071 2119 2131 2133 2134 2103 1115) (1368 2120 2072 2128 2104 151)
 (2121 2105 2129 2073 2136 1369 1116) (2122 2136 2074 2130 2106 1370 558)
 (2075 2123 2131 2137 2138 2107 1117 1371) (1372 2076 2124 2132 2136 2108 279)
 (2109 1373 2125 2133 2137 2140 2077 1118)
 (2078 2126 1374 2134 2138 2140 2110 559)
 (1375 2127 1119 2135 2139 2141 2142 2111 2079) (16 2016 1376)
 (1377 2017 2144 1120) (2018 1378 2144 560) (1121 2145 1379 2019 2146)
 (1380 2020 2144 280) (2145 1122 2021 2148 1381) (561 2146 2148 1382 2022)
 (1123 2149 1383 2023 2147 2150) (152 2024 2144 1384)
 (1385 2025 1124 2145 2152) (2026 1386 2152 2146 562)
 (2147 1125 2153 2154 1387 2027) (281 2148 1388 2028 2152)
 (2149 1126 2153 1389 2156 2029) (563 2150 2154 2156 1390 2030)
 (1127 2151 2155 2157 2158 2031 1391) (54 2048 2144 1392)
 (1393 2049 2160 2145 1128) (2160 1394 564 2146 2050)
 (2147 1129 2051 2161 2162 1395) (2148 282 1396 2052 2160)
 (2053 1130 2161 2164 1397 2149) (565 2150 2162 2164 1398 2054)
 (2055 2151 1131 2163 2165 2166 1399) (153 2152 2056 2160 1400)
 (2057 1132 2161 2153 2168 1401) (566 2154 2058 2162 2168 1402)
 (2155 1133 2163 2169 2170 1403 2059) (283 2060 2156 2164 2168 1404)
 (2157 2061 1134 2165 2169 2172 1405) (567 2158 2062 2166 2170 2172 1406)
 (2159 1135 2167 2171 2173 2174 1407 2063) (2080 27 2144 1408)
 (1409 2081 2176 2145 1136) (1410 2082 2176 2146 568)
 (2177 2178 1411 2147 1137 2083) (2148 284 1412 2084 2176)
 (2177 2180 1413 1138 2085 2149) (2178 2180 2150 569 2086 1414)
 (2179 2181 2087 2151 1415 1139 2182) (2152 154 2088 2176 1416)
 (2177 2184 1417 2153 2089 1140) (570 2178 2184 1418 2154 2090)
 (2179 2185 2186 1419 2091 1141 2155) (2180 285 2092 2184 2156 1420)
 (2181 2157 2185 1421 2188 2093 1142) (2094 2182 2186 571 2188 2158 1422)
 (2183 2187 2189 2190 2095 2159 1143 1423) (2160 2176 55 2112 1424)
 (2113 2177 2192 1425 1144 2161) (2178 2162 572 2192 1426 2114)
 (2179 2163 2193 2194 1427 1145 2115) (1428 2180 286 2192 2164 2116)
 (2117 2193 2196 1429 2165 2181 1146) (2182 573 2194 2118 2166 2196 1430)
 (2119 2183 1431 2195 2197 2198 2167 1147) (155 2184 2120 2192 2168 1432)
 (2121 2185 2193 2169 2200 1433 1148) (2186 2122 574 2194 2170 2200 1434)
 (2123 2187 2195 2201 2202 1435 1149 2171) (1436 287 2124 2188 2196 2200 2172)
 (2189 2173 2125 2197 2201 2204 1437 1150)
 (2126 2190 575 1438 2198 2202 2204 2174)
 (2203 2127 2206 2191 2199 1151 2205 1439 2175) (8 2016 1440)
 (1441 2017 2208 1152) (2018 1442 2208 576) (1153 2209 1443 2019 2210)
 (2208 1444 2020 288) (2209 1154 2021 2212 1445) (577 2210 2212 1446 2022)
 (1155 2213 1447 2023 2211 2214) (2208 156 2024 1448)
 (1449 2025 1156 2209 2216) (2026 1450 2216 2210 578)
 (2211 1157 2217 2218 1451 2027) (289 2212 1452 2028 2216)
 (2213 1158 2217 1453 2220 2029) (2214 2218 2220 1454 2030 579)
 (1159 2215 2219 2221 2222 2031 1455) (2208 92 2032 1456)
 (1457 2033 2224 2209 1160) (1458 2224 580 2210 2034)
 (2211 1161 2035 2225 2226 1459) (290 2212 1460 2036 2224)
 (2213 1162 2225 2228 2037 1461) (2214 2226 2228 581 1462 2038)
 (1463 2215 1163 2227 2229 2230 2039) (2216 2040 157 2224 1464)
 (2217 1164 2225 2041 2232 1465) (2042 2218 2226 582 2232 1466)
 (2219 1165 2227 2233 2234 1467 2043) (2044 291 2220 2228 2232 1468)
 (1469 2221 1166 2229 2233 2236 2045) (2222 2046 2230 583 2234 2236 1470)
 (1471 2223 1167 2231 2235 2237 2238 2047) (2208 56 2048 1472)
 (1473 2049 2240 2209 1168) (2050 1474 2240 2210 584)
 (2241 2242 1475 2211 1169 2051) (2212 292 1476 2052 2240)
 (2241 2244 2213 1170 2053 1477) (2242 2244 1478 2054 585 2214)
 (2243 2245 2055 2215 1171 1479 2246) (2240 2216 2056 158 1480)
 (2241 2248 1481 2217 2057 1172) (2242 2248 2058 2218 1482 586)
 (2243 2249 2250 1483 2219 1173 2059) (2244 2060 2248 2220 293 1484)
 (2245 2249 2061 2252 2221 1485 1174) (2062 2246 2250 2252 1486 2222 587)
 (2247 2251 2253 2254 2223 1487 1175 2063) (2224 2064 93 2240 1488)
 (2225 2065 2241 2256 1489 1176) (2242 2226 2256 1490 2066 588)
 (2243 2227 2257 2258 1491 2067 1177) (2244 294 2256 2228 2068 1492)
 (2245 2257 2069 2229 1178 2260 1493) (2246 2258 2260 1494 2070 589 2230)
 (2071 2247 2259 2261 2262 2231 1495 1179) (159 2248 2072 2256 1496 2232)
 (2249 2257 2073 2233 2264 1497 1180) (2250 2264 2074 2258 2234 1498 590)
 (2251 2235 2259 2265 2266 1499 1181 2075) (1500 2076 2252 295 2260 2264 2236)
 (2077 2253 1501 2261 2265 2268 2237 1182)
 (2078 2254 1502 2262 2266 2268 2238 591)
 (1503 2255 1183 2263 2267 2269 2270 2239 2079) (2208 2080 28 1504)
 (1505 2081 2272 2209 1184) (1506 2082 2272 2210 592)
 (1185 2273 1507 2274 2211 2083) (2272 2212 1508 2084 296)
 (2273 1186 2276 2213 2085 1509) (593 2274 2276 1510 2086 2214)
 (2275 2277 2087 2215 1187 1511 2278) (2272 2216 160 2088 1512)
 (2273 1188 2280 1513 2217 2089) (2274 2280 1514 2218 594 2090)
 (2275 1189 2281 2282 1515 2219 2091) (1516 2092 2280 2220 297 2276)
 (2277 1190 2281 2093 2284 2221 1517) (595 2284 2278 2282 2094 1518 2222)
 (1191 2279 2283 2285 2286 2095 1519 2223) (2272 2224 2096 94 1520)
 (2273 2097 2225 1192 2288 1521) (2274 596 2226 2288 1522 2098)
 (2275 1193 2227 2289 2290 1523 2099) (1524 2276 2288 298 2228 2100)
 (2277 2101 1194 2289 2292 2229 1525) (597 2278 2290 2102 2292 1526 2230)
 (2103 2279 1195 2291 2293 2294 2231 1527) (2280 161 2104 2288 2232 1528)
 (2281 1196 2289 2105 2233 2296 1529) (598 2282 2106 2296 2290 2234 1530)
 (2283 1197 2291 2297 2298 1531 2107 2235) (2236 2108 2284 299 2292 2296 1532)
 (2109 2285 1198 1533 2293 2297 2300 2237)
 (2110 599 2286 1534 2294 2298 2300 2238)
 (2301 1535 2287 2239 2295 2299 1199 2302 2111) (2272 2240 2112 57 1536)
 (1537 2113 2273 2241 1200 2304) (2274 1538 600 2114 2242 2304)
 (2305 2306 1539 2243 1201 2115 2275) (1540 2244 300 2116 2276 2304)
 (2305 2308 2245 1202 2117 2277 1541) (2306 2308 2278 601 2118 2246 1542)
 (2307 2309 2247 2279 2119 1203 1543 2310) (2248 162 2120 2280 1544 2304)
 (2305 2312 1545 2121 2281 1204 2249) (2306 2312 602 2282 2122 2250 1546)
 (2307 2313 2123 1547 2283 1205 2314 2251) (2308 2124 2252 2284 1548 301 2312)
 (2309 2313 2125 2285 2316 2253 1549 1206)
 (2126 2310 2254 2314 603 2316 2286 1550)
 (2287 2311 2315 1551 2317 2318 2127 2255 1207) (2288 1552 2256 95 2128 2304)
 (2305 2129 2289 2257 2320 1553 1208) (2306 1554 604 2320 2290 2130 2258)
 (2307 2259 2321 2322 1555 1209 2131 2291) (1556 2308 2320 2260 302 2132 2292)
 (2309 2321 2324 2261 2133 1210 2293 1557)
 (2310 605 2322 2134 2294 2262 2324 1558)
 (2263 2311 2135 2323 2325 2326 2295 1211 1559)
 (2312 163 2136 2320 2296 2264 1560) (2313 2321 2137 2297 2328 1561 2265 1212)
 (2314 2138 606 2266 2322 2328 1562 2298)
 (2139 2315 2299 2323 2329 2330 1563 1213 2267)
 (1564 2140 2316 2300 2324 303 2328 2268)
 (2141 2301 2317 1565 2325 2329 2332 2269 1214)
 (1566 2318 607 2270 2142 2326 2330 2332 2302)
 (2303 2333 1567 2319 2271 2327 2331 1215 2334 2143) (2208 17 2144 1568)
 (1569 2145 2209 2336 1216) (1570 2336 2146 2210 608)
 (1217 2337 1571 2338 2211 2147) (2148 2212 1572 2336 304)
 (2337 1218 2340 2213 2149 1573) (2338 2340 1574 609 2150 2214)
 (2339 2341 2151 2215 1219 1575 2342) (2152 2216 164 2336 1576)
 (2337 1220 2344 1577 2217 2153) (2338 2344 1578 2218 610 2154)
 (2339 1221 2345 2346 1579 2219 2155) (2220 2344 2156 1580 2340 305)
 (2341 1222 2345 2157 2348 2221 1581) (2158 2342 2346 2348 1582 2222 611)
 (1223 2343 2349 2347 1583 2350 2159 2223) (2240 2160 2336 58 1584)
 (2337 2161 1224 2241 2352 1585) (2338 2242 2352 1586 612 2162)
 (2339 1225 2243 2353 2354 1587 2163) (1588 2244 2352 2164 306 2340)
 (2245 1226 2353 2356 1589 2165 2341) (2342 2166 2354 2356 613 1590 2246)
 (2247 2343 1227 2355 2357 2358 2167 1591) (2248 2344 165 2352 2168 1592)
 (2345 1228 2353 2169 2360 1593 2249) (2346 2360 2170 2354 614 2250 1594)
 (2347 1229 2355 2171 2361 2362 1595 2251) (1596 2252 2348 2356 2360 307 2172)
 (1597 2253 1230 2357 2361 2364 2173 2349)
 (2174 2350 2254 2358 615 2362 2364 1598)
 (1599 2351 2366 2255 2359 2363 2365 1231 2175) (2272 2176 2336 29 1600)
 (1601 2177 2273 2337 1232 2368) (2274 2338 1602 616 2178 2368)
 (2369 2370 1603 2339 1233 2179 2275) (2180 1604 308 2276 2340 2368)
 (2369 2372 2277 1234 2181 1605 2341) (2370 2372 2342 2182 617 1606 2278)
 (2371 2373 2279 2343 1235 2183 1607 2374) (2184 2280 166 2344 1608 2368)
 (2369 2376 1609 2185 2281 1236 2345) (2370 2376 2282 2186 2346 1610 618)
 (2371 2377 2378 2347 2187 2283 1237 1611) (1612 2376 2188 2284 2348 2372 309)
 (2373 2377 2285 2380 2189 1613 1238 2349)
 (1614 2374 2378 2380 2286 2350 619 2190)
 (2191 2375 2379 2381 1615 2351 2382 2287 1239) (2368 1616 59 2352 2192 2304)
 (2305 2193 2353 2369 2384 1617 1240) (2306 2370 2354 2384 1618 620 2194)
 (2371 2355 2385 2386 1619 1241 2195 2307) (1620 310 2196 2384 2308 2356 2372)
 (2373 2385 2388 1621 2197 1242 2309 2357)
 (2310 2198 2386 2388 2358 621 1622 2374)
 (2199 2375 2387 2389 2390 2359 2311 1243 1623)
 (2376 2200 167 2384 2312 2360 1624) (2313 2385 2201 2361 2377 2392 1625 1244)
 (2314 2392 2202 2386 2378 2362 1626 622)
 (2379 2203 2315 2387 2393 2394 2363 1245 1627)
 (1628 2380 2316 2364 2388 2392 2204 311)
 (2317 2381 1629 2389 2393 2396 2205 1246 2365)
 (1630 2206 2318 2382 2390 2394 2396 2366 623)
 (2319 1631 2383 2398 2207 2391 2395 2397 1247 2367) NIL (2400 1248) (2400 672)
 (2401 1249 2402) (2400 336) (1250 2401 2404) (673 2404 2402)
 (1251 2405 2406 2403) (2400 168) (2401 1252 2408) (674 2402 2408)
 (2409 2410 1253 2403) (337 2404 2408) (2409 2412 2405 1254)
 (2410 675 2412 2406) (2411 2413 1255 2407 2414) (2400 96) (2401 2416 1256)
 (676 2402 2416) (1257 2417 2403 2418) (338 2404 2416) (2417 1258 2420 2405)
 (2418 2420 677 2406) (1259 2421 2419 2407 2422) (169 2416 2408)
 (2409 2417 1260 2424) (2410 2424 678 2418) (2425 2426 2411 1261 2419)
 (2420 339 2412 2424) (2425 2421 2428 2413 1262) (2426 2428 2414 679 2422)
 (1263 2423 2427 2429 2430 2415) (2400 72) (2401 2432 1264) (2432 2402 680)
 (1265 2433 2403 2434) (340 2404 2432) (2433 1266 2436 2405)
 (681 2434 2436 2406) (1267 2437 2435 2407 2438) (170 2432 2408)
 (2409 2433 1268 2440) (2410 2440 2434 682) (2441 2442 2411 1269 2435)
 (2436 2412 341 2440) (2441 2437 2444 2413 1270) (2442 683 2444 2414 2438)
 (2439 2443 2445 2446 1271 2415) (97 2432 2416) (2417 2433 2448 1272)
 (2448 2418 684 2434) (1273 2449 2419 2435 2450) (2436 2420 342 2448)
 (2449 1274 2452 2421 2437) (2450 2452 685 2422 2438)
 (2439 2451 2453 2454 2423 1275) (2448 171 2440 2424)
 (2425 2441 1276 2449 2456) (2426 2456 2450 686 2442)
 (2443 2451 2457 2458 2427 1277) (2444 2452 2428 343 2456)
 (2445 2453 2457 2460 2429 1278) (2446 687 2454 2458 2460 2430)
 (2447 2431 2455 2459 2461 2462 1279) (2400 36) (2401 2464 1280)
 (2464 2402 688) (1281 2465 2403 2466) (2404 2464 344) (2465 1282 2468 2405)
 (689 2466 2468 2406) (1283 2469 2467 2407 2470) (172 2464 2408)
 (2409 2465 1284 2472) (2410 2466 2472 690) (2473 2474 2411 1285 2467)
 (345 2412 2468 2472) (2473 2469 2476 2413 1286) (2474 691 2476 2414 2470)
 (1287 2471 2475 2477 2478 2415) (98 2464 2416) (2417 2465 2480 1288)
 (2418 692 2480 2466) (1289 2481 2419 2467 2482) (346 2420 2468 2480)
 (2481 1290 2484 2421 2469) (2482 2484 693 2422 2470)
 (2471 1291 2483 2485 2486 2423) (2472 173 2480 2424)
 (2425 2473 1292 2481 2488) (2426 2482 2488 694 2474)
 (2475 1293 2483 2489 2490 2427) (347 2428 2488 2476 2484)
 (2477 1294 2485 2489 2492 2429) (2478 2486 695 2490 2492 2430)
 (2479 1295 2487 2491 2493 2494 2431) (73 2464 2432) (2433 2465 2496 1296)
 (2434 2466 2496 696) (1297 2497 2435 2467 2498) (2436 348 2468 2496)
 (2497 1298 2500 2437 2469) (697 2498 2500 2438 2470)
 (2499 2501 2439 2471 1299 2502) (2472 174 2496 2440)
 (2441 2473 1300 2497 2504) (2442 2474 2498 2504 698)
 (2499 2505 2506 2443 1301 2475) (2444 349 2504 2476 2500)
 (2501 2505 2445 2508 2477 1302) (2502 2506 2508 2446 2478 699)
 (2503 2507 2509 2510 2479 2447 1303) (99 2480 2496 2448)
 (2449 2481 2512 2497 1304) (2498 2450 700 2512 2482)
 (2499 2483 2513 2514 2451 1305) (2452 2512 350 2484 2500)
 (2501 2513 2516 2453 2485 1306) (2502 2514 2516 2454 701 2486)
 (2455 2503 2515 2517 2518 2487 1307) (2488 2504 2512 175 2456)
 (2505 2513 2489 2520 2457 1308) (2506 2514 2520 2458 2490 702)
 (2507 2515 2521 2522 2459 1309 2491) (2492 2508 351 2516 2520 2460)
 (2461 2509 2517 2521 2524 2493 1310) (2510 2494 2518 2522 2524 2462 703)
 (2463 2511 1311 2519 2523 2525 2526 2495) (2400 18) (2401 2528 1312)
 (2528 2402 704) (1313 2529 2403 2530) (2528 2404 352) (2529 1314 2532 2405)
 (705 2530 2532 2406) (1315 2533 2531 2407 2534) (2528 176 2408)
 (2409 2529 1316 2536) (2530 2410 2536 706) (2537 2538 2411 1317 2531)
 (353 2412 2532 2536) (2537 2533 2540 2413 1318) (2538 707 2540 2414 2534)
 (2535 1319 2539 2541 2542 2415) (2528 100 2416) (2417 2529 2544 1320)
 (2418 708 2544 2530) (1321 2545 2419 2531 2546) (354 2420 2532 2544)
 (2545 1322 2533 2548 2421) (2546 2548 709 2422 2534)
 (2535 1323 2547 2549 2550 2423) (177 2536 2544 2424)
 (2425 2537 2545 1324 2552) (2546 2426 2552 710 2538)
 (2539 1325 2547 2553 2554 2427) (355 2428 2540 2548 2552)
 (2541 1326 2549 2553 2556 2429) (711 2542 2550 2554 2556 2430)
 (1327 2543 2551 2555 2557 2558 2431) (74 2528 2432) (2433 2529 2560 1328)
 (2530 2434 2560 712) (1329 2561 2435 2531 2562) (356 2436 2532 2560)
 (2561 1330 2533 2564 2437) (713 2562 2564 2438 2534)
 (2563 2565 2566 2535 1331 2439) (178 2536 2560 2440)
 (2441 2537 1332 2561 2568) (2538 2442 2568 2562 714)
 (2563 2569 2570 2443 1333 2539) (2564 2444 357 2540 2568)
 (2565 2569 2445 2572 2541 1334) (2566 2570 715 2572 2446 2542)
 (2567 2571 2573 2574 2447 2543 1335) (2544 101 2560 2448)
 (2449 2545 2561 2576 1336) (2450 716 2576 2562 2546)
 (2563 2547 2577 2578 2451 1337) (2564 2452 2548 358 2576)
 (2453 2565 2577 2580 2549 1338) (2566 717 2578 2580 2454 2550)
 (2455 2567 2579 2581 2582 2551 1339) (2576 179 2552 2568 2456)
 (2569 2577 2553 2584 2457 1340) (2554 2570 718 2578 2584 2458)
 (2571 2579 2585 2586 2459 1341 2555) (2556 2572 2580 359 2584 2460)
 (2461 2573 2581 2585 2588 2557 1342) (2574 719 2558 2582 2586 2588 2462)
 (2575 2559 2463 2583 2587 2589 2590 1343) (37 2528 2464) (2465 2529 2592 1344)
 (2530 2466 2592 720) (1345 2593 2467 2531 2594) (2468 2532 2592 360)
 (2593 1346 2533 2596 2469) (721 2594 2596 2470 2534)
 (2595 2597 2471 2535 1347 2598) (180 2536 2592 2472)
 (2473 2537 1348 2593 2600) (2538 2474 2594 2600 722)
 (2595 1349 2601 2602 2475 2539) (361 2476 2540 2596 2600)
 (2597 1350 2601 2477 2604 2541) (2598 2602 2604 2478 2542 723)
 (1351 2599 2603 2605 2606 2479 2543) (2592 2544 102 2480)
 (2481 2545 2608 2593 1352) (2482 2594 724 2608 2546)
 (2595 1353 2547 2609 2610 2483) (362 2484 2548 2596 2608)
 (2597 1354 2609 2612 2549 2485) (2598 2610 2612 725 2486 2550)
 (2487 2599 1355 2611 2613 2614 2551) (2552 181 2608 2600 2488)
 (2601 1356 2609 2553 2616 2489) (2554 2602 2610 726 2616 2490)
 (2603 1357 2611 2617 2618 2491 2555) (2556 2604 2612 2616 363 2492)
 (2493 2605 1358 2613 2617 2620 2557) (2606 2558 2614 727 2618 2620 2494)
 (2607 2559 1359 2615 2619 2621 2622 2495) (75 2560 2592 2496)
 (2497 2561 2624 2593 1360) (2498 2594 2624 2562 728)
 (2625 2626 2595 2499 2563 1361) (364 2500 2564 2596 2624)
 (2625 2628 2565 2597 1362 2501) (2626 2628 2598 2566 729 2502)
 (2503 2627 2629 2567 2599 1363 2630) (2568 2624 182 2600 2504)
 (2625 2601 2632 2505 2569 1364) (2626 2570 2632 2506 2602 730)
 (2627 2633 2634 2603 1365 2507 2571) (2572 2632 2508 2628 365 2604)
 (2629 2633 2605 2636 2573 2509 1366) (2630 2634 2636 2606 2510 2574 731)
 (2631 2635 2637 2638 2607 2511 1367 2575) (2576 2608 2624 103 2512)
 (2625 2577 2640 2513 2609 1368) (2626 2610 2640 2514 2578 732)
 (2627 2515 2579 2641 2642 2611 1369) (2628 2516 2612 2640 2580 366)
 (2629 2517 2613 2641 2644 2581 1370) (2630 2582 2642 2644 2614 733 2518)
 (2519 2583 2631 2643 2645 2646 2615 1371) (2632 2616 183 2640 2584 2520)
 (2617 2633 2641 2585 2648 2521 1372) (2586 2634 2648 2642 2618 2522 734)
 (2635 2643 2649 2650 2619 1373 2523 2587) (2588 2648 2636 2644 2620 2524 367)
 (2621 2637 2645 2525 2649 2652 2589 1374)
 (2638 2526 2646 2650 2590 2652 2622 735)
 (2639 2527 1375 2647 2591 2651 2653 2654 2623) (2400 12) (2401 2656 1376)
 (2656 2402 736) (1377 2657 2403 2658) (2656 2404 368) (2657 1378 2660 2405)
 (737 2658 2660 2406) (1379 2661 2659 2407 2662) (2656 184 2408)
 (2409 2657 1380 2664) (2658 2410 2664 738) (2665 2666 2411 1381 2659)
 (369 2412 2660 2664) (2665 2661 2668 2413 1382) (2666 739 2668 2414 2662)
 (2663 1383 2667 2669 2670 2415) (2656 104 2416) (2417 2657 2672 1384)
 (2418 740 2672 2658) (1385 2673 2419 2659 2674) (370 2420 2660 2672)
 (2673 1386 2661 2676 2421) (2674 2676 741 2422 2662)
 (2663 1387 2675 2677 2678 2423) (185 2664 2672 2424)
 (2425 2665 2673 1388 2680) (2674 2426 2680 742 2666)
 (2667 1389 2675 2681 2682 2427) (371 2428 2668 2676 2680)
 (2669 1390 2677 2681 2684 2429) (743 2670 2678 2682 2684 2430)
 (1391 2671 2679 2683 2685 2686 2431) (38 2656 2464) (2465 2657 2688 1392)
 (2658 2466 2688 744) (1393 2689 2467 2659 2690) (372 2468 2660 2688)
 (2689 1394 2661 2692 2469) (745 2690 2692 2470 2662)
 (2471 2691 2693 2694 2663 1395) (186 2664 2688 2472)
 (2473 2665 1396 2689 2696) (2666 2474 2696 2690 746)
 (2691 2697 2698 2475 1397 2667) (2692 2476 373 2668 2696)
 (2693 2697 2477 2700 2669 1398) (2694 2698 747 2700 2478 2670)
 (2695 2699 2701 2702 2479 2671 1399) (2672 105 2688 2480)
 (2481 2673 2689 2704 1400) (2482 748 2704 2690 2674)
 (2691 2675 2705 2706 2483 1401) (2692 2484 2676 374 2704)
 (2693 2705 2708 2677 2485 1402) (2694 749 2706 2708 2486 2678)
 (2487 2695 2707 2709 2710 2679 1403) (2704 187 2680 2696 2488)
 (2697 2705 2681 2712 2489 1404) (2682 2698 750 2706 2712 2490)
 (2699 2707 2713 2714 2491 1405 2683) (2684 2700 2708 375 2712 2492)
 (2493 2701 2709 2713 2716 2685 1406) (2702 751 2686 2710 2714 2716 2494)
 (2703 2495 2711 2687 2715 2717 2718 1407) (19 2656 2528) (2529 2657 2720 1408)
 (2658 2530 2720 752) (1409 2721 2531 2659 2722) (2532 2660 2720 376)
 (2721 1410 2661 2724 2533) (753 2722 2724 2534 2662)
 (2723 2725 2535 2663 1411 2726) (188 2664 2720 2536)
 (2537 2665 1412 2721 2728) (2666 2538 2722 2728 754)
 (2723 1413 2729 2730 2539 2667) (377 2540 2668 2724 2728)
 (2725 1414 2729 2541 2732 2669) (2726 2730 2732 2542 2670 755)
 (1415 2727 2731 2733 2734 2543 2671) (2720 2672 106 2544)
 (2545 2673 2736 2721 1416) (2546 2722 756 2736 2674)
 (2723 1417 2675 2737 2738 2547) (378 2548 2676 2724 2736)
 (2725 1418 2737 2740 2677 2549) (2726 2738 2740 757 2550 2678)
 (2551 2727 1419 2739 2741 2742 2679) (2680 189 2736 2728 2552)
 (2729 1420 2737 2681 2744 2553) (2682 2730 2738 758 2744 2554)
 (2731 1421 2739 2745 2746 2555 2683) (2684 2732 2740 2744 379 2556)
 (2557 2733 1422 2741 2745 2748 2685) (2734 2686 2742 759 2746 2748 2558)
 (2735 1423 2743 2687 2747 2749 2750 2559) (39 2688 2720 2592)
 (2593 2689 2752 2721 1424) (2594 2722 2752 2690 760)
 (2753 2754 2723 2595 1425 2691) (380 2596 2692 2724 2752)
 (2753 2756 2693 1426 2725 2597) (2754 2756 2726 2694 761 2598)
 (2755 2757 2695 2727 2599 1427 2758) (2696 2752 190 2728 2600)
 (2753 2760 2601 2729 2697 1428) (2754 2760 2602 2698 2730 762)
 (2755 2699 2761 2762 2731 1429 2603) (2700 2732 2760 2604 2756 381)
 (2757 2761 2733 2764 2701 1430 2605) (2702 2758 2762 2764 2734 2606 763)
 (2759 2763 2765 2766 2735 2607 1431 2703) (2704 2736 2752 107 2608)
 (2753 2705 2768 2609 1432 2737) (2754 2738 2768 2610 2706 764)
 (2755 2611 2769 2770 2739 2707 1433) (2756 2612 2768 2708 2740 382)
 (2757 2741 2613 2769 2772 2709 1434) (2758 2770 2772 2742 2710 765 2614)
 (2711 2759 2615 2771 2773 2774 2743 1435) (2616 2760 2744 191 2768 2712)
 (2761 2745 2769 2713 2776 2617 1436) (2762 2776 2714 2770 2746 2618 766)
 (2715 2763 2771 2777 2778 2747 1437 2619) (2716 2748 2764 2772 2776 2620 383)
 (2749 2765 2621 2773 2777 2780 2717 1438)
 (2718 2766 2622 2774 2778 2780 2750 767)
 (2767 1439 2775 2623 2779 2781 2782 2751 2719) (2400 6) (2401 2784 1440)
 (2784 2402 768) (1441 2785 2403 2786) (2784 2404 384) (2785 1442 2788 2405)
 (769 2786 2788 2406) (1443 2789 2787 2407 2790) (2784 192 2408)
 (2409 2785 1444 2792) (2786 2410 2792 770) (2793 2794 2411 1445 2787)
 (385 2412 2788 2792) (2793 2789 2796 2413 1446) (2794 771 2796 2414 2790)
 (1447 2791 2795 2797 2798 2415) (2784 108 2416) (2417 2785 2800 1448)
 (2418 772 2800 2786) (1449 2801 2419 2787 2802) (386 2420 2788 2800)
 (2801 1450 2789 2804 2421) (2802 2804 773 2422 2790)
 (2791 1451 2803 2805 2806 2423) (193 2792 2800 2424)
 (2425 2793 2801 1452 2808) (2802 2426 2808 774 2794)
 (2795 1453 2803 2809 2810 2427) (387 2428 2796 2804 2808)
 (2797 1454 2805 2809 2812 2429) (775 2798 2806 2810 2812 2430)
 (2799 1455 2807 2811 2813 2814 2431) (2784 76 2432) (2433 2785 2816 1456)
 (2786 2434 2816 776) (1457 2817 2435 2787 2818) (388 2436 2788 2816)
 (2817 1458 2789 2820 2437) (777 2818 2820 2438 2790)
 (2819 2821 2822 2791 1459 2439) (194 2792 2816 2440)
 (2441 2793 1460 2817 2824) (2794 2442 2824 2818 778)
 (2819 2825 2826 2443 1461 2795) (2444 389 2820 2796 2824)
 (2821 2825 2445 2828 2797 1462) (2822 2826 779 2828 2446 2798)
 (2823 2827 2829 2830 2799 2447 1463) (2800 109 2816 2448)
 (2449 2801 2817 2832 1464) (2450 780 2818 2832 2802)
 (2819 2803 2833 2834 2451 1465) (2820 2452 2804 390 2832)
 (2453 2821 2833 2836 2805 1466) (2822 781 2834 2836 2454 2806)
 (2455 2823 2835 2837 2838 2807 1467) (2832 195 2808 2824 2456)
 (2825 2833 2809 2840 2457 1468) (2826 782 2834 2840 2810 2458)
 (2827 2835 2841 2842 2459 1469 2811) (2812 2828 2836 391 2840 2460)
 (2461 2829 2837 2841 2844 2813 1470) (2830 783 2814 2838 2842 2844 2462)
 (2463 2831 1471 2839 2843 2845 2846 2815) (2784 40 2464) (2465 2785 2848 1472)
 (2786 2466 2848 784) (1473 2849 2467 2787 2850) (2468 2788 2848 392)
 (2849 1474 2789 2852 2469) (785 2850 2852 2470 2790)
 (2851 2853 2471 2791 1475 2854) (196 2792 2848 2472)
 (2473 2793 1476 2849 2856) (2794 2474 2850 2856 786)
 (2851 1477 2857 2858 2475 2795) (393 2476 2796 2852 2856)
 (2853 1478 2857 2477 2860 2797) (2854 2858 2860 2478 2798 787)
 (1479 2855 2859 2861 2862 2799 2479) (2848 2800 110 2480)
 (2481 2801 2864 2849 1480) (2482 2850 788 2864 2802)
 (2851 1481 2803 2865 2866 2483) (394 2484 2804 2852 2864)
 (2853 1482 2865 2868 2805 2485) (2854 2866 2868 789 2486 2806)
 (2487 2855 1483 2867 2869 2870 2807) (2864 2808 197 2856 2488)
 (2857 1484 2865 2809 2872 2489) (2858 2866 790 2872 2810 2490)
 (2859 1485 2867 2873 2874 2491 2811) (2812 2860 2868 2872 395 2492)
 (2493 2861 1486 2869 2873 2876 2813) (2862 2814 2870 791 2874 2876 2494)
 (2863 2495 1487 2871 2875 2877 2878 2815) (77 2816 2848 2496)
 (2497 2817 2880 2849 1488) (2498 2850 2880 2818 792)
 (2881 2882 2499 2819 2851 1489) (396 2500 2820 2852 2880)
 (2881 2884 2821 1490 2853 2501) (2882 2884 2854 2822 793 2502)
 (2503 2883 2885 2823 2855 1491 2886) (2880 2824 198 2856 2504)
 (2881 2888 2505 2825 1492 2857) (2882 2888 2506 794 2858 2826)
 (2883 2889 2890 2859 1493 2827 2507) (2828 2888 2508 2884 2860 397)
 (2885 2889 2509 2892 2829 2861 1494) (2886 2890 2892 2862 2510 2830 795)
 (2887 2891 2893 2894 2863 2831 2511 1495) (2864 2880 2832 111 2512)
 (2881 2833 2865 2896 2513 1496) (2882 2866 2834 2896 2514 796)
 (2883 2835 2867 2897 2898 2515 1497) (2884 2868 2516 2896 2836 398)
 (2885 2517 2897 2900 2837 2869 1498) (2838 2886 2898 2900 2870 797 2518)
 (2519 2839 2887 2899 2901 2902 2871 1499) (2888 2840 2896 2872 199 2520)
 (2889 2897 2841 2904 2521 1500 2873) (2890 2904 2898 2874 2522 798 2842)
 (2891 2899 2843 2905 2906 2875 1501 2523) (2524 2892 2900 2844 2904 2876 399)
 (2877 2525 2893 2901 2905 2908 2845 1502)
 (2894 2526 2846 2902 2906 2908 2878 799)
 (2895 2847 2527 1503 2903 2907 2909 2910 2879) (20 2784 2528)
 (2529 2785 2912 1504) (2786 2530 2912 800) (1505 2913 2531 2787 2914)
 (2532 2788 2912 400) (2913 1506 2789 2916 2533) (801 2914 2916 2534 2790)
 (1507 2917 2535 2791 2915 2918) (200 2792 2912 2536)
 (2537 2793 1508 2913 2920) (2794 2538 2920 2914 802)
 (2915 1509 2921 2922 2539 2795) (401 2916 2540 2796 2920)
 (2917 1510 2921 2541 2924 2797) (803 2918 2922 2924 2542 2798)
 (1511 2919 2923 2925 2926 2799 2543) (112 2800 2912 2544)
 (2545 2801 2928 2913 1512) (2928 2546 804 2914 2802)
 (2915 1513 2803 2929 2930 2547) (2916 402 2548 2804 2928)
 (2917 1514 2929 2932 2805 2549) (805 2918 2930 2932 2550 2806)
 (2551 2919 1515 2931 2933 2934 2807) (201 2928 2920 2808 2552)
 (2921 1516 2929 2809 2936 2553) (806 2922 2930 2936 2810 2554)
 (2923 1517 2931 2937 2938 2555 2811) (403 2812 2924 2932 2936 2556)
 (2557 2925 1518 2933 2937 2940 2813) (807 2926 2814 2934 2938 2940 2558)
 (2927 2559 1519 2935 2939 2941 2942 2815) (78 2816 2912 2560)
 (2561 2817 2944 2913 1520) (2562 2944 2818 2914 808)
 (2945 2946 2563 2819 2915 1521) (2916 404 2564 2820 2944)
 (2945 2948 2821 2917 1522 2565) (2946 2948 2918 2822 809 2566)
 (2947 2949 2823 2919 2567 1523 2950) (2920 202 2944 2824 2568)
 (2945 2952 2569 2825 1524 2921) (2946 2952 2570 810 2826 2922)
 (2947 2953 2954 2571 1525 2827 2923) (2948 405 2952 2924 2828 2572)
 (2949 2953 2573 2956 2829 1526 2925) (2950 2954 811 2956 2926 2574 2830)
 (2951 2955 2957 2958 2927 2831 2575 1527) (113 2944 2928 2832 2576)
 (2945 2833 2929 2960 2577 1528) (2946 2930 2834 812 2960 2578)
 (2947 2835 2931 2961 2962 2579 1529) (2948 406 2932 2580 2960 2836)
 (2949 2933 2581 2961 2964 2837 1530) (2838 2950 813 2962 2964 2582 2934)
 (2839 2951 2583 2963 2965 2966 2935 1531) (203 2584 2952 2840 2960 2936)
 (2953 2961 2841 2968 2585 1532 2937) (2954 2968 814 2962 2938 2586 2842)
 (2955 2963 2843 2969 2970 2587 1533 2939) (2588 407 2956 2964 2844 2968 2940)
 (2589 2957 2965 2941 2969 2972 2845 1534)
 (2958 815 2590 2846 2966 2970 2972 2942)
 (2959 2847 1535 2967 2591 2971 2973 2974 2943) (2848 41 2912 2592)
 (2593 2849 2976 2913 1536) (2594 2850 2976 2914 816)
 (1537 2977 2595 2978 2851 2915) (2916 2976 2596 2852 408)
 (2977 1538 2980 2917 2853 2597) (2978 2854 2980 2918 817 2598)
 (1539 2981 2855 2919 2599 2979 2982) (2920 2976 204 2856 2600)
 (2977 1540 2984 2601 2857 2921) (2978 2984 2602 818 2858 2922)
 (2979 1541 2985 2986 2603 2859 2923) (2604 2984 409 2924 2980 2860)
 (2981 1542 2985 2605 2988 2861 2925) (2982 2986 2988 2926 2606 819 2862)
 (1543 2983 2987 2989 2990 2863 2927 2607) (2928 114 2864 2976 2608)
 (2977 2865 1544 2929 2992 2609) (2978 2930 2866 2992 2610 820)
 (2979 1545 2867 2931 2993 2994 2611) (2980 2868 410 2612 2992 2932)
 (2981 1546 2993 2996 2933 2869 2613) (2870 2982 2994 2996 821 2614 2934)
 (2871 2983 2615 1547 2995 2997 2998 2935) (205 2616 2984 2872 2992 2936)
 (2985 1548 2993 2873 3000 2617 2937) (2986 3000 2994 822 2938 2618 2874)
 (2987 1549 3001 2995 2875 3002 2619 2939) (2620 411 2988 2996 2876 3000 2940)
 (2621 2989 1550 2997 2941 3001 3004 2877)
 (2990 2622 2878 2998 823 3002 3004 2942)
 (1551 2991 2943 2999 2623 3003 3005 3006 2879) (2944 2976 79 2880 2624)
 (2625 2881 2945 2977 1552 3008) (2626 2882 2946 2978 824 3008)
 (3009 3010 2627 2883 2979 2947 1553) (2948 2884 2980 412 2628 3008)
 (3009 3012 2981 2885 2949 1554 2629) (3010 2886 2950 2982 3012 825 2630)
 (2887 3011 3013 2983 2951 2631 1555 3014) (2632 206 2952 2984 3008 2888)
 (2985 3009 3016 2633 2889 1556 2953) (3010 3016 2634 2890 826 2954 2986)
 (3011 3017 3018 2635 1557 2891 2987 2955) (2988 3016 2956 413 3012 2892 2636)
 (3013 3017 2893 3020 2989 1558 2957 2637)
 (3014 3018 3020 2958 2638 2894 2990 827)
 (3015 3019 3021 3022 2895 2991 2959 1559 2639) (2960 115 2640 2896 2992 3008)
 (3009 2897 2961 2641 2993 1560 3024) (3010 2962 2898 2994 3024 2642 828)
 (3011 2899 2995 2963 3025 3026 2643 1561) (3012 2900 2996 414 2644 2964 3024)
 (3013 2901 2965 2645 3025 3028 2997 1562)
 (2902 3014 2998 3026 3028 2966 829 2646)
 (2903 2999 3015 2647 3027 3029 3030 2967 1563)
 (2648 207 3016 3000 3024 2968 2904) (3001 3017 3025 2905 3032 2649 1564 2969)
 (3018 3032 3026 2970 2650 2906 830 3002)
 (3019 3003 3027 3034 3033 2907 2651 1565 2971)
 (3004 3020 415 3032 3028 2908 2972 2652)
 (2909 3021 1566 3029 2973 3033 3036 3005 2653)
 (3036 3022 2974 2910 3030 3034 2654 3006 831)
 (1567 3023 3007 2975 3031 2655 3035 3037 3038 2911) (13 2784 2656)
 (2657 2785 3040 1568) (2786 2658 3040 832) (1569 3041 2659 2787 3042)
 (3040 2660 2788 416) (3041 1570 2789 3044 2661) (833 3042 3044 2662 2790)
 (3043 3045 2663 2791 1571 3046) (3040 208 2792 2664)
 (2665 2793 3041 1572 3048) (2794 2666 3042 3048 834)
 (3043 1573 3049 3050 2667 2795) (417 2668 2796 3044 3048)
 (3045 1574 3049 2669 3052 2797) (835 3046 3050 3052 2670 2798)
 (1575 3047 3051 3053 3054 2799 2671) (3040 116 2800 2672)
 (2673 2801 3041 3056 1576) (3042 2674 836 3056 2802)
 (3043 1577 2803 3057 3058 2675) (418 2676 2804 3044 3056)
 (3045 1578 3057 3060 2805 2677) (837 3046 3058 3060 2678 2806)
 (2679 3047 1579 3059 3061 3062 2807) (209 2808 3048 3056 2680)
 (3049 1580 3057 2809 3064 2681) (838 3050 3058 3064 2810 2682)
 (3051 1581 3059 3065 3066 2683 2811) (2812 3052 419 3060 3064 2684)
 (2685 3053 1582 3061 3065 3068 2813) (839 3054 2814 3062 3066 3068 2686)
 (3055 1583 3063 2687 3067 3069 3070 2815) (3040 2848 42 2688)
 (2689 2849 3041 3072 1584) (3042 2690 2850 3072 840)
 (3073 3074 2691 2851 3043 1585) (420 2692 3044 2852 3072)
 (3073 3076 3045 1586 2853 2693) (3074 2854 3076 3046 841 2694)
 (3075 3077 2855 3047 2695 1587 3078) (210 2856 3048 3072 2696)
 (3073 3049 3080 2697 2857 1588) (3074 3080 3050 842 2698 2858)
 (3075 3081 3082 2699 1589 2859 3051) (3076 3080 2700 421 2860 3052)
 (2701 3077 3081 3053 3084 2861 1590) (3078 3082 843 3084 3054 2702 2862)
 (3079 3083 3085 3086 2863 3055 1591 2703) (2864 117 3072 3056 2704)
 (3073 2865 3088 2705 3057 1592) (3074 2706 2866 844 3088 3058)
 (3075 2867 3059 3089 3090 2707 1593) (3076 2868 3060 3088 2708 422)
 (3077 3092 3089 2709 3061 2869 1594) (2870 3078 845 3090 3092 3062 2710)
 (2871 3079 2711 3091 3093 3094 3063 1595) (3080 211 3064 2712 3088 2872)
 (3065 3081 3089 2873 3096 2713 1596) (3082 3096 846 3090 2714 3066 2874)
 (3083 3091 3097 3098 2715 1597 2875 3067) (2716 3084 3092 423 3096 2876 3068)
 (2717 3069 3085 3093 3097 3100 2877 1598)
 (3086 847 2718 2878 3094 3098 3100 3070)
 (1599 3087 3071 3095 3099 3101 3102 2879 2719) (3040 21 2912 2720)
 (2721 2913 3041 3104 1600) (3042 2722 3104 2914 848)
 (1601 3105 2723 3106 2915 3043) (2916 2724 3044 3104 424)
 (3105 1602 3108 3045 2917 2725) (3106 3108 2918 3046 849 2726)
 (1603 3109 2919 3047 3107 2727 3110) (2920 212 3048 3104 2728)
 (3105 3049 1604 3112 2729 2921) (3106 3112 3050 850 2730 2922)
 (3107 1605 3113 3114 2731 2923 3051) (2732 3112 2924 3108 425 3052)
 (2733 1606 3113 3053 3116 2925 3109) (3110 3114 3116 3054 2734 851 2926)
 (2735 1607 3111 3115 3117 3118 3055 2927) (3104 2928 3056 118 2736)
 (3105 2929 1608 3120 2737 3057) (3106 2738 2930 3120 3058 852)
 (3107 1609 2931 3059 3121 3122 2739) (3108 3060 3120 2932 2740 426)
 (3109 2933 1610 3121 3124 3061 2741) (2934 3110 3122 3124 853 3062 2742)
 (2935 3111 1611 2743 3123 3125 3126 3063) (3112 3064 213 2744 3120 2936)
 (3065 3113 1612 3121 2937 3128 2745) (3114 3128 3122 854 2746 3066 2938)
 (3115 1613 3123 3129 3130 2747 2939 3067) (2748 3116 3124 3128 427 2940 3068)
 (2749 3069 3117 1614 3125 3129 3132 2941)
 (3118 2750 2942 3126 855 3130 3132 3070)
 (2751 1615 3119 2943 3127 3131 3133 3134 3071) (2976 3072 3104 43 2752)
 (2753 2977 1616 3073 3105 3136) (2754 3106 2978 3074 856 3136)
 (3137 3138 2755 2979 3107 3075 1617) (2756 3076 3108 2980 428 3136)
 (3137 3140 2981 3109 1618 2757 3077) (3138 3140 3078 2982 2758 857 3110)
 (3139 3141 2983 3111 3079 2759 1619 3142) (3112 3080 2984 214 2760 3136)
 (3137 3081 3113 3144 2761 2985 1620) (3138 3082 2762 3144 3114 858 2986)
 (3139 3145 3146 3115 1621 2987 2763 3083) (2764 3144 2988 3140 429 3084 3116)
 (3141 2765 3145 3085 3148 2989 1622 3117)
 (2766 3142 3146 3148 3086 3118 2990 859)
 (2767 3143 3147 3149 3150 3119 2991 1623 3087) (3120 3088 119 2992 2768 3136)
 (3137 2993 3152 2769 3089 3121 1624) (3138 3122 2994 3152 2770 3090 860)
 (3139 2995 3123 3091 3153 3154 2771 1625) (3140 2996 3124 3152 3092 2772 430)
 (3141 3093 3125 3153 3156 2997 2773 1626)
 (3142 2998 3156 3154 2774 3094 861 3126)
 (2999 3143 3095 2775 3155 3157 3158 3127 1627)
 (3096 3144 3000 215 2776 3128 3152) (3097 3129 3145 3153 3001 3160 2777 1628)
 (3098 3146 3160 3154 3130 2778 862 3002)
 (3147 3003 3155 3161 3162 3131 1629 2779 3099)
 (3004 2780 3148 3156 3160 3132 3100 431)
 (2781 3101 3149 3133 3157 3161 3164 3005 1630)
 (2782 3150 3134 3158 3006 3162 3164 3102 863)
 (2783 1631 3151 3007 3159 3103 3163 3165 3166 3135) (2400 1) (3168 2404 624)
 (3168 312 2408) (625 3169 2412 3170) (3168 60 2464) (3169 626 2468 3172)
 (313 3170 3172 2472) (627 2476 3173 3171 3174) (3168 30 2528)
 (3169 628 2532 3176) (314 3176 3170 2536) (3177 3178 3171 2540 629)
 (3176 3172 61 2592) (3177 3180 2596 3173 630) (3178 315 3180 3174 2600)
 (3175 3179 2604 3181 3182 631) (9 3168 2784) (3169 3184 2788 632)
 (3184 3170 316 2792) (633 3185 3171 2796 3186) (3184 3172 62 2848)
 (3185 634 2852 3173 3188) (3186 3188 317 3174 2856)
 (3175 2860 3187 3189 3190 635) (3184 3176 31 2912) (3177 636 2916 3185 3192)
 (3178 3192 3186 318 2920) (3179 2924 3187 3193 3194 637)
 (3188 3192 3180 63 2976) (2980 3181 3189 3193 3196 638)
 (2984 3182 3190 3194 3196 319) (2988 3183 3191 3195 3197 3198 639))