(NIL NIL (1 2) NIL (2 4) (1 4) (5 3 6) NIL (4 8) (2 8) (9 5 10) (1 8) (9 6 12)
 (3 10 12) (11 13 7 14) NIL (8 16) (4 16) (17 9 18) (1 16) (17 12 20) (18 20 6)
 (21 22 19 13) NIL (8 24) (4 24) (9 25 26) (2 24) (25 28 10) (5 26 28)
 (29 11 27 30) (1 24) (25 12 32) (6 26 32) (13 33 27 34) (3 28 32)
 (33 29 14 36) (7 36 30 34) (35 37 15 31 38) NIL (24 40) (16 40) (8 40)
 (41 25 43) (42 17 43) (4 40) (41 26 46) (42 18 46) (9 43 46) (49 44 27 47)
 (49 19 45 48) (2 40) (41 28 52) (10 43 52) (53 54 44 29) (5 46 52)
 (53 56 30 47) (49 54 11 56) (50 55 57 58 31) (1 40) (41 32 60) (42 60 20)
 (43 12 60) (61 44 33 63) (21 45 62 63) (6 60 46) (66 61 34 47) (66 22 62 48)
 (49 66 13 63) (50 67 69 35 64) (65 51 68 69 23) (3 60 52) (53 72 61 36)
 (54 14 63 72) (37 73 55 74 64) (66 7 56 72) (73 38 67 76 57) (74 76 69 58 15)
 (75 77 78 59 39 70) NIL (40 80) (24 80) (81 41 82) (16 80) (81 42 84) (8 80)
 (81 43 86) (82 86 25) (83 44 87 88) (17 84 86) (90 85 45 87) (4 80) (81 92 46)
 (82 92 26) (83 93 94 47) (84 92 18) (85 96 93 48) (9 92 86) (49 98 93 87)
 (98 27 94 88) (89 50 99 100 95) (90 19 98 96) (97 91 99 51 102) (2 80)
 (81 104 52) (82 28 104) (53 105 83 106) (10 86 104) (105 54 108 87)
 (106 108 29 88) (89 55 109 107 110) (5 92 104) (105 56 93 112) (106 112 94 30)
 (113 114 107 57 95) (98 11 108 112) (113 99 116 109 58) (114 100 116 110 31)
 (59 101 111 115 117 118) (1 80) (81 60 120) (82 32 120) (121 122 83 61)
 (84 120 20) (121 85 124 62) (12 86 120) (121 63 87 126) (122 33 126 88)
 (89 123 128 127 64) (21 90 124 126) (65 130 91 125 127) (6 92 120)
 (121 66 132 93) (122 132 94 34) (67 133 123 95 134) (22 124 132 96)
 (97 133 68 125 136) (98 132 13 126) (133 99 69 127 138) (138 100 134 35 128)
 (129 101 135 139 140 70) (130 23 138 102 136) (131 103 137 139 142 71)
 (3 120 104) (105 121 144 72) (106 144 122 36) (73 145 107 123 146)
 (144 108 14 126) (145 74 148 109 127) (37 146 148 110 128)
 (75 149 150 147 129 111) (7 132 144 112) (113 145 76 133 152)
 (114 146 152 134 38) (147 77 153 154 135 115) (148 138 116 15 152)
 (149 78 153 156 139 117) (150 154 156 39 140 118) (79 151 155 157 158 141 119)
 NIL (80 160) (40 160) (161 81 162) (16 160) (161 84 164) (42 162 164)
 (163 165 85 166) (8 160) (161 168 86) (162 43 168) (163 169 170 87)
 (17 168 164) (90 172 165 169) (172 45 166 170) (173 174 91 171 167) (4 160)
 (161 92 176) (162 46 176) (177 178 163 93) (18 164 176) (177 180 165 96)
 (178 180 166 48) (97 179 181 182 167) (9 168 176) (177 98 169 184)
 (49 178 170 184) (185 186 99 179 171) (184 19 180 172) (173 185 188 181 102)
 (174 51 188 182 186) (187 189 190 175 103 183) (2 160) (161 192 104)
 (162 192 52) (105 193 163 194) (10 168 192) (193 108 169 196) (54 196 170 194)
 (197 195 109 198 171) (5 192 176) (177 193 200 112) (178 56 200 194)
 (113 201 179 195 202) (11 196 200 184) (185 201 116 197 204)
 (186 204 202 58 198) (187 199 203 205 206 117) (1 160) (161 208 120)
 (162 60 208) (121 209 163 210) (164 208 20) (209 124 165 212) (210 212 166 62)
 (213 211 125 214 167) (168 12 208) (209 169 126 216) (210 170 63 216)
 (217 218 211 127 171) (21 212 216 172) (173 130 220 213 217)
 (65 174 220 214 218) (131 175 215 219 221 222) (6 208 176) (177 209 132 224)
 (178 210 224 66) (225 226 179 133 211) (22 180 212 224) (225 213 228 181 136)
 (226 228 68 182 214) (227 229 230 215 137 183) (216 13 224 184)
 (185 138 217 225 232) (186 226 69 232 218) (227 233 234 187 219 139)
 (23 188 232 220 228) (229 233 236 189 221 142) (230 234 236 222 71 190)
 (191 231 235 237 238 143 223) (3 208 192) (193 209 240 144) (194 210 240 72)
 (145 241 195 211 242) (240 196 14 216) (217 241 148 197 244)
 (74 244 242 198 218) (149 199 243 245 246 219) (7 224 240 200)
 (201 225 248 241 152) (202 76 248 242 226) (227 153 203 243 249 250)
 (248 204 244 15 232) (233 156 205 245 249 252) (78 234 206 246 250 252)
 (235 157 207 247 251 253 254) NIL (160 256) (80 256) (257 161 258) (24 256)
 (258 260 82) (16 256) (257 164 262) (258 262 84) (263 264 259 165) (8 256)
 (257 266 168) (258 266 86) (267 259 169 268) (25 260 266) (270 261 268 88)
 (17 266 262) (263 272 267 172) (264 272 268 90) (173 265 274 273 269) (4 256)
 (257 276 176) (258 92 276) (177 277 259 278) (26 260 276) (278 280 261 94)
 (18 276 262) (263 277 180 282) (264 278 282 96) (265 181 279 283 284)
 (9 266 276) (277 286 267 184) (98 286 268 278) (185 279 288 287 269)
 (286 280 27 270) (271 288 100 281 290) (272 19 282 286) (273 188 287 283 292)
 (288 292 274 102 284) (189 285 289 293 294 275) (2 256) (257 296 192)
 (258 296 104) (193 297 259 298) (260 28 296) (106 300 261 298) (10 266 296)
 (297 196 267 302) (298 108 268 302) (299 197 303 269 304) (300 29 302 270)
 (271 306 301 110 304) (5 296 276) (277 297 308 200) (278 308 298 112)
 (201 279 309 299 310) (300 308 280 30) (114 301 281 310 312) (286 11 308 302)
 (314 287 204 309 303) (314 288 116 310 304) (315 316 205 289 305 311)
 (306 314 290 31 312) (313 316 318 291 307 118) (1 256) (257 320 208)
 (258 320 120) (209 321 259 322) (260 32 320) (122 324 261 322) (20 320 262)
 (263 321 212 326) (264 124 326 322) (265 213 323 327 328) (266 12 320)
 (321 330 267 216) (322 330 268 126) (217 323 332 331 269) (330 324 33 270)
 (271 332 325 334 128) (21 272 326 330) (273 220 331 327 336)
 (332 130 274 336 328) (329 275 333 337 338 221) (6 320 276) (277 321 340 224)
 (340 278 132 322) (225 279 341 323 342) (324 340 280 34) (325 344 281 134 342)
 (22 340 282 326) (346 228 341 327 283) (328 346 136 342 284)
 (229 329 285 343 347 348) (286 340 13 330) (287 350 341 331 232)
 (332 138 288 342 350) (233 333 289 343 351 352) (344 350 290 35 334)
 (354 335 291 345 140 352) (346 23 336 350 292) (356 236 337 293 347 351)
 (356 338 294 348 142 352) (353 357 358 237 339 295 349) (3 320 296)
 (297 321 360 240) (298 360 322 144) (241 361 299 323 362) (324 360 300 36)
 (146 364 301 325 362) (330 360 302 14) (361 331 244 366 303)
 (332 362 148 366 304) (363 333 367 368 245 305) (37 306 364 334 366)
 (150 365 335 368 370 307) (340 7 308 360) (361 341 372 309 248)
 (362 372 342 310 152) (363 373 374 343 249 311) (364 38 344 372 312)
 (313 154 365 374 376 345) (314 372 350 15 366) (315 367 373 378 252 351)
 (316 156 368 374 378 352) (353 317 369 375 379 380 253)
 (354 318 370 39 376 378) (355 319 158 371 377 380 382) NIL (256 384) (40 384)
 (24 384) (385 260 387) (41 386 387) (8 384) (385 266 390) (43 386 390)
 (25 387 390) (393 391 388 270) (393 392 44 389) (4 384) (385 396 276)
 (396 386 46) (396 26 387) (280 397 399 388) (399 398 47 389) (9 396 390)
 (286 397 391 402) (49 402 398 392) (393 402 27 399) (394 403 405 290 400)
 (401 50 395 404 405) (2 384) (385 408 296) (386 408 52) (28 387 408)
 (409 411 300 388) (53 410 411 389) (10 390 408) (409 302 391 414)
 (54 410 414 392) (393 411 29 414) (417 394 412 415 306) (417 395 413 55 416)
 (5 396 408) (409 308 397 420) (410 56 398 420) (411 420 30 399)
 (312 421 423 412 400) (401 413 57 422 423) (402 11 420 414)
 (314 403 421 415 426) (426 422 404 58 416) (417 426 405 423 31)
 (406 418 424 427 429 318) (407 59 419 425 428 429) NIL (432 384) (432 256)
 (433 385 434) (432 160) (257 434 436) (432 80) (434 438 258) (161 436 438)
 (437 439 259 440) (432 40) (433 386 442) (436 442 162) (81 438 442)
 (163 440 444 445) (432 24) (433 447 387) (447 434 260) (448 435 449 388)
 (447 82 438) (261 449 451 439) (41 447 442) (448 443 453 389) (83 451 453 445)
 (432 16) (434 456 262) (436 164 456) (263 437 457 458) (84 438 456)
 (264 439 457 460) (460 165 440 458) (461 462 265 459 441) (42 456 442)
 (464 166 444 458) (85 460 464 445) (446 462 465 466 167) (432 8) (433 468 390)
 (434 468 266) (435 469 470 391) (436 468 168) (437 267 470 472) (468 438 86)
 (474 439 268 470) (474 169 440 472) (473 475 476 269 441) (43 468 442)
 (469 443 478 392) (478 170 444 472) (474 478 87 445) (446 481 476 171 480)
 (447 25 468) (393 448 483 469) (449 483 470 270) (394 484 450 485 471)
 (474 483 451 88) (271 475 485 452 487) (483 44 478 453) (489 395 484 479 454)
 (455 89 487 481 489) (17 468 456) (272 492 457 470) (492 472 458 172)
 (473 273 493 494 459) (90 492 474 460) (461 475 274 493 496)
 (173 462 476 494 496) (497 498 477 463 275 495) (492 464 45 478)
 (174 500 465 494 480) (481 91 500 466 496) (498 501 502 482 175 467) (432 4)
 (433 396 504) (434 504 276) (505 506 435 397) (436 504 176) (277 506 437 508)
 (92 438 504) (278 439 510 506) (177 508 440 510) (279 509 511 441 512)
 (442 46 504) (505 514 443 398) (178 508 444 514) (514 93 510 445)
 (446 179 516 517 512) (447 26 504) (505 448 519 399) (506 449 280 519)
 (521 507 450 520 400) (451 94 519 510) (521 523 281 452 511) (514 47 453 519)
 (401 515 520 525 454) (455 525 523 517 95) (18 456 504) (506 457 282 528)
 (180 508 458 528) (529 530 509 283 459) (96 528 510 460) (461 529 532 511 284)
 (462 532 181 530 512) (513 531 533 534 285 463) (514 464 528 48)
 (530 516 465 182 536) (97 532 517 466 536) (534 537 538 518 467 183)
 (9 468 504) (505 402 540 469) (286 540 470 506) (403 541 507 471 542)
 (184 508 540 472) (473 287 509 542 544) (474 540 510 98) (546 475 288 542 511)
 (185 546 476 544 512) (545 477 513 547 548 289) (49 514 540 478)
 (515 404 541 550 479) (186 516 544 550 480) (481 546 99 517 550)
 (187 482 548 518 552 553) (483 540 27 519) (541 555 484 405 520)
 (521 555 485 290 542) (406 543 486 522 556 557) (546 523 100 555 487)
 (547 291 488 524 557 559) (489 50 555 525 550) (561 407 551 490 556 526)
 (561 101 527 553 491 559) (19 492 540 528) (529 564 493 542 292)
 (530 188 494 564 544) (531 565 566 545 293 495) (546 532 102 564 496)
 (497 533 568 547 565 294) (498 189 534 568 548 566)
 (499 535 567 569 570 549 295) (51 500 550 564 536) (501 566 537 572 552 190)
 (502 568 538 572 103 553) (503 191 570 539 573 574 554) (432 2) (433 576 408)
 (434 576 296) (409 577 435 578) (436 576 192) (297 578 437 580) (438 576 104)
 (298 439 582 578) (193 580 440 582) (299 581 583 441 584) (576 442 52)
 (577 410 443 586) (194 580 444 586) (105 586 582 445) (446 195 588 589 584)
 (447 28 576) (577 448 411 591) (578 449 300 591) (593 579 450 412 592)
 (106 451 582 591) (593 595 301 452 583) (53 586 591 453) (597 587 592 413 454)
 (455 597 107 589 595) (10 468 576) (577 469 414 600) (578 600 470 302)
 (601 602 579 415 471) (600 196 580 472) (473 602 604 581 303)
 (474 108 582 600) (602 475 606 583 304) (606 476 197 604 584)
 (585 477 305 605 607 608) (54 600 478 586) (601 610 587 479 416)
 (610 604 588 198 480) (481 589 109 606 610) (612 613 199 590 482 608)
 (483 29 591 600) (417 601 484 615 592) (593 306 485 615 602)
 (616 617 594 418 486 603) (595 615 110 487 606) (617 619 596 488 307 607)
 (489 610 55 597 615) (611 616 621 419 598 490) (613 111 619 621 599 491)
 (5 576 504) (505 577 420 624) (624 506 308 578) (625 626 507 421 579)
 (624 508 580 200) (309 628 509 581 626) (624 582 510 112)
 (583 630 310 511 626) (201 628 584 630 512) (585 513 629 631 632 311)
 (624 514 56 586) (625 587 515 422 634) (628 202 516 634 588)
 (113 589 517 630 634) (203 590 518 632 636 637) (591 30 519 624)
 (625 592 639 423 520) (521 593 626 639 312) (641 594 627 424 522 640)
 (114 523 595 639 630) (313 641 643 596 631 524) (57 525 597 639 634)
 (645 598 425 635 526 640) (643 645 599 115 637 527) (624 11 540 600)
 (601 426 541 625 648) (314 648 626 542 602) (649 650 543 627 427 603)
 (628 648 204 604 544) (315 650 652 545 629 605) (546 116 648 606 630)
 (316 650 654 547 631 607) (652 205 654 548 632 608)
 (609 317 653 655 656 549 633) (610 648 634 550 58) (611 649 658 551 635 428)
 (612 652 206 658 552 636) (613 637 654 658 553 117)
 (614 207 656 660 661 554 638) (555 639 615 31 648) (616 649 663 556 429 640)
 (641 318 617 650 663 557) (642 618 651 430 664 665 558)
 (643 619 654 663 118 559) (644 319 620 655 665 667 560)
 (561 645 621 59 658 663) (562 646 622 659 664 669 431)
 (563 647 623 661 667 669 119) (432 1) (434 672 320) (436 672 208)
 (321 673 437 674) (672 438 120) (673 322 676 439) (209 674 676 440)
 (323 677 675 441 678) (60 442 672) (210 680 444 674) (121 680 676 445)
 (446 681 211 678 682) (447 32 672) (673 449 324 684) (122 684 676 451)
 (685 677 325 452 686) (684 61 453 680) (455 682 123 686 688) (672 456 20)
 (673 690 457 326) (674 212 458 690) (675 692 691 327 459) (690 676 124 460)
 (461 691 677 694 328) (462 692 213 678 694) (679 329 463 693 695 696)
 (690 464 62 680) (681 698 692 465 214) (682 125 466 698 694)
 (467 683 215 696 699 700) (468 12 672) (673 330 470 702) (674 216 702 472)
 (473 331 675 703 704) (474 676 126 702) (706 475 332 677 703)
 (217 706 476 678 704) (705 707 708 679 477 333) (702 478 63 680)
 (681 218 704 710 480) (481 682 710 127 706) (708 711 712 683 482 219)
 (483 684 33 702) (685 485 334 703 714) (706 714 686 487 128)
 (707 715 716 687 335 488) (489 714 688 710 64) (689 712 716 718 129 491)
 (21 690 492 702) (691 720 493 703 336) (720 692 220 494 704)
 (705 721 337 722 693 495) (130 720 694 706 496) (497 707 721 338 724 695)
 (498 708 722 724 696 221) (499 709 339 723 725 726 697) (65 698 500 710 720)
 (501 711 722 728 699 222) (502 712 131 724 728 700)
 (503 713 726 729 730 701 223) (6 672 504) (673 506 732 340) (674 732 508 224)
 (733 341 675 509 734) (732 676 132 510) (733 677 342 511 736)
 (225 736 678 734 512) (737 738 679 513 343 735) (514 732 680 66)
 (681 226 516 740 734) (133 736 517 740 682) (738 227 741 742 683 518)
 (732 684 34 519) (521 733 744 685 344) (523 736 744 134 686)
 (737 745 746 687 345 524) (67 740 525 744 688) (742 746 748 689 135 527)
 (22 732 690 528) (529 346 691 733 750) (530 692 228 734 750)
 (531 751 752 693 347 735) (750 736 532 694 136) (737 533 751 754 695 348)
 (738 229 534 752 754 696) (739 535 753 755 756 697 349) (698 68 740 750 536)
 (741 230 537 752 758 699) (742 538 754 758 137 700)
 (231 743 539 756 759 760 701) (732 540 13 702) (762 733 542 703 350)
 (762 704 232 734 544) (705 545 351 763 764 735) (762 546 736 706 138)
 (737 707 547 763 766 352) (738 708 233 548 764 766)
 (353 739 709 549 765 767 768) (762 740 69 550 710) (770 741 711 234 552 764)
 (770 742 712 553 139 766) (771 772 743 713 235 554 768) (762 714 555 35 744)
 (354 774 745 715 763 557) (774 746 716 140 766 559)
 (355 775 776 747 717 767 560) (561 770 774 748 718 70)
 (563 772 776 778 749 719 141) (762 23 564 750 720) (356 565 780 751 721 763)
 (236 566 780 752 722 764) (357 567 781 782 753 723 765)
 (568 780 142 754 724 766) (358 569 781 784 755 725 767)
 (570 237 782 784 756 726 768) (769 359 571 783 785 786 757 727)
 (770 780 572 758 728 71) (771 573 238 782 788 759 729)
 (772 574 784 788 760 730 143) (773 239 786 789 575 761 731 790) (3 672 576)
 (673 578 792 360) (674 580 792 240) (361 793 675 581 794) (676 792 582 144)
 (793 362 796 677 583) (241 794 796 678 584) (679 585 363 795 797 798)
 (586 680 792 72) (681 242 588 800 794) (145 682 796 589 800)
 (801 802 683 590 243 798) (684 792 591 36) (593 793 364 685 804)
 (146 595 796 686 804) (805 806 365 687 596 797) (73 800 597 804 688)
 (802 147 806 808 689 599) (792 14 702 600) (793 602 366 703 810)
 (794 704 604 810 244) (705 811 812 367 795 605) (706 148 796 606 810)
 (707 811 814 368 797 607) (708 812 814 245 798 608)
 (609 709 813 815 816 369 799) (610 810 800 710 74) (801 612 711 812 818 246)
 (802 149 712 814 818 613) (803 614 713 816 819 820 247) (37 714 804 615 810)
 (805 617 715 370 822 811) (150 619 716 814 822 806)
 (807 620 717 815 371 823 824) (75 808 621 718 818 822)
 (151 809 719 820 623 824 826) (7 732 792 624) (793 626 372 733 828)
 (794 628 734 828 248) (373 629 795 829 830 735) (736 796 630 828 152)
 (737 797 374 631 829 832) (738 798 632 249 830 832)
 (833 834 739 799 375 633 831) (634 76 740 828 800) (801 836 741 250 636 830)
 (802 836 742 153 637 832) (834 803 837 838 743 251 638) (38 804 828 639 744)
 (641 805 840 745 376 829) (643 806 840 154 746 832)
 (833 644 807 841 842 747 377) (836 77 840 748 645 808)
 (838 647 809 842 155 844 749) (762 810 828 15 648) (650 811 846 378 763 829)
 (812 652 846 252 764 830) (813 653 847 848 379 765 831)
 (156 846 814 654 766 832) (833 850 815 847 655 380 767)
 (834 850 848 656 816 253 768) (769 849 835 817 657 851 852 381)
 (770 836 78 818 846 658) (771 837 848 819 660 854 254)
 (772 838 157 850 820 661 854) (773 839 852 821 662 855 856 255)
 (774 840 846 39 822 663) (775 841 847 823 665 858 382)
 (776 842 158 850 824 858 667) (860 777 843 851 825 859 668 383)
 (79 778 844 854 858 826 669) (779 845 159 856 827 860 862 671) NIL (864 432)
 (864 384) (433 866 865) (864 256) (434 868 865) (385 866 868)
 (867 869 435 870) (864 160) (436 872 865) (257 872 868) (873 437 869 874)
 (864 80) (438 865 876) (258 868 876) (877 439 869 878) (161 872 876)
 (877 880 873 440) (878 259 880 874) (879 881 441 875 882) (864 40)
 (442 865 884) (866 386 884) (867 886 885 443) (162 872 884) (885 873 888 444)
 (81 884 876) (877 885 890 445) (163 880 888 890) (446 891 881 889 892)
 (864 24) (447 894 865) (866 387 894) (448 867 896 895) (260 894 868)
 (449 869 895 898) (896 870 388 898) (450 897 899 871 900) (894 82 876)
 (877 902 895 451) (878 261 898 902) (879 904 452 899 903) (41 884 894)
 (885 895 453 906) (886 896 906 389) (897 908 887 907 454) (902 83 906 890)
 (891 455 903 907 910) (864 16) (456 865 912) (868 912 262) (913 457 869 914)
 (872 164 912) (913 916 873 458) (263 914 916 874) (915 917 459 875 918)
 (84 912 876) (877 913 920 460) (878 914 920 264) (461 921 879 915 922)
 (880 165 916 920) (921 462 924 881 917) (922 265 924 882 918)
 (923 925 926 463 883 919) (42 884 912) (913 885 464 928) (916 928 888 166)
 (929 917 465 889 930) (85 920 928 890) (891 921 929 932 466)
 (892 924 932 167 930) (893 925 931 933 934 467) (864 8) (468 865 936)
 (866 390 936) (937 938 867 469) (266 868 936) (937 940 869 470)
 (938 940 870 391) (939 941 471 871 942) (168 872 936) (937 944 873 472)
 (940 267 874 944) (473 945 941 875 946) (936 86 876) (877 474 948 937)
 (948 878 940 268) (949 879 941 475 950) (948 880 169 944)
 (945 949 476 881 952) (946 952 882 269 950) (477 947 951 953 954 883)
 (884 43 936) (937 885 956 478) (956 938 886 392) (957 939 887 958 479)
 (956 944 888 170) (945 960 957 889 480) (956 948 87 890) (891 481 949 957 962)
 (962 892 960 171 952) (961 893 964 963 482 953) (894 936 25) (937 895 483 966)
 (393 938 896 966) (939 484 897 967 968) (966 940 898 270)
 (941 485 967 899 970) (970 394 968 942 900) (969 971 972 943 901 486)
 (902 948 966 88) (903 949 967 487 974) (271 970 904 950 974)
 (971 975 976 905 951 488) (956 44 906 966) (489 978 957 967 907)
 (978 395 968 958 908) (969 979 980 909 490 959) (89 910 974 978 962)
 (963 975 979 982 911 491) (17 936 912) (913 937 492 984) (914 940 984 272)
 (985 941 915 493 986) (944 916 984 172) (945 985 988 917 494)
 (946 273 988 918 986) (947 919 987 989 990 495) (90 948 984 920)
 (921 985 992 949 496) (922 274 992 950 986) (497 993 923 994 951 987)
 (173 924 988 992 952) (993 498 996 925 953 989) (994 996 926 954 275 990)
 (499 997 998 927 995 955 991) (956 45 984 928) (929 985 500 957 1000)
 (930 960 988 1000 174) (961 501 1001 1002 931 989) (962 91 932 1000 992)
 (993 963 502 1001 1004 933) (996 1002 1004 934 175 964)
 (997 503 1003 1005 1006 935 965) (864 4) (1008 865 504) (866 396 1008)
 (505 1009 867 1010) (868 1008 276) (1009 506 1012 869) (1010 1012 397 870)
 (507 1013 1011 871 1014) (872 1008 176) (1009 508 873 1016)
 (277 1012 874 1016) (1017 1013 509 875 1018) (92 1008 876) (877 1009 1020 510)
 (878 1012 1020 278) (1021 879 1013 1022 511) (177 880 1020 1016)
 (1017 1021 1024 881 512) (1018 279 1024 882 1022)
 (1025 1026 513 883 1019 1023) (884 46 1008) (1009 514 885 1028)
 (1010 886 398 1028) (1029 515 887 1011 1030) (178 1028 888 1016)
 (1017 516 1029 889 1032) (1020 93 1028 890) (891 1021 517 1029 1034)
 (1034 892 179 1032 1024) (1025 893 1033 1035 1036 518) (894 26 1008)
 (1009 895 1038 519) (1010 896 1038 399) (1011 1040 897 1039 520)
 (280 898 1012 1038) (521 1042 1013 1039 899) (1042 400 1040 1014 900)
 (1041 901 1043 1044 1015 522) (902 1020 94 1038) (903 1021 523 1039 1046)
 (1042 904 281 1022 1046) (1043 905 1047 1048 524 1023) (1028 906 47 1038)
 (1029 525 1039 907 1050) (401 1050 1040 1030 908)
 (1031 1041 909 1051 1052 526) (910 1050 1046 95 1034)
 (1051 1035 1047 911 1054 527) (18 1008 912) (913 1009 1056 528)
 (914 1012 282 1056) (529 1057 915 1013 1058) (180 916 1056 1016)
 (1017 530 1060 917 1057) (1018 1060 918 283 1058)
 (531 1061 1062 1059 1019 919) (96 1056 1020 920) (921 1057 532 1021 1064)
 (922 1064 1058 1022 284) (923 533 1065 1066 1059 1023)
 (1060 1064 924 181 1024) (1025 1061 534 1065 1068 925)
 (1026 926 1066 1068 285 1062) (927 1027 535 1063 1067 1069 1070)
 (48 1028 1056 928) (929 1057 1072 1029 536) (1072 930 1060 182 1032)
 (1061 1074 537 931 1073 1033) (97 1034 932 1072 1064)
 (1065 538 1035 933 1073 1076) (1036 1068 934 1074 1076 183)
 (1037 539 1069 935 1075 1077 1078) (9 1008 936) (937 1009 540 1080)
 (938 1010 1080 402) (1081 1082 939 541 1011) (286 940 1012 1080)
 (1081 1013 1084 941 542) (1082 403 1084 942 1014)
 (543 943 1015 1083 1085 1086) (1080 184 1016 944) (945 1017 1088 1081 544)
 (1088 946 287 1084 1018) (1089 1090 545 947 1019 1085) (98 948 1020 1080)
 (1081 546 1092 949 1021) (1084 1092 288 950 1022)
 (1093 1094 547 951 1085 1023) (185 1088 1024 1092 952)
 (1025 1089 1093 1096 548 953) (1090 1094 1096 289 954 1026)
 (1091 1095 1097 1098 1027 549 955) (49 1080 956 1028) (1081 1029 1100 957 550)
 (1082 404 958 1100 1030) (1031 1101 1102 551 1083 959)
 (1088 186 1032 1100 960) (961 1089 1033 1101 1104 552) (962 99 1092 1100 1034)
 (963 1093 1035 1101 1106 553) (187 964 1096 1036 1104 1106)
 (965 1097 1037 1105 1107 1108 554) (1080 27 966 1038) (1081 555 1039 967 1110)
 (1082 1040 405 1110 968) (969 1041 1111 1112 1083 556)
 (970 1110 1084 290 1042) (557 971 1043 1111 1114 1085)
 (406 972 1044 1112 1114 1086) (973 1045 1113 1115 1116 558 1087)
 (1092 1110 100 974 1046) (1093 1111 975 1047 1118 559)
 (1094 976 291 1048 1114 1118) (1095 977 1049 1115 1120 1119 560)
 (978 1050 1110 1100 50) (561 1122 1101 979 1111 1051)
 (1122 407 1102 980 1112 1052) (562 1123 1124 1103 981 1113 1053)
 (1122 1054 1106 101 982 1118) (563 1126 1123 1107 1055 983 1119)
 (1080 19 1056 984) (985 1057 564 1081 1128) (986 1128 1084 1058 292)
 (1059 565 1129 1130 987 1085) (188 1060 1128 988 1088)
 (1089 1061 566 1129 1132 989) (1090 1062 1130 1132 293 990)
 (1091 567 1063 1131 1133 1134 991) (1092 1128 1064 102 992)
 (993 1093 568 1065 1136 1129) (994 1094 1066 1136 1130 294)
 (995 1095 569 1131 1137 1138 1067) (1132 189 1096 1068 1136 996)
 (997 1097 570 1069 1133 1137 1140) (998 1098 1134 1070 1138 1140 295)
 (999 571 1135 1139 1141 1071 1099 1142) (1128 1100 51 1072 1000)
 (1001 572 1101 1073 1129 1144) (190 1002 1132 1104 1074 1144)
 (573 1003 1133 1105 1075 1145 1146) (1004 1136 1106 1076 103 1144)
 (1005 574 1137 1107 1077 1145 1148) (191 1006 1140 1078 1146 1148 1108)
 (575 1141 1007 1079 1109 1147 1149 1150) (864 2) (1152 865 576) (866 1152 408)
 (577 1153 867 1154) (1152 868 296) (1153 578 1156 869) (409 1154 1156 870)
 (579 1157 1155 871 1158) (1152 872 192) (1153 580 873 1160)
 (297 1156 874 1160) (1161 1157 581 875 1162) (1152 104 876)
 (877 1153 1164 582) (878 1164 1156 298) (1165 879 1157 1166 583)
 (193 1164 880 1160) (1161 1165 1168 881 584) (1162 299 1168 882 1166)
 (585 1163 1167 1169 1170 883) (884 1152 52) (1153 586 885 1172)
 (410 1172 886 1154) (1173 587 887 1155 1174) (194 1172 888 1160)
 (1161 588 1173 889 1176) (105 1172 1164 890) (891 1165 1173 589 1178)
 (892 195 1176 1178 1168) (893 590 1169 1177 1179 1180) (894 28 1152)
 (1153 895 1182 591) (1154 411 896 1182) (1155 1184 897 1183 592)
 (1156 300 898 1182) (593 1186 1157 1183 899) (1186 1184 412 1158 900)
 (1185 1187 1188 1159 901 594) (902 1164 1182 106) (903 1165 595 1183 1190)
 (1186 904 301 1166 1190) (1187 1191 1192 1167 596 905) (53 1172 906 1182)
 (1173 597 1183 907 1194) (1194 1184 413 1174 908)
 (1185 1195 1196 598 1175 909) (910 107 1194 1190 1178)
 (1191 1195 1198 599 911 1179) (10 1152 936) (937 1153 1200 600)
 (938 1200 414 1154) (601 1201 939 1155 1202) (1156 940 302 1200)
 (1157 602 1204 941 1201) (1202 1204 942 415 1158)
 (1159 943 1203 1205 1206 603) (1200 1160 196 944) (945 1161 604 1208 1201)
 (946 1204 1208 303 1162) (1163 947 1205 1209 1210 605) (1164 948 108 1200)
 (1201 1165 1212 949 606) (1212 1204 950 1166 304)
 (1167 1205 951 1213 1214 607) (1208 1168 197 1212 952)
 (1169 1209 953 608 1213 1216) (1170 1210 305 954 1214 1216)
 (609 1217 1218 1171 955 1211 1215) (54 1172 956 1200) (1173 610 1220 957 1201)
 (1202 1220 958 1174 416) (611 1221 1222 1203 1175 959)
 (1208 1176 1220 198 960) (961 612 1221 1224 1209 1177)
 (962 1212 109 1220 1178) (963 1221 1226 613 1179 1213)
 (964 199 1224 1226 1180 1216) (1217 965 614 1225 1227 1228 1181)
 (1200 29 966 1182) (1201 1183 615 967 1230) (417 1202 1184 1230 968)
 (1185 616 969 1231 1232 1203) (1230 970 1204 1186 306)
 (1187 617 971 1231 1234 1205) (1188 418 972 1232 1234 1206)
 (1189 618 973 1233 1235 1236 1207) (1230 1190 1212 974 110)
 (1191 619 1231 975 1213 1238) (1192 976 1234 1238 307 1214)
 (1193 620 977 1235 1239 1240 1215) (978 55 1220 1230 1194)
 (1221 1195 621 1231 979 1242) (1222 1196 1232 419 980 1242)
 (1223 1197 622 1233 981 1243 1244) (1226 1198 1238 111 1242 982)
 (983 1227 1199 623 1239 1243 1246) (5 1152 1008) (1009 1153 1248 624)
 (1010 420 1248 1154) (625 1249 1011 1155 1250) (1156 1012 308 1248)
 (1157 626 1249 1013 1252) (1250 1252 421 1014 1158)
 (1251 1253 1254 1159 627 1015) (1160 200 1248 1016) (1017 1161 628 1249 1256)
 (1018 1252 309 1256 1162) (1253 1257 1258 1163 629 1019) (1164 1020 1248 112)
 (1249 1165 1260 1021 630) (1260 1252 1022 1166 310)
 (1253 1261 1262 1167 631 1023) (201 1260 1168 1256 1024)
 (1025 1257 1261 1264 1169 632) (1026 1258 1262 1264 1170 311)
 (1027 1259 1263 1265 1266 1171 633) (1172 1028 56 1248)
 (1173 634 1249 1029 1268) (1250 1268 1030 1174 422)
 (1251 1031 1269 1270 1175 635) (1268 202 1176 1256 1032)
 (1033 1257 1269 1272 1177 636) (113 1034 1260 1268 1178)
 (1035 1261 1269 1274 1179 637) (203 1036 1264 1272 1274 1180)
 (1037 1265 1273 1275 1276 1181 638) (1248 1038 1182 30)
 (1249 1183 639 1039 1278) (1250 1184 1278 423 1040)
 (1185 1251 1041 640 1279 1280) (1042 1252 1278 1186 312)
 (641 1282 1187 1253 1043 1279) (1282 1188 1254 1044 424 1280)
 (1281 642 1283 1284 1189 1255 1045) (114 1260 1278 1046 1190)
 (643 1286 1191 1261 1047 1279) (313 1282 1286 1192 1262 1048)
 (1283 644 1287 1288 1193 1263 1049) (1050 1268 57 1278 1194)
 (645 1290 1195 1269 1051 1279) (1290 1196 1270 425 1052 1280)
 (1281 646 1291 1292 1197 1271 1053) (1286 1290 1198 1274 115 1054)
 (647 1287 1291 1294 1199 1275 1055) (11 1200 1248 1080)
 (1081 1201 1249 1296 648) (1082 1296 1250 1202 426)
 (1251 649 1297 1298 1203 1083) (314 1084 1252 1204 1296)
 (1253 650 1297 1300 1205 1085) (1254 1298 1300 1206 427 1086)
 (1255 651 1299 1301 1302 1207 1087) (1208 204 1256 1296 1088)
 (1089 1257 652 1297 1304 1209) (1090 315 1258 1300 1304 1210)
 (1091 1259 653 1301 1305 1306 1211) (1212 1092 116 1260 1296)
 (1093 1261 654 1297 1308 1213) (316 1094 1262 1300 1308 1214)
 (1095 655 1301 1263 1309 1310 1215) (1096 205 1264 1304 1308 1216)
 (1217 1097 656 1265 1305 1309 1312) (1218 317 1098 1266 1306 1310 1312)
 (1313 1314 1219 1099 657 1267 1307 1311) (1268 1100 1220 58 1296)
 (1316 1221 1101 1297 658 1269) (1316 1222 1102 1298 1270 428)
 (1317 1318 1223 659 1103 1299 1271) (1316 1224 1304 206 1104 1272)
 (1317 1320 1225 1105 1273 660 1305) (1316 1226 1106 1274 1308 117)
 (1317 1322 1227 1107 661 1275 1309) (1320 1322 1228 207 1108 1276 1312)
 (1313 1321 1323 1324 1229 1109 662 1277) (1278 1296 1110 31 1230)
 (1111 1326 1231 1297 663 1279) (1326 1232 1298 1112 429 1280)
 (1281 1327 1328 1233 1299 664 1113) (1282 318 1326 1234 1300 1114)
 (1283 1327 1330 1235 1301 665 1115) (1284 1328 1330 1236 1302 1116 430)
 (1285 1329 1331 1332 1237 1303 666 1117) (1286 1326 118 1238 1308 1118)
 (1287 1327 1334 1239 667 1309 1119) (319 1288 1330 1334 1240 1310 1120)
 (1121 1289 1331 1335 1336 1241 668 1311) (1122 1316 1290 1326 59 1242)
 (1123 1317 1291 1327 1338 1243 669) (1124 1318 1292 1328 1338 1244 431)
 (1125 1319 1293 1329 1339 1340 1245 670) (1126 1322 1294 1334 1338 1246 119)
 (1127 1323 1295 671 1335 1339 1342 1247) (864 1) (1344 865 672) (868 1344 320)
 (673 1345 869 1346) (872 1344 208) (1345 674 1348 873) (321 1346 1348 874)
 (675 1349 1347 875 1350) (120 1344 876) (877 1345 676 1352)
 (878 1352 1346 322) (1353 1354 879 677 1347) (209 1348 880 1352)
 (1353 1349 1356 881 678) (1354 323 1356 882 1350)
 (679 1351 1355 1357 1358 883) (884 60 1344) (1345 885 1360 680)
 (210 1348 888 1360) (681 1361 1349 889 1362) (121 1360 1352 890)
 (891 682 1364 1353 1361) (1364 892 211 1356 1362)
 (893 683 1357 1363 1365 1366) (894 32 1344) (1345 895 684 1368)
 (1346 324 898 1368) (1369 1370 1347 685 899) (1368 902 1352 122)
 (1353 1369 903 1372 686) (1372 1354 904 325 1370)
 (1355 687 905 1371 1373 1374) (1368 61 906 1360) (1361 1369 1376 907 688)
 (1372 910 123 1364 1376) (1377 1378 689 1365 911 1373) (20 1344 912)
 (913 690 1380 1345) (914 1380 326 1346) (915 1347 1381 691 1382)
 (1348 1380 916 212) (1384 1349 692 917 1381) (1384 1382 918 327 1350)
 (1351 1383 1385 1386 693 919) (1352 1380 124 920) (921 1353 1388 1381 694)
 (922 1388 1354 1382 328) (923 1383 1355 1389 1390 695)
 (1356 1388 924 213 1384) (925 1385 1389 1357 1392 696)
 (926 329 1386 1390 1392 1358) (927 1387 1391 1393 1394 1359 697)
 (1380 1360 62 928) (929 698 1396 1381 1361) (1396 930 1384 214 1362)
 (1385 931 1363 1397 1398 699) (1364 1388 932 125 1396)
 (1389 933 1365 1400 1397 700) (934 1392 1398 215 1400 1366)
 (1367 935 1393 1399 1401 1402 701) (12 1344 936) (937 1345 1404 702)
 (1404 330 940 1346) (1405 1347 941 1406 703) (1348 1404 216 944)
 (945 1405 1408 1349 704) (946 331 1408 1350 1406)
 (705 1409 1351 1410 947 1407) (1404 948 126 1352) (1353 706 1412 949 1405)
 (1354 1412 332 950 1406) (707 1413 1414 1355 951 1407)
 (217 1408 1412 1356 952) (1409 708 1413 1416 1357 953)
 (1410 1414 1416 333 1358 954) (1411 709 1415 1417 1418 1359 955)
 (1404 956 63 1360) (1361 1405 1420 957 710) (218 1420 1408 1362 960)
 (961 1409 711 1421 1422 1363) (962 1412 1364 1420 127)
 (963 1413 712 1421 1424 1365) (964 1416 1422 1424 1366 219)
 (965 1426 713 1423 1425 1417 1367) (1404 33 966 1368) (1369 714 1428 1405 967)
 (970 1428 1406 334 1370) (971 1429 1430 1371 715 1407)
 (1428 1412 1372 974 128) (1413 716 975 1429 1432 1373)
 (1414 335 976 1430 1432 1374) (1415 717 977 1431 1433 1434 1375)
 (978 1420 1376 1428 64) (1377 1421 718 979 1429 1436)
 (1378 1424 129 982 1432 1436) (1379 719 1425 983 1433 1437 1438)
 (21 1404 1380 984) (985 1405 1440 1381 720) (986 1440 1406 1382 336)
 (1441 1442 1383 721 987 1407) (1408 1440 988 220 1384)
 (1409 1441 1444 1385 722 989) (1442 1444 1410 1386 337 990)
 (1443 1445 1446 1387 1411 723 991) (130 1412 1388 1440 992)
 (993 1441 1413 1448 1389 724) (994 1414 1448 1390 1442 338)
 (995 1415 1449 1450 1443 1391 725) (1444 1448 1416 1392 996 221)
 (997 1417 1452 1393 1449 726 1445) (998 1450 1452 1394 339 1418 1446)
 (999 1447 1451 1453 1454 1395 727 1419) (65 1420 1396 1440 1000)
 (1441 1001 1421 1456 1397 728) (1444 1002 1422 1456 1398 222)
 (1445 1003 1423 1457 1458 1399 729) (1448 1004 1456 131 1400 1424)
 (1457 1449 1005 1425 1460 1401 730) (1426 1452 1006 1458 1460 1402 223)
 (1453 1427 1007 1459 1461 1462 731 1403) (6 1344 1008) (1009 1345 732 1464)
 (340 1346 1012 1464) (1465 733 1347 1013 1466) (1348 1464 224 1016)
 (1017 1465 1468 1349 734) (1018 1468 341 1350 1466)
 (1351 1470 1019 1469 1467 735) (1464 1020 132 1352) (1353 1465 1472 1021 736)
 (1354 1472 1022 1466 342) (737 1473 1474 1355 1467 1023)
 (225 1472 1468 1356 1024) (1025 738 1476 1357 1473 1469)
 (1474 1476 1026 1358 343 1470) (1475 1477 1478 739 1027 1359 1471)
 (66 1464 1028 1360) (1361 1465 740 1029 1480) (226 1468 1362 1480 1032)
 (741 1033 1482 1481 1363 1469) (1034 1364 133 1480 1472)
 (1473 742 1481 1035 1484 1365) (227 1476 1482 1036 1366 1484)
 (1477 743 1037 1483 1485 1486 1367) (1464 1368 1038 34)
 (1369 1465 1488 1039 744) (1042 1488 1370 1466 344)
 (745 1489 1490 1043 1467 1371) (1472 1372 1488 1046 134)
 (1473 746 1489 1492 1047 1373) (1474 1490 1492 1048 345 1374)
 (1475 747 1491 1493 1494 1049 1375) (1050 67 1480 1488 1376)
 (1377 1481 748 1489 1496 1051) (1378 1484 1492 135 1496 1054)
 (1379 749 1485 1493 1497 1498 1055) (22 1464 1380 1056)
 (1057 1465 1500 1381 750) (1058 1500 1382 1466 346)
 (1059 1383 751 1467 1501 1502) (1384 1468 1060 1500 228)
 (1061 1385 1501 752 1469 1504) (1062 1386 1470 347 1502 1504)
 (1505 1506 1063 1387 753 1471 1503) (1388 1472 136 1500 1064)
 (1473 1508 1065 1389 754 1501) (1474 1508 1066 1390 348 1502)
 (1475 1509 1510 1067 1391 755 1503) (1508 229 1068 1392 1476 1504)
 (1505 1477 1512 1069 1393 756 1509) (1506 1510 1512 1070 1394 349 1478)
 (1507 1479 1511 1513 1514 1071 1395 757) (1396 68 1480 1500 1072)
 (1481 1516 1073 1397 758 1501) (230 1482 1516 1074 1398 1504)
 (1505 759 1483 1517 1518 1075 1399) (1484 1516 1508 1076 1400 137)
 (1509 1517 1485 1520 1077 760 1401) (231 1512 1518 1486 1078 1402 1520)
 (1513 1487 1521 1522 1519 1079 761 1403) (1464 1404 13 1080)
 (1081 762 1524 1405 1465) (1466 1084 1524 350 1406)
 (1525 1526 763 1085 1467 1407) (1408 1468 232 1524 1088)
 (1089 1409 1525 1528 764 1469) (1090 1410 1526 1528 1470 351)
 (1091 1411 1527 1529 1530 765 1471) (138 1412 1092 1524 1472)
 (1473 1413 1525 1093 1532 766) (1474 1094 352 1526 1532 1414)
 (1475 1095 1415 1527 1533 1534 767) (1476 1416 233 1096 1528 1532)
 (1477 1097 1417 1529 1536 1533 768) (353 1478 1098 1418 1530 1534 1536)
 (769 1537 1479 1538 1099 1531 1419 1535) (1420 1100 69 1524 1480)
 (770 1540 1481 1101 1421 1525) (1540 1482 1528 1422 1104 234)
 (771 1541 1542 1483 1423 1105 1529) (1540 1484 1424 1106 139 1532)
 (772 1541 1544 1485 1425 1107 1533) (1542 1544 235 1486 1426 1108 1536)
 (1537 773 1543 1545 1546 1487 1427 1109) (1428 1524 1110 35 1488)
 (774 1548 1489 1525 1111 1429) (354 1548 1490 1430 1114 1526)
 (1527 775 1549 1550 1491 1431 1115) (140 1548 1492 1432 1532 1118)
 (776 1549 1552 1493 1433 1533 1119) (355 1550 1552 1494 1434 1534 1120)
 (1121 777 1551 1553 1554 1495 1435 1535) (1122 1540 1548 1496 1436 70)
 (1123 1541 778 1549 1556 1497 1437) (1126 1544 1552 1556 1498 141 1438)
 (1127 1545 779 1553 1557 1558 1499 1439) (23 1440 1500 1524 1128)
 (1441 1129 780 1525 1560 1501) (1442 356 1130 1526 1560 1502)
 (1443 1131 781 1527 1561 1562 1503) (1444 1560 1132 236 1528 1504)
 (1505 1445 1133 782 1561 1529 1564) (1506 357 1446 1134 1562 1530 1564)
 (1507 1447 783 1566 1135 1563 1565 1531) (1508 1448 1136 1560 1532 142)
 (1509 1449 784 1137 1561 1533 1568) (1510 1450 1138 1562 1568 1534 358)
 (1569 1570 1511 1451 785 1139 1563 1535) (1512 1452 237 1140 1568 1564 1536)
 (1537 1569 1572 1513 1453 786 1141 1565)
 (1538 1572 359 1570 1514 1454 1142 1566)
 (1539 1573 1574 1515 1571 1455 787 1143 1567) (1540 1516 1456 1144 1560 71)
 (1541 1576 1517 1457 1561 788 1145) (1542 1576 1518 238 1458 1146 1564)
 (1543 1577 1578 1519 1459 789 1147 1565) (1544 1576 1520 1460 1148 143 1568)
 (1569 1545 1580 1521 1577 1461 790 1149)
 (1572 1546 1580 239 1522 1462 1578 1150)
 (1573 791 1547 1581 1582 1523 1463 1579 1151) (3 1344 1152)
 (1153 1345 1584 792) (1346 1156 1584 360) (793 1585 1347 1157 1586)
 (1348 240 1584 1160) (1161 794 1588 1349 1585) (361 1162 1588 1350 1586)
 (1351 1163 1587 1589 1590 795) (1352 1164 1584 144) (1353 1585 796 1165 1592)
 (362 1586 1166 1592 1354) (1355 1167 1587 1593 1594 797)
 (241 1356 1592 1588 1168) (1357 1169 1589 1593 1596 798)
 (363 1358 1170 1590 1594 1596) (1359 1171 1591 1595 1597 1598 799)
 (1360 1172 1584 72) (1361 1585 1600 1173 800) (242 1588 1362 1600 1176)
 (801 1601 1602 1363 1589 1177) (145 1178 1364 1600 1592)
 (1601 802 1604 1365 1593 1179) (1602 1604 243 1366 1180 1596)
 (803 1605 1606 1181 1603 1367 1597) (1368 1182 1584 36)
 (1369 1585 804 1183 1608) (1608 1186 1586 364 1370)
 (1187 805 1609 1610 1587 1371) (1608 146 1372 1190 1592)
 (806 1191 1609 1612 1593 1373) (1192 1610 1612 365 1594 1374)
 (807 1193 1611 1613 1614 1595 1375) (73 1194 1600 1608 1376)
 (1377 1601 808 1609 1195 1616) (1378 147 1604 1612 1198 1616)
 (1379 1605 809 1613 1199 1617 1618) (1404 14 1584 1200)
 (1201 810 1620 1405 1585) (1620 1586 1204 366 1406)
 (811 1587 1621 1622 1205 1407) (1620 1408 244 1588 1208)
 (1409 812 1589 1624 1209 1621) (1410 367 1622 1624 1210 1590)
 (1411 1591 813 1623 1625 1626 1211) (1620 1412 1212 148 1592)
 (1413 814 1621 1593 1628 1213) (1414 368 1622 1594 1628 1214)
 (1415 815 1623 1595 1629 1630 1215) (1596 1416 245 1624 1628 1216)
 (1217 1417 1629 816 1625 1597 1632) (1218 1418 1598 369 1626 1630 1632)
 (1633 1634 1219 1419 817 1599 1627 1631) (1620 74 1420 1220 1600)
 (1601 1636 1221 1421 818 1621) (1602 1636 1224 1422 246 1624)
 (1603 1637 1638 1225 1423 819 1625) (1604 149 1226 1424 1636 1628)
 (1605 1640 1227 1425 820 1637 1629) (1638 1640 1228 1426 247 1632 1606)
 (1633 1607 1639 1641 1642 1229 1427 821) (37 1620 1428 1230 1608)
 (1609 1644 1231 1621 822 1429) (370 1610 1644 1234 1622 1430)
 (823 1431 1611 1645 1646 1235 1623) (1644 150 1612 1238 1432 1628)
 (1645 1613 1648 1239 824 1433 1629) (1646 1614 371 1240 1434 1648 1630)
 (1650 1647 1649 825 1615 1241 1435 1631) (75 1636 1644 1616 1242 1436)
 (1637 1645 1617 1652 826 1243 1437) (151 1640 1648 1618 1652 1438 1246)
 (1641 1649 1619 1653 1247 827 1439 1654) (7 1464 1584 1248)
 (1249 1465 828 1585 1656) (1656 372 1586 1252 1466)
 (1253 1587 1657 1658 1467 829) (1656 1468 248 1588 1256)
 (1257 1589 1657 1660 1469 830) (1258 373 1590 1658 1660 1470)
 (1259 831 1591 1659 1661 1662 1471) (1656 1472 1260 1592 152)
 (1473 1261 1657 1593 832 1664) (1474 1262 374 1658 1594 1664)
 (833 1665 1475 1666 1263 1659 1595) (1476 1264 249 1660 1596 1664)
 (1665 834 1668 1477 1661 1265 1597) (1666 1668 1478 1598 1266 375 1662)
 (1667 1669 1670 1479 835 1267 1663 1599) (1656 1268 76 1600 1480)
 (1601 836 1672 1481 1269 1657) (1602 1672 1482 1272 250 1660)
 (1603 837 1673 1674 1483 1273 1661) (1604 1672 153 1484 1274 1664)
 (1665 1605 838 1673 1676 1485 1275) (1668 1606 1674 1676 1486 251 1276)
 (1669 839 1607 1675 1677 1678 1487 1277) (1656 38 1608 1278 1488)
 (840 1609 1680 1489 1657 1279) (1282 1610 1680 1490 376 1658)
 (1283 841 1611 1681 1682 1491 1659) (1286 154 1612 1680 1492 1664)
 (1665 1287 842 1613 1681 1684 1493) (1666 1288 1614 1682 1684 1494 377)
 (1667 1289 843 1615 1683 1685 1686 1495) (77 1672 1290 1616 1496 1680)
 (1681 1673 1291 844 1617 1688 1497) (155 1676 1294 1618 1684 1688 1498)
 (845 1677 1295 1619 1685 1689 1690 1499) (1620 1656 1524 15 1296)
 (846 1297 1621 1657 1525 1692) (1300 1526 1658 378 1692 1622)
 (1527 847 1301 1623 1659 1693 1694) (1692 1304 1528 252 1624 1660)
 (1625 1661 848 1529 1305 1693 1696) (1530 1694 1626 1306 379 1662 1696)
 (1697 1698 849 1663 1307 1627 1695 1531) (1692 156 1628 1532 1308 1664)
 (1665 1693 1309 850 1700 1533 1629) (1666 1700 1310 1534 380 1630 1694)
 (1667 1701 1702 851 1535 1311 1695 1631) (1668 1700 1312 1696 1536 253 1632)
 (1313 1537 1669 1704 1701 852 1633 1697)
 (1314 1670 1698 1704 1538 1634 381 1702)
 (1699 1703 1671 1705 1706 1315 1539 1635 853) (1636 78 1672 1540 1316 1692)
 (1541 1673 1708 1637 854 1317 1693) (1542 1320 1674 1708 1638 254 1696)
 (1697 1543 1639 1321 1675 1709 1710 855) (1700 1544 1640 1322 1676 157 1708)
 (1701 1545 1709 1323 1677 1712 1641 856)
 (1704 1546 1324 1678 1710 1642 1712 255)
 (1705 1547 1325 1679 1713 1714 1711 857 1643) (1548 1644 1326 1680 39 1692)
 (1645 1549 1327 1681 1716 858 1693) (1682 1646 382 1330 1716 1550 1694)
 (1683 1647 1331 1717 1551 859 1695 1718) (1716 1700 158 1648 1684 1334 1552)
 (1649 1701 1553 1685 1335 1720 1717 860)
 (1702 1650 1720 1554 1686 1336 383 1718)
 (1719 1703 1651 1721 1555 1687 1337 1722 861)
 (1716 79 1708 1556 1652 1688 1338) (1709 1717 1653 1689 1557 1339 1724 862)
 (159 1712 1654 1720 1690 1724 1342 1558)
 (1655 1713 1343 1559 1721 1691 1725 1726 863) NIL (1728 864) (1728 432)
 (1729 865 1730) (1728 384) (866 1729 1732) (433 1732 1730)
 (867 1733 1734 1731) (1728 256) (1729 868 1736) (434 1730 1736)
 (1737 1738 869 1731) (385 1732 1736) (1737 1740 1733 870) (1738 435 1740 1734)
 (1739 1741 871 1735 1742) (1728 160) (1729 872 1744) (436 1730 1744)
 (1745 1746 873 1731) (257 1744 1736) (1737 1745 1748 874) (1738 437 1748 1746)
 (1739 1749 1747 875 1750) (1728 80) (1729 1752 876) (438 1730 1752)
 (877 1753 1731 1754) (258 1752 1736) (1737 878 1756 1753) (1738 1756 439 1754)
 (1757 1739 1755 879 1758) (161 1752 1744) (1745 1753 880 1760)
 (1746 1760 440 1754) (1761 1762 1747 881 1755) (1756 259 1748 1760)
 (1761 1757 1764 1749 882) (1762 1764 1750 441 1758)
 (1759 1763 1765 1766 1751 883) (1728 40) (884 1729 1768) (1768 442 1730)
 (885 1769 1770 1731) (1768 386 1732) (1769 886 1733 1772) (1772 1770 1734 443)
 (1773 1774 887 1771 1735) (162 1768 1744) (1745 1776 1769 888)
 (1746 1776 1770 444) (1747 1777 1771 889 1778) (81 1768 1752)
 (1753 1780 1769 890) (1754 1780 1770 445) (891 1781 1755 1771 1782)
 (1780 163 1776 1760) (1761 892 1784 1777 1781) (446 1762 1784 1778 1782)
 (893 1763 1779 1783 1785 1786) (1728 24) (894 1729 1788) (447 1788 1730)
 (895 1789 1790 1731) (1732 1788 387) (1789 896 1733 1792) (448 1792 1734 1790)
 (1793 1794 897 1791 1735) (260 1788 1736) (1737 1796 1789 898)
 (1738 449 1796 1790) (1739 1797 1791 899 1798) (1740 1796 388 1792)
 (1793 1797 1800 1741 900) (1794 1800 450 1742 1798)
 (1795 1799 1801 1802 901 1743) (82 1788 1752) (1753 902 1804 1789)
 (1754 1804 451 1790) (1755 1805 903 1791 1806) (1804 1756 261 1796)
 (1805 1797 904 1757 1808) (1798 1808 1758 1806 452)
 (1759 1799 1807 1809 1810 905) (41 1768 1788) (1789 1812 1769 906)
 (1812 1770 453 1790) (1814 1813 907 1771 1791) (389 1792 1812 1772)
 (1773 1793 1816 1813 908) (1774 1816 1814 1794 454)
 (1795 1775 1817 1815 909 1818) (83 1804 1812 1780) (1781 910 1813 1805 1820)
 (455 1782 1820 1806 1814) (1807 1783 1815 911 1821 1822) (1728 16)
 (1729 1824 912) (456 1730 1824) (913 1825 1731 1826) (262 1824 1736)
 (1737 914 1828 1825) (1738 1828 457 1826) (1827 1739 1829 915 1830)
 (164 1824 1744) (1745 1825 916 1832) (1746 1832 458 1826)
 (1833 1834 1747 917 1827) (263 1748 1832 1828) (1833 1829 1836 1749 918)
 (1834 1836 1750 459 1830) (1751 1831 1835 1837 1838 919) (84 1824 1752)
 (1753 1825 1840 920) (1754 1826 1840 460) (921 1841 1755 1827 1842)
 (264 1756 1840 1828) (1841 922 1844 1757 1829) (461 1842 1844 1758 1830)
 (923 1845 1846 1759 1843 1831) (1832 165 1840 1760) (1761 1833 924 1841 1848)
 (1848 1762 1834 1842 462) (1843 925 1849 1850 1763 1835)
 (1844 1848 265 1764 1836) (1845 926 1849 1852 1765 1837)
 (1846 1850 1852 1766 463 1838) (927 1847 1851 1853 1854 1767 1839)
 (42 1768 1824) (1825 1856 1769 928) (1826 464 1770 1856)
 (929 1857 1827 1771 1858) (1856 1776 166 1832) (1833 930 1860 1777 1857)
 (1834 1860 465 1778 1858) (931 1779 1859 1861 1862 1835) (1856 85 1840 1780)
 (1781 1841 932 1857 1864) (1782 1864 1858 466 1842)
 (1843 933 1859 1783 1865 1866) (1860 1864 1784 167 1848)
 (1849 934 1861 1865 1785 1868) (1850 1786 467 1866 1868 1862)
 (1787 1851 935 1863 1867 1869 1870) (1728 8) (1729 1872 936) (468 1730 1872)
 (937 1873 1731 1874) (1732 390 1872) (1873 938 1876 1733) (1874 1876 469 1734)
 (939 1877 1875 1735 1878) (266 1872 1736) (1737 1873 940 1880)
 (1738 1880 470 1874) (1881 1882 1739 941 1875) (1740 1876 391 1880)
 (1881 1877 1884 1741 942) (1882 1884 1742 471 1878)
 (943 1879 1883 1885 1886 1743) (168 1872 1744) (1745 1873 1888 944)
 (1746 1888 1874 472) (945 1889 1747 1875 1890) (1748 267 1888 1880)
 (1881 946 1892 1749 1889) (473 1882 1892 1750 1890)
 (1891 1893 1894 1751 947 1883) (1872 86 1752) (1753 1873 948 1896)
 (1754 1896 1874 474) (1897 1898 1755 949 1875) (1756 268 1896 1880)
 (1881 1897 1900 1757 950) (1882 475 1900 1758 1898)
 (1759 1899 1901 1902 951 1883) (1888 169 1896 1760) (1761 1889 1904 1897 952)
 (1762 1898 476 1904 1890) (1891 1899 1905 1906 953 1763)
 (1764 1900 1904 269 1892) (1893 1765 1901 1905 1908 954)
 (1894 477 1902 1766 1906 1908) (1895 1903 1907 1909 1767 955 1910)
 (43 1768 1872) (1873 956 1769 1912) (1874 1912 1770 478)
 (1913 1914 1875 957 1771) (392 1876 1912 1772) (1773 1913 1916 1877 958)
 (1774 1916 1878 479 1914) (1775 1879 1915 1917 1918 959) (1776 170 1912 1888)
 (1889 1913 1920 1777 960) (1890 1914 1920 1778 480)
 (961 1921 1891 1922 1779 1915) (1896 1912 87 1780) (1781 962 1924 1897 1913)
 (481 1782 1914 1924 1898) (963 1925 1926 1899 1783 1915)
 (1784 1920 1924 171 1904) (1921 964 1925 1928 1905 1785)
 (1922 1926 1928 482 1906 1786) (1923 965 1927 1929 1930 1907 1787)
 (25 1788 1872) (1873 1932 1789 966) (1874 483 1932 1790)
 (1875 1933 967 1791 1934) (393 1876 1932 1792) (1793 1933 1936 1877 968)
 (1794 484 1936 1878 1934) (1795 969 1935 1937 1938 1879) (1796 1932 1880 270)
 (1881 970 1940 1797 1933) (1882 1940 485 1798 1934)
 (1799 971 1935 1941 1942 1883) (394 1884 1936 1940 1800)
 (1801 972 1937 1941 1944 1885) (1802 1938 1942 1944 1886 486)
 (1803 973 1939 1943 1945 1946 1887) (1804 1932 1896 88)
 (1897 1933 1948 1805 974) (1898 1948 1806 487 1934)
 (1899 1935 1807 975 1949 1950) (271 1900 1940 1948 1808)
 (1901 976 1809 1941 1949 1952) (1902 1810 1942 488 1950 1952)
 (1953 1954 1903 977 1811 1943 1951) (44 1812 1932 1912)
 (1913 978 1956 1813 1933) (489 1914 1956 1814 1934)
 (1957 1958 1935 979 1815 1915) (1956 395 1916 1936 1816)
 (1957 1960 1937 980 1817 1917) (1958 1960 1938 490 1818 1918)
 (1959 1961 1962 1939 981 1819 1919) (89 1956 1820 1948 1924)
 (1925 1821 1964 982 1957 1949) (1958 1964 1822 491 1950 1926)
 (1959 1927 1965 1966 1951 983 1823) (17 1872 1824) (1825 1873 1968 984)
 (1968 1826 492 1874) (985 1969 1827 1875 1970) (1968 272 1828 1880)
 (1881 986 1972 1829 1969) (1882 1972 493 1830 1970)
 (1971 1973 1974 1831 987 1883) (1968 172 1888 1832) (1833 1889 988 1969 1976)
 (1834 1976 1970 494 1890) (1891 1971 1977 1978 1835 989)
 (1972 273 1836 1892 1976) (1893 1973 1977 1980 1837 990)
 (1894 1974 1978 1980 1838 495) (1895 1839 1975 1979 1981 1982 991)
 (1968 90 1896 1840) (1841 1897 1984 1969 992) (1842 1898 1984 1970 496)
 (993 1985 1843 1986 1899 1971) (1972 274 1844 1900 1984)
 (1985 994 1988 1845 1901 1973) (497 1986 1988 1846 1902 1974)
 (1987 1989 1990 1847 995 1903 1975) (173 1976 1904 1984 1848)
 (1985 996 1992 1849 1905 1977) (1986 1992 1850 498 1906 1978)
 (1987 997 1993 1994 1851 1907 1979) (1988 1992 1852 1908 1980 275)
 (1989 998 1993 1996 1853 1909 1981) (499 1990 1994 1996 1854 1910 1982)
 (999 1991 1995 1997 1998 1855 1911 1983) (1968 1912 45 1856)
 (1857 1913 2000 1969 1000) (1858 500 1970 2000 1914)
 (1001 1971 2001 2002 1859 1915) (1976 174 1860 2000 1920)
 (1921 1002 2001 2004 1861 1977) (1922 501 2002 2004 1862 1978)
 (1923 1003 2003 2005 2006 1863 1979) (1984 2000 91 1924 1864)
 (1985 1925 1004 2001 2008 1865) (1986 502 2002 2008 1866 1926)
 (1987 1927 1005 2003 2009 2010 1867) (1992 1928 175 2004 2008 1868)
 (1929 1006 1993 2005 2009 2012 1869) (503 1930 2006 1994 2010 2012 1870)
 (1931 1007 2014 2007 2011 2013 1995 1871) (1728 4) (1729 2016 1008)
 (2016 1730 504) (1009 2017 1731 2018) (396 1732 2016) (2017 1010 2020 1733)
 (505 2018 2020 1734) (1011 2021 2019 1735 2022) (2016 276 1736)
 (1737 2017 1012 2024) (1738 2024 2018 506) (2025 2026 1739 1013 2019)
 (2020 1740 397 2024) (2025 2021 2028 1741 1014) (2026 507 2028 1742 2022)
 (2023 2027 2029 2030 1015 1743) (2016 176 1744) (1745 2017 2032 1016)
 (2032 1746 508 2018) (1017 2033 1747 2019 2034) (277 2032 1748 2024)
 (2025 1018 2036 1749 2033) (2026 2036 509 1750 2034)
 (2027 1751 2035 2037 2038 1019) (2016 92 1752) (1753 2017 1020 2040)
 (1754 2040 510 2018) (2041 2042 1755 1021 2019) (2040 278 1756 2024)
 (2025 2041 2044 1757 1022) (2026 2044 1758 511 2042)
 (1759 2027 2043 2045 2046 1023) (177 2040 2032 1760)
 (1761 2033 2048 2041 1024) (1762 2048 2034 2042 512)
 (1025 2049 2050 1763 2035 2043) (2036 2044 279 1764 2048)
 (2049 1026 2052 1765 2037 2045) (2050 2052 1766 513 2038 2046)
 (1027 2053 2054 2051 1767 2039 2047) (1768 46 2016) (2017 1028 1769 2056)
 (514 2056 1770 2018) (2057 2058 2019 1029 1771) (2020 2056 398 1772)
 (1773 2057 2060 2021 1030) (1774 515 2060 2022 2058)
 (1031 2023 1775 2061 2062 2059) (178 1776 2056 2032)
 (2033 2057 2064 1777 1032) (2034 516 2064 1778 2058)
 (1033 2059 1779 2065 2066 2035) (2040 93 2056 1780) (1781 1034 2057 2068 2041)
 (2058 1782 2068 517 2042) (1035 1783 2069 2070 2043 2059)
 (179 1784 2064 2068 2048) (2049 1036 2065 2069 2072 1785)
 (2050 518 2066 1786 2072 2070) (2051 2071 1037 2067 1787 2073 2074)
 (26 1788 2016) (2017 2076 1789 1038) (2018 2076 1790 519)
 (2019 2077 1039 1791 2078) (2020 2076 399 1792) (1793 2077 2080 2021 1040)
 (2078 1794 2080 2022 520) (2081 2082 1795 2023 1041 2079) (280 1796 2076 2024)
 (2025 1042 2077 2084 1797) (521 2026 2084 1798 2078)
 (2085 2086 1799 2027 1043 2079) (2028 400 2080 2084 1800)
 (2081 2085 2088 1801 2029 1044) (2082 2086 2088 1802 2030 522)
 (2083 2087 2089 2090 1803 2031 1045) (1804 2076 94 2040)
 (2041 2077 2092 1805 1046) (2042 523 2092 1806 2078)
 (2093 2094 1807 1047 2043 2079) (2092 2044 281 2084 1808)
 (2085 2093 2096 1809 1048 2045) (2086 2094 2096 1810 524 2046)
 (2087 2095 2097 2098 1811 1049 2047) (1812 2076 47 2056)
 (2057 1050 2077 2100 1813) (2058 2100 525 1814 2078)
 (2059 2101 2102 1815 1051 2079) (401 2060 2080 2100 1816)
 (2081 2061 2101 2104 1817 1052) (2082 2062 2102 2104 1818 526)
 (2083 2063 2103 2105 2106 1819 1053) (2100 1820 2068 2092 95)
 (2093 2101 2069 2108 1821 1054) (2094 2102 2108 1822 527 2070)
 (2071 2095 1823 2103 2109 2110 1055) (18 2016 1824) (1825 2017 2112 1056)
 (1826 2112 2018 528) (1057 2113 1827 2019 2114) (2112 1828 282 2024)
 (2025 1058 2116 1829 2113) (529 2026 2116 1830 2114)
 (2115 2117 2118 2027 1059 1831) (2032 180 2112 1832)
 (1833 2033 1060 2113 2120) (1834 2114 2120 2034 530)
 (2115 1061 2121 2122 2035 1835) (2036 1836 2120 283 2116)
 (2117 1062 2121 2124 2037 1837) (531 2118 2122 2124 2038 1838)
 (1063 2119 2123 2125 2126 2039 1839) (2040 96 2112 1840)
 (1841 2041 2128 2113 1064) (1842 2114 532 2128 2042)
 (2115 1065 1843 2129 2130 2043) (2044 1844 2128 2116 284)
 (1845 1066 2129 2132 2117 2045) (533 2118 2130 2132 2046 1846)
 (1847 2119 1067 2131 2133 2134 2047) (2048 181 2128 2120 1848)
 (2049 1849 1068 2129 2121 2136) (2050 534 1850 2136 2130 2122)
 (2051 2123 1069 2131 2137 2138 1851) (2052 1852 2124 285 2132 2136)
 (2053 1853 2125 1070 2133 2137 2140) (2054 535 2126 1854 2134 2138 2140)
 (2055 2127 1855 1071 2135 2139 2141 2142) (48 2056 2112 1856)
 (1857 2057 2144 2113 1072) (2058 1858 2114 2144 536)
 (2145 2146 2115 2059 1073 1859) (1860 2144 182 2120 2064)
 (2145 2148 2121 2065 1074 1861) (2146 2148 537 2122 2066 1862)
 (2147 2149 2150 2123 2067 1075 1863) (97 2068 2144 2128 1864)
 (2145 2152 2129 1076 2069 1865) (2146 2152 538 2130 2070 1866)
 (2147 2153 2154 2131 1077 2071 1867) (2148 2152 2072 2136 1868 183)
 (2149 2153 2156 2137 1078 2073 1869) (2150 2154 539 2156 2138 2074 1870)
 (2151 2155 2157 2158 1079 2139 2075 1871) (9 2016 1872) (1873 2017 2160 1080)
 (1874 540 2160 2018) (1081 2161 1875 2019 2162) (2020 402 1876 2160)
 (2161 1082 2164 1877 2021) (2162 2164 541 1878 2022)
 (2023 2163 2165 2166 1879 1083) (286 2024 2160 1880)
 (1881 2025 1084 2161 2168) (1882 2162 2168 542 2026)
 (2027 2163 2169 2170 1883 1085) (2028 403 1884 2168 2164)
 (2029 2165 2169 2172 1885 1086) (2030 543 2166 2170 2172 1886)
 (2031 1887 2167 2171 2173 2174 1087) (2032 184 2160 1888)
 (1889 2033 2176 2161 1088) (1890 2162 2034 2176 544)
 (1089 2177 1891 2178 2035 2163) (2036 287 1892 2176 2168)
 (2177 1090 2180 1893 2037 2169) (2178 2180 1894 545 2038 2170)
 (1091 2181 2182 1895 2179 2039 2171) (98 2040 2160 1896)
 (1897 2041 1092 2161 2184) (2184 1898 2162 2042 546)
 (1093 2185 2186 1899 2163 2043) (288 2044 2184 1900 2168)
 (1094 2185 2188 1901 2169 2045) (2186 2188 1902 547 2170 2046)
 (1095 2187 2189 2190 1903 2171 2047) (185 2184 2048 2176 1904)
 (2049 2177 1096 2185 2192 1905) (2178 2050 2186 2192 1906 548)
 (2179 1097 2187 2051 2193 2194 1907) (2180 2188 2192 1908 289 2052)
 (2053 1098 2189 2193 2196 1909 2181) (2182 2190 2194 2196 549 1910 2054)
 (2055 2183 1099 2191 2195 2197 2198 1911) (49 2056 2160 1912)
 (1913 2057 1100 2161 2200) (2200 1914 2162 550 2058)
 (2059 1101 2163 2201 2202 1915) (2200 1916 404 2060 2164)
 (2061 1102 2165 2201 2204 1917) (2062 2166 551 2202 2204 1918)
 (1103 2063 2167 2203 2205 2206 1919) (2200 186 2064 2176 1920)
 (1921 2177 1104 2065 2201 2208) (1922 2178 2066 552 2202 2208)
 (2209 2210 1923 2179 1105 2067 2203) (2200 99 1924 2068 2184)
 (2212 1925 2185 1106 2069 2201) (2212 1926 2186 2070 553 2202)
 (2213 2214 1927 2187 1107 2071 2203) (187 2212 1928 2192 2072 2208)
 (2209 2213 2216 1929 2193 1108 2073) (2210 2214 2216 1930 2194 554 2074)
 (2211 2215 2217 2218 1931 2195 1109 2075) (1932 27 2076 2160)
 (2161 2077 2220 1933 1110) (2162 555 2220 1934 2078)
 (2221 2222 1935 2163 1111 2079) (2220 2080 405 2164 1936)
 (2081 2221 2224 1937 2165 1112) (2082 2222 2224 1938 2166 556)
 (2083 2223 2225 2226 1939 2167 1113) (2220 2084 1940 290 2168)
 (2085 2221 2228 1941 2169 1114) (2086 2222 2228 1942 2170 557)
 (2087 2223 2229 2230 1943 2171 1115) (406 2088 2224 2228 1944 2172)
 (2089 2225 2229 2232 1945 1116 2173) (2090 558 2226 2230 2232 1946 2174)
 (2091 2227 2231 2233 2234 1947 1117 2175) (2220 100 1948 2092 2184)
 (2185 2221 2093 2236 1949 1118) (2186 2222 2094 2236 1950 559)
 (2095 2187 2223 1951 2237 2238 1119) (2188 2096 2228 291 2236 1952)
 (1953 2189 2097 2229 2240 2237 1120) (1954 2190 2098 2230 2240 2238 560)
 (1121 2241 1955 2242 2191 2099 2231 2239) (50 1956 2220 2100 2200)
 (1122 2244 1957 2221 2101 2201) (561 2244 1958 2222 2102 2202)
 (1123 2245 2246 1959 2223 2103 2203) (2244 407 1960 2224 2104 2204)
 (1124 2245 2248 1961 2225 2105 2205) (562 2246 2248 1962 2226 2106 2206)
 (1125 2247 2249 2250 1963 2227 2107 2207) (2212 1964 2236 2244 101 2108)
 (2245 1126 2237 2252 1965 2213 2109) (563 2214 2252 1966 2110 2238 2246)
 (2247 2215 2253 2254 1967 1127 2111 2239) (19 2112 2160 1968)
 (1969 2113 2256 2161 1128) (2162 1970 2256 564 2114)
 (2115 1129 1971 2257 2258 2163) (2256 1972 2168 2116 292)
 (2117 1130 2257 2260 1973 2169) (565 2118 2258 2260 1974 2170)
 (2119 1131 2259 2261 2262 1975 2171) (2256 188 2176 2120 1976)
 (2177 2121 1132 2257 2264 1977) (2178 566 2122 2258 2264 1978)
 (2179 2123 1133 2259 2265 2266 1979) (2180 2124 2260 2264 293 1980)
 (2181 2125 1134 2261 2265 2268 1981) (2182 567 2126 2262 2266 2268 1982)
 (2183 2127 1135 2263 2267 2269 2270 1983) (2184 2256 2128 102 1984)
 (1985 2257 2185 1136 2129 2272) (1986 2258 2186 568 2130 2272)
 (2273 2274 1987 2187 2259 1137 2131) (1988 2188 2260 294 2132 2272)
 (2273 2276 1989 2189 1138 2261 2133) (2274 2276 1990 569 2190 2262 2134)
 (2275 2277 2263 1991 2191 1139 2135 2278) (189 1992 2136 2192 2264 2272)
 (2273 2280 1993 2193 2265 1140 2137) (2274 2280 1994 570 2194 2266 2138)
 (2275 2281 2282 1995 2195 1141 2139 2267) (2276 2280 1996 2140 2196 295 2268)
 (2277 2281 2141 2284 1997 2197 1142 2269)
 (2278 2282 571 2284 1998 2142 2198 2270)
 (1143 2279 2283 2285 2286 1999 2271 2199 2143) (2200 51 2144 2256 2000)
 (2145 2257 2288 2001 1144 2201) (2146 2258 572 2288 2002 2202)
 (2147 2259 2289 2290 2003 1145 2203) (2148 190 2288 2004 2264 2208)
 (2209 2149 2289 2292 2005 2265 1146) (2210 2150 573 2290 2292 2006 2266)
 (2211 2151 2291 2293 2294 2007 1147 2267) (2212 2152 2288 103 2008 2272)
 (2273 2213 2153 2289 2296 2009 1148) (2274 2214 2154 574 2290 2296 2010)
 (2275 2215 2155 2291 2297 2298 2011 1149) (2156 191 2216 2280 2292 2296 2012)
 (2217 2157 2281 2293 2297 2300 2013 1150)
 (2218 2158 575 2294 2282 2298 2300 2014)
 (2219 2159 2302 2015 2295 2299 2301 2283 1151) (1728 2) (1729 2304 1152)
 (2304 1730 576) (1153 2305 1731 2306) (1732 2304 408) (2305 1154 2308 1733)
 (577 2306 2308 1734) (1155 2309 2307 1735 2310) (296 2304 1736)
 (1737 2305 1156 2312) (1738 2312 2306 578) (2313 2314 1739 1157 2307)
 (409 2308 1740 2312) (2313 2309 2316 1741 1158) (2314 579 2316 1742 2310)
 (1159 2311 2315 2317 2318 1743) (192 2304 1744) (1745 2305 2320 1160)
 (2320 1746 580 2306) (1161 2321 1747 2307 2322) (297 2320 1748 2312)
 (2313 1162 2324 1749 2321) (2314 2324 581 1750 2322)
 (1163 1751 2323 2325 2326 2315) (104 2304 1752) (1753 2305 1164 2328)
 (1754 2328 582 2306) (2329 2330 1755 1165 2307) (2328 298 1756 2312)
 (2313 2329 2332 1757 1166) (2314 2332 1758 583 2330)
 (1759 2315 1167 2331 2333 2334) (193 2328 2320 1760)
 (1761 2321 2336 2329 1168) (1762 2336 2322 2330 584)
 (2337 2338 1763 1169 2323 2331) (2324 2332 299 1764 2336)
 (2337 2340 1765 1170 2325 2333) (2338 2340 585 1766 2326 2334)
 (2339 2341 2342 1767 1171 2327 2335) (1768 2304 52) (2305 1172 1769 2344)
 (586 2344 1770 2306) (2345 2346 2307 1173 1771) (410 2308 2344 1772)
 (1773 2345 2348 2309 1174) (1774 587 2348 2310 2346)
 (2311 1775 2349 2350 1175 2347) (194 1776 2344 2320)
 (2321 2345 2352 1777 1176) (2322 588 2352 1778 2346)
 (2347 1779 2353 2354 2323 1177) (105 2344 2328 1780)
 (1781 1178 2356 2329 2345) (1782 2356 589 2346 2330)
 (2347 1783 2357 2358 2331 1179) (2352 195 1784 2356 2336)
 (2337 2353 1785 2360 2357 1180) (2338 590 2354 2358 2360 1786)
 (2339 1787 2355 2359 2361 2362 1181) (1788 28 2304) (2305 2364 1789 1182)
 (2306 2364 1790 591) (2307 2365 1183 1791 2366) (2364 411 2308 1792)
 (1793 2365 2368 2309 1184) (1794 2366 2368 2310 592)
 (1185 2369 1795 2311 2370 2367) (2364 1796 300 2312)
 (2313 1186 2372 1797 2365) (593 2314 2372 1798 2366)
 (1187 2373 2374 1799 2315 2367) (2316 2368 2372 412 1800)
 (2369 1188 2373 2376 1801 2317) (2370 2374 2376 1802 2318 594)
 (2371 1189 2375 2377 2378 1803 2319) (106 1804 2364 2328)
 (2329 2365 2380 1805 1190) (2330 595 2380 1806 2366)
 (1191 2381 2382 1807 2331 2367) (2372 2332 301 2380 1808)
 (2373 1192 2381 2384 1809 2333) (2374 2382 2384 1810 596 2334)
 (2375 1193 2383 2385 2386 1811 2335) (53 2364 1812 2344)
 (2345 1194 2388 1813 2365) (2346 2388 597 1814 2366)
 (1195 2389 2390 1815 2347 2367) (2368 2388 2348 413 1816)
 (2369 1196 2349 2389 2392 1817) (2370 2350 2390 2392 1818 598)
 (2371 1197 2351 2391 2393 2394 1819) (2356 107 1820 2380 2388)
 (2381 1198 2357 2389 2396 1821) (2382 2390 599 2396 1822 2358)
 (2391 2383 1199 2359 2397 2398 1823) (10 2304 1872) (1873 2305 2400 1200)
 (1874 2400 2306 600) (1201 2401 1875 2307 2402) (2308 1876 414 2400)
 (2401 1202 2404 1877 2309) (601 2402 2404 1878 2310)
 (2403 2405 2406 2311 1203 1879) (2400 2312 302 1880)
 (1881 2313 1204 2408 2401) (1882 2408 2314 2402 602)
 (2403 2409 2410 2315 1205 1883) (2316 2404 1884 415 2408)
 (2405 2409 2412 2317 1206 1885) (2406 2410 2412 2318 603 1886)
 (2407 2411 2413 2414 2319 1207 1887) (2320 2400 196 1888)
 (1889 2321 2416 2401 1208) (1890 604 2402 2416 2322)
 (1891 2403 2417 2418 2323 1209) (2324 2416 1892 303 2408)
 (1893 2409 2417 2420 2325 1210) (1894 2410 2418 2420 2326 605)
 (1895 2411 2419 2421 2422 2327 1211) (2328 2400 108 1896)
 (1897 2329 1212 2424 2401) (1898 2402 2424 606 2330)
 (2403 1899 2425 2426 2331 1213) (2332 2408 1900 2424 304)
 (2409 1901 2425 2428 2333 1214) (2410 1902 2426 2428 2334 607)
 (2411 1903 1215 2427 2429 2430 2335) (2416 2336 197 2424 1904)
 (2337 2417 1905 2425 1216 2432) (2338 2418 1906 2426 608 2432)
 (1217 2433 2339 2434 2419 1907 2427) (2420 2340 1908 305 2428 2432)
 (2433 1218 2436 2341 1909 2421 2429) (609 2434 2436 2342 2422 2430 1910)
 (2435 2437 1911 2343 1219 2423 2431 2438) (54 2400 2344 1912)
 (1913 2345 1220 2440 2401) (1914 2402 2440 2346 610)
 (2403 1221 2441 2442 2347 1915) (2348 1916 2440 2404 416)
 (2405 1222 2441 2444 2349 1917) (611 2406 2442 2444 2350 1918)
 (1223 2407 2443 2445 2446 2351 1919) (2416 2352 2440 198 1920)
 (1921 2417 1224 2441 2448 2353) (1922 612 2354 2442 2448 2418)
 (1923 1225 2443 2355 2449 2450 2419) (2356 1924 109 2440 2424)
 (1925 2441 1226 2452 2357 2425) (613 1926 2442 2452 2358 2426)
 (1927 2443 2453 2454 2359 2427 1227) (199 1928 2448 2452 2360 2432)
 (2433 1929 1228 2449 2453 2456 2361) (2434 614 1930 2450 2454 2456 2362)
 (2435 1931 1229 2451 2455 2457 2458 2363) (2364 1932 29 2400)
 (2401 2365 2460 1933 1230) (2402 2460 1934 615 2366)
 (2403 1231 1935 2461 2462 2367) (417 2404 2368 2460 1936)
 (2369 2405 1232 1937 2461 2464) (2370 2406 616 1938 2462 2464)
 (2465 2466 2371 2407 1233 1939 2463) (306 2372 1940 2460 2408)
 (2468 2373 2409 1234 1941 2461) (2468 2374 617 2410 1942 2462)
 (2469 2470 2375 2411 1235 1943 2463) (2468 2376 2412 418 1944 2464)
 (2465 2469 2472 2377 2413 1236 1945) (2466 2470 2472 2378 2414 618 1946)
 (2467 2471 2473 2474 2379 2415 1237 1947) (2380 1948 2460 110 2424)
 (1949 2476 2381 1238 2425 2461) (619 2476 2382 1950 2426 2462)
 (2477 2478 2383 1951 1239 2427 2463) (2468 2476 2384 307 2428 1952)
 (1953 2469 2477 2480 2385 1240 2429) (1954 2470 620 2478 2480 2386 2430)
 (1955 2471 2479 2481 2482 2387 1241 2431) (55 1956 2388 2460 2440)
 (1957 2441 2484 2389 1242 2461) (1958 2442 621 2484 2390 2462)
 (1959 2443 2485 2486 2391 1243 2463) (1960 2444 419 2484 2392 2464)
 (2465 1961 2445 2485 2488 2393 1244) (2466 1962 2446 622 2486 2488 2394)
 (2467 1963 2447 2487 2489 2490 2395 1245) (2476 1964 2484 2452 111 2396)
 (1965 2477 2453 2485 2492 2397 1246) (2478 623 1966 2454 2492 2398 2486)
 (2487 1967 1247 2455 2493 2494 2399 2479) (5 2304 2016) (2017 2305 2496 1248)
 (2018 2496 2306 624) (1249 2497 2019 2307 2498) (2308 2020 420 2496)
 (2497 1250 2500 2021 2309) (625 2498 2500 2022 2310)
 (2499 2501 2023 2311 1251 2502) (2312 308 2496 2024)
 (2025 2313 1252 2497 2504) (2026 2498 2504 2314 626)
 (2499 1253 2505 2506 2027 2315) (2316 2028 421 2500 2504)
 (2501 1254 2505 2029 2508 2317) (2502 2506 2508 2030 2318 627)
 (1255 2503 2507 2509 2510 2319 2031) (2320 200 2496 2032)
 (2033 2321 2512 2497 1256) (2034 2498 628 2512 2322)
 (2499 1257 2323 2513 2514 2035) (2324 2036 309 2512 2504)
 (2505 1258 2513 2516 2037 2325) (2506 2514 2516 629 2038 2326)
 (2039 2507 2515 2517 2518 2327 1259) (2328 112 2496 2040)
 (2041 2329 1260 2497 2520) (2042 2498 2520 630 2330)
 (2499 1261 2521 2522 2043 2331) (2332 2044 310 2520 2504)
 (2505 2045 1262 2521 2524 2333) (2506 2334 631 2522 2524 2046)
 (2507 1263 2047 2523 2525 2526 2335) (201 2520 2336 2512 2048)
 (2049 2337 1264 2513 2521 2528) (2050 2338 2514 632 2522 2528)
 (2529 2530 2051 2339 1265 2515 2523) (2340 2516 2524 2052 311 2528)
 (2529 2532 2053 1266 2517 2341 2525) (2530 2532 2054 2518 633 2526 2342)
 (2531 2533 2055 2343 1267 2519 2527 2534) (2344 56 2496 2056)
 (2057 2345 1268 2497 2536) (2058 2498 2536 2346 634)
 (2499 2537 2538 2059 1269 2347) (2348 2060 422 2500 2536)
 (2501 2537 2061 2540 2349 1270) (2502 2538 2540 2062 2350 635)
 (2503 2539 2541 2542 2351 2063 1271) (202 2352 2536 2512 2064)
 (2353 2537 2544 2065 1272 2513) (2514 2538 2544 2066 2354 636)
 (2539 2515 2545 2546 2067 2355 1273) (113 2356 2068 2536 2520)
 (2537 2357 2548 2069 2521 1274) (2538 2548 2070 2522 637 2358)
 (2071 2539 2549 2550 2359 2523 1275) (203 2072 2544 2548 2360 2528)
 (2529 2545 2361 2549 2552 2073 1276) (2530 2552 2546 2550 2362 2074 638)
 (2531 2547 2551 2553 2554 2075 1277 2363) (2364 2076 30 2496)
 (2497 2365 2556 2077 1278) (2498 2556 2078 639 2366)
 (2499 2079 1279 2557 2558 2367) (2500 2368 2556 423 2080)
 (2081 2369 2501 1280 2557 2560) (2082 2502 2370 640 2558 2560)
 (1281 2561 2083 2503 2562 2371 2559) (2372 2084 2556 2504 312)
 (1282 2564 2373 2505 2085 2557) (641 2564 2086 2506 2558 2374)
 (1283 2565 2087 2375 2507 2559 2566) (2564 2376 2508 2088 424 2560)
 (2561 1284 2565 2568 2089 2509 2377) (2562 2566 642 2090 2568 2510 2378)
 (2563 1285 2567 2569 2570 2091 2511 2379) (114 2380 2092 2556 2520)
 (1286 2093 2572 2381 2521 2557) (643 2572 2094 2382 2522 2558)
 (1287 2573 2574 2383 2095 2523 2559) (313 2564 2096 2572 2384 2524)
 (2385 2565 1288 2573 2576 2097 2525) (644 2566 2386 2574 2576 2098 2526)
 (2567 1289 2387 2575 2577 2578 2099 2527) (2388 2100 57 2556 2536)
 (2537 1290 2580 2389 2101 2557) (645 2538 2580 2102 2558 2390)
 (2103 2539 2581 2582 2391 1291 2559) (2540 2580 2104 2392 425 2560)
 (2561 1292 2541 2393 2581 2584 2105) (2562 646 2584 2542 2582 2394 2106)
 (2563 1293 2543 2583 2585 2586 2107 2395) (2396 2572 2580 2548 115 2108)
 (2109 2573 1294 2581 2549 2588 2397) (647 2574 2398 2582 2588 2110 2550)
 (2583 2111 2575 1295 2551 2589 2590 2399) (11 2400 2496 2160)
 (2161 2401 2592 2497 1296) (2162 2498 2592 2402 648)
 (2593 2594 2499 2403 1297 2163) (2500 426 2164 2404 2592)
 (2593 2596 2501 1298 2165 2405) (2594 2596 2502 649 2166 2406)
 (2595 2597 2407 2503 1299 2167 2598) (2592 314 2408 2504 2168)
 (2593 2600 2409 2505 1300 2169) (2594 2600 2506 2410 2170 650)
 (2595 2601 2602 2507 1301 2171 2411) (2508 2600 2412 2596 427 2172)
 (2597 2601 2509 2604 2413 1302 2173) (2598 2602 651 2604 2510 2414 2174)
 (2599 2603 2605 2606 2511 2415 1303 2175) (2592 2416 204 2512 2176)
 (2177 2513 2608 2417 1304 2593) (2178 2594 652 2608 2514 2418)
 (2595 2179 2609 2610 2515 2419 1305) (315 2180 2600 2608 2420 2516)
 (2181 2601 2609 2421 2612 2517 1306) (2182 2602 653 2610 2612 2518 2422)
 (2423 2183 2603 2611 2613 2614 2519 1307) (2592 2424 116 2520 2184)
 (2593 2185 2521 2616 2425 1308) (2594 2426 2186 654 2616 2522)
 (2595 2187 2617 2618 2523 1309 2427) (2428 2600 2188 316 2616 2524)
 (2601 2525 2189 2617 2620 2429 1310) (2602 2190 655 2430 2618 2620 2526)
 (2603 2191 2431 1311 2619 2621 2622 2527) (2192 205 2608 2616 2528 2432)
 (2433 2609 2193 2617 2624 2529 1312) (2434 2530 656 2194 2618 2610 2624)
 (1313 2625 2531 2626 2611 2195 2435 2619) (2196 2436 317 2612 2532 2620 2624)
 (2625 1314 2628 2437 2197 2613 2533 2621)
 (2626 2628 2534 657 2438 2614 2622 2198)
 (1315 2629 2439 2535 2627 2615 2199 2623 2630) (2592 2536 2440 58 2200)
 (2593 1316 2632 2441 2537 2201) (2594 2632 2442 658 2538 2202)
 (2595 1317 2633 2634 2539 2203 2443) (2596 2540 2632 2444 428 2204)
 (2597 1318 2633 2541 2636 2445 2205) (2598 2634 2636 2542 2446 659 2206)
 (1319 2599 2635 2637 2638 2447 2543 2207) (2632 206 2608 2544 2448 2208)
 (2209 2609 1320 2633 2640 2449 2545) (2210 2546 2634 2640 2610 660 2450)
 (2211 1321 2635 2611 2641 2642 2547 2451) (2212 2632 2452 2548 2616 117)
 (2213 2633 1322 2644 2453 2617 2549) (2214 2634 2644 661 2550 2618 2454)
 (2455 2215 1323 2645 2646 2551 2619 2635) (2216 2552 207 2640 2644 2456 2624)
 (2625 2217 1324 2641 2553 2645 2648 2457)
 (2626 2218 2648 2642 662 2458 2554 2646)
 (2627 2219 1325 2643 2647 2649 2650 2555 2459) (2592 2220 2460 31 2556)
 (2593 2557 2221 1326 2652 2461) (2594 2222 2462 663 2652 2558)
 (2595 2223 1327 2559 2653 2654 2463) (2596 2224 2652 429 2560 2464)
 (2465 2561 2597 1328 2225 2653 2656) (2466 2598 2562 2226 664 2654 2656)
 (2657 2658 2563 2599 2467 1329 2227 2655) (2228 2468 318 2600 2564 2652)
 (2660 2469 2601 1330 2229 2565 2653) (2660 2566 2602 2230 665 2654 2470)
 (2661 2471 2567 2603 1331 2231 2655 2662) (2660 2568 2604 2472 2232 430 2656)
 (2657 2661 2664 2473 2605 2569 1332 2233)
 (2658 2662 2664 2474 2606 2570 2234 666)
 (2659 2663 2665 2666 2571 2607 1333 2235 2475) (2572 2652 2476 2616 2236 118)
 (2573 2237 2668 2477 1334 2617 2653) (2478 2668 2574 2654 2618 667 2238)
 (2669 2670 2575 2239 1335 2619 2655 2479) (2660 319 2668 2576 2620 2480 2240)
 (2241 2577 2661 2669 2672 2481 1336 2621)
 (2242 2662 2482 2670 2672 2578 668 2622)
 (2243 2663 2483 2671 2673 2674 2579 1337 2623) (2244 2632 59 2580 2484 2652)
 (2245 2633 2676 2485 2581 1338 2653) (2246 2634 2676 2582 669 2654 2486)
 (2487 2247 2635 2677 2678 2583 1339 2655) (2248 2636 2488 2676 2584 431 2656)
 (2657 2249 2637 2585 2677 2680 2489 1340)
 (2658 2250 2680 2638 2678 2490 2586 670)
 (2659 2251 2639 2679 2681 2682 2587 1341 2491)
 (2252 2492 2676 2668 2644 2588 119) (2589 2253 2669 2645 2677 2684 2493 1342)
 (2494 2670 2254 2646 2684 2590 671 2678)
 (2679 2255 2671 1343 2647 2685 2686 2591 2495) (1728 1) (1729 2688 1344)
 (2688 1730 672) (1345 2689 1731 2690) (2688 320 1736) (1737 1346 2689 2692)
 (673 1738 2692 2690) (1739 2693 1347 2691 2694) (2688 208 1744)
 (1745 2689 1348 2696) (2690 1746 2696 674) (2697 2698 1747 1349 2691)
 (321 1748 2692 2696) (2697 2693 2700 1749 1350) (2698 675 2700 1750 2694)
 (1351 2695 2699 2701 2702 1751) (2688 120 1752) (1753 2689 2704 1352)
 (1754 676 2704 2690) (1353 2705 1755 2691 2706) (322 1756 2692 2704)
 (2705 1354 2693 2708 1757) (2706 2708 677 1758 2694)
 (1759 2695 1355 2707 2709 2710) (209 2696 2704 1760)
 (1761 2697 2705 1356 2712) (2706 1762 2712 678 2698)
 (1763 1357 2707 2713 2714 2699) (323 1764 2700 2712 2708)
 (1765 2701 1358 2709 2713 2716) (679 1766 2702 2710 2714 2716)
 (1767 2703 1359 2711 2715 2717 2718) (1768 60 2688) (2689 2720 1769 1360)
 (2690 2720 1770 680) (1361 2721 2691 1771 2722) (210 1776 2720 2696)
 (2697 1362 2721 1777 2724) (681 2698 2724 1778 2722)
 (2723 2725 2726 2699 1779 1363) (121 2704 2720 1780)
 (1781 2705 2721 1364 2728) (2706 1782 2728 2722 682)
 (2723 2729 2730 2707 1783 1365) (211 1784 2728 2724 2712)
 (2725 2729 2732 1785 1366 2713) (2726 2730 683 2732 1786 2714)
 (1787 2727 2731 2733 2734 1367 2715) (1788 32 2688) (2689 2736 1789 1368)
 (2690 684 1790 2736) (1369 2737 2691 1791 2738) (324 1796 2692 2736)
 (2737 1370 2693 2740 1797) (2738 2740 685 1798 2694)
 (1799 2695 2739 2741 2742 1371) (122 1804 2736 2704)
 (2705 2737 1372 1805 2744) (2738 2706 2744 1806 686)
 (2739 1807 2707 2745 2746 1373) (2744 2708 325 2740 1808)
 (1809 2741 2745 2709 2748 1374) (687 1810 2710 2746 2748 2742)
 (2743 1811 2711 2747 2749 2750 1375) (1812 61 2736 2720)
 (2721 2737 2752 1813 1376) (2738 2722 2752 1814 688)
 (1377 2753 2723 2754 2739 1815) (123 1820 2752 2744 2728)
 (2753 1378 2756 2729 2745 1821) (2754 2756 2730 689 2746 1822)
 (2755 2757 2758 2731 1379 2747 1823) (2688 20 1824) (1825 2689 1380 2760)
 (2690 1826 2760 690) (2761 2762 1827 1381 2691) (1828 2692 326 2760)
 (2761 2693 2764 1829 1382) (2762 691 2764 1830 2694)
 (1383 2695 2763 2765 2766 1831) (212 2696 2760 1832)
 (1833 2697 2768 2761 1384) (1834 2762 692 2768 2698)
 (1385 2763 2769 2770 1835 2699) (2764 1836 2700 327 2768)
 (2765 1386 2701 2769 2772 1837) (2766 2702 2770 2772 693 1838)
 (1387 2767 2771 2773 2703 1839 2774) (124 2704 2760 1840)
 (1841 2705 1388 2761 2776) (1842 2762 2776 694 2706)
 (1843 2763 1389 2707 2777 2778) (2776 1844 2708 2764 328)
 (1845 2765 1390 2709 2777 2780) (1846 2766 2710 695 2778 2780)
 (1847 2767 1391 2711 2779 2781 2782) (2776 2712 213 2768 1848)
 (1849 1392 2769 2777 2713 2784) (1850 696 2770 2778 2714 2784)
 (2785 2786 1851 1393 2771 2779 2715) (2716 329 1852 2772 2780 2784)
 (2785 2788 2781 1853 1394 2773 2717) (2786 2788 1854 2718 2774 697 2782)
 (2787 2789 2790 1855 1395 2719 2775 2783) (2720 62 2760 1856)
 (1857 2721 1396 2761 2792) (2722 1858 2762 2792 698)
 (2723 2793 2794 2763 1859 1397) (1860 2724 214 2792 2768)
 (2725 2793 2796 2769 1861 1398) (2726 2794 2796 2770 1862 699)
 (1863 2727 2795 2797 2798 2771 1399) (2728 125 2792 2776 1864)
 (2729 2793 2800 2777 1400 1865) (2794 2800 2730 2778 1866 700)
 (2731 2795 2801 2802 1401 1867 2779) (2732 2796 2800 215 1868 2784)
 (2785 2797 2733 2801 2804 1402 1869) (2786 2798 2734 2802 2804 701 1870)
 (2787 2799 2803 2805 2735 1403 1871 2806) (2688 12 1872) (1873 2689 1404 2808)
 (1874 2808 702 2690) (2809 2810 1875 1405 2691) (330 2692 2808 1880)
 (1881 2809 2812 2693 1406) (1882 2812 2694 703 2810)
 (2695 2814 2811 2813 1883 1407) (216 2696 2808 1888)
 (1889 2697 2816 2809 1408) (2698 1890 2810 2816 704)
 (1409 2817 1891 2818 2699 2811) (331 1892 2700 2816 2812)
 (2817 1410 2820 1893 2701 2813) (705 2818 2820 1894 2702 2814)
 (1411 2821 2822 1895 2819 2703 2815) (2704 126 2808 1896)
 (1897 2705 1412 2809 2824) (2706 1898 2810 2824 706)
 (1413 2825 2826 1899 2707 2811) (332 2824 1900 2708 2812)
 (1414 2825 2828 1901 2709 2813) (707 2826 2828 1902 2710 2814)
 (1415 2827 2829 2830 1903 2711 2815) (217 2824 2712 2816 1904)
 (2817 1416 2825 2832 1905 2713) (2818 708 2826 2832 1906 2714)
 (2819 1417 2827 2833 2834 1907 2715) (2820 2828 333 2832 1908 2716)
 (2821 1418 2829 2833 2836 1909 2717) (709 2822 2830 2834 2836 1910 2718)
 (2823 1419 2831 2835 2837 2838 1911 2719) (2720 2808 63 1912)
 (1913 2721 1420 2809 2840) (2840 1914 2810 710 2722)
 (2723 1421 2841 2842 2811 1915) (2840 218 2724 2816 1920)
 (1921 2817 2725 1422 2841 2844) (1922 2726 711 2818 2842 2844)
 (1923 2727 2819 1423 2843 2845 2846) (2824 2840 1924 127 2728)
 (1925 2729 1424 2825 2841 2848) (1926 712 2730 2826 2842 2848)
 (2849 2850 1927 2731 1425 2843 2827) (1928 2732 2832 219 2844 2848)
 (2849 2852 1929 2733 2833 1426 2845) (2850 2852 713 1930 2734 2834 2846)
 (2851 2853 2854 1931 1427 2735 2835 2847) (1932 33 2808 2736)
 (2737 2809 1428 1933 2856) (2856 714 2810 1934 2738)
 (2857 2858 1935 2739 1429 2811) (2856 1940 2740 334 2812)
 (2857 2860 2741 1430 1941 2813) (2858 715 2860 1942 2814 2742)
 (1943 2859 2861 2862 2743 1431 2815) (2824 2856 1948 2744 128)
 (2825 2864 2857 1432 2745 1949) (2858 716 2864 2826 2746 1950)
 (2859 2865 2866 1433 2747 2827 1951) (2860 2828 335 2864 2748 1952)
 (1953 2861 2829 2865 2868 1434 2749) (1954 717 2862 2830 2866 2868 2750)
 (1955 2863 2867 2869 2831 1435 2751 2870) (2840 2856 1956 2752 64)
 (2753 1957 2857 2872 2841 1436) (2754 1958 2858 718 2872 2842)
 (2755 1959 2859 2873 2874 2843 1437) (2756 1964 2864 129 2872 2848)
 (2849 2757 1965 2865 2873 2876 1438) (2850 2758 1966 719 2866 2874 2876)
 (2851 2759 1967 2867 2875 2877 2878 1439) (21 2760 2808 1968)
 (1969 2761 2880 2809 1440) (2880 1970 2762 2810 720)
 (1441 2881 2882 2763 1971 2811) (2880 1972 2812 2764 336)
 (2881 1442 2884 2765 1973 2813) (2882 2884 2766 721 1974 2814)
 (1443 2885 2886 2883 2767 1975 2815) (2880 220 2816 2768 1976)
 (2817 2881 1444 2888 2769 1977) (2818 722 2888 2770 1978 2882)
 (2819 1445 2889 2890 2883 2771 1979) (2820 2888 337 2884 2772 1980)
 (2885 1446 2889 2892 2773 2821 1981) (2822 2890 2892 723 2774 1982 2886)
 (2887 2823 2891 2893 2894 2775 1447 1983) (2824 130 2776 2880 1984)
 (1985 2881 1448 2825 2896 2777) (1986 2882 2826 2896 724 2778)
 (1987 1449 2827 2883 2897 2898 2779) (2884 2828 2896 338 1988 2780)
 (2885 1450 2829 2897 2900 1989 2781) (1990 2830 2898 2900 725 2782 2886)
 (1991 2887 1451 2831 2899 2901 2902 2783) (2888 1992 2832 2896 221 2784)
 (2785 2833 1993 1452 2897 2889 2904) (2786 2834 1994 2904 2898 726 2890)
 (2787 1995 1453 2835 2899 2905 2906 2891) (2892 1996 339 2836 2788 2900 2904)
 (2789 1997 2893 1454 2901 2905 2837 2908)
 (2790 2894 1998 2902 727 2906 2908 2838)
 (2903 2791 2895 1455 2839 2907 1999 2909 2910) (65 2840 2792 2880 2000)
 (2881 2793 1456 2001 2841 2912) (2882 2794 2002 728 2842 2912)
 (2913 2914 2883 2795 1457 2003 2843) (2888 2796 2004 2844 222 2912)
 (2913 2916 2889 2797 1458 2005 2845) (2914 2916 2890 2798 2006 729 2846)
 (2915 2917 2918 2891 2799 1459 2007 2847) (2896 2800 131 2008 2912 2848)
 (2913 2897 2920 2801 1460 2009 2849) (2914 2850 2920 2802 730 2010 2898)
 (2915 2921 2922 2851 2803 1461 2011 2899) (2916 2920 2852 2804 2904 2012 223)
 (2917 2921 2924 2805 1462 2905 2853 2013)
 (2854 2922 2924 2806 2906 731 2014 2918)
 (2919 2855 2923 2925 2926 2807 2907 1463 2015) (6 2688 2016)
 (2017 2689 2928 1464) (2018 2928 732 2690) (1465 2929 2019 2691 2930)
 (2928 340 2692 2024) (2025 1466 2932 2693 2929) (2026 2932 733 2694 2930)
 (2695 2027 2931 2933 2934 1467) (2928 224 2696 2032)
 (2033 2697 1468 2929 2936) (2034 2936 734 2930 2698)
 (2699 2931 2035 2937 2938 1469) (2936 2932 2036 341 2700)
 (2701 2933 2937 2037 2940 1470) (2702 2934 2938 2940 735 2038)
 (2039 2703 2935 2939 2941 2942 1471) (2928 132 2704 2040)
 (2041 2705 2944 2929 1472) (2706 2042 2944 2930 736)
 (1473 2945 2946 2707 2931 2043) (2932 2044 2708 342 2944)
 (2945 1474 2948 2933 2709 2045) (737 2946 2948 2934 2046 2710)
 (2947 2949 2711 1475 2935 2047 2950) (225 2944 2936 2712 2048)
 (2049 2945 1476 2952 2937 2713) (2050 2946 738 2952 2938 2714)
 (2051 1477 2953 2954 2947 2939 2715) (2052 2716 2952 2948 343 2940)
 (2949 1478 2953 2717 2956 2053 2941) (739 2950 2954 2956 2718 2942 2054)
 (2055 1479 2955 2957 2958 2943 2951 2719) (66 2928 2720 2056)
 (2057 2721 2960 2929 1480) (2058 740 2960 2930 2722)
 (2723 1481 2059 2961 2962 2931) (226 2936 2724 2960 2064)
 (2961 2725 1482 2065 2964 2937) (741 2726 2066 2962 2964 2938)
 (2727 1483 2067 2963 2965 2966 2939) (2944 2068 133 2960 2728)
 (2945 2729 1484 2961 2069 2968) (2946 742 2730 2962 2070 2968)
 (2947 2731 1485 2963 2071 2969 2970) (227 2952 2732 2964 2072 2968)
 (2953 2733 1486 2969 2965 2073 2972) (743 2954 2734 2966 2970 2074 2972)
 (2955 2735 2974 1487 2967 2075 2973 2971) (2928 2076 34 2736)
 (2737 2929 2976 2077 1488) (2738 2976 2078 2930 744)
 (2977 2978 2931 1489 2739 2079) (2932 2084 2976 2740 344)
 (2977 2980 2085 1490 2933 2741) (2978 2980 2086 745 2934 2742)
 (2979 2981 2743 2087 1491 2935 2982) (2944 2092 2976 134 2744)
 (2945 2977 2984 2093 1492 2745) (2946 2984 2978 746 2094 2746)
 (2947 2985 2986 2979 2095 1493 2747) (2948 2984 2096 2980 345 2748)
 (2949 2985 2988 2097 1494 2981 2749) (2982 2986 747 2988 2098 2750 2950)
 (2983 2951 2987 2989 2990 2099 1495 2751) (67 2100 2960 2976 2752)
 (2753 2977 2992 2961 2101 1496) (2978 2754 748 2992 2962 2102)
 (2755 2979 2993 2994 2963 2103 1497) (2756 2984 2992 135 2968 2108)
 (2757 2985 2993 2996 2969 1498 2109) (2758 2986 749 2994 2996 2970 2110)
 (2759 2987 2995 2997 2998 2971 1499 2111) (22 2928 2760 2112)
 (2113 2761 1500 2929 3000) (2114 3000 750 2930 2762)
 (2115 2763 2931 3001 3002 1501) (346 2932 2116 2764 3000)
 (2117 2765 2933 3001 3004 1502) (2118 2766 751 2934 3002 3004)
 (2119 2767 2935 3003 3005 3006 1503) (2936 228 3000 2768 2120)
 (2121 2769 2937 3001 1504 3008) (2122 752 2770 2938 3002 3008)
 (1505 3009 3010 2123 2771 2939 3003) (3004 2124 2772 347 2940 3008)
 (3009 1506 3012 3005 2125 2773 2941) (3010 3012 2126 2942 753 2774 3006)
 (3011 3013 3014 1507 2127 3007 2775 2943) (2944 136 3000 2776 2128)
 (2945 1508 3016 2129 3001 2777) (2946 3016 754 2130 3002 2778)
 (2947 1509 3017 3018 2131 2779 3003) (2948 2780 3016 3004 2132 348)
 (2949 1510 3017 3005 3020 2133 2781) (2950 3018 3020 2782 755 2134 3006)
 (1511 2951 3019 3021 3022 3007 2135 2783) (229 2952 3016 2136 2784 3008)
 (2785 3009 1512 2953 3024 3017 2137) (3010 2786 2954 3024 756 3018 2138)
 (3011 1513 3019 2787 3025 3026 2139 2955) (2956 3020 3024 3012 2788 2140 349)
 (2789 1514 2957 3025 3028 3013 2141 3021)
 (3014 2958 3022 3026 3028 757 2142 2790)
 (2791 3015 1515 2959 3027 3029 3023 2143 3030) (68 2960 3000 2792 2144)
 (2145 2793 1516 2961 3032 3001) (2146 2794 2962 758 3032 3002)
 (2147 2795 1517 2963 3033 3034 3003) (2148 230 2796 2964 3032 3008)
 (3009 2149 2797 1518 2965 3033 3036) (3010 2150 2798 2966 759 3034 3036)
 (3011 2151 2799 1519 2967 3035 3037 3038) (3016 2968 2800 2152 3032 137)
 (2153 1520 2801 3017 3033 2969 3040) (2154 760 2802 3034 3018 2970 3040)
 (3041 3042 2155 2971 1521 2803 3035 3019) (3036 231 2156 3024 2804 2972 3040)
 (3041 3044 3037 2157 3025 1522 2805 2973)
 (3042 3044 2158 2974 3026 2806 761 3038)
 (3043 3045 3046 1523 2159 3027 3039 2807 2975) (2928 2808 13 2160)
 (2161 2809 1524 2929 3048) (2162 2810 3048 2930 762)
 (3049 3050 2931 2163 1525 2811) (2932 2812 350 3048 2168)
 (3049 3052 2933 1526 2169 2813) (3050 3052 2934 2170 763 2814)
 (1527 3051 3053 3054 2935 2171 2815) (2936 232 3048 2816 2176)
 (2177 2817 3049 3056 1528 2937) (2178 2818 3050 3056 2938 764)
 (2179 3051 2819 3057 3058 1529 2939) (2820 3052 3056 2180 2940 351)
 (2181 3053 3057 3060 2821 1530 2941) (2182 3054 3058 3060 765 2942 2822)
 (2183 2823 3055 3059 3061 3062 1531 2943) (138 2944 2824 3048 2184)
 (2945 2185 2825 3049 3064 1532) (2946 2186 3064 2826 3050 766)
 (2947 3051 2827 3065 3066 1533 2187) (2188 2828 3052 2948 3064 352)
 (2949 3053 2829 2189 3065 3068 1534) (2830 2950 3054 2190 3066 3068 767)
 (2951 2191 3055 2831 3067 3069 3070 1535) (2952 233 2192 2832 3064 3056)
 (2833 3057 2953 2193 3065 3072 1536) (3058 2954 2194 3066 3072 2834 768)
 (1537 3073 3074 2955 2195 3059 2835 3067) (353 2196 3072 2956 2836 3068 3060)
 (3073 1538 3076 2957 2197 2837 3061 3069)
 (769 3074 3076 2958 2838 3062 3070 2198)
 (1539 3077 2839 3075 2959 3063 2199 3071 3078) (2840 69 2960 3048 2200)
 (1540 3080 3049 2961 2841 2201) (770 3080 3050 2962 2842 2202)
 (1541 3081 3082 3051 2963 2203 2843) (3080 234 3056 2964 2844 2208)
 (2209 1542 3081 3084 3057 2965 2845) (2210 771 3082 3084 3058 2966 2846)
 (2211 1543 3083 3085 3086 3059 2967 2847) (2212 3080 3064 2968 139 2848)
 (2849 2213 1544 3081 3088 3065 2969) (2850 772 2214 3082 3088 2970 3066)
 (2851 2215 1545 3083 3089 3090 3067 2971) (2852 2216 235 3084 3088 2972 3072)
 (3073 2853 2217 1546 3085 3089 3092 2973)
 (3074 773 2854 2218 3086 3090 3092 2974)
 (3075 2855 2219 3087 3091 3093 3094 1547 2975) (2220 2976 3048 35 2856)
 (2977 2857 1548 2221 3049 3096) (2978 774 2858 3096 2222 3050)
 (2979 3051 1549 2223 3097 3098 2859) (354 2980 2860 3052 2228 3096)
 (2981 3053 2861 1550 2229 3097 3100) (2982 775 3054 2862 2230 3098 3100)
 (2983 3055 2863 2231 1551 3099 3101 3102) (140 2984 3064 2864 3096 2236)
 (2985 1552 2865 3097 3065 2237 3104) (776 2986 2866 3098 3066 2238 3104)
 (3105 3106 2987 1553 2867 3067 3099 2239) (355 3068 3104 2988 2868 3100 2240)
 (2241 3105 3108 3101 2989 1554 2869 3069)
 (2242 3108 3106 777 2990 3102 2870 3070)
 (2243 3109 3110 3107 2991 1555 3103 2871 3071) (2244 3080 2872 2992 3096 70)
 (2245 3112 3081 2993 3097 1556 2873) (2246 3112 778 2874 2994 3082 3098)
 (2247 3113 3114 3083 2995 1557 2875 3099) (3112 2252 3088 2996 2876 141 3104)
 (3105 3113 3116 2253 3089 2997 1558 2877)
 (3106 3114 779 3116 2254 3090 2998 2878)
 (3107 2999 3115 3117 3118 2255 3091 1559 2879) (23 2880 3000 3048 2256)
 (2881 3049 3120 2257 1560 3001) (2882 3050 780 3120 2258 3002)
 (2883 3051 3121 3122 2259 1561 3003) (2260 356 3052 3120 2884 3004)
 (2885 3053 3121 3124 2261 1562 3005) (2886 781 3054 3122 3124 2262 3006)
 (2887 3055 3123 3125 3126 2263 1563 3007) (2888 236 3120 2264 3056 3008)
 (3009 3121 2889 3057 3128 2265 1564) (3010 3058 2890 782 3122 3128 2266)
 (3011 2891 3123 3059 3129 3130 2267 1565) (3012 357 2892 3124 3128 2268 3060)
 (3013 2893 3061 3129 3125 3132 2269 1566)
 (3014 2894 783 3126 3130 3132 2270 3062)
 (3127 3015 2895 2271 3063 3131 3133 3134 1567) (3016 3120 3064 2896 142 2272)
 (2273 3121 3017 2897 3065 3136 1568) (2274 2898 3018 784 3122 3066 3136)
 (1569 3137 2275 3138 3019 3123 2899 3067) (2276 358 3020 3124 2900 3068 3136)
 (3137 1570 3140 2277 3021 2901 3125 3069)
 (3138 3140 2278 3022 785 3126 3070 2902)
 (1571 3141 2903 2279 3139 3023 3127 3071 3142)
 (2280 2904 237 3024 3128 3136 3072) (3073 3137 1572 3144 2281 3025 3129 2905)
 (3074 3138 786 2282 3144 3026 2906 3130)
 (3075 1573 3145 3146 2283 3139 3027 3131 2907)
 (3140 3076 359 3144 2284 3132 3028 2908)
 (3077 1574 3145 3133 3148 2285 3029 3141 2909)
 (3078 3146 3148 2286 2910 787 3030 3134 3142)
 (1575 3079 3147 3149 3150 2287 2911 3031 3143 3135)
 (3080 3120 3032 2288 71 2912) (2913 3121 1576 3081 3152 2289 3033)
 (2914 3122 3082 3152 2290 788 3034) (2915 1577 3083 2291 3153 3154 3123 3035)
 (2916 3084 238 3152 2292 3128 3036) (2917 1578 3085 3153 3156 2293 3129 3037)
 (2918 3086 3154 3156 789 2294 3130 3038)
 (2919 1579 3087 3155 3157 3158 2295 3131 3039)
 (2920 3152 3088 2296 3136 143 3040) (3137 3041 2921 1580 3153 3089 3160 2297)
 (3042 3154 3138 2922 3090 790 3160 2298)
 (3139 3155 2923 1581 3043 3091 3161 3162 2299)
 (3156 3044 3144 2924 239 3092 3160 2300)
 (3045 3145 2925 1582 3093 3161 3157 3164 2301)
 (3046 3146 2926 3094 791 3162 3164 2302 3158)
 (3159 3047 3147 2927 1583 3095 3163 3165 3166 2303) (3 2688 2304)
 (2305 2689 3168 1584) (2690 2306 3168 792) (1585 3169 2307 2691 3170)
 (3168 360 2692 2312) (2313 1586 3172 2693 3169) (793 2314 3172 2694 3170)
 (3171 3173 3174 2695 2315 1587) (3168 240 2696 2320)
 (2321 2697 1588 3169 3176) (2698 2322 3176 3170 794)
 (3171 3177 3178 2699 2323 1589) (361 3172 2324 2700 3176)
 (3173 3177 3180 2701 2325 1590) (3174 3178 3180 2702 2326 795)
 (2327 3175 3179 3181 3182 2703 1591) (3168 144 2704 2328)
 (2329 2705 3184 3169 1592) (3184 2330 796 3170 2706)
 (3171 3185 3186 2707 1593 2331) (3172 362 2332 2708 3184)
 (3173 3185 3188 2709 1594 2333) (3174 3186 3188 2710 797 2334)
 (3175 3187 3189 3190 2711 1595 2335) (241 3176 2712 3184 2336)
 (2337 3177 3185 3192 2713 1596) (2338 3178 3186 3192 2714 798)
 (2339 3179 3187 3193 3194 2715 1597) (2340 363 3180 3188 3192 2716)
 (2341 3181 3189 3193 3196 2717 1598) (2342 3182 3190 3194 3196 2718 799)
 (2343 3183 1599 3191 3195 3197 3198 2719) (3168 72 2720 2344)
 (2345 2721 3200 3169 1600) (2722 2346 3200 3170 800)
 (1601 3201 3171 3202 2347 2723) (3176 242 2724 3200 2352)
 (3201 1602 3204 2725 3177 2353) (801 3202 3204 2726 3178 2354)
 (3203 3205 3206 2727 3179 1603 2355) (145 3184 2356 3200 2728)
 (3201 1604 3208 2729 3185 2357) (3202 802 2730 3208 3186 2358)
 (3203 1605 3209 3210 2731 3187 2359) (3204 3208 2360 2732 243 3192)
 (3205 1606 3209 3212 2733 3193 2361) (803 3206 3210 3212 2734 3194 2362)
 (1607 3207 3211 3213 3214 2735 2363 3195) (3168 2364 2736 36)
 (2737 3169 3216 2365 1608) (2738 804 3216 2366 3170)
 (3171 1609 3217 3218 2739 2367) (3172 364 2372 2740 3216)
 (2373 1610 3217 3220 2741 3173) (805 3174 3218 3220 2742 2374)
 (2375 3175 1611 3219 3221 3222 2743) (3184 146 2380 3216 2744)
 (3217 1612 2381 3185 3224 2745) (806 3186 2382 3218 3224 2746)
 (1613 3187 2383 3219 3225 3226 2747) (3220 365 2384 3188 3224 2748)
 (1614 2385 3189 3225 3221 3228 2749) (807 2386 3222 3226 3228 2750 3190)
 (3191 1615 2387 3223 3227 3229 3230 2751) (73 3200 2388 3216 2752)
 (2753 3201 1616 3217 2389 3232) (3202 2754 808 3218 2390 3232)
 (3233 3234 2755 3203 1617 3219 2391) (147 2756 3208 3224 2396 3232)
 (3233 3236 2757 3209 1618 3225 2397) (3234 3236 2758 809 3210 3226 2398)
 (3235 3237 3238 2759 3211 1619 3227 2399) (3168 2808 14 2400)
 (2401 2809 1620 3169 3240) (2402 2810 3170 3240 810)
 (2403 3241 3242 3171 1621 2811) (3172 3240 2812 366 2408)
 (3173 2409 3244 3241 1622 2813) (3174 2410 811 3244 3242 2814)
 (3175 2411 3245 3246 1623 3243 2815) (3176 244 3240 2816 2416)
 (2817 3241 3248 2417 3177 1624) (2818 3178 812 3248 2418 3242)
 (2819 3179 3249 3250 2419 1625 3243) (2820 3180 367 3248 2420 3244)
 (2821 3181 3245 3249 3252 2421 1626) (2822 813 3246 3182 3250 3252 2422)
 (2823 3183 3251 3253 3247 2423 1627 3254) (2824 3184 148 3240 2424)
 (2825 3185 3241 3256 2425 1628) (3242 2826 814 3186 3256 2426)
 (2827 3187 3257 3258 2427 1629 3243) (3244 2828 368 3188 3256 2428)
 (3245 2829 3189 3257 3260 2429 1630) (3246 815 2830 3190 3258 3260 2430)
 (2831 3247 2431 3191 3259 3261 3262 1631) (3256 2832 245 3192 3248 2432)
 (2433 3249 2833 3193 3257 3264 1632) (2434 3250 816 2834 3194 3258 3264)
 (1633 3265 2435 3266 3251 2835 3195 3259) (2436 3252 369 3196 2836 3260 3264)
 (3265 1634 3268 2437 3197 3253 2837 3261)
 (3266 3268 2438 3262 817 3254 3198 2838)
 (1635 3269 3255 2439 3267 3263 2839 3199 3270) (3200 74 2840 3240 2440)
 (3201 1636 3272 2441 3241 2841) (3202 3272 2442 818 3242 2842)
 (3203 1637 3273 3274 2443 2843 3243) (3204 3272 3248 246 2844 2448)
 (3249 3205 1638 3273 3276 2449 2845) (3206 3250 3274 3276 2450 819 2846)
 (1639 3207 3275 3277 3251 3278 2451 2847) (149 3208 3272 2452 3256 2848)
 (2849 1640 3209 3280 3273 2453 3257) (2850 3274 3280 820 2454 3210 3258)
 (2851 1641 3275 3281 3282 2455 3259 3211) (2852 3276 3280 3212 247 2456 3264)
 (3265 2853 1642 3213 3281 3284 3277 2457)
 (3266 2854 3278 3214 3282 3284 821 2458)
 (3267 2855 1643 3215 3283 3285 3279 2459 3286) (37 2460 3216 3240 2856)
 (2857 1644 3217 3241 3288 2461) (2858 3218 822 3288 3242 2462)
 (2859 1645 3219 3289 3290 3243 2463) (2468 2860 370 3220 3244 3288)
 (2469 3245 2861 1646 3221 3289 3292) (2470 3246 2862 3222 823 3290 3292)
 (2471 2863 3247 1647 3223 3291 3293 3294) (150 2476 2864 3256 3224 3288)
 (2477 1648 2865 3257 3225 3289 3296) (3258 824 2478 2866 3290 3226 3296)
 (3297 3298 2479 1649 2867 3259 3291 3227) (3260 2480 371 2868 3292 3228 3296)
 (3297 3300 3293 3261 2481 1650 2869 3229)
 (3298 3300 3262 3230 2482 2870 825 3294)
 (3299 3301 3302 1651 3263 2483 3231 2871 3295) (75 3272 2872 2484 3288 3232)
 (3233 3304 3273 3289 1652 2485 2873) (3234 3304 3274 2874 2486 3290 826)
 (3235 3305 3306 3275 1653 2487 2875 3291) (2492 151 3304 3280 3236 2876 3296)
 (3297 3237 3305 2493 3308 3281 1654 2877)
 (3298 3238 3306 3308 2878 3282 827 2494)
 (3299 3239 3307 3309 3310 3283 2495 1655 2879) (7 2928 3168 2496)
 (2497 2929 3312 3169 1656) (2498 828 3170 3312 2930)
 (2499 3171 3313 3314 2931 1657) (3172 2932 372 3312 2504)
 (3173 2505 3313 3316 2933 1658) (3174 2506 3314 3316 2934 829)
 (3175 2507 3315 3317 3318 2935 1659) (3176 2936 248 3312 2512)
 (3313 3177 2513 3320 2937 1660) (3314 3178 2514 3320 2938 830)
 (3179 2515 3315 3321 3322 2939 1661) (3316 3180 2516 373 3320 2940)
 (3181 3317 3321 2517 3324 2941 1662) (3182 3318 3322 3324 2942 831 2518)
 (2519 3183 1663 3319 3323 3325 3326 2943) (3184 2944 152 3312 2520)
 (2945 3185 3313 2521 1664 3328) (2946 3186 3314 2522 832 3328)
 (1665 3329 2947 3330 3187 3315 2523) (2948 3316 3188 374 2524 3328)
 (3329 1666 3332 2949 3317 3189 2525) (833 3330 3332 2950 3318 2526 3190)
 (1667 3333 3191 2951 3331 3319 2527 3334) (2952 3320 3192 249 2528 3328)
 (2529 3329 1668 3336 2953 3193 3321) (3336 2530 3330 2954 834 3194 3322)
 (2531 1669 3337 3338 2955 3331 3323 3195) (2532 3336 2956 3332 375 3324 3196)
 (3333 1670 3337 3197 3340 2957 2533 3325)
 (835 3334 3338 3340 2958 3198 3326 2534)
 (1671 3335 3339 3341 3342 2959 2535 3327 3199) (3200 76 2960 3312 2536)
 (3201 3313 1672 2537 3344 2961) (3202 836 2962 2538 3344 3314)
 (3203 1673 2539 2963 3345 3346 3315) (3204 3344 2964 3320 250 2544)
 (3345 3205 1674 2545 3348 2965 3321) (837 3206 2546 3346 3348 2966 3322)
 (3207 1675 3347 2547 3349 3350 2967 3323) (3208 153 3344 2548 2968 3328)
 (3329 3209 1676 3345 2549 3352 2969) (3330 838 3210 3346 2550 3352 2970)
 (3331 3211 1677 3347 2551 3353 3354 2971) (3352 3336 3212 3348 2552 251 2972)
 (3337 3213 1678 3353 3349 2553 3356 2973)
 (839 3338 3214 3350 3354 2554 3356 2974)
 (3339 3215 3358 1679 3351 2555 3357 3355 2975) (38 2556 3216 3312 2976)
 (2977 3313 1680 3217 2557 3360) (2978 3314 840 3218 2558 3360)
 (3361 3362 2979 3219 1681 3315 2559) (2564 3220 3316 376 2980 3360)
 (3361 3364 2981 3317 1682 3221 2565) (3362 3364 2566 841 3318 2982 3222)
 (3363 3365 3223 2983 1683 3319 2567 3366) (2984 154 2572 3224 3328 3360)
 (3329 3361 3368 2985 2573 1684 3225) (3362 3330 842 3368 2574 2986 3226)
 (3363 3369 3370 2987 3331 2575 1685 3227) (3364 3368 2988 2576 3332 377 3228)
 (3333 3369 3372 2989 2577 1686 3365 3229)
 (3366 3370 843 3372 2990 2578 3230 3334)
 (3335 3367 3371 3373 3374 2991 2579 1687 3231) (77 2992 3344 2580 3360 3232)
 (3233 3361 3345 3376 2993 2581 1688) (3362 3346 3234 844 3376 2994 2582)
 (3363 3347 3235 3377 3378 2995 2583 1689) (3236 3368 155 3376 2996 3352 2588)
 (3237 3369 3377 3380 2997 3353 1690 2589)
 (3238 3370 845 3378 3380 2998 3354 2590)
 (3239 3371 3379 3381 3382 2999 1691 3355 2591) (3048 3312 3240 15 2592)
 (2593 3049 3313 3241 3384 1692) (2594 3242 846 3314 3050 3384)
 (2595 3051 3315 3385 3386 1693 3243) (3244 2600 3052 3316 3384 378)
 (2601 3053 3245 3317 3385 3388 1694) (2602 3054 847 3246 3318 3386 3388)
 (2603 3055 3247 3319 3387 3389 3390 1695) (2608 3056 3320 3248 3384 252)
 (3057 3249 2609 3321 3385 3392 1696) (3058 3250 848 2610 3386 3322 3392)
 (1697 3393 3251 3059 3394 2611 3323 3387) (3324 3252 3392 2612 379 3388 3060)
 (3393 1698 3396 3389 3253 2613 3325 3061)
 (3394 3396 3326 849 3254 3062 3390 2614)
 (1699 3397 2615 3398 3395 3391 3063 3327 3255) (156 2616 3064 3384 3256 3328)
 (3329 1700 3400 3065 2617 3257 3385) (3330 3258 3400 850 3066 2618 3386)
 (3331 1701 3401 3402 3067 3259 2619 3387) (3332 3400 2620 3068 3260 3388 380)
 (3333 1702 2621 3401 3261 3404 3389 3069)
 (3404 3334 3402 3070 3390 851 2622 3262)
 (2623 1703 3335 3403 3405 3406 3263 3391 3071)
 (2624 3336 3400 3264 3072 253 3392) (2625 3073 1704 3337 3265 3408 3393 3401)
 (2626 3074 3266 3338 3394 3408 852 3402)
 (3395 1705 3339 3267 2627 3075 3409 3410 3403)
 (3076 3268 3340 3408 3396 2628 381 3404)
 (3269 3397 1706 3341 3409 3412 3405 2629 3077)
 (3270 3398 3342 3406 3410 3412 853 3078 2630)
 (3399 3271 1707 3343 3411 2631 3407 3413 3079 3414)
 (78 3080 3272 3344 2632 3384) (2633 1708 3345 3081 3416 3385 3273)
 (2634 3416 3346 3082 854 3274 3386) (3275 1709 3347 3083 3417 3418 3387 2635)
 (3276 3084 2640 3348 3416 254 3392) (3393 3085 3277 1710 2641 3349 3417 3420)
 (3394 3086 3278 2642 3350 855 3418 3420)
 (3395 3279 3422 2643 3087 3351 3419 3421 1711)
 (3400 3416 157 3280 2644 3352 3088) (3281 3401 1712 3089 3417 2645 3353 3424)
 (3282 3402 3090 2646 856 3354 3418 3424)
 (3425 3426 3403 3283 1713 3091 2647 3355 3419)
 (3092 3420 3408 3284 2648 3356 255 3424)
 (3425 3428 3421 3409 1714 3093 2649 3285 3357)
 (3426 3428 3422 3410 3094 857 2650 3358 3286)
 (3427 3429 3095 1715 3411 3423 3287 2651 3359 3430)
 (3288 39 3384 3096 2652 3360) (3361 3432 3289 1716 3097 2653 3385)
 (3362 3432 3098 858 3386 3290 2654) (3363 3433 3434 1717 3291 3387 3099 2655)
 (3364 3432 2660 3292 3388 3100 382) (2661 3433 3101 3436 1718 3389 3365 3293)
 (3366 3434 3436 3102 3294 859 3390 2662)
 (2663 3367 3103 3437 3438 3391 1719 3435 3295)
 (2668 3368 3400 158 3432 3104 3296) (3105 3297 3401 3433 2669 3440 3369 1720)
 (3106 3298 3370 2670 3440 3402 860 3434)
 (3107 3371 3299 2671 3441 3442 3435 1721 3403)
 (3404 3300 3372 2672 3440 3108 3436 383)
 (3437 3109 3301 3373 3405 2673 3441 3444 1722)
 (3110 3442 3374 3406 2674 3444 3438 861 3302)
 (3443 3111 3303 3439 3375 2675 3445 3407 1723 3446)
 (3432 79 3304 3112 3376 2676 3416) (3433 3113 3377 3305 2677 3448 3417 1724)
 (3114 3448 3378 2678 3306 3418 862 3434)
 (3115 3379 3435 2679 3449 3450 3419 1725 3307)
 (3308 3116 159 3440 3380 3448 2684 3424)
 (3425 3309 3117 3441 3381 3449 3452 2685 1726)
 (3426 3310 3118 3442 3382 3450 3452 2686 863)
 (3427 2687 3311 3443 3119 3383 3451 3453 3454 1727))