(NIL (1) (2) (2) (3 4) (5) (3 4) (6 7) (8) (6 7) (9) (11 10) (12) (13) (14)
 (14) (16) (17 15) (18) (19) (19) (21) (20 21) (23) (23) (25 22 24) (26) (25)
 (27 28) (27 28) (29 30) (31) (32) (33) (34) (35) (36) (35) (37 38) (39) (40)
 (41) (42) (43) (44) (45) (46) (47) (48) (49) (50) (51) (52) (53) (54) (54)
 (55 56) (56) (57 58) (55 56) (57 60) (59 61) (62) (63) (64) (64) (65 66) (63)
 (65 66 68) (69) (70) (71) (67 71) (73 72) (74) (75) (76) (77) (78) (79) (80)
 (80) (82) (81 83) (81 83) (84 85) (86) (87) (86) (89 88) (90) (91) (92) (93)
 (94) (95) (96) (97) (97) (98 99) (100) (101) (102) (103) (104) (105) (106)
 (105) (107 108) (109) (110) (111) (112) (113) (114) (115) (114) (115 117)
 (116 118) (119) (120) (120) (121 122) (123) (123) (125) (124 126) (127) (128)
 (127) (129 130) (129 130) (131 132) (133) (134) (135) (134) (137 135)
 (138 136) (138 136) (139 140) (139 140) (141 142) (143) (143) (145) (145)
 (143) (146 147 148) (149) (150 144) (150 144) (152) (153) (154) (155)
 (154 151) (156 157) (157) (159) (156 160) (158 160) (162) (162) (163 164)
 (161 165) (166) (167) (168) (169) (170) (171) (172) (173) (174) (175) (176)
 (176) (177 178) (179) (180) (181) (181) (183) (182 184) (185) (186) (185)
 (186 188) (188) (187 189 190) (187 189 190) (191 192) (191 192) (194) (195)
 (195) (196 197) (197) (193 199) (198 200) (201) (202) (203) (204) (204)
 (205 206) (207) (208) (209) (210) (211) (210) (212 213) (214) (212 213)
 (215 216) (217) (217) (218 219) (220) (221) (222) (223) (223) (225) (225 224)
 (226 227) (228) (228) (230) (229 231) (229 231) (233 232) (234) (235) (236)
 (237) (238) (239) (240) (241) (242) (243) (244) (245) (246) (246) (247 248)
 (246))