(NIL (1) (2) (1) (3 4) (2 4) (3 6) (5 7) (8) (8) (10) (10) (11 12) (9 13)
 (11 12) (9 15) (14 15) (17 16) (18) (19) (20) (21) (18) (22 23) (24) (25) (26)
 (27) (28) (29) (30) (31) (32) (33) (34) (33) (35 36) (34 36) (35 38) (39) (40)
 (37 40) (41 42) (43) (43) (45) (44 46) (42) (47 48) (49) (50) (51) (51)
 (52 53) (54) (55) (54) (57 55) (57 56) (59) (59) (58 60 61) (61) (62 63) (64)
 (65) (66) (67) (68) (69) (70) (71) (72) (73) (74) (72) (75 76) (75 76) (78)
 (79) (77 80) (79) (81 82) (83) (84) (83) (85 86) (84 86) (87 88) (87 88)
 (89 90) (91) (92) (93) (94) (95) (96) (97) (98) (99) (100) (99) (101 102)
 (103) (104) (105) (106) (107) (108) (109) (109) (110 111) (112) (113) (112)
 (114 115) (116) (116) (117 118) (117 118) (120) (121 119) (121) (122 123)
 (122 123) (125) (126) (127) (124 128) (124 128) (130) (124 127) (129 131 132)
 (129 130 132) (133 134) (135) (136) (137) (138) (139) (138) (140 141) (142)
 (143) (144) (145) (146) (147) (148) (149) (150) (151) (152) (153) (153) (155)
 (156) (157) (154 158) (159) (160) (161) (162) (161) (163 164) (165) (166)
 (167) (168) (168) (169 170) (169 170) (172) (171 173) (174) (175) (176) (177)
 (178) (179) (179) (180 181) (182) (183) (184) (183) (181) (185 187) (186 188)
 (189) (190) (191) (192) (193) (194) (195) (195) (194) (197 198) (196 197 198)
 (199 200) (201) (202) (203) (204) (205) (206) (207) (208) (209) (210) (209)
 (212) (213) (211 214) (215) (216) (211 214) (217 218) (217 218) (219 220)
 (221) (222) (223) (223) (225 224) (226) (227) (228) (229) (230) (231) (232)
 (229) (234 232) (235) (233 236) (237) (235) (237 239) (238 240) (241) (241)
 (242 243) (244) (245) (246) (246) (247 248) (249))