(NIL (1) (1) (1) (4) (2) (6 3 5) (7) (3 5) (9 8) (10) (11) (12) (12) (14)
 (13 15) (16) (17) (18) (19) (20) (20) (22) (21 22) (23 24) (25) (26) (27) (28)
 (29) (29) (31) (30 32) (30 31) (33 34) (35) (36) (37) (38) (39) (40) (41) (42)
 (40) (42 44) (43 44) (43 45) (47) (48) (46 49) (50) (50) (51 52) (53) (53)
 (55) (54 56) (57) (54 55) (58 59) (60) (61) (62) (63) (63) (65 64) (65 64)
 (67) (68) (66 69) (70) (71) (72) (73) (71) (74 75) (76) (77) (73 75) (76 79)
 (78 80) (78 79) (82 80) (81 83) (84) (85) (85) (87) (86 88) (89) (90) (91)
 (92) (93) (94) (95) (96) (93) (98 96) (97 99) (99) (100 101) (102) (97 101)
 (102 104) (105 103) (106) (107) (108) (108) (107) (109 110 111) (112) (112)
 (114) (115) (116) (113 117) (117) (118 119) (113 119) (121 120) (122) (123)
 (124) (124) (125 126) (125 126) (126) (129 127 128) (130) (130) (132) (132)
 (131 133 134) (135) (135) (137 136) (138) (135) (139 140) (141) (142) (142)
 (143 144) (145) (146) (146) (148) (148) (147 150) (151) (152) (153 149) (154)
 (154) (156) (156) (158) (155 157 159) (159) (161 160) (162) (163) (164) (162)
 (166) (165 167) (165 167) (169 168) (170) (170) (171 172) (173) (173)
 (174 175) (176) (177) (176) (179) (178 180) (181) (182) (182) (184) (182)
 (186 183 184) (187) (185 188) (189) (189) (191) (190 192) (193) (194) (195)
 (196) (195) (197 198) (197 198) (199 200) (199 200) (201 202) (203) (204)
 (205) (205) (207) (206 208) (209) (210) (211) (211) (212 213) (214) (215)
 (216) (217) (218) (217) (218 220) (219 221) (222) (223) (224) (224) (226)
 (227) (225 227) (228 229) (230) (231) (232) (233) (233) (233) (234 236)
 (235 237) (235 237) (238 239) (240) (241) (240) (242 243) (244) (244) (246)
 (247) (245 248) (249))