(NIL (1) (2) (3) (4) (5) (6) (7) (6) (9 7) (10 8) (11) (11) (9 8) (13)
 (12 15 14) (16) (17) (15 14) (17 19) (18 20) (21) (22) (23) (22) (25 24) (26)
 (27) (27) (29) (28 30) (28 30) (31 32) (33) (34) (35) (34) (35 37) (36 38)
 (38) (36 40) (41) (41) (42 43 39) (44) (44) (45 46) (47) (48) (48) (50) (51)
 (49 52) (53) (54) (54) (56) (57) (58) (59) (59) (58 55) (59 62) (59 62)
 (61 63 64) (65) (66) (67 60) (68) (69) (69) (71) (72) (73 70) (70 71) (74 75)
 (76) (77) (77) (78 79) (79) (81 80) (82) (83) (84) (85) (86) (85) (87 88) (89)
 (89) (90 91) (92) (93) (93) (94 95) (96) (97) (97) (98 99) (100) (99)
 (100 102) (101 103) (101 102) (105 104) (105 104) (106 107) (105 104)
 (107 109) (106 110) (111) (108 112) (113) (114) (115) (116) (116) (117 118)
 (117 118) (119 120) (121) (122) (122) (123 124) (122) (125 126) (123 124 126)
 (124 126) (129 127) (129 127) (130 131 128) (130 131 128) (130 131) (132 134)
 (133 134) (135 136) (137) (138) (139) (140) (139) (141 142) (143) (144) (144)
 (146) (145 146) (148) (149) (147 149) (150 151) (152) (153) (152) (154 155)
 (156) (157) (157) (158 159) (160) (160) (161 162) (161 162) (163 164) (165)
 (164) (166 167) (165 167) (169 168) (166 167) (170 171) (169 171) (173)
 (170 174) (172 175) (176) (177) (176) (178 179) (180) (180) (181 182) (183)
 (184) (185) (186) (187) (187) (189) (188 190) (188 190) (191 192) (193) (194)
 (195) (196) (196) (197 198) (199) (199) (201 200) (202) (203) (204) (205)
 (204) (204) (206 207 208) (209) (210) (211) (209) (212 213) (214) (215) (216)
 (215) (217 218) (219) (217 218) (220 221) (222) (223) (223) (225) (225 224)
 (227) (227) (226 228 229) (226 229) (231) (226 229) (233 230 232) (234) (234)
 (235 236) (237) (238) (239) (239) (241) (242) (243) (244) (241 240) (245 246)
 (247) (248) (249))