(NIL (1) (2) (3) (3) (4 5) (6) (7) (8) (8) (9 10) (11) (12) (13) (14) (15) (16)
 (17) (18) (19) (19) (20 21) (22) (23) (24) (25) (26) (27) (27) (29) (30)
 (28 31) (32) (32) (33 34) (35) (36) (37) (38) (39) (38) (41 40) (42) (43) (43)
 (44 45) (46) (46) (48) (49) (50 47) (51) (52) (53) (54) (55) (55) (57 56)
 (57 56) (58 59) (60) (61) (61) (62 63) (62 63) (65) (65) (66 67 64) (68) (69)
 (69) (71) (72) (73 70) (73) (74 75) (76) (77) (76) (78 79) (80) (81) (82) (82)
 (83 84) (85) (86) (85) (87 88) (87 88) (89 90) (91) (92) (93) (94) (95) (96)
 (95) (97 98) (98) (97 98) (99 100 101) (102) (103) (104) (105) (106) (107)
 (106) (109) (108 110) (111) (112) (113) (114) (115) (116) (117) (117)
 (118 119) (120) (121) (122) (123) (123) (124 125) (126) (127) (128) (129)
 (130) (131) (132) (133) (133) (135) (136) (137) (138 134) (138) (139 140)
 (141) (142) (142) (141) (145 143 144) (146) (147) (148) (147) (147) (148 151)
 (149 150 151) (153 152) (154) (155) (156) (157) (158) (159) (160) (161) (162)
 (162) (164) (163 165) (166) (167) (168) (169) (169) (170 171) (172) (173)
 (174) (175) (176) (177) (178) (179) (178) (179 181) (180 182) (183) (184)
 (185) (186) (187) (188) (189) (190) (190) (191 192) (193) (194) (195) (196)
 (196) (197 198) (199))