(NIL (1) (2) (3) (4) (5) (6) (7) (4) (9 8) (10) (11) (12) (12) (13 14) (15)
 (16) (17) (18) (19) (20) (21) (22) (23) (24) (25) (26) (27) (28) (29) (30)
 (31) (32) (33) (34) (34) (36) (35 37) (38) (39) (40) (39) (41 42) (43) (43)
 (45) (44 46) (44 46) (47 48) (49) (50) (51) (52) (51) (53 54) (55) (56) (57)
 (58) (58) (59 60) (61) (62) (62) (63 64) (65) (66) (67) (68) (69) (70) (71)
 (69) (73 72) (74) (75) (76) (76) (77 78) (79) (80) (81) (82) (83) (84) (85)
 (86) (86) (88) (86) (89 90 87) (91) (92) (93) (94) (95) (95) (97 96) (97 96)
 (99) (98 100) (101) (101) (102 103) (104) (105) (106) (107) (108) (108) (108)
 (111) (109 110 112) (113) (114) (114) (115 116) (117) (118) (119) (120) (121)
 (122) (123) (124) (125) (126) (127) (128) (128) (129 130) (129 130) (131 132)
 (133) (134) (135) (136) (136) (137 138) (139) (140) (141) (142) (143) (144)
 (144) (146) (145 147) (148) (149) (150) (150) (149) (153 151 152) (154) (155)
 (156) (157) (158) (155) (159 160) (158 160) (162 159) (161 163) (163)
 (164 165) (166) (166) (167 168) (169) (169) (171) (170 172) (173) (174) (174)
 (175 176) (177) (178) (178) (180) (180) (181 182) (179 183) (184) (185) (185)
 (187) (188) (189) (189) (186 191) (190 192) (190 192) (194) (195) (193 196)
 (197) (197) (198 199))