(NIL (1) (2) (2) (3 4) (5) (6) (7) (8) (9) (10) (11) (10) (11 13) (12 14) (15)
 (15) (17 16) (18) (17 16) (19 20) (18 20) (19 22) (21 23) (24) (25) (26) (27)
 (24) (28 29) (30) (31) (32) (32) (33 34) (35) (36) (37) (38) (39) (38) (41 40)
 (42) (43) (43) (45) (44 46) (47) (48) (48) (47) (49 51) (50 52) (53) (54) (55)
 (56) (57) (58) (59) (60) (60) (61 62) (61 62) (63 64) (65) (66) (67) (68) (69)
 (70) (71) (72) (73) (74) (74) (75 76) (77) (78) (78) (80) (81 79) (82) (82)
 (84) (83 85) (86) (86) (87 88) (89) (90) (91) (92) (93) (93) (94 95) (96) (97)
 (97) (99) (98 100) (101) (102) (103) (104) (105) (106) (107) (108) (109) (110)
 (108) (109 112) (113 111) (114) (115) (115) (116 117) (118) (119) (120) (121)
 (122) (123) (124) (125) (124) (125 127) (128) (129 126) (130) (131) (132)
 (132) (133 134) (135) (136) (135) (136) (139) (140 138) (137 141) (142) (143)
 (143) (145) (146) (147) (148 144) (149) (150) (151) (152) (153) (154) (155)
 (155) (156 157) (158) (159) (160) (161) (162) (163) (164) (165) (165)
 (166 167) (168) (169) (170) (171) (172) (171) (173 174) (175) (176) (177)
 (178) (179) (180) (181) (182) (183) (184) (185) (186) (187) (188) (189) (190)
 (191) (192) (192) (193 194) (195) (196) (193 194) (197 198) (199))