(NIL (1) (2) (1) (3 4) (3 4) (5 6) (7) (7) (9) (10 8) (11) (12) (13) (14) (14)
 (16) (17 15) (18) (19) (20) (21) (22) (23) (24) (25) (26) (27) (28) (25) (29)
 (31 30) (32) (33) (34) (35) (35) (36 37) (38) (39) (39) (41 40) (42) (43) (44)
 (45) (46) (47) (48) (49) (50) (51) (52) (53) (54) (52) (55 56) (57) (57)
 (58 59) (59) (60 61) (58 61) (62 63) (64) (65) (66) (62 63) (67 68) (67 68)
 (70) (71) (69 72) (73) (73) (74 75) (76) (77) (78) (79) (80) (81) (81) (82 83)
 (82 83) (84 85) (86) (87) (88) (89) (89) (90 91) (92) (93) (94) (95) (96) (97)
 (98) (99) (100) (101) (102) (103) (104) (105) (104) (106 107) (108) (106 107)
 (109 110) (111) (111) (113 112) (114) (115) (116) (117) (118) (119) (120)
 (121) (122) (123) (123) (125) (124 126) (127) (128) (129) (130) (131) (132)
 (133) (134) (135) (136) (137) (137) (138 139) (140) (140) (141 142) (143)
 (144) (145) (146) (147) (148) (149) (149) (150 151) (150 151) (153 152) (154)
 (154) (155 156) (155 156) (158) (157 159) (160) (161) (162) (163) (164) (165)
 (166) (167) (168) (168) (170) (169 171) (172) (172) (173 174) (173 174)
 (175 176) (176) (177 178) (179) (180) (181) (182) (182) (183 184) (185) (186)
 (186) (188) (187 189) (190) (191) (192) (193) (194) (193) (194 196) (195 197)
 (197) (198 199))