(NIL (1) (2) (3) (4) (5) (6) (7) (8) (9) (10) (11) (12) (13) (12) (13 15)
 (14 16) (17) (14 15) (17 19) (18 20) (21) (22) (22) (23 24) (25) (26) (27)
 (28) (29) (29) (28) (30 31 32) (33) (33) (34 35) (36) (36) (37 38) (39) (40)
 (40) (41 42) (43) (43) (45) (45) (46 47) (44 48) (49) (50) (51) (52) (50)
 (53 54) (53 54) (55 56) (57) (58) (59) (60) (61) (61) (62 63) (64) (64)
 (65 66) (67) (68) (68) (69 70) (71) (72) (73) (74) (75) (74) (76 77) (78) (79)
 (80) (81) (82) (83) (84) (82) (85 86) (87) (88) (89) (89) (91) (92) (93)
 (90 94) (95) (96) (97) (98) (99) (99) (101) (100 102) (103) (104) (105) (106)
 (107) (108) (109) (110) (111) (112) (112) (113 114) (115) (115) (117)
 (116 118) (116 118) (119 120) (121) (122) (123) (124) (125) (124) (126 127)
 (126 127) (129 128) (130) (131) (132) (133) (134) (134) (135 136) (137) (138)
 (133) (139 140) (141) (142) (143) (144) (144) (145 146) (147) (148) (149)
 (150) (150) (151 152) (153) (154) (155) (156) (156) (157 158) (159) (159)
 (161 160) (162) (162) (163 164) (165) (163 164) (167) (165 168) (169 166)
 (170) (171) (172) (173) (174) (175) (176) (177) (178) (179) (180) (179)
 (181 182) (181 182) (183 184) (185) (186) (185) (187 188) (189) (190) (191)
 (192) (191) (193 194) (195) (195) (196 197) (198) (199))