(NIL (1) (1) (2 3) (4) (5) (6) (7) (7) (9 8) (10) (11) (11) (12 13) (14)
 (12 13) (15 16) (17) (18) (19) (19) (20 21) (22) (23) (24) (25) (26) (27) (28)
 (28) (29 30) (31) (32) (32) (33 34) (35) (36) (37) (38) (35) (39 40) (41) (42)
 (43) (39 40) (44 45) (46) (46) (47 48) (49) (49) (50 51) (52) (52) (53 54)
 (55) (56) (57) (57) (58 59) (60) (61) (62) (61) (62 64) (65 63) (66) (66)
 (67 68) (67 68) (67 68) (69 70 71) (72) (73) (74) (75) (76) (77) (78) (79)
 (80) (79) (81 82) (83) (84) (85) (83) (86 87) (88) (88) (89 90) (91) (92) (93)
 (94) (95) (96) (97) (98) (99) (99) (101) (100 102) (103) (104) (105) (106)
 (106) (107 108) (109) (110) (110) (111 112) (113) (114) (115) (116) (116)
 (117 118) (119) (119) (121 120) (122) (123) (122) (124 125) (123 125)
 (126 127) (128) (129) (130) (131) (132) (133) (132) (134 135) (136) (137)
 (138) (139) (140) (141) (141) (142 143) (144) (145) (146) (147) (148) (148)
 (149 150) (151) (148) (153 152) (154) (154) (155 156) (155 156) (158)
 (157 159) (160) (161) (162) (163) (164) (165) (166) (167) (168) (169) (170)
 (171) (172) (173) (174) (175) (176) (177) (178) (177) (179 180) (181) (182)
 (183) (184) (185) (186) (187) (188) (189) (190) (191) (192) (192) (194)
 (193 195) (196) (197) (198) (199))