(NIL NIL (1 2) NIL (1 4) NIL (6 4) (6 2) (6 1) (7 5 9) (8 3 9) NIL (12 4)
 (12 2) (12 1) (13 15 5) (3 14 15) NIL (12 18) (6 18) (4 18) (13 21 19)
 (7 21 20) (2 18) (14 24 19) (8 24 20) (1 18) (27 19 15) (27 9 20) (27 5 21)
 (28 30 22 16) (30 29 10 23) (3 27 24) (28 25 33 17) (11 29 26 33) NIL (36 18)
 (12 36) (37 19 38) (6 36) (37 20 40) (36 1) (37 27 42) (42 38 15)
 (28 43 44 39) (42 9 40) (29 43 41 46) NIL (48 36) (48 6) (49 40 50) (48 4)
 (7 52 50) (48 2) (8 54 50) (48 1) (42 49 56) (9 56 50) (51 57 46 58) (5 52 56)
 (58 60 10 53) (3 54 56) (58 11 62 55) NIL (64 48) (64 36) (65 49 66) (64 18)
 (37 68 66) (64 12) (70 66 38) (68 19 70) (71 72 69 39) (64 6) (74 65 50)
 (74 66 40) (51 75 76 67) (68 20 74) (69 76 78 41) (64 4) (65 52 80) (68 21 80)
 (13 80 70) (72 83 22 82) (7 74 80) (81 75 85 53) (82 23 78 85) (64 2)
 (65 54 88) (68 24 88) (14 88 70) (72 91 25 90) (8 74 88) (89 75 93 55)
 (90 26 78 93) (64 1) (65 96 56) (42 66 96) (57 97 67 98) (27 68 96)
 (98 69 100 43) (96 15 70) (71 98 44 102) (72 100 102 28) (101 73 45 103 104)
 (74 9 96) (97 58 75 106) (98 76 46 106) (108 59 107 77 99) (106 29 100 78)
 (108 101 47 79 110) (5 96 80) (81 97 60 112) (100 82 30 112) (83 102 16 112)
 (114 115 84 31 104) (106 10 85 112) (113 117 107 61 86) (114 117 32 87 110)
 (3 96 88) (89 97 62 120) (90 100 33 120) (91 120 102 17) (104 122 123 92 34)
 (11 120 93 106) (121 107 125 94 63) (35 122 125 110 95))