(NIL (1) (1) NIL (4 2) (4) (6) (4) (7 8) (8) (10) (2 6 3) (12 10) (13) (12)
 (14 15) (16 5) (13 15) (16 18 9) (19) (5 19) (14) (19 22) (17 21 23) (24) (23)
 (25 26 11) (27) (28) (28) (30) (31) (32) (33 20) (31) (28) (35 36 32) (37 20)
 (33 38) (28) (34 29 40) (34 37 40) (42) (42) (44) (43 45 39) (41 46) (45 39)
 (41 48) (48) (41 48) (41 45 38) (52 39) (53 46) (53) (49 55 54 47) (56)
 (50 51 56) (58) (59) (58) (59 61) (58) (43 55) (60 64) (59 64) (66 60)
 (57 67 62) (67 62 63) (69) (68 70) (60 61 64) (71 72) (73) (73) (75) (74 76)
 (77) (65 74 76) (73) (79 80) (81) (81) (75 80) (81 84) (85) (86) (85 77) (85)
 (89 78 86) (90) (88) (92) (92 89 87) (93 90 94) (95) (96) (91 95) (98 96)
 (97 98) (95) (97 101) (82 102) (82 83 102 98) (99 102) (105 104) (106)
 (107 103) (106) (100 109) (107 109 103) (100 111) (107 109) (113 100)
 (114 103) (115) (116 112) (117) (114 110 103) (119) (111 120) (121) (122 116)
 (123 118) (123) (125 118) (123 108 118) (127) (123 117) (129 108) (123 118)
 (130 131) (132 128) (108 118 120) (130 131 124 134 127) (125 134)
 (130 126 136) (137 132 127) (137 135 128) (139 132) (139 132) (141)
 (140 133 142) (143) (124 134) (145 138 143) (145 138 140 133 142)
 (145 138 140) (147 148) (149 144) (145 138 141 140 133) (147 148 151 144)
 (152) (153) (152) (154 155) (147 151 144) (146 157 149) (154 150 158) (159)
 (160) (161) (161 156) (160) (160) (156 165) (162 166) (159) (162 166 168)
 (156 158) (162 170) (162 163 170) (171 172 166) (173 167) (164 173 167)
 (174 175) (164 173) (164 165 172) (169 178 176) (178 174) (180 175 168) (181)
 (179 182) (180 175 168) (179 182 184) (185) (186) (187) (183 184) (184 176)
 (186 190) (177 185 189 190) (188 191 192) (192) (186 194) (177 185 190)
 (195 196) (193 194 196) (195 198) (198))