(NIL NIL NIL NIL NIL (5) (6) (5) NIL (9 7) (10 1) (9 7) (4 2 10 12) (13)
 (3 14 8) (11 15) (13) (16 17) (17 1) (12) (11 17 20) (11 14 20 19) (22 18 21)
 (23) (21 15) (22 25) (26) (18 26) (28) (29) (24 30) (29) (25) (33) (23 34 30)
 (35 27) (24 36) (37 32) (38) (38) (31 40) (31 37) (26 33) (36 43) (44 37)
 (44 42 32) (43 38) (44 42 47) (48 39) (42 47) (50) (51 45 48) (41 50) (53 46)
 (52 54) (45 54) (52 53 46 39) (49 57 56) (58 55) (59) (58) (61) (61) (60 61)
 (58) (58) (49 52 53) (67 64) (68 62 63) (65 67 63) (60 62 70) (66 71 64)
 (68 71) (73 69) (74) (66 74) (76) (75 77) (76) (66 74) (79 80) (80 75) (82 77)
 (83 78) (84 72) (79 85) (78) (87 72) (85 88) (89 86) (90) (81 91) (90 81) (93)
 (79 85 87) (95 86) (93 96) (93 96) (98) (97 99) (98 92) (101) (97 102) (92 95)
 (94 103 104) (100 104) (99 94 104) (92 95) (108) (105 100 109) (106 110)
 (109 99 101) (106 94 112) (113) (113) (115 110) (113 111) (116 117)
 (114 115 117) (119) (120) (121 107) (122) (122) (119) (121 116 125) (122 126)
 (124 127) (128) (125) (121 130) (122 116 130) (124 132 127) (133 128)
 (132 118 128) (135) (136) (130 124 126) (129 138 134) (139) (123 140 118)
 (141) (142) (143 135) (131 142 136) (137 131 141) (140) (137 147 144)
 (131 148) (149) (149) (151) (145 152) (153) (154 150) (151) (146 156)
 (154 156) (158) (147 143) (153 156 160) (161) (161 150) (146 163 159)
 (161 146 155 158) (162 164 165) (166) (166) (157 167 168) (168) (169 170)
 (171) (172) (172) (174) (175) (174) (177) (178 176) (179) (174) (181) (181)
 (183) (179 184) (185 180) (179 184) (186 187) (188) (189 173 182) (187)
 (185 191) (180 184) (193 190) (194 192) (195) (196) (197) (198) (198))