(NIL NIL (2) NIL NIL (5) (6 4 2) (5) (8 2) (3 9) (10 7) (1 4 3 9) (12 7)
 (11 13) (10 13) (11 12) (16) (17 13) (18 14 15) (16) (18 20 15) (13 16) (22)
 (23 15) (19 23) (25 20) (26 21) (27) (14 16) (20 29 22) (27 30) (29 21) (32)
 (33 27) (25 32) (35 31 24) (34 36) (37) (36) (34 35 30) (36 40) (41) (41 28)
 (40) (44 37) (43 45) (46 39) (47) (48) (49) (49 38) (49 38) (49 38) (53)
 (50 52 53) (53) (56) (57 52) (58) (42 59) (60 54 55) (57) (61 62) (63) (64)
 (64) (66) (65 67) (66) (67 69) (65 69) (51 71) (70 72) (72) (70 71) (64)
 (51 76 71) (77 72) (67 78) (76 70) (76 70 72) (81 77) (74 68 82) (75 83 80)
 (73 84 79) (57 42 55) (84 86) (73 87) (67 77 86) (89 85 87) (90) (90) (92)
 (91 93) (81 89) (92 95 88) (91 95 88) (97) (98 92) (98 94) (95 87) (92 101 88)
 (91 102) (93 103 96) (99 100 104) (99 102 96) (106 100) (106) (108 94 104)
 (108 94 104) (106) (107 111 104) (112) (107 111 103) (114 109) (105 115)
 (113 116 110) (116) (114 108 104) (113 116 119) (120) (121 117) (122) (122)
 (118 120) (122 125) (126) (127) (128) (129) (130) (131) (130) (129)
 (123 132 134) (128) (123 134 136) (137 133 124 132) (137 135) (136)
 (129 124 136) (123 141) (139 133 142) (138 142) (139 140 144) (135 144)
 (137 142 135) (139 147) (138 148) (149) (148 143 144) (140 151) (146 152)
 (153 150) (138 148 143) (145 146 155 151) (155 152) (153 156 157) (158)
 (154 156 157) (160) (153 156 157) (162 160) (163) (162) (145 147 143)
 (154 158 166 162) (167) (168 160) (169 164 159) (165 168) (169 171) (161 171)
 (169 173) (163 166 159) (173 175) (164 165 175 168) (169 177 173) (178)
 (179 176) (180) (172 181) (181) (172 183) (181) (180) (170 186) (187 184)
 (188 174) (188 182) (187 183) (182 191) (185 192) (190 192) (189 190 192)
 (177 174) (193 196) (197 190) (197 189) (195 198 199))