(NIL (1) (2) (3) (4) NIL (6) NIL (8 6) (5 9) (10) (8) (12 10) (12 3) (5 9 14)
 (10 15) (11 14) (5 9 14) (11 16 7 18) (11 7 14) (16 18 13 20) (21 19) (12 6 5)
 (16 17 7 13 23) (24 19 20) (24 18) (19 26) (21 26) (28) (29 19) (25 30)
 (22 31) (31) (32 33 27) (21 26) (30 35 27) (33 36) (22 28 35) (31 35) (39)
 (39) (41 32) (41 38) (43 32 33) (29 35) (45 40 34 41) (46 36) (42 46 38)
 (43 48) (48) (44 47 37 48) (51) (52) (50 52) (54) (49 52) (55 56) (57) (58)
 (59 53) (60) (55 56) (59 62) (58 62) (64) (65 59) (66) (65 53) (60 64)
 (66 69 63) (67 68 61 70) (69 61) (67 63 72) (68 72) (66 63 72) (75 70) (73 76)
 (74 75) (75) (69 63) (67 76 79 80) (81) (82 77 78) (81 71) (73 74 84 82)
 (84 77) (67 76 80) (82 84 77 78 87) (88) (89 86) (88) (88) (90 91 92 85) (93)
 (94) (89 83 92) (90 92) (97 91 96) (90 92 85) (98 99 93) (100 95) (101) (102)
 (102) (104) (105) (106) (105) (104) (99 93 96) (108 110) (102 110) (112 108)
 (108 103) (114 109) (106 112 115) (107 116) (113 117) (111 115) (119 117)
 (120) (113 120) (119 112) (123 118) (121 124) (121 124) (123 113) (121 123)
 (122 124 128) (122 124 128) (129 130 127) (131 126) (132) (125 126 128)
 (132 134) (132 134) (136) (137) (138) (137) (135 136) (137 141 133) (142)
 (142) (134) (137 141 145 133) (146 144) (138 147 143) (148) (139 149)
 (140 149) (148) (140 149 152) (153 139 151) (154) (154) (150 152) (154 157)
 (140 149 152) (153 159 157 151) (146 140 142) (153 159 139 161) (156 150)
 (155 161 163) (159 161 163 157) (155 165) (160 163) (167 162 165) (168 164)
 (163) (165 170 164) (171) (170 164) (166 162 173) (174 168 172) (175)
 (176 169 158) (177) (176 169) (179) (179) (174 169) (176 182 158) (183)
 (184 179) (180 182) (177 186 181) (177 180 182) (186 188) (181 189) (189)
 (183 178 189) (177 179 182) (181 178 193) (194 189) (187 194 189)
 (190 192 196) (197) (191 190 195 196) (191 184 190 192 194))