(NIL NIL (2) (2) (3) (5) (2) NIL (8 1 3 4) (9 6) (10 7) (10) (10) (13 12) (8)
 (15 12 7) (16) (15 11) (13 18) (19) (19) (14 21) (22 17) (14 21) (23 24)
 (16 24) (25 26) (27) (28) (24 20 17) (27 30) (31) (28) (33) (34 30) (35 29)
 (32 36) (36) (38) (32 38) (36) (41 37 39) (33 30) (43 37 39) (41 44) (42 45)
 (46) (45 40) (48) (42 48) (50) (45) (52) (53 40) (54) (50 53 46) (49 53) (44)
 (50 47 58) (51 59 55) (60) (61 56) (49 61) (57 63) (63) (65) (57 65) (65 56)
 (61) (65 69 56) (62 70 64) (66 68 69 62 64) (70 72) (69) (68 69) (57 66 75)
 (76 62) (75 64) (67 76 78 72) (73 74 77 79) (80) (81) (82) (81) (80) (84 85)
 (86) (87) (88) (89) (90 83) (89 83 71) (73 74 79 71) (90 93) (91 94) (95)
 (92 96) (97) (96) (99 92) (97 99) (89 82 93) (101 102) (102) (103 104)
 (98 99 102) (106 100 103) (97 102) (108 101 104) (109) (106 100 110) (105 111)
 (106 109) (113 111) (98 101 102) (107 109 115) (115 100 104) (117)
 (107 118 112) (119) (114 116 120) (114 107 118 112) (122 120) (123) (124 116)
 (124) (125 126) (113 117 112) (117 109) (129 125) (121 130 128) (121 130)
 (114 115 112) (121 130 133) (132 134 127) (135 128) (136) (134 128) (138 132)
 (138 132 127) (131 140) (137 139 140) (140) (141 143) (139 135 144) (143 135)
 (131 132 133 126) (137 147) (139 148 141) (149 142 144) (145 150) (151) (150)
 (139 148 143) (153 146 154) (154 146 152) (145 146 149 142 154) (157)
 (156 158) (157 151) (155 157 152) (161) (162) (161) (162 164 158) (156 165)
 (166) (167 160) (163 167 159 160) (165) (170 159) (171) (170 167 159) (173)
 (171 174) (175 168) (176) (169 177) (178 172) (178) (176) (163 172 175 168)
 (182 176) (183 178 181) (184) (185) (169 183 181) (169 181) (178 172 188)
 (185 189) (185 189) (186 189) (185 189) (193 187 179) (186 189) (187 192 195)
 (196) (193 197 190) (179 196 190 191) (193 179 196))