(NIL NIL (2) NIL (4 2 1) NIL (6 1) (3) (6 5 8) (8) (2) (9 11) (12) (9 7) (14)
 (15) (13 16) (15) (18 10 11 16) (19) (14) (13 21 10 15) (17 22) (23) (19 24)
 (25) (24) (27 20) (20 24) (29) (30) (25 31) (32) (33) (34) (27 35) (34 27)
 (26 37) (36 38) (36 28 38) (36 38) (41) (41) (43) (43 39) (43 39) (44 28 46)
 (42 43 39) (44 28 45 48) (49 46) (48 44 40) (51) (52 47) (45 47 48) (54 40)
 (52 55) (51 55) (53 55) (51 54) (59 52) (60) (50 61 55) (62) (61) (49 64 56)
 (65 62) (49 61 53 55) (50 60 56) (58 68 62) (69) (66 67 70 63) (71) (66 70 63)
 (73 72) (74) (57 73 67) (76 71) (74 76) (73 72) (77 79) (74 80) (81 75 78)
 (82) (83) (83) (81) (81 78) (75 87) (88) (89) (90 83) (89 85) (89) (84 93 86)
 (83 88) (90 84 95) (94 96) (92 96) (97 98) (99) (89 95) (100 101) (102) (103)
 (102) (105) (105) (105 103) (108) (105 91) (106 110 104) (108 110) (112) (113)
 (106 114) (115 104) (116 109) (107 117) (117) (116) (120) (121 107 117 111)
 (122) (123) (124) (125 119) (106 108 110 104) (116 109 127 111) (128 118 126)
 (129) (130) (131) (130) (132 133) (125 127) (126 135) (133 136) (137) (137)
 (129 135) (134 135) (141 136) (142) (139 143) (144) (137 143) (146)
 (138 140 143) (139 148) (138 140 141) (142 150) (146 151) (148 152) (153 149)
 (154) (149 152) (147 156 155) (145 157) (157) (147 152 144) (156 160)
 (139 152) (162 158 160) (163) (164) (164) (164 159) (166 167) (168) (169)
 (161 170 165) (170 165) (169) (169) (161 174) (175) (170 165 176) (172 174)
 (178 176) (177 179) (180 173) (177 179) (171 181 182) (183) (184)
 (177 178 173) (186 183) (187 184) (186 179) (186 184) (187 190) (191) (192)
 (189 191) (194) (191) (185 193 196 194) (188 197) (198) (195 196))