(NIL NIL NIL NIL (4) (1) (4 6) (5 6) (8 2) NIL (10 7) (10 4 6) (5 12 2 7)
 (8 3 13) (9 13) (13) (14 16) (9 13) (12) (11 9 19) (19 14) (9 21 16) (22)
 (18 22 15) (18 21) (25 16) (26 20 23) (26 22) (12 9 3) (29 22) (27 30)
 (17 25 29 22) (20 23 15 32) (27 32 24) (11 25 29 22) (35 23) (33 36 27 28)
 (37) (37 31 24) (37) (39 40) (31 40) (41 34 42) (43) (30 40) (40 38 24) (46)
 (34 40) (27 35) (49 39) (34 38 50) (41 42 51 45) (52 46) (53) (52 46)
 (50 44 46) (53 47 56) (57 48) (58 54 55) (49 42 47 48) (60 55 56) (61 54) (61)
 (59 63) (58 61) (65 59) (65 54) (59 67) (68) (66 69 64) (67 64) (65 59 62)
 (65 62 64) (73 67 72) (66 68 74) (75 69) (74 69) (77 70 71) (75 78) (76 79)
 (78) (81) (82 76) (83 80) (82 75) (85 79) (84 86) (82 79) (82 79) (82 79) (81)
 (91 80) (91 85 80) (93) (83 93) (95) (90 96) (97 84 86) (97 94 87) (99)
 (99 88) (92 101) (91 76 85) (97 103) (98 104) (105 94 87) (100 106 92)
 (99 92 103 88) (108 102 104) (107 109) (89 110) (111) (110) (113) (89 114)
 (115 112) (116) (89 98 92 103 88) (118 111) (117 119) (110 118) (107 101 118)
 (114 122 112) (123 120) (122 116) (125 119) (126) (126) (121 124 128)
 (121 122 116 119) (114 118 111) (121 131 124) (132 128) (121 131 127 128)
 (131 125 120) (134 135) (133 136) (137 130) (137) (139) (136) (138 141)
 (130 140 141) (143) (142 144) (145) (142 144) (141 133) (138 148 143)
 (139 148) (150) (145 147 151) (146 152) (146 147 151) (129 154 152) (154)
 (156 149) (145 150) (129 154 149 158) (159) (153 160) (155 160)
 (153 155 156 160) (163) (164 157) (129 156 158) (161 164 157 166) (167)
 (162 157 166) (169) (170 165) (161 171) (170 167) (172 173) (170 168)
 (174 175) (176) (165 175) (175) (178 179 173) (177 180) (181) (179 174)
 (171 173 179) (180 184 176) (185) (186 181) (186 182) (177 180 183 184) (189)
 (186 189 181) (179 174) (186 189 192) (190 191 192) (191 192) (195 182)
 (193 195) (187 197) (197 190) (194 197))