(NIL (1) NIL (3 2) (4) (5) (6) (7) (8) (9) (10) (9) (11) (13 12) (14) (15) (16)
 (17) (16) (17 19) (18 20) (21) (22) (23) (24) (25) (26) (25) (28) (29) (25)
 (26 29 31) (27 30 32) (33) (34) (34) (35 36) (37) (38) (39) (40) (41) (39)
 (40) (42 44 43) (45) (46) (45) (47 48) (49) (50) (51) (52) (53) (54) (52)
 (55 56) (57) (58) (58) (60) (61) (59 62) (63) (63) (65 64) (66) (67) (68) (68)
 (70) (69 71) (72) (73) (74) (75) (76) (77) (78) (78) (80) (81 79) (82) (82)
 (84) (85) (83 86) (87) (87) (89) (90 88) (91) (90 88) (92 93) (91 93) (92 95)
 (94 95) (97) (98 96) (97 96) (99 100) (101) (102) (103) (104) (105) (106)
 (107) (108) (109) (109) (111) (110 111) (111) (113 114) (115 112) (116) (116)
 (118) (117 119) (120) (121) (122) (122) (123 124) (124) (126) (127) (128)
 (129 125) (129 123) (130 131) (132) (132) (133 134) (133 134) (135 136)
 (135 136) (137 138) (139) (140) (141) (142) (143) (139) (145 143) (146 144)
 (147) (148) (148))