(NIL (1) NIL (3 2) (3 2) (5) (5) (4 6 7) (8) (4 6 7) (9 10) (11) (9 10) (12 13)
 (14) (14) (15 16) (17) (18) (19) (20) (20) (21 22) (22) (21 24) (24) (26 23)
 (25 27) (28) (29) (30) (30) (32) (33 31) (34) (35) (35) (36 37) (38) (39) (38)
 (41 40) (42) (42) (42) (43 44 45) (46) (47) (48) (49) (50) (50) (52) (51 53)
 (51 53) (54 55) (54 55) (57 56) (58) (59) (60) (61) (61) (63) (64) (65 62)
 (66) (67) (68) (67) (69 70) (69 70) (71 72) (73) (73) (73) (75 76) (74 77)
 (78) (77) (79 80) (78 80) (82) (81 83) (84) (85) (86) (87) (87) (87) (90)
 (89 91 88) (90 88) (89 93) (92 94) (92 93) (96) (95 96) (97 98) (99) (100)
 (101) (102) (102) (103 104) (103 104) (106) (107) (105 108) (109) (110) (111)
 (112) (112) (110) (113 114 115) (116) (117) (118) (119) (119) (121) (122 120)
 (122 120) (124) (123 125) (126) (127) (128) (129) (130) (131) (130) (132 133)
 (134) (135) (136) (137) (138) (136) (137 140) (139 141) (139 141) (143) (144)
 (142 144) (145 146) (147) (147) (148 149))