(NIL (1) (2) (2) (3 4) (5) (6) (6) (8) (9) (10) (11 7) (12) (13) (14) (15) (16)
 (16) (17 18) (19) (20) (21) (22) (23) (23) (25 24) (26) (27) (26) (28 29) (26)
 (30 31) (32) (33) (34) (35) (34) (37) (36 38) (35 37) (38 40) (36 38 40)
 (41 42) (43) (43 39) (45) (44 46) (44 45) (46 48) (49) (50 47) (51) (52) (52)
 (54) (55) (53 55) (57 56) (58) (58) (60) (59 61) (62) (63) (64) (65) (66) (64)
 (66 68) (69) (67 70) (71) (72) (73) (74) (74) (76) (77) (75 78) (79) (75 77)
 (81 80) (81 80) (82 83) (84) (81 79) (84 86) (85 87) (88) (89) (89) (91)
 (90 92) (90 92) (93 94) (95) (96) (97) (97) (98 99) (100) (98 99) (101 102)
 (103) (104) (105) (106) (107) (106) (107 109) (108 110) (111) (112) (113)
 (114) (115) (116) (117) (118) (119) (120) (119) (121 122) (123) (124) (125)
 (125) (126 127) (128) (129) (129) (124) (130 131 132) (132 128) (131 134)
 (130 131 134) (133 135 136) (137) (138) (139) (140) (140) (141 142) (143)
 (144) (145) (145) (147) (148) (146 147))