(NIL (1) (1) (2 3) (4) (5) (5) (6 7) (8) (9) (9) (11) (10 12) (13) (10 11)
 (14 15) (16) (17) (18) (19) (19) (21) (22) (23) (20 23) (25 24) (20 23)
 (25 27 24) (28) (26 28) (29 30) (31) (32) (33) (33) (34 35) (36) (36) (36)
 (37 39) (40) (41 38) (42) (42) (43 44) (45) (43 44) (46 47) (46 47) (49 48)
 (49 48) (50 51) (52) (53) (54) (51) (55 56) (57) (58) (59) (60) (61) (62) (63)
 (64) (65) (66) (67) (66) (69) (67 70) (68 71) (72) (72) (73 74) (72) (76) (77)
 (75 78) (79) (80) (81) (82) (83) (83) (84 85) (86) (86) (88) (89 87) (90) (91)
 (92) (93) (91) (93 95) (94 96) (97) (97) (98 99) (100) (101) (102) (103) (104)
 (105) (106) (107) (105) (108 109) (110) (111) (111) (113) (114 112) (115)
 (113 112) (116 117) (118) (115 117) (116 120) (121 118) (122) (123 119) (124)
 (124) (125 126) (127) (128) (129) (129) (130 131) (132) (133) (134) (135)
 (134) (137 136) (138) (139) (140) (141) (139) (142 143) (142 143) (145 144)
 (146) (147) (147) (148 149))