(NIL (1) (2) (3) (4) (5) (6) (6) (8) (9) (10 7) (11) (12) (13) (12) (14 15)
 (16) (17) (18) (17) (18 20) (19 21) (18 20) (22 23) (22 23) (25) (26 24) (27)
 (27) (29) (28 30) (31) (31) (33) (34 32) (35) (36) (33 32) (36 38) (37 39)
 (40) (41) (42) (43) (44) (45) (46) (47) (48) (49) (50) (51) (52) (52) (54)
 (53 54) (56) (57 55) (58) (58) (59 60) (61) (62) (63) (64) (65) (66) (67) (68)
 (67) (66) (68 70 71) (69 71) (73 72) (74) (75) (75) (77) (76 78) (79) (76 77)
 (81) (81 79) (83) (82 83) (85 80) (84 86) (87) (87) (89 88) (90) (91) (92)
 (93) (94) (93) (95 96) (97) (97) (99) (98 100) (98 99) (98 99) (101 103)
 (102 104) (105) (106) (107) (107) (108 109) (110) (111) (112) (112) (113 114)
 (115) (116) (117) (117) (118 119) (120) (121) (121) (122 123) (124) (125)
 (126) (127) (128) (129) (129) (130 131) (131) (132 133) (134) (135) (136)
 (137) (136) (138 139) (140) (141) (142) (143) (144) (145) (144) (146 147)
 (148) (149))