(NIL (1) (2) (3) NIL (5 3) (4 6) (7) (8) (9) (10) (9) (12) (10 12) (14) (11 15)
 (11 13 14) (17) (18 15) (17) (20 16) (20 16) (19 22) (11 14) (21 23 24) (25)
 (26) (27) (25) (25) (28 30) (31) (32) (29 30) (34 31) (26 29 30) (33 34 36)
 (34 36 32) (38) (33 39) (37 40) (35 40) (37 40) (43) (41 42 44) (41 42 44)
 (41 42 43) (45 46 47) (48) (48) (50) (49 51) (49 51) (53) (54) (52 53) (56)
 (57) (57) (58 59) (60 54) (60 55) (59) (60 54 63) (61 55 64) (65 62) (66) (65)
 (68) (69) (65) (66 69 71) (67 71) (73 72) (73 70) (74 75) (76) (77) (78)
 (74 75) (75 72) (81 78 80) (82) (83) (82) (84 85 79) (86) (86) (88) (89 87)
 (85) (89 91 87) (92) (89 91) (90 92 94) (93 95) (96) (97) (98) (97) (98 100)
 (101) (99 101) (103) (103) (105) (105 102) (107 104) (107 104) (108 109) (107)
 (106 109 111) (108 112) (113) (114 110) (115) (116) (114 110) (116 118) (119)
 (120) (119) (122 117 120) (117 118) (121 123 124) (125) (122 124 120)
 (125 127) (123 127) (129) (130 125) (131 126) (130 125) (130) (133 134) (135)
 (136) (136 126 128) (138) (131 139) (137 139 132) (141) (142) (137 139)
 (140 142 144) (145 143) (142 144) (146 147) (148) (147 140 143) (147 140 143)
 (149 150 151) (152) (153) (154) (155) (152) (157) (156 158) (155 158) (160)
 (159 160) (161 162) (163) (164) (165) (166) (167) (167) (166) (169 170 168)
 (171) (172) (173) (172) (172) (173 176) (170) (178 174) (177 179 175) (180)
 (181) (180) (177 179) (181 183 184) (185 182) (185) (184) (185 188 182) (189)
 (190) (191) (186 190) (193 187) (194 191) (193 187 191) (196) (195 197)
 (198 192) (194 197 192) (195 197 192) (201 198) (201 199 200) (201 199) (201)
 (202 204 205 200) (205 199 200) (204 207) (203 208) (203 207) (202 204 210)
 (211 206) (212) (212 208) (209 214) (213 215) (216) (217) (218) (218) (220)
 (218) (219 221 222) (219 221 222) (223 224) (224) (226 223) (227) (225 227)
 (228 229) (230) (231) (231) (233) (234) (234) (236) (236) (238) (237 238)
 (233) (241 234) (242 239 232) (243 240) (241 236) (235 245 243) (244 246)
 (235 245 243 240) (246 248) (249 247) (250) (250) (249 247) (252 253)
 (251 254) (255) (250 253) (257 251 252) (258 255) (259) (260) (259) (262)
 (260 263) (261 264) (265 256) (261 263) (267) (268 264 256) (266 268)
 (269 270) (271) (267 264 256) (273 269 270) (274 272) (274 272) (276)
 (275 276) (278) (279) (277 280) (281) (278) (283 277 280) (281 284) (282 285)
 (286) (287) (288) (289) (287) (289 291) (291) (292 293) (290 294) (295) (296)
 (297) (298) (297) (298 300) (299 300) (302) (301 303) (304) (305) (306) (306)
 (307 308) (308) (309) (311 310) (312) (313) (314) (315) (316) (317) (317)
 (317) (319 320) (321 318) (321 318) (323) (322 324) (325) (326) (327) (328)
 (329) (330) (329) (332) (331 333) (334) (334) (332) (337 336) (337 336) (339)
 (338 340) (338 340 335) (338 340) (343) (341 344) (345) (346 335)
 (341 335 344) (347 348 342) (347 348))