(NIL (1) NIL (3 1) (4) (5) (6) (7) (3) (9) (10 6) (7 10 2) (12 11) (10 6)
 (11 2 14) (8 10) (16 14) (17 13) (18) (19 15) (19) (19) (20 22) (21 23) (22)
 (25 20 21) (26) (27 24) (26 24) (27 29) (30) (28 29) (30 32) (33) (34) (35)
 (36 31) (37) (35 31) (39) (38 40) (36 39) (42) (43 37 40) (44) (45) (46)
 (41 47) (43) (49 38) (50 45) (51 46) (50 46) (53 48) (41 51 53) (54 55)
 (52 56) (56) (55) (59) (58 60) (52 61) (52 61) (59 48) (57 63 64) (63 64)
 (57 62 64) (65 67) (68) (66 69) (69) (70 71) (69) (73) (74 72) (75) (76) (77)
 (77) (79) (80) (79) (81 82 78) (82 80) (84) (83 85) (83 85) (83 85) (88)
 (86 87 88) (90) (90) (89 91 92) (93) (90) (89 95) (94 96) (97) (97) (99)
 (98 99) (101) (100 102) (103) (103) (105 104) (106) (107) (106) (108 109)
 (108 109) (107 109) (112) (113 110) (114 111) (114 111) (110 112)
 (115 116 117) (114 117) (118 119) (118 119) (121 120) (122) (122) (121 120)
 (125) (118 119) (123 126 127) (124 126 127) (129 128) (130) (131) (132) (133)
 (133) (132) (134 136) (130) (137 138) (137 138 135) (139 140) (141) (142)
 (143) (144) (145) (146) (145) (148) (149) (146 150) (147 150) (147 149) (153)
 (154 151) (155) (154 152) (157) (156 158) (159) (159) (159) (162 160)
 (161 163) (164) (165) (164) (163) (161 162) (169 166) (169 165) (170 171 168)
 (169 165 168) (170 171 173 167) (174) (172 175) (176) (177) (176) (179)
 (177 180) (181) (178 181) (182 183) (184) (184) (186) (187) (185 188) (189)
 (189) (185 187) (191 192) (193 190) (194) (194) (193) (196 197) (193 190)
 (198 199) (195 196 199) (201 198) (201 198) (195 198 199) (203 204 200)
 (202 205) (206) (207) (207) (205) (210 207) (210 208) (209 211 212) (213)
 (214) (214) (214) (217) (218 215) (219) (220 216) (220) (219) (223 216)
 (220 223) (225 222 224) (226 221) (225) (226 228 221) (229) (230) (227 231)
 (232) (233) (234) (234) (236) (234) (235 238) (237 239) (240) (241) (242)
 (241) (244) (245) (243 244) (245 247) (248) (249) (246 248) (249 251) (252)
 (253) (250 253) (252) (249 251) (257 255 256) (258) (258 254) (258) (258)
 (260 261 262) (262) (258) (265 263) (266 259) (267) (265 259 263 264)
 (265 259 254) (267 269 270) (271) (267 270) (273 268 271) (274) (274 272)
 (273 271) (277) (276 278) (279) (275 280) (278 272) (282 280) (281 282)
 (283 284) (285) (286) (285) (286 288) (289) (285) (289 291) (292) (290 293)
 (293) (290 295 287) (296) (290 291 287) (297 298) (299 294) (297 298)
 (299 301) (294 302) (300 302) (304) (305 303) (306) (303 304) (307 308) (308)
 (304) (307 308 311) (309 312) (313) (313) (313 310) (315 316) (317) (318)
 (319) (320) (321) (321 314) (323) (324) (325) (326) (327) (326) (329 327)
 (330) (330 328) (332) (322 333) (322 331 333) (329 322) (332 336) (337 331)
 (337) (339 334) (340 335) (338 340) (341 342) (342) (343 344) (345) (346)
 (343 344) (345 348) (349))