(NIL (1) NIL NIL (4 3 2) (5) (6) (6) (8) (9) (10 7) (10) (10 7) (13) (11 12 14)
 (15) (16) (17) (15) (19) (20) (17 21) (18 21) (23) (23) (25 22) (26) (26 24)
 (27 28) (29) (30) (29) (32) (32) (33) (35 31) (36 34) (35 34 31) (36 38)
 (37 39) (39) (41 37) (42) (42) (43 44) (45 40) (45 40) (45) (48) (49 46 47)
 (50) (48) (49 52 40) (53 46 47) (51 54) (54) (55 56) (57) (55 56) (57 59) (60)
 (61) (58 62) (60) (58 62 64) (62 64) (65 66) (67 63) (68) (68) (69 70) (67 63)
 (72) (70 72) (74) (73 75) (76) (77 71) (76 71) (78 79) (80) (79) (82 80) (83)
 (84) (85) (86) (81 87) (87) (81 89) (90) (86) (91 92) (91 92) (94 88) (94)
 (96 93 88) (95 96) (98) (90 92 88) (91 100) (98 101) (97 102) (103) (103)
 (105 99) (105) (106 107) (108) (108) (106 107) (109 110 111 104) (112) (113)
 (112) (114 115) (116) (117) (117) (116) (118 120) (119 120) (119 120)
 (121 123) (122 124) (125) (124) (127) (126 127) (129) (130) (130)
 (131 132 128) (133) (133) (132) (135 136) (135 136) (138) (139) (140 134)
 (137 141) (137 140 134) (141 143) (144) (144) (142 143) (147 144) (148) (149)
 (145 150) (146 151) (152) (152) (154) (153 155) (156) (153 154) (156 158)
 (159) (153 154) (161 157 158) (162 160) (163) (164) (161 157 160) (163 166)
 (167) (165 168) (168) (169 170) (171) (170) (173 165) (169 173) (174 175)
 (171 176) (177) (178) (179 172) (179 172) (177) (182) (181 183) (180 184)
 (179 182) (185 186) (186 180 184) (185 188) (189) (185 188) (189 191)
 (190 192) (187 190 191) (193 194) (195) (196) (196) (194) (197 199) (195 199)
 (201 197) (201 196) (203 200) (204 198) (202 204 198) (206) (207) (205 208)
 (209) (205 208) (209 211) (212) (212) (212) (210 215) (213 214 215) (217 210)
 (218) (219) (218) (220 221 216) (222) (219 221) (221) (225 222 224) (226)
 (227 223) (225) (229 224) (222 230) (226 231 223) (228 232) (232) (228 232)
 (234 235) (236) (233 237) (238) (239) (239) (241) (241 240) (238) (244 239)
 (243 245) (242 246) (242 246) (248) (248) (250 247) (251) (252) (253) (252)
 (252) (249 253 256) (257) (250 247) (259 254) (257 260) (249 260 255 256)
 (258 261 262) (263) (264) (257 259 255) (266 264) (265 267) (268) (268) (270)
 (269 270) (272) (273 271) (274) (275) (276) (277) (276) (277 279) (280) (281)
 (281) (281) (282 284) (284 278) (285 286) (283 287) (287) (289) (289 283)
 (291) (290 292 288) (293) (294) (294) (293) (297 294) (298 296) (297 295)
 (297 296) (301) (299 300 302) (298 301 295) (299 300 304) (305) (306 303)
 (307) (308) (307) (309 310) (311) (309 310) (313) (313) (315 311) (314 316)
 (315 312) (317 318) (315) (319 320) (321) (322) (323) (324) (323) (325 326)
 (327) (328) (329) (330) (331) (330) (332 333) (330) (335) (332 333 336) (335)
 (332 335) (338 339 333) (337 340) (337 339) (340 334 342) (337 338 339)
 (342 344) (345 340) (345 341 343) (346 347) (348) (348))