(NIL NIL (2) (3) (4) NIL (6 5) (7) (8) (1 8) (10) (10) (12 9) (11 13) (14) (15)
 (16) (17) (11 12) (18 19) (20) (20) (21 22) (23) (24) (25) (20) (25 27)
 (26 28) (25 27) (28 30) (31) (28 30) (33 26 31) (34 32) (33) (30)
 (34 29 37 32) (35 36 38) (35 38) (40) (36 40) (37 36 29) (42 43 39) (44) (45)
 (41 46) (45) (48) (41 49) (50 47) (49 46) (51 52) (50 52 47) (51 54) (51 54)
 (47 48) (57 53 55) (57 54) (59 53 55) (60 56) (61) (58 62) (63) (60 56)
 (65 62) (66 64) (65 63) (68 64) (69) (66 70) (71) (67 68) (73 71) (74 72)
 (74 72) (74) (75 77) (76 78) (79) (79) (81) (81 80) (76 78) (82 83 84) (84 80)
 (82 83 86) (87) (85 88) (89) (89) (91) (91) (93) (94) (95) (90 92 96) (97)
 (90 94) (97 99) (98 100) (101) (102) (100) (103 104) (105) (106) (106) (108)
 (107 109) (110) (101 104) (110 112) (111 112) (114) (113 115) (116) (115)
 (118) (113 119) (120) (121 116) (122 117) (123) (124) (125) (126) (127) (128)
 (129) (130) (130) (124) (133 125) (132 133) (131 135) (135) (137 134 136)
 (137 131 134) (139) (140 136) (134 135) (138 140 142) (143) (141 144) (145)
 (146) (146) (147 148) (149) (147 148) (150 151) (149 151) (150 151) (153 154)
 (155 152) (154) (153 157 152) (158) (159) (160) (155 159) (161 162) (163 156)
 (164) (164) (166) (166) (168) (168) (170) (169 171) (172) (173 167)
 (169 170 167) (173 175) (176) (165 174 176) (174 176) (178 179) (177 179)
 (178 181) (181 165) (178 183) (180 183) (185 182 184) (183) (185 187 182 184)
 (188) (186 189) (190) (191) (192) (193) (193) (194 195) (193) (196 197) (198)
 (198) (199 200) (201) (201) (203) (204) (204) (203) (205 207) (208) (209 206)
 (202 210) (211) (212) (213) (214) (214) (215 216) (217) (215 216) (212)
 (220 215 216) (218 219 221) (218 221) (219 223) (222 224) (225) (225) (224)
 (228) (227 229) (230) (226 230) (226 227 229) (233 231) (234 232) (235) (236)
 (235) (238) (239) (240) (241 237) (236 239) (243) (242 244) (245) (246) (246)
 (245) (249 247 248) (250) (251) (242 243) (249 253) (252 254) (255) (256)
 (257) (257) (255) (258 260) (261) (259 261) (263) (264) (264) (264) (265 267)
 (266 268 262) (269) (269) (271) (272) (270 272) (271) (273 274 275)
 (273 274 275) (277) (274 275) (278 279) (280) (281 276) (282) (281 276) (281)
 (283 285) (286) (287) (286) (289 284) (290 287) (291 288) (291) (291 288)
 (292 293 294) (291 288) (295 296) (295 296) (298) (298) (300) (301) (297 300)
 (303) (297 299 300) (305 303) (306) (299 301 303) (308 307) (308 305 302)
 (308 306 302) (309 311 304) (312) (309 311) (314 310 304) (314 304)
 (314 310 304) (317 313) (316 315 318) (317) (320 313) (321 319) (322) (322)
 (324) (325) (326) (323 327) (328) (328) (328) (329 331) (332) (333) (333)
 (334 335) (330 332) (337 335) (338 336) (339) (340) (341) (342) (342)
 (343 344) (345) (346) (347) (348) (349))