(NIL NIL (1) (3) (3) (2 5) (2 5) (4 7) (8) (9 6) (10) (11) (10) (12 13) (13)
 (15) (12 16) (17 14) (18) (19) (20) (20) (21 22) (23) (24) (25) (24) (26 27)
 (26 27) (22) (28 30) (31) (32) (32) (33 34 29) (35) (36) (37) (38) (39) (37)
 (36) (42) (41 43 39) (44) (45) (43 40) (47) (48) (49 45) (47) (49 51 46)
 (49 51 44) (52 53) (52 53) (55) (50 56) (55) (50 58 54 56) (59) (57 58)
 (58 54 56) (59 62) (60 61 63) (64) (64) (66) (65 67) (68) (68) (69 70) (71)
 (72) (73) (73) (74 75) (57 63) (77 71) (74 75 77) (79) (79) (79) (81 82 76 78)
 (83 80) (84) (83) (84 86) (84 86) (88) (88) (83 80) (89 91) (89 90 91 85)
 (92 93 87) (92 93 87) (93 87) (96 94) (96) (94 95) (99) (100 98) (97 101)
 (102) (103) (103) (105 104) (105) (107) (105) (106 107 109) (108 110) (111)
 (112) (113) (114) (113) (114 116) (117) (118) (119) (120) (121 115) (119)
 (121 115 123) (122 123) (124 125) (126) (127) (128) (129) (128) (129 131)
 (130 132) (133) (134) (128) (134 136) (137) (138) (139 135) (138)
 (139 141 135) (142) (143) (142) (139 141 135) (146 142) (145 147 140 144)
 (148) (145 146 140 144) (149 150) (151) (151) (149 150) (154) (153 154) (156)
 (157 152) (155 158) (155 158) (159 160) (155 156 152) (162 158) (162 159 160)
 (163 164) (165) (166) (167) (161 167) (169) (161 167) (170 171) (172 168)
 (170 171) (172 174 168) (173 174) (176) (175 176) (173 174) (177 179)
 (178 179) (177 181) (182) (183) (182) (185 183) (185) (187 184) (180 188)
 (186 189) (190) (191) (192) (190) (190) (193 195) (194 196) (197) (198) (197)
 (199 200) (201) (202) (201) (204) (203 204) (206) (206) (208) (209 207)
 (210 205) (211) (212) (210) (214) (213 214) (215 216) (217) (217) (219)
 (218 220) (218 220) (221 222) (217) (221 224) (225 223) (226) (227) (226)
 (228 229) (228 229) (226) (228 229 232) (233 230) (234 231) (235) (236) (237)
 (238) (239) (239) (241 240) (242) (241) (244 240) (242 245) (246) (243 247)
 (248) (246) (250 243) (249 251) (251 247) (253 248) (249 250) (255)
 (252 253 256) (257) (258) (257) (260 254) (259 261) (258 260 254) (262 263)
 (260) (265) (266 262) (267) (268 264) (268 264) (270) (269 270) (269 270)
 (273 271) (268) (275 269) (273 276 272) (276 271 272) (277 278) (274 279)
 (280) (274 279) (282) (274 279) (282 284) (285) (283 285 280) (285) (284)
 (281 289 286 288) (290 287) (291) (292) (292) (294) (295) (294) (297 295)
 (298) (299) (300 293 296) (301) (300 296) (299) (301 303 304) (305 302)
 (305 302) (305) (307 308) (305 302) (306 307 308 310) (305) (307 308 312)
 (313 309 310) (313 309 311) (314 315) (315) (316 317) (318) (319) (320) (319)
 (322) (321 323) (324) (325) (326) (326) (325) (329 327) (330 328) (330 328)
 (321 322) (330 333) (334) (334) (335 336) (337 332) (338) (339) (331 340)
 (341) (342) (331 336) (341 344) (345 343) (341 344) (345 347 342) (348 343)
 (346 349))