(NIL (1) (2) (2) (2) (4 5) (6) (7) (7) (9 3 8) (9) (3 11) (12) (10 13) (13)
 (13 8) (16) (10 16) (18 15) (19) (18) (21) (17 14 22) (20 23) (24) (24) (26)
 (27) (25 28) (29) (28) (25 31) (29 31) (31) (27) (34 35 30) (33 36) (34 35 29)
 (36 38) (39 32) (37 40) (37 39 32) (42 40) (43) (41 44) (41 44) (45 46) (46)
 (41 44) (49 45 48) (50) (51 47) (52) (52) (53 54) (54) (56) (54) (57 58)
 (59 55) (60) (61) (61) (62 63) (62 63) (65 64) (66) (66) (68) (69) (67 70)
 (68) (67 70 72) (73) (74 71) (74) (76 71) (73) (77 78) (79) (75 79) (75 76 78)
 (82 80) (81 83) (84) (82 80) (84 86) (87) (88) (87) (90 88) (91 85) (89 91)
 (93 85) (87) (92 94 95) (96) (92 95) (98 94) (98 93) (97 99 100) (101) (102)
 (102) (97 99 100) (98 94) (106 104) (107 103) (108) (105 109) (110) (111)
 (108) (113 111) (114) (115) (115) (117) (116 117 112) (119) (119) (121) (122)
 (123) (123) (125 118) (123) (126 127) (126 127 120) (129 124 128) (130) (131)
 (132) (133) (133) (135) (135) (137) (135) (137 139 134) (137 139 134) (141)
 (142) (138 142 136) (143 144) (145 140) (140 144) (146 147) (147) (149)
 (148 150) (149 143) (150 152) (145 152) (153 146 154) (148 152) (156 151)
 (155 156) (158) (157 159) (160) (161) (162) (161) (164) (163 165) (162 165)
 (167) (166 168) (169) (163 168) (170 171) (172) (163 167) (170 174) (171 175)
 (169 174) (177 176) (178 173) (179) (178) (179 181) (182) (183) (180 184)
 (180 182) (186 183) (186 184) (187 188) (185 189) (190) (189) (190 192)
 (185 188) (194 191 192) (193 195) (196) (196) (198) (199) (200) (201)
 (197 200) (198) (204) (201 203 204) (205 206) (202 207) (208) (206) (210)
 (211 208) (202 210) (209 213) (214) (212 213) (215 216) (215 216) (218) (219)
 (217 220) (221) (219) (220 223) (222 224) (225) (226) (227) (228) (228)
 (229 230) (231) (230) (233) (234 229) (234 229) (235 236 231) (234) (238 231)
 (237 239 232) (237 239 232) (241 240) (242) (242) (237 239) (243 245) (246)
 (244 247) (244 246) (241 245))