(NIL NIL (2) (2 1) (3) (5) (4) (3 7) (6 8) (8) (10 5) (11 6) (11) (13) (5 8)
 (13 15) (9 14 16) (17) (16) (19 12) (19 6 14) (18 19) (12 21 22) (17 19)
 (24 23) (18 20 24) (26 23) (23) (20 28) (25 20 28) (30 26) (31) (32) (31) (34)
 (33 35) (36) (37 27) (35 32) (37 39) (33 39) (41 36) (29 41 37) (42 43 27 40)
 (41 37 27) (45 38) (43 45 40) (47) (46 47) (42 47) (49 50 44 48) (51) (52)
 (53) (54) (55) (55) (57) (58) (58 56) (54) (59 61) (62) (60 63) (64) (65) (65)
 (64) (65 68) (66 67 69) (67 69) (66 67 68) (72) (73 69) (74 70) (75)
 (74 70 71) (77) (76 78) (79) (80) (81) (82) (83) (84) (85) (86) (86) (88)
 (89 87) (86) (90 91) (89 91) (92 93) (94) (95) (96) (90 93) (98 92) (99 94)
 (97 100) (97 98) (101 102) (103) (104) (98 96) (106 104) (107) (108) (109)
 (105 108) (109 111) (109 111) (109 111) (114 110) (115) (113 116) (117)
 (118 112) (117) (113 116 112) (121 118 120) (121 119) (115) (123 124)
 (122 125) (126) (127) (124 118 112) (129 128) (130) (131) (132) (133) (133)
 (133) (136) (137 134 135) (133) (137 139 135) (140 134) (138 141) (142) (142)
 (143 144) (142) (146) (147) (145 148) (149) (145 147) (149 151) (145 146)
 (153 150 151) (154) (155) (156 152) (156 152) (157 158) (155) (159 160) (161)
 (158 160) (163 159) (162 163) (164 165) (166) (166) (168) (167 168) (166)
 (171 167) (172) (173) (169 173) (164 165) (170 174 175 176) (177) (178) (179)
 (178) (178) (182) (179 181 183) (180 184) (180 184) (186) (185 187) (188)
 (189) (188) (189 191) (190 192) (193) (193) (195) (194 195) (197) (198) (195)
 (198 200) (201 196) (202 199) (203) (203) (203) (204 206) (205 207) (208)
 (208) (208) (209 210 211) (212) (213) (213) (212) (215 216) (217 214) (218)
 (218) (220) (219 220) (215 216) (219 220 223) (221 224) (221 222 224) (226)
 (227) (228) (229) (229) (225 231) (232) (233 230) (234) (235) (236) (237)
 (235) (238 239) (240) (241) (238 239) (241 243) (239) (241 245) (242 244 246)
 (247) (242 243 246) (249 248))