(NIL (1) (2) (3) (4) NIL (3) (3) (4 8) (1) (6 9 5 10) (11 7) (12) (13) (14)
 (15) (14) (17) (18) (18) (19 20 16) (21) (21) (23) (23) (25) (25 22 24) (27)
 (28) (29) (30) (31) (32) (33) (33) (26 35) (36) (37) (36) (36) (37 39 40) (40)
 (41 42) (43 38) (44) (34 45) (46) (47) (47) (49) (49) (51) (47) (52 53 48)
 (53 48) (54 55) (56) (50 56) (56) (58 59) (60) (59) (59) (57 60 62 63) (58 59)
 (65) (57 66 60 62 63) (67 61 64) (68) (69) (69) (69) (65 64) (73 70) (73 69)
 (75 70 72) (73 69) (75 77 70 72) (78) (76 79 71) (76 79 71) (74 76 79) (82)
 (81 83 80) (84) (85) (86) (87) (88) (89) (90) (91) (90) (92 93) (93) (94 95)
 (94 95) (97 96) (98) (99) (100) (100) (101 102) (101 102) (102) (105 103)
 (101 102) (99) (108 103) (106 107 109) (105 107 109 104) (106 111)
 (106 107 109 104) (113 110 111) (114) (115 112) (116) (117) (113 110 111)
 (114 119) (115 120 112) (117 120) (121 122 118) (122) (123 124) (125) (126)
 (126) (127 128) (129) (130) (130) (132) (129) (131 132 134) (133 135)
 (127 128) (137 135) (137 135) (138 139) (140 133) (139) (137 136) (140 143)
 (141 144) (145) (145) (146 147 142) (147 142) (148 149) (149) (150 151)
 (148 151) (153) (154) (154 152) (155 156) (154 152) (150 151) (157 159)
 (158 160) (161) (162) (163) (164) (164) (165 166) (165 166) (168) (169 167)
 (170) (170) (171 172) (173) (174) (175) (174) (177 176) (174) (171 172)
 (180 174) (181 175) (182 176) (183) (177 184) (185 178 179) (185) (178 187)
 (185) (188 189) (179 190) (191) (191) (193 192) (186 194) (195) (196) (196)
 (193) (197 199) (196 199) (197 199) (202 198) (201 203) (201 203) (204 205)
 (204 205) (202 198) (208 200) (209 207) (210) (210) (204 205 208 200)
 (209 213 206 207) (211 213) (212 206 215) (215) (217 212 214) (217 214 216)
 (219) (218 220) (220) (221 222) (222) (224) (225 218) (226) (226) (228)
 (227 229 223) (230) (231) (232) (233) (231) (234 235) (236) (237) (238) (239)
 (238) (241 240) (242) (243) (241 239) (242 245) (243 246) (247) (248) (249))