(NIL NIL NIL NIL (2 1) (4 5) (6) (7) (3 7) (9 8) (10) (10) (12) (12) (14)
 (13 15) (13 14) (11 13 14) (18) (19) (20 15) (21) (17 22 16) (23) (17 22) (25)
 (26 16) (27 24) (28) (29) (28) (29 31) (29 31) (33 30) (34) (35) (33) (37)
 (28) (30 39 38) (35 39 32) (41 36 38) (41 36 38) (43 40) (41 40) (42 44 45)
 (46) (45) (44 48) (49 42) (50) (49) (52 46) (52 46) (54) (50 55) (53 55 47)
 (41 38) (57 58 56) (58 51 52 46) (60 53 55) (60 56) (60 47 56) (59 63) (59 63)
 (65 62) (66 61 64) (66 64) (68 61) (67 69) (67 68) (71) (70 72) (73) (74) (74)
 (76) (77) (75 78) (78) (80) (81 75) (81 79) (73) (84 80) (75 84 80)
 (81 85 86 79) (87) (82 87) (89 83 88) (90) (91) (92) (92) (94) (95) (96) (96)
 (98) (99 93) (100) (101) (97 102) (100) (97 101 104) (105) (106 102) (107)
 (100) (106 109 103) (107 110) (111) (112) (113) (114 108) (115) (116) (117)
 (118) (119) (118) (112) (122 115) (121 122 119) (124) (123 125 120) (124 120)
 (127) (126 127) (129) (130) (131 128) (129 128) (133) (132 134) (135) (136)
 (137) (135) (139 136) (137 140) (141) (138 142) (141) (144) (145 138 142)
 (146 143) (147) (148) (149) (150) (150) (152) (151 152) (153 154) (153 154)
 (155 156) (157) (158) (158) (160) (160) (162 159) (163) (161 164) (165) (165)
 (166 167) (167) (164) (170 166) (171 167) (169 171 168) (173) (170 167)
 (169 172 175) (176 168) (177 174) (178) (179) (180) (181) (182) (183) (184)
 (179) (186 183) (187) (185 187) (189) (190) (188 191) (192) (188 191) (190)
 (195 188) (195 192) (196 197) (194 198) (199) (193 199) (195 192)
 (201 202 200) (201 202 200) (204) (205) (206) (203 207) (208) (209) (209)
 (208) (210 212) (213) (203 205) (210 211 215) (212 216) (217 213) (212 216)
 (217 219 214) (220) (221) (222) (223) (218 222) (225) (225 223) (227) (228)
 (229) (226 230) (231) (230) (233 232) (233 232 224) (235) (236) (234 237)
 (234 237) (239) (240) (241 238) (242) (242) (242) (245) (246) (246) (247 248)
 (249 243 244))