(NIL NIL NIL (3 1) (3) (2 5) (3 1) (7) NIL (9) (9 3) (9 2 1) (12 8) (5 12 8)
 (9 5) (15) (10 16) (6 7 17) (18 14) (16 8) (12 15) (21 20) (22 17) (22 4) (5)
 (16 8) (26 21 25) (26 18) (28 14 25) (11 28) (30 24 19) (31) (32) (23 33)
 (34 25) (34) (35 36) (37) (38) (31) (40 32) (23 41) (31) (29 43 37) (43 36)
 (45 37 27 13 40) (44 46 41) (38 47) (42 46) (49 44) (50) (51) (51 39) (49)
 (49) (49) (29 56 39 54) (54 56) (44 39 56) (59 48) (60 52) (61 54) (58 60 55)
 (51 63) (60) (65 52 64) (66 62) (67) (67) (66) (66) (68 71) (69 72) (57 62 71)
 (74 67 53) (74 72) (71) (50 59) (57 65 53 78 64) (79) (74 79) (52 79)
 (69 53 78) (81 83 76 80) (69 78) (69 78) (68 86 80) (69 78) (76 70 79 88)
 (89 77) (81 82 75 85 88) (90 91 80) (89 91 77) (84 93) (81 86 88) (90 95)
 (91 87 96) (97) (98 92) (97 83 92) (85 87 96) (54 78) (92 101 102) (100 103)
 (103) (105 98 93) (105 83) (97 107) (108 94) (73 108 84) (99 109 110) (94 110)
 (94 110) (113 100 111) (108) (81 89 77 102 80) (116 108 104) (98 117 94)
 (99 110 118) (113 106 119) (120) (120) (119 111) (118) (124 111) (115 124)
 (114 126 119) (126 111 120) (114 118) (122 129 126) (121 130 125)
 (109 118 112) (132 130 128) (122 126 132) (114 126) (135 129 112) (130 136)
 (132 125 137) (121 123 138 127) (139 128) (140 133 134) (139) (142)
 (134 131 137) (121 125 137) (145 143) (146 144) (145 140) (148) (148 131)
 (147 150) (148 134) (147 150 152) (135 127) (154 146 134 149) (140 154 146)
 (115 124 123) (145 157 134) (151 158) (157 147) (141 151 160)
 (154 160 158 152) (150 160) (141 163) (154 163 151 158) (161 163 152)
 (159 166) (158 160) (157 149 150) (155 141 163 169) (162 156 166 170)
 (156 160 169 152) (155 172 158) (141 173) (133 173) (155 141 172 151)
 (176 165 153 168) (176 173) (163 178) (179) (178 165) (157 150) (178 153 182)
 (180 183 167 168) (171 165 184) (163 183) (186 164 180)
 (162 166 168 175 187 159) (186 159) (161 179 189) (178 168 153 182 167)
 (177 191 183) (171 190 192) (193 175) (185 194 174) (194 174) (193) (189 191)
 (171 198) (177 199 174) (177 171 189 191 175) (193 201 187)
 (185 194 202 197 200) (203) (194 188 202) (202 196 184) (195 206 200) (207)
 (203 207) (209) (203 207) (211 205) (194 202 188 174 184) (195 196 213 200)
 (209 181 214) (213) (185 196 198 216) (204 213 181) (218 212)
 (209 218 211 208) (218 195) (221 214) (222 208) (210 223 216)
 (209 219 223 216) (210 220 205 221) (210 221) (227 223) (227 205 214)
 (229 216) (211 230 223) (225 227) (220 229 232) (233 224) (234 230 215) (235)
 (233 215) (233 230 224) (238) (234 238 231) (240) (217 215 240) (242)
 (242 228) (226 235 242) (241 245) (245) (237 247) (245 237 239)
 (249 243 236 246) (226 232) (251 244 247 239) (243 252 248) (241 252)
 (236 252) (253 255) (235 244 251) (257 245) (258 236 237) (243 259 246)
 (251 246) (257 252 261 248) (260 254 262) (262) (250 259 264) (265) (265)
 (265) (249 260 264) (267 269 254 256) (270) (271) (267 269 256) (273 266 270)
 (269 253) (250 260 262) (265 276 254) (273 268 277) (274 275 278) (277 271)
 (263 280) (281) (273 277 263) (275 277 271) (274 284 272) (285)
 (281 274 284 272) (268 285 287) (283 286 279 288) (285 278 287) (285 287)
 (291 268) (282 292) (292) (291 288) (276 269) (292 295 296) (282 292 296)
 (298) (298 294) (300 286 295) (301 279) (302) (303) (297 302) (289 305 293)
 (289 290 301) (307) (297 308) (308 302) (305 309 310) (307 303) (307) (300)
 (314 304) (313 299 309 315) (316 310) (317 311) (317 312) (318 319) (283 315)
 (321 317 293) (322) (321 290) (306 324 322) (325 311) (305 317 293 321)
 (322 324 327) (326 328) (328 312) (315 308) (331 327) (332 325 319) (333)
 (326 334) (318 335) (334) (323 333) (338) (339 336 328) (340 320) (338 336)
 (342) (338) (334 344) (337 345) (346 342 328) (329 330 318 335 344) (340 344)
 (329 330 339 344) (350) (350 343) (347 352) (349 352) (318 350) (353 355 349)
 (356 351) (356 320) (358) (355 340) (354 356 351 360) (353 360) (343 360)
 (363 356) (364) (362 364 351) (364) (353 363 349) (357 368) (363 358)
 (354 348 357 367 370) (349 342 360) (370 372 365 351) (348 373 368) (374 359)
 (372 365 348 357 359) (362 341 374 367 376) (377 366) (366 376) (379)
 (379 374) (354 341 381) (381) (373 379 341) (369 354 379 374) (385 371)
 (377 385 380 384) (361 387 383) (371 376) (361 389 383) (380 341 390)
 (391 384) (375 392) (387 391 375) (394 382) (386 395) (387 391) (397)
 (396 397) (378 395 397) (400) (400) (402) (400) (404) (405 398) (402 404 392)
 (407) (393 386 403 408) (403 398 399 408) (401 410) (406 408) (401 398 407)
 (395 397 392) (393 388 414 407) (393 386 401 403 414) (413 406 399 416)
 (398 407 416) (407 399 416) (410 419) (418 420 415) (421) (421) (416 408)
 (411 424) (425 388 405) (426 419) (417 426) (412 428 423) (428 415)
 (410 413 405 419 424) (430 431) (432) (433) (409 434 422) (432) (417 421 424)
 (437 422 432) (434 438) (438) (433 438) (441) (442) (443 423) (429 438)
 (441 445) (425 412 437) (409 433 438 447) (434 427 436 447 423)
 (449 435 443 446) (409 442 449) (451 445 448) (449 445) (453 440)
 (409 449 422) (441 455 439 440) (450 456) (457) (446 456) (442 456 446 448)
 (435 460 454) (443 460 459) (454 462) (450 444 454 462) (442 456) (449 442)
 (466 435 444 453 460) (449 446 439) (467 451 468 459) (443 468 454 455)
 (458 459 460 470) (460 470) (451 468 461 464) (473 470) (473 458 470)
 (465 475) (476) (477 469 471) (476) (467 479) (452 480) (481 474 469)
 (482 478) (483 463) (481) (482 477 485 463) (477 480) (487 478 463)
 (474 476 469) (489) (490) (482 491 485) (492 478) (490 483) (490 479 472)
 (490 478 486) (487 496) (497 484 494) (497 472) (495 496))