(NIL (1) NIL NIL NIL (5) (3 2) NIL (5 3) (9) (10) (8 11) (12) (10) (14 4 11)
 (15) (11) (8 17) (6 18) (18) (6 17) (6 18) (14 1 22) (23) (23 21) (24 25 16)
 (25) (12 25 4) (28) (24 25) (30) (26 27 29 31) (12 31) (13 31 29 20 15)
 (34 27) (33 34) (36 7) (26 19 37) (32 36) (34 27) (14 22 21) (27 41 38) (42)
 (13 41 30 15) (39 44 42) (33 20 44) (39 2 46) (32 46) (48 35 45) (49)
 (32 35 38 46) (48 51) (47 52 42) (52 50) (26 41 36 2) (55 27 19 7) (53 54 56)
 (43 48 55 40 45) (49 58) (52 59) (54 59) (59) (53 54 62) (63) (64) (63)
 (66 65) (66 60) (68 57 64) (68 57 65) (70) (71 61) (70) (72 73) (73) (66 56)
 (76) (76 61) (54 62) (63 79) (67 76 70 80) (81 77) (81 69 71 77) (83) (84)
 (82 84 73) (72 86 75) (87) (78 86 74 75) (84) (90 78 86 75) (85 91 72) (91 85)
 (93 87 74) (93 87) (95 88) (89 96) (83) (98 61 86) (90 98 88) (99 100 85)
 (100) (89 102) (97 102) (97 101 102) (102) (106 96) (107 92 101 103) (107 103)
 (109) (94 110) (111) (111 104) (113) (114 92) (97 92 109) (116 111)
 (116 115 108) (106) (94 119) (106 91) (121 104) (114 122 112) (123 118 120)
 (123 108) (115 108 117 123) (97 92 102) (122 99 127 112) (123 128)
 (129 108 119) (129 126 120) (129 116 120) (115 101 128) (125 128) (134)
 (129 124 135) (105 135) (137 124) (138 133 126 136) (139) (138 133) (137 117)
 (132 142 136) (131 143) (140 142) (142 136) (138 132 146) (130 147 126 143)
 (148) (145 149) (149 131 133) (149) (152) (139 152 141 144) (147 143)
 (131 155) (147) (145 157 156 141 151) (158) (158) (160 150 159 152)
 (157 126 143) (130 131 162) (153 162 141 151 144) (162 159) (149 157 133)
 (166 164 150 158) (167) (161 154 165 168) (169) (170) (163 171) (169 163)
 (153 166 158 144) (165 174 160) (170 163 175) (164 175) (169 177) (178 163)
 (178 173) (178) (170 181) (179 182) (183) (173 174) (185 171 175) (186)
 (187 172 183 176) (188) (187 176) (182 190) (181 190) (186 179) (193 190 184)
 (193 172 190) (186 172) (187 196 182 176) (197 192) (198) (177 196)
 (179 200 192) (200 199 184) (190 200) (178 203) (204 199) (204 198) (195 206)
 (205 207) (202 208) (209) (194 180 208) (201 211 188) (189 208) (205 189 207)
 (180 214 208) (209 212 215 191) (189 207) (201 217 180 208) (209 218 215)
 (194 219) (219) (221 216) (219 212 191) (217 202 212) (179 206 191)
 (209 225 214) (226 223 224) (217 226 213) (210 212 228) (229) (220 230 223)
 (227 231) (230 223 216) (233) (234 232) (235) (219 230) (229) (235 221 238)
 (228 215 224) (235 240) (241) (241 236) (243) (244 237 238) (243)
 (243 222 239) (227 240 216) (235 222 240) (225 210 215 224) (250 228 222)
 (243 251) (244 237 252) (249 253) (242 251 239) (241 250 236 237)
 (249 256 248) (257 242 252) (258) (258 245) (260) (260 239) (257 239)
 (260 253 263) (255 247 264) (265) (265) (266 267 261 246) (259 268 254 262)
 (269) (270) (271) (268) (265) (257 242 253 246) (275 268) (274 276 262)
 (276 272) (273 278) (276 254) (274 259 276) (281 277 271) (265 275 254)
 (283 276) (282 284 278) (273 285) (285) (275 269) (288 276 272) (289 279)
 (290 284 277) (291) (288 285 280) (290 293) (292 294) (295 287) (292 293)
 (288 272) (289 298 287) (297 298 296) (300) (298 286 287) (289 302 280)
 (293 303) (299 294 304) (297 305 295) (298 279) (307 300)
 (289 282 283 279 298) (309 301) (309 296) (299 311 303) (311 304) (305 313)
 (314) (309 287 280) (306 316) (316 299 292 293 302) (313 308 310 318)
 (305 300 318 312) (301 320) (321 310) (306 315 322) (323 317) (322) (325)
 (321) (307 327) (325 308 317 327) (329 328) (314 319 330) (331 326) (329 315)
 (308 320) (333 334 328) (335 319) (330 336) (323 334 327) (338 332 324)
 (339 333) (340) (338 331 336) (332 342) (338 333) (330 344) (345) (326 344)
 (347 342) (347 324 336) (337 339 347) (330 335 344) (351 319) (346 352)
 (353 348) (354 332 324) (354 339 349 343) (356) (354 332) (349 350 343 352)
 (346 341 359) (342 352) (361 354 349) (362 356 350) (337 362 341) (364 358)
 (364 356 360) (355 364 359) (357 367 360) (363 368) (361 354 339 343)
 (370 363 364 358) (371) (372 368) (373 365) (372) (373 375) (356 370 340 350)
 (377 371 357) (365 357 370) (370 355 341 363) (373 380 365 375 378) (381 366)
 (371 380 365 368) (378 374 383) (372 383) (385 378) (386 384) (378 373 383)
 (388 374 376) (386 389) (379 366 390) (369 377 383) (385 379 392 375 384)
 (373 392) (392 381 366 376) (386 395 382 384) (394 395 388 374)
 (385 397 382 384) (397) (393 396 389 398 399) (400) (401) (401) (400)
 (387 398 399) (393 405) (405 400) (407) (385 394 379 388 395) (409 400)
 (410 403 390 408) (409 403 390) (412 407) (402 413 391) (387 404 412)
 (409 408) (409 403 390) (417 412 407) (402 418) (417 405) (402 420 413)
 (406 421) (410 417) (423 414) (411 423 406 414) (419 423) (411 404 423 422)
 (426 427 424) (427) (429 424 415) (412) (411 419 414 422 431) (416 432)
 (433 424) (415 432) (430 432) (432) (433 435 437 429 424) (438) (426 439)
 (440 430 434) (437 436) (442 425) (435 437 424) (440 436 444) (430 444 425)
 (439 444 425) (447 442) (448) (448) (450) (451 441) (449 450 434) (426 448)
 (451 454 434 443) (446 449 455) (453 445 456) (451 454) (449 458 441)
 (446 459) (460) (457 428 461) (460 456) (463) (457 464) (452 464)
 (466 461 445) (467 462) (460 455) (457 452 460) (427 444) (471 463)
 (428 452 461 471 455) (473 456) (466 469 453 445 474) (474 445 464)
 (474 445 463) (467 477 462) (468 477 470) (465 479) (469 480) (474 469 470)
 (482 480) (474 470) (484 477) (473 463) (457 467 486) (481 482 478 487)
 (487 479 472) (465 489 476 485) (465 485 486 479) (483 487 491 472 475 478)
 (492) (489 492) (481 494) (476 495) (490 496) (481 476 492) (491 487)
 (499 495))