(NIL NIL NIL (3) (3) NIL (6 3) (7) (5 7) (5) (6 2 4 10) (11 7) (1 10) (6 13)
 (1 9) (11 15) (14 16) (17) (15 14) (13) (20 15 14 8) (21) (7 20) (11 15 23)
 (20 8 18) (11 20 8) (16 20) (20) (26 28 16 23) (22 29) (28 8 23) (4 20)
 (12 32 27 8) (30 33) (32 18) (35 29 24) (35 27 29 22) (25 37) (37 34) (39)
 (11 32 19 8 23) (41) (12 24 26 18 27 42) (12 30 31 42) (44) (39 45) (40 44)
 (31 30 42) (25 12 48) (47 46 49) (37 36 44 48 43) (36 42) (25 52 44) (53 40)
 (53 46) (55 50 43) (37 36 41) (53 47 57) (54 55 57 50) (25 40 57) (60 53 48)
 (51 61) (62) (60 48) (64 43 45 49) (51 64 55) (63 54 66) (60 58)
 (38 57 33 45 49) (62 69 46) (60 69 55 58) (62 64 54 71) (65 72 50)
 (68 73 67 56) (74) (69 56) (53 34 57) (63 72 77 56) (78 65) (79 73) (80 70 67)
 (81 75) (78) (83 80) (83 75 59) (85) (86 79 70) (83 74) (88 79 70) (89 80)
 (90 82) (76 90 84 59) (76 89 84 75 59) (91 93 85) (94) (95) (96) (91 93) (98)
 (99 85) (100 95) (86 100 92 94) (100) (100) (104 95) (105 103) (106) (86 105)
 (96 107 108) (104 95) (108 102 110) (86 96 98) (111 97 112 103) (87 111 112)
 (114) (107 115) (114) (114) (113 117 118) (119 101) (114 103) (97 121 101 117)
 (119 121) (120 116 123) (116 123) (125) (126 122) (120 125) (88 70 84)
 (120 121 115 129) (107 129) (131 101 123) (122 109 132) (133) (119 122 129)
 (120 135 123) (126 135 131) (135 131 127) (138) (135 128) (126 133 135 128)
 (141 130) (142) (143) (124 144) (140 144) (134 139 124 144) (147) (148 137)
 (146 149) (148) (149 151) (152) (146 136 152) (153 154) (155) (155)
 (145 146 152) (144) (136 143) (155 150 160) (161) (161 157) (163) (163 156)
 (163) (156 166) (167) (145 153 160) (158 169) (170 167) (145 166)
 (172 158 167 169) (172 162 156 170) (172 164 159 168) (172 164) (176 169)
 (175 176 173) (162 178) (177 179) (176 156) (175 176) (172 158 159)
 (171 165 183) (170 183) (183 169) (186) (176 187 173 168) (177 188 185)
 (184 186 178) (181 190 179) (162 181 185 190) (177 192 174 179)
 (180 193 188 182 191) (193 187 182) (180 193) (187 196) (197) (194 196)
 (174 188 190) (174 182 190) (192 201 187 179) (194 202 197) (203) (202)
 (162 176 165 183 168) (180 206 193) (207 202 198) (202 198 206) (209 203 208)
 (200 195 210) (207 209) (212 203) (213 199) (195 214) (200 214) (216 189 204)
 (195 216) (217 218) (210 189 218) (220 215 205) (221) (211 222) (223) (221)
 (220) (219 226) (227 215) (227) (229 223) (228 222 229) (229 205)
 (217 220 215 205) (233) (234 228 223) (235 224) (226 234 223) (237 230 231)
 (225 211 233 231) (239 223) (232 240 236) (218 204) (242 229 237) (241 243)
 (221) (245 239) (241 246) (244 246) (248 230) (241 246) (247 250) (251 238)
 (252) (232 242 246 238) (245 227 224) (255 235 237 231) (256 248 230)
 (257 251) (258 238) (255 244 254) (255 248) (261) (262) (258 263) (264) (265)
 (259 265) (256 250 263 247 230) (262 230) (269 260) (253 262 259)
 (260 271 249) (269 271 266) (261 257 247 238) (267 274) (254 264 274)
 (267 253 260 249 276) (270 276) (259 278 268) (278) (261 249 238)
 (260 265 281) (267 268 273 282) (271 282 276) (284 279 273) (277 285)
 (268 284 278) (253 281 254 268) (287 288) (289 280) (288 272) (289 273 291)
 (290 292) (277 293 283) (277 279 292) (295 286) (295) (273 281)
 (267 298 284 278) (299 295 294) (298 289 272 283) (294 301) (298 286)
 (294 297 303) (299 291 303) (293 303) (300 306) (307 296) (302 308) (305 308)
 (310 302) (305 307 296) (307 304) (308 313) (307 304) (315) (310 309 312 316)
 (305 315) (302 314 318) (319) (309 275 320) (317 319) (322) (317 314 318)
 (310 309 318) (325) (312 313 326 316) (327) (328 322 320) (328 319) (330)
 (321 330 324) (311 332) (333) (323 333) (321 323 330) (336) (331 337 332)
 (310 319 275) (334 339 338) (339 333) (331 323 339 320) (334 342 338) (343)
 (342) (336 345 333) (346) (329 347) (347) (349 343) (349 338) (335 351)
 (348 340 352) (353) (353 343) (351) (344 353 356) (329 356 350) (356)
 (353 350 359) (329 341 359 352) (361 360) (334 359) (363 360) (346 338)
 (365 360) (365 360) (365 357 360) (362 368) (363 367 368) (362 370) (361 368)
 (369 372) (362 363 365) (371 366 374) (355 375) (356 365 352)
 (344 354 341 364 377) (361 378 367) (362 379 372) (380) (381 373) (382 376)
 (379 372) (369 380 375 384) (379 366) (370 355 381 386) (387 358 384)
 (386 380 373 375) (389 381) (389 381) (385 387 358 391 376) (361 377 355 357)
 (393 390 392) (385 393) (395 383) (381 395 373) (396 397) (386 397)
 (381 395 373 358) (400 398 392) (401) (388 396 400) (403 392) (404 397)
 (404 397) (401 394 406 399) (407) (407) (394 406) (410 407) (409 411)
 (411 405) (410 398) (414 407) (406 399) (394 403 398) (410 417 408) (417)
 (401 419 414) (410 419 407) (402 419 408) (411) (419 413 423)
 (409 420 413 423 415) (416 412 425) (418 423) (420 412 427 422 415)
 (416 421 427 424) (402 429) (430 415) (430) (432) (433 422 431) (432)
 (428 435 431) (435) (433 435 425) (422 438) (439) (434 439) (434 439)
 (431 432) (434 443 412) (444 425) (445) (442 446) (436 447) (448 440)
 (436 446) (446) (445) (442 444) (453 445) (450 454) (428 454)
 (454 436 446 452 440) (457) (458) (457 426) (450 460) (441 450 457 447)
 (436 453 452) (463 458 460 455 447) (441 459 464) (441 458 461 463 448)
 (446 463 440) (467 460) (449 451 468 455) (469 456) (441 461 459 437 470)
 (465 467) (469 462 472) (473) (472) (473 475) (461 463) (466 475 477)
 (478 471) (476 477 456) (469 477 437 462 472) (481 466) (482) (474 483)
 (482 470) (473 483 485 478 471) (486 479) (474 487) (488) (476 485 479 484)
 (490 488) (491) (481 466) (490 493 486) (481 474 479) (490 488 495 480)
 (495 494 487) (481 475 471) (498 494) (491 499))