(NIL NIL (2) (3) (4) (5) (3) (5 7) (8) (3) (5) (11) (12 10) (6 12 10) (7) (15)
 (15) (17 11) (5 7) (8 1 16 19) (14 20) (1) (8 14 18 22) (13 16 23) (9 20 22)
 (25 17 12) (25 10) (27 21) (28 24) (27 24) (28 30) (30) (22 19) (33 26 21 18)
 (34 32) (34 30) (36 29) (33 26 27 21 24) (38 32) (33 27) (38 40) (40 28 24)
 (42 37) (43) (44) (41 43 32) (42 29) (45 47) (42 39) (49 45) (41 50) (50 47)
 (35 52 51) (26 28 40) (30 54) (35 55) (49 29 56) (57 53) (57 52 31) (52 55 48)
 (54 38 47 32) (61 48) (57 46 62) (52 63) (61 53 31 56) (52 61 48) (41 66 59)
 (51 67) (68) (69 46 62) (65 58 70) (70) (63 72) (60 53 63 72) (74) (75)
 (68 64) (66 51 59) (53 46 78) (58 79) (58 68 79 63) (81 74) (82) (67 79)
 (73 53 78) (76 85) (79 86) (81 84 85) (84 71 72) (81 86 80 89 64) (87 89)
 (91 77 80) (73 76 89 80) (91 83 90 93) (81 93 86) (95) (96) (87 97) (98 82)
 (99 83 64) (100) (88 100) (92 100) (101 103) (104) (102 105) (88 103)
 (107 105) (107) (101 109) (109) (105 111) (112) (107) (114) (102 114 105 111)
 (112 116) (116) (90 118) (91 95) (102 107 120) (121 104) (119 122 110)
 (123 94 117) (108 124) (125) (106 94 121 110 111) (119 113 127 117) (127)
 (129 115 117) (121 94 110 105) (123 131 108 117) (113 129 132) (129 132)
 (124 134) (135 128 130 133) (135 125) (135 130) (135 133) (139 115 125)
 (140 130 126) (141) (115 133 134) (119 108 120) (144 138 128) (136 145)
 (142 145) (144 124 134) (139 115 148) (128 149) (150 141 145) (111 105 120)
 (128 133 137 152 115 144) (153 138 148) (139 154) (150 142 155) (130 153)
 (152 138 149) (136 158 154) (151 159) (150 158) (128 152 130 149)
 (141 162 159) (157 163) (160 163) (165) (162 158 157 156) (167 166 147)
 (162 156) (136 169) (169 159 146) (167 151 171) (167 165 171) (173 166 147)
 (164 173) (136 169) (166 176) (174 175 177) (167 169) (179 147 143 171 177)
 (180) (170 161 168 181) (182) (174 180) (170 175 184) (183 185 178)
 (164 174 170 179) (187 178) (188 186) (187 186 172) (187 185) (168 179 143)
 (182 174 192) (191 193) (191 193 178) (195 186) (196) (197 189) (197)
 (194 199) (200 198 172) (194 199) (196 188) (194 203) (204 197 172) (195 172)
 (206 199) (207 189) (204 208) (209) (209 200) (202 200 208 204 190) (208)
 (209 213) (201 202 214 190) (211 215) (215) (215) (218) (211 212 219)
 (217 220) (219) (217 222 216) (210 218) (224) (225) (226) (226 219 212)
 (211 228) (229) (229 216) (231) (228 223) (233 220) (218) (233 227 235 231)
 (236 221 230 232) (236 221) (236 230 232) (239) (240) (221 240)
 (241 234 238 242) (242) (244) (244) (220 205 239) (238 247) (221 247 240)
 (249 244 248) (249 234 244 238) (241 251) (252) (253 237 248) (247)
 (234 237 255) (251 246 255) (257) (241 250 258) (243 259) (260 252)
 (243 252 237 259) (219 205 235) (254 263) (245 263 247) (265 259 264)
 (266 243) (266) (266) (269 268 261 256) (243 269) (260 252 263) (269 261 272)
 (273) (273) (273) (276 274 267 268) (273 256) (268 278) (275 276 278)
 (274 270 280) (279 280) (282 262) (273 256) (272 261 256) (273 285 271)
 (267 270 286) (275 277 287) (277 286 280) (286 270 280) (281 290 283 277 287)
 (290 284) (281 290 277) (289 284 293) (293 279) (283 295 287) (296) (297)
 (297) (296) (284 295) (289 301 287) (301) (283 301) (304 296 288)
 (305 291 303) (306 302) (306 300 302) (305) (291 304 294 288) (299 309 310)
 (289 297 300 304) (308 310 312) (291 295) (314 312) (314 307 292 311 312)
 (316) (314 299 307 312) (308 294 318) (313 319) (315 320) (321) (320)
 (315 292 323) (324 309) (321 325) (325) (313 316 319) (310 318)
 (298 315 294 318) (330 323) (321 331 324) (332) (322 333) (326 334) (317 335)
 (316 335) (322 333) (338 325) (332 325) (332 326 311) (321 331) (317 334 342)
 (341 343) (337 344 328) (343 335) (346 341) (338 347) (347 340 336)
 (345 349 327) (337 339 347 344) (345 349 351) (329 338 317 326 342)
 (345 353 351 327) (354 340) (354 350) (354) (357 349) (356 358 352)
 (353 327 352) (360) (361 350) (362 357) (362 355 357) (353 344 340 347 336)
 (365 327 328) (363 348 366) (367) (355 365 360) (369 358) (370 363 356 366)
 (371) (371) (364 373) (374) (373 367) (376 364 359 368) (371 348)
 (361 369 350) (379 364 358) (379 358) (380 348 381) (377 372 382) (374 383)
 (383) (363 382) (386 367 359) (378 387 368) (388) (372 389 376) (390)
 (391 375 384) (385 389) (393 384) (388) (377 395) (393 396 390) (387 376)
 (377 386) (397 399 391 384) (397 399) (401 394) (401) (386 384) (394 404 400)
 (385 404 390) (406 391) (393 407) (408) (409 403 375) (410 398)
 (409 403 398 400) (407 400) (413) (402 414 410) (410 414) (411 416 392)
 (414 394 398 410) (411 414) (414) (402 405 398 375 406) (417 421)
 (418 421 416) (411 423 415) (417 424) (417 419 412 423) (426) (427)
 (428 422 424) (429) (425 430) (431) (420 428) (428) (425 428) (435 420 432)
 (426) (434 437 415) (437 415) (439) (438 439) (441 436) (433 442) (442 440)
 (444) (433 444) (434 437 432) (428 420 437 422 424) (441 435 430 448) (449)
 (433 450 436 447) (442 450) (450 445) (442 448) (445 447 448) (455) (456)
 (433 449 455) (458 443) (445 448) (460) (461 453 447) (461 453) (433 449 460)
 (452 463 464) (465 459) (464) (461 467 453 447) (468 462) (457 467 446 463)
 (467 462) (450 467 446) (458 451 461 472) (465 473 443) (474 468 456)
 (457 475 469) (476) (475 469) (474) (472) (457 478 480) (457 480 454 478)
 (482 459 477) (482 476 470) (484) (485 477 471) (484) (483 487 479) (488)
 (487 479) (482 479) (491) (492 470) (490 493 486) (481 483 485 490 492 466)
 (490 491 477) (483 493 496) (466 477 470 482) (498 496) (489 498 492))