(NIL NIL NIL (3 1) (3 2) (5 1) (6) NIL (1) (8 9) (10 5 4) (11) (12) (12)
 (13 14 6) (15 7) (16) (15 7) (9) (8 19 4 7) (20 12) (17 21) (17 19) (18 23)
 (24) (25 20) (26 21) (25 21) (26 28) (24) (22 30) (27 31) (21 30) (33 28 31)
 (33 29 31) (35) (34 36) (37) (37) (37) (38 40) (36 32) (36) (43) (34 35)
 (27 45) (44 38 46) (45) (37 48) (41 49 27 43) (42 44 50) (51 46) (51 39)
 (51 47) (54) (49 44 39 32) (53 56) (57 47) (57 55) (58 59) (60) (61) (62) (63)
 (59) (65) (66 52 62) (67 63) (68) (69) (70) (71 64) (72) (71) (74) (71)
 (74 76) (75 77) (71) (76 79 64) (80 77 72) (73 77 79) (82) (83 78) (81 82 78)
 (73 78 79) (82 86 80) (87) (87) (86) (90 83 87) (91) (81 89 91 88) (91 84 88)
 (85 94) (92 93 95) (96) (96) (98) (97 99) (90 84 88) (97 101) (102 98) (97)
 (104) (105 99) (105 103 99) (105 98) (99 108) (109 102) (109 107) (109 102)
 (110 112) (113 107 106) (113 106) (112) (114 116) (115 117) (118)
 (114 115 116 111) (100 120) (121) (122 117) (122) (116 107 100) (114 115 125)
 (123 118 126) (127 119) (127) (126) (130 117 111) (129 131 128) (131 127)
 (133 124 132) (134) (135) (136) (136) (138) (134) (140) (141 136) (137 142)
 (142) (144) (145) (145) (140) (147 148) (145 138 148) (139 150 143) (147 151)
 (137 150) (153 146 152) (154) (146 147 150) (154 156) (150 143) (156 158 152)
 (158 152) (156 160) (161 149) (161) (160) (156 164) (165 155 157 159)
 (163 166) (167) (162 167) (169 168) (163 166) (171 167) (162 171) (170 173)
 (155 164 149) (162 166 175) (161 157 175 159) (177 165) (169 177 171)
 (156 158 151) (177 170 172 180) (177 162 171 180) (170 182 178) (173 183 176)
 (181 173 183) (185 174 176) (186 179) (187) (186) (188 189) (181 173 182)
 (189 191) (178 172 182) (193 187 192 184) (193 190) (195) (194 196) (197)
 (198) (199) (200) (200) (197) (203 198) (196 192) (205 197) (201 202 203 205)
 (207) (205 198) (209 204 208) (209 202 203) (211) (212 206) (213 208)
 (204 214) (211 208) (216) (213 216) (218 215) (219) (210 220) (221) (222)
 (218 204 214) (217 221 224) (225 223) (225 222) (227) (210 220 224) (229 222)
 (229 221) (226 227 231) (227 231 223) (222 231) (225 234 223) (235 230)
 (233 226 228 236) (237) (235 228) (233 226 236 239) (240 232) (241) (242 238)
 (241) (241) (243 245) (245 238) (245) (248) (243 245) (250 244) (250 244 247)
 (250 248) (249 253 246) (238 240) (243 244 255 248) (249 251 253 247 256)
 (257 246) (258 252 254) (251 256) (243 245 255) (251 261) (246 262) (259 263)
 (264) (257 260 254 262) (258 252 266) (265 267) (259 262) (265 267 269)
 (252 261 248) (265 271) (265 271) (273) (274 268 269) (275 270) (276) (277)
 (273 270) (277 279) (278 280) (280) (273 270 272) (274 283 268) (282 284)
 (283 280) (286) (281 286) (285 288) (282 284 288) (268 269 271) (290 291 285)
 (291 287 288) (289 290 293) (289 292 293) (289 293) (289 291 287) (297)
 (297 290) (299) (300 294) (301) (301 296) (303) (281 282 291 287)
 (305 301 295) (298 306 304) (307 302) (305 301 295) (309 304) (302 304)
 (311 310) (312 298) (313) (314 308) (313 308) (312) (311) (318 314 307)
 (315 319 317) (319 308 317) (318 308 317) (322 316) (323) (324) (322)
 (324 315 326) (325 326) (328) (321 329 320) (321 329) (330 331) (332) (333)
 (334) (335 327) (336) (337) (332) (339 336) (339 334) (337 339) (341 342)
 (338 340 343) (344) (345) (346) (347) (344) (347 349))