(NIL (1) (2) NIL (1) (5 3) (4) NIL (8 7 5 3) (8 2) (4 10) (3 11) (12 6) (6 11)
 (4 10) (15 14) (16) (9 13 17) (18) (18) (20) (19 21) (19 21) (20) (19 20) (25)
 (25) (9 17) (27 28) (9 17) (27 28 30) (22 31) (26 32) (26 32) (26 32) (34 35)
 (36 29 24) (37) (38) (38) (39 23 40) (33 41) (42) (43) (44) (44) (46) (47)
 (47) (49) (50) (49) (52) (52) (51 54) (50 54 48) (50 52 48) (57 45) (58 53 56)
 (59 55) (58 51 56) (58) (61 62) (60 63) (63) (63) (66 60) (65 67) (68 64) (69)
 (70) (71) (72) (67) (65 74 64) (75 71) (75 70) (77 71) (65 66 64) (75 79 71)
 (73 80) (81) (81) (83) (81 76 77) (82 84 85) (85 78) (84 87) (76 78 80)
 (89 88) (77 80) (89 91) (82 92 87) (93) (82 91) (83 78 95) (90 94 96) (97 86)
 (98) (98) (98) (97) (92 96) (94 103) (98 104) (105 101 102) (100 104) (104)
 (99 108 102) (93 86 103) (99 110) (105 100 111) (106 107 112) (102 111)
 (114 108 112) (114 112) (113 114 109) (117) (118) (119) (117) (121) (122 120)
 (114 107 101 112) (124 117) (121 115 125) (122 116 126) (123 127)
 (121 125 118) (129 128) (130) (129 120) (130 132) (129 127) (134 120)
 (134 119) (136 128) (137 133) (137 130 135) (137 130 132) (140) (141 133)
 (136 120) (138 139 141 143) (144) (145) (138 141 143) (147 144) (148 142)
 (140 133 143) (138 142 150) (146 131 151) (131 151 144) (153 146 149)
 (147 151 144) (145 153 155) (154 156) (157 152) (157) (157) (160 152) (161)
 (146 156) (163 148 152) (164) (154 165) (163) (161 165 159 167) (165 157)
 (162 169 167) (170 159) (171 166) (172 158) (173) (173) (168 175) (168 175)
 (172) (170 159) (177 179) (178 179 175) (180 181) (182 176) (181 176) (184)
 (185 183) (186 174) (187) (186) (189) (186 174) (183 184) (179 174 176)
 (193 178) (186 194) (195 188 191) (196) (196 189) (198 190 192) (197 190 198)
 (200) (201) (193 183) (203 200) (203 199) (203 200) (206 199) (201 204 207)
 (202 208) (202 208) (210) (209 211) (212 205) (213) (214) (215) (214)
 (211 205) (209 218) (217 219) (210 205) (221 214) (219 221 216) (217 223)
 (224) (210) (217 226 223) (227 222) (228 224) (225 220 229) (230) (231) (229)
 (225 226) (234 220 229) (235 230) (233 236) (237) (238 231) (239) (234 229)
 (241 235 231) (242 239) (243) (234 220 222) (243 245 232) (244 246) (246)
 (247 248) (249) (248 247 240) (244 245) (252 247 240) (253 248) (253 248)
 (253 248) (256) (257 251) (256) (259 254) (250 260 255) (257 259 255) (262)
 (254 263) (250 262 258) (265) (262) (266 267 260 263) (265 267 254)
 (265 267 261) (270) (271) (266 272) (273 268) (268 272) (268 269 271)
 (271 263) (268 277) (273 278) (275 279 264) (276 278) (273 277)
 (281 274 275 279 282) (283) (282 269) (282 275 276) (285 286 279 264)
 (274 287) (288) (288) (284 288) (289 290 291 280) (281 288 280) (290 291 293)
 (293) (289 294 295) (286) (289 297 291 293) (297 283 293) (299) (300 294)
 (291 300) (289 294 295 302) (290 302) (290 284 300) (305 298 292 304)
 (306 301) (307 296) (307 303 296) (309) (308 310) (311) (307 296)
 (313 308 310) (291 299 295) (315 304 296) (316 311) (313 316 308 309)
 (318 312) (318 312) (320) (317 320) (320) (314 323 319) (324) (325) (326)
 (322 327) (328) (328) (321 317 327) (329 331) (331 328) (329 333) (334) (333)
 (321 317 326) (337 334 336) (338 332) (339) (340) (337 336) (330 342 335)
 (330 339 342) (344) (345) (345 343) (347) (346 348) (349 341))