(NIL NIL NIL NIL NIL NIL NIL (1 2) (2 3) (3 4) 
(4 5) (5 6) (6 7) (2 3) (3 4) (4 5) (5 6) (6 7) (1 2) (2 4) 
(4 5) (5 6) (6 7) (1 2) (2 3) (3 4) (4 5) (5 6) (6 7) (1 2) 
(2 3) (3 4) (4 5) (5 6) (6 7) (1 2) (2 3) (3 4) (4 5) (5 6) 
(1 2) (2 4) (4 5) (5 6) (8 24) (8 41) (9 14) (9 25) (9 10 42) (13 18) 
(13 29) (12 17) (12 28) (12 44) (11 16) (11 27) (11 43) (9 15 42) (8 9 11 12 13 26 42) (8 19) 
(8 24) (8 30) (8 36) (8 41) (9 14) (9 10 20) (13 18) (13 23) (13 29) (13 35) 
(12 17) (12 22) (12 28) (12 34) (12 40) (12 44) (11 16) (11 21) (11 27) (11 33) 
(11 39) (11 43) (9 15 20) (9 20 26) (9 20 32) (9 20 38) (20 42) (9 25) (9 31) (8 9 11 12 13 20 37) 
(8 19) (8 24) (8 30) (8 36) (8 41) (9 14) (9 10 20) (13 18) (13 23) (13 29) 
(13 35) (12 17) (12 22) (12 28) (12 34) (12 40) (12 44) (11 16) (11 21) (11 27) 
(11 33) (11 39) (11 43) (9 15 20) (9 20 26) (9 20 32) (9 20 38) (20 42) (9 25) (9 31) 
(8 9 11 12 13 20 37) (24 30) (24 36) (24 41) (14 25) (14 31) (14 37) (14 15 42) (18 29) (18 35) 
(17 28) (17 34) (17 40) (17 44) (16 27) (16 33) (16 39) (16 43) (14 26 42) (14 32 42) 
(14 16 17 18 24 38 42) (8 19) (8 24) (8 30) (8 36) (8 41) (9 10 20) (13 23) (13 29) (13 35) 
(12 22) (12 28) (12 34) (12 40) (12 44) (11 21) (11 27) (11 33) (11 39) (11 43) 
(9 20 26) (9 20 32) (9 20 38) (20 42) (9 25) (9 31) (8 9 11 12 13 20 37) (8 19) (8 24) (8 30) 
(8 36) (8 41) (9 14) (9 10 20) (13 18) (13 23) (13 29) (13 35) (12 17) (12 22) 
(12 28) (12 34) (12 40) (12 44) (11 16) (11 21) (11 27) (11 33) (11 39) (11 43) 
(9 15 20) (9 20 26) (9 20 32) (9 20 38) (20 42) (9 25) (9 31) (8 9 11 12 13 20 37) (8 19) (8 24) 
(8 30) (8 36) (8 41) (9 14) (9 10 20) (13 18) (13 23) (13 29) (13 35) (12 17) 
(12 22) (12 28) (12 34) (12 40) (12 44) (11 16) (11 21) (11 27) (11 33) (11 39) 
(11 43) (9 15 20) (9 20 26) (9 20 32) (9 20 38) (20 42) (9 25) (9 31) (8 9 11 12 13 20 37) (8 24) 
(8 30) (8 36) (8 41) (9 25) (9 31) (9 37) (9 10 42) (13 29) (13 35) (12 28) 
(12 34) (12 40) (12 44) (11 27) (11 33) (11 39) (11 43) (9 26 42) (9 32 42) (8 9 11 12 13 38 42) 
(19 24) (19 30) (19 36) (19 41) (14 15 20) (18 23) (18 29) (18 35) (17 22) (17 28) 
(17 34) (17 40) (17 44) (16 21) (16 27) (16 33) (16 39) (16 43) (14 20 26) (14 20 32) 
(14 20 38) (20 42) (14 25) (14 31) (14 16 17 18 19 20 37) (19 24) (19 30) (19 36) (19 41) (14 15 20) 
(18 23) (18 29) (18 35) (17 22) (17 28) (17 34) (17 40) (17 44) (16 21) (16 27) 
(16 33) (16 39) (16 43) (14 20 26) (14 20 32) (14 20 38) (20 42) (14 25) (14 31) (14 16 17 18 19 20 37) 
(8 19) (8 24) (8 30) (8 36) (8 41) (9 14) (9 10 20) (13 18) (13 23) (13 29) 
(13 35) (12 17) (12 22) (12 28) (12 34) (12 40) (12 44) (11 16) (11 21) (11 27) 
(11 33) (11 39) (11 43) (9 15 20) (9 20 26) (9 20 32) (9 20 38) (20 42) (9 25) (9 31) 
(8 9 11 12 13 20 37) (8 24) (8 36) (8 41) (9 25) (9 37) (9 10 42) (13 29) (12 28) (12 40) 
(12 44) (11 27) (11 39) (11 43) (9 26 42) (8 9 11 12 13 38 42) (8 19) (8 24) (8 30) (8 36) 
(8 41) (9 14) (9 10 20) (13 18) (13 23) (13 29) (13 35) (12 17) (12 22) (12 28) 
(12 34) (12 40) (12 44) (11 16) (11 21) (11 27) (11 33) (11 39) (11 43) (9 15 20) 
(9 20 26) (9 20 32) (9 20 38) (20 42) (9 25) (9 31) (8 9 11 12 13 20 37) (8 19) (8 36) (9 14) 
(9 10 20) (13 18) (13 23) (12 17) (12 22) (12 40) (11 16) (11 21) (11 39) (9 15 20) 
(9 20 38) (8 9 11 12 13 20 37) (8 24) (8 30) (8 36) (8 41) (9 25) (9 31) (9 37) (9 10 42) 
(13 29) (13 35) (12 28) (12 34) (12 40) (12 44) (11 27) (11 33) (11 39) (11 43) 
(9 26 42) (9 32 42) (8 9 11 12 13 38 42) (8 19) (8 24) (8 36) (8 41) (9 14) (9 10 20) (13 18) 
(13 23) (13 29) (12 17) (12 22) (12 28) (12 40) (12 44) (11 16) (11 21) (11 27) 
(11 39) (11 43) (9 15 20) (9 20 26) (9 20 38) (20 42) (9 25) (8 9 11 12 13 20 37) )