(NIL NIL NIL NIL NIL NIL (1 3) (3 4) (4 5) (5 6) 
(1 2) (2 3) (3 4) (4 5) (5 6) (2 3) (3 4) (4 5) (5 6) (1 2) 
(2 3) (3 4) (4 5) (5 6) (1 2) (2 3) (3 4) (4 5) (5 6) (1 2) 
(2 3) (3 4) (4 5) (5 6) (11 20) (11 25) (11 30) (12 16) (12 21) (12 26) 
(12 31) (13 17) (13 22) (13 27) (13 32) (14 18) (14 23) (14 28) (14 33) (15 19) 
(15 24) (15 29) (11 12 13 14 15 34) (7 16 25) (7 25 26) (25 30) (7 25 31) (8 17) (8 27) (8 32) 
(9 18) (9 28) (9 33) (10 19) (10 29) (7 8 9 10 25 34) (7 11 12) (7 11 16) (11 20) (7 11 21) 
(11 25) (7 11 26) (11 30) (7 11 31) (8 13) (8 17) (8 22) (8 27) (8 32) (9 14) 
(9 18) (9 23) (9 28) (9 33) (10 15) (10 19) (10 24) (10 29) (7 8 9 10 11 34) (11 20) 
(11 25) (12 16) (12 21) (12 26) (13 17) (13 22) (13 27) (14 18) (14 23) (14 28) 
(15 19) (15 24) (11 12 13 14 15 29) (7 11 12) (7 11 16) (11 20) (7 11 21) (11 25) (7 11 26) (8 13) 
(8 17) (8 22) (8 27) (9 14) (9 18) (9 23) (9 28) (10 15) (10 19) (10 24) 
(7 8 9 10 11 29) (7 11 12) (7 11 16) (11 25) (7 11 26) (11 30) (7 11 31) (8 13) (8 17) (8 27) 
(8 32) (9 14) (9 18) (9 28) (9 33) (10 15) (10 19) (10 29) (7 8 9 10 11 34) (7 11 12) 
(7 11 16) (11 20) (7 11 21) (11 25) (7 11 26) (11 30) (7 11 31) (8 13) (8 17) (8 22) 
(8 27) (8 32) (9 14) (9 18) (9 23) (9 28) (9 33) (10 15) (10 19) (10 24) 
(10 29) (7 8 9 10 11 34) (7 11 12) (7 11 16) (11 20) (7 11 21) (11 25) (7 11 26) (11 30) (7 11 31) 
(8 13) (8 17) (8 22) (8 27) (8 32) (9 14) (9 18) (9 23) (9 28) (9 33) 
(10 15) (10 19) (10 24) (10 29) (7 8 9 10 11 34) (7 11 12) (11 25) (7 11 26) (11 30) (7 11 31) 
(8 13) (8 27) (8 32) (9 14) (9 28) (9 33) (10 15) (10 29) (7 8 9 10 11 34) (7 11 12) 
(7 11 16) (11 20) (7 11 21) (11 25) (7 11 26) (8 13) (8 17) (8 22) (8 27) (9 14) 
(9 18) (9 23) (9 28) (10 15) (10 19) (10 24) (7 8 9 10 11 29) (7 11 12) (7 11 16) (11 20) 
(7 11 21) (11 25) (7 11 26) (8 13) (8 17) (8 22) (8 27) (9 14) (9 18) (9 23) 
(9 28) (10 15) (10 19) (10 24) (7 8 9 10 11 29) (7 11 12) (7 11 16) (11 20) (7 11 21) (11 25) 
(7 11 26) (11 30) (7 11 31) (8 13) (8 17) (8 22) (8 27) (8 32) (9 14) (9 18) 
(9 23) (9 28) (9 33) (10 15) (10 19) (10 24) (10 29) (7 8 9 10 11 34) (7 11 12) (11 20) 
(7 11 21) (11 25) (7 11 26) (11 30) (7 11 31) (8 13) (8 22) (8 27) (8 32) (9 14) 
(9 23) (9 28) (9 33) (10 15) (10 24) (10 29) (7 8 9 10 11 34) (7 11 12) (7 11 16) (11 20) 
(7 11 21) (11 25) (7 11 26) (8 13) (8 17) (8 22) (8 27) (9 14) (9 18) (9 23) 
(9 28) (10 15) (10 19) (10 24) (7 8 9 10 11 29) (7 11 12) (7 11 16) (11 20) (7 11 21) (11 25) 
(7 11 26) (11 30) (7 11 31) (8 13) (8 17) (8 22) (8 27) (8 32) (9 14) (9 18) 
(9 23) (9 28) (9 33) (10 15) (10 19) (10 24) (10 29) (7 8 9 10 11 34) (7 11 12) (7 11 16) 
(11 20) (7 11 21) (11 25) (7 11 26) (8 13) (8 17) (8 22) (8 27) (9 14) (9 18) 
(9 23) (9 28) (10 15) (10 19) (10 24) (7 8 9 10 11 29) (11 20) (11 25) (11 30) (12 16) 
(12 21) (12 26) (12 31) (13 17) (13 22) (13 27) (13 32) (14 18) (14 23) (14 28) 
(14 33) (15 19) (15 24) (15 29) (11 12 13 14 15 34) (7 11 12) (7 11 16) (11 20) (7 11 21) (11 25) 
(7 11 26) (11 30) (7 11 31) (8 13) (8 17) (8 22) (8 27) (8 32) (9 14) (9 18) 
(9 23) (9 28) (9 33) (10 15) (10 19) (10 24) (10 29) (7 8 9 10 11 34) )