(NIL NIL NIL NIL NIL NIL NIL (1 2) (2 3) (3 4) 
(4 5) (5 6) (6 7) (2 4) (4 5) (5 7) (1 2) (2 3) (3 4) (4 5) 
(5 6) (6 7) (1 2) (2 3) (3 4) (4 5) (5 6) (6 7) (1 2) (2 3) 
(3 5) (5 6) (6 7) (2 4) (4 5) (5 6) (1 2) (2 4) (4 5) (5 7) 
(1 2) (2 3) (3 5) (5 6) (6 7) (1 2) (2 3) (3 4) (4 5) (5 6) 
(6 7) (1 2) (2 3) (3 5) (5 6) (1 2) (2 3) (3 5) (5 6) (6 7) 
(1 2) (2 3) (3 4) (4 5) (5 6) (6 7) (8 17) (8 23) (8 29) (8 46) 
(8 52) (8 56) (8 61) (9 10 14) (12 13 16) (13 22) (13 28) (13 33) (13 51) (13 60) 
(13 66) (12 21) (12 27) (12 32) (12 36) (12 50) (12 55) (12 59) (12 65) (11 15) 
(11 20) (11 26) (9 11 14 31) (11 35) (11 49) (9 11 14 54) (9 11 14 58) (11 64) (9 14 19) (9 14 25) 
(14 34) (9 14 48) (9 14 63) (9 18) (9 24) (9 30) (9 47) (9 53) (9 57) (8 9 11 12 13 14 62) 
(17 23) (17 29) (17 37) (17 46) (17 52) (17 56) (14 18 19) (18 24) (14 18 25) (18 30) 
(14 15 18 31) (16 21 22) (16 22 27) (22 28) (16 22 32) (22 33) (16 22 36) (16 22 50) (22 51) (16 22 55) 
(16 22 59) (22 60) (16 40) (14 18 20 31) (14 18 26 31) (14 18 31 35) (14 18 31 39) (14 18 31 49) (31 54) (31 58) 
(18 47) (14 18 48) (18 53) (18 57) (14 34) (14 16 17 18 22 31 38) (17 23) (17 29) (17 37) (17 41) 
(17 56) (17 61) (14 18 19) (18 24) (14 18 25) (18 30) (14 15 18 31) (16 21 22) (16 22 27) (22 28) 
(16 22 32) (22 33) (16 22 36) (16 22 44) (22 45) (16 22 59) (22 60) (16 22 65) (22 66) (16 40) 
(14 18 20 31) (14 18 26 31) (14 18 31 35) (14 18 31 39) (31 43) (31 58) (14 18 31 64) (18 42) (18 57) (18 62) 
(14 18 63) (14 34) (14 16 17 18 22 31 38) (8 17) (8 23) (8 29) (8 41) (8 46) (8 52) (8 56) 
(8 61) (9 10 14) (12 13 16) (13 22) (13 28) (13 33) (13 45) (13 51) (13 60) (13 66) 
(12 21) (12 27) (12 32) (12 44) (12 50) (12 55) (12 59) (12 65) (11 15) (11 20) 
(11 26) (9 11 14 31) (9 11 14 43) (11 49) (9 11 14 54) (9 11 14 58) (11 64) (9 14 19) (9 14 25) (9 14 48) 
(9 14 63) (9 18) (9 24) (9 30) (9 42) (9 47) (9 53) (9 57) (8 9 11 12 13 14 62) (8 17) 
(8 29) (8 37) (8 46) (8 56) (8 61) (9 10 14) (12 13 16) (13 22) (13 33) (12 13 40) 
(13 51) (13 60) (13 66) (12 21) (12 32) (12 36) (12 50) (12 59) (12 65) (11 15) 
(11 20) (9 11 14 31) (11 35) (11 39) (11 49) (9 11 14 58) (11 64) (9 14 19) (14 34) (14 38) 
(9 14 48) (9 14 63) (9 18) (9 30) (9 47) (9 57) (8 9 11 12 13 14 62) (17 23) (17 29) (17 41) 
(17 46) (17 56) (17 61) (14 18 19) (18 24) (14 18 25) (18 30) (14 15 18 31) (16 21 22) (16 22 27) 
(22 28) (16 22 32) (22 33) (16 22 44) (22 45) (16 22 50) (22 51) (16 22 59) (22 60) (16 22 65) 
(22 66) (14 18 20 31) (14 18 26 31) (31 43) (14 18 31 49) (31 58) (14 18 31 64) (18 42) (18 47) (14 18 48) 
(18 57) (18 62) (14 16 17 18 22 31 63) (8 17) (8 23) (8 29) (8 37) (8 41) (8 46) (8 52) 
(8 56) (8 61) (9 10 14) (12 13 16) (13 22) (13 28) (13 33) (12 13 40) (13 45) (13 51) 
(13 60) (13 66) (12 21) (12 27) (12 32) (12 36) (12 44) (12 50) (12 55) (12 59) 
(12 65) (11 15) (11 20) (11 26) (9 11 14 31) (11 35) (11 39) (9 11 14 43) (11 49) (9 11 14 54) 
(9 11 14 58) (11 64) (9 14 19) (9 14 25) (14 34) (14 38) (9 14 48) (9 14 63) (9 18) (9 24) 
(9 30) (9 42) (9 47) (9 53) (9 57) (8 9 11 12 13 14 62) (8 17) (8 23) (8 29) (8 37) 
(8 52) (8 56) (8 61) (9 10 14) (12 13 16) (13 22) (13 28) (13 33) (12 13 40) (13 60) 
(13 66) (12 21) (12 27) (12 32) (12 36) (12 55) (12 59) (12 65) (11 15) (11 20) 
(11 26) (9 11 14 31) (11 35) (11 39) (9 11 14 54) (9 11 14 58) (11 64) (9 14 19) (9 14 25) (14 34) 
(14 38) (9 14 63) (9 18) (9 24) (9 30) (9 53) (9 57) (8 9 11 12 13 14 62) (17 23) (17 29) 
(17 41) (17 46) (17 61) (14 18 19) (18 24) (14 18 25) (18 30) (14 15 18 31) (16 21 22) (16 22 27) 
(22 28) (16 22 32) (22 33) (16 22 36) (16 22 44) (22 45) (16 22 50) (22 51) (16 22 65) (22 66) 
(14 18 20 31) (14 18 26 31) (14 18 31 35) (31 43) (14 18 31 49) (14 18 31 64) (18 42) (18 47) (14 18 48) (18 62) 
(14 18 63) (14 16 17 18 22 31 34) (8 17) (8 23) (8 29) (8 37) (8 41) (8 46) (8 56) (8 61) 
(9 10 14) (12 13 16) (13 22) (13 28) (13 33) (12 13 40) (13 45) (13 51) (13 60) (13 66) 
(12 21) (12 27) (12 32) (12 44) (12 50) (12 59) (12 65) (11 15) (11 20) (11 26) 
(9 11 14 31) (11 39) (9 11 14 43) (11 49) (9 11 14 58) (11 64) (9 14 19) (9 14 25) (14 38) (9 14 48) 
(9 14 63) (9 18) (9 24) (9 30) (9 42) (9 47) (9 57) (8 9 11 12 13 14 62) (8 17) (8 23) 
(8 29) (8 41) (8 56) (8 61) (9 10 14) (12 13 16) (13 22) (13 28) (13 33) (13 45) 
(13 60) (13 66) (12 21) (12 27) (12 32) (12 36) (12 44) (12 59) (12 65) (11 15) 
(11 20) (11 26) (9 11 14 31) (11 35) (9 11 14 43) (9 11 14 58) (11 64) (9 14 19) (9 14 25) (14 34) 
(9 14 63) (9 18) (9 24) (9 30) (9 42) (9 57) (8 9 11 12 13 14 62) )