(NIL NIL NIL NIL NIL NIL NIL NIL NIL NIL 
NIL NIL (1 2) (2 3) (3 4) (4 6) (6 7) (7 9) (9 10) (10 11) 
(11 12) (1 2) (2 3) (3 4) (4 5) (5 6) (6 8) (8 10) (10 11) (11 12) 
(1 2) (2 3) (3 4) (4 5) (5 6) (6 7) (7 8) (8 9) (9 10) (10 11) 
(1 2) (2 3) (3 4) (4 5) (5 6) (6 7) (7 8) (8 9) (9 10) (10 11) 
(11 12) (1 2) (2 3) (3 4) (4 5) (5 6) (6 7) (7 8) (8 9) (9 10) 
(10 11) (11 12) (1 2) (2 3) (3 4) (4 5) (5 6) (6 7) (7 8) (8 9) 
(9 10) (10 12) (1 2) (2 3) (3 4) (4 5) (5 6) (6 9) (9 10) (10 11) 
(11 12) (13 22) (13 31) (13 41) (13 52) (13 63) (14 23) (14 32) (14 42) (14 53) 
(14 64) (15 24) (15 33) (15 43) (15 54) (15 65) (16 25 26) (25 34) (16 25 35) (25 44) 
(16 25 45) (25 55) (16 25 56) (25 66) (16 25 67) (17 18 19 27 28) (19 28 38) (19 39) (19 28 48) (19 49) 
(19 28 59) (19 60) (19 28 70) (19 71) (21 30) (21 51) (21 62) (20 21 72) (20 29) (20 40) 
(20 50) (20 61) (17 27 37) (17 27 47) (17 27 58) (17 27 69) (17 36) (17 46) (17 57) (13 14 15 16 17 19 20 21 25 27 ...) 
(13 22) (13 31) (13 41) (13 52) (13 63) (14 23) (14 32) (14 42) (14 53) (14 64) 
(15 24) (15 33) (15 43) (15 54) (15 65) (16 25 26) (25 34) (16 25 35) (25 44) (16 25 45) 
(25 55) (16 25 56) (25 66) (16 25 67) (17 18 19 27 28) (19 28 38) (19 39) (19 28 48) (19 49) (19 28 59) 
(19 60) (19 28 70) (19 71) (21 30) (21 51) (21 62) (20 21 72) (20 29) (20 40) (20 50) 
(20 61) (17 27 37) (17 27 47) (17 27 58) (17 27 69) (17 36) (17 46) (17 57) (13 14 15 16 17 19 20 21 25 27 ...) (13 22) 
(13 31) (13 41) (13 52) (14 23) (14 32) (14 42) (14 53) (15 24) (15 33) (15 43) 
(15 54) (16 25 26) (25 34) (16 25 35) (25 44) (16 25 45) (25 55) (16 25 56) (17 18 19 27 28) (19 28 38) 
(19 39) (19 28 48) (19 49) (19 28 59) (19 60) (21 30) (21 51) (21 62) (20 29) (20 40) 
(20 50) (20 61) (17 27 37) (17 27 47) (17 27 58) (17 36) (17 46) (13 14 15 16 17 19 20 21 25 27 ...) (13 22) (13 31) 
(13 52) (13 63) (13 73) (14 23) (14 32) (14 53) (14 64) (14 74) (15 24) (15 33) 
(15 54) (15 65) (15 75) (16 25 26) (25 34) (16 25 35) (25 55) (16 25 56) (25 66) (16 25 67) 
(25 76) (16 25 77) (17 18 19 27 28) (19 28 38) (19 39) (19 28 59) (19 60) (19 28 70) (19 71) (19 27 28 78) 
(19 79) (21 30) (21 62) (20 21 72) (21 81) (20 29) (20 40) (20 61) (20 80) (17 27 37) 
(17 27 58) (17 27 69) (17 36) (17 57) (13 14 15 16 17 19 20 21 25 27 ...) (13 22) (13 31) (13 41) (13 52) (13 63) 
(13 73) (14 23) (14 32) (14 42) (14 53) (14 64) (14 74) (15 24) (15 33) (15 43) 
(15 54) (15 65) (15 75) (16 25 26) (25 34) (16 25 35) (25 44) (16 25 45) (25 55) (16 25 56) 
(25 66) (16 25 67) (25 76) (16 25 77) (17 18 19 27 28) (19 28 38) (19 39) (19 28 48) (19 49) (19 28 59) 
(19 60) (19 28 70) (19 71) (19 27 28 78) (19 79) (21 30) (21 51) (21 62) (20 21 72) (21 81) 
(20 29) (20 40) (20 50) (20 61) (20 80) (17 27 37) (17 27 47) (17 27 58) (17 27 69) (17 36) 
(17 46) (17 57) (13 14 15 16 17 19 20 21 25 27 ...) (13 22) (13 31) (13 41) (13 52) (13 73) (14 23) (14 32) 
(14 42) (14 53) (14 74) (15 24) (15 33) (15 43) (15 54) (15 75) (16 25 26) (25 34) 
(16 25 35) (25 44) (16 25 45) (25 55) (16 25 56) (25 76) (16 25 77) (17 18 19 27 28) (19 28 38) (19 39) 
(19 28 48) (19 49) (19 28 59) (19 60) (19 27 28 78) (19 79) (21 30) (21 51) (21 62) (21 81) 
(20 29) (20 40) (20 50) (20 61) (20 80) (17 27 37) (17 27 47) (17 27 58) (17 36) (17 46) 
(13 14 15 16 17 19 20 21 25 27 ...) (13 22) (13 31) (13 73) (14 23) (14 32) (14 74) (15 24) (15 33) (15 75) 
(16 25 26) (25 34) (16 25 35) (25 76) (16 25 77) (17 18 19 27 28) (19 28 38) (19 39) (19 27 28 78) (19 79) 
(21 30) (21 81) (20 29) (20 40) (20 80) (17 27 37) (13 14 15 16 17 19 20 21 25 27 ...) (13 22) (13 31) (13 41) 
(13 52) (13 63) (13 73) (14 23) (14 32) (14 42) (14 53) (14 64) (14 74) (15 24) 
(15 33) (15 43) (15 54) (15 65) (15 75) (16 25 26) (25 34) (16 25 35) (25 44) (16 25 45) 
(25 55) (16 25 56) (25 66) (16 25 67) (25 76) (16 25 77) (17 18 19 27 28) (19 28 38) (19 39) (19 28 48) 
(19 49) (19 28 59) (19 60) (19 28 70) (19 71) (19 27 28 78) (19 79) (21 30) (21 51) (21 62) 
(20 21 72) (21 81) (20 29) (20 40) (20 50) (20 61) (20 80) (17 27 37) (17 27 47) (17 27 58) 
(17 27 69) (17 36) (17 46) (17 57) (13 14 15 16 17 19 20 21 25 27 ...) (13 22) (13 31) (13 41) (13 52) (13 63) 
(14 23) (14 32) (14 42) (14 53) (14 64) (15 24) (15 33) (15 43) (15 54) (15 65) 
(16 25 26) (25 34) (16 25 35) (25 44) (16 25 45) (25 55) (16 25 56) (25 66) (16 25 67) (17 18 19 27 28) 
(19 28 38) (19 39) (19 28 48) (19 49) (19 28 59) (19 60) (19 28 70) (19 71) (21 30) (21 51) 
(21 62) (20 21 72) (20 29) (20 40) (20 50) (20 61) (17 27 37) (17 27 47) (17 27 58) (17 27 69) 
(17 36) (17 46) (17 57) (13 14 15 16 17 19 20 21 25 27 ...) (13 22) (13 31) (13 41) (13 52) (13 63) (13 73) 
(14 23) (14 32) (14 42) (14 53) (14 64) (14 74) (15 24) (15 33) (15 43) (15 54) 
(15 65) (15 75) (16 25 26) (25 34) (16 25 35) (25 44) (16 25 45) (25 55) (16 25 56) (25 66) 
(16 25 67) (25 76) (16 25 77) (17 18 19 27 28) (19 28 38) (19 39) (19 28 48) (19 49) (19 28 59) (19 60) 
(19 28 70) (19 71) (19 27 28 78) (19 79) (21 30) (21 51) (21 62) (20 21 72) (21 81) (20 29) 
(20 40) (20 50) (20 61) (20 80) (17 27 37) (17 27 47) (17 27 58) (17 27 69) (17 36) (17 46) 
(17 57) (13 14 15 16 17 19 20 21 25 27 ...) (13 22) (13 31) (13 41) (13 52) (14 23) (14 32) (14 42) (14 53) 
(15 24) (15 33) (15 43) (15 54) (16 25 26) (25 34) (16 25 35) (25 44) (16 25 45) (25 55) 
(16 25 56) (17 18 19 27 28) (19 28 38) (19 39) (19 28 48) (19 49) (19 28 59) (19 60) (21 30) (21 51) 
(21 62) (20 29) (20 40) (20 50) (20 61) (17 27 37) (17 27 47) (17 27 58) (17 36) (17 46) 
(13 14 15 16 17 19 20 21 25 27 ...) )