(NIL NIL NIL NIL NIL NIL NIL NIL NIL NIL 
NIL (1 3) (3 4) (4 5) (5 6) (6 7) (7 8) (8 11) (1 2) (2 3) 
(3 4) (4 5) (5 6) (6 7) (7 8) (8 9) (9 11) (1 2) (2 3) (3 4) 
(4 5) (5 6) (6 7) (7 8) (8 9) (9 10) (10 11) (1 2) (2 5) (5 6) 
(6 8) (8 9) (9 10) (10 11) (1 2) (2 3) (3 4) (4 5) (5 7) (7 8) 
(8 9) (9 10) (10 11) (1 2) (2 3) (3 5) (5 6) (6 7) (7 8) (8 9) 
(9 10) (10 11) (1 2) (2 4) (4 5) (5 6) (6 7) (7 8) (8 9) (9 10) 
(12 19 20) (19 38) (12 13 14 19 39) (12 14 19 21 39) (14 22) (12 14 19 39 47) (14 48) (14 39 64) (14 65) (18 26 27) 
(18 27 42) (27 43 44) (43 52) (27 43 53) (43 70) (18 27 51) (18 27 69) (17 25) (16 17 41) (17 50) 
(17 68) (16 24) (15 16 49) (16 67) (15 23) (15 40) (15 66) (19 45) (12 19 46) (12 14 15 16 17 18 19 27 39 43 ...) 
(12 19 20) (19 28) (12 19 29) (19 38) (12 13 14 19 39) (12 14 19 21 39) (14 22) (12 14 19 30 39) (14 31) (12 14 19 39 47) 
(14 48) (14 39 64) (14 65) (18 26 27) (18 27 35) (27 36 37) (36 43) (27 36 44) (36 52) (27 36 53) 
(36 61) (27 36 62) (36 70) (18 27 42) (18 27 51) (18 27 60) (18 27 69) (17 25) (17 34) (16 17 41) 
(17 50) (17 59) (17 68) (16 24) (16 33) (15 16 49) (16 58) (16 67) (15 23) (15 32) 
(15 40) (15 57) (15 66) (12 19 39 56) (19 45) (12 19 46) (19 54) (12 19 55) (12 14 15 16 17 18 19 27 36 39 ...) (12 28 29) 
(28 45) (12 28 46) (28 54) (12 28 55) (28 63) (12 13 28 64) (18 35 36 37) (18 36 37 51) (36 52) (18 36 37 60) 
(36 61) (18 36 37 69) (36 70) (37 53) (37 62) (17 34) (17 50) (17 59) (17 68) (16 33) 
(15 16 49) (16 58) (16 67) (15 32) (15 57) (15 66) (14 31) (14 48) (12 14 28 56 64) (14 65) 
(12 28 30 64) (12 14 15 16 17 18 28 36 37 47 ...) (12 28 29) (28 38) (12 13 14 28 39) (12 14 28 30 39) (14 31) (12 14 28 39 47) (14 48) (14 39 64) 
(14 65) (18 35 36 37) (18 36 37 42) (36 43) (18 36 37 51) (36 52) (18 36 37 60) (36 61) (18 36 37 69) (36 70) 
(37 44) (37 53) (37 62) (17 34) (16 17 41) (17 50) (17 59) (17 68) (16 33) (15 16 49) 
(16 58) (16 67) (15 32) (15 40) (15 57) (15 66) (12 28 39 56) (28 45) (12 28 46) (28 54) 
(12 28 55) (12 14 15 16 17 18 28 36 37 39 ...) (12 19 20) (19 38) (12 13 14 19 39) (12 14 19 21 39) (14 22) (12 14 19 39 47) (14 48) (14 39 64) 
(14 65) (18 26 27) (18 27 42) (27 43 44) (43 52) (27 43 53) (43 61) (27 43 62) (43 70) (18 27 51) 
(18 27 60) (18 27 69) (17 25) (16 17 41) (17 50) (17 59) (17 68) (16 24) (15 16 49) (16 58) 
(16 67) (15 23) (15 40) (15 57) (15 66) (12 19 39 56) (19 45) (12 19 46) (19 54) (12 19 55) 
(12 14 15 16 17 18 19 27 39 43 ...) (12 19 20) (19 28) (12 19 29) (19 38) (12 13 14 19 39) (12 14 19 21 39) (14 22) (12 14 19 30 39) (14 31) 
(12 14 19 39 47) (14 48) (14 39 64) (14 65) (18 26 27) (18 27 35) (27 36 37) (36 43) (27 36 44) (36 52) 
(27 36 53) (36 61) (27 36 62) (36 70) (18 27 42) (18 27 51) (18 27 60) (18 27 69) (17 25) (17 34) 
(16 17 41) (17 50) (17 59) (17 68) (16 24) (16 33) (15 16 49) (16 58) (16 67) (15 23) 
(15 32) (15 40) (15 57) (15 66) (12 19 39 56) (19 45) (12 19 46) (19 54) (12 19 55) (12 14 15 16 17 18 19 27 36 39 ...) 
(12 19 20) (19 28) (12 19 29) (19 38) (12 13 14 19 39) (12 14 19 21 39) (14 22) (12 14 19 30 39) (14 31) (12 14 19 39 47) 
(14 48) (14 39 64) (14 65) (18 26 27) (18 27 35) (27 36 37) (36 43) (27 36 44) (36 52) (27 36 53) 
(36 70) (18 27 42) (18 27 51) (18 27 69) (17 25) (17 34) (16 17 41) (17 50) (17 68) (16 24) 
(16 33) (15 16 49) (16 67) (15 23) (15 32) (15 40) (15 66) (19 45) (12 19 46) (12 14 15 16 17 18 19 27 36 39 ...) 
(12 19 20) (19 28) (12 19 29) (19 38) (12 13 14 19 39) (12 14 19 21 39) (14 22) (12 14 19 30 39) (14 31) (12 14 19 39 47) 
(14 48) (14 39 64) (14 65) (18 26 27) (18 27 35) (27 36 37) (36 43) (27 36 44) (36 52) (27 36 53) 
(36 61) (27 36 62) (36 70) (18 27 42) (18 27 51) (18 27 60) (18 27 69) (17 25) (17 34) (16 17 41) 
(17 50) (17 59) (17 68) (16 24) (16 33) (15 16 49) (16 58) (16 67) (15 23) (15 32) 
(15 40) (15 57) (15 66) (12 19 39 56) (19 45) (12 19 46) (19 54) (12 19 55) (12 14 15 16 17 18 19 27 36 39 ...) (12 28 29) 
(28 38) (12 13 14 28 39) (12 14 28 30 39) (14 31) (12 14 28 39 47) (14 48) (14 39 64) (14 65) (18 35 36 37) (18 36 37 42) 
(36 43) (18 36 37 51) (36 52) (18 36 37 60) (36 61) (18 36 37 69) (36 70) (37 44) (37 53) (37 62) 
(17 34) (16 17 41) (17 50) (17 59) (17 68) (16 33) (15 16 49) (16 58) (16 67) (15 32) 
(15 40) (15 57) (15 66) (12 28 39 56) (28 45) (12 28 46) (28 54) (12 28 55) (12 14 15 16 17 18 28 36 37 39 ...) (12 28 29) 
(28 38) (12 13 14 28 39) (12 14 28 30 39) (14 31) (12 14 28 39 47) (14 48) (14 39 64) (14 65) (18 35 36 37) (18 36 37 42) 
(36 43) (18 36 37 51) (36 52) (18 36 37 60) (36 61) (18 36 37 69) (36 70) (37 44) (37 53) (37 62) 
(17 34) (16 17 41) (17 50) (17 59) (17 68) (16 33) (15 16 49) (16 58) (16 67) (15 32) 
(15 40) (15 57) (15 66) (12 28 39 56) (28 45) (12 28 46) (28 54) (12 28 55) (12 14 15 16 17 18 28 36 37 39 ...) (12 19 20) 
(19 28) (12 19 29) (19 38) (12 13 14 19 39) (12 14 19 21 39) (14 22) (12 14 19 30 39) (14 31) (12 14 19 39 47) (14 48) 
(14 39 64) (14 65) (18 26 27) (18 27 35) (27 36 37) (36 43) (27 36 44) (36 52) (27 36 53) (36 61) 
(27 36 62) (36 70) (18 27 42) (18 27 51) (18 27 60) (18 27 69) (17 25) (17 34) (16 17 41) (17 50) 
(17 59) (17 68) (16 24) (16 33) (15 16 49) (16 58) (16 67) (15 23) (15 32) (15 40) 
(15 57) (15 66) (12 19 39 56) (19 45) (12 19 46) (19 54) (12 19 55) (12 14 15 16 17 18 19 27 36 39 ...) (12 28 29) (28 45) 
(12 28 46) (28 54) (12 28 55) (28 63) (12 13 28 64) (18 35 36 37) (18 36 37 51) (36 52) (18 36 37 60) (36 61) 
(18 36 37 69) (36 70) (37 53) (37 62) (17 34) (17 50) (17 59) (17 68) (16 33) (15 16 49) 
(16 58) (16 67) (15 32) (15 57) (15 66) (14 31) (14 48) (12 14 28 56 64) (14 65) (12 28 30 64) 
(12 14 15 16 17 18 28 36 37 47 ...) )