(NIL NIL NIL NIL NIL NIL (1 2) (2 3) (3 4) (4 5) 
(5 6) (1 2) (2 3) (3 4) (4 5) (5 6) (1 2) (2 3) (3 4) (4 5) 
(2 3) (3 4) (4 6) (1 2) (2 3) (3 5) (5 6) (7 12) (7 24) (8 13) 
(8 21) (8 25) (9 14) (9 22) (9 10 26) (11 16) (9 11 23 26) (11 27) (7 8 9 11 15 26) (7 12) 
(7 17) (8 13) (8 18) (8 21) (9 14) (9 19) (9 22) (10 15) (10 20) (10 11 23) 
(7 8 9 10 16 23) (7 12) (7 17) (7 24) (8 13) (8 18) (8 21) (8 25) (9 14) (9 19) 
(9 22) (9 10 26) (11 16) (9 11 23 26) (11 27) (9 15 26) (7 8 9 11 20 26) (7 12) (7 17) (8 13) 
(8 18) (8 21) (9 14) (9 19) (9 22) (10 15) (10 20) (10 11 23) (7 8 9 10 16 23) (12 17) 
(13 18) (13 21) (14 19) (14 22) (15 20) (12 13 14 15 16 23) (7 12) (7 17) (8 13) (8 18) 
(8 21) (9 14) (9 19) (9 22) (10 15) (10 20) (10 11 23) (7 8 9 10 16 23) (7 12) (7 17) 
(7 24) (8 13) (8 18) (8 21) (8 25) (9 14) (9 19) (9 22) (9 10 26) (11 16) 
(9 11 23 26) (11 27) (9 15 26) (7 8 9 11 20 26) (7 12) (7 17) (7 24) (8 13) (8 18) (8 21) 
(8 25) (9 14) (9 19) (9 22) (9 10 26) (11 16) (9 11 23 26) (11 27) (9 15 26) (7 8 9 11 20 26) 
(7 12) (7 17) (7 24) (8 13) (8 18) (8 25) (9 14) (9 19) (9 10 26) (11 16) 
(11 27) (9 15 26) (7 8 9 11 20 26) (7 17) (7 24) (8 18) (8 21) (8 25) (9 19) (9 22) 
(9 10 26) (9 11 23 26) (11 27) (7 8 9 11 20 26) (7 12) (7 17) (7 24) (8 13) (8 18) (8 21) 
(8 25) (9 14) (9 19) (9 22) (9 10 26) (11 16) (9 11 23 26) (11 27) (9 15 26) (7 8 9 11 20 26) 
(7 12) (8 13) (8 21) (9 14) (9 22) (10 15) (10 11 23) (7 8 9 10 16 23) (7 12) (7 17) 
(8 13) (8 18) (8 21) (9 14) (9 19) (9 22) (10 15) (10 20) (10 11 23) (7 8 9 10 16 23) 
(12 17) (12 24) (13 18) (13 21) (13 25) (14 19) (14 22) (14 15 26) (14 16 23 26) (16 27) 
(12 13 14 16 20 26) (17 24) (18 21) (18 25) (19 22) (19 20 26) (17 18 19 23 26 27) (7 12) (7 17) (7 24) 
(8 13) (8 18) (8 21) (8 25) (9 14) (9 19) (9 22) (9 10 26) (11 16) (9 11 23 26) 
(11 27) (9 15 26) (7 8 9 11 20 26) (7 12) (7 17) (7 24) (8 13) (8 18) (8 21) (8 25) 
(9 14) (9 19) (9 22) (9 10 26) (11 16) (9 11 23 26) (11 27) (9 15 26) (7 8 9 11 20 26) (7 17) 
(7 24) (8 18) (8 21) (8 25) (9 19) (9 22) (9 10 26) (9 11 23 26) (11 27) (7 8 9 11 20 26) 
(7 12) (7 17) (7 24) (8 13) (8 18) (8 21) (8 25) (9 14) (9 19) (9 22) 
(9 10 26) (11 16) (9 11 23 26) (11 27) (9 15 26) (7 8 9 11 20 26) )