(NIL NIL NIL (2 3) (1 2) (2 3) (1 2) (2 3) (1 2) (2 3) 
(1 3) (1 2) (2 3) (1 2) (2 3) (1 3) (1 2) (2 3) (1 2) (2 3) 
(1 3) (1 2) (2 3) (1 2) (2 3) (7 9) (4 7 11) (7 12) (7 14) (4 7 16) 
(7 17) (4 7 21) (7 22) (4 8) (4 10) (4 13) (4 15) (4 18) (4 7 23) (5 7) 
(5 9) (4 5 11) (5 12) (5 14) (4 5 16) (5 17) (5 19) (4 5 21) (5 24) (4 6) 
(4 8) (4 10) (4 13) (4 15) (4 18) (4 20) (4 5 25) (4 7 11) (7 12) (4 7 16) 
(7 22) (7 24) (4 8) (4 13) (4 23) (4 7 25) (5 7) (5 9) (4 5 11) (5 12) 
(5 14) (4 5 16) (5 17) (5 19) (4 5 21) (5 22) (5 24) (4 6) (4 8) (4 10) 
(4 13) (4 15) (4 18) (4 20) (4 23) (4 5 25) (5 7) (5 9) (4 5 11) (5 12) 
(5 14) (4 5 16) (5 17) (5 19) (4 5 21) (5 22) (5 24) (4 6) (4 8) (4 10) 
(4 13) (4 15) (4 18) (4 20) (4 23) (4 5 25) (5 7) (5 9) (4 5 11) (5 12) 
(5 14) (4 5 16) (5 17) (5 19) (4 5 21) (5 22) (5 24) (4 6) (4 8) (4 10) 
(4 13) (4 15) (4 18) (4 20) (4 23) (4 5 25) (5 7) (5 9) (5 12) (5 14) 
(4 5 16) (5 17) (5 19) (4 5 21) (5 22) (5 24) (4 6) (4 8) (4 10) (4 13) 
(4 15) (4 18) (4 20) (4 23) (4 5 25) (5 7) (5 9) (4 5 11) (5 14) (4 5 16) 
(5 17) (5 19) (4 5 21) (5 22) (5 24) (4 6) (4 8) (4 10) (4 15) (4 18) 
(4 20) (4 23) (4 5 25) (4 9 11) (9 12) (9 14) (4 9 16) (9 17) (9 19) (4 9 21) 
(9 22) (9 24) (4 10) (4 13) (4 15) (4 18) (4 20) (4 23) (4 9 25) (5 7) 
(5 9) (4 5 11) (4 5 16) (5 17) (5 19) (4 5 21) (5 22) (4 6) (4 8) (4 10) 
(4 18) (4 20) (4 5 23) (5 7) (5 9) (4 5 11) (5 12) (5 14) (4 5 16) (5 17) 
(5 19) (4 5 21) (5 22) (4 6) (4 8) (4 10) (4 13) (4 15) (4 18) (4 20) 
(4 5 23) (4 9 11) (9 12) (4 9 16) (9 19) (9 22) (9 24) (4 10) (4 13) (4 20) 
(4 23) (4 9 25) (5 7) (5 9) (4 5 11) (5 12) (5 14) (4 5 16) (5 17) (5 19) 
(5 22) (5 24) (4 6) (4 8) (4 10) (4 13) (4 15) (4 18) (4 20) (4 23) 
(4 5 25) (4 11 12) (4 12 16) (12 17) (12 19) (12 22) (12 24) (4 13) (4 18) (4 20) 
(4 23) (4 12 25) )