(NIL NIL NIL NIL NIL NIL NIL NIL NIL NIL 
NIL (1 2) (2 3) (3 4) (4 5) (5 6) (6 7) (7 8) (8 9) (9 10) 
(10 11) (1 2) (2 3) (3 4) (4 5) (5 6) (6 7) (7 8) (8 9) (9 10) 
(1 2) (2 3) (3 4) (4 5) (5 6) (6 7) (7 8) (8 9) (9 11) (1 2) 
(2 3) (3 4) (4 6) (6 7) (7 8) (8 9) (9 10) (10 11) (1 2) (2 3) 
(3 4) (4 6) (6 7) (7 8) (8 9) (9 10) (10 11) (1 2) (2 4) (4 6) 
(6 7) (7 8) (8 9) (9 10) (10 11) (1 2) (2 3) (3 4) (4 5) (5 6) 
(6 7) (7 8) (8 9) (9 10) (10 11) (1 2) (2 3) (3 4) (4 6) (6 7) 
(7 8) (8 9) (9 10) (10 11) (1 2) (2 4) (4 6) (6 7) (7 9) (9 11) 
(12 22) (12 31) (12 40) (12 49) (12 58) (12 66) (12 76) (12 85) (13 23) (13 32) 
(13 41) (13 50) (13 14 59) (20 21 39) (21 48) (21 57) (21 65) (21 75) (21 84) (20 21 90) 
(20 30) (20 47) (20 56) (20 64) (20 74) (20 83) (19 29) (19 38) (19 46) (19 55) 
(19 63) (19 73) (19 82) (18 19 89) (18 28) (18 37) (18 45) (18 54) (18 62) (18 72) 
(18 81) (17 27) (17 36) (17 44) (17 53) (17 61) (17 71) (17 80) (17 88) (16 26) 
(16 35) (15 16 43) (15 16 52) (15 16 60) (16 70) (15 16 79) (15 16 87) (15 25) (15 34) (15 69) 
(13 24 59) (13 33 59) (13 42 59) (13 51 59) (13 59 68) (13 59 78) (59 86) (13 67) (12 13 15 16 17 18 19 20 21 59 ...) (12 22) 
(12 40) (12 49) (12 58) (12 76) (13 23) (13 41) (13 50) (13 14 59) (21 48) (21 57) 
(21 65) (21 84) (20 30) (20 47) (20 56) (20 64) (20 83) (19 29) (19 46) (19 55) 
(19 63) (19 82) (18 28) (18 45) (18 54) (18 62) (18 81) (17 27) (17 44) (17 53) 
(17 61) (17 80) (16 26) (15 16 43) (15 16 52) (15 16 60) (15 16 79) (15 25) (13 24 59) (13 42 59) 
(13 51 59) (13 59 78) (12 13 15 16 17 18 19 20 21 59 ...) (12 22) (12 31) (12 40) (12 49) (12 76) (13 23) (13 32) 
(13 41) (13 50) (13 77) (14 24) (14 33) (14 42) (14 51) (14 78) (15 25) (15 34) 
(15 16 43) (20 21 39) (21 48) (21 57) (21 84) (20 30) (20 47) (20 56) (20 83) (19 29) 
(19 38) (19 46) (19 55) (19 82) (18 28) (18 37) (18 45) (18 54) (18 81) (17 27) 
(17 36) (17 44) (17 53) (17 80) (15 26 43) (15 35 43) (43 52) (12 13 14 15 17 18 19 20 21 43 ...) (12 22) (12 31) 
(12 40) (12 49) (12 58) (12 66) (12 76) (12 85) (13 23) (13 32) (13 41) (13 50) 
(13 14 59) (20 21 39) (21 48) (21 57) (21 65) (21 75) (21 84) (20 21 90) (20 30) (20 47) 
(20 56) (20 64) (20 74) (20 83) (19 29) (19 38) (19 46) (19 55) (19 63) (19 73) 
(19 82) (18 19 89) (18 28) (18 37) (18 45) (18 54) (18 62) (18 72) (18 81) (17 27) 
(17 36) (17 44) (17 53) (17 61) (17 71) (17 80) (17 88) (16 26) (16 35) (15 16 43) 
(15 16 52) (15 16 60) (16 70) (15 16 79) (15 16 87) (15 25) (15 34) (15 69) (13 24 59) (13 33 59) 
(13 42 59) (13 51 59) (13 59 68) (13 59 78) (59 86) (13 67) (12 13 15 16 17 18 19 20 21 59 ...) (12 22) (12 31) (12 49) 
(12 58) (12 66) (12 76) (12 85) (13 23) (13 32) (13 50) (13 14 59) (20 21 39) (21 57) 
(21 65) (21 75) (21 84) (20 21 90) (20 30) (20 56) (20 64) (20 74) (20 83) (19 29) 
(19 38) (19 55) (19 63) (19 73) (19 82) (18 19 89) (18 28) (18 37) (18 54) (18 62) 
(18 72) (18 81) (17 27) (17 36) (17 53) (17 61) (17 71) (17 80) (17 88) (16 26) 
(16 35) (15 16 52) (15 16 60) (16 70) (15 16 79) (15 16 87) (15 25) (15 34) (15 69) (13 24 59) 
(13 33 59) (13 51 59) (13 59 68) (13 59 78) (59 86) (13 67) (12 13 15 16 17 18 19 20 21 59 ...) (12 22) (12 31) (12 40) 
(12 49) (12 58) (12 66) (13 23) (13 32) (13 41) (13 50) (13 14 59) (20 21 39) (21 48) 
(21 57) (21 65) (21 75) (20 30) (20 47) (20 56) (20 64) (20 74) (19 29) (19 38) 
(19 46) (19 55) (19 63) (19 73) (18 28) (18 37) (18 45) (18 54) (18 62) (18 72) 
(17 27) (17 36) (17 44) (17 53) (17 61) (17 71) (16 26) (16 35) (15 16 43) (15 16 52) 
(15 16 60) (16 70) (15 25) (15 34) (15 69) (13 24 59) (13 33 59) (13 42 59) (13 51 59) (13 59 68) 
(12 13 15 16 17 18 19 20 21 59 ...) (12 22) (12 31) (12 40) (12 49) (12 58) (12 66) (12 76) (12 85) (13 23) 
(13 32) (13 41) (13 50) (13 14 59) (20 21 39) (21 48) (21 57) (21 65) (21 75) (21 84) 
(20 21 90) (20 30) (20 47) (20 56) (20 64) (20 74) (20 83) (19 29) (19 38) (19 46) 
(19 55) (19 63) (19 73) (19 82) (18 19 89) (18 28) (18 37) (18 45) (18 54) (18 62) 
(18 72) (18 81) (17 27) (17 36) (17 44) (17 53) (17 61) (17 71) (17 80) (17 88) 
(16 26) (16 35) (15 16 43) (15 16 52) (15 16 60) (16 70) (15 16 79) (15 16 87) (15 25) (15 34) 
(15 69) (13 24 59) (13 33 59) (13 42 59) (13 51 59) (13 59 68) (13 59 78) (59 86) (13 67) (12 13 15 16 17 18 19 20 21 59 ...) 
(12 22) (12 40) (12 49) (12 66) (12 76) (13 23) (13 41) (13 50) (13 67) (13 77) 
(14 24) (14 42) (14 51) (14 68) (14 78) (15 25) (15 16 43) (21 48) (21 57) (21 75) 
(21 84) (20 30) (20 47) (20 56) (20 74) (20 83) (19 29) (19 46) (19 55) (19 73) 
(19 82) (18 28) (18 45) (18 54) (18 72) (18 81) (17 27) (17 44) (17 53) (17 71) 
(17 80) (15 26 43) (43 52) (15 43 70) (43 79) (12 13 14 15 17 18 19 20 21 43 ...) (12 22) (12 31) (12 40) (12 49) 
(12 58) (12 66) (12 85) (13 23) (13 32) (13 41) (13 50) (13 14 59) (20 21 39) (21 48) 
(21 57) (21 65) (21 75) (20 21 90) (20 30) (20 47) (20 56) (20 64) (20 74) (19 29) 
(19 38) (19 46) (19 55) (19 63) (19 73) (18 19 89) (18 28) (18 37) (18 45) (18 54) 
(18 62) (18 72) (17 27) (17 36) (17 44) (17 53) (17 61) (17 71) (17 88) (16 26) 
(16 35) (15 16 43) (15 16 52) (15 16 60) (16 70) (15 16 87) (15 25) (15 34) (15 69) (13 24 59) 
(13 33 59) (13 42 59) (13 51 59) (13 59 68) (59 86) (12 13 15 16 17 18 19 20 21 59 ...) (12 22) (12 31) (12 40) (12 49) 
(12 58) (12 66) (12 76) (12 85) (13 23) (13 32) (13 41) (13 50) (13 14 59) (20 21 39) 
(21 48) (21 57) (21 65) (21 75) (21 84) (20 21 90) (20 30) (20 47) (20 56) (20 64) 
(20 74) (20 83) (19 29) (19 38) (19 46) (19 55) (19 63) (19 73) (19 82) (18 19 89) 
(18 28) (18 37) (18 45) (18 54) (18 62) (18 72) (18 81) (17 27) (17 36) (17 44) 
(17 53) (17 61) (17 71) (17 80) (17 88) (16 26) (16 35) (15 16 43) (15 16 52) (15 16 60) 
(16 70) (15 16 79) (15 16 87) (15 25) (15 34) (15 69) (13 24 59) (13 33 59) (13 42 59) (13 51 59) 
(13 59 68) (13 59 78) (59 86) (13 67) (12 13 15 16 17 18 19 20 21 59 ...) )