(NIL NIL NIL NIL NIL NIL NIL (1 2) (2 3) (3 5) 
(5 6) (1 2) (2 3) (3 4) (4 5) (5 6) (6 7) (1 2) (2 3) (3 4) 
(4 6) (6 7) (1 3) (3 4) (4 6) (6 7) (1 3) (3 4) (4 5) (5 6) 
(1 2) (2 3) (3 4) (4 5) (1 2) (2 3) (3 4) (4 5) (5 6) (1 2) 
(2 3) (3 4) (4 6) (6 7) (1 2) (2 3) (3 4) (4 5) (5 6) (6 7) 
(8 12) (8 9 23) (11 16) (17 26) (17 44) (17 50) (10 11 14 25) (11 15 25) (10 11 24 25) (10 11 25 28) 
(11 25 29) (10 11 25 33) (11 25 34) (10 11 25 37) (11 25 38) (10 11 25 42) (25 43) (10 11 25 47) (11 25 48) (11 30) 
(11 39) (11 49) (8 13 23) (23 27) (8 23 32) (8 23 36) (8 23 41) (8 23 46) (8 31) (8 35) 
(8 40) (8 10 11 17 23 25 45) (8 12) (8 18) (8 9 23) (11 16) (17 22) (17 26) (17 44) (17 50) 
(10 11 14 21) (11 15 21) (10 11 20 21) (10 11 21 24) (21 25) (10 11 21 28) (11 21 29) (10 11 21 33) (11 21 34) (10 11 21 37) 
(11 21 38) (10 11 21 42) (21 43) (10 11 21 47) (11 21 48) (11 30) (11 39) (11 49) (8 13 23) (8 19 23) 
(23 27) (8 23 32) (8 23 36) (8 23 41) (8 23 46) (8 31) (8 35) (8 40) (8 10 11 17 21 23 45) (8 12) 
(8 18) (8 9 23) (11 16) (17 22) (17 26) (17 44) (17 50) (10 11 14 21) (11 15 21) (10 11 20 21) 
(10 11 21 24) (21 25) (10 11 21 28) (11 21 29) (10 11 21 33) (11 21 34) (10 11 21 37) (11 21 38) (10 11 21 42) (21 43) 
(10 11 21 47) (11 21 48) (11 30) (11 39) (11 49) (8 13 23) (8 19 23) (23 27) (8 23 32) (8 23 36) 
(8 23 41) (8 23 46) (8 31) (8 35) (8 40) (8 10 11 17 21 23 45) (8 12) (8 18) (8 9 23) (11 16) 
(17 22) (17 26) (17 44) (17 50) (10 11 14 21) (11 15 21) (10 11 20 21) (10 11 21 24) (21 25) (10 11 21 28) 
(11 21 29) (10 11 21 33) (11 21 34) (10 11 21 37) (11 21 38) (10 11 21 42) (21 43) (10 11 21 47) (11 21 48) (11 30) 
(11 39) (11 49) (8 13 23) (8 19 23) (23 27) (8 23 32) (8 23 36) (8 23 41) (8 23 46) (8 31) 
(8 35) (8 40) (8 10 11 17 21 23 45) (8 12) (8 18) (8 9 23) (11 16) (17 22) (17 26) (17 44) 
(10 11 14 21) (11 15 21) (10 11 20 21) (10 11 21 24) (21 25) (10 11 21 28) (11 21 29) (10 11 21 33) (11 21 34) (10 11 21 42) 
(21 43) (11 30) (8 13 23) (8 19 23) (23 27) (8 23 32) (8 23 41) (8 31) (8 10 11 17 21 23 40) (8 12) 
(8 18) (8 9 23) (11 16) (17 22) (17 26) (17 44) (17 50) (10 11 14 21) (11 15 21) (10 11 20 21) 
(10 11 21 24) (21 25) (10 11 21 28) (11 21 29) (10 11 21 33) (11 21 34) (10 11 21 37) (11 21 38) (10 11 21 42) (21 43) 
(10 11 21 47) (11 21 48) (11 30) (11 39) (11 49) (8 13 23) (8 19 23) (23 27) (8 23 32) (8 23 36) 
(8 23 41) (8 23 46) (8 31) (8 35) (8 40) (8 10 11 17 21 23 45) (8 12) (8 18) (8 9 23) (11 16) 
(17 22) (17 26) (17 44) (10 11 14 21) (11 15 21) (10 11 20 21) (10 11 21 24) (21 25) (10 11 21 28) (11 21 29) 
(10 11 21 33) (11 21 34) (10 11 21 37) (11 21 38) (10 11 21 42) (21 43) (11 30) (11 39) (8 13 23) (8 19 23) 
(23 27) (8 23 32) (8 23 36) (8 23 41) (8 31) (8 35) (8 10 11 17 21 23 40) (8 12) (8 18) (8 9 23) 
(11 16) (17 22) (17 26) (17 44) (10 11 14 21) (11 15 21) (10 11 20 21) (10 11 21 24) (21 25) (10 11 21 28) 
(11 21 29) (10 11 21 33) (11 21 34) (10 11 21 37) (11 21 38) (10 11 21 42) (21 43) (11 30) (11 39) (8 13 23) 
(8 19 23) (23 27) (8 23 32) (8 23 36) (8 23 41) (8 31) (8 35) (8 10 11 17 21 23 40) (8 12) (8 18) 
(8 9 23) (11 16) (17 22) (17 26) (17 44) (17 50) (10 11 14 21) (11 15 21) (10 11 20 21) (10 11 21 24) 
(21 25) (10 11 21 28) (11 21 29) (10 11 21 33) (11 21 34) (10 11 21 37) (11 21 38) (10 11 21 42) (21 43) (10 11 21 47) 
(11 21 48) (11 30) (11 39) (11 49) (8 13 23) (8 19 23) (23 27) (8 23 32) (8 23 36) (8 23 41) 
(8 23 46) (8 31) (8 35) (8 40) (8 10 11 17 21 23 45) (8 12) (8 18) (8 9 23) (11 16) (17 22) 
(17 26) (17 44) (17 50) (10 11 14 21) (11 15 21) (10 11 20 21) (10 11 21 24) (21 25) (10 11 21 28) (11 21 29) 
(10 11 21 33) (11 21 34) (10 11 21 37) (11 21 38) (10 11 21 42) (21 43) (10 11 21 47) (11 21 48) (11 30) (11 39) 
(11 49) (8 13 23) (8 19 23) (23 27) (8 23 32) (8 23 36) (8 23 41) (8 23 46) (8 31) (8 35) 
(8 40) (8 10 11 17 21 23 45) (8 12) (8 9 23) (11 16) (17 26) (17 44) (17 50) (10 11 14 25) (11 15 25) 
(10 11 24 25) (10 11 25 28) (11 25 29) (10 11 25 33) (11 25 34) (10 11 25 37) (11 25 38) (10 11 25 42) (25 43) (10 11 25 47) 
(11 25 48) (11 30) (11 39) (11 49) (8 13 23) (23 27) (8 23 32) (8 23 36) (8 23 41) (8 23 46) 
(8 31) (8 35) (8 40) (8 10 11 17 23 25 45) (8 12) (8 18) (8 9 23) (11 16) (17 22) (17 26) 
(17 44) (17 50) (10 11 14 21) (11 15 21) (10 11 20 21) (10 11 21 24) (21 25) (10 11 21 28) (11 21 29) (10 11 21 33) 
(11 21 34) (10 11 21 37) (11 21 38) (10 11 21 42) (21 43) (10 11 21 47) (11 21 48) (11 30) (11 39) (11 49) 
(8 13 23) (8 19 23) (23 27) (8 23 32) (8 23 36) (8 23 41) (8 23 46) (8 31) (8 35) (8 40) 
(8 10 11 17 21 23 45) (8 12) (8 18) (8 9 23) (11 16) (17 22) (17 26) (17 44) (17 50) (10 11 14 21) 
(11 15 21) (10 11 20 21) (10 11 21 24) (21 25) (10 11 21 28) (11 21 29) (10 11 21 33) (11 21 34) (10 11 21 37) (11 21 38) 
(10 11 21 42) (21 43) (10 11 21 47) (11 21 48) (11 30) (11 39) (11 49) (8 13 23) (8 19 23) (23 27) 
(8 23 32) (8 23 36) (8 23 41) (8 23 46) (8 31) (8 35) (8 40) (8 10 11 17 21 23 45) (8 12) (8 18) 
(8 9 23) (11 16) (17 22) (17 26) (17 44) (10 11 14 21) (11 15 21) (10 11 20 21) (10 11 21 24) (21 25) 
(10 11 21 28) (11 21 29) (10 11 21 33) (11 21 34) (10 11 21 42) (21 43) (11 30) (8 13 23) (8 19 23) (23 27) 
(8 23 32) (8 23 41) (8 31) (8 10 11 17 21 23 40) )