(NIL NIL NIL NIL NIL NIL NIL NIL NIL (1 2) 
(2 3) (3 4) (4 5) (5 6) (6 7) (7 8) (8 9) (2 5) (5 6) (6 7) 
(7 8) (1 2) (2 3) (3 5) (5 6) (6 7) (7 8) (8 9) (1 2) (2 3) 
(3 4) (4 5) (5 6) (6 7) (7 8) (8 9) (1 2) (2 3) (3 4) (4 5) 
(5 6) (6 7) (7 8) (2 4) (4 5) (5 6) (6 7) (7 8) (8 9) (1 2) 
(2 3) (3 4) (4 5) (5 6) (6 7) (7 8) (8 9) (10 22) (10 37) (10 50) 
(11 12 13 18) (11 13 18 39) (13 40) (13 18 44) (13 45) (11 13 18 52) (13 53) (17 28) (17 49) (17 57) 
(16 21) (16 27) (16 43) (16 48) (16 56) (15 20) (15 26) (15 42) (15 47) (15 55) 
(14 19) (14 25) (14 41) (14 46) (14 54) (11 18 24) (11 23) (11 38) (10 11 13 14 15 16 17 18 51) (10 29) 
(10 37) (10 50) (11 12 13 18) (11 13 18 31) (13 32) (11 13 18 39) (13 40) (13 18 44) (13 45) (11 13 18 52) 
(13 53) (17 36) (17 49) (17 57) (16 21) (16 35) (16 43) (16 48) (16 56) (15 20) 
(15 34) (15 42) (15 47) (15 55) (14 19) (14 33) (14 41) (14 46) (14 54) (11 30) 
(11 38) (10 11 13 14 15 16 17 18 51) (10 37) (10 50) (11 12 13 18) (11 13 18 39) (13 40) (13 18 44) (13 45) (11 13 18 52) 
(13 53) (17 49) (17 57) (16 21) (16 43) (16 48) (16 56) (15 20) (15 42) (15 47) 
(15 55) (14 19) (14 41) (14 46) (14 54) (11 38) (10 11 13 14 15 16 17 18 51) (10 22) (10 37) (10 50) 
(11 12 13 18) (11 13 18 39) (13 40) (13 18 44) (13 45) (11 13 18 52) (13 53) (17 28) (17 49) (17 57) 
(16 21) (16 27) (16 43) (16 48) (16 56) (15 20) (15 26) (15 42) (15 47) (15 55) 
(14 19) (14 25) (14 41) (14 46) (14 54) (11 18 24) (11 23) (11 38) (10 11 13 14 15 16 17 18 51) (10 22) 
(10 29) (10 37) (10 50) (11 12 13 18) (11 13 18 31) (13 32) (11 13 18 39) (13 40) (13 18 44) (13 45) 
(11 13 18 52) (13 53) (17 28) (17 36) (17 49) (17 57) (16 21) (16 27) (16 35) (16 43) 
(16 48) (16 56) (15 20) (15 26) (15 34) (15 42) (15 47) (15 55) (14 19) (14 25) 
(14 33) (14 41) (14 46) (14 54) (11 18 24) (11 23) (11 30) (11 38) (10 11 13 14 15 16 17 18 51) (10 22) 
(10 29) (10 37) (10 50) (11 12 13 18) (11 13 18 31) (13 32) (11 13 18 39) (13 40) (13 18 44) (13 45) 
(11 13 18 52) (13 53) (17 28) (17 36) (17 49) (17 57) (16 21) (16 27) (16 35) (16 43) 
(16 48) (16 56) (15 20) (15 26) (15 34) (15 42) (15 47) (15 55) (14 19) (14 25) 
(14 33) (14 41) (14 46) (14 54) (11 18 24) (11 23) (11 30) (11 38) (10 11 13 14 15 16 17 18 51) (10 22) 
(10 37) (10 50) (11 12 13 18) (11 13 18 39) (13 40) (13 18 44) (13 45) (11 13 18 52) (13 53) (17 28) 
(17 49) (17 57) (16 21) (16 27) (16 43) (16 48) (16 56) (15 20) (15 26) (15 42) 
(15 47) (15 55) (14 19) (14 25) (14 41) (14 46) (14 54) (11 18 24) (11 23) (11 38) 
(10 11 13 14 15 16 17 18 51) (10 22) (10 29) (10 37) (10 50) (11 12 13 18) (11 13 18 31) (13 32) (11 13 18 39) (13 40) 
(13 18 44) (13 45) (11 13 18 52) (13 53) (17 28) (17 36) (17 49) (17 57) (16 21) (16 27) 
(16 35) (16 43) (16 48) (16 56) (15 20) (15 26) (15 34) (15 42) (15 47) (15 55) 
(14 19) (14 25) (14 33) (14 41) (14 46) (14 54) (11 18 24) (11 23) (11 30) (11 38) 
(10 11 13 14 15 16 17 18 51) (10 22) (10 29) (10 37) (10 50) (11 23) (11 30) (11 38) (11 12 44) (17 28) 
(17 36) (17 49) (17 57) (16 27) (16 35) (16 43) (16 48) (16 56) (15 26) (15 34) 
(15 42) (15 47) (15 55) (14 25) (14 33) (14 41) (14 46) (14 54) (11 13 24 44) (13 32) 
(13 40) (13 45) (13 53) (11 31 44) (11 39 44) (11 44 52) (10 11 13 14 15 16 17 44 51) (10 29) (10 37) (10 50) 
(11 12 13 18) (11 13 18 31) (13 32) (11 13 18 39) (13 40) (13 18 44) (13 45) (11 13 18 52) (13 53) (17 36) 
(17 49) (17 57) (16 21) (16 35) (16 43) (16 48) (16 56) (15 20) (15 34) (15 42) 
(15 47) (15 55) (14 19) (14 33) (14 41) (14 46) (14 54) (11 30) (11 38) (10 11 13 14 15 16 17 18 51) 
(10 22) (10 29) (10 37) (10 50) (11 12 13 18) (11 13 18 31) (13 32) (11 13 18 39) (13 40) (13 18 44) 
(13 45) (11 13 18 52) (13 53) (17 28) (17 36) (17 49) (17 57) (16 21) (16 27) (16 35) 
(16 43) (16 48) (16 56) (15 20) (15 26) (15 34) (15 42) (15 47) (15 55) (14 19) 
(14 25) (14 33) (14 41) (14 46) (14 54) (11 18 24) (11 23) (11 30) (11 38) (10 11 13 14 15 16 17 18 51) 
(10 29) (10 37) (10 50) (11 30) (11 38) (11 12 44) (17 36) (17 49) (17 57) (16 35) 
(16 43) (16 48) (16 56) (15 34) (15 42) (15 47) (15 55) (14 33) (14 41) (14 46) 
(14 54) (13 32) (13 40) (13 45) (13 53) (11 31 44) (11 39 44) (11 44 52) (10 11 13 14 15 16 17 44 51) (10 29) 
(10 50) (11 12 13 18) (11 13 18 31) (13 32) (13 18 44) (13 45) (11 13 18 52) (13 53) (17 36) (17 49) 
(17 57) (16 21) (16 35) (16 48) (16 56) (15 20) (15 34) (15 47) (15 55) (14 19) 
(14 33) (14 46) (14 54) (11 30) (10 11 13 14 15 16 17 18 51) (10 37) (10 50) (11 38) (11 12 44) (17 49) 
(17 57) (16 43) (16 48) (16 56) (15 42) (15 47) (15 55) (14 41) (14 46) (14 54) 
(13 40) (13 45) (13 53) (11 39 44) (11 44 52) (10 11 13 14 15 16 17 44 51) )