(NIL NIL NIL NIL NIL NIL NIL NIL NIL NIL 
NIL NIL (1 2) (2 3) (3 4) (4 7) (7 11) (11 12) (1 2) (2 3) 
(3 5) (5 7) (7 9) (9 10) (10 11) (11 12) (1 3) (3 4) (4 5) (5 6) 
(6 7) (7 8) (8 9) (9 10) (10 11) (11 12) (1 2) (2 3) (3 4) (4 5) 
(5 6) (6 7) (7 8) (8 9) (9 10) (10 11) (13 19) (13 14 27) (18 26) (18 36) 
(17 23 24 25) (17 24 25 32 33) (17 24 25 33 43) (33 44) (24 34) (24 45) (25 35) (25 46) (15 16 21 22) (16 22 29) 
(22 30 31) (30 41) (22 30 42) (16 22 40) (15 28) (15 39) (13 20 27) (13 27 38) (13 15 16 17 18 22 24 25 27 30 ...) (13 19) 
(14 20) (15 16 21 22) (17 23 24 25) (13 14 15 17 18 21 22 23 24 26) (13 19) (13 14 27) (18 26) (18 36) (17 23 24 25) (17 24 25 32 33) 
(17 24 25 33 43) (33 44) (24 34) (24 45) (25 35) (25 46) (15 16 21 22) (16 22 29) (22 30 31) (30 41) 
(22 30 42) (16 22 40) (15 28) (15 39) (13 20 27) (13 27 38) (13 15 16 17 18 22 24 25 27 30 ...) (13 19) (13 37) (14 20) 
(14 38) (15 16 21 22) (18 26) (17 23 24 25) (17 24 25 43 44) (24 45) (25 46) (22 41 42) (15 21 40) (13 14 15 17 18 21 22 24 25 39 ...) 
(13 19) (13 14 27) (18 26) (18 36) (17 23 24 25) (17 24 25 32 33) (17 24 25 33 43) (33 44) (24 34) (24 45) 
(25 35) (25 46) (15 16 21 22) (16 22 29) (22 30 31) (30 41) (22 30 42) (16 22 40) (15 28) (15 39) 
(13 20 27) (13 27 38) (13 15 16 17 18 22 24 25 27 30 ...) (13 19) (13 14 27) (18 26) (18 36) (17 23 24 25) (17 24 25 32 33) (17 24 25 33 43) 
(33 44) (24 34) (24 45) (25 35) (25 46) (15 16 21 22) (16 22 29) (22 30 31) (30 41) (22 30 42) 
(16 22 40) (15 28) (15 39) (13 20 27) (13 27 38) (13 15 16 17 18 22 24 25 27 30 ...) (13 19) (13 14 27) (18 26) (18 36) 
(17 23 24 25) (17 24 25 32 33) (17 24 25 33 43) (33 44) (24 34) (24 45) (25 35) (25 46) (15 16 21 22) (16 22 29) 
(22 30 31) (30 41) (22 30 42) (16 22 40) (15 28) (15 39) (13 20 27) (13 27 38) (13 15 16 17 18 22 24 25 27 30 ...) (13 14 27) 
(18 36) (17 32 33 34 35) (17 33 34 35 43) (33 44) (34 45) (35 46) (16 29 30 31) (16 30 31 40) (30 41) (31 42) 
(15 28) (15 39) (13 27 38) (13 15 16 17 18 27 30 31 33 34 ...) (13 19) (13 14 27) (18 26) (18 36) (17 23 24 25) (17 24 25 32 33) 
(17 24 25 33 43) (33 44) (24 34) (24 45) (25 35) (25 46) (15 16 21 22) (16 22 29) (22 30 31) (30 41) 
(22 30 42) (16 22 40) (15 28) (15 39) (13 20 27) (13 27 38) (13 15 16 17 18 22 24 25 27 30 ...) (19 20 27) (21 28 29) (22 30 31) 
(23 32 33) (24 34) (25 35) (19 21 22 23 24 25 26 27 28 30 ...) (13 19) (13 14 27) (18 26) (18 36) (17 23 24 25) (17 24 25 32 33) 
(17 24 25 33 43) (33 44) (24 34) (24 45) (25 35) (25 46) (15 16 21 22) (16 22 29) (22 30 31) (30 41) 
(22 30 42) (16 22 40) (15 28) (15 39) (13 20 27) (13 27 38) (13 15 16 17 18 22 24 25 27 30 ...) (13 19) (13 14 27) (18 26) 
(18 36) (17 23 24 25) (17 24 25 32 33) (17 24 25 33 43) (33 44) (24 34) (24 45) (25 35) (25 46) (15 16 21 22) 
(16 22 29) (22 30 31) (30 41) (22 30 42) (16 22 40) (15 28) (15 39) (13 20 27) (13 27 38) (13 15 16 17 18 22 24 25 27 30 ...) 
(13 19) (13 37) (14 20) (14 38) (15 16 21 22) (18 26) (17 23 24 25) (17 24 25 43 44) (24 45) (25 46) 
(22 41 42) (15 21 40) (13 14 15 17 18 21 22 24 25 39 ...) (13 19) (13 37) (14 20) (14 38) (15 16 21 22) (18 26) (17 23 24 25) 
(17 24 25 43 44) (24 45) (25 46) (22 41 42) (15 21 40) (13 14 15 17 18 21 22 24 25 39 ...) )