(NIL (1) NIL (2) NIL (5 3) (6 1) (7) (2 8) (9) (10 4) (11) (11) (11) (9)
 (11 15) (11 15) (12 13 15) (12 15) (19) (17 18 20 16) (21 14) (17 20 16)
 (21 14) (24) (23 22 25) (25) (27 22) (28 23) (27 22) (30 26 29) (28 30 23)
 (32) (23 24) (34 31) (35) (36) (33 36) (35) (38) (37 40) (39 41) (40) (43 37)
 (43) (45 39) (45 41) (42 45) (43 37) (49) (47 50) (44 46 51) (42 44 50 46)
 (47 53) (42 49) (44 55) (45 55) (44 47 49 46 48) (58 55 53) (54 59 56) (60 52)
 (61) (59 57 52) (63 56) (59 56) (65 61 57) (60) (62 67 66) (64 65 67) (62 67)
 (57 70) (71 64) (72 66) (64 62 67 66) (71 74) (74) (76 68 70) (74) (71 78)
 (79 68) (69 77 72 80) (72 80) (82 73) (83 76) (84 81) (75 82 73) (86 81)
 (84 87) (86 81) (89) (90 85) (83 89) (91 92) (93 87) (93) (95) (93) (97 87)
 (98 96) (92 85) (100 95 87) (101 88) (100 94) (98 100 95) (104) (105) (106 94)
 (100 94) (99 108 104) (109 102) (105 110 103) (107 111) (107 109) (113 111)
 (114 112) (113 101 103) (109 88) (106 117 111) (118 112) (107 118) (113 120)
 (121 114) (108 102 103 104) (122 115 123) (113 123 117 111) (121 114 125 112)
 (116 126) (124 126) (115 126 119) (129 124) (129 124) (131 127 128) (131)
 (133 127 128) (133) (130 135) (134 136) (135) (133 128) (139 136) (132 140)
 (137 141) (142) (142) (138 143 144) (138 141) (146 143) (147 144) (148) (149)
 (149) (149) (148) (148) (154 152) (155 150) (145 155) (157) (155 150)
 (145 159 151) (153 158 160) (161) (157 160) (153 163 158) (162 164) (156 165)
 (162 164) (161 163 156) (164 168) (169) (168) (171 165) (170 172 166) (173)
 (174 167) (175) (176) (171) (178 172 167) (177 179) (180) (181) (182) (180)
 (181 184) (184) (186 183) (187) (185 188) (189) (179 173) (182 191) (162 178)
 (193 186 183) (194 187) (194 189) (194 188) (197 189) (198) (194 189)
 (196 200 199 192) (200 192) (202) (202 195) (204 197) (203 204 190) (205 206)
 (196 206) (206) (204 198) (209 210 207) (210 206 199) (211 212) (212 207 208)
 (214) (201 211 215) (209 215) (201 217 211) (201 217) (211 219) (220 213)
 (219) (219 213 216) (223) (217) (225) (201 226) (201 225) (225 219 213)
 (229 227 221 222 216) (218 228 223) (231) (227 221 232) (233) (230 232)
 (231 221 224) (236) (236 230 233) (237 238) (236 227 229) (240 222 234)
 (235 240) (242 239) (241 242 238) (237 244) (245) (246) (245) (247 248)
 (239 248))