(NIL (1) (2) (3) (1) (2 5) (3 6) (7) (8) (4 8) (8) (1) (12) (12 6) (9 4 14)
 (10 14) (16) (17 11 15) (9 16) (17 19 13 15) (20) (21) (22) (22) (11 24) (21)
 (25 18 26) (18 21) (28 23) (29) (30) (25 31) (26 28 22) (33 23) (34 29)
 (25 35) (36 30) (37 32) (33 27) (34 39) (40 37 31) (41 32) (42) (43) (41 32)
 (45) (46) (46) (40 32) (37 32) (48 44 50) (44 46 50) (42 45 50) (48 53 49)
 (44 54) (54 43 38 47) (53) (51 57 54) (58) (57 44 38 46) (58 60 47) (61)
 (59 62) (55 56 63) (64) (64) (48 60 49) (58 67 47) (68 59) (52 68) (56 67 61)
 (69 71 64) (72) (70 72) (70 72) (65 75) (73 74 76) (66 76) (78) (77 79)
 (74 79) (75) (82 77 79) (83) (84) (81 84) (79) (87 84) (88 80) (89 85) (90)
 (91) (88) (89 93 85) (94) (81 91 95) (96) (92 95) (98) (81 92 94) (98 100)
 (98 100) (99 102 96) (101 103 86) (97 104) (105) (105) (107) (104) (97 103)
 (110 104) (105 111) (108 112) (103 86) (114 107 111) (113 106 115)
 (115 108 112) (117) (113 106 118) (116 118) (113 115) (121 120) (121)
 (122 123 119) (124) (123 119) (122 109 126) (124 127) (128) (122 126)
 (130 124) (114 107 111) (129 132) (133) (130 133) (131 133) (125 136) (137)
 (138 135) (139 134) (140) (140) (141 142) (142) (141 144) (145) (146 143)
 (140) (148) (149) (139) (142 151 150) (146 152) (153 143) (154 147) (155)
 (154) (154) (156 158) (156 158) (160) (161) (162 157) (160) (163 164)
 (162 164) (161 164) (160) (161 157 168) (168) (157 160) (171 164)
 (169 163 172) (173 165 167) (172 168) (170 173 175) (165 166 159 176)
 (173 175) (178 165) (177 179) (171 167) (178 181 165 176) (181 165 176) (183)
 (178 166 184) (185 180) (186) (180 184) (188) (189) (189 174 182) (191)
 (185 192) (193) (187 192) (191) (195 196) (185 196) (186 198 192)
 (193 187 199) (197 190 200) (195 199) (193 202 190) (185 191) (204) (193 205)
 (206 200) (207) (195 207) (201 194 209 202) (210 208) (210) (203 212) (212)
 (210 208) (215) (213 216) (217) (217 211) (212 215) (218 219 220)
 (218 211 220) (219 220 214) (203 207) (213 224) (225 218) (226 223) (227)
 (226 222 223) (225 222) (214 230) (221 230) (225 222) (233 223)
 (233 227 221 230) (235 229) (233 219 230) (235 237 232) (228 237 232)
 (235 239) (237) (241 234 229 238) (242) (243 228 236) (242 236 231) (241 239)
 (229 238 246) (247 231) (246 231) (249 243 245))