(NIL NIL NIL NIL NIL (5) NIL (7 3) (5 8) (6 3) (10 7 4) (11 8) NIL (13 4 1 8)
 (6 2 14) (15 11) (14) (10 17) (15 12 18) (11 2 14) (20) (20) (13 11)
 (17 23 22) (24 18 21) (25) (25 12) (12 23) (15 26 28) (15 23 22) (12 17 30)
 (26 19 31) (32) (16 32) (34 29 27 9) (25 30) (34 36) (27 28 37) (37 29 27)
 (37 28 9) (39 40) (41) (35 40) (27 40) (44) (43 45) (33 35 36) (41 43 47) (47)
 (42 38 47) (50 46) (51) (49 52) (51) (54) (52 55) (52 54) (51) (58 55) (49 59)
 (57 60 56) (61 48) (57 60 56 48) (63) (64) (65 62) (63) (67) (68 61 64)
 (69 53) (65 67) (68 71) (69 72) (73 53) (74 70) (75) (74 70) (77 62) (78) (78)
 (80) (66 76 80) (82) (69 53 71) (81 84 79) (84) (83 86) (87) (73 86)
 (89 82 85) (89 87) (91) (91) (89 82) (83 94 79) (93 85 94) (90 96) (97 92)
 (98) (99) (99) (101 88) (102) (103 95) (102 95) (105 100) (106) (107) (108)
 (107 104) (110) (106 104) (112) (113 110) (114 109 111) (115) (102)
 (114 109 117) (118) (117) (117 109 111) (114 109 117) (122 115 119 120)
 (121 123 116) (123) (122 120) (121 116 118 126) (125 127) (124 127) (127)
 (115 118 126) (131 127) (129 131) (133) (130 132 134 128) (133 128) (136)
 (132 134 136) (133) (121 116 126) (139 140 125) (141) (137 142) (130 134 143)
 (132 144) (138 141) (130 140 136) (147 142) (146 148 143 135) (147 141)
 (147 132 134 143) (138 151 144) (146 152) (147 143) (147 134 143)
 (138 155 148) (156 152) (145 157 149 150) (157 150 135) (156 150 144)
 (158 160) (161 159) (153 161) (154 163) (162 164) (161 154 159) (162 163 166)
 (153 158 160) (168) (161 168) (159 168) (162 163 171) (164 172 167) (173 165)
 (173) (171 167) (169 176) (177 173) (177) (179 174) (179 174) (170 179 165)
 (182) (154 163 171) (170 180 184 178) (185 181 183) (185 181 183) (187)
 (188 175) (187 175) (188 190) (186 187 175) (188 190 192) (193) (188 190 192)
 (187) (193 195 196) (197) (195 196) (199) (200) (191 200) (202 198) (203)
 (201 194 204) (201 203 189) (206) (205 207) (203 189) (209 204 206) (194 210)
 (211 207) (211) (213 208) (214) (210 208) (216) (217) (218 214) (219)
 (218 212) (219 221 215) (222) (220 223) (224) (224) (225 226) (226) (225 228)
 (226) (220 222) (227 231) (218) (233 232) (233 224) (235 232)
 (225 235 228 231) (234 237 230) (238) (237 229 230) (236 240) (241 238)
 (236 240) (243) (244 239) (245) (243) (238 247) (244 239 248) (242 245 248)
 (250) (250 246) (233 231) (253 245 247) (252 254) (249 251 246 254) (250 254)
 (257) (251 253) (258 259 256) (257 259 255) (252 253) (249 257 262 255)
 (258 263) (264) (258 262) (266 260) (267 264) (265 268) (265 267) (269 270)
 (270) (269 270) (273) (274) (262 256) (276 272) (276 266 260 255)
 (275 261 278) (279 272) (279) (281 271) (274 278) (283 277 279) (283 277 279)
 (283) (277 261 286) (282 284 287) (288 285 280) (289) (290) (290) (292) (289)
 (288 285 280) (290 295) (290 295) (297 291 292 294 296) (290 295) (299 292)
 (297 300) (291 301) (297 300) (293 303) (294 304) (305 296) (306) (306 302)
 (298 306) (309 302) (310) (311) (312) (308 312) (298 304) (307 315 309 302)
 (316 312) (316 310) (313 316 308) (318 319) (319) (315 308 309) (307 315 302)
 (316 323 308 312) (323 319) (325 317 320) (326) (324 327) (324 325 320)
 (321 314 329) (330 317) (331) (331 326) (329 326) (334 327) (335) (322 335)
 (337 314) (330 335) (339) (338 331 340 336) (322 334 330 328)
 (321 314 334 322) (314 335) (339 333 344 336) (331 343 344 328) (338 346 345)
 (337 342 346) (322 331 336 344 328) (349))