(NIL (1) (2) (1) (2 4) (5) (4) (7) (3 7) (9 8) (9) (9 8) (9 8) (10 11 13) (14)
 (12 15) (16) (15) (5 15) (19 16) (20 6) (21) (19) (6 23) (24) (25 22) (17 26)
 (22 24) (24) (19) (20 30) (26 28 31) (32) (27 32) (34 29) (18 34) (36) (37)
 (17 26 28 31) (33 35 37) (40) (41) (42 38) (43) (42 39) (42) (46) (44 46 45)
 (48) (42) (49 50) (51) (51) (52 53) (54) (53) (47 56) (57) (44 46 50 39)
 (59 54 56) (59 54) (57 59 55) (62) (58 63) (58 61 63) (63) (65 66 60 64) (66)
 (61 63) (69) (66 69) (65 70 71 64) (72) (72) (73 74 68 60) (70 71) (74 76)
 (76 60 64) (77 78) (66 69 64) (68 78 80) (81 67 72) (73 82 79) (77 78 80)
 (78 80) (85) (68 85) (83 87) (75 84 87) (67 87 86 79) (81 75 87) (74 86 87)
 (82 92 90) (92 82 91 84) (94 79) (83 93 95) (96) (97 88) (98) (97 88) (99 100)
 (100) (89 102) (89 95) (98 103 104) (104 96) (106 88) (107 101) (98 107 103)
 (104) (109 101 110) (108 110) (109 112) (113 111) (105 114) (113) (116 111)
 (109 112) (116 118) (114 117 119) (120) (118) (105 114 122) (123 119)
 (124 117) (125) (126) (126) (125) (129 127) (124) (131 126 120)
 (129 115 132 128) (130 133) (133) (135) (127 136) (131 127 128) (138)
 (121 139 134 136) (140) (137 141) (139) (129 139 120) (133 144) (137 145 134)
 (146) (140 143 144) (148 141) (140 143 144) (147 148 150) (145 142 150)
 (149 152) (151 152) (146 149 150) (147 155) (156 151) (153 156 151) (155)
 (147 159) (157 158 160) (157 159) (162 152) (162 152) (161 164) (158 164)
 (160 152) (167 157 158) (167 158 163) (165 169) (154 170) (170) (168 172 166)
 (161) (174 166 170) (154 163 166 174) (165) (174 171 168 177 172) (175 177)
 (179 172) (179) (179 172 176) (179) (183 178) (184 173) (182 181 184)
 (168 177 169 176) (187 184) (182 188 185) (186 189) (188 185) (186 189 191)
 (190 192) (186 187) (194) (195 189) (195) (194 180 173) (193 196 198)
 (194 180 185) (195 200 190 192) (195 191 200) (201 202 196 198) (203)
 (202 190 192) (201 205 199) (203 206) (200) (201 199 208) (209 203 206)
 (193 196 197 208) (202 211 199) (202 211 199) (210 212 213 207) (209 213 206)
 (209 213) (214 216) (204 207 216) (209 211) (219 205) (220 214) (218 221 215)
 (217 222) (222) (217 222) (222) (226) (225 226 223) (217 226) (225 229 224)
 (217 218 221) (231 227 230 223) (228 232) (228 232) (226 231) (227 235)
 (235 230) (235 224) (225 236 238) (230 239) (233 240) (241 234 237) (228 240)
 (233 237 240) (244) (245) (245) (243 247) (243 247) (249 234) (249 246 248)
 (241 250 251) (241 247) (242 253 248) (251 254) (247) (250 253 256)
 (250 254 256) (257 258 255) (258 246) (251 254 256) (259 252 261) (257 261)
 (263 255) (264) (265 252) (265 252) (259 267) (266 267 262) (260 269) (270)
 (268 271) (260 269) (273) (273) (275) (276) (268 277 271) (278 272) (275)
 (276 280) (281 274 272) (281 268 271) (283 278) (282 284) (285) (286) (286)
 (285 279) (281 272) (290 285) (290 286 279) (289 292 288) (290 285) (289 294)
 (291 292 295) (290 287) (297 292) (298 291 293) (299 294) (297) (300 301 296)
 (297 291 295 288) (300 301 303) (304) (293 303) (306 300 301) (307 296)
 (308 304) (309 302) (307) (306 299) (308 311 312) (308 302 311 312) (314 304)
 (315) (305 314) (317) (308 312) (319) (313 317 320) (321 316) (322 309)
 (322 310) (324) (320 310 318) (326) (323 324 326) (325 328) (319) (330 328)
 (329 331) (330 316 310 318) (331 333) (329 334) (329 334) (336) (337) (337)
 (339 332 327) (332 333) (341) (342 336) (342 335) (340 344) (338 340 342)
 (346 343 344) (345 347) (341 335 327) (346 349 343) (349 344) (346 351 343)
 (351 343) (351) (353 354 352) (347 355) (345 338 354) (357 350 352)
 (347 357 355) (356 359) (350 360) (361 348) (362) (362) (364 358) (365)
 (361 348) (364 358 367) (368) (369) (364 367) (371 358) (372) (363 373)
 (372 366) (369 373 375) (363 372 365) (369 377) (370 378) (379 376) (379 376)
 (378 374 376) (378 366) (370 383) (380 382 384) (370 382 383) (386 380 381)
 (386 380) (388) (388 384) (390) (391) (390) (393 389) (394) (394) (396 381)
 (393 381) (390) (396 399 391) (400) (387 397 400) (402 395 398) (403)
 (401 404) (403) (397 398 400) (385 405 407) (404 407) (409 405) (385 401 409)
 (411) (410 412 392) (413) (411) (406 415 408) (413 415 408) (417 416)
 (411 406 392) (419 413 408) (420) (421) (418 422) (417 421) (418 422 424)
 (425 423) (425 414) (424) (425 428) (429 414) (426 430) (426 427 429) (432)
 (433) (433) (435) (433) (437 430) (438) (434 438) (438) (431 432) (442 439)
 (435 443) (436 444 440) (445) (446) (441 445) (447 448) (441 436 444)
 (450 440) (451 445) (452) (451 448) (436 444 440) (441 455 447) (451 455)
 (457 448) (449 458) (458) (460 456) (459 452 460) (460 446) (454 463 456)
 (453 464) (459 452 454 463) (466 464) (465 467) (467 461) (466) (465 470)
 (465 470) (471 472) (469 470) (474) (475 462) (465 476) (477) (473 478)
 (477 471 472) (468 480) (481) (481) (476 471) (473 484 480) (483 485)
 (482 483 485 478) (473 474) (484 478 488) (489 468 479 480) (489 468 485)
 (482 491 486 490) (491 479) (493 486) (490 494 487) (495) (496) (497) (498)
 (497))