(NIL NIL NIL (3) (3 2 1) (5) NIL (7 3 2) (4 8) (8) (5 10) (3 2 1) (12 9)
 (4 12 8) (5 9 14) (15) (16) (17 6 11) (5 9 10 14) (17 19) (18 20) (18 19) (22)
 (13 23) (24) (25 21) (26) (25 21) (25) (29) (30) (31) (32) (33) (26 29)
 (33 35 28) (36) (37) (33 27 28 35) (27 35 31) (28 40) (37 40) (34 42)
 (34 37 40) (44) (45 38) (43 46) (41 47) (44) (49 42 39) (50 46) (51 48)
 (49 43 38) (51 53 48) (54) (53) (56 39 48) (51 53 48) (58) (58) (60 52 55 56)
 (61) (61) (63) (57 59 64) (65) (66) (65) (68) (60 52) (58 54 56) (57 71 63)
 (67 62 71) (73 68) (74 69) (74 69) (76 70 72) (77) (76 72) (75 79) (80) (81)
 (81) (83 77) (84) (85) (85 78) (85) (82 84 78) (89) (90 85) (91) (92) (90)
 (94 87) (89 85) (83 78) (97 90 87) (98 91) (97 94 96) (91 100) (99 101 86)
 (99 100 95) (99 100 93 86) (99 100 95) (97 91 94 87) (101 99 93 106)
 (102 103 104 105 107 88) (108) (105 106 92 101 88) (108 110) (106 99 95)
 (92 103 112) (113 109) (112 93 86 103 110) (115 108) (106 102 104)
 (113 108 117) (115 109 118) (114 119) (111 120) (119) (119) (123 116) (118)
 (125 110) (116 126) (127 120) (128) (129 111) (130 124) (124 127)
 (122 132 120) (132 111) (134) (130 135) (132 120) (137 128) (121 138 131)
 (139 133) (137) (141 135) (139 133 142) (143) (144) (143) (146) (145 147)
 (146 144) (145 147 149 136) (150) (148 150) (150) (148 150) (145 146)
 (155 140) (154 156 152) (157 151) (158) (159) (153 160) (159) (153 162)
 (163 160) (164) (165) (166) (166) (165) (169) (170) (171) (161 170) (169 168)
 (172 174) (174) (171 176) (177) (174) (177 179) (180) (161 179 172)
 (177 182 167) (183) (173 183 175) (185) (186 181) (187) (188 184) (189)
 (179 173) (178 172 180 191) (188 192 184) (193) (194) (195) (194) (193)
 (167 175 178 180 182 191) (193 199) (197 200) (201 196 189) (186 199 184)
 (203 198 200) (204 197) (205) (205) (196 207) (202 190 208) (201 190 208)
 (210) (210) (209 212) (210) (206 214) (211 215) (202 190 207)
 (209 217 212 215) (218) (219) (220) (211 221) (220 216) (221 223) (224)
 (213 223) (223) (219 216) (226 227 228 222 224) (221 228 213 223) (230 224)
 (231) (229 231) (219) (225 234 230) (233 235 232) (235) (225 234 222 230)
 (233 238) (229 238 232) (240) (239 240) (242 237) (241 243 236) (243)
 (244 245) (243) (244 247) (245 248) (244 245 247) (250) (242) (250 252)
 (253 248) (246 254) (254) (255 256) (251 256) (258) (252 248)
 (249 251 260 256) (258 261 255) (259 262) (259 260) (261 246 264) (265) (266)
 (265) (266 268 255) (269 263) (257 270) (267 271) (267 270) (273) (274)
 (275 272) (275) (275) (278) (276 277 279) (257 279) (281) (282 276 277) (283)
 (283) (282 272) (279) (284 286 287) (276 277 287) (287 272) (290 277 286)
 (291 284) (292 288 280) (292 285) (289 294 280) (295 288) (293 296) (295)
 (298 293 296) (290 284 286 280) (300 292 285) (299 301) (289 300 294)
 (297 303) (299 304) (305) (301 304) (305 307 302) (298 300 288) (309)
 (307 302 310) (306 308 311) (312) (305 311) (311) (313 315) (314 316)
 (313 315) (314 316 318) (318) (315 308) (321 320) (321 314 318) (322 323)
 (323 316) (325 319) (326) (322 326) (326 320) (329 324) (330) (330 327)
 (332 317) (332 317) (332 328) (332 317) (335 336) (337 334) (337 334) (339)
 (340 333) (341) (330 317) (338 339 343) (341 344) (333 344) (346 341)
 (338 333 343) (348) (340 349) (345 350) (342 350) (350) (353 352)
 (353 331 342 351) (331 349 342) (356) (352 357 344) (354 347 358 351)
 (347 358) (355 360) (361 359) (361 354) (363 359) (363) (354 355 360) (366)
 (346 356 352) (363 359 368) (369 365) (362 366 370) (370) (370 364 367)
 (370 366) (374) (369) (370 376) (377 374 367) (362 372 378) (379 364) (379)
 (362 365 367 376) (381 373 382 375) (369 362) (384 373 374 382)
 (378 382 375 384) (385 386 372) (387 381) (385 386 379) (385 386 371 381)
 (378 364 384) (386 391) (389 371 381 387 391) (393 380 390) (380 390)
 (387 395 391) (393 396) (388 397) (398) (394 398) (398) (401) (394 397)
 (403 388) (401 403) (405 383) (406 399) (392 407) (392 404 407 400)
 (392 402 405) (410 383) (411 406) (402 403 400) (411 404 413 399) (412 414)
 (415 408) (415 408) (417) (418 416) (409 418) (409 414) (421 416) (418 422)
 (423) (422) (409 411 413) (426 419 420) (426 419 423) (420 428) (425 429 424)
 (427 429) (428) (428) (433 429) (433 424) (435 420) (434 436 430) (437)
 (427 438) (439 431) (439 432) (441 431) (439) (443) (444 431 432) (444) (446)
 (445 447 440) (441 445 447 440) (444 432) (449 450) (441 450 431)
 (442 452 448) (453) (443) (452 455 447) (451 455 448) (457 453) (458 454)
 (459) (459) (461) (459) (461 463) (462 463 456) (457) (449 455) (465 467 460)
 (468) (467 462) (460 470 456) (471 464) (472) (473) (470 456) (466 467 460)
 (473 476) (468 477) (475 478) (474 479) (477) (477) (474 482) (483)
 (481 482 468) (485) (486 479) (474 485 479) (486 488) (489 484) (490) (490)
 (492 469 487 480) (492 469 480) (489 480) (495) (494 496) (492 469 496)
 (498 493 494) (498 491 487))