(NIL (1) (1) NIL (4) (2) (1) (5 7) (2 3 8) (5 1) (10 6 3 7) (11) (12 8) (13)
 (13) (12) (16) (17) (9 18 13) (19) (20) (21) (19) (17) (9 13 24) (24 14 22)
 (25 26) (27 15) (27 23 15) (29) (30) (31) (32) (33) (32) (33 35) (36) (37)
 (34 38) (38) (39 40) (35) (42 28 37) (43 39) (42 40) (44 45) (42 36)
 (45 47 39) (45 47 39) (49 28) (41 50 43) (44 47) (41 49 52) (41 44 47)
 (52 45 54) (51 54) (50 54) (57 51 55) (58) (57 46 55) (57 53 46 56) (61 55)
 (59 62) (63) (58 60 62) (58 61) (65 66 48) (67) (68 64) (68) (59 70) (67)
 (59 72) (73 71 63) (74) (67 63) (66 64) (77 70) (73 78 71) (73 76 69 78) (80)
 (79 80) (82) (83) (74 79 80) (83 85) (81 82 85) (86 87) (84 88) (75 88)
 (90 84) (75 87) (90 92) (89 93) (91 92) (89 95) (96) (97) (90 92 84) (84 87)
 (97 100 93) (101) (102) (97 100) (104) (105 99 94) (106) (105 93) (108 94 102)
 (109) (99 110) (106 111) (108 101) (113 99 109) (114 107) (98 115 112)
 (113 98 99) (114 107 117) (118 112) (115 119 103) (120) (119) (111 103 118)
 (121 123) (121 123) (122 125) (122 125) (125) (124 127 128) (129) (125)
 (121 123) (129 131 132) (132 125) (123) (126 127 135) (131 116 135 127)
 (129 137 134) (137 132 136) (139) (130 139) (141) (140 134 142) (140 142)
 (133 143 144) (140 141) (146 133 134) (138 147 144) (148 143) (146)
 (150 133 134 142) (148 151) (145 138 146) (146) (145 154 148 151) (155)
 (153 155 149 152) (156 157) (157) (156 157) (155 152) (145 146) (145 146)
 (163 157) (161 164 160) (163 157) (162 156 164 166) (167 160) (168)
 (162 166 160) (170 165 167 159) (171) (169 172 158) (173) (170 165 158 159)
 (174 175) (176) (171 175) (178 174) (178 172) (180 174) (181) (181) (183)
 (179 184 176) (182 183 176) (186 184) (186) (186) (188 189 184) (185 187 190)
 (191) (191) (193 192) (179 187 190) (195) (193 196 192) (196) (198)
 (177 197 198) (200) (201) (201) (195 191) (177 204 197) (204 200) (201 206)
 (207) (206 199) (209 202 207) (210 205) (210) (210 203 205) (213) (214)
 (215 208) (211 215) (217 216) (213) (219) (217 219) (219 212 216)
 (219 215 208) (211 223 216) (194 212 224) (211 219 216) (217 226 222 224)
 (217 194 212 226 224) (218 228) (226 223) (225 227 230) (231) (220 232)
 (218 221 232) (234 220 228) (233 234 229) (234 220 228) (237) (237 229) (232)
 (234 240) (233 241) (242 235 237) (241 229) (233 235 244 238) (242 245 239)
 (242 245) (245) (242 236 245) (249) (237 235 229 240) (242 251)
 (249 252 246 247) (249 252 247) (254 239) (243 253 255) (243 253 254) (257)
 (257) (257 250 255) (260) (259 261 256) (262 248) (261 248) (263 264) (265)
 (265 258) (266 267) (257 248) (265 269) (258 270) (266 267 271) (272) (273)
 (274) (275) (254 239 248) (277 269 263 264) (273 278) (279) (275 279)
 (275 268 278) (281 282 276) (275 278) (282 284 280) (284) (281 286 280)
 (268 278 272) (282 288 280) (289 276) (289 276 287) (290 283 291)
 (268 277 272) (283 288 293 280) (290 286 294) (281 288 284 293 280)
 (289 285 294 296) (290 283 293 287) (298 285) (291 299) (297 300)
 (300 295 296) (297 300) (299 295) (297 300 304) (305) (306) (306) (304)
 (307 292 309 302) (304) (308 311) (297 291 304) (313 307 309) (314 310)
 (315 303 312) (314 310) (308 292 302 314) (314 308 311 303) (310 319 312)
 (305 309 292 301 313) (321 314 310 303 312) (322) (323 319) (324 316)
 (323 318) (325 326) (327) (324 326) (329 325) (329 317) (326 319)
 (329 332 325) (331 333) (332 327) (317 335 320) (317 335) (337 333)
 (338 334 336) (328 334 335 320) (337 340) (339 341) (341) (330 339 340) (344)
 (345) (346 342 343) (341 344) (344) (349) (346 350 343) (351) (348 352) (353)
 (348 351) (355 342 352) (354 356) (357) (358) (347 358) (359 360) (347 357)
 (356) (363 357) (364 359) (347 365) (366) (366) (368 360) (363) (369 362 370)
 (361 370 365) (362 372 366) (362 363 358) (373 374 368) (369 375 367)
 (371 376) (376) (368 374 367 360) (371 379 375) (377 378 380) (380) (382)
 (383) (384) (381 384) (381 383) (379) (388 376) (377 389 382)
 (377 378 385 389) (390 391) (392) (392) (386 387 394) (387 391) (386 391)
 (397) (393 396 398) (388 383) (394 387 400) (381 390 400) (402 391) (403 396)
 (404 399) (395 404 397) (406) (405 407) (401 408) (407 399) (405 406) (411)
 (411) (394 396 398 402) (410 413 414) (415) (409 415) (401 410 414 408)
 (409 410 414) (418 419) (417 420) (412 420) (422 415) (423) (417 419 412)
 (425 418) (426 422) (425 422) (424 428 416) (429) (430) (431) (426 432) (433)
 (424 428 416) (426 435 429 421) (433 436) (427 435) (434 421 438) (436 439)
 (437 440) (437 440) (437 438) (433 435) (434 444 437 438) (441 445) (442 445)
 (447) (447) (441 449) (450 443 448) (449) (450 452 446) (443 453)
 (424 421 428 416) (451 455) (453 456) (457 454) (451 455) (459 452 456)
 (460 453) (458 459) (443 453 455) (462 463) (464) (460 463) (466) (458 466)
 (468) (468) (462 470) (469 471) (467 472) (461 472) (473 474) (474 467)
 (476 464) (461 472) (475 478) (479 464) (480) (465 481) (482) (483) (484 477)
 (485) (476 484) (482) (483 477 488) (489 485) (490) (485 488) (489 492)
 (493 486 487) (490 494) (485 487 488) (490 496) (497 486) (495 496) (498 499))