(NIL (1) (1) NIL (4) (5) (2) (7) (6 8) (9) (9) (5 7) (6 12) (13 8) (14)
 (11 15 3) (10 14) (10 13) (3 13) (19) (11 14 20) (10 16 21) (21 17) (23) (14)
 (19 25) (16 20 17 25) (24 27 26 22) (28) (29) (28) (18 31) (30 31) (18 29 31)
 (34) (35) (33 36) (37 32) (38) (38) (33 36) (34 30) (42) (42) (41 43 44)
 (44 32) (38 46) (45 47) (48) (47 39 40) (45 46 39) (51 47) (37 46) (53)
 (50 52 54) (55) (54 48) (51 53 40) (51 53) (57 59 40) (60 55) (59 54)
 (57 62 56) (63) (63) (49 58 60 65 64) (66) (67) (68) (49 65) (70) (67 71)
 (68 72) (68 71) (73 74 61) (74) (60 71 64) (66 77) (74 61 78) (79) (74 77)
 (81 69 79) (82 72) (83) (73 84) (76 85 80) (73 84) (87 80) (88) (89 76)
 (90 86) (89 75) (90 92 85) (92) (94) (87 80) (90 86 95 96) (93 94 96) (97 98)
 (99) (99) (100 101) (102) (101) (91 104) (91 102 104) (106) (97 98) (105 108)
 (99 108) (91 110 103) (111 104) (112) (113) (112) (105 107 111) (113 116)
 (115 117) (107 110) (106 109 110) (117 120) (116 120) (113 115 120) (123 116)
 (124 117) (124 117) (126) (118 127) (121 118 127) (121 118 126) (130) (126)
 (130 132) (114 133) (134) (125 135 119) (131 136) (137 128) (122 135 127)
 (125 135) (137 140 127) (138 141) (129 142) (139 141) (144) (145 138)
 (139 141 128) (129 147) (138 148 144) (148 144) (148 144) (151) (129 138 147)
 (153 150 143) (153 143) (153 151) (155 156 149) (153 149 150 151) (158)
 (146 159 154) (155 160) (160) (162 157 152) (145 154 159) (156 158)
 (146 155 165 154) (166 159 152) (163 167) (161 162 164 167) (161 157 166)
 (170 163 164) (171 167) (172) (170 163 164) (169 171 174 168) (173 175)
 (173 175) (177) (178 176) (177) (180) (178 181) (181) (183) (181 176) (185)
 (186 179 182 184) (187) (188) (189) (178 186 184) (190 191) (186 182 184)
 (178 181 176) (193 194) (195 192) (196) (187 195 191) (188 198) (198 192)
 (200) (188 198) (201 202) (195 190) (203 204 199) (205) (206) (207) (197 207)
 (209) (210) (211) (196 205) (211 213) (214 208) (210 213) (211 216)
 (217 212 208) (215 216) (219) (220) (212 220) (222) (218 219) (219)
 (217 225 223) (226) (227 221 224) (226) (228 229) (225 221) (231) (232)
 (217 232) (232 224) (235 229) (233 235 223) (228 229 231) (233 234 236 238)
 (235 238) (238) (241 236) (242) (241 239 240) (244 237) (242 244 230)
 (237 246) (247) (243 244 230) (249) (250 246) (251 248) (250) (250 245 247)
 (250 245 248) (255) (252 254 256) (251 254 255) (258 253) (259 252)
 (241 234 230) (258 261) (259 262 256) (262) (264 256) (260 264) (258 253 261)
 (257 267 260 264) (268 263) (269) (265 268 263) (271) (268) (273 269 271)
 (274 270) (275 272) (275) (277 272) (274 270) (266 275 279) (268 263)
 (281 275 279) (282 277 272) (283 276 280) (284) (282 276 278) (285 286)
 (284 286) (288) (289 287) (290) (291) (291) (293) (294) (290) (295 296) (297)
 (298) (299) (293 296) (301 294) (301) (297 292 303) (299 302 304) (305 300)
 (306) (307) (306) (306) (299 302 304) (300 311) (312) (305 313) (314 308)
 (315 309) (315 310) (317 309) (314) (314 308 309) (317 320) (321 318 319)
 (317 320) (313 308) (314 324 309) (315 324 310) (326) (321 327 319) (321 327)
 (329 322) (330 316) (329 322 316) (329 328) (330 323 333) (325 334)
 (333 316 325 318) (332 334 336) (332 335 336) (332 334 336) (339) (339)
 (338 340 341) (342) (331 334 336) (337 344) (345 338) (345 338) (347 342)
 (348) (346 348) (346 347 342) (349 351) (352) (352) (354 350 343) (345)
 (353 356) (337 338 344) (353 358) (357 359 343) (356 359) (353 356 358)
 (362 343) (361 354 363 360) (355 363 360) (365) (361 366) (367) (368) (366)
 (370 368) (371) (372) (370) (361 362 360) (369 372 364 375) (376) (377)
 (377 373) (376) (377 380) (381) (379 382) (378 383) (384) (385) (386 374)
 (387) (388) (389) (389) (387) (392) (384) (383) (394 395 389) (378 374 382)
 (393 397) (395 388 398) (396 399) (391 400) (391 400) (402) (403) (404) (405)
 (406) (390 407) (390 391 399) (409 394) (410 408) (401 410 405) (412 407)
 (411 413) (410 406) (415) (411 412 416) (416) (418 412) (417 418) (420)
 (421 414) (422) (409 408) (419 413 424) (420 424) (426) (426 423)
 (426 419 423) (428 429) (430) (430) (432) (433 427) (430) (425 427 435)
 (436 432) (425 435 432) (433 436 438) (433 438 431) (439 440) (441) (442)
 (443) (441) (427 440) (445 446) (437 447) (443 448) (443 447) (450) (451)
 (449 452) (450) (449 434 454) (452 455) (455) (457 456) (457 444 452) (459)
 (459 456) (461) (453 455) (434 444 446) (461 464) (453 462 464) (450 464)
 (467 460 453 462) (465 467 460 453 462) (458 469) (469) (471 463)
 (468 471 463) (471 463) (471) (466 475 472) (466 475 468 472) (477 470)
 (473 476 478) (479) (473 478) (481) (473 478) (471 463) (483 484)
 (482 485 479) (486) (474 486) (481 476 485) (489 488 480) (490) (489)
 (474 492 486) (491 493) (494) (494 487) (496) (494) (492 486 480)
 (497 498 499))