(NIL NIL NIL (3) (1) (4 2) (1) NIL (8) (9 3) (8 4 2 1) (9 11) (9 11) (13 6)
 (5 7 14) (10 15) (16) (17) (10 15) (10 15) (20) (18 21) (18 20) (23)
 (24 19 12) (24 19) (26 12 21) (17 12 21) (24 19 22 28) (25 26 22 28)
 (27 30 29) (31) (32) (33) (34) (35) (32) (32) (38) (39) (30 29) (40 41 36)
 (25 21) (40 43) (44 42) (45) (46) (47) (48) (44 36) (48 50) (50) (47 50 37)
 (44 35 41) (51 54) (53 54) (56) (50 37 54) (57 49 58) (58 51 53) (48 58 52)
 (49 60 61) (62) (61 55) (56 58 55) (51 53) (49 58 66 55) (59 67 65 62)
 (57 66 62) (69) (70 59) (71 65 67 63) (70 55) (72 73) (74 64) (75) (76) (74)
 (73 64 67) (79) (76 80) (75 79) (82 76 80) (82) (84 76) (84 78) (83 86)
 (77 86 68) (81 84 78) (89) (89 77) (81 84 68) (90 92 85) (93) (90 92 87)
 (85 77 95) (91 96) (95 88) (98 91 93) (98 85) (100) (100) (102) (91 102)
 (97 93 104) (105 99) (105) (107) (101 93 104) (107 109) (108 110 103)
 (99 109 107) (106 111 112) (113) (114 94) (115) (116) (114) (118) (94 119)
 (120 115) (119) (114 94) (123) (121 122 124) (121 116 124) (115) (126 127)
 (121 127) (126 129) (117 122 130) (129) (128 132) (129) (134 117 130)
 (132 135) (136 128) (134 128 117 122) (138 130) (137 139) (140) (125 133 141)
 (133 141 131) (125 133 141) (144) (131 144) (146) (145 147 143)
 (145 146 142 143) (149) (150) (147 150) (150) (137 139) (154 147 151)
 (154 149) (148 156) (148 156 150) (155 158) (153 157 159 152)
 (148 156 151 152) (153 161 155) (162) (156 152) (161 164 159) (153 154)
 (162 166 159) (167) (163 168) (169 160) (169) (171 164) (171 164)
 (171 164 160) (164 168) (169 175 160) (172 175) (165 174 175) (178)
 (170 173 165 175) (178 180 176) (172 180) (181 182) (172 180) (183 184)
 (183 184) (174 184) (179 181 187) (188 182) (185 189) (187 176) (181 184)
 (185 186 189 191 192) (193 190) (188 192) (193 195) (177 196 190) (197) (197)
 (196) (197 200) (201) (202) (203 198) (194 204) (204) (206) (207) (207)
 (202 198) (210 207) (211) (209 211) (210 208) (194 214 199) (213 215) (216)
 (217 212) (218 205) (219) (217 212 205) (212 216) (205 222) (217 223)
 (217 223) (225 219 224) (225 220 224) (221 223) (217 205 222) (225 229) (229)
 (220 231 228) (225 232 224) (233) (233 230) (226 235) (235) (237)
 (226 227 238) (239) (226 238) (241 234 240) (242) (243) (243) (241 234)
 (246 240) (229 223) (242 236 248) (234 248) (242 236 250)
 (219 248 221 230 224) (250 243 252) (249 250 252 245) (254) (244 246 255)
 (254) (257 246) (258 244) (258) (249 252) (257 261 247) (251 253 262 255)
 (260 262) (244 264) (258 251 253 247 261) (258 251 261 255 247)
 (267 259 260 262) (268 253 264) (265 269) (265 267 253) (271) (272) (273 263)
 (266 270 274) (266 269 274) (266 274) (273 259 256) (273 266 268)
 (275 276 279 256) (279 263) (281 274 270) (274 278 279) (283 270) (283 269)
 (285 277 280) (282 286) (273) (275 278 288) (275 283 288) (281 290 280)
 (282 291) (291 284 286) (275 283 288) (282 284 286 294) (291 284 294)
 (289 292 296) (297 286) (298 287) (299 293) (297 286) (289 292 296)
 (298 293 302 301) (300 303) (304) (305 295) (306) (307) (306) (307 309) (310)
 (311) (309) (313 310) (305) (306 315) (315 310) (317) (313 318 312) (316 319)
 (319) (321 314 316) (314 315 308) (323) (322 324 320) (322 324 320)
 (323 316 318 312) (322 327 320) (325 328) (329 326) (330) (324 328) (332 326)
 (321 323 320) (329 333 334) (326 334) (336) (321 323 316) (338 331) (338 333)
 (340 325) (338 325 327) (330 342 335) (338 325 327) (330 344 340 334 342)
 (345 343) (346 331 336) (338 333) (348) (337 345 331 349 343) (337 349 344)
 (346 341 350 351) (346 339 351) (353 347) (353 352) (355) (356) (353)
 (356 358) (359) (358) (361 347 357) (362) (354 362) (362) (365 360) (364 365)
 (367) (359 368) (367 360) (363 367) (371) (372 359 368) (372 359)
 (369 374 360) (373 374) (370 374) (371 359) (377 378 375) (369 378 374 360)
 (380) (379 380) (378 373) (370 366 383) (377 380 383) (379 383) (386 366)
 (387 376) (388 384) (385 387 382) (390) (390) (392 381 376) (393 391)
 (393 388 391) (394 395) (395) (394 397 384) (398) (396 399) (400) (401) (393)
 (396 403) (402 389 404) (404 399) (402 403) (395) (408 405) (403 408 397 384)
 (407 410 409) (402 408) (412 411) (406 407 412) (414) (415) (416 413) (417)
 (415 411) (414 410) (420 413) (415 421) (419 416 422) (417 423) (421)
 (420 409) (426 422) (427 424) (425 418 427 423) (429) (425 426 424) (427 431)
 (418 432) (433 428) (425 418 426 424) (435) (434 436) (437) (430 438) (439)
 (440) (430 438) (430 438) (443) (434 436 429) (443 445) (446) (444 447) (448)
 (446 439) (441 450 447) (451) (442 451) (433 435 428) (444 454 440) (453 455)
 (442 444 454 450) (457 452 453 448) (457 452 453) (459) (457 452) (461)
 (462 455) (459 463 448) (453 463) (465 448) (449 466 464) (460 462 448)
 (449 458 468 464) (465 469) (466 470) (471 456) (467 472) (467 471) (474)
 (475 456) (468 464) (467 477 471) (478) (473 476 479) (480) (480) (479)
 (483 456) (483) (475 478 472) (486) (487 480) (488) (485 488) (490) (491)
 (490 484) (484 488) (473 476 487 484) (482 495) (496) (492 496) (493 496)
 (497 499))