(NIL NIL NIL (2 3) (1 3) NIL (6 2) (6 1) NIL (6 9) (9 3) (9 2) (7 12 10)
 (11 4 12) (9 1) (8 15 10) (11 5 15) NIL (18 9) (6 18) (10 20 19) (18 2)
 (12 22 19) (7 20 22) (13 23 21 24) (18 1) (15 26 19) (8 20 26) (16 27 21 28)
 NIL (30 9) (30 6) (32 10 31) (30 3) (11 34 31) (30 2) (36 12 31) (7 36 32)
 (33 38 37 13) (4 34 36) (35 14 37 40) (30 1) (42 15 31) (8 42 32)
 (33 43 16 44) (5 34 42) (35 17 43 46) NIL (30 48) (18 48) (48 9) (51 49 31)
 (51 50 19) (6 48) (54 49 32) (54 50 20) (51 54 10) (33 52 55 57) (53 56 57 21)
 (48 3) (34 49 60) (51 11 60) (52 35 61 62) (48 2) (36 49 64) (50 22 64)
 (51 12 64) (65 52 37 67) (66 53 67 23) (54 64 7) (65 55 38 70) (66 56 70 24)
 (67 13 57 70) (73 68 39 58 71) (25 73 69 59 72) (4 60 64) (65 76 61 40)
 (67 76 14 62) (68 77 41 63 78) (48 1) (42 49 80) (50 26 80) (51 15 80)
 (81 52 43 83) (82 53 83 27) (54 80 8) (81 55 44 86) (82 56 86 28)
 (83 16 57 86) (89 84 45 58 87) (29 89 85 59 88) (5 60 80) (81 92 61 46)
 (83 92 17 62) (84 93 47 63 94) NIL (48 96) (30 96) (49 98 97) (18 96)
 (50 97 100) (9 96) (51 102 97) (102 98 31) (52 99 104 103) (102 100 19)
 (53 103 101 106) (6 96) (54 97 108) (108 98 32) (109 110 55 99) (108 100 20)
 (109 112 56 101) (102 10 108) (109 57 103 114) (33 110 104 114)
 (111 115 58 105 116) (112 114 21 106) (107 118 113 115 59) (3 96) (60 97 120)
 (34 98 120) (121 61 99 122) (11 102 120) (121 124 103 62) (122 35 124 104)
 (123 125 63 105 126) (2 96) (128 97 64) (36 98 128) (65 129 99 130)
 (128 100 22) (129 66 132 101) (12 102 128) (129 67 103 134) (130 37 104 134)
 (131 68 135 105 136) (132 134 23 106) (107 133 69 135 138) (7 128 108)
 (109 129 140 70) (110 140 38 130) (111 141 131 71 142) (140 132 112 24)
 (141 133 144 113 72) (140 13 114 134) (73 146 141 135 115)
 (146 136 39 142 116) (117 137 143 147 148 74) (25 118 144 146 138)
 (119 139 145 147 150 75) (4 128 120) (121 129 76 152) (122 152 40 130)
 (153 154 123 77 131) (124 14 134 152) (153 156 125 78 135)
 (154 156 126 41 136) (127 137 155 157 158 79) (1 96) (160 97 80) (42 98 160)
 (81 161 99 162) (160 100 26) (161 82 164 101) (15 102 160) (161 83 103 166)
 (162 43 104 166) (163 84 167 105 168) (164 166 27 106) (107 165 85 167 170)
 (8 160 108) (109 161 172 86) (172 110 44 162) (111 173 163 87 174)
 (164 172 112 28) (165 176 113 173 88) (172 16 114 166) (89 178 173 167 115)
 (178 168 45 174 116) (117 169 175 179 180 90) (29 118 176 178 170)
 (119 171 177 179 182 91) (5 160 120) (121 161 92 184) (122 184 46 162)
 (185 186 123 93 163) (124 17 166 184) (185 188 125 94 167)
 (186 188 126 47 168) (127 169 187 189 190 95) NIL (192 96) (30 192)
 (193 98 194) (18 192) (193 100 196) (192 9) (193 198 102) (198 194 31)
 (199 200 104 195) (198 19 196) (197 199 202 106) (6 192) (193 204 108)
 (204 194 32) (110 205 206 195) (204 20 196) (197 112 205 208) (198 204 10)
 (210 199 205 114) (33 210 200 206) (211 212 201 207 116) (210 202 21 208)
 (209 118 211 214 203) (192 3) (193 216 120) (34 194 216) (217 122 195 218)
 (11 198 216) (217 199 124 220) (218 35 200 220) (221 219 201 126 222) (192 1)
 (193 224 160) (42 194 224) (225 162 195 226) (224 26 196) (197 225 164 228)
 (198 15 224) (225 199 166 230) (226 43 200 230) (227 232 201 231 168)
 (228 202 27 230) (170 229 231 203 234) (8 204 224) (225 236 172 205)
 (226 44 206 236) (227 237 174 207 238) (228 28 236 208) (209 237 240 229 176)
 (210 16 230 236) (178 211 237 231 242) (242 212 45 238 232)
 (233 213 239 180 243 244) (29 234 242 214 240) (235 215 241 243 182 246)
 (5 224 216) (217 225 248 184) (218 248 46 226) (249 186 219 227 250)
 (220 17 230 248) (249 252 188 221 231) (250 252 222 47 232)
 (233 223 254 251 253 190) NIL (256 192) (256 48) (256 30) (257 194 259)
 (49 258 259) (256 18) (262 257 196) (262 50 258) (256 9) (198 257 265)
 (51 258 265) (265 31 259) (260 266 268 200) (261 268 267 52) (262 19 265)
 (266 263 202 271) (267 53 264 271) (256 6) (204 257 274) (54 258 274)
 (32 274 259) (260 275 277 206) (261 55 277 276) (262 20 274) (275 263 280 208)
 (56 276 264 280) (274 10 265) (266 210 275 283) (283 267 57 276)
 (33 283 268 277) (284 286 269 212 278) (279 285 286 270 58) (283 271 21 280)
 (284 289 214 272 281) (285 282 289 59 273) (256 3) (292 257 216) (60 258 292)
 (34 292 259) (260 218 295 293) (261 295 61 294) (11 292 265) (266 293 220 298)
 (267 298 62 294) (295 268 35 298) (301 269 222 299 296) (301 297 270 63 300)
 (256 2) (304 258 64) (36 304 259) (65 261 305 306) (262 22 304)
 (305 66 264 308) (12 304 265) (305 267 67 310) (306 268 37 310)
 (307 68 270 311 312) (308 271 23 310) (309 69 314 311 273) (7 304 274)
 (305 276 316 70) (316 306 277 38) (317 307 279 318 71) (316 308 280 24)
 (320 317 72 309 282) (283 316 13 310) (73 322 285 317 311)
 (322 286 39 318 312) (313 319 323 324 74 288) (25 314 322 289 320)
 (291 315 321 323 326 75) (4 304 292) (305 294 76 328) (306 295 40 328)
 (329 77 307 297 330) (328 14 298 310) (329 332 78 311 300)
 (301 330 332 41 312) (313 334 303 333 331 79) (256 1) (336 257 224)
 (336 258 80) (42 336 259) (260 226 339 337) (81 261 339 338) (262 26 336)
 (337 263 228 342) (82 264 342 338) (15 336 265) (266 337 230 345)
 (345 267 83 338) (345 268 339 43) (348 346 340 269 232) (348 341 347 84 270)
 (345 271 27 342) (234 351 343 272 346) (347 344 85 351 273) (8 336 274)
 (275 337 236 354) (276 86 354 338) (354 277 44 339) (357 340 278 355 238)
 (357 341 356 279 87) (354 280 342 28) (355 360 343 281 240)
 (356 360 344 88 282) (283 345 16 354) (284 355 363 346 242)
 (89 285 356 363 347) (357 348 286 45 363) (349 244 358 364 287 366)
 (350 288 359 90 365 366) (29 363 351 289 360) (369 352 246 361 364 290)
 (291 369 353 362 91 365) (5 336 292) (293 337 372 248) (372 294 92 338)
 (295 372 339 46) (250 340 296 373 375) (341 93 297 374 375) (345 372 17 298)
 (346 252 373 299 378) (378 347 374 94 300) (301 378 348 375 47)
 (376 381 379 349 302 254) (377 380 381 350 303 95) NIL (384 256) (384 192)
 (385 257 386) (384 96) (193 388 386) (384 48) (385 258 390) (388 97 390)
 (384 30) (385 393 259) (393 386 194) (260 394 395 387) (388 393 98)
 (389 395 397 195) (49 393 390) (399 261 394 391) (392 399 99 397) (384 18)
 (262 385 402) (402 386 196) (263 404 403 387) (388 402 100) (197 406 389 404)
 (402 50 390) (408 264 403 391) (392 406 408 101) (384 9) (411 385 265)
 (411 198 386) (266 412 413 387) (411 388 102) (415 389 413 199) (51 411 390)
 (267 417 412 391) (392 415 103 417) (411 393 31) (412 268 394 420)
 (420 413 200 395) (422 414 269 421 396) (420 415 104 397)
 (422 201 416 424 398) (399 52 417 420) (400 421 426 270 418)
 (419 401 424 105 426) (411 402 19) (412 429 403 271) (413 429 202 404)
 (430 414 431 272 405) (406 429 415 106) (407 433 431 416 203) (408 429 53 417)
 (430 435 418 409 273) (107 419 410 433 435) (384 6) (438 385 274)
 (438 204 386) (275 439 440 387) (388 438 108) (389 440 205 442) (54 390 438)
 (276 439 444 391) (392 109 442 444) (438 393 32) (277 394 439 447)
 (447 440 395 206) (449 448 278 441 396) (110 447 442 397)
 (451 449 443 207 398) (399 55 447 444) (445 400 448 279 453)
 (453 446 401 111 451) (438 402 20) (439 456 403 280) (440 456 404 208)
 (457 441 458 281 405) (406 456 112 442) (209 407 458 443 460) (408 56 456 444)
 (445 462 409 457 282) (113 460 410 462 446) (411 438 10) (283 412 439 465)
 (210 413 440 465) (284 414 441 466 467) (465 415 114 442)
 (469 211 416 443 467) (465 57 417 444) (445 471 285 466 418)
 (419 446 471 469 115) (33 420 447 465) (474 421 286 448 466)
 (449 422 212 474 467) (475 476 423 450 287 468) (469 474 424 451 116)
 (470 476 478 213 452 425) (453 471 474 58 426) (427 472 475 480 454 288)
 (117 428 473 478 480 455) (429 456 465 21) (483 430 457 466 289)
 (483 431 214 467 458) (432 484 485 459 290 468) (469 118 483 433 460)
 (470 434 215 485 487 461) (435 462 471 483 59) (291 472 436 484 489 463)
 (119 473 437 487 489 464) (384 3) (385 492 292) (492 386 216)
 (293 493 494 387) (388 492 120) (217 389 494 496) (60 390 492)
 (294 493 498 391) (392 121 498 496) (34 393 492) (501 295 394 493)
 (218 395 494 501) (503 296 396 495 502) (122 501 397 496)
 (497 505 219 503 398) (399 498 61 501) (400 499 507 297 502)
 (505 507 401 500 123) (411 11 492) (412 493 298 510) (413 220 494 510)
 (511 414 495 299 512) (124 415 510 496) (497 514 221 416 512) (498 62 417 510)
 (516 499 300 511 418) (419 514 500 125 516) (420 35 501 510)
 (301 421 519 502 511) (519 422 222 503 512) (504 513 520 521 302 423)
 (505 514 424 519 126) (506 223 515 521 523 425) (507 516 519 63 426)
 (427 508 517 520 303 525) (428 127 509 518 523 525) (384 2) (385 528 304)
 (388 528 128) (528 390 64) (305 529 531 391) (392 129 531 530) (36 393 528)
 (529 306 394 534) (130 534 397 530) (399 65 531 534) (537 400 307 532 535)
 (537 401 533 131 536) (402 22 528) (529 308 540 403) (406 530 132 540)
 (66 408 540 531) (541 409 309 532 543) (133 533 410 542 543) (411 12 528)
 (529 412 310 546) (530 415 134 546) (546 67 531 417) (547 532 549 311 418)
 (419 549 548 533 135) (420 37 534 546) (421 552 547 535 312)
 (552 536 548 424 136) (537 68 549 552 426) (427 313 538 550 553 555)
 (428 137 539 551 554 555) (546 429 540 23) (314 547 430 541 558)
 (138 548 542 433 558) (435 549 69 558 543) (561 436 315 544 550 559)
 (561 437 545 551 139 560) (438 528 7) (529 439 316 564) (530 564 140 442)
 (531 564 70 444) (445 565 532 317 567) (446 533 141 566 567) (564 447 38 534)
 (570 448 565 318 535) (566 570 142 451 536) (453 537 567 71 570)
 (568 538 571 573 319 454) (569 539 572 573 143 455) (456 540 564 24)
 (541 565 457 576 320) (566 576 144 542 460) (462 576 567 543 72)
 (577 568 544 321 579 463) (545 569 145 578 579 464) (546 13 465 564)
 (322 547 565 466 582) (469 146 548 566 582) (73 471 549 582 567)
 (472 568 323 550 583 585) (473 569 147 551 584 585) (570 39 474 582 552)
 (475 571 324 583 553 588) (478 572 148 584 554 588) (480 573 585 74 555 588)
 (481 574 325 586 556 589 591) (482 575 149 587 557 590 591)
 (25 582 558 483 576) (594 484 577 326 583 559) (594 578 487 150 584 560)
 (561 594 579 489 585 75) (562 595 597 580 490 327 586)
 (563 596 597 491 581 151 587) (4 492 528) (529 600 493 328) (530 152 600 496)
 (498 531 76 600) (329 601 499 532 603) (153 602 603 500 533) (600 501 40 534)
 (601 330 502 535 606) (505 154 602 606 536) (537 507 77 603 606)
 (604 538 508 607 609 331) (509 539 605 608 609 155) (546 14 510 600)
 (601 547 332 511 612) (514 156 548 612 602) (603 516 549 78 612)
 (604 613 550 615 517 333) (551 605 518 615 157 614) (606 612 41 519 552)
 (607 613 520 553 618 334) (608 614 554 618 523 158) (609 615 618 555 525 79)
 (610 616 619 556 621 526 335) (621 611 527 617 620 557 159) (384 1)
 (385 624 336) (624 386 224) (337 625 387 626) (388 624 160) (225 626 389 628)
 (624 390 80) (625 338 630 391) (392 161 628 630) (42 393 624)
 (625 633 339 394) (633 226 395 626) (635 634 627 340 396) (633 162 628 397)
 (637 227 629 635 398) (399 81 630 633) (400 341 639 631 634)
 (401 637 163 639 632) (402 26 624) (625 642 403 342) (626 228 404 642)
 (627 644 643 343 405) (406 628 164 642) (407 644 229 646 629) (82 408 630 642)
 (643 409 648 631 344) (165 648 410 646 632) (411 15 624) (345 412 651 625)
 (626 413 230 651) (653 346 627 414 652) (651 628 415 166)
 (653 629 416 231 655) (83 630 417 651) (657 347 652 631 418)
 (419 657 655 167 632) (633 420 43 651) (634 421 348 652 660)
 (635 422 653 660 232) (349 654 661 662 636 423) (660 637 424 655 168)
 (233 656 662 664 638 425) (657 84 660 639 426) (427 350 658 661 666 640)
 (641 428 169 659 664 666) (642 429 651 27) (669 643 430 652 351)
 (669 234 653 644 431) (645 432 654 352 670 671) (170 669 646 433 655)
 (673 647 434 235 656 671) (435 657 669 85 648) (675 649 436 353 658 670)
 (673 675 650 437 659 171) (438 624 8) (625 354 439 678) (236 440 678 626)
 (355 441 627 679 680) (628 172 442 678) (629 237 682 443 680) (678 630 86 444)
 (445 684 356 679 631) (446 684 173 682 632) (633 447 44 678)
 (634 448 357 687 679) (635 449 238 687 680) (681 450 688 689 358 636)
 (682 637 174 451 687) (683 239 452 689 691 638) (453 684 639 87 687)
 (685 688 454 693 359 640) (641 686 175 455 693 691) (642 456 678 28)
 (643 696 457 679 360) (696 680 644 458 240) (645 681 697 459 361 698)
 (682 696 176 646 460) (647 683 241 461 698 700) (462 696 648 684 88)
 (649 685 697 362 463 702) (464 650 686 177 700 702) (651 16 465 678)
 (705 363 652 466 679) (705 242 653 467 680) (706 707 681 654 364 468)
 (469 178 705 655 682) (470 707 709 683 656 243) (89 657 471 684 705)
 (706 472 711 685 658 365) (709 711 659 686 179 473) (705 660 45 474 687)
 (706 475 714 688 661 366) (707 476 714 689 244 662)
 (708 477 715 716 690 663 367) (709 714 664 691 180 478)
 (710 479 716 718 692 245 665) (711 714 480 693 666 90)
 (712 715 481 720 694 667 368) (713 482 718 181 695 668 720)
 (29 705 669 483 696) (369 706 484 723 697 670) (707 485 723 246 698 671)
 (370 708 486 724 725 699 672) (673 709 487 723 182 700)
 (674 710 727 488 725 247 701) (675 711 723 489 91 702)
 (371 676 712 724 490 729 703) (491 677 183 713 727 729 704) (5 492 624)
 (625 372 493 732) (626 732 494 248) (733 627 373 734 495) (628 184 732 496)
 (497 249 629 734 736) (498 92 630 732) (738 499 733 374 631)
 (185 738 500 736 632) (633 732 501 46) (634 741 733 502 375)
 (250 635 741 734 503) (742 743 376 504 636 735) (505 186 637 741 736)
 (737 743 745 506 251 638) (738 507 93 741 639) (739 742 377 747 508 640)
 (641 740 745 747 509 187) (651 732 17 510) (378 652 733 750 511)
 (750 252 653 734 512) (379 654 751 752 513 735) (514 188 750 655 736)
 (737 752 754 515 656 253) (657 738 516 94 750) (739 380 751 658 756 517)
 (740 754 659 756 518 189) (660 741 47 519 750) (742 381 751 661 759 520)
 (743 752 662 759 521 254) (744 382 753 663 760 761 522)
 (745 754 759 664 523 190) (746 761 755 665 763 524 255)
 (747 756 759 666 525 95) (748 383 757 760 667 765 526)
 (749 527 763 668 765 191 758))