(NIL NIL (1 2) NIL (2 4) (1 4) (5 3 6) NIL (4 8) (2 8) (9 5 10) (1 8) (9 6 12)
 (3 10 12) (11 13 7 14) NIL (4 16) (1 16) (17 18 6) NIL (16 20) (8 20) (4 20)
 (21 17 23) (22 9 23) (2 20) (22 10 26) (5 23 26) (27 11 25 28) NIL (20 30)
 (16 30) (31 21 32) (8 30) (31 22 34) (4 30) (31 23 36) (32 36 17)
 (33 24 37 38) (9 34 36) (40 35 25 37) (2 30) (31 26 42) (34 42 10)
 (43 44 35 27) (5 36 42) (43 46 28 37) (40 11 46 44) (41 47 45 29 48) (1 30)
 (32 50 18) (34 12 50) (6 36 50) (19 51 53 38) (40 52 13 53) (3 50 42)
 (44 52 14 56) (7 46 53 56) (57 58 55 48 15) NIL (30 60) (20 60) (61 31 62)
 (16 60) (61 32 64) (21 62 64) (63 65 33 66) (8 60) (61 34 68) (22 62 68)
 (63 69 35 70) (4 60) (61 72 36) (62 23 72) (63 73 74 37) (17 64 72)
 (73 76 65 38) (24 76 66 74) (39 77 75 67 78) (9 68 72) (40 73 80 69)
 (80 25 70 74) (41 81 75 71 82) (2 60) (61 84 42) (62 26 84) (43 85 63 86)
 (10 68 84) (85 44 88 69) (86 88 27 70) (45 89 87 71 90) (5 72 84)
 (85 46 73 92) (86 92 74 28) (93 94 87 47 75) (88 11 80 92) (93 89 96 81 48)
 (94 96 82 29 90) (83 49 91 95 97 98) (1 60) (61 50 100) (100 64 18)
 (101 51 65 102) (12 100 68) (101 52 69 104) (100 6 72) (53 73 101 106)
 (19 106 102 76) (77 107 108 54 103) (106 80 13 104) (105 107 81 110 55)
 (3 100 84) (85 112 101 56) (112 88 14 104) (57 105 89 114 113) (106 7 112 92)
 (93 58 107 116 113) (114 96 110 15 116) (115 117 118 59 97 111) NIL (60 120)
 (30 120) (121 61 122) (20 120) (121 62 124) (31 122 124) (123 125 63 126)
 (16 120) (121 64 128) (122 128 32) (129 130 123 65) (21 124 128)
 (129 132 125 66) (130 33 132 126) (131 133 67 127 134) (8 120) (121 68 136)
 (122 136 34) (137 138 123 69) (22 124 136) (137 140 125 70) (138 35 140 126)
 (139 141 71 127 142) (4 120) (121 72 144) (122 36 144) (145 146 123 73)
 (23 124 144) (145 148 125 74) (146 148 126 37) (147 149 75 127 150)
 (17 144 128) (129 145 152 76) (146 130 152 38) (77 153 131 147 154)
 (132 24 148 152) (153 78 149 156 133) (39 154 156 134 150)
 (155 157 158 135 79 151) (9 144 136) (137 145 80 160) (146 138 160 40)
 (161 162 139 81 147) (140 25 148 160) (161 149 164 141 82)
 (162 41 164 142 150) (163 165 166 143 83 151) (2 120) (121 168 84)
 (122 168 42) (85 169 123 170) (26 124 168) (169 86 172 125) (43 170 172 126)
 (87 173 171 127 174) (10 168 136) (137 169 88 176) (138 176 170 44)
 (177 178 139 89 171) (172 140 27 176) (177 173 180 141 90)
 (178 45 180 142 174) (175 179 181 182 143 91) (5 168 144) (145 169 184 92)
 (146 46 184 170) (93 185 147 171 186) (172 148 28 184) (185 94 188 149 173)
 (186 188 47 150 174) (175 187 189 190 95 151) (184 11 176 160)
 (161 177 96 192 185) (162 186 192 48 178) (163 187 193 194 97 179)
 (180 164 192 29 188) (165 181 189 193 196 98) (166 49 182 190 194 196)
 (183 167 191 195 197 198 99) (1 120) (121 100 200) (122 200 50)
 (201 202 123 101) (200 18 128) (129 201 204 102) (130 51 204 202)
 (131 205 203 103 206) (200 12 136) (137 201 208 104) (138 52 208 202)
 (105 209 139 203 210) (6 200 144) (145 106 212 201) (146 212 53 202)
 (147 203 213 107 214) (19 212 204 152) (153 213 108 205 216)
 (154 214 216 54 206) (155 207 215 217 218 109) (212 208 13 160)
 (161 209 220 213 110) (162 220 214 55 210) (163 211 215 221 222 111)
 (3 200 168) (169 201 224 112) (170 224 202 56) (113 225 171 203 226)
 (224 208 14 176) (177 114 225 228 209) (57 178 228 226 210)
 (227 229 230 179 115 211) (224 7 212 184) (185 225 116 213 232)
 (186 232 214 226 58) (227 117 233 234 187 215) (228 220 232 15 192)
 (229 118 233 236 193 221) (230 234 236 59 194 222)
 (119 231 235 237 238 195 223) NIL (240 120) (240 60) (241 121 242) (240 30)
 (241 122 244) (61 242 244) (243 245 123 246) (240 20) (241 124 248)
 (242 248 62) (249 250 243 125) (31 244 248) (249 252 245 126) (250 63 252 246)
 (251 253 127 247 254) (240 16) (241 256 128) (242 64 256) (129 257 243 258)
 (32 244 256) (257 130 260 245) (258 260 65 246) (131 261 259 247 262)
 (21 256 248) (249 257 132 264) (250 264 66 258) (265 266 251 133 259)
 (33 252 260 264) (265 261 268 253 134) (266 268 254 67 262)
 (135 255 263 267 269 270) (240 8) (241 272 136) (242 68 272) (137 273 243 274)
 (34 244 272) (273 138 276 245) (274 276 69 246) (139 277 275 247 278)
 (22 272 248) (249 273 140 280) (250 280 70 274) (281 282 251 141 275)
 (276 35 252 280) (281 277 284 253 142) (282 284 254 71 278)
 (143 255 279 283 285 286) (240 4) (241 288 144) (242 72 288) (145 289 243 290)
 (244 36 288) (289 146 292 245) (290 292 73 246) (147 293 291 247 294)
 (23 288 248) (249 289 148 296) (250 296 74 290) (297 298 251 149 291)
 (252 292 37 296) (297 293 300 253 150) (298 300 254 75 294)
 (255 295 299 301 302 151) (17 288 256) (257 289 304 152) (258 304 290 76)
 (153 305 259 291 306) (304 260 292 38) (305 154 293 261 308)
 (77 306 308 262 294) (307 309 263 155 295 310) (304 24 296 264)
 (265 297 156 305 312) (266 306 312 298 78) (307 157 313 314 267 299)
 (39 268 300 308 312) (309 158 313 269 316 301) (310 314 316 302 79 270)
 (159 311 315 317 318 303 271) (9 288 272) (273 289 320 160) (274 80 320 290)
 (161 321 275 291 322) (40 276 292 320) (321 162 293 277 324)
 (322 324 81 278 294) (279 163 323 325 326 295) (296 25 320 280)
 (281 297 164 321 328) (282 322 328 82 298) (165 323 329 330 283 299)
 (41 284 300 324 328) (285 166 325 329 332 301) (302 326 83 330 332 286)
 (167 303 327 331 333 334 287) (240 2) (241 336 168) (242 336 84)
 (169 337 243 338) (336 244 42) (337 170 340 245) (85 338 340 246)
 (171 341 339 247 342) (336 26 248) (249 337 172 344) (250 344 338 86)
 (345 346 251 173 339) (43 340 252 344) (345 341 348 253 174)
 (346 87 348 254 342) (175 343 347 349 350 255) (10 336 272) (273 337 352 176)
 (274 352 88 338) (177 353 275 339 354) (44 340 276 352) (341 178 356 277 353)
 (354 356 89 278 342) (343 179 355 357 358 279) (352 344 27 280)
 (281 345 180 353 360) (282 360 90 354 346) (347 181 355 361 362 283)
 (348 356 45 284 360) (349 182 357 361 364 285) (350 358 91 362 364 286)
 (351 183 359 363 365 366 287) (5 336 288) (289 337 368 184) (290 368 338 92)
 (185 369 291 339 370) (46 340 292 368) (341 186 372 293 369)
 (93 370 372 294 342) (371 373 374 343 187 295) (368 344 28 296)
 (297 345 188 369 376) (298 376 370 346 94) (371 377 378 347 189 299)
 (372 348 300 47 376) (373 377 380 349 190 301) (374 378 380 350 95 302)
 (375 379 381 382 351 191 303) (368 11 352 320) (321 353 384 369 192)
 (384 322 96 370 354) (371 355 385 386 323 193) (372 356 324 48 384)
 (373 325 385 388 357 194) (374 386 388 326 97 358)
 (327 375 387 389 390 359 195) (376 384 360 29 328) (377 385 361 392 329 196)
 (378 362 386 392 330 98) (379 387 393 394 331 197 363)
 (332 380 49 388 392 364) (333 381 389 393 396 365 198)
 (382 366 390 394 396 334 99) (383 199 391 335 395 397 398 367) (240 1)
 (241 400 200) (242 100 400) (201 401 243 402) (50 244 400) (401 202 404 245)
 (402 404 101 246) (203 405 403 247 406) (400 18 256) (257 401 204 408)
 (258 408 102 402) (409 410 259 205 403) (51 260 404 408) (409 405 412 261 206)
 (410 412 262 103 406) (263 207 407 411 413 414) (400 12 272) (273 401 416 208)
 (274 416 402 104) (209 417 275 403 418) (52 404 276 416) (405 210 420 277 417)
 (105 418 420 278 406) (419 421 279 211 407 422) (6 400 288) (289 401 212 424)
 (290 424 402 106) (425 426 291 213 403) (404 292 53 424) (425 405 428 293 214)
 (426 107 428 294 406) (215 295 427 429 430 407) (19 424 408 304)
 (305 409 432 425 216) (306 108 426 432 410) (307 427 433 434 217 411)
 (428 412 308 54 432) (309 429 433 436 218 413) (310 430 434 436 109 414)
 (311 431 435 437 438 219 415) (424 416 13 320) (321 417 220 440 425)
 (322 426 440 110 418) (419 427 323 441 442 221) (420 324 440 55 428)
 (421 429 325 441 444 222) (422 430 326 442 444 111)
 (423 431 327 443 445 446 223) (3 400 336) (337 401 448 224) (338 448 402 112)
 (225 449 339 403 450) (448 404 340 56) (405 226 449 452 341)
 (113 450 452 342 406) (451 453 454 343 227 407) (448 416 14 352)
 (353 417 449 228 456) (450 354 456 418 114) (419 229 457 458 451 355)
 (57 420 356 452 456) (421 230 457 460 357 453) (115 454 458 460 358 422)
 (231 423 455 459 461 462 359) (448 7 424 368) (369 425 449 464 232)
 (450 370 116 464 426) (371 233 427 451 465 466) (58 372 452 428 464)
 (453 234 429 465 468 373) (117 454 430 466 468 374)
 (375 455 235 431 467 469 470) (440 456 464 15 384) (465 457 236 385 472 441)
 (118 466 458 386 472 442) (459 237 387 467 473 474 443)
 (460 468 59 388 472 444) (461 238 469 473 389 476 445)
 (119 462 470 474 476 446 390) (391 463 239 471 475 477 478 447) NIL (480 240)
 (480 120) (241 482 481) (480 60) (242 484 481) (121 482 484) (483 485 243 486)
 (480 30) (244 481 488) (482 488 122) (489 490 483 245) (61 484 488)
 (489 492 485 246) (490 123 492 486) (491 493 247 487 494) (480 20)
 (496 481 248) (482 124 496) (249 497 483 498) (62 484 496) (497 250 500 485)
 (498 500 125 486) (251 501 499 487 502) (31 496 488) (489 497 252 504)
 (490 504 126 498) (505 506 491 253 499) (500 63 492 504) (505 501 508 493 254)
 (506 508 494 127 502) (255 495 503 507 509 510) (480 16) (512 481 256)
 (482 512 128) (257 513 483 514) (484 64 512) (513 258 516 485)
 (129 514 516 486) (259 517 515 487 518) (32 512 488) (489 513 260 520)
 (490 520 514 130) (521 522 491 261 515) (492 65 516 520) (521 517 524 493 262)
 (522 131 524 494 518) (519 523 525 526 495 263) (21 512 496) (497 513 528 264)
 (498 132 528 514) (265 529 499 515 530) (516 500 66 528) (529 266 517 501 532)
 (530 532 133 502 518) (519 531 533 534 503 267) (33 520 528 504)
 (505 521 268 529 536) (506 536 134 530 522) (523 531 537 538 507 269)
 (532 508 524 67 536) (525 533 537 540 509 270) (526 135 534 538 540 510)
 (527 511 535 539 541 542 271) (480 8) (544 481 272) (482 544 136)
 (273 545 483 546) (68 484 544) (545 274 548 485) (137 546 548 486)
 (275 549 547 487 550) (34 544 488) (489 545 276 552) (490 552 546 138)
 (553 554 491 277 547) (548 492 69 552) (553 549 556 493 278)
 (554 139 556 494 550) (551 555 557 558 495 279) (22 544 496) (497 545 560 280)
 (498 140 560 546) (281 561 499 547 562) (548 500 70 560) (561 282 564 501 549)
 (562 564 141 502 550) (551 563 565 566 503 283) (560 35 552 504)
 (505 553 284 568 561) (506 562 568 142 554) (555 563 569 570 507 285)
 (556 508 568 71 564) (557 565 569 572 509 286) (558 143 566 570 572 510)
 (559 511 567 571 573 574 287) (480 4) (576 481 288) (482 576 144)
 (289 577 483 578) (484 72 576) (577 290 580 485) (145 578 580 486)
 (291 581 579 487 582) (576 36 488) (489 577 292 584) (490 578 584 146)
 (585 586 491 293 579) (492 73 584 580) (585 581 588 493 294)
 (586 147 588 494 582) (583 587 589 590 495 295) (23 576 496) (497 577 592 296)
 (498 148 592 578) (297 593 499 579 594) (500 592 74 580) (593 298 596 501 581)
 (594 596 149 502 582) (583 595 597 598 503 299) (584 592 37 504)
 (505 585 300 593 600) (506 594 600 150 586) (587 595 601 602 507 301)
 (508 596 600 75 588) (589 597 601 604 509 302) (590 598 602 604 510 151)
 (591 511 599 603 605 606 303) (17 576 512) (513 577 608 304) (514 578 608 152)
 (305 609 515 579 610) (516 580 608 76) (609 306 612 517 581)
 (153 610 612 518 582) (307 613 519 583 611 614) (38 584 608 520)
 (521 585 308 609 616) (616 522 586 610 154) (611 309 617 618 523 587)
 (77 612 524 616 588) (613 310 617 525 620 589) (155 614 618 620 526 590)
 (311 615 619 621 622 591 527) (24 592 608 528) (529 593 624 609 312)
 (624 530 156 610 594) (611 313 595 625 626 531) (612 78 532 624 596)
 (613 314 625 628 533 597) (157 614 626 628 534 598)
 (535 615 315 627 629 630 599) (39 616 600 624 536) (617 316 625 601 632 537)
 (602 158 618 626 632 538) (619 317 627 633 634 539 603)
 (604 620 79 628 632 540) (541 621 318 629 633 636 605)
 (159 622 606 630 634 636 542) (623 543 319 631 635 637 638 607) (9 576 544)
 (545 577 640 320) (640 546 578 160) (321 641 547 579 642) (640 548 80 580)
 (641 322 644 549 581) (161 642 644 550 582) (643 645 551 583 323 646)
 (640 40 584 552) (553 585 324 648 641) (554 586 642 648 162)
 (643 649 650 555 325 587) (644 556 81 648 588) (645 649 557 652 589 326)
 (646 650 163 652 558 590) (647 651 653 654 591 559 327) (640 592 25 560)
 (561 593 656 641 328) (562 164 642 656 594) (643 595 657 658 563 329)
 (644 564 82 656 596) (645 597 657 660 565 330) (646 165 658 660 566 598)
 (567 647 659 661 662 599 331) (648 41 600 656 568) (649 657 601 664 569 332)
 (602 650 166 658 664 570) (651 659 665 666 571 333 603)
 (604 652 660 83 664 572) (573 653 661 665 668 605 334)
 (654 167 606 662 666 668 574) (655 575 335 663 667 669 670 607) (480 2)
 (672 481 336) (482 672 168) (337 673 483 674) (672 484 84) (673 338 676 485)
 (169 674 676 486) (339 677 675 487 678) (672 42 488) (489 673 340 680)
 (674 490 680 170) (681 682 491 341 675) (85 492 676 680) (681 677 684 493 342)
 (682 171 684 494 678) (679 343 683 685 686 495) (672 26 496) (497 673 688 344)
 (498 172 688 674) (345 689 499 675 690) (86 500 676 688) (689 346 677 692 501)
 (690 692 173 502 678) (679 347 691 693 694 503) (43 680 688 504)
 (505 681 689 348 696) (690 506 696 174 682) (683 349 691 697 698 507)
 (87 508 684 692 696) (685 350 693 697 700 509) (175 686 694 698 700 510)
 (351 687 695 699 701 702 511) (10 672 544) (545 673 704 352) (674 546 704 176)
 (353 705 547 675 706) (88 548 676 704) (705 354 677 708 549)
 (177 706 708 550 678) (707 551 709 710 679 355) (44 680 704 552)
 (553 681 356 705 712) (682 554 712 706 178) (707 713 714 555 357 683)
 (708 556 89 684 712) (709 713 557 716 685 358) (710 714 179 716 558 686)
 (711 715 717 718 559 687 359) (688 27 704 560) (561 689 705 720 360)
 (562 180 720 706 690) (707 691 721 722 563 361) (708 564 692 90 720)
 (709 565 721 724 693 362) (710 181 722 724 566 694)
 (567 711 723 725 726 695 363) (720 45 696 712 568) (713 721 697 728 569 364)
 (714 182 698 722 728 570) (715 723 729 730 571 365 699)
 (700 716 724 91 728 572) (573 717 725 729 732 701 366)
 (718 183 702 726 730 732 574) (703 719 575 727 731 733 734 367) (5 672 576)
 (577 673 736 368) (674 578 736 184) (369 737 579 675 738) (580 676 736 92)
 (737 370 677 740 581) (185 738 740 582 678) (739 741 583 679 371 742)
 (46 680 736 584) (585 681 372 737 744) (682 586 738 744 186)
 (739 373 745 746 587 683) (93 588 684 740 744) (741 374 745 589 748 685)
 (742 746 748 590 686 187) (375 743 747 749 750 591 687) (736 688 28 592)
 (593 689 752 737 376) (594 738 188 752 690) (739 377 691 753 754 595)
 (94 596 692 740 752) (741 378 753 756 693 597) (742 754 756 189 598 694)
 (599 743 379 755 757 758 695) (696 47 752 744 600) (745 380 753 697 760 601)
 (746 698 754 190 760 602) (747 381 755 761 762 603 699)
 (700 748 756 760 95 604) (605 749 382 757 761 764 701)
 (750 702 758 191 762 764 606) (703 751 383 759 763 765 766 607)
 (11 704 736 640) (641 705 768 737 384) (642 738 768 706 192)
 (769 770 739 643 385 707) (96 644 708 740 768) (769 772 709 386 645 741)
 (770 772 742 193 710 646) (771 773 711 743 647 387 774) (712 768 48 744 648)
 (769 776 649 713 388 745) (770 776 650 714 746 194)
 (771 777 778 747 715 389 651) (716 776 652 748 772 97)
 (773 777 749 780 717 390 653) (774 778 780 750 718 654 195)
 (775 719 779 781 782 751 655 391) (720 752 768 29 656)
 (769 721 753 784 657 392) (770 722 754 784 658 196)
 (771 659 785 786 755 393 723) (772 784 660 724 98 756)
 (773 661 785 788 725 394 757) (774 786 788 758 726 197 662)
 (727 775 663 787 789 790 759 395) (776 664 760 49 784 728)
 (777 785 729 761 792 665 396) (778 792 786 730 762 666 198)
 (779 731 787 793 794 763 397 667) (732 780 764 788 792 668 99)
 (765 781 789 793 796 733 398 669) (734 782 670 790 794 796 766 199)
 (735 783 399 791 795 671 797 798 767) NIL (800 480) (800 240) (801 481 802)
 (800 120) (482 801 804) (241 804 802) (483 805 806 803) (800 60) (801 484 808)
 (242 802 808) (809 810 485 803) (121 804 808) (809 812 805 486)
 (810 243 812 806) (811 813 487 807 814) (800 30) (801 816 488) (244 802 816)
 (489 817 803 818) (122 804 816) (817 490 820 805) (818 820 245 806)
 (491 821 819 807 822) (61 816 808) (809 817 492 824) (810 824 246 818)
 (825 826 811 493 819) (820 123 812 824) (825 821 828 813 494)
 (826 828 814 247 822) (495 823 827 829 830 815) (800 20) (801 832 496)
 (832 802 248) (497 833 803 834) (124 804 832) (833 498 836 805)
 (249 834 836 806) (499 837 835 807 838) (62 832 808) (809 833 500 840)
 (810 840 834 250) (841 842 811 501 835) (836 812 125 840)
 (841 837 844 813 502) (842 251 844 814 838) (839 843 845 846 503 815)
 (31 832 816) (817 833 848 504) (848 818 252 834) (505 849 819 835 850)
 (836 820 126 848) (849 506 852 821 837) (850 852 253 822 838)
 (839 851 853 854 823 507) (848 63 840 824) (825 841 508 849 856)
 (826 856 850 254 842) (843 851 857 858 827 509) (844 852 828 127 856)
 (845 853 857 860 829 510) (846 255 854 858 860 830)
 (847 831 855 859 861 862 511) (800 16) (801 864 512) (864 802 256)
 (513 865 803 866) (804 864 128) (865 514 868 805) (257 866 868 806)
 (515 869 867 807 870) (64 864 808) (809 865 516 872) (810 866 872 258)
 (873 874 811 517 867) (129 812 868 872) (873 869 876 813 518)
 (874 259 876 814 870) (519 871 875 877 878 815) (32 864 816) (817 865 880 520)
 (818 260 880 866) (521 881 819 867 882) (130 820 868 880)
 (881 522 884 821 869) (882 884 261 822 870) (871 523 883 885 886 823)
 (872 65 880 824) (825 873 524 881 888) (826 882 888 262 874)
 (875 525 883 889 890 827) (131 828 888 876 884) (877 526 885 889 892 829)
 (878 886 263 890 892 830) (879 527 887 891 893 894 831) (21 864 832)
 (833 865 896 528) (834 866 896 264) (529 897 835 867 898) (836 132 868 896)
 (897 530 900 837 869) (265 898 900 838 870) (899 901 839 871 531 902)
 (872 66 896 840) (841 873 532 897 904) (842 874 898 904 266)
 (899 905 906 843 533 875) (844 133 904 876 900) (901 905 845 908 877 534)
 (902 906 908 846 878 267) (903 907 909 910 879 847 535) (33 880 896 848)
 (849 881 912 897 536) (898 850 268 912 882) (899 883 913 914 851 537)
 (852 912 134 884 900) (901 913 916 853 885 538) (902 914 916 854 269 886)
 (855 903 915 917 918 887 539) (888 904 912 67 856) (905 913 889 920 857 540)
 (906 914 920 858 890 270) (907 915 921 922 859 541 891)
 (892 908 135 916 920 860) (861 909 917 921 924 893 542)
 (910 894 918 922 924 862 271) (863 911 543 919 923 925 926 895) (800 8)
 (801 928 544) (928 802 272) (545 929 803 930) (928 804 136) (929 546 932 805)
 (273 930 932 806) (547 933 931 807 934) (928 68 808) (809 929 548 936)
 (810 936 930 274) (937 938 811 549 931) (137 932 812 936)
 (937 933 940 813 550) (938 275 940 814 934) (551 935 939 941 942 815)
 (34 928 816) (817 929 944 552) (818 944 276 930) (553 945 819 931 946)
 (138 932 820 944) (933 554 948 821 945) (946 948 277 822 934)
 (935 555 947 949 950 823) (944 936 69 824) (825 937 556 945 952)
 (826 952 278 946 938) (939 557 947 953 954 827) (940 948 139 828 952)
 (941 558 949 953 956 829) (942 950 279 954 956 830)
 (943 559 951 955 957 958 831) (22 928 832) (833 929 960 560) (834 960 930 280)
 (561 961 835 931 962) (140 932 836 960) (933 562 964 837 961)
 (281 962 964 838 934) (963 965 839 935 563 966) (960 936 70 840)
 (841 937 564 961 968) (842 968 962 938 282) (963 969 970 843 565 939)
 (964 940 844 141 968) (965 969 845 972 941 566) (966 970 972 846 942 283)
 (967 971 973 974 943 847 567) (960 35 944 848) (849 945 976 961 568)
 (976 850 284 962 946) (963 947 977 978 851 569) (964 948 852 142 976)
 (853 965 977 980 949 570) (966 978 980 854 285 950)
 (855 967 979 981 982 951 571) (968 976 952 71 856) (969 977 953 984 857 572)
 (970 978 984 858 286 954) (971 979 985 986 859 573 955)
 (860 972 143 980 984 956) (861 973 981 985 988 957 574)
 (974 958 982 986 988 862 287) (863 975 575 983 987 989 990 959) (800 4)
 (801 992 576) (992 802 288) (577 993 803 994) (992 804 144) (993 578 996 805)
 (289 994 996 806) (579 997 995 807 998) (992 72 808) (809 993 580 1000)
 (810 1000 994 290) (1001 1002 811 581 995) (145 996 812 1000)
 (1001 997 1004 813 582) (1002 291 1004 814 998) (583 999 1003 1005 1006 815)
 (992 36 816) (817 993 1008 584) (818 1008 292 994) (585 1009 819 995 1010)
 (146 996 820 1008) (997 586 1012 821 1009) (1010 1012 293 822 998)
 (999 587 1011 1013 1014 823) (1008 1000 73 824) (825 1001 588 1009 1016)
 (826 1016 294 1010 1002) (1003 589 1011 1017 1018 827)
 (1004 1012 147 828 1016) (1005 590 1013 1017 1020 829)
 (1006 1014 295 1018 1020 830) (1007 591 1015 1019 1021 1022 831) (23 992 832)
 (833 993 1024 592) (834 1024 994 296) (593 1025 835 995 1026)
 (996 836 148 1024) (997 594 1028 837 1025) (297 1026 1028 838 998)
 (1027 1029 839 999 595 1030) (1024 1000 74 840) (841 1001 596 1025 1032)
 (842 1032 1026 1002 298) (1027 1033 1034 843 597 1003)
 (1028 1004 844 149 1032) (1029 1033 845 1036 1005 598)
 (1030 1034 1036 846 1006 299) (1031 1035 1037 1038 1007 847 599)
 (1024 1008 37 848) (849 1009 1040 1025 600) (1040 850 300 1026 1010)
 (1027 1011 1041 1042 851 601) (1028 1012 852 150 1040)
 (853 1029 1041 1044 1013 602) (1030 1042 1044 854 301 1014)
 (855 1031 1043 1045 1046 1015 603) (1032 1040 1016 75 856)
 (1033 1041 1017 1048 857 604) (1018 1034 1042 1048 858 302)
 (1035 1043 1049 1050 859 605 1019) (860 1036 1044 1048 1020 151)
 (861 1037 1045 1049 1052 1021 606) (1038 1022 1046 1050 1052 862 303)
 (863 1039 607 1047 1051 1053 1054 1023) (17 992 864) (865 993 1056 608)
 (866 1056 994 304) (609 1057 867 995 1058) (1056 996 868 152)
 (997 610 1057 1060 869) (305 1058 1060 870 998) (871 611 1061 1062 999 1059)
 (1056 1000 76 872) (873 1001 1057 612 1064) (1058 874 1064 1002 306)
 (1059 613 1065 1066 875 1003) (153 1004 876 1060 1064)
 (1061 614 1065 877 1068 1005) (307 1062 1066 1068 878 1006)
 (1063 615 1067 1069 1070 1007 879) (1056 1008 38 880) (881 1009 1057 1072 616)
 (1058 882 308 1072 1010) (1059 617 1011 1073 1074 883)
 (154 1012 884 1060 1072) (1061 618 1073 1076 1013 885)
 (309 1062 1074 1076 886 1014) (887 1063 619 1075 1077 1078 1015)
 (77 1016 1064 1072 888) (1065 620 1073 1017 1080 889)
 (310 1018 1066 1074 1080 890) (1067 621 1075 1081 1082 891 1019)
 (155 892 1068 1076 1080 1020) (893 1069 622 1077 1081 1084 1021)
 (311 1070 1022 1078 1082 1084 894) (623 895 1079 1071 1083 1085 1086 1023)
 (1056 1024 24 896) (897 1025 1057 1088 624) (1058 898 1088 1026 312)
 (1089 1090 899 1027 625 1059) (1028 900 1060 156 1088)
 (1089 1092 1061 626 1029 901) (1090 1092 1062 313 1030 902)
 (1091 1093 903 1031 1063 627 1094) (78 1032 1064 1088 904)
 (1089 1096 905 1065 1033 628) (1090 314 1034 1096 1066 906)
 (1091 1067 1097 1098 907 629 1035) (1092 157 1096 1036 1068 908)
 (1093 1097 1069 1100 1037 909 630) (1094 1098 315 1100 1070 910 1038)
 (1095 1099 1101 1102 1039 911 631 1071) (39 1040 1072 1088 912)
 (1089 1041 1104 913 632 1073) (1090 914 316 1104 1074 1042)
 (1091 1043 1105 1106 915 1075 633) (1092 158 916 1104 1044 1076)
 (1093 917 1105 1045 1108 1077 634) (1094 317 1046 1106 1108 1078 918)
 (919 1095 1079 1107 1109 1110 1047 635) (1096 1080 1104 79 1048 920)
 (1097 1081 1105 1049 1112 921 636) (1050 1098 1112 318 1106 922 1082)
 (1083 1099 1107 1113 1114 923 637 1051) (924 1084 159 1100 1108 1112 1052)
 (1085 1101 1109 925 1113 1116 1053 638)
 (1102 319 926 1110 1114 1116 1086 1054)
 (1103 927 639 1111 1087 1115 1117 1118 1055) (9 992 928) (929 993 1120 640)
 (930 1120 994 320) (641 1121 931 995 1122) (996 932 1120 160)
 (997 642 1124 933 1121) (321 1122 1124 934 998) (1123 1125 935 999 643 1126)
 (1000 80 1120 936) (937 1001 644 1121 1128) (938 1122 1128 1002 322)
 (1123 645 1129 1130 939 1003) (161 1004 940 1124 1128)
 (1125 646 1129 941 1132 1005) (1126 1130 1132 942 1006 323)
 (647 1127 1131 1133 1134 1007 943) (40 1008 1120 944) (945 1009 1136 1121 648)
 (946 1122 324 1136 1010) (1123 649 1011 1137 1138 947)
 (162 1012 948 1124 1136) (1125 650 1137 1140 1013 949)
 (1126 1138 1140 325 950 1014) (951 1127 651 1139 1141 1142 1015)
 (1016 81 1136 1128 952) (1129 652 1137 1017 1144 953)
 (1018 1130 1138 326 1144 954) (1131 653 1139 1145 1146 955 1019)
 (956 163 1132 1140 1144 1020) (957 1133 654 1141 1145 1148 1021)
 (1134 1022 1142 327 1146 1148 958) (1135 959 655 1143 1147 1149 1150 1023)
 (1024 25 1120 960) (961 1025 1152 1121 656) (962 1122 1152 1026 328)
 (1153 1154 1123 963 657 1027) (1028 964 164 1124 1152)
 (1153 1156 965 658 1029 1125) (1154 1156 1126 1030 329 966)
 (1155 1157 1031 1127 659 967 1158) (1032 1152 82 1128 968)
 (1153 1160 969 1129 1033 660) (1154 1034 970 1160 1130 330)
 (1155 1035 1161 1162 1131 661 971) (972 1132 1160 1036 165 1156)
 (1157 1161 1133 1164 1037 662 973) (1158 1162 1164 1134 974 331 1038)
 (1159 975 1165 1166 1135 1039 663 1163) (41 1040 1152 1136 976)
 (1153 1041 1168 977 664 1137) (1154 1138 1168 978 1042 332)
 (1155 979 1169 1170 1139 1043 665) (1156 980 166 1168 1044 1140)
 (1157 1141 1169 1045 1172 981 666) (1158 1046 1170 1172 1142 333 982)
 (983 1047 1159 1171 1173 1174 1143 667) (984 1160 1144 1168 83 1048)
 (1161 1145 1169 1049 1176 985 668) (1050 1162 1176 1170 1146 986 334)
 (1051 1163 1171 1177 1178 1147 669 987) (988 1148 1164 167 1172 1176 1052)
 (1149 1165 1173 1177 989 1180 1053 670)
 (1166 990 1174 1178 1180 1150 335 1054)
 (991 1167 1055 1175 1179 671 1181 1182 1151) (800 2) (801 1184 672)
 (1184 802 336) (673 1185 803 1186) (804 1184 168) (1185 674 1188 805)
 (337 1186 1188 806) (675 1189 1187 807 1190) (84 1184 808) (809 1185 676 1192)
 (810 1192 1186 338) (1193 1194 811 677 1187) (169 1188 812 1192)
 (1193 1189 1196 813 678) (1194 339 1196 814 1190)
 (679 1191 1195 1197 1198 815) (42 1184 816) (817 1185 1200 680)
 (1200 818 340 1186) (681 1201 819 1187 1202) (1188 170 820 1200)
 (1201 682 1204 821 1189) (1202 1204 341 822 1190)
 (1191 683 1203 1205 1206 823) (85 1200 1192 824) (825 1193 684 1201 1208)
 (826 1208 1202 342 1194) (1195 685 1203 1209 1210 827)
 (1196 1204 171 828 1208) (1197 686 1205 1209 1212 829)
 (343 1198 1206 1210 1212 830) (1199 687 1207 1211 1213 1214 831) (26 1184 832)
 (833 1185 1216 688) (834 1216 1186 344) (689 1217 835 1187 1218)
 (1188 172 836 1216) (1217 690 1220 837 1189) (345 1218 1220 838 1190)
 (1219 1221 839 1191 691 1222) (1216 86 1192 840) (841 1193 692 1224 1217)
 (842 1224 1194 1218 346) (1219 1225 1226 843 693 1195)
 (1196 1220 844 173 1224) (1221 1225 845 1228 1197 694)
 (1222 1226 347 1228 846 1198) (1223 1227 1229 1230 1199 847 695)
 (43 1216 1200 848) (849 1201 1232 1217 696) (850 348 1232 1218 1202)
 (1219 1203 1233 1234 851 697) (1204 1220 852 174 1232)
 (1221 1233 1236 853 698 1205) (1222 349 1234 1236 854 1206)
 (855 1223 1235 1237 1238 1207 699) (1224 87 1208 1232 856)
 (1225 1233 1209 1240 857 700) (1226 350 1234 1210 1240 858)
 (1227 1235 1241 1242 859 701 1211) (860 175 1228 1236 1240 1212)
 (861 1229 1237 1241 1244 1213 702) (1230 351 1214 1238 1242 1244 862)
 (863 1231 703 1239 1243 1245 1246 1215) (10 1184 928) (929 1185 1248 704)
 (930 1248 1186 352) (705 1249 931 1187 1250) (1188 1248 932 176)
 (1249 706 1252 933 1189) (353 1250 1252 934 1190)
 (707 1253 935 1191 1251 1254) (1192 1248 88 936) (937 1193 1249 708 1256)
 (938 1256 1194 1250 354) (1251 709 1257 1258 939 1195)
 (177 1196 940 1252 1256) (1253 710 1257 941 1260 1197)
 (1254 1258 1260 942 1198 355) (711 1255 1259 1261 1262 1199 943)
 (44 1200 1248 944) (945 1201 1249 1264 712) (946 1264 356 1250 1202)
 (1251 713 1203 1265 1266 947) (1204 178 1252 948 1264)
 (1253 714 1265 1268 949 1205) (1254 1266 1268 357 950 1206)
 (951 1255 715 1267 1269 1270 1207) (1256 1208 89 1264 952)
 (1257 716 1265 1209 1272 953) (1258 1266 1210 358 1272 954)
 (1259 717 1267 1273 1274 955 1211) (956 179 1260 1268 1272 1212)
 (957 1261 718 1269 1273 1276 1213) (1262 1214 1270 359 1274 1276 958)
 (1263 959 719 1271 1275 1277 1278 1215) (1248 1216 27 960)
 (961 1217 1249 1280 720) (962 1280 1218 1250 360)
 (1281 1282 963 1219 1251 721) (180 1252 964 1280 1220)
 (1281 1284 1253 722 965 1221) (1282 1284 966 361 1222 1254)
 (1283 1285 1223 1255 723 967 1286) (1256 1224 1280 90 968)
 (1281 1288 969 1225 724 1257) (1282 1288 970 1258 1226 362)
 (1283 1259 1289 1290 971 725 1227) (1260 1288 1228 181 1284 972)
 (1285 1289 1229 1292 1261 726 973) (1230 1286 1290 1292 974 1262 363)
 (1287 1291 1293 1294 1231 975 1263 727) (45 1232 1264 1280 976)
 (1281 1233 1265 1296 977 728) (1282 1234 1266 1296 978 364)
 (1283 1235 1267 1297 1298 979 729) (1268 1284 980 182 1296 1236)
 (1285 981 1297 1300 1269 730 1237) (1286 1298 1300 982 365 1238 1270)
 (983 1239 1287 1299 1301 1302 1271 731) (984 1288 1240 1296 91 1272)
 (1289 1297 1241 1304 985 1273 732) (1290 1304 1298 1242 1274 986 366)
 (1291 1299 1275 1305 1306 987 733 1243) (1276 988 1292 183 1300 1304 1244)
 (1245 1293 1301 1305 989 1308 1277 734)
 (1246 1294 990 1302 1306 1308 1278 367)
 (735 991 1295 1279 1303 1307 1309 1310 1247) (5 1184 992) (993 1185 1312 736)
 (994 1312 1186 368) (737 1313 995 1187 1314) (1188 1312 996 184)
 (1313 738 1316 997 1189) (369 1314 1316 998 1190)
 (1315 1317 999 1191 739 1318) (1192 1312 92 1000) (1001 1193 1313 740 1320)
 (1314 1002 1320 1194 370) (1315 741 1321 1322 1003 1195)
 (185 1196 1004 1316 1320) (1317 742 1321 1005 1324 1197)
 (371 1318 1322 1324 1006 1198) (743 1319 1323 1325 1326 1199 1007)
 (1200 1312 46 1008) (1009 1201 1313 1328 744) (1314 1010 372 1328 1202)
 (1315 745 1203 1329 1330 1011) (1204 186 1012 1316 1328)
 (1317 746 1329 1332 1013 1205) (373 1318 1330 1332 1014 1206)
 (1015 1319 747 1331 1333 1334 1207) (93 1208 1320 1328 1016)
 (1321 748 1329 1209 1336 1017) (374 1322 1330 1210 1336 1018)
 (1323 749 1331 1337 1338 1019 1211) (1020 1324 187 1332 1336 1212)
 (1021 1325 750 1333 1337 1340 1213) (375 1326 1214 1334 1338 1340 1022)
 (1341 1327 751 1335 1339 1023 1342 1215) (1312 1216 28 1024)
 (1025 1217 1313 1344 752) (1314 1026 1344 1218 376)
 (1345 1346 1027 1315 1219 753) (188 1028 1316 1344 1220)
 (1345 1348 1317 754 1029 1221) (1346 1348 1318 377 1222 1030)
 (1347 1349 1223 1319 1031 755 1350) (94 1224 1320 1344 1032)
 (1345 1352 1033 1225 756 1321) (1346 1352 1322 378 1226 1034)
 (1347 1353 1354 1035 757 1323 1227) (1036 1324 1352 1228 1348 189)
 (1037 1349 1353 1325 1356 1229 758) (1230 1350 1354 379 1356 1326 1038)
 (1351 1355 1357 1358 1327 1231 759 1039) (1232 47 1344 1328 1040)
 (1345 1233 1329 1360 1041 760) (1346 1234 1042 380 1360 1330)
 (1347 1331 1235 1361 1362 1043 761) (1044 1348 1332 1360 1236 190)
 (1349 1361 1045 1364 1333 762 1237) (1350 381 1362 1364 1334 1238 1046)
 (1239 1351 1047 1363 1365 1366 1335 763) (1352 1336 1360 1240 1048 95)
 (1353 1361 1241 1368 1049 1337 764) (1354 1368 382 1362 1242 1050 1338)
 (1355 1363 1339 1369 1370 1051 765 1243) (1052 1356 1364 1340 191 1368 1244)
 (1053 1341 1357 1365 1369 1372 1245 766)
 (1246 1358 383 1054 1366 1370 1372 1342)
 (767 1359 1374 1247 1367 1371 1373 1055 1343) (1312 11 1248 1120)
 (1121 1249 1313 1376 768) (1314 1122 1376 1250 384)
 (769 1377 1123 1315 1378 1251) (1252 1124 1316 1376 192)
 (1377 770 1380 1253 1125 1317) (1378 1380 1318 385 1254 1126)
 (771 1381 1255 1319 1379 1127 1382) (1256 96 1320 1376 1128)
 (1377 772 1384 1129 1257 1321) (1378 1384 1322 386 1258 1130)
 (1379 773 1385 1386 1131 1323 1259) (1132 1384 1260 1380 1324 193)
 (1133 774 1385 1325 1388 1261 1381) (1382 1386 1388 1326 1262 1134 387)
 (1135 775 1383 1387 1389 1390 1327 1263) (1376 1264 1328 48 1136)
 (1377 1265 776 1329 1392 1137) (1378 1266 1138 1392 1330 388)
 (1379 1331 777 1267 1393 1394 1139) (1380 1332 1392 1268 1140 194)
 (1381 1141 778 1393 1396 1269 1333) (1382 1394 1396 389 1334 1270 1142)
 (1271 1383 779 1143 1395 1397 1398 1335) (1384 1336 1144 1392 1272 97)
 (1385 780 1393 1273 1400 1145 1337) (1386 1400 1394 390 1274 1146 1338)
 (1387 781 1395 1339 1401 1402 1147 1275) (1276 1388 1396 1340 1400 195 1148)
 (1149 1341 1389 782 1397 1401 1404 1277)
 (1390 1278 1150 1398 391 1402 1404 1342)
 (1151 783 1391 1279 1399 1403 1405 1406 1343) (1280 1344 1376 29 1152)
 (1153 1281 1345 1377 784 1408) (1154 1282 1378 1346 392 1408)
 (1409 1410 1155 1283 1347 1379 785) (1380 1348 1284 1156 196 1408)
 (1409 1285 1412 1349 786 1381 1157) (1410 1412 1350 1158 393 1286 1382)
 (1411 1414 1413 1287 1383 1159 787 1351) (1352 1288 1160 98 1384 1408)
 (1409 1416 1161 1289 788 1353 1385) (1410 1416 1162 394 1290 1386 1354)
 (1411 1417 1418 1387 789 1291 1355 1163) (1164 1416 1292 1412 1356 1388 197)
 (1413 1165 1417 1357 1420 1293 1389 790)
 (1294 1166 1414 1418 1420 1358 1390 395)
 (1167 1415 1419 1421 1422 1391 1359 1295 791) (1360 49 1392 1296 1168 1408)
 (1409 1297 1361 1393 1424 1169 792) (1410 1298 1394 1362 1424 1170 396)
 (1411 1299 1363 1395 1425 1426 1171 793) (1300 1396 1412 1424 1364 1172 198)
 (1301 1413 1425 1428 1365 1173 1397 794)
 (1414 1428 1426 1174 1366 397 1302 1398)
 (1303 1415 1175 1427 1429 1430 1399 795 1367)
 (1416 1304 1176 1400 1424 1368 99) (1417 1369 1425 1305 1432 1177 796 1401)
 (1418 1432 1426 1306 1402 1178 398 1370)
 (1419 1427 1307 1371 1433 1434 1403 797 1179)
 (1308 1180 1420 1428 1372 1432 1404 199)
 (1181 1373 1421 1405 1433 1429 1436 1309 798)
 (1310 1182 1422 1406 1430 1434 1436 1374 399)
 (1183 799 1423 1375 1311 1431 1435 1437 1438 1407) (800 1) (1440 802 400)
 (804 1440 200) (401 1441 806 1442) (100 1440 808) (1441 810 1444 402)
 (201 1442 812 1444) (1446 403 1445 814 1443) (50 1440 816) (1441 818 404 1448)
 (202 820 1448 1442) (1449 1450 1443 405 822) (1444 101 1448 824)
 (1449 826 1452 1445 406) (1452 1450 203 828 1446)
 (1447 1451 1453 1454 407 830) (18 1440 864) (1441 866 1456 408)
 (204 868 1456 1442) (409 1457 1443 870 1458) (1456 1444 102 872)
 (1457 874 1460 1445 410) (1460 1458 876 205 1446)
 (1447 878 1459 1461 1462 411) (51 1448 1456 880) (1449 882 412 1457 1464)
 (1464 1450 884 206 1458) (1451 1459 886 1465 1466 413)
 (1464 1452 1460 103 888) (1453 1461 1465 890 1468 414)
 (892 1454 207 1462 1466 1468) (1455 1470 1463 1467 1469 894 415) (12 1440 928)
 (1441 930 1472 416) (1442 932 1472 208) (417 1473 1443 934 1474)
 (1472 104 1444 936) (1473 938 1476 1445 418) (209 1474 940 1446 1476)
 (1475 1477 1478 1447 419 942) (1472 52 1448 944) (1449 946 420 1473 1480)
 (210 1474 948 1480 1450) (1475 421 1481 1482 1451 950)
 (105 1480 1452 1476 952) (1477 422 1481 1484 1453 954)
 (1478 1482 1484 1454 211 956) (423 1479 1483 1485 1486 1455 958) (6 1440 992)
 (1441 994 1488 424) (212 996 1488 1442) (425 1489 1443 998 1490)
 (106 1444 1488 1000) (1489 1002 1492 1445 426) (1490 1004 213 1446 1492)
 (1447 427 1006 1491 1493 1494) (1448 53 1488 1008) (1449 1010 428 1489 1496)
 (1450 1012 214 1496 1490) (1451 429 1491 1014 1497 1498)
 (1496 107 1452 1492 1016) (1453 430 1493 1497 1018 1500)
 (1020 1454 1494 215 1498 1500) (431 1502 1455 1495 1499 1501 1022)
 (19 1456 1488 1056) (1457 1058 1504 1489 432) (1458 1490 1060 1504 216)
 (1505 1506 1062 1491 433 1459) (1504 108 1460 1492 1064)
 (1505 1508 1066 434 1461 1493) (1506 1508 1068 1462 217 1494)
 (1507 1509 1463 1070 435 1495 1510) (1504 1464 54 1496 1072)
 (1505 1497 1512 1074 436 1465) (1506 1466 1512 1076 1498 218)
 (1507 1513 1514 437 1078 1499 1467) (1508 1512 1080 1468 109 1500)
 (1509 1513 1501 1516 438 1082 1469) (1510 1514 1516 1502 219 1084 1470)
 (1511 1515 1517 1518 1471 439 1086 1503) (1472 13 1488 1120)
 (1473 1122 1520 1489 440) (220 1490 1124 1520 1474)
 (1475 1126 1521 1522 1491 441) (1520 1476 110 1492 1128)
 (1477 1130 1521 1524 1493 442) (1478 1132 1522 1524 1494 221)
 (1479 1134 1523 1525 1526 1495 443) (1496 1480 1520 55 1136)
 (1481 1521 1138 1528 1497 444) (1482 1522 1140 1528 1498 222)
 (1483 1523 1142 1529 1530 1499 445) (1484 1144 1524 1528 1500 111)
 (1485 1525 1529 1146 1532 1501 446) (1532 1486 1526 1530 1148 1502 223)
 (1487 1534 447 1527 1531 1533 1150 1503) (3 1440 1184) (1441 1186 1536 448)
 (1442 1188 1536 224) (449 1537 1443 1190 1538) (1536 112 1444 1192)
 (1537 1194 1540 1445 450) (225 1538 1540 1196 1446)
 (451 1541 1542 1447 1539 1198) (1536 56 1448 1200) (1449 1202 452 1537 1544)
 (1544 226 1204 1538 1450) (1539 453 1545 1546 1451 1206)
 (113 1544 1540 1452 1208) (1541 454 1545 1548 1453 1210)
 (227 1542 1546 1548 1454 1212) (455 1543 1547 1549 1550 1455 1214)
 (1536 1472 14 1248) (1473 1250 1552 1537 456) (1552 1474 228 1252 1538)
 (1475 1254 457 1539 1553 1554) (1540 114 1552 1476 1256)
 (1477 1258 1553 1556 458 1541) (229 1478 1260 1554 1556 1542)
 (1479 1543 459 1262 1555 1557 1558) (57 1552 1544 1480 1264)
 (1545 1481 460 1553 1266 1560) (1546 230 1482 1554 1268 1560)
 (1483 461 1555 1270 1561 1562 1547) (115 1484 1548 1556 1560 1272)
 (1549 1485 462 1557 1561 1274 1564) (1564 231 1486 1550 1558 1562 1276)
 (1487 1566 463 1551 1559 1563 1565 1278) (7 1488 1536 1312)
 (1489 1314 1568 1537 464) (1568 1490 1316 1538 232)
 (1569 1570 1539 1318 465 1491) (1540 1568 116 1492 1320)
 (1569 1572 1541 1322 466 1493) (1570 1572 1542 233 1324 1494)
 (1571 1573 1574 1543 1326 467 1495) (1544 58 1568 1496 1328)
 (1569 1576 1545 1330 468 1497) (1570 1576 234 1332 1546 1498)
 (1571 1577 1578 1547 469 1334 1499) (1572 117 1576 1548 1336 1500)
 (1573 1577 1580 1549 470 1338 1501) (1574 1578 235 1580 1550 1340 1502)
 (1575 1579 1581 1582 1551 471 1342 1503) (1552 1568 1520 15 1376)
 (1569 1378 1584 1521 1553 472) (1570 1380 1554 236 1584 1522)
 (1571 1382 1555 1585 1586 1523 473) (1572 118 1384 1524 1556 1584)
 (1573 1386 1585 1588 1525 474 1557) (1574 1388 237 1586 1588 1526 1558)
 (1527 1575 1390 1587 1589 1590 1559 475) (1576 1528 1584 59 1560 1392)
 (1561 1577 1585 1394 1592 1529 476) (1578 1592 238 1586 1396 1562 1530)
 (1579 1587 1398 1593 1594 1531 477 1563) (1532 119 1592 1580 1588 1400 1564)
 (1565 1581 1589 1593 1402 1596 1533 478)
 (1596 1582 239 1566 1590 1594 1404 1534)
 (1591 1583 1598 1567 479 1595 1597 1406 1535))