(NIL NIL (1 2) NIL (2 4) (1 4) (5 3 6) NIL (4 8) (2 8) (9 5 10) (1 8) (9 6 12)
 (3 10 12) (11 13 7 14) NIL (8 16) (4 16) (17 9 18) (2 16) (17 10 20) (5 18 20)
 (19 21 11 22) (1 16) (17 12 24) (18 24 6) (25 26 19 13) (3 20 24)
 (25 28 21 14) (26 7 28 22) (27 29 15 23 30) NIL (16 32) (4 32) (33 18 34)
 (2 32) (33 20 36) (5 34 36) (37 38 35 22) (1 32) (33 40 24) (6 34 40)
 (41 26 35 42) (3 40 36) (37 41 44 28) (38 7 44 42) (45 39 43 30 46) NIL
 (32 48) (16 48) (49 33 50) (8 48) (17 50 52) (4 48) (49 34 54) (50 54 18)
 (51 35 55 56) (9 52 54) (58 53 19 56) (2 48) (49 60 36) (60 50 20)
 (37 51 61 62) (52 60 10) (53 21 62 64) (5 60 54) (38 61 55 66) (66 62 22 56)
 (57 39 68 67 63) (58 11 66 64) (65 59 68 70 23) (1 48) (49 72 40) (50 72 24)
 (41 73 51 74) (52 12 72) (25 74 53 76) (6 54 72) (73 42 78 55) (26 74 78 56)
 (57 43 75 79 80) (58 76 13 78) (82 59 77 27 80) (3 60 72) (73 84 44 61)
 (74 28 62 84) (85 75 45 86 63) (84 76 14 64) (65 77 29 86 88) (66 7 84 78)
 (90 67 85 46 79) (86 90 68 30 80) (81 87 91 92 69 47) (82 90 70 15 88)
 (83 89 92 94 31 71) NIL (48 96) (32 96) (97 49 98) (16 96) (97 50 100)
 (33 98 100) (99 101 51 102) (8 96) (97 52 104) (17 104 100) (105 53 101 106)
 (4 96) (97 108 54) (98 34 108) (99 109 110 55) (18 100 108) (109 112 101 56)
 (112 35 102 110) (57 113 111 103 114) (9 104 108) (58 109 116 105)
 (19 116 106 112) (113 59 117 118 107) (2 96) (97 60 120) (98 120 36)
 (121 122 99 61) (20 100 120) (121 124 101 62) (37 122 124 102)
 (123 125 63 103 126) (10 104 120) (121 128 105 64) (124 21 106 128)
 (65 129 125 107 130) (5 108 120) (121 66 132 109) (38 132 110 122)
 (67 133 123 111 134) (132 124 22 112) (113 133 68 125 136)
 (114 39 136 126 134) (135 137 138 115 69 127) (132 11 116 128)
 (129 133 140 117 70) (130 140 118 23 136) (131 119 137 141 142 71) (1 96)
 (97 144 72) (98 144 40) (73 145 99 146) (144 100 24) (145 74 148 101)
 (41 146 148 102) (75 149 147 103 150) (12 104 144) (145 76 105 152)
 (25 148 106 152) (153 149 77 107 154) (6 108 144) (145 156 109 78)
 (42 156 110 146) (147 157 79 111 158) (26 148 156 112) (113 157 160 149 80)
 (114 43 160 150 158) (81 161 162 115 151 159) (156 116 13 152)
 (153 82 164 117 157) (154 27 164 118 160) (161 83 165 166 119 155) (3 144 120)
 (121 145 84 168) (122 168 44 146) (169 170 123 85 147) (28 148 124 168)
 (169 149 172 125 86) (170 172 45 126 150) (87 171 173 174 151 127)
 (168 152 14 128) (129 153 169 176 88) (130 176 172 29 154)
 (131 89 173 177 178 155) (156 7 132 168) (169 90 180 133 157)
 (170 180 158 134 46) (135 91 181 182 171 159) (172 160 180 30 136)
 (161 137 92 173 181 184) (162 138 174 182 47 184) (163 139 93 175 183 185 186)
 (164 140 180 15 176) (165 141 94 177 181 188) (166 142 31 178 184 188)
 (167 95 179 143 185 189 190) NIL (96 192) (48 192) (193 97 194) (32 192)
 (193 98 196) (49 194 196) (195 197 99 198) (16 192) (193 100 200) (194 200 50)
 (201 202 195 101) (33 196 200) (201 204 197 102) (202 51 204 198)
 (203 205 103 199 206) (8 192) (193 104 208) (194 208 52) (209 210 195 105)
 (17 208 200) (201 209 212 106) (202 53 212 210) (203 213 211 107 214) (4 192)
 (193 108 216) (194 54 216) (217 218 195 109) (196 34 216) (217 220 197 110)
 (218 220 198 55) (219 221 111 199 222) (18 216 200) (201 217 224 112)
 (218 202 224 56) (113 225 203 219 226) (204 35 220 224) (225 114 221 228 205)
 (57 226 228 206 222) (227 229 230 207 115 223) (9 216 208) (209 217 116 232)
 (218 210 232 58) (233 234 211 117 219) (19 212 232 224) (225 233 236 213 118)
 (226 59 236 214 234) (227 235 237 238 215 119) (2 192) (193 240 120)
 (194 60 240) (121 241 195 242) (240 196 36) (241 122 244 197) (242 244 61 198)
 (123 245 243 199 246) (240 20 200) (201 241 124 248) (202 248 62 242)
 (249 250 203 125 243) (37 244 204 248) (249 245 252 205 126)
 (250 252 206 63 246) (207 247 251 253 254 127) (10 240 208) (209 241 256 128)
 (210 256 242 64) (129 257 211 243 258) (256 212 21 248) (249 130 260 213 257)
 (65 250 260 214 258) (131 261 262 259 215 251) (5 240 216) (217 241 132 264)
 (218 264 242 66) (265 266 219 133 243) (38 220 244 264) (265 245 268 221 134)
 (266 67 268 222 246) (135 267 269 270 247 223) (264 248 22 224)
 (225 249 272 265 136) (226 272 68 266 250) (227 137 267 273 274 251)
 (268 252 39 228 272) (229 138 269 273 276 253) (230 270 274 276 69 254)
 (231 139 271 275 277 278 255) (264 11 256 232) (233 257 140 265 280)
 (234 280 70 266 258) (259 235 141 281 282 267) (280 260 236 23 272)
 (261 237 142 273 281 284) (262 238 274 71 282 284)
 (263 143 275 239 283 285 286) (1 192) (193 288 144) (194 288 72)
 (145 289 195 290) (288 196 40) (289 146 292 197) (73 290 292 198)
 (147 293 291 199 294) (288 24 200) (201 289 148 296) (202 296 290 74)
 (297 298 203 149 291) (41 292 204 296) (297 293 300 205 150)
 (298 75 300 206 294) (295 299 301 302 207 151) (288 12 208) (209 289 304 152)
 (210 76 304 290) (153 305 211 291 306) (25 304 212 296) (297 154 308 213 305)
 (298 308 77 214 306) (299 215 307 309 310 155) (6 288 216) (217 289 156 312)
 (218 312 78 290) (313 314 219 157 291) (42 220 292 312) (313 293 316 221 158)
 (314 316 222 79 294) (295 223 315 317 318 159) (26 296 312 224)
 (225 297 320 313 160) (226 314 320 298 80) (161 321 227 322 299 315)
 (300 43 228 316 320) (321 162 324 229 301 317) (81 322 324 230 302 318)
 (323 325 326 231 163 303 319) (312 304 13 232) (233 305 164 328 313)
 (234 314 328 306 82) (165 329 330 235 307 315) (308 27 236 328 320)
 (321 166 329 332 237 309) (322 83 330 332 238 310)
 (323 167 331 333 334 239 311) (3 288 240) (241 289 336 168) (242 84 336 290)
 (169 337 243 291 338) (44 292 244 336) (337 170 340 245 293)
 (338 340 85 246 294) (295 171 339 341 342 247) (296 28 336 248)
 (249 297 337 172 344) (338 250 344 86 298) (299 173 339 345 346 251)
 (300 252 45 340 344) (301 174 341 345 348 253) (87 302 342 346 348 254)
 (303 175 343 347 349 350 255) (304 336 14 256) (257 305 337 352 176)
 (338 258 352 306 88) (353 354 259 339 177 307) (308 260 29 352 344)
 (353 356 261 178 309 345) (354 356 262 89 310 346)
 (355 357 358 263 179 311 347) (7 312 336 264) (265 313 337 180 360)
 (338 266 360 314 90) (361 362 267 339 181 315) (316 268 340 46 360)
 (361 364 269 341 182 317) (362 91 364 270 342 318)
 (183 363 365 366 271 343 319) (360 320 344 30 272) (321 361 368 273 184 345)
 (322 362 92 368 274 346) (323 363 369 370 275 185 347)
 (324 364 368 276 47 348) (325 365 369 372 277 186 349)
 (326 93 366 370 372 278 350) (327 367 371 373 374 279 187 351)
 (328 352 360 15 280) (353 329 361 376 281 188) (354 330 362 94 376 282)
 (355 363 377 378 283 189 331) (356 332 31 368 376 284)
 (357 333 369 377 380 285 190) (358 334 95 370 378 380 286)
 (359 335 371 287 379 381 382 191) NIL (384 192) (384 96) (385 193 386)
 (384 48) (385 194 388) (97 386 388) (387 389 195 390) (384 32) (385 196 392)
 (386 392 98) (393 394 387 197) (49 388 392) (393 396 389 198) (394 99 396 390)
 (395 397 199 391 398) (384 16) (385 400 200) (386 100 400) (201 401 387 402)
 (50 388 400) (401 202 404 389) (402 404 101 390) (203 405 403 391 406)
 (33 400 392) (393 401 204 408) (394 408 102 402) (409 410 395 205 403)
 (51 396 404 408) (409 405 412 397 206) (410 412 398 103 406)
 (207 399 407 411 413 414) (384 8) (385 416 208) (386 104 416)
 (209 417 387 418) (52 388 416) (417 210 420 389) (418 420 105 390)
 (211 421 419 391 422) (17 416 400) (401 417 212 424) (402 424 106 418)
 (425 426 403 213 419) (420 53 404 424) (425 421 428 405 214)
 (426 428 406 107 422) (407 215 423 427 429 430) (384 4) (385 432 216)
 (386 108 432) (217 433 387 434) (388 54 432) (433 218 436 389)
 (434 436 109 390) (219 437 435 391 438) (34 432 392) (393 433 220 440)
 (394 440 110 434) (441 442 395 221 435) (396 436 55 440) (441 437 444 397 222)
 (442 444 398 111 438) (399 439 443 445 446 223) (18 432 400) (401 433 448 224)
 (402 448 434 112) (225 449 403 435 450) (448 404 436 56) (449 226 437 405 452)
 (113 450 452 406 438) (451 453 407 227 439 454) (440 35 448 408)
 (409 441 228 449 456) (410 450 456 442 114) (451 229 457 458 411 443)
 (57 412 444 452 456) (453 230 457 413 460 445) (454 458 460 446 115 414)
 (231 455 459 461 462 447 415) (9 432 416) (417 433 464 232) (418 116 464 434)
 (233 465 419 435 466) (58 420 436 464) (465 234 437 421 468)
 (466 468 117 422 438) (423 235 467 469 470 439) (19 448 464 424)
 (425 449 236 465 472) (426 466 472 118 450) (451 237 467 473 474 427)
 (59 428 472 452 468) (453 238 469 473 476 429) (454 470 119 474 476 430)
 (455 239 471 475 477 478 431) (384 2) (385 480 240) (386 480 120)
 (241 481 387 482) (60 388 480) (481 242 484 389) (121 482 484 390)
 (243 485 483 391 486) (480 36 392) (393 481 244 488) (394 488 482 122)
 (489 490 395 245 483) (484 396 61 488) (489 485 492 397 246)
 (490 123 492 398 486) (487 491 493 494 399 247) (480 20 400) (401 481 496 248)
 (496 402 124 482) (249 497 403 483 498) (484 404 62 496) (497 250 500 405 485)
 (498 500 125 406 486) (487 499 501 502 407 251) (37 496 488 408)
 (409 489 252 497 504) (410 504 498 126 490) (491 499 505 506 411 253)
 (492 500 412 63 504) (493 501 505 508 413 254) (494 502 506 508 414 127)
 (495 415 503 507 509 510 255) (10 480 416) (417 481 512 256) (418 512 482 128)
 (257 513 419 483 514) (484 512 420 64) (513 258 516 421 485)
 (129 514 516 422 486) (259 517 518 487 515 423) (512 496 21 424)
 (425 497 513 260 520) (514 426 520 498 130) (515 261 521 522 499 427)
 (65 500 428 516 520) (517 262 521 524 501 429) (131 518 522 524 502 430)
 (519 263 523 525 526 503 431) (5 480 432) (433 481 528 264) (434 132 528 482)
 (265 529 435 483 530) (484 66 436 528) (529 266 532 437 485)
 (530 532 133 438 486) (487 267 531 533 534 439) (38 488 528 440)
 (441 489 529 268 536) (530 442 536 134 490) (491 269 531 537 538 443)
 (492 67 444 532 536) (493 270 533 537 540 445) (135 494 534 538 540 446)
 (495 271 535 539 541 542 447) (496 528 22 448) (449 497 529 544 272)
 (530 450 544 498 136) (545 546 451 531 273 499) (68 500 452 532 544)
 (545 548 453 274 533 501) (546 548 454 137 534 502)
 (547 549 535 455 275 503 550) (39 504 536 544 456) (545 552 457 537 276 505)
 (546 552 458 138 506 538) (547 553 554 459 277 507 539)
 (548 552 460 540 69 508) (549 553 541 556 461 278 509)
 (550 554 139 556 462 510 542) (551 555 557 558 463 543 279 511)
 (11 512 528 464) (465 513 529 560 280) (530 466 140 560 514)
 (515 531 561 562 467 281) (532 468 516 70 560) (517 469 561 564 533 282)
 (518 141 562 564 534 470) (535 519 563 565 566 471 283) (520 544 560 23 472)
 (545 521 561 568 473 284) (546 522 142 562 568 474)
 (547 523 563 569 570 475 285) (548 524 564 71 568 476)
 (549 525 565 569 572 477 286) (550 526 143 566 570 572 478)
 (551 527 479 567 571 573 574 287) (384 1) (385 576 288) (386 576 144)
 (289 577 387 578) (388 576 72) (577 290 580 389) (145 578 580 390)
 (291 581 579 391 582) (40 576 392) (393 577 292 584) (394 578 584 146)
 (585 586 395 293 579) (73 396 580 584) (585 581 588 397 294)
 (586 147 588 398 582) (295 583 587 589 590 399) (24 576 400) (401 577 592 296)
 (402 148 592 578) (297 593 403 579 594) (74 404 580 592) (593 298 596 405 581)
 (594 596 149 406 582) (583 299 595 597 598 407) (41 584 592 408)
 (409 585 300 593 600) (410 594 600 150 586) (587 301 595 601 602 411)
 (596 75 412 588 600) (589 302 597 601 604 413) (590 598 151 602 604 414)
 (591 303 599 603 605 606 415) (12 576 416) (417 577 608 304) (418 578 608 152)
 (305 609 419 579 610) (76 420 580 608) (609 306 612 421 581)
 (153 610 612 422 582) (611 613 614 583 307 423) (25 592 608 424)
 (425 593 308 609 616) (426 594 610 616 154) (611 617 618 595 309 427)
 (428 77 616 596 612) (613 617 620 597 310 429) (614 618 620 598 155 430)
 (311 615 619 621 622 599 431) (6 576 432) (433 577 624 312) (434 156 624 578)
 (313 625 435 579 626) (436 78 580 624) (625 314 628 437 581)
 (626 628 157 438 582) (583 627 629 630 439 315) (42 584 624 440)
 (441 585 316 625 632) (442 632 626 158 586) (587 627 633 634 443 317)
 (588 444 632 79 628) (589 629 633 636 445 318) (590 630 634 636 446 159)
 (591 447 631 635 637 638 319) (26 592 624 448) (449 593 640 625 320)
 (450 594 626 640 160) (321 641 451 642 595 627) (640 452 628 596 80)
 (641 322 644 453 629 597) (161 642 644 454 630 598)
 (323 645 599 455 643 631 646) (640 43 600 632 456) (641 324 648 457 633 601)
 (642 648 458 162 634 602) (643 325 649 650 459 635 603)
 (81 644 636 648 460 604) (645 326 649 637 652 461 605)
 (163 646 650 652 462 606 638) (327 647 651 653 654 463 639 607)
 (608 13 624 464) (465 609 656 625 328) (656 466 164 626 610)
 (611 329 467 657 658 627) (656 82 468 628 612) (613 330 657 660 629 469)
 (165 614 658 660 630 470) (471 615 331 659 661 662 631) (656 27 616 640 472)
 (641 617 332 657 664 473) (642 166 618 658 664 474)
 (643 619 333 659 665 666 475) (83 644 620 660 664 476)
 (645 621 334 661 665 668 477) (646 167 622 662 666 668 478)
 (647 623 335 663 667 669 670 479) (3 576 480) (481 577 672 336)
 (482 578 672 168) (337 673 483 579 674) (84 484 580 672) (673 338 676 485 581)
 (169 674 676 486 582) (675 677 487 583 339 678) (672 44 584 488)
 (489 585 340 680 673) (490 586 680 674 170) (675 681 682 491 341 587)
 (676 492 85 588 680) (677 681 493 684 589 342) (678 682 171 684 494 590)
 (679 683 685 686 591 495 343) (672 28 592 496) (497 593 688 673 344)
 (498 172 688 674 594) (675 595 689 690 499 345) (676 500 86 596 688)
 (677 597 689 692 501 346) (678 173 690 692 502 598)
 (503 679 691 693 694 599 347) (680 600 45 688 504) (681 689 601 696 505 348)
 (682 602 174 690 696 506) (683 691 697 698 507 349 603)
 (508 87 684 692 696 604) (509 685 693 697 700 605 350)
 (686 175 606 694 698 700 510) (511 687 351 695 699 701 702 607)
 (672 608 14 512) (513 609 704 673 352) (514 610 704 674 176)
 (353 705 515 706 675 611) (676 516 704 612 88) (705 354 708 517 677 613)
 (706 708 678 177 614 518) (355 709 615 679 707 519 710) (688 616 29 704 520)
 (705 356 712 521 689 617) (706 712 522 690 178 618)
 (707 357 713 714 523 691 619) (708 620 712 89 524 692)
 (709 358 713 525 716 621 693) (710 714 716 526 622 179 694)
 (359 711 715 717 718 623 527 695) (672 7 624 528) (529 625 720 673 360)
 (530 720 180 674 626) (675 361 627 721 722 531) (90 720 532 676 628)
 (677 362 721 724 533 629) (678 722 724 181 534 630)
 (535 679 363 723 725 726 631) (680 720 632 46 536) (681 364 721 633 728 537)
 (682 634 722 182 728 538) (683 365 723 729 730 539 635)
 (636 91 684 724 728 540) (541 685 366 725 729 732 637)
 (686 638 726 183 730 732 542) (543 687 367 727 731 733 734 639)
 (688 720 640 30 544) (545 641 368 721 689 736) (546 642 690 184 722 736)
 (737 738 547 723 369 691 643) (644 92 724 692 548 736)
 (737 740 549 370 725 693 645) (738 740 550 646 694 185 726)
 (739 741 727 647 371 695 551 742) (648 728 552 47 696 736)
 (737 744 553 697 649 372 729) (738 186 744 554 730 650 698)
 (739 745 746 555 731 373 699 651) (732 744 652 93 556 740 700)
 (741 701 745 557 748 653 374 733) (654 742 746 748 558 734 187 702)
 (743 559 747 749 750 655 735 375 703) (704 720 656 15 560)
 (705 657 721 752 561 376) (706 562 752 722 188 658)
 (707 659 753 754 563 377 723) (708 94 752 660 724 564)
 (709 753 756 725 661 378 565) (710 754 756 662 726 189 566)
 (567 711 755 727 758 663 757 379) (712 568 31 752 664 736)
 (737 713 753 665 760 569 380) (738 714 760 754 666 570 190)
 (739 715 755 761 762 571 381 667) (740 716 572 95 756 760 668)
 (741 573 717 757 761 764 669 382) (742 718 670 758 762 764 574 191)
 (743 575 719 383 759 763 765 766 671) NIL (768 384) (768 192) (385 770 769)
 (768 96) (386 772 769) (193 770 772) (771 773 387 774) (768 48) (388 769 776)
 (770 776 194) (777 778 771 389) (97 772 776) (777 780 773 390)
 (778 195 780 774) (779 781 391 775 782) (768 32) (784 769 392) (770 196 784)
 (393 785 771 786) (98 772 784) (785 394 788 773) (786 788 197 774)
 (395 789 787 775 790) (49 784 776) (777 785 396 792) (778 792 198 786)
 (793 794 779 397 787) (788 99 780 792) (793 789 796 781 398)
 (794 796 782 199 790) (399 783 791 795 797 798) (768 16) (800 769 400)
 (770 800 200) (401 801 771 802) (772 100 800) (801 402 804 773)
 (201 802 804 774) (403 805 803 775 806) (50 800 776) (777 801 404 808)
 (778 808 802 202) (809 810 779 405 803) (780 101 804 808)
 (809 805 812 781 406) (810 203 812 782 806) (807 811 813 814 783 407)
 (33 800 784) (785 801 816 408) (786 204 816 802) (409 817 787 803 818)
 (804 788 102 816) (817 410 805 789 820) (818 820 205 790 806)
 (807 819 821 822 791 411) (51 808 816 792) (793 809 412 817 824)
 (794 824 206 818 810) (811 819 825 826 795 413) (820 796 812 103 824)
 (813 821 825 828 797 414) (814 207 822 826 828 798)
 (815 799 823 827 829 830 415) (768 8) (832 769 416) (770 832 208)
 (417 833 771 834) (104 772 832) (833 418 836 773) (209 834 836 774)
 (419 837 835 775 838) (52 832 776) (777 833 420 840) (778 840 834 210)
 (841 842 779 421 835) (836 780 105 840) (841 837 844 781 422)
 (842 211 844 782 838) (839 843 845 846 783 423) (17 832 800) (801 833 848 424)
 (802 212 848 834) (425 849 803 835 850) (836 804 106 848)
 (849 426 852 805 837) (850 852 213 806 838) (807 839 851 853 854 427)
 (848 53 840 808) (809 841 428 856 849) (810 850 856 214 842)
 (811 851 857 858 429 843) (844 812 856 107 852) (813 845 853 857 860 430)
 (814 215 846 854 858 860) (847 815 855 859 861 862 431) (768 4) (864 769 432)
 (770 864 216) (433 865 771 866) (772 108 864) (865 434 868 773)
 (217 866 868 774) (435 869 867 775 870) (864 54 776) (777 865 436 872)
 (778 866 872 218) (873 874 779 437 867) (780 109 872 868)
 (873 869 876 781 438) (874 219 876 782 870) (871 875 877 878 783 439)
 (34 864 784) (785 865 880 440) (786 220 880 866) (441 881 787 867 882)
 (788 880 110 868) (881 442 884 789 869) (882 884 221 790 870)
 (871 883 885 886 791 443) (872 880 55 792) (793 873 444 881 888)
 (794 882 888 222 874) (875 883 889 890 795 445) (796 884 888 111 876)
 (877 885 889 892 797 446) (878 886 890 892 798 223)
 (879 799 887 891 893 894 447) (18 864 800) (801 865 896 448) (802 866 896 224)
 (449 897 803 867 898) (804 868 896 112) (897 450 900 805 869)
 (225 898 900 806 870) (451 901 807 871 899 902) (56 872 896 808)
 (809 873 452 897 904) (904 810 874 898 226) (899 453 905 906 811 875)
 (113 900 812 904 876) (901 454 905 813 908 877) (227 902 906 908 814 878)
 (455 903 907 909 910 879 815) (880 35 896 816) (817 881 912 897 456)
 (912 818 228 898 882) (899 457 883 913 914 819) (900 114 820 912 884)
 (901 458 913 916 821 885) (229 902 914 916 822 886)
 (823 903 459 915 917 918 887) (57 904 888 912 824) (905 460 913 889 920 825)
 (890 230 906 914 920 826) (907 461 915 921 922 827 891)
 (892 908 115 916 920 828) (829 909 462 917 921 924 893)
 (231 910 894 918 922 924 830) (911 831 463 919 923 925 926 895) (9 864 832)
 (833 865 928 464) (928 834 866 232) (465 929 835 867 930) (928 836 116 868)
 (929 466 932 837 869) (233 930 932 838 870) (931 933 839 871 467 934)
 (928 58 872 840) (841 873 468 936 929) (842 874 930 936 234)
 (931 937 938 843 469 875) (932 844 117 936 876) (933 937 845 940 877 470)
 (934 938 235 940 846 878) (935 939 941 942 879 847 471) (928 19 896 848)
 (849 897 944 929 472) (850 236 930 944 898) (931 899 945 946 851 473)
 (900 932 852 118 944) (901 933 945 948 853 474) (934 237 946 948 854 902)
 (903 935 947 949 950 855 475) (936 59 904 944 856) (905 945 937 952 857 476)
 (906 938 238 946 952 858) (939 947 953 954 859 477 907)
 (940 908 948 119 952 860) (941 909 949 953 956 861 478)
 (942 239 910 950 954 956 862) (911 863 943 951 955 957 958 479) (768 2)
 (960 769 480) (770 960 240) (481 961 771 962) (772 960 120) (961 482 964 773)
 (241 962 964 774) (483 965 963 775 966) (60 960 776) (777 961 484 968)
 (778 962 968 242) (969 970 779 485 963) (121 780 964 968)
 (969 965 972 781 486) (970 243 972 782 966) (487 967 971 973 974 783)
 (36 960 784) (785 961 976 488) (786 244 976 962) (489 977 787 963 978)
 (122 788 964 976) (977 490 980 789 965) (978 980 245 790 966)
 (967 491 979 981 982 791) (968 61 976 792) (793 969 492 977 984)
 (794 978 984 246 970) (971 493 979 985 986 795) (123 796 984 972 980)
 (973 494 981 985 988 797) (974 982 247 986 988 798)
 (975 495 983 987 989 990 799) (20 960 800) (801 961 992 496) (802 962 992 248)
 (497 993 803 963 994) (124 804 964 992) (993 498 996 805 965)
 (249 994 996 806 966) (995 997 807 967 499 998) (968 62 992 808)
 (809 969 500 993 1000) (810 970 994 1000 250) (995 1001 1002 811 501 971)
 (812 125 1000 972 996) (997 1001 813 1004 973 502) (998 1002 1004 814 974 251)
 (999 1003 1005 1006 975 815 503) (37 976 992 816) (817 977 1008 993 504)
 (994 818 252 1008 978) (995 979 1009 1010 819 505) (820 1008 126 980 996)
 (997 1009 1012 821 506 981) (998 1010 1012 822 253 982)
 (823 999 1011 1013 1014 983 507) (984 1000 1008 63 824)
 (1001 1009 985 1016 825 508) (1002 1010 986 1016 826 254)
 (1003 1011 1017 1018 827 509 987) (988 1004 1012 1016 828 127)
 (829 1005 1013 1017 1020 989 510) (1006 990 1014 1018 1020 830 255)
 (1007 831 511 1015 1019 1021 1022 991) (10 960 832) (833 961 1024 512)
 (834 962 1024 256) (513 1025 835 963 1026) (836 1024 964 128)
 (1025 514 1028 837 965) (257 1026 1028 838 966) (515 1029 839 967 1027 1030)
 (64 1024 968 840) (841 969 516 1025 1032) (842 970 1032 1026 258)
 (1027 517 1033 1034 843 971) (129 1028 844 972 1032)
 (1029 518 1033 845 1036 973) (259 1030 1034 1036 846 974)
 (519 1031 1035 1037 1038 975 847) (992 21 1024 848) (849 993 1040 1025 520)
 (1040 850 260 1026 994) (1027 521 995 1041 1042 851) (1028 130 1040 852 996)
 (997 522 1041 1044 853 1029) (261 1030 1042 1044 854 998)
 (999 1031 523 1043 1045 1046 855) (65 1040 1032 1000 856)
 (1001 524 1041 1033 1048 857) (262 1034 1042 1002 1048 858)
 (1035 525 1043 1049 1050 859 1003) (131 1004 1036 1044 1048 860)
 (1037 1005 526 1045 1049 1052 861) (263 1038 1006 1046 1050 1052 862)
 (527 1007 1039 1047 1051 1053 1054 863) (5 960 864) (865 961 1056 528)
 (866 962 1056 264) (529 1057 867 963 1058) (132 868 964 1056)
 (1057 530 1060 869 965) (265 1058 1060 870 966) (1059 1061 871 967 531 1062)
 (1056 66 968 872) (873 969 532 1064 1057) (874 970 1064 1058 266)
 (1059 1065 1066 875 533 971) (1060 876 133 972 1064)
 (1061 1065 877 1068 973 534) (1062 1066 267 1068 878 974)
 (1063 1067 1069 1070 975 879 535) (1056 38 976 880) (881 977 1072 1057 536)
 (882 268 1072 1058 978) (1059 979 1073 1074 883 537) (1060 884 134 980 1072)
 (1061 1073 1076 885 538 981) (1062 269 1074 1076 886 982)
 (887 1063 1075 1077 1078 983 539) (1064 67 984 1072 888)
 (1065 1073 985 1080 889 540) (1066 270 1074 986 1080 890)
 (1067 1075 1081 1082 891 541 987) (988 135 1068 1076 1080 892)
 (893 1069 1077 1081 1084 989 542) (1070 271 990 1078 1082 1084 894)
 (1071 543 1079 895 1083 1085 1086 991) (1056 992 22 896)
 (897 993 1088 1057 544) (898 994 1088 1058 272) (545 1089 899 995 1090 1059)
 (1060 900 996 1088 136) (1089 546 1092 901 997 1061)
 (1090 1092 1062 273 998 902) (547 1093 999 1063 903 1091 1094)
 (1064 68 1000 1088 904) (1089 548 1096 905 1001 1065)
 (1090 1096 906 274 1066 1002) (1091 549 1097 1098 907 1003 1067)
 (908 1092 1096 137 1068 1004) (1093 550 1097 909 1100 1005 1069)
 (1100 1094 1098 1006 1070 910 275) (551 1095 1099 1101 1102 1007 1071 911)
 (1072 39 1008 1088 912) (1089 1009 1073 552 1104 913)
 (1090 1010 1074 1104 914 276) (1011 1091 553 1075 1105 1106 915)
 (1076 1092 138 1104 916 1012) (1093 554 1105 1108 917 1013 1077)
 (1094 1106 1108 277 1078 1014 918) (1015 1095 555 1107 919 1109 1110 1079)
 (1096 920 1016 1104 69 1080) (1097 556 1105 1017 1081 921 1112)
 (1098 1112 1106 1018 278 1082 922) (1099 557 1019 1107 1113 1114 923 1083)
 (924 139 1100 1020 1108 1112 1084) (925 1101 558 1085 1109 1113 1116 1021)
 (1022 1102 926 1110 279 1114 1116 1086)
 (559 1103 1118 1087 1111 927 1117 1115 1023) (1056 11 1024 928)
 (929 1025 1120 1057 560) (930 1120 1026 1058 280)
 (1121 1122 931 1027 1059 561) (1028 140 1120 932 1060)
 (1121 1124 933 562 1029 1061) (1122 1124 1062 281 1030 934)
 (1123 1125 1031 1063 935 563 1126) (1064 1120 1032 70 936)
 (1121 1128 937 1033 564 1065) (1122 1128 938 1066 1034 282)
 (1123 1129 1130 939 1035 565 1067) (940 1068 1128 1036 141 1124)
 (1125 1129 941 1132 1037 1069 566) (1126 1130 1132 1038 1070 942 283)
 (1127 1131 1133 1134 1039 1071 567 943) (1088 1120 1040 23 944)
 (1089 1041 1121 1136 945 568) (1122 1042 1090 1136 946 284)
 (1123 1043 1091 1137 1138 947 569) (1092 1124 142 1136 948 1044)
 (1125 1093 1137 1140 949 570 1045) (1126 1046 1138 1140 950 285 1094)
 (1095 1127 951 1139 1141 1142 1047 571) (1128 952 1096 1136 71 1048)
 (1097 1137 1049 1144 953 1129 572) (1130 1144 1138 1050 1098 954 286)
 (1131 1139 1099 1145 1146 955 573 1051) (956 1100 1132 143 1140 1144 1052)
 (957 1101 1133 1141 1145 1148 1053 574)
 (1054 1102 1134 1142 1146 1148 958 287)
 (575 1135 1103 1143 1147 959 1149 1150 1055) (768 1) (1152 769 576)
 (770 1152 288) (577 1153 771 1154) (1152 772 144) (1153 578 1156 773)
 (289 1154 1156 774) (579 1157 1155 775 1158) (1152 72 776) (777 1153 580 1160)
 (1154 778 1160 290) (1161 1162 779 581 1155) (145 780 1156 1160)
 (1161 1157 1164 781 582) (1162 291 1164 782 1158)
 (583 1159 1163 1165 1166 783) (1152 40 784) (785 1153 1168 584)
 (786 292 1168 1154) (585 1169 787 1155 1170) (146 788 1156 1168)
 (1169 586 1157 1172 789) (1170 1172 293 790 1158)
 (1159 587 1171 1173 1174 791) (73 1160 1168 792) (793 1161 1169 588 1176)
 (1170 794 1176 294 1162) (1163 589 1171 1177 1178 795)
 (147 796 1164 1172 1176) (1165 590 1173 1177 1180 797)
 (295 1166 1174 1178 1180 798) (1167 591 1175 1179 1181 1182 799) (1152 24 800)
 (801 1153 1184 592) (1154 802 1184 296) (593 1185 803 1155 1186)
 (148 804 1156 1184) (1185 594 1157 1188 805) (297 1186 1188 806 1158)
 (1187 1189 1190 1159 595 807) (74 1160 1184 808) (809 1161 596 1185 1192)
 (1162 810 1192 1186 298) (1187 1193 1194 811 597 1163)
 (812 149 1188 1164 1192) (1189 1193 813 1196 1165 598)
 (1190 1194 299 1196 814 1166) (1191 1195 1197 1198 1167 815 599)
 (41 1168 1184 816) (817 1169 1185 1200 600) (818 300 1186 1200 1170)
 (1187 1171 1201 1202 819 601) (1188 820 1172 150 1200)
 (821 1189 1201 1204 1173 602) (1190 301 1202 1204 822 1174)
 (823 1191 1203 1205 1206 1175 603) (1200 75 1176 1192 824)
 (1193 1201 1177 1208 825 604) (1194 302 1178 1202 1208 826)
 (1195 1203 1209 1210 827 605 1179) (1180 1196 1204 151 1208 828)
 (829 1197 1205 1209 1212 1181 606) (1198 303 1182 1206 1210 1212 830)
 (1199 831 607 1207 1211 1213 1214 1183) (1152 12 832) (833 1153 1216 608)
 (1154 834 1216 304) (609 1217 835 1155 1218) (836 1156 1216 152)
 (1217 610 1157 1220 837) (305 1218 1220 838 1158)
 (1219 1221 839 1159 611 1222) (76 1160 1216 840) (841 1161 612 1217 1224)
 (1162 842 1218 1224 306) (1219 613 1225 1226 843 1163)
 (153 844 1164 1220 1224) (1221 614 1225 845 1228 1165)
 (1222 1226 1228 846 1166 307) (615 1223 1227 1229 1230 1167 847)
 (25 1184 1216 848) (849 1185 1232 1217 616) (850 1218 308 1232 1186)
 (1219 617 1187 1233 1234 851) (154 852 1188 1220 1232)
 (1189 618 1233 1236 853 1221) (1222 1234 1236 309 854 1190)
 (1191 1223 619 1235 1237 1238 855) (1232 1192 77 1224 856)
 (1193 620 1233 1225 1240 857) (1226 1234 1194 310 1240 858)
 (1227 621 1235 1241 1242 859 1195) (1228 1196 1236 1240 155 860)
 (1229 1197 622 1237 1241 1244 861) (1230 1198 1238 311 1242 1244 862)
 (1199 1231 623 1239 1243 1245 1246 863) (6 1152 864) (865 1153 1248 624)
 (1154 866 1248 312) (625 1249 867 1155 1250) (156 868 1156 1248)
 (1249 626 1157 1252 869) (313 1250 1252 870 1158)
 (1251 1253 871 1159 627 1254) (1160 78 1248 872) (873 1161 628 1249 1256)
 (1162 874 1250 1256 314) (1251 1257 1258 875 629 1163)
 (876 157 1256 1164 1252) (1253 1257 877 1260 1165 630)
 (1254 1258 1260 878 1166 315) (1255 1259 1261 1262 1167 879 631)
 (42 1168 1248 880) (881 1169 1264 1249 632) (882 316 1264 1250 1170)
 (1251 1171 1265 1266 883 633) (1264 884 1172 158 1252)
 (1253 885 1265 1268 1173 634) (1254 1266 1268 886 317 1174)
 (887 1255 1267 1269 1270 1175 635) (1264 1176 1256 79 888)
 (1257 1265 1177 1272 889 636) (1258 1178 1266 1272 890 318)
 (1259 1267 1273 1274 891 637 1179) (1180 1260 1268 1272 892 159)
 (893 1261 1269 1273 1276 1181 638) (1262 1182 1270 1274 1276 894 319)
 (1263 639 1271 895 1275 1277 1278 1183) (26 1184 1248 896)
 (897 1185 1280 1249 640) (898 1250 1186 1280 320)
 (641 1281 1251 1282 899 1187) (1280 1252 900 1188 160)
 (1281 642 1284 1189 901 1253) (321 1282 1284 1254 1190 902)
 (643 1285 1191 1255 903 1283 1286) (1280 1256 80 1192 904)
 (1281 644 1288 905 1193 1257) (1282 1288 906 1194 1258 322)
 (1283 645 1289 1290 1259 1195 907) (161 1284 1288 908 1196 1260)
 (1285 646 1289 1261 1292 1197 909) (323 1286 1290 1292 1198 1262 910)
 (647 1287 1199 1291 1293 1294 1263 911) (1280 43 1200 1264 912)
 (1281 1201 1265 648 1296 913) (1282 324 1202 1266 1296 914)
 (1283 649 915 1297 1298 1267 1203) (162 1284 1296 916 1204 1268)
 (1285 650 1297 1300 1205 917 1269) (325 1286 1298 1300 1270 1206 918)
 (1207 1287 651 1299 919 1301 1302 1271) (81 1288 920 1272 1296 1208)
 (1289 652 1297 1209 1273 1304 921) (326 1290 1304 1298 1210 1274 922)
 (1291 653 1211 1299 1305 1306 1275 923) (163 1212 1292 1276 1300 1304 924)
 (1277 1293 654 1301 1305 1308 1213 925)
 (327 1214 1294 926 1302 1306 1308 1278)
 (1215 1295 1310 655 1303 927 1309 1307 1279) (1216 13 1248 928)
 (929 1217 1312 1249 656) (1312 930 1218 1250 328)
 (1219 1314 1251 1313 931 657) (1312 164 932 1220 1252)
 (1313 1316 933 658 1253 1221) (1314 1316 1254 329 1222 934)
 (1315 1317 1223 1255 935 659 1318) (1312 82 1224 1256 936)
 (1313 1320 937 1225 660 1257) (1314 1320 330 938 1258 1226)
 (1315 1321 1322 1259 1227 661 939) (1316 165 1320 940 1228 1260)
 (1317 1321 1261 1324 1229 662 941) (1318 1322 331 1324 1262 942 1230)
 (1319 1323 1325 1326 1231 1263 663 943) (1312 27 1232 1280 944)
 (1313 1233 1281 1328 945 664) (1282 1234 1314 332 1328 946)
 (1235 1315 1283 1329 1330 947 665) (1284 166 1328 948 1316 1236)
 (1317 1329 1332 949 666 1237 1285) (1286 333 1330 1332 950 1238 1318)
 (1287 1319 951 1331 1333 1334 1239 667) (83 1288 952 1320 1328 1240)
 (1289 1336 1329 1241 1321 953 668) (1322 1336 334 1330 1242 1290 954)
 (1323 1243 1331 1337 1338 955 669 1291) (956 167 1292 1324 1332 1336 1244)
 (957 1293 1325 1333 1337 1340 1245 670)
 (1246 1326 335 1294 1334 1338 1340 958)
 (671 1295 1327 1335 1339 959 1341 1342 1247) (3 1152 960) (961 1153 1344 672)
 (1154 962 1344 336) (673 1345 963 1155 1346) (1344 964 1156 168)
 (1345 674 1157 1348 965) (337 1346 1348 966 1158)
 (675 1349 967 1159 1347 1350) (1344 84 1160 968) (969 1161 676 1345 1352)
 (1162 970 1352 1346 338) (1347 677 1353 1354 971 1163)
 (169 1348 972 1164 1352) (1349 678 1353 973 1356 1165)
 (1350 1354 1356 974 1166 339) (679 1351 1355 1357 1358 1167 975)
 (1344 44 1168 976) (977 1169 1360 1345 680) (978 1360 340 1346 1170)
 (1347 681 1171 1361 1362 979) (170 1348 980 1172 1360)
 (1349 682 1361 1364 1173 981) (1350 1362 1364 341 982 1174)
 (983 1351 683 1363 1365 1366 1175) (1352 1176 85 1360 984)
 (1353 684 1361 1177 1368 985) (1354 1178 1362 342 1368 986)
 (1355 685 1363 1369 1370 987 1179) (1180 171 1356 1364 1368 988)
 (989 1357 686 1365 1369 1372 1181) (1358 1182 1366 343 1370 1372 990)
 (991 1359 687 1367 1371 1373 1374 1183) (1344 28 1184 992)
 (993 1185 1376 1345 688) (994 1376 1186 1346 344)
 (1377 1378 995 1347 689 1187) (1348 172 996 1188 1376)
 (1377 1380 1349 690 1189 997) (1378 1380 998 345 1190 1350)
 (1379 1381 1191 1351 691 999 1382) (1376 1352 1192 86 1000)
 (1377 1384 1001 1193 692 1353) (1378 1384 1002 1354 1194 346)
 (1379 1355 1385 1386 1003 693 1195) (1380 1384 1356 173 1196 1004)
 (1381 1385 1197 1388 1357 1005 694) (1382 1386 1388 1198 1006 1358 347)
 (1383 1199 1387 1389 1390 1359 1007 695) (1360 1200 45 1376 1008)
 (1377 1201 1361 1392 1009 696) (1378 1202 1362 1392 1010 348)
 (1379 1363 1393 1394 1011 697 1203) (1364 1380 174 1392 1204 1012)
 (1381 1393 1396 1365 698 1205 1013) (1382 1394 1396 1014 1206 349 1366)
 (1207 1383 1395 1397 1398 1367 1015 699) (87 1384 1208 1392 1016 1368)
 (1369 1393 1209 1400 1017 1385 700) (1386 1400 1394 1210 1370 1018 350)
 (1387 1395 1371 1401 1402 1019 701 1211) (1020 1388 1212 175 1396 1400 1372)
 (1213 1389 1021 1397 1401 1404 1373 702)
 (1214 1390 1022 1398 1402 1404 1374 351)
 (1215 1023 1391 703 1399 1403 1405 1406 1375) (1344 1216 14 1024)
 (1025 1217 1408 1345 704) (1026 1218 1408 1346 352)
 (705 1409 1027 1410 1219 1347) (1408 1348 1028 1220 176)
 (1409 706 1412 1349 1029 1221) (353 1410 1412 1030 1222 1350)
 (1411 1413 1223 1351 707 1031 1414) (1408 1352 88 1224 1032)
 (1409 708 1416 1033 1225 1353) (1410 1416 1034 1354 1226 354)
 (1411 709 1417 1418 1035 1355 1227) (1036 1416 1356 1228 177 1412)
 (1413 710 1417 1229 1420 1357 1037) (355 1414 1418 1230 1420 1038 1358)
 (711 1415 1419 1421 1422 1231 1039 1359) (1408 1376 1232 29 1040)
 (1409 1233 712 1377 1424 1041) (1410 1234 356 1378 1424 1042)
 (1379 1411 713 1235 1425 1426 1043) (1380 1412 1424 178 1044 1236)
 (1381 714 1425 1428 1045 1413 1237) (357 1414 1426 1428 1046 1238 1382)
 (1383 1415 715 1427 1429 1430 1239 1047) (1384 89 1416 1424 1240 1048)
 (1417 716 1425 1241 1432 1049 1385) (358 1418 1432 1426 1242 1386 1050)
 (1387 717 1427 1419 1433 1434 1051 1243) (1420 1388 1244 179 1428 1432 1052)
 (1421 1389 718 1053 1429 1433 1436 1245)
 (359 1246 1422 1390 1430 1434 1436 1054)
 (719 1055 1423 1391 1431 1435 1437 1438 1247) (1344 7 1248 1056)
 (1057 1249 1345 1440 720) (1058 1250 1440 1346 360)
 (1441 1251 1059 1442 1347 721) (180 1060 1440 1348 1252)
 (1441 1444 1349 722 1061 1253) (1442 1444 1062 361 1254 1350)
 (1443 1445 1255 1351 723 1063 1446) (90 1352 1256 1440 1064)
 (1441 1448 1065 1257 724 1353) (1442 1448 1066 362 1354 1258)
 (1443 1355 1449 1450 1067 725 1259) (1068 1448 1356 1260 1444 181)
 (1445 1449 1261 1452 1357 1069 726) (1452 1446 1450 363 1262 1070 1358)
 (1447 1451 1071 1453 1454 1263 1359 727) (1360 1264 1440 46 1072)
 (1441 1265 1361 1456 1073 728) (1442 1266 1362 364 1456 1074)
 (1267 1443 1363 1457 1458 1075 729) (1076 1444 1456 1364 182 1268)
 (1445 1457 1460 1365 730 1269 1077) (1446 365 1458 1460 1078 1270 1366)
 (1271 1447 1459 1461 1462 1367 731 1079) (1448 91 1368 1456 1272 1080)
 (1449 1369 1457 1273 1464 1081 732) (1450 1464 366 1458 1274 1370 1082)
 (1451 1459 1371 1465 1466 1083 733 1275) (1084 1452 1276 1460 183 1464 1372)
 (1277 1453 1085 1461 1465 1468 1373 734)
 (1278 1454 367 1086 1462 1466 1468 1374)
 (735 1087 1455 1375 1463 1467 1469 1470 1279) (1376 1280 1440 30 1088)
 (1089 1281 1377 1441 736 1472) (1442 1282 1378 1090 368 1472)
 (737 1473 1091 1443 1474 1283 1379) (1092 1284 1444 1380 184 1472)
 (1093 738 1476 1381 1473 1445 1285) (1474 1476 1446 369 1286 1382 1094)
 (1475 1477 1287 1383 1478 739 1095 1447) (92 1288 1384 1096 1448 1472)
 (1473 740 1480 1097 1289 1385 1449) (1474 1480 1450 370 1290 1386 1098)
 (1475 741 1481 1482 1099 1291 1451 1387) (1388 1480 1292 1100 1476 1452 185)
 (1477 742 1481 1293 1484 1389 1101 1453)
 (1478 1482 1484 1294 1454 1390 1102 371)
 (743 1479 1485 1483 1103 1486 1295 1455 1391) (1104 1456 1392 47 1296 1472)
 (1473 1297 744 1393 1457 1488 1105) (1474 1298 1394 1106 1488 1458 372)
 (1475 1459 745 1299 1395 1489 1490 1107) (1108 1396 1460 1476 1488 1300 186)
 (1109 1477 746 1489 1492 1397 1461 1301)
 (1478 1490 1492 373 1462 1302 1398 1110)
 (1303 1479 747 1491 1493 1494 1399 1111 1463)
 (1480 1304 93 1488 1400 1112 1464) (1481 748 1489 1305 1496 1113 1401 1465)
 (1482 1496 1490 1306 374 1402 1114 1466)
 (1483 749 1491 1307 1467 1497 1498 1115 1403)
 (1404 1484 1116 1492 1468 1496 187 1308)
 (1309 1485 750 1117 1469 1493 1497 1500 1405)
 (1310 1486 1118 1406 1494 375 1498 1500 1470)
 (751 1119 1487 1471 1407 1495 1499 1501 1502 1311) (1408 1312 1440 15 1120)
 (1121 1313 1409 1441 752 1504) (1410 1314 1122 1442 376 1504)
 (1505 1506 1123 1411 1443 1315 753) (1316 1412 1444 1124 188 1504)
 (1505 1125 1508 1413 754 1445 1317) (1506 1508 1446 1318 377 1126 1414)
 (1507 1510 1509 1319 1415 755 1127 1447) (1448 1320 94 1128 1416 1504)
 (1505 1512 1129 1321 756 1417 1449) (1506 1512 1418 378 1322 1130 1450)
 (1507 1513 1514 1131 757 1419 1451 1323) (1132 1512 1324 1508 1420 1452 189)
 (1509 1513 1421 1516 1325 1133 1453 758)
 (1134 1326 1510 1514 1516 1422 1454 379)
 (1511 1515 1517 1135 1423 1455 1518 1327 759) (1136 1472 31 1328 1424 1504)
 (1473 1329 1425 1505 1520 1137 760) (1474 1330 1138 1506 1520 1426 380)
 (1507 1331 1427 1475 1521 1522 1139 761) (1140 1428 1476 1508 1520 1332 190)
 (1141 1509 1521 1524 1429 1477 762 1333)
 (1478 1522 1524 1334 1430 381 1142 1510)
 (1511 1335 1479 1523 1525 1526 1431 763 1143)
 (1480 1432 95 1520 1336 1144 1512) (1481 1521 1337 1528 1145 1433 764 1513)
 (1482 1528 1522 1338 1146 1434 1514 382)
 (1483 1523 1339 1435 1529 1530 1147 765 1515)
 (1148 1516 1524 1436 1484 1528 1340 191)
 (1437 1517 1149 1485 1529 1525 1532 1341 766)
 (1150 1342 1486 1518 1526 1530 1532 1438 383)
 (767 1151 1487 1519 1343 1527 1531 1533 1534 1439) NIL (1536 768) (1536 384)
 (1537 769 1538) (1536 192) (770 1537 1540) (385 1540 1538)
 (771 1541 1542 1539) (1536 96) (1537 772 1544) (386 1538 1544)
 (1545 1546 773 1539) (193 1540 1544) (1545 1548 1541 774) (1546 387 1548 1542)
 (1547 1549 775 1543 1550) (1536 48) (1537 1552 776) (388 1538 1552)
 (777 1553 1539 1554) (194 1540 1552) (1553 778 1556 1541) (1554 1556 389 1542)
 (779 1557 1555 1543 1558) (97 1552 1544) (1545 1553 780 1560)
 (1546 1560 390 1554) (1561 1562 1547 781 1555) (1556 195 1548 1560)
 (1561 1557 1564 1549 782) (1562 1564 1550 391 1558)
 (783 1559 1563 1565 1566 1551) (1536 32) (1537 1568 784) (1568 1538 392)
 (785 1569 1539 1570) (196 1540 1568) (1569 786 1572 1541) (393 1570 1572 1542)
 (787 1573 1571 1543 1574) (98 1568 1544) (1545 1569 788 1576)
 (1546 1576 1570 394) (1577 1578 1547 789 1571) (1572 1548 197 1576)
 (1577 1573 1580 1549 790) (1578 395 1580 1550 1574)
 (1575 1579 1581 1582 791 1551) (49 1568 1552) (1553 1569 1584 792)
 (1584 1554 396 1570) (793 1585 1555 1571 1586) (1572 1556 198 1584)
 (1585 794 1588 1557 1573) (1586 1588 397 1558 1574)
 (1575 1587 1589 1590 1559 795) (1584 99 1576 1560) (1561 1577 796 1585 1592)
 (1562 1592 1586 398 1578) (1579 1587 1593 1594 1563 797)
 (1580 1588 1564 199 1592) (1581 1589 1593 1596 1565 798)
 (1582 399 1590 1594 1596 1566) (1583 1567 1591 1595 1597 1598 799) (1536 16)
 (1537 1600 800) (1600 1538 400) (801 1601 1539 1602) (1540 1600 200)
 (1601 802 1604 1541) (401 1602 1604 1542) (803 1605 1603 1543 1606)
 (100 1600 1544) (1545 1601 804 1608) (1546 1602 1608 402)
 (1609 1610 1547 805 1603) (201 1548 1604 1608) (1609 1605 1612 1549 806)
 (1610 403 1612 1550 1606) (807 1607 1611 1613 1614 1551) (50 1600 1552)
 (1553 1601 1616 808) (1554 404 1616 1602) (809 1617 1555 1603 1618)
 (202 1556 1604 1616) (1617 810 1620 1557 1605) (1618 1620 405 1558 1606)
 (1607 811 1619 1621 1622 1559) (1608 101 1616 1560) (1561 1609 812 1617 1624)
 (1562 1618 1624 406 1610) (1611 813 1619 1625 1626 1563)
 (203 1564 1624 1612 1620) (1613 814 1621 1625 1628 1565)
 (1614 1622 407 1626 1628 1566) (1615 815 1623 1627 1629 1630 1567)
 (33 1600 1568) (1569 1601 1632 816) (1570 1602 1632 408)
 (817 1633 1571 1603 1634) (1572 204 1604 1632) (1633 818 1636 1573 1605)
 (409 1634 1636 1574 1606) (1635 1637 1575 1607 819 1638) (1608 102 1632 1576)
 (1577 1609 820 1633 1640) (1578 1610 1634 1640 410)
 (1635 1641 1642 1579 821 1611) (1580 205 1640 1612 1636)
 (1637 1641 1581 1644 1613 822) (1638 1642 1644 1582 1614 411)
 (1639 1643 1645 1646 1615 1583 823) (51 1616 1632 1584)
 (1585 1617 1648 1633 824) (1634 1586 412 1648 1618)
 (1635 1619 1649 1650 1587 825) (1588 1648 206 1620 1636)
 (1637 1649 1652 1589 1621 826) (1638 1650 1652 1590 413 1622)
 (1591 1639 1651 1653 1654 1623 827) (1624 1640 1648 103 1592)
 (1641 1649 1625 1656 1593 828) (1642 1650 1656 1594 1626 414)
 (1643 1651 1657 1658 1595 829 1627) (1628 1644 207 1652 1656 1596)
 (1597 1645 1653 1657 1660 1629 830) (1646 1630 1654 1658 1660 1598 415)
 (1599 1647 831 1655 1659 1661 1662 1631) (1536 8) (1537 1664 832)
 (1664 1538 416) (833 1665 1539 1666) (1664 1540 208) (1665 834 1668 1541)
 (417 1666 1668 1542) (835 1669 1667 1543 1670) (1664 104 1544)
 (1545 1665 836 1672) (1546 1672 1666 418) (1673 1674 1547 837 1667)
 (209 1668 1548 1672) (1673 1669 1676 1549 838) (1674 419 1676 1550 1670)
 (839 1671 1675 1677 1678 1551) (52 1664 1552) (1553 1665 1680 840)
 (1554 1680 420 1666) (841 1681 1555 1667 1682) (210 1668 1556 1680)
 (1669 842 1684 1557 1681) (1682 1684 421 1558 1670)
 (1671 843 1683 1685 1686 1559) (1680 1672 105 1560) (1561 1673 844 1681 1688)
 (1562 1688 422 1682 1674) (1675 845 1683 1689 1690 1563)
 (1676 1684 211 1564 1688) (1677 846 1685 1689 1692 1565)
 (1678 1686 423 1690 1692 1566) (1679 847 1687 1691 1693 1694 1567)
 (17 1664 1600) (1601 1665 1696 848) (1602 1696 1666 424)
 (849 1697 1603 1667 1698) (212 1668 1604 1696) (1669 850 1700 1605 1697)
 (425 1698 1700 1606 1670) (1699 1701 1607 1671 851 1702) (1696 1672 106 1608)
 (1609 1673 852 1697 1704) (1610 1704 1698 1674 426)
 (1699 1705 1706 1611 853 1675) (1700 1676 1612 213 1704)
 (1701 1705 1613 1708 1677 854) (1702 1706 1708 1614 1678 427)
 (1703 1707 1709 1710 1679 1615 855) (1696 53 1680 1616)
 (1617 1681 1712 1697 856) (1712 1618 428 1698 1682)
 (1699 1683 1713 1714 1619 857) (1700 1684 1620 214 1712)
 (1621 1701 1713 1716 1685 858) (1702 1714 1716 1622 429 1686)
 (1623 1703 1715 1717 1718 1687 859) (1704 1712 1688 107 1624)
 (1705 1713 1689 1720 1625 860) (1706 1714 1720 1626 430 1690)
 (1707 1715 1721 1722 1627 861 1691) (1628 1708 215 1716 1720 1692)
 (1629 1709 1717 1721 1724 1693 862) (1710 1694 1718 1722 1724 1630 431)
 (1711 1631 863 1719 1723 1725 1726 1695) (1536 4) (1537 1728 864)
 (1728 1538 432) (865 1729 1539 1730) (1728 1540 216) (1729 866 1732 1541)
 (433 1730 1732 1542) (867 1733 1731 1543 1734) (1728 108 1544)
 (1545 1729 868 1736) (1546 1736 1730 434) (1737 1738 1547 869 1731)
 (217 1732 1548 1736) (1737 1733 1740 1549 870) (1738 435 1740 1550 1734)
 (871 1735 1739 1741 1742 1551) (1728 54 1552) (1553 1729 1744 872)
 (1554 1744 436 1730) (873 1745 1555 1731 1746) (218 1732 1556 1744)
 (1733 874 1748 1557 1745) (1746 1748 437 1558 1734)
 (1735 875 1747 1749 1750 1559) (1744 1736 109 1560) (1561 1737 876 1745 1752)
 (1562 1752 438 1746 1738) (1739 877 1747 1753 1754 1563)
 (1740 1748 219 1564 1752) (1741 878 1749 1753 1756 1565)
 (1742 1750 439 1754 1756 1566) (1743 879 1751 1755 1757 1758 1567)
 (1728 34 1568) (1569 1729 1760 880) (1570 1760 1730 440)
 (881 1761 1571 1731 1762) (1732 1572 220 1760) (1733 882 1764 1573 1761)
 (441 1762 1764 1574 1734) (1763 1765 1575 1735 883 1766) (1760 1736 110 1576)
 (1577 1737 884 1761 1768) (1578 1768 1762 1738 442)
 (1763 1769 1770 1579 885 1739) (1764 1740 1580 221 1768)
 (1765 1769 1581 1772 1741 886) (1766 1770 1772 1582 1742 443)
 (1767 1771 1773 1774 1743 1583 887) (1760 1744 55 1584)
 (1585 1745 1776 1761 888) (1776 1586 444 1762 1746)
 (1763 1747 1777 1778 1587 889) (1764 1748 1588 222 1776)
 (1589 1765 1777 1780 1749 890) (1766 1778 1780 1590 445 1750)
 (1591 1767 1779 1781 1782 1751 891) (1768 1776 1752 111 1592)
 (1769 1777 1753 1784 1593 892) (1754 1770 1778 1784 1594 446)
 (1771 1779 1785 1786 1595 893 1755) (1596 1772 1780 1784 1756 223)
 (1597 1773 1781 1785 1788 1757 894) (1774 1758 1782 1786 1788 1598 447)
 (1599 1775 895 1783 1787 1789 1790 1759) (18 1728 1600) (1601 1729 1792 896)
 (1602 1792 1730 448) (897 1793 1603 1731 1794) (1792 1732 1604 224)
 (1733 898 1793 1796 1605) (449 1794 1796 1606 1734)
 (1607 899 1797 1798 1735 1795) (1792 1736 112 1608) (1609 1737 1793 900 1800)
 (1794 1610 1800 1738 450) (1795 901 1801 1802 1611 1739)
 (225 1740 1612 1796 1800) (1797 902 1801 1613 1804 1741)
 (451 1798 1802 1804 1614 1742) (1799 903 1803 1805 1806 1743 1615)
 (1792 1744 56 1616) (1617 1745 1793 1808 904) (1794 1618 452 1808 1746)
 (1795 905 1747 1809 1810 1619) (226 1748 1620 1796 1808)
 (1797 906 1809 1812 1749 1621) (453 1798 1810 1812 1622 1750)
 (1623 1799 907 1811 1813 1814 1751) (113 1752 1800 1808 1624)
 (1801 908 1809 1753 1816 1625) (454 1754 1802 1810 1816 1626)
 (1803 909 1811 1817 1818 1627 1755) (227 1628 1804 1812 1816 1756)
 (1629 1805 910 1813 1817 1820 1757) (455 1806 1758 1814 1818 1820 1630)
 (911 1631 1815 1807 1819 1821 1822 1759) (1792 1760 35 1632)
 (1633 1761 1793 1824 912) (1794 1634 1824 1762 456)
 (1825 1826 1635 1763 913 1795) (1764 1636 1796 228 1824)
 (1825 1828 1797 914 1765 1637) (1826 1828 1798 457 1766 1638)
 (1827 1829 1639 1767 1799 915 1830) (114 1768 1800 1824 1640)
 (1825 1832 1641 1801 1769 916) (1826 458 1770 1832 1802 1642)
 (1827 1803 1833 1834 1643 917 1771) (1828 229 1832 1772 1804 1644)
 (1829 1833 1805 1836 1773 1645 918) (1830 1834 459 1836 1806 1646 1774)
 (1831 1835 1837 1838 1775 1647 919 1807) (57 1776 1808 1824 1648)
 (1825 1777 1840 1649 920 1809) (1826 1650 460 1840 1810 1778)
 (1827 1779 1841 1842 1651 1811 921) (1828 230 1652 1840 1780 1812)
 (1829 1653 1841 1781 1844 1813 922) (1830 461 1782 1842 1844 1814 1654)
 (1655 1831 1815 1843 1845 1846 1783 923) (1832 1816 1840 115 1784 1656)
 (1833 1817 1841 1785 1848 1657 924) (1786 1834 1848 462 1842 1658 1818)
 (1819 1835 1843 1849 1850 1659 925 1787) (1660 1820 231 1836 1844 1848 1788)
 (1821 1837 1845 1661 1849 1852 1789 926)
 (1838 463 1662 1846 1850 1852 1822 1790)
 (1839 1663 927 1847 1823 1851 1853 1854 1791) (9 1728 1664)
 (1665 1729 1856 928) (1666 1856 1730 464) (929 1857 1667 1731 1858)
 (1732 1668 1856 232) (1733 930 1860 1669 1857) (465 1858 1860 1670 1734)
 (1859 1861 1671 1735 931 1862) (1736 116 1856 1672) (1673 1737 932 1857 1864)
 (1674 1858 1864 1738 466) (1859 933 1865 1866 1675 1739)
 (233 1740 1676 1860 1864) (1861 934 1865 1677 1868 1741)
 (1862 1866 1868 1678 1742 467) (935 1863 1867 1869 1870 1743 1679)
 (58 1744 1856 1680) (1681 1745 1872 1857 936) (1682 1858 468 1872 1746)
 (1859 937 1747 1873 1874 1683) (234 1748 1684 1860 1872)
 (1861 938 1873 1876 1749 1685) (1862 1874 1876 469 1686 1750)
 (1687 1863 939 1875 1877 1878 1751) (1752 117 1872 1864 1688)
 (1865 940 1873 1753 1880 1689) (1754 1866 1874 470 1880 1690)
 (1867 941 1875 1881 1882 1691 1755) (1692 235 1868 1876 1880 1756)
 (1693 1869 942 1877 1881 1884 1757) (1870 1758 1878 471 1882 1884 1694)
 (1871 1695 943 1879 1883 1885 1886 1759) (19 1792 1856 1696)
 (1697 1793 1888 1857 944) (1794 1698 1858 1888 472)
 (1889 1890 1859 1699 945 1795) (1700 1796 236 1860 1888)
 (1889 1892 1797 946 1861 1701) (1890 1892 1862 1798 473 1702)
 (1891 1893 1799 1863 947 1703 1894) (1800 1888 118 1864 1704)
 (1889 1896 1705 1865 1801 948) (1890 1896 1802 1866 1706 474)
 (1891 1803 1897 1898 1867 949 1707) (1804 1868 1896 1708 237 1892)
 (1893 1897 1869 1900 1805 950 1709) (1806 1894 1898 1900 1870 1710 475)
 (1895 1899 1901 1902 1871 1711 951 1807) (59 1808 1888 1872 1712)
 (1889 1809 1904 1713 952 1873) (1890 1874 1904 1714 1810 476)
 (1891 1715 1905 1906 1875 1811 953) (1892 238 1904 1716 1812 1876)
 (1893 1877 1717 1905 1908 1813 954) (1894 1814 1906 1908 1878 477 1718)
 (1719 1815 1895 1907 1909 1910 1879 955) (1720 1896 1880 1904 119 1816)
 (1897 1881 1905 1817 1912 1721 956) (1818 1898 1912 1906 1882 1722 478)
 (1819 1899 1907 1913 1914 1883 957 1723) (1820 1884 1900 239 1908 1912 1724)
 (1885 1901 1909 1913 1725 1916 1821 958)
 (1822 1902 1726 1910 1914 1916 1886 479)
 (1727 1903 959 1911 1823 1915 1917 1918 1887) (1536 2) (1537 1920 960)
 (1920 1538 480) (961 1921 1539 1922) (1920 1540 240) (1921 962 1924 1541)
 (481 1922 1924 1542) (963 1925 1923 1543 1926) (1920 120 1544)
 (1545 1921 964 1928) (1922 1546 1928 482) (1929 1930 1547 965 1923)
 (241 1548 1924 1928) (1929 1925 1932 1549 966) (1930 483 1932 1550 1926)
 (967 1927 1931 1933 1934 1551) (1920 60 1552) (1553 1921 1936 968)
 (1554 484 1936 1922) (969 1937 1555 1923 1938) (242 1556 1924 1936)
 (1937 970 1925 1940 1557) (1938 1940 485 1558 1926)
 (1927 971 1939 1941 1942 1559) (121 1928 1936 1560) (1561 1929 1937 972 1944)
 (1938 1562 1944 486 1930) (1931 973 1939 1945 1946 1563)
 (243 1564 1932 1940 1944) (1933 974 1941 1945 1948 1565)
 (487 1934 1942 1946 1948 1566) (1935 975 1943 1947 1949 1950 1567)
 (1920 36 1568) (1569 1921 1952 976) (1922 1570 1952 488)
 (977 1953 1571 1923 1954) (244 1572 1924 1952) (1953 978 1925 1956 1573)
 (489 1954 1956 1574 1926) (1955 1957 1958 1927 979 1575) (122 1928 1952 1576)
 (1577 1929 980 1953 1960) (1930 1578 1960 1954 490)
 (1955 1961 1962 1579 981 1931) (1580 245 1956 1932 1960)
 (1957 1961 1581 1964 1933 982) (1958 1962 491 1964 1582 1934)
 (1959 1963 1965 1966 1935 1583 983) (1936 61 1952 1584)
 (1585 1937 1953 1968 984) (1586 492 1954 1968 1938)
 (1955 1939 1969 1970 1587 985) (1956 1588 1940 246 1968)
 (1589 1957 1969 1972 1941 986) (1958 493 1970 1972 1590 1942)
 (1591 1959 1971 1973 1974 1943 987) (1968 123 1944 1960 1592)
 (1961 1969 1945 1976 1593 988) (1962 494 1970 1976 1946 1594)
 (1963 1971 1977 1978 1595 989 1947) (1948 1964 1972 247 1976 1596)
 (1597 1965 1973 1977 1980 1949 990) (1966 495 1950 1974 1978 1980 1598)
 (1599 1967 991 1975 1979 1981 1982 1951) (1920 20 1600) (1601 1921 1984 992)
 (1922 1602 1984 496) (993 1985 1603 1923 1986) (1604 1924 1984 248)
 (1985 994 1925 1988 1605) (497 1986 1988 1606 1926)
 (1987 1989 1607 1927 995 1990) (124 1928 1984 1608) (1609 1929 996 1985 1992)
 (1930 1610 1986 1992 498) (1987 997 1993 1994 1611 1931)
 (249 1612 1932 1988 1992) (1989 998 1993 1613 1996 1933)
 (1990 1994 1996 1614 1934 499) (999 1991 1995 1997 1998 1935 1615)
 (1984 1936 62 1616) (1617 1937 2000 1985 1000) (1618 1986 500 2000 1938)
 (1987 1001 1939 2001 2002 1619) (250 1620 1940 1988 2000)
 (1989 1002 2001 2004 1941 1621) (1990 2002 2004 501 1622 1942)
 (1623 1991 1003 2003 2005 2006 1943) (2000 1944 125 1992 1624)
 (1993 1004 2001 1945 2008 1625) (1994 2002 502 2008 1946 1626)
 (1995 1005 2003 2009 2010 1627 1947) (1948 1996 2004 2008 251 1628)
 (1629 1997 1006 2005 2009 2012 1949) (1998 1950 2006 503 2010 2012 1630)
 (1999 1631 1007 2007 2011 2013 2014 1951) (37 1952 1984 1632)
 (1633 1953 2016 1985 1008) (1634 1986 2016 1954 504)
 (2017 2018 1635 1955 1987 1009) (252 1636 1956 1988 2016)
 (2017 2020 1957 1010 1989 1637) (2018 2020 1990 1958 505 1638)
 (1639 2019 2021 1959 1991 1011 2022) (2016 1960 126 1992 1640)
 (2017 2024 1641 1961 1012 1993) (2018 2024 1642 506 1994 1962)
 (2019 2025 2026 1995 1013 1963 1643) (1964 2024 1644 2020 1996 253)
 (2021 2025 1645 2028 1965 1997 1014) (2022 2026 2028 1998 1646 1966 507)
 (2023 2027 2029 2030 1999 1967 1647 1015) (2000 2016 1968 63 1648)
 (2017 1969 2001 2032 1649 1016) (2018 2002 1970 2032 1650 508)
 (2019 1971 2003 2033 2034 1651 1017) (2020 2004 1652 2032 1972 254)
 (2021 1653 2033 2036 1973 2005 1018) (1974 2022 2034 2036 2006 509 1654)
 (1655 1975 2023 2035 2037 2038 2007 1019) (2024 1976 2032 2008 127 1656)
 (2025 2033 1977 2040 1657 1020 2009) (2026 2040 2034 2010 1658 510 1978)
 (2027 2035 1979 2041 2042 2011 1021 1659) (1660 2028 2036 1980 2040 2012 255)
 (2013 1661 2029 2037 2041 2044 1981 1022)
 (2030 1662 1982 2038 2042 2044 2014 511)
 (2031 1983 1663 1023 2039 2043 2045 2046 2015) (10 1920 1664)
 (1665 1921 2048 1024) (1922 1666 2048 512) (1025 2049 1667 1923 2050)
 (1668 1924 2048 256) (2049 1026 1925 2052 1669) (513 2050 2052 1670 1926)
 (1027 2053 1671 1927 2051 2054) (128 1928 2048 1672)
 (1673 1929 1028 2049 2056) (1930 1674 2056 2050 514)
 (2051 1029 2057 2058 1675 1931) (257 2052 1676 1932 2056)
 (2053 1030 2057 1677 2060 1933) (515 2054 2058 2060 1678 1934)
 (1031 2055 2059 2061 2062 1935 1679) (64 1936 2048 1680)
 (1681 1937 2064 2049 1032) (2064 1682 516 2050 1938)
 (2051 1033 1939 2065 2066 1683) (2052 258 1684 1940 2064)
 (2053 1034 2065 2068 1941 1685) (517 2054 2066 2068 1686 1942)
 (1687 2055 1035 2067 2069 2070 1943) (129 2064 2056 1944 1688)
 (2057 1036 2065 1945 2072 1689) (518 2058 2066 2072 1946 1690)
 (2059 1037 2067 2073 2074 1691 1947) (259 1948 2060 2068 2072 1692)
 (1693 2061 1038 2069 2073 2076 1949) (519 2062 1950 2070 2074 2076 1694)
 (2063 1695 1039 2071 2075 2077 2078 1951) (1984 21 2048 1696)
 (1697 1985 2080 2049 1040) (1698 1986 2080 2050 520)
 (2081 2082 1699 1987 2051 1041) (2052 260 1700 1988 2080)
 (2081 2084 2053 1042 1989 1701) (2082 1990 2084 2054 521 1702)
 (2083 2085 1991 2055 1043 1703 2086) (2056 130 2080 1992 1704)
 (2081 2088 1705 1993 1044 2057) (2082 2088 1706 522 1994 2058)
 (2083 2089 2090 1707 1045 1995 2059) (2084 261 2088 2060 1996 1708)
 (2085 2089 1709 2092 1997 1046 2061) (2086 2090 523 2092 2062 1710 1998)
 (2087 2091 2093 2094 1999 1711 2063 1047) (65 2080 2064 2000 1712)
 (2081 2001 2065 2096 1713 1048) (2082 2066 2002 524 2096 1714)
 (2083 2003 2067 2097 2098 1715 1049) (2084 262 2004 1716 2096 2068)
 (2005 2085 1717 2097 2100 2069 1050) (2006 2086 525 2098 2100 1718 2070)
 (1719 2007 2087 2099 2101 2102 2071 1051) (131 1720 2088 2008 2096 2072)
 (2089 2097 2009 2104 1721 1052 2073) (2090 2104 526 2098 2074 1722 2010)
 (2091 2105 2099 2011 2106 1723 1053 2075) (2076 263 1724 2092 2100 2104 2012)
 (1725 2093 2101 2077 2105 2108 2013 1054)
 (2094 527 1726 2014 2102 2106 2108 2078)
 (1055 2095 1727 2079 2103 2107 2109 2110 2015) (5 1920 1728)
 (1729 1921 2112 1056) (1922 1730 2112 528) (1057 2113 1731 1923 2114)
 (2112 1732 1924 264) (2113 1058 1925 2116 1733) (529 2114 2116 1734 1926)
 (1059 2117 1735 1927 2115 2118) (2112 132 1928 1736)
 (1737 1929 2113 1060 2120) (1930 1738 2120 2114 530)
 (2115 1061 2121 2122 1739 1931) (265 2116 1740 1932 2120)
 (2117 1062 2121 1741 2124 1933) (2118 2122 2124 1742 1934 531)
 (1063 2119 2123 2125 2126 1935 1743) (66 1936 2112 1744)
 (1745 1937 2113 2128 1064) (1746 2128 532 2114 1938)
 (2115 1065 1939 2129 2130 1747) (266 2116 1748 1940 2128)
 (2117 1066 2129 2132 1941 1749) (2118 2130 2132 533 1750 1942)
 (1751 2119 1067 2131 2133 2134 1943) (2120 1944 133 2128 1752)
 (2121 1068 2129 1945 2136 1753) (2122 2130 534 2136 1946 1754)
 (2123 1069 2131 2137 2138 1755 1947) (1948 267 2124 2132 2136 1756)
 (1757 2125 1070 2133 2137 2140 1949) (2126 1950 2134 535 2138 2140 1758)
 (2141 2127 1071 2135 2139 1759 2142 1951) (38 1952 2112 1760)
 (1761 1953 2113 2144 1072) (1762 2144 1954 2114 536)
 (2145 2146 1763 1955 2115 1073) (268 1764 2116 1956 2144)
 (2145 2148 2117 1074 1765 1957) (2146 2148 1766 1958 537 2118)
 (2147 2149 1959 2119 1767 1075 2150) (2120 1960 2144 134 1768)
 (2121 2145 2152 1769 1961 1076) (2146 2152 1770 1962 538 2122)
 (2147 2153 2154 1771 1077 2123 1963) (2148 2152 2124 269 1772 1964)
 (1773 2149 2153 1965 2156 2125 1078) (2150 2154 2156 1774 2126 1966 539)
 (2151 2155 2157 2158 2127 1967 1775 1079) (67 1968 2128 2144 1776)
 (2145 1969 2160 1777 2129 1080) (2146 2130 1970 2160 1778 540)
 (2147 1971 2131 2161 2162 1779 1081) (1780 2148 2132 270 2160 1972)
 (1973 2149 2161 1781 2164 2133 1082) (1974 2150 2162 2164 1782 541 2134)
 (1975 2151 1783 2163 2165 2166 2135 1083) (135 2152 1976 2160 2136 1784)
 (2137 2153 2161 1977 2168 1785 1084) (2154 2168 2162 2138 1786 542 1978)
 (2155 2139 2163 2169 2170 1787 1085 1979) (1788 2156 271 2164 1980 2168 2140)
 (1789 1981 2157 2165 2169 2172 2141 1086)
 (2158 1790 1982 2166 2170 2172 2142 543)
 (2159 1983 1087 2167 2174 2171 2173 1791 2143) (2112 1984 22 1792)
 (1793 1985 2113 2176 1088) (1794 1986 2176 2114 544)
 (1089 2177 1795 2178 1987 2115) (2176 2116 1796 1988 272)
 (2177 1090 2180 2117 1989 1797) (545 2178 1990 2180 1798 2118)
 (2179 2181 1991 2119 1091 1799 2182) (2176 2120 136 1992 1800)
 (2121 2177 1092 2184 1801 1993) (2178 546 2184 1802 1994 2122)
 (2179 1093 2185 2186 1803 2123 1995) (1804 2184 2124 273 2180 1996)
 (1805 2181 1094 2185 1997 2188 2125) (547 2182 2186 2188 1806 2126 1998)
 (1095 2183 2187 2189 2190 1999 2127 1807) (2176 2128 68 2000 1808)
 (2177 2001 1096 2192 1809 2129) (2178 548 2130 2002 2192 1810)
 (2179 1097 2003 2131 2193 2194 1811) (2180 2004 2192 274 2132 1812)
 (2181 1098 2193 2196 2133 2005 1813) (2006 549 2182 2194 2196 1814 2134)
 (2007 2183 1099 1815 2195 2197 2198 2135) (2184 137 2008 1816 2192 2136)
 (2137 2185 1100 2193 2009 2200 1817) (550 2186 2200 2194 2138 1818 2010)
 (2187 1101 2195 2201 2202 1819 2139 2011) (2140 2188 275 2196 2012 2200 1820)
 (1821 2013 2189 1102 2197 2201 2204 2141)
 (551 2190 1822 2014 2198 2202 2204 2142)
 (1103 2191 2143 2199 1823 2203 2205 2206 2015) (2176 39 2016 2144 1824)
 (1825 2017 1104 2145 2177 2208) (2178 1826 2018 2146 552 2208)
 (2209 2210 1827 2019 2147 2179 1105) (2148 2020 2180 276 1828 2208)
 (2209 2212 2181 2021 2149 1106 1829) (2210 2022 2150 553 1830 2212 2182)
 (2023 2211 2213 2151 2183 1831 1107 2214) (2152 2024 138 2184 1832 2208)
 (2209 2153 2185 2216 1833 2025 1108) (2210 2216 2186 554 1834 2026 2154)
 (2211 2217 2218 1835 1109 2027 2155 2187) (1836 2216 2156 2212 277 2028 2188)
 (1837 2213 2217 2189 2220 2029 1110 2157)
 (1838 2214 2218 555 2220 2190 2158 2030)
 (2215 2219 2159 2221 2222 2191 2031 1111 1839) (2192 2160 69 2032 1840 2208)
 (2209 2033 2224 1841 2161 2193 1112) (2210 1842 556 2162 2194 2034 2224)
 (2211 2035 2163 2195 2225 2226 1843 1113) (2212 2036 2196 2224 2164 1844 278)
 (2213 2037 2165 2228 2225 1845 2197 1114)
 (2038 2214 2226 557 1846 2228 2198 2166)
 (2039 2167 2215 1847 2227 2229 2230 2199 1115)
 (2200 2216 139 2040 1848 2224 2168) (2169 2201 2217 2225 2041 2232 1849 1116)
 (2218 2232 558 2226 1850 2202 2042 2170)
 (2219 2227 2234 2233 2043 1851 1117 2171 2203)
 (1852 2232 2220 2228 279 2044 2172 2204)
 (1853 2205 2221 2229 2233 2173 2236 2045 1118)
 (1854 2222 559 2174 2046 2230 2234 2236 2206)
 (2175 1119 2223 2047 2231 2235 2237 2238 2207 1855) (2112 11 2048 1856)
 (1857 2049 2113 2240 1120) (1858 2240 2050 2114 560)
 (1121 2241 1859 2242 2051 2115) (2052 2116 1860 2240 280)
 (2241 1122 2244 2117 2053 1861) (2242 2244 2054 1862 561 2118)
 (2243 2245 2055 2119 1123 1863 2246) (2056 2120 140 2240 1864)
 (2121 2241 1124 2248 1865 2057) (2242 2248 1866 562 2058 2122)
 (2243 1125 2249 2250 1867 2123 2059) (1868 2248 2060 2244 281 2124)
 (1869 1126 2249 2061 2252 2125 2245) (2246 2250 2252 1870 2126 563 2062)
 (1871 1127 2247 2251 2253 2254 2063 2127) (2240 2128 2064 70 1872)
 (2241 2065 1128 2256 1873 2129) (2242 2130 2066 2256 1874 564)
 (2243 1129 2067 2131 2257 2258 1875) (2244 2132 2256 2068 1876 282)
 (2245 2069 1130 2257 2260 2133 1877) (2070 2246 2258 2260 565 1878 2134)
 (2071 2247 1131 1879 2259 2261 2262 2135) (2248 2072 141 1880 2256 2136)
 (2137 2249 1132 2257 2073 2264 1881) (2250 2264 2258 566 2138 1882 2074)
 (2251 1133 2259 2265 2266 1883 2139 2075) (1884 2140 2252 2260 2264 283 2076)
 (1885 2077 2253 1134 2261 2265 2268 2141)
 (2254 1886 2078 2262 567 2266 2268 2142)
 (1887 1135 2255 2143 2263 2267 2269 2270 2079) (2176 2080 2240 23 1888)
 (1889 2081 1136 2177 2241 2272) (2178 1890 2082 2242 568 2272)
 (2273 2274 1891 2083 2243 2179 1137) (2084 2180 2244 1892 284 2272)
 (2273 2276 2181 2085 2245 1138 1893) (2274 2276 2182 1894 569 2086 2246)
 (2275 2087 2277 2247 2183 1895 1139 2278) (2248 2088 2184 142 1896 2272)
 (2273 2185 2249 2280 1897 2089 1140) (2274 2250 2280 2186 1898 570 2090)
 (2275 2281 2282 2251 1141 2091 1899 2187) (2092 2280 1900 2252 2188 2276 285)
 (2277 1901 2281 2189 2284 2093 1142 2253)
 (1902 2278 2282 2284 2190 2254 2094 571)
 (1903 2279 2283 2285 2286 2191 2095 2255 1143) (2256 2192 71 2096 1904 2272)
 (2273 2097 2288 1905 2193 2257 1144) (2274 1906 2098 2288 2194 2258 572)
 (2275 2099 2259 2195 2289 2290 1907 1145) (2276 2196 2260 2288 2100 1908 286)
 (2277 2101 2261 2289 2292 2197 1909 1146)
 (2278 2292 2290 1910 2198 2102 573 2262)
 (2103 2263 2279 1911 2291 2293 2294 2199 1147)
 (2200 2280 2104 143 1912 2264 2288) (2201 2265 2281 2289 2105 2296 1913 1148)
 (2266 2282 2296 2290 2106 1914 2202 574)
 (2283 2291 2297 2298 2267 2107 1149 1915 2203)
 (2108 1916 2284 2292 2296 2268 2204 287)
 (1917 2205 2285 2269 2293 2297 2300 2109 1150)
 (1918 2286 2270 2110 2298 2300 2206 575 2294)
 (1919 1151 2287 2111 2271 2295 2299 2301 2302 2207) (1536 1) (1537 2304 1152)
 (2304 1538 576) (1153 2305 1539 2306) (1540 2304 288) (2305 1154 2308 1541)
 (577 2306 2308 1542) (1155 2309 2307 1543 2310) (144 2304 1544)
 (1545 2305 1156 2312) (1546 2312 2306 578) (2313 2314 1547 1157 2307)
 (289 2308 1548 2312) (2313 2309 2316 1549 1158) (2314 579 2316 1550 2310)
 (1159 2311 2315 2317 2318 1551) (72 2304 1552) (1553 2305 2320 1160)
 (2320 1554 580 2306) (1161 2321 1555 2307 2322) (2308 290 1556 2320)
 (2321 1162 2324 1557 2309) (2322 2324 581 1558 2310)
 (2311 1163 2323 2325 2326 1559) (145 2320 2312 1560)
 (1561 2313 1164 2321 2328) (1562 2328 2322 582 2314)
 (2315 1165 2323 2329 2330 1563) (2316 2324 291 1564 2328)
 (2317 1166 2325 2329 2332 1565) (583 2318 2326 2330 2332 1566)
 (2319 1167 2327 2331 2333 2334 1567) (40 2304 1568) (1569 2305 2336 1168)
 (1570 2336 2306 584) (1169 2337 1571 2307 2338) (2308 292 1572 2336)
 (2337 1170 2340 1573 2309) (585 2338 2340 1574 2310)
 (2339 2341 1575 2311 1171 2342) (2336 146 2312 1576)
 (1577 2313 1172 2344 2337) (1578 2344 2314 2338 586)
 (2339 2345 2346 1579 1173 2315) (2316 2340 1580 293 2344)
 (2341 2345 1581 2348 2317 1174) (2342 2346 587 2348 1582 2318)
 (2343 2347 2349 2350 2319 1583 1175) (73 2336 2320 1584)
 (1585 2321 2352 2337 1176) (2352 1586 588 2338 2322)
 (2339 2323 2353 2354 1587 1177) (2324 2340 1588 294 2352)
 (2341 2325 2353 2356 1589 1178) (2342 589 2354 2356 1590 2326)
 (1591 2343 2355 2357 2358 2327 1179) (2352 2344 147 2328 1592)
 (2345 2353 2329 2360 1593 1180) (2346 590 2354 2360 1594 2330)
 (2347 2355 2361 2362 1595 1181 2331) (1596 295 2348 2356 2360 2332)
 (1597 2349 2357 2361 2364 2333 1182) (2350 591 2334 2358 2362 2364 1598)
 (1599 2351 1183 2359 2363 2365 2366 2335) (24 2304 1600) (1601 2305 2368 1184)
 (1602 2368 2306 592) (1185 2369 1603 2307 2370) (2308 2368 1604 296)
 (2369 1186 2372 1605 2309) (593 2370 2372 1606 2310)
 (1187 2373 1607 2311 2371 2374) (2312 2368 148 1608)
 (1609 2313 1188 2369 2376) (1610 2376 2314 2370 594)
 (2371 1189 2377 2378 1611 2315) (297 2316 2372 1612 2376)
 (2373 1190 2377 1613 2380 2317) (2374 2378 2380 1614 2318 595)
 (1191 2375 2379 2381 2382 2319 1615) (2368 74 2320 1616)
 (1617 2321 2384 2369 1192) (1618 2384 596 2370 2322)
 (2371 1193 2323 2385 2386 1619) (2324 298 2372 1620 2384)
 (2373 1194 2385 2388 1621 2325) (2374 2386 2388 597 1622 2326)
 (1623 2375 1195 2387 2389 2390 2327) (2376 2328 149 2384 1624)
 (2377 1196 2385 2329 2392 1625) (2378 2386 598 2392 1626 2330)
 (2379 1197 2387 2393 2394 1627 2331) (1628 299 2380 2388 2392 2332)
 (1629 2381 1198 2389 2393 2396 2333) (2382 2334 2390 599 2394 2396 1630)
 (2383 1631 1199 2391 2395 2397 2398 2335) (41 2368 2336 1632)
 (1633 2337 2400 2369 1200) (1634 2400 2338 2370 600)
 (2401 2402 1635 2339 2371 1201) (2340 300 2372 1636 2400)
 (2401 2404 2373 2341 1202 1637) (2402 2404 1638 601 2342 2374)
 (1639 2403 2405 2343 2375 1203 2406) (2400 2376 2344 150 1640)
 (2377 2401 2408 1641 2345 1204) (2402 2408 1642 2346 602 2378)
 (2403 2409 2410 1643 1205 2379 2347) (2404 2408 2348 301 1644 2380)
 (2405 2409 2349 2412 2381 1645 1206) (2406 2410 2412 1646 2382 2350 603)
 (2407 2411 2413 2414 2351 1647 2383 1207) (2400 75 2352 2384 1648)
 (2401 2353 2416 1649 2385 1208) (2402 2386 2354 2416 1650 604)
 (2403 2355 2387 2417 2418 1651 1209) (2404 1652 2388 302 2416 2356)
 (2405 1653 2357 2417 2420 2389 1210) (2406 2358 2418 2420 1654 605 2390)
 (1655 2359 2407 2419 2421 2422 2391 1211) (2408 2360 2416 151 2392 1656)
 (2393 2409 2417 2361 2424 1657 1212) (2410 2424 2418 2362 2394 1658 606)
 (2411 2395 2419 2425 2426 1659 1213 2363) (2396 2412 303 2424 2420 1660 2364)
 (2365 2413 2421 1661 2425 2428 2397 1214)
 (2366 2414 1662 2422 2426 2428 2398 607)
 (1215 2415 1663 2399 2423 2427 2429 2430 2367) (12 2304 1664)
 (1665 2305 2432 1216) (1666 2432 2306 608) (1217 2433 1667 2307 2434)
 (2308 2432 1668 304) (2433 1218 2436 1669 2309) (609 2434 2436 1670 2310)
 (2435 2437 1671 2311 1219 2438) (2312 2432 152 1672)
 (1673 2313 2433 1220 2440) (2434 1674 2440 2314 610)
 (2435 1221 2441 2442 1675 2315) (305 2316 1676 2436 2440)
 (2437 1222 2441 1677 2444 2317) (611 2438 2442 2444 1678 2318)
 (1223 2439 2443 2445 2446 2319 1679) (2320 2432 76 1680)
 (1681 2321 2433 2448 1224) (2434 1682 612 2448 2322)
 (2435 1225 2323 2449 2450 1683) (2324 306 1684 2436 2448)
 (2437 1226 2449 2452 1685 2325) (613 2438 2450 2452 1686 2326)
 (1687 2439 1227 2451 2453 2454 2327) (153 2328 2440 2448 1688)
 (2441 1228 2449 2329 2456 1689) (614 2442 2450 2456 1690 2330)
 (2443 1229 2451 2457 2458 1691 2331) (1692 2444 307 2452 2456 2332)
 (1693 2445 1230 2453 2457 2460 2333) (615 2446 2334 2454 2458 2460 1694)
 (2447 1695 1231 2455 2459 2461 2462 2335) (25 2432 2368 1696)
 (1697 2369 2433 2464 1232) (2434 1698 2464 2370 616)
 (2465 2466 1699 2371 2435 1233) (308 2372 1700 2436 2464)
 (2465 2468 2373 1701 1234 2437) (2466 2468 2438 2374 617 1702)
 (2467 2469 2375 2439 1235 1703 2470) (154 2376 2440 2464 1704)
 (2465 2441 2472 1705 2377 1236) (2466 2472 2442 618 1706 2378)
 (2467 2473 2474 1707 1237 2379 2443) (1708 2472 2380 2468 309 2444)
 (2469 2473 2445 2476 2381 1238 1709) (2470 2474 619 2476 2446 1710 2382)
 (2471 2475 2477 2478 2447 1711 2383 1239) (2464 2384 77 2448 1712)
 (2465 2385 2480 1713 2449 1240) (2466 1714 620 2386 2480 2450)
 (2467 2387 2451 2481 2482 1715 1241) (2468 1716 2452 2480 2388 310)
 (2469 1717 2453 2481 2484 2389 1242) (2470 2390 621 2482 2484 2454 1718)
 (1719 2391 2471 2483 2485 2486 2455 1243) (1720 2472 2456 2480 2392 155)
 (2457 2473 2481 2393 2488 1721 1244) (2474 2488 622 2482 1722 2458 2394)
 (2475 2483 2489 2490 1723 1245 2395 2459) (1724 2476 2484 311 2488 2396 2460)
 (2461 2477 2485 2489 1725 2492 2397 1246)
 (2478 623 1726 2486 2398 2490 2492 2462)
 (1247 1727 2479 2399 2487 2491 2493 2494 2463) (6 2304 1728)
 (1729 2305 2496 1248) (1730 2496 2306 624) (1249 2497 1731 2307 2498)
 (2308 1732 2496 312) (2497 1250 2500 1733 2309) (625 2498 2500 1734 2310)
 (2499 2501 1735 2311 1251 2502) (2312 156 2496 1736)
 (1737 2313 1252 2497 2504) (1738 2498 2504 2314 626)
 (2499 1253 2505 2506 1739 2315) (313 2316 1740 2500 2504)
 (2501 1254 2505 1741 2508 2317) (2502 2506 2508 1742 2318 627)
 (1255 2503 2507 2509 2510 2319 1743) (2320 2496 78 1744)
 (1745 2321 2512 2497 1256) (1746 2498 628 2512 2322)
 (2499 1257 2323 2513 2514 1747) (2324 314 1748 2500 2512)
 (2501 1258 2513 2516 1749 2325) (2502 2514 2516 629 1750 2326)
 (1751 2503 1259 2515 2517 2518 2327) (2512 2328 157 2504 1752)
 (2505 1260 2513 2329 2520 1753) (2506 2514 630 2520 1754 2330)
 (2507 1261 2515 2521 2522 1755 2331) (1756 2508 2516 2520 315 2332)
 (1757 2509 1262 2517 2521 2524 2333) (2510 2334 2518 631 2522 2524 1758)
 (2525 2511 1263 2519 2523 1759 2526 2335) (42 2336 2496 1760)
 (1761 2337 2528 2497 1264) (1762 2498 2528 2338 632)
 (2529 2530 1763 2339 2499 1265) (2340 316 1764 2500 2528)
 (2529 2532 1765 2341 1266 2501) (2530 2532 2502 633 2342 1766)
 (2531 2533 2343 2503 1767 1267 2534) (2528 2344 158 2504 1768)
 (2529 2505 2536 1769 2345 1268) (2530 2536 1770 2506 634 2346)
 (2531 2537 2538 2507 1269 2347 1771) (1772 2536 2348 2532 317 2508)
 (2533 2537 1773 2540 2349 1270 2509) (2534 2538 2540 2510 1774 2350 635)
 (2535 2539 2541 2542 2511 2351 1271 1775) (2512 2352 2528 79 1776)
 (2529 2353 2544 1777 2513 1272) (2530 2514 2354 2544 1778 636)
 (2531 2355 2515 2545 2546 1779 1273) (1780 2532 2516 2544 2356 318)
 (2533 2357 2517 2545 2548 1781 1274) (2534 2358 2546 2548 2518 637 1782)
 (2359 2535 1783 2547 2549 2550 2519 1275) (2536 2360 2544 2520 1784 159)
 (2521 2537 2545 2361 2552 1785 1276) (2538 2552 2546 2362 2522 1786 638)
 (2539 2547 2553 2554 2523 2363 1277 1787) (1788 2540 2548 2552 2524 2364 319)
 (1789 2541 2525 2549 2553 2556 2365 1278)
 (2366 2542 1790 2550 2554 2556 2526 639)
 (1279 2543 2558 2367 2551 2555 2557 1791 2527) (26 2368 2496 1792)
 (1793 2369 2560 2497 1280) (1794 2498 2560 2370 640)
 (1281 2561 1795 2562 2371 2499) (2372 1796 2560 2500 320)
 (2561 1282 2564 2373 2501 1797) (641 2562 2564 2502 2374 1798)
 (1283 2565 2375 2503 2563 1799 2566) (2376 160 2560 2504 1800)
 (2561 1284 2505 2568 1801 2377) (2562 2568 1802 2506 642 2378)
 (2563 1285 2569 2570 2507 2379 1803) (321 2564 1804 2568 2380 2508)
 (2565 1286 2569 1805 2572 2381 2509) (643 2566 2570 2572 2510 1806 2382)
 (1287 2567 2571 2573 2574 2511 2383 1807) (2384 80 2560 2512 1808)
 (2561 2385 1288 2576 1809 2513) (2562 644 2514 2386 2576 1810)
 (2563 1289 2387 2515 2577 2578 1811) (322 2564 2516 2576 2388 1812)
 (2565 1290 2517 2577 2580 2389 1813) (645 2566 2390 2578 2580 2518 1814)
 (2391 2567 1291 1815 2579 2581 2582 2519) (161 2568 2520 1816 2576 2392)
 (2521 2569 1292 2577 2393 2584 1817) (646 2570 2584 2578 2522 1818 2394)
 (2571 1293 2579 2585 2586 2523 2395 1819) (323 2396 2572 2580 2584 1820 2524)
 (1821 2573 1294 2525 2581 2585 2588 2397)
 (647 2574 1822 2582 2398 2586 2588 2526)
 (1295 2575 2399 2583 1823 2587 2589 2590 2527) (43 2400 2560 2528 1824)
 (1825 2401 1296 2529 2561 2592) (1826 2530 648 2402 2562 2592)
 (2593 2594 2531 2403 1827 1297 2563) (2564 2532 2404 324 1828 2592)
 (2593 2596 2405 2533 2565 1298 1829) (2594 2596 2534 2406 649 1830 2566)
 (2595 2597 2567 2535 1831 1299 2407 2598) (162 2536 2568 2408 1832 2592)
 (2593 2537 2569 2600 1833 2409 1300) (2594 2570 2600 1834 650 2538 2410)
 (2595 2411 2601 2602 2539 2571 1301 1835) (2596 325 1836 2600 2572 2412 2540)
 (1837 2597 2601 2541 2604 2413 1302 2573)
 (1838 2598 2602 651 2604 2542 2574 2414)
 (2599 2605 2603 2415 2606 2543 2575 1303 1839) (81 2576 2544 2416 1840 2592)
 (2593 2417 2608 1841 2545 2577 1304) (2594 2546 652 2418 1842 2578 2608)
 (2595 2419 1843 2609 2610 2547 1305 2579) (2596 326 2420 2548 2580 1844 2608)
 (2597 2549 2581 2609 2612 1845 2421 1306)
 (2598 2422 653 1846 2612 2582 2610 2550)
 (2583 2599 1847 2611 2613 2614 2551 1307 2423)
 (163 2552 2600 2424 1848 2608 2584) (2553 2585 2601 2609 2425 2616 1849 1308)
 (2586 2602 2616 654 2610 2554 1850 2426)
 (2587 2603 2611 2427 2617 2618 2555 1309 1851)
 (2428 1852 327 2604 2612 2616 2588 2556)
 (1853 2557 2605 2613 2617 2620 2429 1310 2589)
 (1854 2606 655 2590 2614 2430 2618 2620 2558)
 (1311 2431 2607 2591 2615 2619 2621 2622 2559 1855) (2432 13 2496 1856)
 (1857 2433 2624 2497 1312) (2434 1858 2498 2624 656)
 (1313 2625 1859 2626 2499 2435) (2624 1860 2436 2500 328)
 (2625 1314 2628 2437 2501 1861) (2626 2628 2502 2438 657 1862)
 (1315 2629 2439 2503 2627 1863 2630) (2624 164 2440 2504 1864)
 (2625 1316 2505 2632 1865 2441) (2626 2506 2632 2442 658 1866)
 (2627 1317 2633 2634 2507 1867 2443) (2628 2632 329 1868 2444 2508)
 (2629 1318 2633 1869 2636 2445 2509) (2630 2634 2636 2510 1870 659 2446)
 (1871 1319 2631 2635 2637 2638 2511 2447) (2624 82 2448 2512 1872)
 (2625 2449 1320 2640 1873 2513) (2626 2514 2640 2450 1874 660)
 (2627 1321 2515 2451 2641 2642 1875) (2628 330 2452 2516 2640 1876)
 (2629 1322 2517 2641 2644 2453 1877) (2630 2454 2642 2644 661 2518 1878)
 (2455 2631 1323 1879 2643 2645 2646 2519) (165 2632 2520 1880 2640 2456)
 (2521 2633 1324 2641 2457 2648 1881) (2458 2634 2648 2642 662 2522 1882)
 (2635 1325 2643 2649 2650 2523 1883 2459) (2460 331 2636 2644 2648 1884 2524)
 (1885 2637 1326 2525 2645 2649 2652 2461)
 (2638 1886 2646 663 2462 2650 2652 2526)
 (1887 1327 2639 2463 2647 2651 2653 2654 2527) (2624 27 2464 2560 1888)
 (1889 2465 1328 2561 2625 2656) (2466 1890 2562 2626 664 2656)
 (2657 2658 1891 2563 2467 1329 2627) (2564 332 2468 2628 1892 2656)
 (2657 2660 2629 2565 1330 1893 2469) (2658 2660 2566 2470 2630 665 1894)
 (2659 2661 2631 2567 2471 1895 1331 2662) (2472 2568 2632 166 1896 2656)
 (2657 2569 2664 1897 2633 2473 1332) (2658 2570 2634 2664 2474 1898 666)
 (2659 2635 2665 2666 1899 1333 2571 2475) (2636 2660 1900 2572 333 2664 2476)
 (2661 1901 2665 2477 2668 2637 1334 2573)
 (2662 2666 2668 2574 1902 2478 667 2638)
 (1903 2663 2667 2669 2670 2575 2639 1335 2479) (83 2576 2640 2480 1904 2656)
 (2657 2481 2672 1905 2577 1336 2641) (2658 2578 2672 1906 2642 2482 668)
 (2659 2579 2483 2673 2674 1907 2643 1337) (2660 2484 334 2644 2580 1908 2672)
 (2661 2485 2581 2673 2676 2645 1909 1338)
 (2662 2486 2646 2674 2676 2582 669 1910)
 (2647 2663 2487 1911 2675 2677 2678 2583 1339)
 (2488 167 2664 2648 1912 2584 2672) (2585 2665 2649 2673 2489 2680 1913 1340)
 (2490 2650 2666 2680 2674 2586 1914 670)
 (2651 2667 2675 2681 2682 1915 1341 2587 2491)
 (2652 1916 2668 335 2676 2680 2588 2492)
 (1917 2493 2669 2677 2681 2684 2653 1342 2589)
 (1918 2670 2590 2678 2682 2494 2684 2654 671)
 (1919 1343 2671 2655 2679 2495 2683 2685 2686 2591) (3 2304 1920)
 (1921 2305 2688 1344) (1922 2688 2306 672) (1345 2689 1923 2307 2690)
 (2308 2688 1924 336) (2689 1346 2692 1925 2309) (673 2690 2692 1926 2310)
 (2691 2693 1927 2311 1347 2694) (2312 2688 168 1928)
 (1929 2313 2689 1348 2696) (2690 1930 2696 2314 674)
 (2691 1349 2697 2698 1931 2315) (337 2316 1932 2692 2696)
 (2693 1350 2697 1933 2700 2317) (675 2694 2698 2700 1934 2318)
 (1351 2695 2699 2701 2702 2319 1935) (2320 2688 84 1936)
 (1937 2321 2689 2704 1352) (2690 1938 676 2704 2322)
 (2691 1353 2323 2705 2706 1939) (2324 338 1940 2692 2704)
 (2693 1354 2705 2708 1941 2325) (677 2694 2706 2708 1942 2326)
 (1943 2695 1355 2707 2709 2710 2327) (169 2328 2696 2704 1944)
 (2697 1356 2705 2329 2712 1945) (678 2698 2706 2712 1946 2330)
 (2699 1357 2707 2713 2714 1947 2331) (1948 2700 339 2708 2712 2332)
 (1949 2701 1358 2709 2713 2716 2333) (679 2702 2334 2710 2714 2716 1950)
 (1951 2703 1359 2711 2715 2717 2718 2335) (2336 2688 44 1952)
 (1953 2337 2689 2720 1360) (2690 1954 2720 2338 680)
 (2721 2722 1955 2339 1361 2691) (2340 1956 340 2720 2692)
 (2721 2724 2693 2341 1362 1957) (2722 2724 2694 681 2342 1958)
 (2723 2725 2343 2695 2726 1363 1959) (170 2344 2696 2720 1960)
 (2721 2728 1961 2697 2345 1364) (2722 2728 2698 682 1962 2346)
 (2723 2699 2729 2730 1963 1365 2347) (1964 2700 2728 2348 2724 341)
 (2725 2729 2701 2732 2349 1965 1366) (2726 2730 683 2732 2702 1966 2350)
 (2727 2731 2733 2734 2703 1967 2351 1367) (2720 2352 85 2704 1968)
 (2721 2353 2736 1969 1368 2705) (2722 1970 684 2354 2736 2706)
 (2723 2355 2737 2738 1971 2707 1369) (2724 1972 2736 2356 2708 342)
 (1973 2725 2357 2737 2740 2709 1370) (2726 685 2738 2740 2710 2358 1974)
 (2359 2727 2739 2741 2742 2711 1371 1975) (2728 171 2712 2736 2360 1976)
 (2729 2713 2737 2361 2744 1977 1372) (2730 2744 686 2738 1978 2714 2362)
 (2715 2731 2739 2745 2746 1979 1373 2363) (1980 2716 2732 2740 343 2744 2364)
 (2717 2733 1981 2741 2745 2748 2365 1374)
 (2366 2734 687 1982 2742 2746 2748 2718)
 (1375 2735 1983 2367 2743 2747 2749 2750 2719) (2368 2688 28 1984)
 (1985 2369 2689 2752 1376) (2690 1986 2752 2370 688)
 (1377 2753 1987 2754 2371 2691) (2372 1988 2692 2752 344)
 (2753 1378 2756 2373 1989 2693) (2754 2756 2694 2374 689 1990)
 (1991 2755 2757 2375 2695 1379 2758) (2376 172 2696 2752 1992)
 (2753 1380 2760 1993 2697 2377) (2754 2760 2698 690 1994 2378)
 (2755 1381 2699 2761 2762 1995 2379) (1996 2700 2760 2380 2756 345)
 (2757 1382 2761 2701 2764 2381 1997) (2758 2762 2764 2702 1998 691 2382)
 (1383 2759 2763 2765 2766 2703 1999 2383) (2752 2384 2704 86 2000)
 (2753 2385 1384 2768 2001 2705) (2754 2002 2386 2768 2706 692)
 (2755 1385 2387 2769 2770 2003 2707) (2756 2004 2768 2388 2708 346)
 (2005 2757 1386 2769 2772 2389 2709) (2758 2390 2770 2772 693 2710 2006)
 (2007 2391 2759 1387 2771 2773 2774 2711) (2760 2712 173 2768 2392 2008)
 (2761 2713 1388 2769 2393 2776 2009) (2762 2776 2770 694 2010 2714 2394)
 (2715 2763 1389 2771 2777 2778 2011 2395) (2716 2396 2764 2772 2776 347 2012)
 (2013 2717 2765 1390 2773 2777 2780 2397)
 (2766 2014 2398 2774 695 2778 2780 2718)
 (1391 2767 2015 2399 2775 2779 2781 2782 2719) (2752 2400 45 2720 2016)
 (2017 2401 1392 2721 2753 2784) (2722 2018 2402 696 2754 2784)
 (2785 2786 2019 2403 2755 1393 2723) (2404 2020 2724 2756 348 2784)
 (2785 2788 2405 2021 1394 2757 2725) (2786 2022 2726 2406 2788 697 2758)
 (2023 2787 2789 2407 2759 2727 1395 2790) (2408 2728 174 2760 2024 2784)
 (2785 2792 2025 2729 2761 2409 1396) (2786 2792 2730 2762 2026 698 2410)
 (2787 2411 2731 2793 2794 2763 1397 2027) (2028 2732 2764 2792 2412 2788 349)
 (2789 2793 2733 2796 2413 2029 2765 1398)
 (2790 2794 2796 2734 2766 2030 2414 699)
 (2791 2795 2797 2798 2767 2031 2415 1399 2735) (87 2032 2768 2416 2736 2784)
 (2785 2417 2800 2033 1400 2737 2769) (2786 2034 2418 2738 2770 700 2800)
 (2787 2419 2771 2801 2802 2035 2739 1401) (2788 2036 2800 2420 2740 2772 350)
 (2789 2037 2773 2801 2741 2421 2804 1402)
 (2038 2790 2422 2802 2804 2742 701 2774)
 (2039 2423 2791 2743 2803 2805 2806 2775 1403)
 (2792 2424 2744 175 2800 2776 2040) (2793 2745 2777 2801 2425 2808 2041 1404)
 (2794 2778 2808 2802 2042 2746 702 2426)
 (2747 2795 2803 2427 2809 2810 2779 1405 2043)
 (2428 2748 2796 2808 2804 2044 2780 351)
 (2781 2749 2797 2805 2045 2809 2812 2429 1406)
 (2798 2782 2046 2806 2430 2810 2812 2750 703)
 (1407 2799 2047 2431 2807 2811 2813 2814 2783 2751) (2688 2432 14 2048)
 (2049 2433 2689 2816 1408) (2434 2050 2690 2816 704)
 (1409 2817 2051 2818 2435 2691) (2052 2436 2692 2816 352)
 (2817 1410 2820 2437 2693 2053) (705 2818 2820 2694 2438 2054)
 (1411 2821 2439 2695 2055 2819 2822) (176 2440 2696 2816 2056)
 (2817 1412 2824 2057 2697 2441) (2818 2824 2698 2442 2058 706)
 (2819 1413 2699 2825 2826 2059 2443) (353 2820 2700 2824 2060 2444)
 (2821 1414 2825 2701 2828 2445 2061) (707 2822 2826 2828 2702 2062 2446)
 (1415 2823 2827 2829 2830 2447 2063 2703) (88 2448 2704 2816 2064)
 (2817 2449 1416 2832 2065 2705) (2818 708 2066 2832 2450 2706)
 (2819 1417 2451 2833 2834 2067 2707) (354 2820 2452 2832 2068 2708)
 (2821 1418 2833 2709 2836 2453 2069) (709 2822 2454 2834 2836 2710 2070)
 (2071 2455 2823 1419 2835 2837 2838 2711) (2072 2824 2712 2832 177 2456)
 (2825 2713 1420 2833 2457 2840 2073) (2458 710 2826 2840 2834 2074 2714)
 (2715 2827 1421 2835 2841 2842 2075 2459) (355 2460 2716 2828 2836 2840 2076)
 (2717 2829 1422 2837 2077 2841 2844 2461)
 (711 2830 2078 2838 2462 2842 2844 2718)
 (2831 2079 1423 2839 2719 2843 2845 2846 2463) (2464 29 2752 2816 2080)
 (2081 2465 1424 2753 2817 2848) (2466 2082 712 2754 2818 2848)
 (2849 2850 2819 2083 2467 1425 2755) (2820 2468 2084 356 2756 2848)
 (2849 2852 2469 1426 2757 2821 2085) (2850 2852 2758 713 2470 2086 2822)
 (2851 2087 2853 2823 2759 2471 1427 2854) (2088 2824 2472 2760 178 2848)
 (2849 2856 2089 2761 2825 2473 1428) (2850 2856 2474 2762 2826 714 2090)
 (2851 2857 2858 2763 1429 2827 2091 2475) (2852 357 2764 2856 2828 2092 2476)
 (2853 2829 2857 2093 2860 2477 1430 2765)
 (2854 2858 715 2860 2766 2830 2094 2478)
 (2855 2859 2861 2862 2767 2095 2831 1431 2479) (89 2832 2096 2480 2768 2848)
 (2849 2481 2864 2097 1432 2769 2833) (2850 2770 716 2864 2098 2482 2834)
 (2851 2099 2483 2865 2866 2835 1433 2771) (2852 358 2100 2484 2864 2836 2772)
 (2853 2101 2865 2868 2485 2773 2837 1434)
 (2854 2486 717 2866 2868 2774 2102 2838)
 (2103 2839 2855 2487 2867 2869 2870 2775 1435)
 (2104 2856 2488 2776 2864 179 2840) (2857 2777 2841 2865 2489 2872 2105 1436)
 (2490 2858 2872 2842 718 2866 2778 2106)
 (2859 2867 2843 2873 2874 2779 1437 2107 2491)
 (2780 359 2860 2868 2872 2108 2844 2492)
 (2781 2845 2109 2861 2869 2873 2876 2493 1438)
 (2862 719 2846 2110 2874 2494 2876 2782 2870)
 (1439 2863 2111 2847 2871 2495 2875 2877 2878 2783) (2688 7 2496 2112)
 (2113 2497 2689 2880 1440) (2690 2114 2498 2880 720)
 (1441 2881 2115 2882 2499 2691) (2880 2116 2692 2500 360)
 (2881 1442 2884 2693 2501 2117) (2882 2884 2694 2502 721 2118)
 (1443 2885 2503 2695 2883 2119 2886) (2880 180 2696 2504 2120)
 (2881 1444 2888 2121 2697 2505) (2882 2506 2888 2698 722 2122)
 (2883 1445 2699 2889 2890 2123 2507) (2884 2700 2888 361 2124 2508)
 (2885 1446 2889 2701 2892 2509 2125) (2886 2890 2892 2702 2126 723 2510)
 (1447 2887 2891 2893 2894 2511 2127 2703) (2880 90 2512 2704 2128)
 (2881 2513 1448 2896 2129 2705) (2882 2130 2896 2706 2514 724)
 (2883 1449 2515 2897 2898 2131 2707) (2884 362 2516 2896 2132 2708)
 (2885 1450 2517 2897 2900 2709 2133) (2886 2518 2898 2900 725 2710 2134)
 (2135 2519 2887 1451 2899 2901 2902 2711) (2136 2888 2712 2896 181 2520)
 (2889 2713 1452 2897 2521 2904 2137) (2522 2890 2904 2898 726 2138 2714)
 (2715 2891 1453 2899 2905 2906 2139 2523) (2716 363 2892 2900 2904 2140 2524)
 (2717 2893 1454 2905 2901 2141 2908 2525)
 (2894 2142 2902 727 2906 2526 2908 2718)
 (2895 1455 2143 2719 2903 2907 2909 2910 2527) (2880 2528 2720 46 2144)
 (2145 2529 2881 1456 2721 2912) (2722 2146 2530 728 2882 2912)
 (2913 2914 2147 2883 1457 2531 2723) (2884 364 2532 2148 2724 2912)
 (2913 2916 2885 2149 2533 1458 2725) (2914 2916 2726 2534 2886 729 2150)
 (2915 2917 2535 2887 2727 1459 2151 2918) (2152 2888 2536 2728 182 2912)
 (2913 2920 2153 2729 2889 2537 1460) (2914 2538 2920 2730 2890 2154 730)
 (2539 2915 2731 2921 2922 2155 1461 2891) (2916 2732 2920 2892 365 2156 2540)
 (2733 2917 2921 2541 2924 2893 1462 2157)
 (2918 2894 2922 2924 2734 2158 731 2542)
 (2919 2923 2159 2925 2926 2543 2895 1463 2735) (91 2896 2160 2544 2736 2912)
 (2913 2545 2897 2928 2161 1464 2737) (2914 2162 2928 2738 2546 732 2898)
 (2915 2930 2899 2929 2547 2163 2739 1465) (2916 2164 366 2548 2900 2740 2928)
 (2917 2165 2549 2929 2741 2901 1466 2932)
 (2918 2550 2930 2932 2742 2902 733 2166)
 (2551 2919 2743 2931 2933 2934 2903 1467 2167)
 (2168 2920 2552 2744 2928 183 2904) (2929 2921 2745 2905 2553 2936 2169 1468)
 (2554 2922 2936 2906 2930 2170 2746 734)
 (2555 2747 2923 2931 2937 2938 2171 1469 2907)
 (2172 2748 2924 367 2932 2936 2908 2556)
 (2749 2557 2925 2933 2937 2173 2940 2909 1470)
 (2940 2926 2910 2934 2174 2938 2558 2750 735)
 (2175 2927 1471 2911 2935 2939 2941 2942 2559 2751) (2880 2560 2752 30 2176)
 (2177 2561 2881 1472 2753 2944) (2178 2754 2562 736 2882 2944)
 (1473 2945 2179 2946 2755 2563 2883) (2564 2180 368 2884 2756 2944)
 (2945 1474 2948 2885 2565 2757 2181) (737 2946 2948 2758 2566 2886 2182)
 (2183 2947 2949 2887 2759 2567 1475 2950) (2184 2568 2888 2760 184 2944)
 (2945 1476 2952 2185 2761 2889 2569) (2946 2570 738 2186 2952 2890 2762)
 (2571 1477 2953 2954 2763 2891 2947 2187) (2892 2764 2952 2572 369 2948 2188)
 (2949 1478 2953 2573 2956 2893 2765 2189)
 (739 2950 2894 2954 2956 2766 2190 2574)
 (2895 1479 2951 2955 2957 2958 2767 2575 2191) (92 2576 2192 2896 2768 2944)
 (2945 2577 2897 1480 2960 2193 2769) (2946 740 2770 2960 2194 2578 2898)
 (2947 1481 2771 2961 2962 2195 2899 2579) (2948 2196 2960 370 2580 2772 2900)
 (2949 2773 1482 2581 2961 2964 2901 2197)
 (741 2950 2582 2962 2964 2774 2902 2198)
 (2199 2903 2951 1483 2963 2965 2583 2775 2966)
 (2200 2952 2584 2776 2960 2904 185) (2961 2953 1484 2777 2905 2585 2968 2201)
 (2586 742 2954 2968 2906 2962 2778 2202)
 (2587 2955 1485 2963 2969 2970 2779 2203 2907)
 (2204 2780 2908 2956 371 2964 2968 2588)
 (2781 2589 2957 1486 2965 2969 2205 2972 2909)
 (743 2958 2782 2966 2206 2970 2972 2590 2910)
 (2911 2967 2959 1487 2591 2207 2971 2973 2974 2783)
 (2912 2208 47 2592 2784 2944) (2209 2593 2945 2913 1488 2785 2976)
 (2946 2976 2210 744 2594 2786 2914) (2977 2978 2787 2211 1489 2595 2915 2947)
 (2596 2212 2916 372 2788 2948 2976) (2977 2980 2917 2213 2597 1490 2789 2949)
 (2978 2980 2950 745 2214 2598 2918 2790)
 (2979 2981 2919 2791 2215 2599 1491 2951 2982)
 (2216 2920 2600 2792 2952 186 2976) (2977 2984 2217 2793 2601 2953 1492 2921)
 (2978 2602 2984 2954 2794 746 2922 2218)
 (2979 2603 2985 2986 2795 2923 2955 1493 2219)
 (2924 2796 2604 2956 2980 373 2984 2220)
 (2981 2797 2985 2605 2957 2988 2925 1494 2221)
 (2982 2926 2986 747 2988 2958 2798 2222 2606)
 (2927 2959 2987 2989 2990 2799 2983 2607 1495 2223)
 (2960 93 2928 2224 2976 2608 2800) (2977 2609 2961 2929 2992 2225 1496 2801)
 (2978 2226 748 2992 2962 2610 2802 2930)
 (2979 2227 2993 2994 2803 2611 1497 2931 2963)
 (2980 2228 2992 2612 374 2804 2932 2964)
 (2981 2229 2613 2993 2996 2933 2805 1498 2965)
 (2982 2230 749 2614 2994 2996 2966 2934 2806)
 (2935 2983 2231 2615 2967 2995 2997 2998 2807 1499)
 (2232 2984 2616 2808 2968 2936 187 2992)
 (2985 2809 2993 2617 2969 3000 2233 2937 1500)
 (2618 2986 2810 750 2938 2994 3000 2234 2970)
 (2619 2987 2939 2971 2995 3001 3002 2811 1501 2235)
 (2940 2812 2988 2972 2996 375 3000 2620 2236)
 (3004 2813 2621 2973 2989 2997 3001 2237 2941 1502)
 (2942 2990 751 2814 2622 2998 3002 2238 3004 2974)
 (2943 2975 2991 1503 2623 2999 2239 3003 3005 3006 2815)
 (2880 2624 2816 15 2240) (2241 2625 2881 1504 2817 3008)
 (2242 2818 752 2626 2882 3008) (1505 3009 2243 3010 2819 2627 2883)
 (2820 2244 2628 376 2884 3008) (3009 1506 3012 2629 2245 2821 2885)
 (3010 3012 2822 2630 753 2886 2246) (3011 3013 2887 2823 2247 2631 1507 3014)
 (2248 2824 2632 2888 188 3008) (3009 1508 3016 2249 2825 2889 2633)
 (3010 2634 3016 2250 2890 754 2826) (3011 1509 3017 3018 2251 2891 2635 2827)
 (2636 3016 2892 2828 3012 377 2252) (3013 1510 2829 3017 2637 3020 2893 2253)
 (3014 2894 3018 3020 2830 2254 755 2638)
 (2895 1511 3015 3019 3021 3022 2831 2639 2255) (94 2832 2256 2640 2896 3008)
 (2897 2641 3009 1512 3024 2257 2833) (3010 2834 3024 2258 756 2642 2898)
 (3011 1513 2835 3025 3026 2259 2643 2899) (3012 2260 3024 2644 2836 378 2900)
 (3013 1514 2261 3025 3028 2645 2837 2901)
 (3014 2646 3026 3028 757 2838 2902 2262)
 (2903 3015 2263 1515 2647 3027 3029 3030 2839)
 (2264 3016 2648 2904 3024 2840 189) (3025 3017 1516 2841 2905 2649 3032 2265)
 (2650 3018 3032 2906 3026 758 2842 2266)
 (2651 3019 1517 3027 3033 3034 2267 2843 2907)
 (2652 2908 3020 3028 3032 379 2844 2268)
 (2845 2653 3021 1518 2269 3029 3033 3036 2909)
 (3022 2846 3030 759 3034 2270 3036 2910 2654)
 (2911 3023 1519 2655 3031 2271 3035 3037 3038 2847)
 (3008 31 2272 2656 2944 2848) (2273 2657 2945 3009 1520 3040 2849)
 (2946 3010 2274 760 2658 2850 3040) (3041 3042 3011 2275 1521 2659 2851 2947)
 (2852 2276 2660 380 2948 3012 3040) (3041 3044 2661 2277 1522 2853 2949 3013)
 (3042 3044 3014 2278 2662 2854 761 2950)
 (3043 3045 2951 3015 2279 2663 1523 2855 3046)
 (2280 2856 2664 2952 3016 190 3040) (3041 3048 2281 2857 2665 2953 1524 3017)
 (3042 2666 2954 3048 2858 3018 2282 762)
 (3043 2667 3049 3050 3019 2859 2955 1525 2283)
 (2668 3048 2860 2956 3020 3044 381 2284)
 (3045 2861 3049 2957 3052 2669 1526 2285 3021)
 (2862 3050 3046 3052 2958 3022 763 2286 2670)
 (2863 3047 3051 3053 3054 3023 2959 1527 2287 2671)
 (2960 3024 95 2864 2288 2672 3040) (3041 2673 2961 3025 3056 2289 1528 2865)
 (3042 3026 2290 3056 2962 2674 764 2866)
 (3043 2291 3057 3058 3027 2675 1529 2867 2963)
 (2676 3044 2292 2868 3056 2964 382 3028)
 (3045 2293 3057 3060 2677 2869 1530 2965 3029)
 (3046 2294 2678 3058 3060 2966 3030 765 2870)
 (2967 3047 2295 2679 3059 2871 3061 3062 3031 1531)
 (2296 2680 3048 2968 3032 2872 3056 191)
 (3049 2873 3057 2681 2969 3033 3064 2297 1532)
 (2682 3050 3064 2874 3058 3034 2298 2970 766)
 (2683 3051 2875 2971 3059 3065 3066 3035 1533 2299)
 (2684 3052 2972 3036 3060 3064 2876 383 2300)
 (2877 2973 3037 3053 1534 3061 3065 3068 2685 2301)
 (3068 2878 3054 3038 3062 3066 2302 2974 767 2686)
 (2879 3055 3070 1535 2975 3063 2303 3067 3069 2687 3039))