(NIL NIL (2) (2) (4 1) (3 5) (6) (7) (7) (9 8) (10) (11) (12) (13) (13) (15)
 (14 16) (17) (18) (19) (18) (20 21) (20 21) (23) (22 24) (25) (26) (27) (28)
 (29) (30) (31) (32) (33) (32) (35) (36) (34 37) (33 37) (38 39) (38 39)
 (41 40) (42) (43) (44) (44) (45 46) (45 46) (47 48) (49) (49) (51) (52)
 (50 53) (50 53) (54 55) (56) (57) (58) (59) (58) (60 61) (62) (63) (64) (65)
 (64) (66 67) (68) (69) (66 67) (68 71) (70 72) (73) (73) (75) (74 76) (77)
 (78) (79) (80) (81) (81) (82 83) (84) (84) (86) (85 86) (87 88) (88) (90)
 (89 90) (91 92) (93) (91 92) (94 95) (96) (97) (98) (98) (99 100) (101) (102)
 (101) (103 104) (105) (106) (107) (108) (108) (109 110) (111) (111) (113)
 (114) (115 112) (116) (116) (117 118) (119) (120) (119) (121 122) (121 122)
 (123 124) (125) (126) (127) (127) (129) (130 128) (131) (130) (133 128)
 (131 133) (135) (136) (137 132) (138 134) (139) (140) (141) (142) (142) (144)
 (145 143) (146) (147) (148) (149))