(NIL (1) NIL (3 1) (2 4) (2 4) (5 6) (4) (7 8) (9) (10) (11) (11) (12 13) (14)
 (12 13) (15) (17) (18 16) (18 16) (19 20) (21) (22) (23) (24) (22) (25 26)
 (27) (28) (28) (30) (29 31) (32) (33) (34) (35) (35) (37) (36 38) (39) (40)
 (41) (42) (43) (44) (45) (46) (46) (47 48) (49) (50) (49) (52) (51 52) (51 52)
 (54 55) (53 56) (57) (58) (57) (59 60) (61) (62) (63) (63) (62) (66 64)
 (65 67) (65 67) (69) (68 70) (71) (71) (73 72) (74) (75) (75) (77) (78)
 (76 79) (80) (81) (82) (83) (83) (84 85) (86) (86) (87 88) (89) (90) (91) (92)
 (93) (94) (95) (96) (97) (97) (98 99) (100) (101) (101) (102 103) (104) (105)
 (106) (107) (108) (109) (110) (111) (111) (113 112) (114) (115) (116) (117)
 (118) (119) (118) (121 120) (122) (122) (124) (123 125) (126) (127) (128)
 (129) (130) (130) (131 132) (133) (134) (135) (136) (137) (138) (139) (139)
 (140 141) (142) (143) (144) (145) (143) (147 144) (145 148) (146 149))