(NIL (1) (2) (3) (4) (5) (6) (6) (7 8) (9) (10) (11) (12) (12) (12) (13 15)
 (13 14 15) (17) (18 16) (19) (18 16) (21) (20 22) (20 22) (24) (25) (23 24)
 (27) (26 28) (29) (30) (31) (30) (30) (33 34 31) (35) (36 32) (37) (38) (39)
 (40) (41) (39) (42 43) (44) (45) (45) (46) (48 47) (49) (50) (49) (51 52)
 (50 52) (51 54) (53 55) (56) (57) (58) (57) (59 60) (61) (62) (63) (63) (65)
 (66 64) (66) (67 68) (67 68) (70) (69 70) (71 72) (73) (74) (73) (73)
 (75 76 77) (78) (79) (78) (81 80) (82) (83) (82) (84 85) (86) (87) (88) (86)
 (89 90) (91) (89 90) (92 93) (94) (95) (96) (97) (97) (99) (98 100) (101)
 (101) (102 103) (104) (105) (106) (103) (106 108) (107 109) (110) (107 108)
 (111 112) (113) (113) (114 115) (116) (115) (116 118) (117 119) (120) (119)
 (122 120) (123) (123) (121 125) (124 126) (127) (124 126) (129 127) (130 128)
 (131) (132) (133) (134) (135) (136) (137) (138) (138) (139 140) (141) (142)
 (143) (144) (145) (145) (146 147) (146 147) (148 149))