(NIL (1) (1) (3) (2 3) (5) (4 6) (4 6) (7 8) (9) (10) (11) (12) (13) (13) (15)
 (14 15) (17 16) (18) (18) (19 20) (17 16) (18 22) (19 20 23) (21 24) (25) (26)
 (27) (27) (28 29) (30) (31) (32) (32) (33 34) (33 34) (34) (35 36 37) (38)
 (39) (40) (41) (42) (41) (43 44) (45) (46) (47) (48) (49) (50) (51) (52) (53)
 (53) (55) (54 56) (56) (57 58) (59) (60) (60) (61 62) (63) (63) (65 64) (66)
 (67) (67) (68 69) (70) (71) (72) (73) (74) (75) (73) (75 77) (76 78) (79) (80)
 (78) (81 82) (83) (84) (85) (86) (87) (88) (89) (90) (91) (91) (93) (94)
 (92 95) (96) (97) (97) (98 99) (100) (101) (101) (102 103) (102 103) (105 104)
 (105 104) (107) (108) (106 108) (110) (111) (110) (113 109) (113 112)
 (115 109) (114 115) (117) (114 115) (116 118 119) (120) (121) (122) (123)
 (121) (123 125) (126) (124 127) (128) (128) (130) (130) (131 132) (133) (133)
 (129 135) (129 135) (137 136) (134 135) (139 136) (137 140) (141) (142)
 (138 143) (138 143) (145) (146) (138 142) (147 148 144) (149))