(NIL (1) (2) (3) (4) (5) (6) (6) (7 8) (9) (10) (11) (12) (12) (14) (15)
 (13 15) (17 16) (18) (19) (20) (21) (20) (19) (23 24) (25 21) (26 22) (27)
 (28) (29) (30) (31) (32) (33) (33) (35) (36) (37) (38) (34 39) (37) (41 34 39)
 (42) (43 40) (44) (45) (46) (47) (48) (49) (50) (49) (50 52) (51 53) (54) (55)
 (54) (57 55) (58 56) (57) (60 56) (59 61) (62) (63) (64) (65) (66) (66) (68)
 (67 69) (70) (71) (72) (73) (73) (75) (74 76) (77) (78) (79) (80) (77) (81 82)
 (83) (84) (84) (85 86) (87) (87) (89 88) (90) (91) (92) (93) (94) (95) (95)
 (97 96) (98) (99) (99) (100 101) (100 101) (102 103) (104) (105) (104)
 (106 107) (108) (109) (110) (102 103) (111 112) (111 112) (113 114) (115)
 (116) (116) (118) (117 119) (120) (117 118) (121 122) (123) (124) (125) (125)
 (127) (126 128) (126 127) (129 130) (131) (132) (132) (134) (133 135) (136)
 (136) (138) (139) (140) (137 140) (142) (143) (141 144) (144) (143)
 (147 141 144) (145 146 148) (149))