(NIL NIL (1 2) NIL (2 4) (1 4) (5 3 6) NIL (4 8) (2 8) (9 5 10) (1 8) (9 6 12)
 (3 10 12) (11 13 7 14) NIL (8 16) (4 16) (17 9 18) (2 16) (17 10 20) (5 18 20)
 (19 21 11 22) (1 16) (17 12 24) (18 24 6) (25 26 19 13) (3 20 24)
 (25 28 21 14) (26 7 28 22) (27 29 15 23 30) NIL (16 32) (8 32) (33 17 34)
 (4 32) (33 18 36) (9 34 36) (35 37 19 38) (2 32) (33 20 40) (34 40 10)
 (41 42 35 21) (5 36 40) (41 44 37 22) (42 11 44 38) (43 45 23 39 46) NIL
 (32 48) (2 48) (49 50 40) (1 48) (3 52 50) NIL (54 48) (54 32) (55 49 56)
 (54 16) (33 56 58) (54 8) (56 60 34) (17 58 60) (59 61 35 62) (54 4)
 (56 36 64) (58 64 18) (65 66 59 37) (9 60 64) (65 68 61 38) (66 19 68 62)
 (67 69 39 63 70) (54 2) (55 72 50) (56 72 40) (51 57 74 73) (58 20 72)
 (41 59 74 76) (10 60 72) (42 74 61 78) (78 21 62 76) (79 80 43 77 63)
 (5 72 64) (65 74 44 82) (66 82 22 76) (83 67 45 84 77) (82 11 68 78)
 (79 83 69 46 86) (80 86 70 23 84) (81 85 87 88 71 47) (54 1) (55 90 52)
 (58 90 24) (90 60 12) (25 92 93 62) (6 90 64) (66 92 95 26) (93 68 13 95)
 (97 27 96 70 94) (3 72 90) (53 73 99 91) (99 28 76 92) (99 93 14 78)
 (80 29 94 101 102) (7 82 99 95) (96 101 84 104 30) (97 104 102 15 86)
 (105 106 31 88 98 103) NIL (54 108) (48 108) (55 110 109) (32 108)
 (56 112 109) (49 110 112) (111 113 57 114) (16 108) (58 116 109) (33 116 112)
 (117 59 113 118) (8 108) (60 109 120) (34 112 120) (121 61 113 122)
 (17 116 120) (121 124 117 62) (122 35 124 118) (123 125 63 119 126) (4 108)
 (128 109 64) (112 36 128) (65 129 113 130) (18 116 128) (129 66 132 117)
 (130 132 37 118) (67 133 131 119 134) (9 128 120) (121 129 68 136)
 (122 136 38 130) (137 138 123 69 131) (19 124 136 132) (137 133 140 125 70)
 (138 140 126 39 134) (135 139 141 142 127 71) (2 108) (72 144 109)
 (110 144 50) (111 145 73 146) (144 112 40) (145 74 113 148) (51 148 114 146)
 (149 150 75 147 115) (20 144 116) (145 152 117 76) (41 152 118 148)
 (149 153 77 119 154) (10 144 120) (121 156 145 78) (122 148 156 42)
 (79 149 123 157 158) (152 124 21 156) (157 80 160 125 153)
 (158 43 160 126 154) (159 161 162 81 127 155) (5 144 128) (129 82 145 164)
 (130 164 44 148) (149 165 131 83 166) (152 132 22 164) (165 153 168 133 84)
 (166 168 45 134 154) (135 167 169 170 85 155) (11 156 164 136)
 (137 157 165 172 86) (138 172 46 166 158) (173 159 139 87 174 167)
 (160 140 168 23 172) (161 141 169 173 88 176) (162 170 142 174 176 47)
 (163 175 171 89 177 143 178) (1 108) (90 180 109) (110 180 52)
 (111 181 91 182) (116 180 24) (181 92 117 184) (12 180 120) (121 181 93 186)
 (25 186 124 184) (185 187 188 125 94) (6 180 128) (129 181 190 95)
 (26 132 190 184) (185 192 133 191 96) (186 13 190 136) (137 97 187 191 194)
 (194 27 140 192 188) (189 141 193 195 196 98) (3 144 180) (181 99 145 198)
 (53 198 146 182) (199 100 183 147 200) (152 198 28 184) (185 101 153 199 202)
 (186 198 14 156) (157 187 204 102 199) (202 160 29 204 188)
 (161 189 203 205 206 103) (7 198 190 164) (165 208 199 191 104)
 (202 208 168 30 192) (105 209 210 169 193 203) (194 204 208 15 172)
 (209 106 212 173 195 205) (210 212 31 176 196 206)
 (107 213 214 211 197 177 207) NIL (108 216) (54 216) (217 109 218) (48 216)
 (217 110 220) (55 220 218) (111 221 222 219) (32 216) (217 112 224)
 (56 218 224) (225 226 113 219) (49 220 224) (225 228 221 114) (226 57 228 222)
 (227 229 115 223 230) (16 216) (217 116 232) (58 218 232) (233 234 117 219)
 (33 232 224) (225 233 236 118) (226 59 236 234) (227 237 235 119 238) (8 216)
 (217 240 120) (60 218 240) (121 241 219 242) (34 240 224) (225 122 244 241)
 (226 244 61 242) (243 227 245 123 246) (17 240 232) (233 241 124 248)
 (234 248 62 242) (249 250 235 125 243) (35 236 244 248) (249 245 252 237 126)
 (250 252 238 63 246) (247 251 253 254 239 127) (4 216) (217 256 128)
 (256 218 64) (129 257 219 258) (36 256 224) (225 130 260 257) (65 226 260 258)
 (259 227 261 131 262) (18 256 232) (233 257 132 264) (234 258 264 66)
 (265 266 235 133 259) (236 37 264 260) (265 261 268 237 134)
 (266 67 268 238 262) (135 239 263 267 269 270) (9 256 240) (241 257 272 136)
 (242 68 272 258) (137 273 243 259 274) (244 272 38 260) (273 138 276 245 261)
 (274 276 69 246 262) (275 277 278 247 139 263) (19 264 272 248)
 (249 265 140 273 280) (250 280 274 70 266) (275 281 282 251 141 267)
 (276 280 252 39 268) (277 281 284 253 142 269) (278 282 284 254 270 71)
 (279 283 285 286 143 255 271) (1 216) (217 180 288) (90 218 288)
 (289 290 181 219) (288 220 52) (289 292 221 182) (290 91 292 222)
 (291 293 183 223 294) (288 24 232) (233 289 296 184) (296 234 92 290)
 (185 297 235 291 298) (288 12 240) (241 186 300 289) (242 300 93 290)
 (301 243 291 187 302) (25 300 296 248) (249 297 188 301 304)
 (250 304 302 94 298) (251 189 299 303 305 306) (6 288 256) (257 289 308 190)
 (258 308 95 290) (259 309 291 191 310) (308 26 296 264) (265 297 312 309 192)
 (266 312 298 310 96) (313 314 193 299 267 311) (308 300 13 272)
 (273 194 316 301 309) (97 274 316 302 310) (275 317 318 195 303 311)
 (312 316 27 304 280) (313 317 320 281 196 305) (314 318 320 282 98 306)
 (315 319 321 322 283 197 307) NIL (108 324) (54 324) (325 109 326) (48 324)
 (325 328 110) (55 328 326) (327 329 111 330) (32 324) (325 112 332)
 (56 332 326) (327 333 113 334) (49 332 328) (329 333 336 114) (330 57 336 334)
 (331 337 335 115 338) (16 324) (325 116 340) (58 340 326) (327 341 117 342)
 (33 340 332) (333 341 344 118) (334 59 344 342) (335 345 343 119 346) (8 324)
 (325 348 120) (60 348 326) (327 121 349 350) (34 348 332) (333 122 352 349)
 (334 352 61 350) (351 335 353 123 354) (17 348 340) (341 349 124 356)
 (342 356 62 350) (357 358 343 125 351) (35 344 352 356) (357 353 360 345 126)
 (358 360 346 63 354) (347 355 359 361 362 127) (4 324) (325 364 128)
 (364 64 326) (327 129 365 366) (364 36 332) (333 130 368 365) (65 334 368 366)
 (335 367 369 131 370) (18 364 340) (341 365 132 372) (342 372 366 66)
 (373 374 343 133 367) (368 344 37 372) (373 369 376 345 134)
 (374 67 376 346 370) (347 135 371 375 377 378) (9 364 348) (349 365 380 136)
 (380 350 68 366) (137 381 351 367 382) (368 352 38 380) (381 138 384 353 369)
 (382 384 69 354 370) (383 385 355 139 371 386) (380 19 372 356)
 (357 373 140 388 381) (358 382 388 70 374) (383 389 390 141 359 375)
 (376 384 360 39 388) (385 389 361 392 142 377) (386 390 392 378 362 71)
 (387 391 393 394 143 363 379) (1 324) (325 180 396) (90 396 326)
 (327 397 181 398) (396 52 328) (329 397 182 400) (330 91 398 400)
 (401 402 331 399 183) (396 24 340) (341 404 397 184) (342 92 398 404)
 (185 343 405 406 399) (396 12 348) (349 186 397 408) (350 93 398 408)
 (409 410 351 187 399) (25 408 404 356) (357 409 188 405 412)
 (358 410 412 94 406) (189 414 407 359 413 411) (6 396 364) (365 397 190 416)
 (366 398 95 416) (417 418 367 399 191) (26 404 416 372) (373 417 420 405 192)
 (374 420 406 418 96) (419 421 422 193 407 375) (416 408 13 380)
 (381 194 417 424 409) (97 382 424 418 410) (383 425 426 419 195 411)
 (27 412 420 424 388) (421 389 428 425 196 413) (422 426 428 390 98 414)
 (423 391 429 430 197 427 415) NIL (432 324) (432 216) (54 432) (433 435 326)
 (434 435 218) (432 48) (433 438 328) (434 438 220) (55 435 438)
 (330 436 439 441) (437 222 441 440) (432 32) (433 444 332) (434 444 224)
 (435 444 56) (445 334 436 447) (226 447 437 446) (49 438 444)
 (445 336 439 450) (446 228 440 450) (57 447 441 450) (453 448 338 451 442)
 (443 453 449 230 452) (432 16) (433 456 340) (434 456 232) (435 456 58)
 (457 342 436 459) (234 459 437 458) (33 456 444) (445 457 344 462)
 (446 236 462 458) (447 459 59 462) (465 460 448 346 463) (465 461 449 238 464)
 (432 8) (433 468 348) (434 468 240) (435 60 468) (469 350 436 471)
 (242 471 437 470) (34 468 444) (445 469 352 474) (446 244 474 470)
 (447 61 471 474) (477 448 354 475 472) (477 473 449 246 476) (17 468 456)
 (457 469 480 356) (458 470 480 248) (471 459 480 62) (358 460 481 483 472)
 (250 461 473 483 482) (35 480 462 474) (486 360 481 475 463)
 (486 252 476 482 464) (465 477 483 63 486) (466 478 484 487 489 362)
 (467 479 254 485 488 489) (432 4) (433 492 364) (434 492 256) (435 492 64)
 (493 366 436 495) (258 495 437 494) (492 36 444) (445 493 368 498)
 (446 260 498 494) (65 447 495 498) (501 496 448 370 499) (501 497 449 262 500)
 (18 492 456) (457 493 504 372) (458 504 494 264) (66 459 504 495)
 (374 460 505 507 496) (266 461 506 507 497) (504 37 462 498)
 (510 376 505 499 463) (500 268 506 510 464) (465 501 67 507 510)
 (466 511 513 502 378 508) (509 467 512 513 503 270) (9 492 468)
 (469 493 516 380) (470 516 494 272) (471 68 495 516) (517 382 519 472 496)
 (274 519 473 518 497) (498 516 474 38) (517 384 499 475 522)
 (500 276 522 518 476) (477 501 519 69 522) (386 478 520 523 525 502)
 (278 479 521 524 525 503) (504 19 480 516) (517 505 528 481 388)
 (518 506 528 482 280) (528 519 507 70 483) (390 520 484 529 531 508)
 (509 282 521 485 530 531) (486 528 522 39 510) (511 392 523 487 529 534)
 (512 284 524 488 530 534) (513 525 489 531 534 71)
 (514 394 526 490 532 535 537) (515 286 527 491 533 536 537) (432 2)
 (435 540 72) (540 438 50) (541 542 73 441) (540 40 444) (541 447 74 544)
 (51 542 544 450) (453 545 543 75 546) (540 20 456) (541 459 76 548)
 (41 544 462 548) (465 549 545 77 550) (10 540 468) (541 471 552 78)
 (42 544 474 552) (477 79 545 554 553) (552 480 21 548) (549 80 553 483 556)
 (486 43 556 554 550) (551 555 557 558 81 489) (5 540 492) (541 560 495 82)
 (560 544 44 498) (501 545 83 562 561) (560 504 22 548) (549 561 84 507 564)
 (510 564 45 562 550) (551 513 563 565 566 85) (560 11 552 516)
 (561 519 568 553 86) (568 554 562 522 46) (87 555 563 525 569 570)
 (564 528 568 23 556) (557 565 88 569 531 572) (558 566 570 572 534 47)
 (559 567 89 571 573 574 537) (432 1) (433 396 576) (434 576 288) (435 576 90)
 (577 436 579 398) (290 579 437 578) (576 438 52) (577 439 582 400)
 (578 292 440 582) (91 579 441 582) (585 402 580 583 442) (443 585 581 294 584)
 (576 24 456) (457 577 588 404) (458 588 578 296) (459 92 588 579)
 (580 460 589 406 591) (581 298 461 590 591) (576 12 468) (469 577 594 408)
 (470 300 594 578) (594 471 93 579) (410 580 472 597 595) (581 596 473 302 597)
 (25 594 588 480) (589 595 412 481 600) (600 596 482 590 304)
 (597 591 94 483 600) (598 601 603 484 414 592) (593 599 602 603 485 306)
 (6 576 492) (493 577 606 416) (494 308 606 578) (495 579 95 606)
 (609 418 580 496 607) (609 581 497 310 608) (26 588 504 606)
 (589 420 505 607 612) (612 608 506 590 312) (609 612 591 507 96)
 (422 610 613 615 508 592) (509 314 593 611 614 615) (594 13 606 516)
 (517 618 595 607 424) (518 316 618 596 608) (97 609 519 597 618)
 (598 426 520 610 619 621) (318 599 521 611 620 621) (612 27 528 618 600)
 (601 428 613 529 619 624) (624 320 602 614 620 530) (531 603 615 98 621 624)
 (625 627 604 430 532 616 622) (626 627 322 605 617 533 623) (3 576 540)
 (541 99 579 630) (53 542 582 630) (585 543 100 631 632) (588 28 630 548)
 (549 634 101 631 591) (594 552 14 630) (597 636 553 102 631)
 (634 600 29 636 556) (557 603 637 638 635 103) (7 560 606 630)
 (609 640 561 631 104) (634 612 640 30 564) (105 641 635 565 642 615)
 (618 568 636 15 640) (106 637 641 644 569 621) (638 31 642 644 572 624)
 (107 627 639 643 645 646 573) NIL (648 432) (648 324) (433 650 649) (648 216)
 (434 652 649) (648 108) (650 654 325) (217 652 654) (648 54) (435 649 657)
 (650 657 326) (651 436 659 658) (652 657 218) (661 653 437 658) (657 654 109)
 (327 663 655 659) (661 663 656 219) (648 48) (666 438 649) (650 666 328)
 (651 668 439 667) (652 220 666) (653 667 440 670) (110 654 666)
 (329 668 655 672) (221 656 670 672) (55 666 657) (667 675 658 441)
 (330 675 668 659) (676 677 442 669 660) (661 675 222 670)
 (443 662 676 679 671) (663 675 111 672) (673 681 331 664 677)
 (681 674 665 679 223) (648 32) (684 649 444) (650 684 332) (445 651 685 686)
 (652 684 224) (446 653 685 688) (654 112 684) (333 690 655 686)
 (225 690 656 688) (56 684 657) (693 447 685 658) (334 693 686 659)
 (448 695 694 687 660) (661 226 693 688) (689 662 697 449 694)
 (690 663 693 113) (699 335 664 691 695) (697 227 692 665 699) (49 666 684)
 (667 685 450 702) (702 668 336 686) (703 669 687 451 704) (702 228 670 688)
 (689 706 703 671 452) (690 702 114 672) (673 691 708 337 704)
 (674 692 229 708 706) (675 693 57 702) (453 711 676 694 703)
 (711 677 338 695 704) (678 705 712 713 454 696) (697 706 230 679 711)
 (698 680 707 455 712 715) (681 699 708 711 115) (700 339 682 709 713 717)
 (701 683 710 715 717 231) (648 16) (720 649 456) (650 720 340)
 (457 651 721 722) (652 720 232) (458 653 721 724) (720 654 116)
 (341 726 655 722) (233 726 656 724) (58 720 657) (729 459 721 658)
 (342 729 722 659) (460 731 730 723 660) (661 234 729 724)
 (725 662 461 730 733) (729 726 663 117) (343 664 735 727 731)
 (733 235 728 665 735) (33 720 684) (721 685 462 738) (344 686 738 722)
 (739 723 463 687 740) (724 236 738 688) (689 725 742 739 464)
 (690 118 738 726) (691 744 345 727 740) (744 742 728 692 237) (729 59 693 738)
 (465 747 694 739 730) (747 731 346 695 740) (749 466 732 741 696 748)
 (697 733 238 747 742) (698 751 467 734 743 748) (699 744 747 735 119)
 (749 700 753 736 347 745) (751 701 239 737 753 746) (648 8) (756 649 468)
 (650 756 348) (469 757 651 758) (652 756 240) (757 470 653 760) (654 756 120)
 (349 758 655 762) (241 760 656 762) (60 657 756) (757 765 471 658)
 (765 350 659 758) (766 759 472 767 660) (661 242 760 765)
 (662 473 761 769 766) (121 765 663 762) (771 351 664 767 763)
 (769 243 665 771 764) (34 684 756) (757 774 685 474) (758 352 686 774)
 (776 759 775 475 687) (774 244 760 688) (689 775 761 778 476)
 (690 774 762 122) (691 776 353 763 780) (780 692 245 778 764) (765 61 693 774)
 (477 766 775 783 694) (783 767 776 354 695) (768 478 777 784 785 696)
 (697 783 769 246 778) (698 770 479 779 784 787) (699 783 123 771 780)
 (700 772 781 785 355 789) (701 247 773 782 787 789) (17 720 756)
 (757 792 480 721) (758 792 722 356) (793 759 481 794 723) (792 248 760 724)
 (725 793 761 482 796) (792 726 124 762) (357 798 727 794 763)
 (249 796 728 798 764) (765 792 729 62) (766 793 730 483 801)
 (358 767 801 794 731) (768 802 803 484 732 795) (733 250 769 801 796)
 (797 802 805 485 734 770) (798 735 125 771 801) (799 803 772 807 736 359)
 (800 773 251 805 737 807) (774 35 792 738) (486 775 793 810 739)
 (776 810 360 794 740) (777 811 812 487 741 795) (742 810 252 778 796)
 (797 811 814 488 779 743) (798 810 744 126 780) (799 745 812 781 816 361)
 (800 814 253 782 816 746) (783 801 63 747 810) (802 811 784 489 819 748)
 (749 803 812 785 819 362) (750 804 813 490 820 821 786)
 (751 787 805 254 814 819) (752 806 788 815 491 820 823)
 (753 807 816 819 789 127) (754 808 817 821 790 825 363)
 (755 809 255 818 791 825 823) (648 4) (828 649 492) (650 828 364)
 (493 829 651 830) (652 828 256) (829 494 653 832) (654 828 128)
 (365 830 655 834) (257 832 656 834) (828 657 64) (829 837 495 658)
 (837 366 659 830) (838 831 496 839 660) (661 258 832 837)
 (662 497 841 833 838) (129 837 663 834) (843 367 664 839 835)
 (841 259 665 843 836) (684 36 828) (829 846 685 498) (830 368 686 846)
 (848 831 847 499 687) (832 846 260 688) (689 847 833 850 500)
 (690 846 834 130) (691 848 369 835 852) (852 692 261 850 836) (65 837 693 846)
 (501 838 847 855 694) (855 839 848 370 695) (840 849 502 856 857 696)
 (697 855 841 262 850) (698 842 851 503 856 859) (699 855 131 843 852)
 (861 700 844 371 853 857) (861 701 845 263 854 859) (18 720 828)
 (829 504 721 864) (830 864 722 372) (865 831 505 866 723) (832 264 864 724)
 (725 865 833 506 868) (726 132 864 834) (373 870 727 866 835)
 (265 870 728 868 836) (837 66 864 729) (838 873 865 730 507)
 (374 839 873 866 731) (867 840 874 875 732 508) (733 266 873 841 868)
 (509 869 842 874 877 734) (870 735 873 133 843) (871 875 844 879 736 375)
 (877 872 845 879 737 267) (846 864 37 738) (510 847 865 882 739)
 (848 882 376 866 740) (511 867 849 883 884 741) (882 742 268 850 868)
 (512 851 869 883 886 743) (882 870 744 134 852) (745 871 884 853 888 377)
 (872 886 854 888 269 746) (67 873 855 747 882) (513 874 883 856 891 748)
 (749 875 884 857 378 891) (893 750 514 876 885 858 892)
 (751 877 891 886 270 859) (895 752 515 878 887 860 892)
 (861 753 135 879 888 891) (893 862 897 754 880 889 379)
 (863 897 755 895 881 890 271) (9 828 756) (757 829 900 516) (758 900 830 380)
 (517 901 759 831 902) (832 760 900 272) (901 518 904 761 833)
 (900 834 762 136) (381 902 835 763 906) (273 906 836 904 764) (765 837 68 900)
 (901 766 519 909 838) (909 382 767 839 902) (520 903 840 910 911 768)
 (909 274 904 769 841) (770 521 905 842 910 913) (137 909 843 771 906)
 (383 772 907 844 911 915) (275 773 908 845 913 915) (774 900 38 846)
 (901 918 775 847 522) (848 384 776 918 902) (903 777 523 849 919 920)
 (918 904 276 778 850) (905 779 524 851 919 922) (138 852 906 918 780)
 (385 907 781 853 920 924) (277 908 782 854 922 924) (909 918 783 69 855)
 (927 525 910 784 919 856) (927 386 911 785 920 857)
 (928 929 526 912 786 921 858) (927 278 913 787 922 859)
 (928 931 527 914 788 923 860) (861 927 139 915 789 924)
 (925 862 929 387 933 916 790) (926 863 931 279 933 917 791) (19 792 864 900)
 (901 865 528 793 936) (866 902 936 794 388) (867 903 937 938 529 795)
 (280 868 904 936 796) (797 869 905 937 940 530) (798 140 906 936 870)
 (799 389 871 938 907 942) (800 281 872 940 942 908) (909 873 936 801 70)
 (802 937 874 910 945 531) (803 390 938 875 911 945)
 (804 939 876 912 946 947 532) (805 282 940 877 913 945)
 (806 941 878 949 946 533 914) (807 141 942 879 945 915)
 (391 808 943 880 947 916 951) (283 809 949 944 881 917 951)
 (918 936 810 39 882) (937 811 883 534 919 954) (392 938 812 884 920 954)
 (939 813 885 535 921 955 956) (284 922 814 886 940 954)
 (958 941 815 923 887 536 955) (142 942 816 888 954 924)
 (925 960 393 943 817 889 956) (958 960 926 285 944 818 890)
 (927 945 891 819 954 71) (928 963 946 820 537 955 892)
 (893 929 963 394 947 821 956) (957 894 930 964 965 948 822 538)
 (958 895 963 931 286 949 823) (959 896 932 967 964 950 824 539)
 (960 897 963 933 143 951 825) (961 898 965 934 969 395 952 826)
 (962 899 935 969 287 953 967 827) (648 2) (972 649 540) (972 654 144)
 (72 972 657) (541 973 658 975) (663 145 974 975) (666 972 50)
 (542 667 973 978) (978 974 146 672) (978 675 73 975) (543 676 981 979 976)
 (681 977 980 981 147) (972 684 40) (973 544 685 984) (690 984 974 148)
 (74 693 975 984) (985 987 545 694 976) (149 977 699 987 986) (51 978 702 984)
 (985 979 546 703 990) (150 708 980 990 986) (981 987 75 990 711)
 (982 988 991 712 993 547) (983 989 992 993 717 151) (20 972 720)
 (973 996 721 548) (726 152 996 974) (996 729 76 975) (549 997 730 999 976)
 (977 735 153 998 999) (41 996 738 984) (985 550 997 739 1002)
 (1002 986 744 154 998) (999 1002 987 77 747) (551 988 1000 1003 1005 748)
 (753 989 1001 1004 1005 155) (10 972 756) (757 552 973 1008)
 (974 1008 762 156) (765 1008 975 78) (1009 766 1011 553 976)
 (157 977 1011 771 1010) (774 984 1008 42) (985 1009 775 554 1014)
 (986 158 1010 1014 780) (79 1014 783 987 1011) (1012 1015 555 1017 988 784)
 (159 1013 1016 1017 989 789) (792 21 996 1008) (1009 997 1020 793 556)
 (1020 798 160 998 1010) (80 1011 1020 801 999) (1012 802 557 1021 1023 1000)
 (1013 807 1022 1023 1001 161) (1002 43 1020 810 1014)
 (1015 558 1021 811 1026 1003) (162 1016 1022 1026 816 1004)
 (1017 81 1023 1026 819 1005) (1018 559 1024 1027 1029 820 1006)
 (163 1019 1025 1028 1029 825 1007) (5 972 828) (829 560 973 1032)
 (974 1032 834 164) (837 82 975 1032) (1033 838 1035 561 976)
 (165 977 1035 843 1034) (846 44 1032 984) (985 1033 847 562 1038)
 (986 166 1034 1038 852) (1038 855 83 987 1035) (1041 1036 988 563 856 1039)
 (861 1041 167 989 1037 1040) (864 996 22 1032) (1033 997 1044 865 564)
 (870 168 998 1044 1034) (1035 1044 873 84 999) (1045 1047 874 565 1000 1036)
 (1046 1047 169 879 1001 1037) (1002 1044 45 882 1038)
 (1045 1050 566 883 1003 1039) (1004 1046 1050 170 888 1040)
 (1041 1047 1050 85 1005 891) (1042 1048 1051 1053 567 1006 892)
 (1043 897 1049 1052 1053 171 1007) (11 1008 1032 900) (901 1009 568 1033 1056)
 (1010 1056 1034 906 172) (909 1011 1056 1035 86) (1012 1057 910 1059 569 1036)
 (1013 173 1058 1059 915 1037) (918 1056 1038 46 1014)
 (1015 1057 1062 919 1039 570) (1058 1016 174 1062 924 1040)
 (1041 927 1017 87 1059 1062) (1042 928 571 1018 1060 1063 1065)
 (1043 933 1019 175 1061 1064 1065) (1044 936 1020 23 1056)
 (1045 937 1021 1057 572 1068) (1046 1058 1022 942 176 1068)
 (1047 1023 88 1059 945 1068) (1048 1024 1060 946 573 1069 1071)
 (1049 1025 177 1061 951 1070 1071) (1050 1026 1062 1068 954 47)
 (1074 1051 1027 1063 574 1069 955) (1074 960 1052 1028 178 1064 1070)
 (1074 963 1053 89 1029 1065 1071) (1075 1077 964 1054 1030 1066 575 1072)
 (1073 1076 1077 179 969 1055 1031 1067) NIL (1080 648) (1080 432)
 (1081 649 1082) (1080 324) (650 1081 1084) (433 1084 1082)
 (651 1085 1086 1083) (1080 216) (652 1081 1088) (434 1088 1082)
 (653 1089 1090 1083) (1080 108) (1081 654 1092) (325 1084 1092)
 (655 1085 1093 1094) (217 1088 1092) (656 1089 1093 1096) (1080 54)
 (1081 657 1098) (435 1082 1098) (1099 658 1083 1100) (1084 1098 326)
 (1102 1085 1099 659) (1102 436 1086 1100) (1101 1103 1104 1087 660)
 (1088 218 1098) (661 1089 1106 1099) (1106 437 1090 1100)
 (1101 662 1107 1091 1108) (109 1092 1098) (1110 663 1099 1093)
 (327 1102 1110 1094) (1095 1112 1103 664 1111) (1096 1106 219 1110)
 (1097 665 1111 1107 1114) (1080 48) (666 1081 1116) (1116 438 1082)
 (667 1117 1118 1083) (1116 1084 328) (1117 668 1085 1120) (1120 439 1086 1118)
 (1121 1122 669 1119 1087) (1116 220 1088) (1117 1124 1089 670)
 (1124 1118 1090 440) (1119 1125 671 1091 1126) (110 1116 1092)
 (1128 1117 1093 672) (329 1128 1120 1094) (1095 673 1130 1121 1129)
 (1096 1124 221 1128) (1129 674 1097 1132 1125) (55 1116 1098)
 (675 1117 1134 1099) (1134 1118 441 1100) (1101 676 1135 1119 1136)
 (1102 1120 1134 330) (1121 1138 1103 677 1135) (1136 1122 1104 1138 442)
 (1137 1139 1140 678 1123 1105) (1124 1134 1106 222) (1135 1125 679 1107 1142)
 (443 1142 1136 1126 1108) (1109 1137 1143 1144 680 1127) (1110 111 1134 1128)
 (681 1129 1111 1135 1146) (1146 1130 331 1112 1138)
 (1139 1113 682 1147 1148 1131) (1146 1132 1114 223 1142)
 (1115 1143 683 1150 1133 1147) (1080 32) (1081 684 1152) (1152 1082 444)
 (1153 1154 685 1083) (1084 1152 332) (1153 1156 1085 686) (445 1154 1156 1086)
 (1155 1157 687 1087 1158) (1088 1152 224) (1153 1160 1089 688)
 (446 1160 1090 1154) (689 1161 1155 1091 1162) (112 1092 1152)
 (1153 690 1164 1093) (333 1156 1164 1094) (1095 1165 691 1157 1166)
 (225 1096 1164 1160) (1161 1097 692 1165 1168) (56 1098 1152)
 (1153 1170 693 1099) (1154 447 1170 1100) (1101 1171 1155 1172 694)
 (1170 1102 1156 334) (1103 1157 1171 695 1174) (1174 1104 1172 448 1158)
 (1173 1175 1176 1105 1159 696) (226 1170 1106 1160) (697 1161 1171 1107 1178)
 (1178 1162 1172 449 1108) (1109 698 1163 1173 1179 1180) (1110 1164 113 1170)
 (1171 1111 1165 699 1182) (1182 335 1112 1166 1174)
 (700 1113 1167 1175 1183 1184) (1178 227 1182 1114 1168)
 (701 1115 1169 1179 1183 1186) (49 1116 1152) (1153 1188 1117 702)
 (1154 1188 1118 450) (1155 1189 703 1119 1190) (336 1188 1156 1120)
 (1121 1189 1192 1157 704) (1122 1192 1158 451 1190)
 (1193 1194 705 1123 1159 1191) (1124 228 1188 1160) (1161 706 1196 1125 1189)
 (1196 1162 1190 1126 452) (1163 1197 1198 707 1127 1191) (1164 1188 114 1128)
 (1129 1189 708 1165 1200) (1130 1200 337 1166 1192)
 (1193 1167 1201 1202 709 1131) (1196 1200 1132 229 1168)
 (1197 1169 1204 710 1201 1133) (1170 57 1188 1134) (1171 1189 711 1135 1206)
 (453 1172 1206 1190 1136) (1137 1173 1207 1208 712 1191)
 (1138 1192 1206 338 1174) (1193 1139 1207 713 1210 1175)
 (1194 1140 1210 1208 454 1176) (1209 1195 1141 1177 714 1211 1212)
 (1178 1196 1206 1142 230) (1197 1143 1179 1207 715 1214)
 (1198 1144 1208 455 1180 1214) (1199 1145 1209 716 1181 1215 1216)
 (1146 1206 1182 115 1200) (1201 1147 1207 717 1183 1218)
 (339 1202 1148 1210 1184 1218) (1203 1149 1211 718 1185 1219 1220)
 (1204 1150 1214 1218 1186 231) (719 1205 1151 1222 1215 1219 1187) (1080 16)
 (1081 720 1224) (1224 1082 456) (1225 1226 721 1083) (1224 1084 340)
 (1225 1228 1085 722) (457 1226 1228 1086) (1227 1229 723 1087 1230)
 (1224 1088 232) (1225 1232 1089 724) (458 1232 1090 1226)
 (725 1233 1227 1091 1234) (116 1092 1224) (1225 726 1236 1093)
 (341 1236 1228 1094) (1095 1237 727 1229 1238) (233 1096 1236 1232)
 (1233 1097 728 1237 1240) (58 1098 1224) (1225 1242 729 1099)
 (1226 459 1242 1100) (1101 1244 1227 1243 730) (1102 1228 1242 342)
 (1103 1229 1243 731 1246) (1244 460 1104 1230 1246)
 (1105 1231 732 1245 1247 1248) (234 1242 1106 1232) (733 1233 1243 1107 1250)
 (1250 1234 1244 461 1108) (1109 1251 1252 734 1235 1245) (1110 1236 117 1242)
 (1111 1243 1237 735 1254) (1254 343 1112 1238 1246)
 (1113 1255 1256 736 1239 1247) (1254 1250 235 1114 1240)
 (1251 1115 1255 1258 737 1241) (33 1224 1152) (1153 1225 1260 738)
 (1154 1260 462 1226) (1155 1261 1227 739 1262) (1228 344 1156 1260)
 (1229 1261 1264 1157 740) (1262 1264 1158 463 1230)
 (1231 1265 1266 1263 741 1159) (1232 236 1260 1160) (1161 742 1268 1261 1233)
 (1162 1268 1234 1262 464) (1163 1263 1235 1269 1270 743) (1236 1164 1260 118)
 (1237 1261 744 1165 1272) (1272 1264 345 1166 1238)
 (1167 1265 1239 1273 1274 745) (1272 1240 237 1268 1168)
 (1169 1273 1269 1241 1276 746) (1170 59 1260 1242) (1171 1261 1243 747 1278)
 (465 1244 1172 1262 1278) (1173 1263 748 1245 1279 1280)
 (1278 1264 1246 1174 346) (749 1282 1175 1265 1279 1247)
 (466 1282 1176 1266 1280 1248) (1249 750 1283 1284 1177 1267 1281)
 (1278 1178 1268 238 1250) (751 1286 1251 1179 1269 1279)
 (467 1252 1286 1180 1270 1280) (1281 752 1253 1287 1288 1181 1271)
 (1278 1272 1182 119 1254) (753 1255 1290 1183 1273 1279)
 (1282 1256 1290 347 1184 1274) (1283 754 1257 1291 1292 1185 1275)
 (1286 1290 239 1258 1186 1276) (1287 755 1291 1294 1187 1277 1259) (1080 8)
 (1081 1296 756) (1296 1082 468) (757 1297 1083 1298) (1296 1084 348)
 (1297 758 1300 1085) (469 1298 1300 1086) (759 1301 1299 1087 1302)
 (1296 1088 240) (1297 760 1089 1304) (470 1304 1090 1298)
 (1305 1306 1299 761 1091) (1296 1092 120) (1297 1308 762 1093)
 (349 1308 1300 1094) (1095 1309 1301 1310 763) (241 1096 1308 1304)
 (1305 1097 1312 1309 764) (60 1098 1296) (765 1297 1099 1314)
 (1298 471 1314 1100) (1101 766 1299 1316 1315) (1102 1300 1314 350)
 (1103 1315 1301 767 1318) (1316 1104 1302 1318 472)
 (768 1303 1317 1319 1320 1105) (242 1106 1314 1304) (1305 1322 1315 769 1107)
 (1306 1316 473 1322 1108) (1109 770 1307 1317 1323 1324) (121 1110 1308 1314)
 (1111 1309 1315 771 1326) (351 1112 1310 1326 1318)
 (1113 772 1311 1319 1327 1328) (1322 243 1114 1326 1312)
 (1330 1115 773 1313 1323 1327) (34 1296 1152) (1153 774 1332 1297)
 (1154 1332 474 1298) (1333 1155 1299 775 1334) (1332 1300 1156 352)
 (1301 776 1157 1333 1336) (1336 1334 1158 475 1302)
 (1303 1335 1337 1338 777 1159) (1332 1304 244 1160) (1161 1305 1340 1333 778)
 (1162 1340 1334 1306 476) (1163 1335 1307 1341 1342 779) (1332 122 1308 1164)
 (1309 1344 1165 1333 780) (1344 1336 353 1166 1310)
 (1345 1167 1337 1311 781 1346) (1340 1344 1312 245 1168)
 (1345 1169 1341 1313 782 1348) (1170 1332 61 1314) (1333 1171 1315 783 1350)
 (477 1316 1172 1334 1350) (1335 1173 784 1317 1351 1352)
 (1336 1350 1174 1318 354) (1319 1337 1175 785 1351 1354)
 (1338 478 1320 1176 1352 1354) (1339 1177 1353 786 1321 1355 1356)
 (1178 1340 1350 246 1322) (787 1341 1179 1351 1323 1358)
 (479 1342 1180 1352 1324 1358) (1343 1181 788 1353 1325 1359 1360)
 (123 1344 1350 1182 1326) (1362 1183 1345 1351 789 1327)
 (1362 1346 355 1184 1354 1328) (1329 1363 1364 1347 1185 790 1355)
 (1362 247 1330 1348 1186 1358) (1331 1366 1363 1349 1187 791 1359)
 (17 1296 1224) (1225 1297 792 1368) (1226 480 1368 1298)
 (1369 1370 1227 793 1299) (1300 1228 1368 356) (1369 1301 1372 1229 794)
 (1370 1372 481 1230 1302) (1303 1371 1373 1374 1231 795) (1304 248 1368 1232)
 (1233 1305 1369 1376 796) (1370 1234 1376 482 1306)
 (797 1307 1377 1378 1235 1371) (1308 1236 124 1368) (1309 798 1369 1380 1237)
 (357 1372 1380 1238 1310) (799 1373 1311 1381 1382 1239)
 (249 1312 1376 1380 1240) (1377 800 1313 1381 1384 1241) (1242 1368 62 1314)
 (1369 1386 1243 801 1315) (1370 1316 1244 483 1386)
 (802 1371 1317 1387 1388 1245) (1386 358 1372 1246 1318)
 (803 1373 1319 1387 1390 1247) (1374 484 1320 1388 1390 1248)
 (1249 804 1375 1321 1389 1391 1392) (1386 1250 1376 1322 250)
 (1394 1251 805 1377 1323 1387) (1394 1252 1388 485 1378 1324)
 (1389 1396 1253 806 1395 1379 1325) (1386 1380 125 1254 1326)
 (1398 1255 807 1381 1387 1327) (1398 1256 1382 359 1390 1328)
 (1329 1399 1400 1257 808 1383 1391) (1394 1398 1330 1258 251 1384)
 (1331 1399 1402 1259 809 1395 1385) (1332 35 1260 1368)
 (1369 1333 1404 1261 810) (1370 486 1404 1262 1334)
 (1335 1371 1405 1406 811 1263) (1336 360 1372 1404 1264)
 (1337 1373 1405 1408 1265 812) (1406 1338 1374 1408 1266 487)
 (1409 1339 1375 813 1410 1267 1407) (1340 1268 1404 252 1376)
 (1341 1405 1377 814 1412 1269) (1406 488 1378 1412 1270 1342)
 (1379 1407 815 1413 1343 1271 1414) (1404 1344 1380 126 1272)
 (1405 1345 816 1381 1416 1273) (1408 1346 1382 1416 1274 361)
 (1409 1347 817 1383 1417 1418 1275) (1384 253 1348 1412 1416 1276)
 (1417 1349 818 1385 1413 1420 1277) (1386 1404 1278 63 1350)
 (819 1405 1351 1387 1422 1279) (1406 489 1352 1388 1422 1280)
 (1281 1407 820 1353 1389 1423 1424) (1282 1422 1408 1354 362 1390)
 (1426 1283 1409 1423 821 1355 1391) (1426 1284 1410 490 1356 1392 1424)
 (1393 1425 1427 1428 1285 1411 822 1357) (1394 1286 254 1422 1412 1358)
 (1395 1430 1287 1413 1359 823 1423) (1396 1430 1288 1414 491 1360 1424)
 (1361 1425 1397 1431 1432 1289 1415 824) (1362 1398 1290 1416 1422 127)
 (1363 1399 1434 1291 1417 825 1423) (1426 1364 1400 1434 1292 1418 363)
 (1427 1365 1401 1435 1436 1293 1419 826) (1430 1402 1294 255 1434 1420 1366)
 (1367 1431 1403 1438 1295 1421 1435 827) (1080 4) (1081 1440 828)
 (1440 1082 492) (829 1441 1083 1442) (1084 1440 364) (1441 830 1444 1085)
 (493 1442 1444 1086) (831 1445 1443 1087 1446) (1088 1440 256)
 (1441 832 1089 1448) (494 1448 1090 1442) (1449 1450 1443 833 1091)
 (1440 1092 128) (1441 1452 834 1093) (365 1444 1452 1094)
 (1095 1453 1445 1454 835) (257 1096 1452 1448) (1449 1097 1456 1453 836)
 (1440 1098 64) (837 1441 1099 1458) (1442 495 1458 1100)
 (1101 838 1443 1460 1459) (1102 1444 1458 366) (1103 1459 1445 839 1462)
 (1460 496 1104 1446 1462) (1461 1463 1464 840 1447 1105) (258 1458 1106 1448)
 (1449 1466 1459 841 1107) (1450 1460 497 1466 1108)
 (1109 1461 1467 1468 842 1451) (129 1110 1452 1458) (1111 1453 1459 843 1470)
 (367 1112 1470 1454 1462) (1113 1463 1471 1472 844 1455)
 (1466 259 1470 1114 1456) (1457 1115 1467 1471 845 1474) (36 1440 1152)
 (1153 846 1476 1441) (1154 1476 498 1442) (1443 1155 1477 847 1478)
 (368 1476 1156 1444) (1445 848 1157 1477 1480) (1480 1478 1158 499 1446)
 (1447 849 1479 1481 1482 1159) (1476 260 1448 1160) (1161 1449 1484 1477 850)
 (1484 1162 1450 1478 500) (1163 851 1479 1451 1485 1486) (1476 130 1164 1452)
 (1453 1488 1165 1477 852) (1488 1480 369 1166 1454)
 (1489 1490 1167 1481 853 1455) (1484 1488 1456 261 1168)
 (1457 1489 1492 1169 854 1485) (65 1170 1476 1458) (1477 1171 1459 855 1494)
 (501 1460 1172 1478 1494) (1461 1495 1496 1173 1479 856)
 (1494 1480 1462 1174 370) (1463 1495 1498 1175 1481 857)
 (1464 1498 1496 1176 1482 502) (1465 1499 1500 1177 1497 1483 858)
 (1494 1178 1484 262 1466) (1495 1467 1502 1179 1485 859)
 (1496 1468 1502 1180 503 1486) (1497 1469 1503 1504 1181 1487 860)
 (1494 131 1488 1182 1470) (861 1489 1495 1471 1506 1183)
 (1490 1498 1472 1506 371 1184) (862 1491 1499 1473 1507 1508 1185)
 (1492 1474 1502 1506 263 1186) (863 1493 1475 1503 1507 1510 1187)
 (18 1440 1224) (1225 1441 864 1512) (1226 504 1512 1442)
 (1513 1514 1227 865 1443) (1512 1228 1444 372) (1513 1445 1516 1229 866)
 (1514 1516 505 1230 1446) (867 1231 1447 1515 1517 1518) (1512 264 1448 1232)
 (1233 1449 1520 1513 868) (1234 1514 1520 506 1450)
 (1521 1522 869 1235 1515 1451) (1512 1236 1452 132) (1513 870 1524 1237 1453)
 (373 1524 1516 1238 1454) (1525 1526 871 1239 1517 1455)
 (265 1520 1524 1456 1240) (1457 1521 1525 1528 872 1241) (1242 1512 1458 66)
 (1513 1530 1243 873 1459) (1460 1514 1244 507 1530)
 (1461 1531 1532 874 1515 1245) (374 1516 1246 1530 1462)
 (1463 1531 1534 875 1517 1247) (1464 1532 1534 1248 1518 508)
 (1249 1465 1533 1535 876 1536 1519) (1250 1520 1466 1530 266)
 (1521 1251 1531 877 1538 1467) (509 1522 1252 1468 1538 1532)
 (1523 1253 1469 1533 878 1539 1540) (1530 1524 133 1254 1470)
 (1525 1255 1531 1471 879 1542) (1526 1256 1534 1472 1542 375)
 (1527 1257 1535 1473 880 1543 1544) (1474 1528 1258 1538 1542 267)
 (1529 1259 1539 1475 881 1543 1546) (1476 1260 37 1512)
 (1513 1477 1548 1261 882) (510 1548 1514 1262 1478)
 (883 1263 1479 1515 1549 1550) (1480 1516 1548 376 1264)
 (1517 1265 884 1481 1549 1552) (511 1550 1266 1482 1518 1552)
 (1553 1554 1267 1519 885 1483 1551) (1484 1520 1548 1268 268)
 (1521 1556 1485 1269 886 1549) (1522 512 1486 1556 1270 1550)
 (1523 1557 1558 1551 1271 887 1487) (1524 1488 1548 134 1272)
 (1489 1525 1560 1273 888 1549) (1490 1526 1560 1274 377 1552)
 (1553 1491 1527 1561 1562 1275 889) (1492 1560 1528 1556 1276 269)
 (1493 1529 1564 1561 1557 1277 890) (1530 67 1548 1278 1494)
 (1495 1531 1566 1279 1549 891) (513 1496 1532 1566 1550 1280)
 (1281 1497 1533 1567 1568 1551 892) (1282 1498 1566 1534 378 1552)
 (893 1553 1283 1499 1567 1570 1535) (1554 1284 514 1500 1568 1570 1536)
 (894 1555 1285 1569 1501 1537 1571 1572) (1556 1286 1566 1502 1538 270)
 (895 1557 1287 1567 1539 1503 1574) (1558 515 1288 1568 1540 1574 1504)
 (1569 896 1559 1289 1505 1541 1575 1576) (135 1560 1290 1566 1506 1542)
 (897 1561 1291 1567 1507 1543 1578) (1562 1292 1570 1508 1544 1578 379)
 (898 1563 1293 1571 1509 1545 1579 1580) (1564 1294 1574 1578 1546 271 1510)
 (1511 899 1565 1295 1582 1575 1547 1579) (9 1440 1296) (1297 1441 1584 900)
 (1298 1442 1584 516) (901 1585 1299 1443 1586) (1584 1300 1444 380)
 (1585 902 1588 1301 1445) (517 1586 1588 1302 1446)
 (1587 1589 1590 1303 903 1447) (1584 272 1448 1304) (1305 1449 1585 904 1592)
 (1586 1306 1450 1592 518) (1587 1593 1594 1307 905 1451) (1584 1308 1452 136)
 (1585 1453 1596 1309 906) (381 1588 1596 1310 1454)
 (1589 1597 1598 907 1311 1455) (273 1456 1592 1596 1312)
 (1457 1593 1597 1600 1313 908) (1314 68 1584 1458) (909 1585 1315 1459 1602)
 (1460 1586 519 1316 1602) (1587 1461 910 1603 1604 1317)
 (1602 382 1588 1318 1462) (1589 1463 911 1603 1606 1319)
 (1590 1464 520 1604 1606 1320) (1591 1465 912 1605 1607 1608 1321)
 (1602 1322 1592 1466 274) (1593 1467 1603 913 1610 1323)
 (1594 1468 521 1604 1610 1324) (1595 1469 1605 914 1611 1612 1325)
 (137 1602 1596 1326 1470) (1597 1471 1603 915 1614 1327)
 (383 1598 1472 1606 1614 1328) (1329 1599 1473 1607 916 1615 1616)
 (1330 275 1600 1474 1610 1614) (1618 1331 1601 1475 917 1611 1615)
 (1476 1332 38 1584) (1585 918 1620 1333 1477) (1586 1620 1478 1334 522)
 (1587 1621 1622 1335 1479 919) (1480 384 1588 1620 1336)
 (1589 1624 1337 1481 1621 920) (1622 1624 1338 523 1482 1590)
 (1623 1591 1625 1626 1339 1483 921) (276 1484 1340 1620 1592)
 (1621 1593 1628 1341 1485 922) (1622 1594 1628 1342 524 1486)
 (1623 1595 1629 1630 1343 923 1487) (138 1488 1596 1620 1344)
 (1489 1621 1597 1632 1345 924) (1490 385 1624 1598 1632 1346)
 (925 1491 1625 1599 1633 1634 1347) (1492 277 1628 1632 1348 1600)
 (926 1493 1633 1629 1601 1636 1349) (1602 1620 69 1350 1494)
 (927 1621 1495 1603 1638 1351) (1622 1496 525 1604 1638 1352)
 (928 1623 1497 1605 1639 1640 1353) (386 1624 1498 1606 1354 1638)
 (929 1639 1625 1499 1607 1642 1355) (1500 1626 1608 526 1640 1642 1356)
 (930 1627 1501 1641 1609 1643 1644 1357) (278 1628 1502 1638 1610 1358)
 (931 1629 1503 1639 1611 1646 1359) (1630 1504 527 1640 1612 1646 1360)
 (1361 932 1631 1505 1641 1613 1647 1648) (1362 139 1632 1506 1638 1614)
 (1650 1363 933 1633 1507 1639 1615) (1650 1364 387 1634 1508 1642 1616)
 (1617 1651 1652 1365 934 1635 1509 1643) (1618 1366 279 1650 1636 1510 1646)
 (1619 1654 1367 935 1651 1637 1511 1647) (1584 19 1512 1368)
 (1369 1513 1585 936 1656) (1586 1370 528 1656 1514)
 (1587 1657 1658 1371 937 1515) (1516 1372 1588 1656 388)
 (1589 1657 1660 1373 938 1517) (1590 1658 1660 1374 529 1518)
 (1591 1659 1661 1662 939 1375 1519) (1520 280 1592 1656 1376)
 (1521 1593 1664 1377 1657 940) (1522 1594 1664 1378 530 1658)
 (1665 1523 1659 941 1666 1379 1595) (1524 1380 1596 1656 140)
 (1525 1657 1597 942 1668 1381) (1526 389 1660 1598 1668 1382)
 (1527 1661 1599 943 1669 1670 1383) (1528 281 1600 1668 1384 1664)
 (1665 1529 1601 944 1669 1672 1385) (1602 1386 1656 70 1530)
 (1657 1531 1603 945 1674 1387) (1658 1532 1604 531 1674 1388)
 (1659 1533 1605 946 1675 1676 1389) (390 1660 1534 1606 1674 1390)
 (947 1661 1535 1607 1675 1678 1391) (1608 1662 1536 532 1676 1678 1392)
 (1393 1663 1537 948 1609 1677 1679 1680) (1394 282 1664 1538 1674 1610)
 (1682 1395 1665 1539 949 1675 1611) (1682 1396 1666 1540 1676 533 1612)
 (1683 1684 1397 1677 1667 1541 950 1613) (1398 141 1668 1542 1674 1614)
 (1686 1399 1669 1543 951 1675 1615) (1686 1400 391 1670 1544 1678 1616)
 (1617 1687 1688 1401 1671 1545 952 1679) (1618 1686 1682 1402 283 1672 1546)
 (1683 1687 1690 1403 1619 1673 1547 953) (1548 1404 1620 39 1656)
 (1621 1657 1692 1405 1549 954) (1622 1658 1692 1406 534 1550)
 (1623 1659 1693 1694 1407 955 1551) (392 1624 1692 1408 1660 1552)
 (1553 1625 1693 1661 1696 1409 956) (1554 1626 1694 1662 1410 535 1696)
 (957 1555 1627 1695 1697 1698 1411 1663) (1556 284 1664 1412 1628 1692)
 (958 1557 1693 1629 1665 1700 1413) (1558 1630 1694 1666 1700 1414 536)
 (959 1559 1695 1667 1701 1631 1415 1702) (1560 1692 142 1632 1668 1416)
 (960 1561 1693 1633 1669 1704 1417) (1562 393 1696 1634 1670 1704 1418)
 (961 1563 1697 1635 1671 1705 1706 1419) (1636 1564 285 1700 1672 1420 1704)
 (962 1565 1705 1637 1673 1701 1708 1421) (1692 1566 1638 1674 1422 71)
 (963 1693 1567 1639 1675 1710 1423) (1694 1568 1640 1676 537 1710 1424)
 (1425 964 1695 1569 1641 1677 1711 1712) (1426 394 1696 1570 1710 1642 1678)
 (1714 1427 965 1697 1571 1711 1643 1679)
 (1714 1428 1712 1698 1572 1644 538 1680)
 (1681 1713 1715 1716 1429 966 1699 1573 1645)
 (1682 1430 286 1710 1700 1574 1646) (1683 1718 1431 967 1701 1711 1575 1647)
 (1684 1718 1432 1702 1576 1712 539 1648)
 (1649 1713 1685 1719 1720 1433 968 1703 1577)
 (1650 1686 1434 143 1704 1578 1710) (1651 1687 1722 1435 969 1705 1579 1711)
 (1714 1652 1688 1722 1436 395 1706 1580)
 (1715 1653 1689 1723 1724 1437 970 1707 1581)
 (1654 1690 1438 287 1722 1708 1582 1718)
 (1719 1655 1691 1726 971 1439 1709 1723 1583) (1080 2) (1081 972 1728)
 (1728 1082 540) (1729 1730 973 1083) (144 1092 1728) (1729 1732 974 1093)
 (72 1098 1728) (1729 975 1099 1734) (541 1730 1734 1100)
 (1101 1731 1736 1735 976) (1110 1732 145 1734) (977 1738 1111 1733 1735)
 (1116 1728 50) (1729 978 1740 1117) (542 1740 1118 1730)
 (979 1741 1731 1119 1742) (1740 1732 146 1128) (1129 1741 980 1733 1744)
 (73 1740 1134 1734) (1741 981 1735 1135 1746) (1746 543 1736 1742 1136)
 (1137 982 1737 1743 1747 1748) (1146 1744 1746 147 1738)
 (983 1147 1739 1745 1747 1750) (40 1728 1152) (1153 1729 1752 984)
 (1154 544 1752 1730) (985 1753 1155 1731 1754) (1752 1164 1732 148)
 (1753 986 1756 1165 1733) (1170 74 1734 1752) (1753 1171 987 1735 1758)
 (1754 1172 545 1758 1736) (1755 1759 1760 988 1173 1737)
 (149 1738 1756 1182 1758) (1757 1759 1762 989 1739 1183) (51 1188 1752 1740)
 (1753 1741 1764 1189 990) (1764 1754 1742 1190 546)
 (1755 1765 1766 991 1743 1191) (1756 150 1764 1744 1200)
 (1757 1201 1765 1768 1745 992) (1746 1764 75 1206 1758)
 (1759 1765 1207 993 1770 1747) (1760 1766 1208 1770 1748 547)
 (1761 1767 1209 994 1771 1772 1749) (1762 1768 1770 1218 151 1750)
 (1763 995 1769 1771 1774 1219 1751) (20 1728 1224) (1225 1729 996 1776)
 (1776 1226 1730 548) (1777 1778 1227 997 1731) (1776 152 1236 1732)
 (1777 1733 1780 1237 998) (1242 1776 76 1734) (1777 1243 1735 999 1782)
 (549 1778 1244 1782 1736) (1737 1000 1779 1245 1783 1784)
 (1738 1780 153 1254 1782) (1786 1255 1739 1001 1781 1783) (41 1776 1260 1752)
 (1753 1002 1788 1261 1777) (550 1788 1778 1262 1754)
 (1755 1789 1790 1263 1003 1779) (1780 1788 1756 154 1272)
 (1757 1792 1273 1789 1004 1781) (1788 1782 1278 77 1758)
 (1789 1759 1794 1279 1005 1783) (551 1790 1760 1794 1280 1784)
 (1281 1785 1791 1761 1795 1796 1006) (1786 1762 1792 1794 1290 155)
 (1787 1793 1795 1763 1798 1291 1007) (10 1728 1296) (1297 1729 1800 1008)
 (1298 552 1800 1730) (1009 1801 1299 1731 1802) (1800 1308 1732 156)
 (1801 1010 1804 1309 1733) (1314 1800 1734 78) (1801 1315 1011 1735 1806)
 (1802 1316 553 1806 1736) (1012 1737 1803 1317 1807 1808)
 (157 1738 1804 1326 1806) (1013 1739 1805 1807 1810 1327) (42 1332 1800 1752)
 (1753 1801 1812 1333 1014) (1754 1802 1812 1334 554)
 (1755 1335 1015 1803 1813 1814) (158 1756 1804 1812 1344)
 (1757 1016 1345 1805 1813 1816) (79 1812 1806 1350 1758)
 (1818 1351 1759 1017 1807 1813) (1818 555 1760 1352 1808 1814)
 (1819 1820 1761 1018 1809 1353 1815) (1362 159 1818 1762 1810 1816)
 (1817 1363 1822 1763 1819 1811 1019) (1800 1776 21 1368)
 (1369 1777 1824 1020 1801) (1370 1824 1778 1802 556)
 (1825 1826 1371 1021 1803 1779) (1780 1804 160 1380 1824)
 (1825 1828 1022 1381 1805 1781) (1386 1824 1806 1782 80)
 (1825 1830 1023 1807 1387 1783) (557 1826 1830 1808 1388 1784)
 (1785 1827 1831 1024 1809 1832 1389) (1786 161 1398 1828 1830 1810)
 (1787 1399 1829 1831 1025 1834 1811) (1788 43 1404 1824 1812)
 (1789 1825 1405 1026 1836 1813) (1790 558 1406 1836 1826 1814)
 (1791 1827 1407 1027 1837 1838 1815) (162 1792 1828 1836 1416 1816)
 (1817 1793 1829 1028 1837 1840 1417) (1818 1794 81 1830 1836 1422)
 (1819 1795 1831 1837 1842 1029 1423) (1820 559 1796 1832 1838 1842 1424)
 (1425 1821 1797 1833 1030 1839 1843 1844) (1822 163 1434 1798 1834 1840 1842)
 (1823 1435 1799 1835 1031 1841 1843 1846) (5 1728 1440) (1441 1729 1848 1032)
 (1442 1848 560 1730) (1033 1849 1443 1731 1850) (1848 1452 1732 164)
 (1849 1034 1852 1453 1733) (1458 82 1734 1848) (1849 1459 1035 1735 1854)
 (1850 1460 561 1854 1736) (1851 1461 1855 1856 1737 1036)
 (165 1738 1852 1470 1854) (1853 1855 1858 1471 1739 1037) (44 1848 1476 1752)
 (1753 1849 1860 1477 1038) (1754 1850 1860 1478 562)
 (1755 1861 1851 1862 1479 1039) (166 1756 1860 1852 1488)
 (1489 1853 1861 1864 1757 1040) (1854 1860 83 1494 1758)
 (1041 1759 1855 1861 1866 1495) (1856 1760 1862 563 1866 1496)
 (1042 1497 1857 1863 1761 1867 1868) (1506 1858 167 1864 1866 1762)
 (1043 1859 1507 1865 1867 1870 1763) (1848 1776 22 1512)
 (1513 1777 1044 1872 1849) (1514 1872 1778 1850 564)
 (1851 1045 1873 1874 1515 1779) (1780 1852 168 1524 1872)
 (1525 1046 1873 1853 1876 1781) (1530 1854 1872 84 1782)
 (1047 1855 1531 1873 1878 1783) (1856 1532 565 1874 1878 1784)
 (1785 1048 1857 1533 1875 1879 1880) (1786 1858 169 1542 1876 1878)
 (1882 1787 1049 1859 1543 1877 1879) (1788 1548 45 1860 1872)
 (1884 1789 1050 1861 1873 1549) (1884 1790 1862 566 1874 1550)
 (1885 1886 1791 1051 1863 1875 1551) (1884 1792 1560 170 1864 1876)
 (1885 1888 1561 1052 1865 1793 1877) (1884 1794 1566 85 1866 1878)
 (1885 1890 1795 1053 1567 1867 1879) (1886 1890 1796 1568 567 1868 1880)
 (1881 1887 1891 1892 1797 1054 1569 1869) (1882 1888 1890 1798 171 1870 1578)
 (1883 1889 1891 1894 1799 1055 1871 1579) (11 1800 1848 1584)
 (1585 1801 1896 1849 1056) (1586 568 1896 1850 1802)
 (1897 1587 1851 1057 1898 1803) (1804 1596 1896 1852 172)
 (1853 1597 1897 1058 1900 1805) (1602 1854 1896 1806 86)
 (1855 1059 1897 1603 1902 1807) (1856 1898 1604 569 1902 1808)
 (1857 1899 1060 1605 1903 1904 1809) (1858 173 1900 1902 1810 1614)
 (1859 1901 1903 1906 1061 1811 1615) (1812 1620 46 1860 1896)
 (1621 1861 1897 1062 1908 1813) (1622 1862 1898 570 1908 1814)
 (1623 1863 1899 1063 1909 1910 1815) (1632 1864 174 1900 1908 1816)
 (1817 1865 1633 1901 1064 1909 1912) (1818 87 1866 1902 1908 1638)
 (1914 1819 1639 1867 1903 1065 1909) (1914 1820 1640 1868 571 1904 1910)
 (1915 1916 1821 1905 1869 1641 1066 1911) (1650 1822 1914 175 1870 1906 1912)
 (1913 1651 1918 1823 1915 1871 1907 1067) (1872 1824 1896 23 1656)
 (1920 1657 1897 1825 1873 1068) (1920 1658 572 1898 1826 1874)
 (1921 1922 1659 1899 1875 1069 1827) (1668 1920 1828 176 1900 1876)
 (1921 1924 1829 1901 1669 1877 1070) (1920 1830 88 1902 1674 1878)
 (1921 1926 1831 1071 1903 1675 1879) (1922 1926 1832 1904 573 1676 1880)
 (1881 1923 1927 1928 1833 1905 1677 1072) (1882 1686 1924 1926 1834 177 1906)
 (1073 1883 1687 1925 1927 1930 1835 1907) (1884 1920 1692 1836 1908 47)
 (1074 1885 1921 1693 1932 1837 1909) (1886 1922 1694 1932 1838 574 1910)
 (1075 1887 1923 1695 1933 1934 1839 1911) (1888 1924 1932 178 1840 1704 1912)
 (1913 1076 1889 1925 1841 1933 1936 1705) (1914 1890 1926 89 1932 1842 1710)
 (1915 1077 1891 1927 1933 1938 1843 1711)
 (1916 1892 1928 1934 1938 575 1844 1712)
 (1713 1917 1078 1893 1929 1935 1939 1940 1845)
 (1918 1722 1894 1930 179 1936 1938 1846)
 (1919 1079 1723 1895 1931 1937 1939 1942 1847) (1080 1) (1944 1082 576)
 (396 1084 1944) (577 1945 1086 1946) (1088 1944 288) (1945 578 1948 1090)
 (180 1092 1944) (1946 397 1950 1094) (289 1096 1948 1950) (90 1098 1944)
 (1945 1953 579 1100) (1953 1102 398 1946) (1954 580 1104 1947 1955)
 (1953 290 1948 1106) (1949 1957 581 1954 1108) (1953 1110 181 1950)
 (1955 1112 1951 399 1959) (291 1957 1114 1959 1952) (1116 1944 52)
 (1945 1962 1118 582) (1946 400 1962 1120) (1122 1947 1964 1963 583)
 (292 1962 1124 1948) (1966 1963 1949 1126 584) (1950 1962 182 1128)
 (401 1130 1964 1951 1968) (1968 1132 293 1966 1952) (1953 1962 91 1134)
 (585 1954 1963 1971 1136) (1138 1955 1964 1971 402)
 (1140 1965 1972 1973 586 1956) (1966 1971 1957 1142 294)
 (1958 1144 1967 1972 1975 587) (1146 1971 1959 183 1968)
 (1960 1148 1969 403 1973 1977) (1961 1150 295 1970 1975 1977) (24 1944 1224)
 (1945 1226 588 1980) (404 1228 1980 1946) (1981 1947 589 1230 1982)
 (296 1948 1980 1232) (1234 1981 1949 590 1984) (1980 1236 1950 184)
 (1986 405 1238 1951 1982) (297 1986 1952 1984 1240) (1953 1242 92 1980)
 (1954 1244 1981 591 1989) (1982 1955 1989 1246 406)
 (1956 1990 1991 1248 1983 592) (1250 1984 1957 1989 298)
 (593 1985 1252 1958 1993 1990) (185 1986 1989 1254 1959)
 (1987 1991 1960 1995 1256 407) (1988 1961 1258 1995 1993 299) (12 1944 1296)
 (1945 1298 1998 594) (1946 1300 1998 408) (1999 595 1302 1947 2000)
 (300 1948 1998 1304) (1306 596 1949 1999 2002) (186 1308 1950 1998)
 (409 2004 1310 1951 2000) (2002 1952 301 2004 1312) (1953 1314 93 1998)
 (1954 1316 597 2007 1999) (410 1955 1318 2007 2000)
 (1956 598 1320 2001 2008 2009) (1322 1957 302 2007 2002)
 (1958 599 2003 2008 2011 1324) (2007 187 2004 1326 1959)
 (1960 2005 2009 411 2013 1328) (1330 1961 2006 303 2011 2013)
 (25 1980 1998 1368) (1370 2016 1981 1999 600) (412 1372 1982 2016 2000)
 (2017 2018 601 1374 2001 1983) (2002 304 1984 2016 1376)
 (1985 2017 2020 602 1378 2003) (2016 1986 1380 2004 188)
 (2018 1987 2022 2005 1382 413) (2020 2022 1988 2006 1384 305)
 (1386 1989 94 2007 2016) (2017 1990 2025 603 2008 1388)
 (2018 1991 2025 414 2009 1390) (2019 1992 2026 2027 604 2010 1392)
 (1394 2020 1993 2025 306 2011) (1396 2021 1994 605 2029 2026 2012)
 (1398 2025 1995 189 2013 2022) (2023 1400 2027 1996 2031 2014 415)
 (2024 1402 1997 2029 2031 307 2015) (6 1944 1440) (1945 1442 606 2034)
 (1946 1444 2034 416) (2035 1947 2036 1446 607) (2034 308 1948 1448)
 (1450 2035 1949 2038 608) (2034 1452 190 1950) (417 2036 1454 1951 2040)
 (2040 1952 309 2038 1456) (1953 1458 95 2034) (609 1954 2035 1460 2043)
 (418 1955 2036 1462 2043) (1956 1464 610 2037 2044 2045)
 (1466 2043 1957 310 2038) (1958 1468 611 2039 2044 2047)
 (2043 2040 1470 191 1959) (2049 419 1960 1472 2041 2045)
 (2049 1961 1474 311 2042 2047) (26 1980 2034 1512) (2052 1514 2035 612 1981)
 (2052 420 1516 1982 2036) (2053 2054 2037 613 1518 1983)
 (2052 2038 312 1984 1520) (1985 1522 2053 2056 614 2039)
 (2052 1986 1524 2040 192) (1987 421 1526 2058 2041 2054)
 (313 1988 2056 2058 1528 2042) (1530 2043 2052 1989 96)
 (2053 1990 1532 2061 615 2044) (2054 1991 2061 1534 2045 422)
 (2055 1992 2062 2063 1536 616 2046) (314 2056 1993 2061 1538 2047)
 (2057 1994 2062 2065 1540 617 2048) (2049 2058 1995 2061 193 1542)
 (2050 423 2059 1996 2063 2067 1544) (315 2060 1997 2051 2065 2067 1546)
 (2034 13 1998 1584) (1586 2035 2070 1999 618) (1588 2070 2036 2000 424)
 (1590 2001 2037 2071 2072 619) (2002 316 2070 2038 1592)
 (2039 1594 2003 2071 2074 620) (194 1596 2070 2004 2040)
 (425 1598 2005 2072 2041 2076) (317 1600 2006 2074 2042 2076)
 (97 1602 2043 2070 2007) (1604 2071 2008 2044 621 2079)
 (426 1606 2072 2009 2045 2079) (2081 622 1608 2073 2010 2046 2080)
 (318 2047 2074 1610 2011 2079) (2083 1612 2048 2075 2012 623 2080)
 (2049 195 2076 2013 1614 2079) (2081 2050 2085 427 2077 2014 1616)
 (1618 2051 2085 319 2083 2078 2015) (2052 27 2016 2070 1656)
 (2017 2053 2088 1658 2071 624) (2018 1660 2054 2088 428 2072)
 (625 2019 2055 2089 2090 1662 2073) (2088 2020 2056 320 1664 2074)
 (626 2021 2057 2092 1666 2089 2075) (2022 2088 2058 1668 196 2076)
 (2023 2090 2059 429 2094 1670 2077) (2092 2024 321 2060 2094 1672 2078)
 (2088 2025 2061 98 1674 2079) (627 2089 2026 2062 2097 1676 2080)
 (2081 2090 2027 430 2063 2097 1678) (2082 628 2091 2028 2064 2098 2099 1680)
 (1682 2083 2097 322 2092 2029 2065) (2084 629 2098 2093 2030 2066 1684 2101)
 (2085 1686 2094 2031 2097 2067 197) (2086 1688 2095 2032 2099 2068 431 2103)
 (2087 1690 323 2096 2033 2069 2103 2101) (3 1944 1728) (1945 1730 630 2106)
 (2106 1732 198 1950) (1953 2106 99 1734) (1954 2107 2109 631 1736)
 (1738 2108 2109 1959 199) (53 1962 1740 2106) (2112 1963 2107 1742 632)
 (2112 2108 200 1968 1744) (1746 1971 100 2109 2112)
 (2113 2115 633 1972 1748 2110) (2114 2115 1977 201 1750 2111)
 (2106 28 1980 1776) (1778 2107 1981 2118 634) (2108 202 1780 2118 1986)
 (1989 101 1782 2118 2109) (1990 2119 2121 635 2110 1784)
 (1786 2120 2121 1995 203 2111) (2106 1998 14 1800) (1802 2107 636 2124 1999)
 (2108 2124 1804 2004 204) (2124 2109 1806 2007 102)
 (637 1808 2125 2127 2008 2110) (2013 2126 2127 1810 205 2111)
 (2124 2016 29 2118 1824) (2017 2119 1826 2125 638 2130)
 (2022 2120 1828 2126 2130 206) (2130 2025 1830 2127 2121 103)
 (2026 639 2128 2131 2133 2122 1832) (2123 2031 2129 1834 2132 2133 207)
 (2034 7 2106 1848) (1850 2035 2136 2107 640) (2108 2136 1852 2040 208)
 (2043 2136 2109 1854 104) (1856 641 2137 2139 2044 2110)
 (209 2049 1858 2138 2139 2111) (2136 2052 30 2118 1872)
 (2053 2119 642 2137 1874 2142) (210 2120 2058 2138 1876 2142)
 (105 2121 2061 2142 2139 1878) (2145 2122 2062 643 2140 2143 1880)
 (2145 1882 211 2123 2067 2141 2144) (2136 2124 2070 15 1896)
 (2148 2125 1898 644 2071 2137) (212 2126 2148 1900 2138 2076)
 (106 2148 2127 1902 2139 2079) (2149 2151 2128 645 1904 2140 2080)
 (213 2150 2151 2129 1906 2141 2085) (2148 2088 1920 31 2130 2142)
 (2149 2089 1922 2131 646 2154 2143) (214 2154 1924 2094 2132 2150 2144)
 (2145 107 2151 2154 1926 2097 2133) (2146 2152 2155 2157 1928 2098 2134 647)
 (2147 2103 215 2153 2156 2157 1930 2135))