(NIL NIL (2 1) (3) (4) (5) (4) (6 7) (8) (9) (10) (8) (11 12) (13) (14) (10 12)
 (14 16) (15 16) (18) (17 19) (20) (21) (21) (20) (22 23 24) (25) (26) (26)
 (27 28) (29) (30) (28) (31 32) (31 32) (33 34) (35) (36) (37) (38) (39) (40)
 (41) (41) (42 43) (41) (43 45) (42 46) (47) (44 46) (49 48) (50) (51) (52)
 (53) (53) (54 55) (54 55) (57 56) (58) (58) (59 60) (57 56) (61 62) (63) (64)
 (65) (66) (67) (66) (66) (68 69 70) (71) (72) (70) (73 74) (75) (76) (77) (78)
 (79) (80) (81) (82) (83) (84) (85) (86) (87) (87) (89) (90) (91) (92 88) (93)
 (94) (94) (96) (97) (95 96) (98 99) (98 99) (100 101) (101) (102 103)
 (102 103) (105) (106 104) (107) (106) (107 109) (108 110) (108 109) (111 112)
 (110 112) (113 114) (115) (116) (115) (117 118) (119) (119) (121) (117 118)
 (121 123) (124 120) (122 125) (126) (126) (127 128) (129) (130) (131) (132)
 (133) (134) (135) (135) (135) (137 138 136) (139) (140) (141) (141) (143)
 (143) (145 142 144) (146) (147) (148) (149) (150) (151) (150) (153) (154 152)
 (155) (156) (157) (158) (159) (159) (161 160) (162) (163) (164) (165) (166)
 (166) (167 168) (169) (169) (167 168) (170 171 172) (173) (173) (175)
 (174 175) (177 176) (178) (179) (180) (181) (182) (182) (182) (185 183 184)
 (186) (187) (185 183 184) (187 189) (190) (188 191) (192) (193) (194) (195)
 (196) (196) (197 198) (199) (200) (201) (200) (203) (201 204) (202 205) (206)
 (206) (208) (209 207) (210) (209 207) (211 212) (213) (214) (215) (216) (216)
 (218) (219) (217 220) (221) (222) (223) (224) (225) (225) (225) (226 227 228)
 (229) (230) (231) (232) (231) (234 232) (233 235) (236) (237) (236) (237 239)
 (240) (241 238) (242) (243) (244) (245) (246) (245) (247 248) (249))