(NIL NIL (2) (2 1) (4) (3 5) (6) (7) (8) (9) (10) (9) (11 12) (13) (14) (14)
 (16) (17) (18 15) (17 15) (18 20) (17) (21 22) (23) (19 24) (25) (26) (25)
 (27 28) (29) (27 28) (30 31) (32) (30 31) (33 34) (35) (36) (33 34) (36 38)
 (39) (37 40) (41) (42) (43) (44) (45) (43) (46 47) (48) (49) (42) (50 51) (52)
 (53) (54) (55) (56) (57) (58) (59) (60) (61) (62) (63) (64) (65) (66) (67)
 (68) (69) (70) (71) (71) (73 72) (74) (75) (76) (77) (78) (79) (79) (81 80)
 (82) (83) (84) (85) (86) (86) (87 88) (89) (90) (91) (92) (93) (94) (94) (96)
 (97) (98) (99) (100 95) (100) (101 102) (103) (103) (105) (105 104) (107)
 (106 108) (109) (110) (111) (111) (113) (114 112) (115) (116) (115) (116 118)
 (119) (117 120) (121) (117 120) (122 123) (124) (125) (126) (127) (128) (129)
 (130) (131) (132) (132) (133 134) (135) (135) (137) (138) (139 136) (140)
 (141) (142) (143) (144) (145) (146) (146) (146) (147 148 149) (147 149)
 (150 151) (152) (153) (150 151) (154 155) (156) (155) (157 158) (159) (160)
 (161) (162) (163) (164) (164) (163) (165 166 167) (168) (169) (169) (170 171)
 (172) (173) (174) (175) (176) (177) (178) (177) (179 180) (181) (182) (183)
 (184) (185) (185) (187) (188) (186 189) (190) (191) (192) (193) (194) (195)
 (195) (196 197) (198) (199) (200) (201) (202) (202) (204) (203 204) (205 206)
 (207) (208) (207) (210 208) (211) (209 211) (212 213) (214) (212 213) (216)
 (217 215) (218) (219) (220) (219) (220 222) (223) (221 222) (225 223)
 (225 224) (227) (226 228) (225 224) (229 230) (231) (232) (233) (233)
 (234 235) (236) (237) (236) (238 239) (240) (241) (242) (243) (243) (245)
 (244 246) (247) (248) (249))