(NIL (1) (2) (3) (4) (5) (4) (6 7) (8) (9) (10) (11) (12) (13) (14) (15) (14)
 (17 16) (18) (17 16) (19 20) (21) (22) (22) (23 24) (22) (25 26) (27) (27)
 (29) (29) (28 30 31) (32) (33) (34) (33) (34 36) (35 37) (38) (35 36) (37 40)
 (41 39) (41 39) (42 43) (44) (45) (46) (47) (46) (49 47) (50) (51) (52 48)
 (53) (54) (55) (54) (57 56) (58) (59) (60) (61) (62) (63) (63) (65 64) (66)
 (67) (67) (69) (68 70) (71) (71) (73 72) (74) (75) (76) (77) (78) (79) (80)
 (81) (82) (83) (84) (85) (86) (87) (88) (85) (90 88) (91) (92) (93) (94) (93)
 (96) (89 97) (89 97 95) (98 99) (100) (101) (101) (102 103) (104) (105) (106)
 (107) (108) (109) (109) (111) (112) (110 111) (114 112) (113 115) (114 112)
 (116 117) (118) (119) (120) (121) (122) (123) (124) (125) (126) (127) (128)
 (129) (129) (130 131) (132) (133) (134) (135) (135) (137 136) (137 136)
 (138 139) (140) (141) (141) (142 143) (144) (145) (142 143) (145 147)
 (146 147) (149) (148 150) (148 149) (151 152) (153) (151 152) (154 155) (156)
 (157) (156) (157 159) (160) (161) (162 158) (163) (164) (164) (165 166) (167)
 (168) (169) (169) (171) (170 172) (170 172) (170 171) (173 174 175) (176)
 (177) (177) (179) (180) (177) (178 181 182) (183) (184) (184) (186) (185 187)
 (188) (188) (189 190) (191) (189 190) (193 191) (193 192) (194 195) (196)
 (193 192) (197 198) (199) (199) (201) (202 200) (203) (204) (205) (204)
 (206 207) (208) (209) (210) (210) (212) (212) (211 212) (211 212)
 (214 215 216) (213 216) (217 218) (219) (220) (221) (221) (222 223) (224)
 (225) (226) (226) (228) (229) (229) (227 230 231) (231) (233 232) (234) (235)
 (236) (235) (237 238) (236 238) (239 240) (241) (242) (243) (243) (244 245)
 (246) (247) (248) (249))