(NIL NIL (2) (2 1) NIL (5 4) NIL (7 2) (8) (5 8) (10) (11 3) (10) (13) (13 3)
 NIL (16 11 3 6) (17 15) (18) (17 14) (16 4) (12 19 21) (14 22) (23) (23)
 (16 15 6) (12 26 21) (16 7 3 4) (19 28 27 9) (28 12 19 14) (26 30 22) (31)
 (12 13 28 6) (33 14 9) (34) (33 21) (28 23) (37) (34 20 26 38) (39) (24 40)
 (33 30 38) (26 38) (35 43 39) (41 27 44) (44 36 32) (42 46 40) (24 29 47) (46)
 (41 49) (43) (49 25 27 51 47) (45 52 29) (50 53) (54) (53) (50 52) (57)
 (57 53) (57) (60 54) (59 61) (60 55) (56 63 48) (62 64) (41 25 51 36 42)
 (66 47) (66 62) (68) (69 55 48) (69 63 48) (67 68 55) (72 69 56) (58 55 66)
 (74 69) (74 72) (76 64) (77) (78) (65 79) (70 80) (79 71) (70 78) (83 71)
 (84 79) (83) (86) (65 82 75 86) (88) (88) (90 87) (90 84) (90) (73 93 85 80)
 (94) (95) (89 94) (97) (98 91) (98 96) (100 92) (73 90 80) (99 92 102 95)
 (103) (100 104) (105) (81 106) (107) (108) (107) (107) (107) (108 112) (105)
 (114 112) (115) (103) (117 107 101) (108 110 118) (114 119) (115 119)
 (113 116 119) (119) (81 117 101) (124 118) (113 124 110 118) (126)
 (114 123 109 126) (123 124) (129 114 109 111 112) (130 116 126 120) (131)
 (132) (121 128 132) (130 120) (122 132 135) (128 135 125) (135 134) (121 130)
 (129) (114 140 127) (128 122 131 141) (121 142) (139 140) (128 144 132 125)
 (137 145 133 134) (142 145) (133 147) (133 147) (135 149)
 (114 123 109 111 112) (151 148) (152 135) (121 122 151 131) (122 151 146 141)
 (151 137 148) (154 156) (134) (158 136 137 138 147 151) (157 159)
 (153 143 156 138 158) (160 161 146 150) (160 161) (163 155) (164) (162 165)
 (165) (163) (163 150) (169) (170 165) (170 167 168) (172 166) (173) (161 159)
 (175 167 150) (169 176) (162 172 177) (171 177) (175 174) (160 161 146)
 (170 181) (164 182) (183 177) (172 176 181) (185 171 174 178) (185 166 182)
 (183 180 187) (171 187 173) (171 173 181) (190 176 180) (190) (185 192 174)
 (193 182) (192 187) (189 195 194) (184 196 178 180) (186 197) (198)
 (188 191 198) (200) (201 179) (201) (200 179) (204) (186 191 188 197)
 (196 188) (207 198) (200 208) (206 209) (201 210) (211) (211) (209) (214 204)
 (215 202) (216 211) (217 199) (218) (216 210) (220 205) (214) (214 211)
 (222 223) (213 224) (225 212) (219 224) (217 224) (228 203) (229 226)
 (229 220 226) (219 231) (232) (219 231) (234 205) (219 231) (235 236)
 (227 228 221 226) (237 238) (239) (232 238) (241 237) (242) (203 220 224 199)
 (244 235 236) (244 237) (244 237) (233 243 247 239) (233 246 247)
 (233 221 247))