(NIL NIL NIL NIL (1 2) (5) (1) NIL (8) NIL (10 2) (10) (11) (13 12) (14 1)
 (1 3) (10 5 16) (17 6 11) (18 4) (18 9 7) (20) (17 11) (18 9 7 22) (23)
 (12 24) (14 23) (26 19 24) (27) (17 8 15) (29 4 23) (30) (27 21 31) (26 21 31)
 (20 29) (34 27) (34) (29 22) (34 27 37) (33 37) (39 36 24) (25 36 28 39) (41)
 (42) (40 41) (35 44) (44 38) (41) (35 42 46 47) (41 35) (49) (50 45) (49 46)
 (25 33 34) (48 53 51) (54) (54) (48) (57 49 32) (58 54) (57 53) (56 57)
 (61 32) (62 43 59) (63 60) (64) (65) (65) (67) (66 68) (52 69 55) (63) (62 43)
 (72) (63 72 52 55) (61 43 59) (75 52 68) (62 75) (71 76 77) (65 75 52)
 (71 73 79) (74 66 77 80) (81 69) (81) (80) (74 84) (76 66 80) (84 86 69) (79)
 (88 68 80) (81 89 78 70) (89 74) (91 86) (81 92 87) (93) (90 83 93) (91 87)
 (92 85 78 96) (89) (82 85 86 98) (98 95) (100 94 96) (89 76 77)
 (81 98 85 78 102) (81 102) (83 91 87 104) (105 90) (105 82 85 98) (83 93 104)
 (105 108 100) (100 102) (99 110 107 96) (106 99 108 110) (97 112) (77 87 88)
 (113 114 107) (115 94) (113 114 103) (104 114 96 85 70) (103 95 118)
 (106 110 119) (107 109 120) (121 99 94) (121 116 117) (99 101 120)
 (97 118 112) (125 115 117 111) (125) (113 121 127) (128) (129 122 123 124)
 (130) (129) (111 128) (133) (128) (101 126 135 134) (129 122 136) (122 136)
 (130 132 138) (130 138) (131 140) (122 116 136) (123 142) (125) (130 142 144)
 (145 139 143) (117 134 144) (130 147 135) (139 148 142) (148 136) (148 136)
 (138 148) (132 140 150 152) (145 153 131 139) (153) (131 132 148)
 (146 156 149 151) (156 152) (132 148) (131 150 159) (156 143 160)
 (161 140 157) (153 141 158 160) (163 143) (146 160) (165 156 141)
 (146 141 160) (156 167 152) (164 166 151 168) (155 165 163 167) (140 160)
 (153 171 149 166 151) (162 163 172 168) (155 173) (162 172 168) (137 163 175)
 (176) (176) (137 154 175) (179 164) (161 170 172) (153 161 171 167 151)
 (169 182 176) (154 183) (161 155 157 166 171) (137 181 173 175)
 (169 179 174 186) (187) (187) (187) (177 190) (185 191 180 183) (185 164 186)
 (193 176) (190 194 183) (192 194) (189 178 196) (189 194) (186 174 176)
 (192 199 184 193) (169 178 199 193) (201 191 195) (201 195) (186 183)
 (198 180 203 204) (201 204) (190 194 206) (196 198 202 203 207 188)
 (208 205 197) (209) (192 206 184 188) (206 184) (202 212 188) (189 200 213)
 (192 202 203 206) (210 215 184) (178 174 184 204) (217 209 212)
 (217 211 212 197) (219 205) (220) (210 221) (221 218) (223 216) (217 216)
 (225 200 211 218) (226 221 213) (226) (225 212) (200 229) (222 230) (222 229)
 (226 232 230 224) (225) (234 228 223 230 214) (227 222 235) (226 214 234)
 (237) (228 237) (237 231 224) (240) (234 221 214 218) (242 231) (243 227 238)
 (240 244 239 232) (236 245) (244 232) (242 236 232) (245 248) (249))