(NIL NIL (2) NIL NIL (5 2) NIL (7 2) (8 4) (8) (8) (7) (7) (9 13 1 3) (10 14)
 (2) (11 16 14) (11 16) (16 1 3) (15 12 19) (10 19 6) (12 13 19) (21 22)
 (15 5 22) (17 24) (22) (15 26) (27 18) (27 23) (14 26 11 6) (17 27 30 23)
 (20 30) (29 32) (27 32) (32) (32 24) (30 23) (17 37 32) (27 36 18 38)
 (25 38 31) (22) (41 39) (41 27 36 21 35) (25 34 43) (44 38 31) (41 34)
 (35 46 31) (17 46 23 24) (43 48 40) (49 28 29) (44 29 46 31) (51 38)
 (49 52 39) (42 28 53) (52 28 39) (33 55) (49 56) (56 47 40) (58 53) (59 54)
 (25 41 27 21) (50 59 61 54) (57 58 61) (50 59 45 63) (59 63) (65) (49 58 61)
 (67 45) (65 68) (59 68 63) (57 42 67) (66 68 71 64) (69 72) (60 72) (74 69)
 (74 70) (76) (77 62) (73 77 62) (60 62 72) (74 80) (81 69) (73 82 75 77)
 (73 81 76) (84) (75 84) (86) (83 87) (85 78 86) (49 61 45 56) (90 60 71)
 (91 76) (83 92 78) (93 86 79) (94 87) (95) (96) (94 87) (83 92 78) (99 87)
 (92 79) (93 99 85 101) (102 94 88) (92 84 77) (98 99 85 95 104) (105) (94 104)
 (97 106 107) (89 99 94 104) (99 85 104) (105 110 88) (100 111) (112)
 (107 100 111) (105 109 100 101 110) (89 110) (116 108 109 111)
 (114 115 117 102) (116 114 108 109 112) (113 119 103) (120) (118 119)
 (118 119) (123 103) (113 119) (125) (124 126) (118 126) (123 128 120)
 (117 126) (125 117) (131 120) (121 132) (131 128) (134 127) (130 135) (136)
 (137 122) (138 120) (121 136) (139 140) (137 132 140) (142) (138 133 143)
 (129 144) (143) (138 146) (147) (129 122 142) (114 116 112) (130 132 134 150)
 (146 141 151) (129 139 151) (153 140) (145 153 148) (155) (156 149 152) (156)
 (155 149) (139 140 133 151) (141 160) (145 161) (162 158) (156 160) (145 150)
 (153 165) (163 149 166) (166 158 160) (157 168) (141 168) (163 168 152)
 (154 171 164 159) (171 157) (170 171 149) (174 159) (175) (176) (157 174 159)
 (174) (163 164 159 168) (169 170 172 180) (181) (179 173 182 167) (183 175)
 (178 183 176) (183 176) (178 183) (187 184) (188 176) (185 187) (183)
 (173 182) (178 184 192 176) (185 193 188 191) (181 179 173 175 167) (178 195)
 (195 188 176) (170 180) (185 192 198 184) (177 185 188 198 191) (193 195 200)
 (201) (202) (202 196 189) (194 197 199 204 186 190) (201 189)
 (203 204 190 206) (194 200) (186 204 208) (209 190 199) (202 208) (211 196)
 (200) (209 203 213 199) (214 207) (209 213) (197 215 216) (199 216)
 (218 211 207) (219 197) (220) (220 215) (218 203) (215 216) (224) (225 197)
 (224) (210 227 221) (226 228 205) (229) (212 228) (226 228) (226 227 222)
 (210 212 224) (233 234 230 223) (234 222) (236 231 232) (237 205 223)
 (217 229 238) (239) (235 238) (241) (241 240) (233 237 205) (244 239)
 (241 244) (246) (246 239) (244) (249 223))