(NIL NIL NIL NIL (4) (4) (5 2) (4) (1 8) (8 3) (4 2) (11 1 10) (11 5) (9)
 (14 10 2) (12 5 14) (16) (16) (16) (19) (20) (17 21) (22) (23) (24 7) (21)
 (26) (16 6) (13 24 15 28) (14 2) (18 30 7) (13 20 15 30 28) (26 29 18 30 7)
 (14 10 2) (23 34 15 30 7) (28 35) (36) (37) (36) (35) (27 29 40) (41 36)
 (18 32 42) (38 42) (41) (35) (37 25 41 46) (47) (47 33) (49 32 42) (43 50)
 (43 38 49) (52 48) (52 44 39) (48 54) (53 54) (37 33 25 46) (53 44 57 50) (58)
 (58 45) (57 39 50) (61) (48 61) (63 56) (53 61) (51 65) (65) (67 31 62)
 (51 68) (67 31 45 62) (51 70) (67) (59 56 72) (73 66 55 64) (72) (66 59 75)
 (73 76 45 64) (77) (73 75 68 63) (74 45 79) (59 68 75 45) (81 76 70) (82 80)
 (73 81 60) (84 69 64) (74 84 78) (86 71) (87 80) (75 45) (89 68 77 55 71)
 (89 74 68 60) (73 89 71) (76 31 55 89 60 62 63) (82 93 88) (81 91 93 71) (95)
 (96 92 85 88) (93 85 77) (98 91 78) (99 92 95 87) (98 87) (90 101) (91 102)
 (82 100 101 79 96) (81 93 69 79) (105 94 104) (105 95 87) (107 92 94) (97 108)
 (90 109) (99 108) (83 108 85) (90 83 108) (108 96) (114 102 111) (108 101)
 (106 116 111 103) (115 117) (97 83 108 103) (113 106 119) (117 120) (121)
 (114 122) (121 114) (121) (125 112) (121 109) (115 125 127) (118 128)
 (125 127) (130 128) (131 124 126) (131 118) (123 133) (134) (111 120)
 (123 136 128) (136 126 128) (138 118) (129 139) (140 135) (123 124 139)
 (139 110) (143) (122 110 138) (116 136) (138 131 146) (139 147) (148 134)
 (145 149) (146 140) (149 151) (149 141 142 151 144) (146 133 142)
 (154 132 134 151) (155 141) (156 150 144) (157) (153 157) (137 153 156)
 (158 160) (160 150 152) (147 156) (161 162 163) (137 145 155) (165 160)
 (137 155 141 143) (167 160) (161 168) (157 168) (152 165 167 144)
 (161 171 166) (171) (169 170 163 173) (174) (162 175 159) (176) (172 176)
 (178) (179) (172 176) (173 159) (177 180 182) (183) (164 173 172) (185 182)
 (173 166 168) (187 182) (188 181) (164 189 180) (190) (177 180 181 188)
 (179 187) (185 193) (194 188 181) (185 193 180) (196 190 183) (187 174)
 (177 180 198) (194 197 199) (194 197 199) (193 164 199) (202 196) (203 191)
 (194 204 197) (205) (186 206 192) (201 207) (186 206) (201 195 206 192) (205)
 (201 211 206 192) (211) (201 195 213) (200 204 192) (215 207) (201 216) (216)
 (218 213 208) (210 212 218) (195 215) (208 209 211 184 218 221) (220 222)
 (213 222) (210 222) (225 212 214) (225 214 224) (227) (225 212 224) (229)
 (219 229) (221 208) (225 232) (227 232) (210 221 218) (209 217 211 235 232)
 (212 236) (233 236) (219 214 238) (229 239) (223 240) (241 226) (220 230 240)
 (243 237 231) (239 230 223) (239 231 223) (241 244 246) (234 228 236)
 (245 248 237 240) (226 245 248))