(NIL NIL NIL (3) (1) (5) (5 2) (7) (3 7) (1) (1) (10 7) (2) (6 13) (14 8) (13)
 (16) (3 10 14 17 7) (18 11) (3 14 17) (20 7 11) (21) (22 19 15) (12 23) (24)
 (6 13) (18 26) (21 26 19) (28) (3 16) (12 19) (20 31) (31) (33) (28 34 27)
 (34 15) (28 12) (37) (36 37) (9 39 24) (9 29 39 30) (41 23) (41 22) (43)
 (4 44 23) (9 39) (32 25 38 46) (27 46) (30 48) (25 29 35 30 48) (50 44 38)
 (50 47) (9 27 39 23) (4 35 38 40 42 53) (4 53) (51 55) (45 56) (52 54 56)
 (44 53 47) (42 59 52) (42 59 50) (49 61 45) (62 55) (51 62 55) (64 52 40)
 (51 62 40) (58 66) (67) (58 66) (67 69 64) (61 40) (69 71) (60 71)
 (49 58 45 61) (49 60 61) (58 75) (73 76 68 70) (74 77) (65 75) (57 77 79)
 (67 69 76 79 57 63) (81 72) (75 45 40) (83 80) (81 83 77) (85 72) (86 80) (86)
 (82 86) (89) (85 80) (91 84 88) (92) (74 83 80) (82 84 78 94) (95) (95 88)
 (86 94) (90 95 98) (98) (99 100) (100 90 84 88) (91 94) (98 84 103)
 (104 93 78 102) (90 91 78 94) (106 101 103 87) (106 99 92) (108 103) (109 93)
 (105 110) (101 111) (107 111) (106) (97 114 108) (113 115 112 96) (115 112)
 (114 110) (113 118 96) (119) (118 111) (113 121) (121 101) (115 123 122 119)
 (120 123) (121 112) (123 126 87) (120 116 126) (113 121) (97 129) (130 124)
 (130) (131 132) (128 132 117) (132 126) (128 131 135) (120 130 117) (137 135)
 (136 138) (97 129 122 125 112) (130 117 140 126) (138 133 141) (137 141)
 (143 138 124) (139 144) (145 127) (117) (128 138 131 147 127) (142 139 148)
 (149) (150) (147 145 133) (152 146) (138 124 147) (128 144 133 154)
 (116 154 140) (153 155 156 148) (150 157) (158) (142 157 134) (160) (139 156)
 (149 157 134 162) (163) (149 155 156) (165 150 157 134) (161 166) (162 167)
 (159 168) (159 168) (163 168) (169 171) (172) (171) (159 168) (173 175)
 (174 176) (173 175) (172 174 175) (179 164) (177 151 180) (179 176) (178 182)
 (170 183) (179) (170 151 172 175) (186 173) (178 164 186) (179 188) (186 164)
 (190 176) (177 180 191) (177 187 188 190) (181 190) (188 181 190 183) (195)
 (196) (196 189) (187 198) (185 193 198) (196) (201 189) (194 197 199 202)
 (202 187) (202 199) (185 205 184) (206) (204 206) (185 194 201 198) (209 202)
 (210 203 184) (210 204) (193 203 212) (213) (193 212 199) (215) (192 215 184)
 (217) (218 205 216) (205 197 218) (217 203 200) (203 212) (214 207 222)
 (218 223 200) (193 206 222) (225 211 223 200) (225 191) (227 221 214)
 (226 228) (211 227 207 192) (217 213 211 205 222) (219 228 231 207)
 (226 221 231) (233 228) (234 230 208) (233 227 216) (236 230) (220 237)
 (220 237 232) (235 236) (240) (231 219 227 223) (242 239) (242 221)
 (242 235 220 236 224) (244 245 239) (242 239) (233 242 232) (226 221 231 208)
 (249 240))