(NIL NIL NIL (3) (3) NIL (6 5) (6) (6) (9) NIL (11 5 9) (9) (11) (3 14) (15)
 (1 6 16) (15) (1 14 7 10) (19 8) (17 19 13) (14 8 12) (22 10) (4 16 23) (14 8)
 (22) (26) (27 7 13) (27 1 18) (2 29 23 13) (28 30 21) (25 31) (27 24 25 20 17)
 (4 16 26) (30 25 34 21) (15 19 25 26) (36 23) (17 18 26) (29 38 7 24) (38 19)
 (40 29) (27 40 20) (28 42 24 34 30) (36 42 33 31) (44 39) (38 20 23 13)
 (28 40 29 46 21) (37 47 39 41) (4 47 37) (48 49 45) (44 47) (51 34 32) (52 48)
 (51 48 45) (31 34 46 41) (33 46 32) (56 42) (57 54) (56 34 41) (37 52 59)
 (55 57 60) (55 60 39) (62 49) (57 35 43 50 53 62) (62 50) (65 58 61) (65 53)
 (67) (36 41 42 46 21) (69 48 45) (56 51 69 48) (71 70 64) (65 54 72) (69 66)
 (74 64) (70 75) (76 71) (76) (76 71) (79) (80) (78 68 80) (70 75) (83 73)
 (83 73) (85 77) (78 83 81) (87 63) (76 83) (79 89 84) (67 88 89 84) (91)
 (92 90) (93) (92 86 82) (89 87) (77 96 72) (91 97) (82 98) (82 97) (96 88)
 (82 92 86 97 101) (86 98 101) (94 103) (101) (98 101) (106 68) (107 86 94)
 (102 107 93) (102 107 95 103 94) (85 92 106) (101 99) (107 111 94 112)
 (113 100) (94 112) (115 103) (106 102 112) (107 104 117) (115 111 95 118)
 (118 105) (117 113 109) (117 90 100) (122 104 109) (122 104 109)
 (108 122 115 103) (109 125 119 120) (126) (114 126) (121 123 116 127 128)
 (129 124) (129 124) (110 131) (121 128) (124 133 116 127) (123 134) (110 134)
 (131 136) (136) (129 138) (131 133) (140 136) (113 126) (130 142)
 (139 143 135) (138 140 143) (145) (138 131 143) (147) (145 139 148)
 (137 138 143) (146 132 150 144) (139 141 142) (121 125 116)
 (153 146 139 141 150) (154) (153 110 131) (146 147 156) (153 138 132)
 (157 150 158) (141 159 135) (149 160) (157 149 158 151) (154 162)
 (162 155 159) (155 156 158) (165 157) (137 153 149) (161 155 167)
 (155 157 167) (169 164 168) (170 165) (157 167) (172 166 168) (169 173 144)
 (153 149 135 152) (162 175 168) (163 174 175) (177 170) (154 156 175)
 (163 164 179 176) (180 166) (181) (169 173 182) (183) (184) (181 173)
 (171 180) (177 187 183) (188) (189) (185 188) (186 191) (192) (193 189) (194)
 (193 178) (178 191 186) (195 197) (198) (197) (194 190 200) (201 199)
 (200 190 198) (203) (204) (202 204) (204) (201 207) (202 208) (203)
 (202 196 204 210) (194 197) (201 204 212) (213 206 208) (211 214) (215) (214)
 (213) (196 218) (212 208) (205 220 216) (213 220) (221 222) (223 218) (223)
 (218 199 222) (226 221) (205 216) (228 217 227) (228 219 227) (228 224) (228)
 (209 232 227) (232 231 227) (228 223 219) (217 235) (228 226 221)
 (228 223 226) (235 238) (237 239) (229 232 240) (241 224) (242 233 234 236)
 (232 240) (229 224 239) (245 236) (242 245) (243 247) (209 245 225 237)
 (249 234 236 247))