(NIL (1) (2) (3) (3) (4) (6 5) (7) (7) (9 8) (10) (10) (12) (11 13) (14) (15)
 (16) (17) (14) (18 19) (20) (20) (21 22) (23) (24) (25) (26) (27) (28) (29)
 (30) (31) (32) (33) (34) (35) (36) (36) (37 38) (39) (39) (41 40) (41 40)
 (42 43) (44) (44) (46) (45 47) (45 47) (49) (50) (51 48) (52) (53) (54) (53)
 (56) (57 55) (58) (58) (60) (59 61) (59 61) (62 63) (64) (65) (65) (66 67)
 (68) (69) (70) (70) (72) (73 71) (74) (75) (74) (76 77) (78) (79) (80) (81)
 (82) (81) (83 84) (85) (85) (87) (86 88) (89) (90) (91) (92) (93) (94) (95)
 (96) (94) (97 98) (99) (100) (101) (102) (103) (104) (105) (106) (107) (108)
 (109) (110) (111) (112) (113) (114) (115) (116) (117) (118) (119) (118) (121)
 (122 120) (123) (124) (125) (126) (126) (128) (129 127) (130) (131) (132)
 (133) (134) (135) (136) (135) (137 138) (139) (140) (141) (142) (143) (144)
 (144) (145 146) (147) (147) (148 149) (150) (151) (152) (153) (154) (155)
 (156) (156) (158) (157 159) (157 159) (161 160) (161 160) (162 163) (164)
 (165) (166) (167) (167) (169) (170 168) (171) (172) (173) (174) (175) (176)
 (177) (177) (178 179) (180) (181) (182) (183) (181) (185 184) (186) (187)
 (187) (188 189) (190) (191) (192) (193) (194) (194) (195 196) (197) (198)
 (199) (199) (201 200) (202) (203) (204) (205) (206) (207) (208) (207)
 (209 210) (211) (212) (213) (214) (215) (216) (217) (218) (219) (220) (220)
 (222) (223) (224) (225) (226 221) (227) (228) (229) (230) (231) (232) (231)
 (233 234) (235) (236) (237) (238) (236) (238 240) (241 239) (242) (243) (244)
 (245) (246) (247) (248) (249) (250) (251) (252) (253) (250) (254 255) (256)
 (257) (258) (259) (260) (261) (261) (262 263) (264) (265) (264) (265 267)
 (266 267) (266 267) (269 270) (271) (271) (268 272) (274) (275 273) (276)
 (277) (278) (279) (280) (281) (282) (282) (283 284) (285) (286) (287) (288)
 (289) (290) (291) (292) (293) (294) (295) (296) (297) (298) (297) (300)
 (299 301) (299 301) (302 303) (304) (305) (305) (306 307) (308) (309) (310)
 (311) (312) (312) (313 314) (315) (316) (317) (318) (319) (320) (321) (322)
 (323) (324) (325) (326) (327) (328) (329) (329) (330 331) (330 331) (332 333)
 (332 333) (334 335) (336) (337) (338) (339) (340) (341) (342) (342) (343 344)
 (343 344) (345 346) (347) (348) (349))