(NIL (1) (2) (2) (3 4) (4) (5 6) (7) (5 6) (9 7) (10 8) (10 8) (11 12) (13)
 (14) (15) (16) (17) (17) (19) (18 20) (21) (22) (23) (24) (25) (26) (27) (28)
 (29) (30) (31) (30) (33 32) (34) (35) (36) (36) (38) (37 39) (40) (41) (42)
 (43) (44) (45) (46) (47) (47) (49 48) (50) (51) (50) (51 53) (54) (52 55) (56)
 (52 55) (57 58) (59) (60) (59) (61 62) (63) (64) (65) (66) (67) (68) (69) (69)
 (70 71) (72) (73) (74) (73) (75 76) (77) (78) (79) (80) (81) (82) (83) (84)
 (84) (85 86) (87) (88) (89) (90) (91) (92) (92) (93 94) (95) (96) (97) (97)
 (99) (98 100) (101) (102) (103) (104) (105) (105) (107) (106 108) (109) (110)
 (106 108) (111 112) (113) (113) (114 115) (116) (117) (118) (118) (119 120)
 (121) (122) (123) (124) (125) (125) (127) (126 128) (126 128) (129 130) (131)
 (132) (132) (133 134) (135) (136) (137) (138) (139) (140) (141) (142) (143)
 (144) (145) (146) (147) (148) (149) (150) (150) (151 152) (153) (154) (155)
 (156) (157) (158) (159) (159) (161 160) (162) (162) (163 164) (165) (166)
 (167) (168) (169) (170) (171) (172) (173) (174) (175) (176) (177) (178) (179)
 (180) (180) (181 182) (181 182) (183 184) (183 184) (186) (185 187) (188)
 (189) (190) (191) (192) (193) (194) (194) (195 196) (197) (198) (199) (198)
 (201 200) (202) (203) (204) (205) (206) (207) (208) (208) (210) (209 210)
 (212) (211 213) (214) (215) (216) (216) (216) (218 219) (217 220) (221) (221)
 (222 223) (224) (225) (226) (226) (228) (229) (227 230) (227 230) (231 232)
 (233) (234) (235) (235) (237) (238) (236 238) (239 240) (241) (241) (243)
 (242 244) (245) (246) (247) (248) (249) (250) (251) (252) (251) (253 254)
 (255) (256) (257) (258) (259) (259) (261) (262) (260 263) (260 263) (265)
 (266 264) (266) (268 264) (267 269) (270) (271) (272) (273) (274) (275) (273)
 (275 277) (276 278) (279) (279) (281 280) (282) (282) (283 284) (285) (286)
 (287) (288) (289) (290) (291) (291) (291) (292 293 294) (295) (296) (297)
 (298) (299) (300) (301) (302) (303) (304) (305) (305) (306 307) (308) (309)
 (306 307) (310 311) (309 311) (313 312) (313 310) (314 315) (314 315)
 (316 317) (318) (319) (316 317) (321 320) (322) (323) (323) (325) (324 326)
 (327) (328) (329) (330) (331) (332) (333) (334) (334) (335 336) (337) (337)
 (338 339) (340) (341) (342) (342) (343 344) (345) (346) (346) (347 348) (349))