(NIL (1) (2) (3) (4) (4) (5 6) (7) (8) (9) (10) (11) (12) (13) (14) (15) (14)
 (17 16) (18) (19) (20) (21) (22) (23) (24) (25) (26) (27) (27) (28 29) (30)
 (30) (32) (30) (33 34 31) (35) (36) (37) (38) (39) (40) (41) (42) (43) (42)
 (44 45) (46) (47) (48) (49) (50) (51) (52) (53) (54) (51) (55 56) (57) (57)
 (58 59) (60) (61) (62) (63) (63) (65 64) (66) (67) (68) (69) (70) (71) (72)
 (73) (73) (74 75) (75) (77) (74 78) (76 79) (80) (81) (82) (83) (84) (85) (86)
 (87) (88) (89) (88) (91) (90 92) (93) (94) (95) (96) (96) (97 98) (99) (100)
 (101) (100) (102 103) (104) (105) (106) (107) (108) (109) (110) (111) (112)
 (113) (114) (115) (116) (115) (117 118) (115) (119 120) (119 120) (121 122)
 (123) (124) (125) (126) (127) (128) (129) (130) (131) (132) (133) (133)
 (134 135) (136) (137) (138) (139) (140) (141) (141) (143) (144) (145 142)
 (145 142) (146 147) (148) (149) (149) (150 151) (148) (153 152) (154) (155)
 (156) (156) (157 158) (159) (160) (161) (160) (161 163) (162 164) (165) (166)
 (166) (167 168) (169) (170) (171) (172) (172) (173 174) (175) (176) (177)
 (178) (179) (180) (181) (181) (183) (182 184) (185) (186) (187) (187)
 (188 189) (190) (190) (192) (193 191) (194) (195) (196) (197) (196) (198 199)
 (200) (201) (202) (202) (203 204) (204) (203 206) (205 207) (208) (209) (210)
 (211) (212) (213) (213) (214 215) (214 215) (217 216) (218) (219) (220) (221)
 (222) (223) (224) (225) (226) (227) (228) (228) (229 230) (229 230) (231 232)
 (232) (233 234) (235) (236) (237) (238) (239) (240) (239) (241 242) (243)
 (241 242) (244 245) (246) (246) (247 248) (249) (250) (251) (252) (253) (254)
 (255) (256) (257) (258) (257) (259 260) (261) (262) (263) (264) (265) (265)
 (266 267) (268) (269) (270) (271) (272) (273) (272) (274 275) (276) (277)
 (278) (279) (280) (281) (281) (282 283) (284) (285) (286) (287) (288) (289)
 (290) (291) (292) (293) (294) (295) (295) (297 296) (297) (299 296) (300)
 (298 301) (302) (303) (304) (304) (305 306) (307) (308) (308) (309 310) (311)
 (312) (313) (314) (314) (316) (315 317) (318) (319) (319) (321) (322)
 (323 320) (324) (325) (326) (325) (327 328) (329) (330) (331) (331) (332 333)
 (334) (335) (336) (337) (336) (338 339) (340) (341) (341) (342 343) (344)
 (345) (345) (346 347) (348) (349))