(NIL NIL (2) (3 1) (2) (5 4) (6) (7) (8) (9) (10) (10) (12) (11 13) (11 13)
 (15) (14 16) (17) (18) (18) (20) (19 21) (22) (23) (24) (25) (26) (26) (27 28)
 (29) (29) (31) (32) (33) (34) (35 30) (36) (37) (38) (35) (40) (40) (42 38)
 (43 39) (44) (45) (41 45) (41 45) (46 48) (49 47) (49) (50 51) (52) (52)
 (53 54) (54) (53 56) (57) (57) (59 55) (59 55) (53 54) (61 62) (58 63) (60 64)
 (65) (60 64) (66 67) (68) (69) (69) (71) (68) (73 71) (73 70 72) (74 75) (76)
 (76) (77 78) (79) (80) (81) (80) (82 83) (84) (84) (86) (87) (88) (84)
 (90 85 88) (89 91) (91) (89 93) (94) (94) (89 93) (97 95) (97 92 95) (99 96)
 (100) (98 101) (101) (98 103) (104) (104) (106) (107 102) (108) (105 109)
 (108) (110 111) (112) (112) (109 111) (114 115) (116) (115 112) (115 110)
 (113 115) (116 118 120) (121 117) (121 117) (123) (122 124) (125) (126)
 (127 119) (126 119) (129 128) (130) (131) (132) (133) (130) (133 135)
 (134 136) (137) (134 136) (133 135) (138 140) (139 141) (142) (142) (144)
 (139 141) (146 142) (147 144) (145 148) (148 143))