(NIL (1) (1) (2) (4) (3) (6) (2 6) (2 6) (9 5) (9 7) (11 5) (9 5 7) (11 13 8)
 (11 13 8) (14 15) (10 12 16) (10 16) (18 12) (19) (20) (21) (17 18) (17 18)
 (24) (25 20) (26) (26 23) (27 28 21) (29 22) (22 23 24) (30 31) (32) (29 31)
 (34) (33 35) (35 30) (33 37) (38) (33 37) (34 32) (41 36 38) (42) (42) (43 44)
 (43 44 39 40) (45 46) (47) (48) (48) (50) (51) (52) (49 53) (52) (53 55)
 (49 56) (54 56) (58) (57 59) (60) (60) (62) (61 63) (64) (61 63) (65 66) (60)
 (66 68 64) (67 68) (70) (69 71) (72) (68 64) (74 71) (75 72) (76) (75 69)
 (76 78) (79) (77 80) (77 80) (82) (73 81 83) (81 83) (73 85) (85) (84 86 87)
 (73 85) (89 88) (90) (91) (92) (93) (91) (92 95) (96) (94 95) (98 96) (97 99)
 (100) (101) (101) (103) (102 104) (104) (100) (107 102) (107 104) (100)
 (109 110) (105 111) (112) (106 108 112) (106 112) (115 108) (113 116)
 (114 117) (118) (119) (118) (121) (118) (122 123 120) (124) (122 123 120)
 (126) (125 126) (128) (129) (129) (131 127) (126) (132 133) (130 134)
 (130 134) (131 133 127) (137 135) (138) (139) (139) (138) (142) (139 143)
 (140 143 136) (145 141 144) (146) (146) (148) (147 149))