(NIL NIL (2 1) (3) (3) (5) (3) (5 7) (4 8) (9 6) (10) (7) (10 12) (11 12)
 (13 14) (9 12) (15 16) (13 16) (17 18) (19) (20) (19) (15 16) (22 23) (24)
 (20 24) (26) (25 27 21) (28) (26 21) (28 30) (31) (32) (29 32) (25 26 21)
 (34 35) (36) (36) (33 38) (33 34 35) (37 38 40) (41 39) (41) (43 39) (42 44)
 (44) (42 46) (46) (45 48) (48) (50 45) (49 51 47) (50 45 47) (52 53) (54) (55)
 (56) (56) (57 58) (59) (60) (61) (59) (60 63) (61 64) (61 64) (63) (67 61)
 (68) (65 67 62) (65 68 62) (66 71) (70 72) (71) (73 74) (75 69) (75) (75 69)
 (77 78) (78) (76 79 80) (81) (82) (83) (84) (85) (86) (83) (87 88) (89) (90)
 (91) (92) (92) (94) (95) (93 96) (93 96) (93 94) (99 96) (100) (97) (102 100)
 (103) (104) (105 98 101) (101 103) (98 107 104) (105 98 107) (108 109) (110)
 (111) (112) (113 106) (114) (115) (115) (117) (115) (117 119) (118 120) (121)
 (121 116) (118 120) (118 119) (122 123 124 125) (126) (126) (127 128)
 (118 119) (129 130) (131) (130 128) (129 133) (131 134) (132 135) (136) (136)
 (135) (137 139) (140) (138 141) (142) (138 140) (144) (145 142) (134)
 (145 147) (146 148) (149 143))