(NIL NIL (2 1) NIL NIL (4 3) (6) (5 7) (7) (9) (10 8) (11) (12) (9 8) (12 14)
 (13 15) (16) (15) (17 18) (19) (20) (20) (20) (19) (21 22 24) (22 24) (26)
 (27) (28) (25 28 23) (30) (30) (25 27) (33 29 31 32) (34) (34) (36) (36)
 (37 38) (35 38) (39 40) (40) (42 37) (43 39) (44) (45) (46) (44) (48) (49 47)
 (50) (49 47) (50 52) (51 53) (51 52) (41 54 55) (56) (56) (57 58) (59) (60)
 (61) (62) (61) (53 55) (65 60) (65 62) (66 67) (68) (69 63 64) (70) (70)
 (71 72) (70) (74 72) (75) (73 76) (77) (77) (79) (78 79) (81 80) (82) (83)
 (79) (82 85) (84 85) (84 85) (83 85) (89 84 86) (90 87 88) (91) (90 87)
 (92 93) (94) (93) (95 96) (97) (97) (95 96) (94 96) (98 101) (102)
 (99 100 101) (102 104) (105) (105) (106 107) (108) (109 103) (106 107 103)
 (111) (110 112) (113) (114) (114) (115 116) (117) (118) (119) (119) (121 120)
 (122) (123) (123) (125) (126) (124 127) (122) (129 127) (130) (129 124 125)
 (132 128) (133) (130 134) (131 134) (136) (137) (137 135) (136) (138 140)
 (131 135) (138 140 142) (139 143) (141 144) (139 140 142) (146 143) (145 147)
 (146 144) (148 149))