(NIL (1) (2) NIL (2) (4 5) (4 3 5) (7) (6 8) (8) (10 6) (9 11) (11) (13)
 (12 14) (15) (15) (17 16) (17 16) (18 19) (18 19) (21) (20 22) (20 22) (21)
 (25 23) (26) (25 22) (26 28) (29) (30) (27 31) (30 24) (33 27 31) (34 32) (35)
 (36) (34 32) (37 38) (35 38) (37 40) (41 39) (42) (43) (44) (45) (45) (46 47)
 (47) (49) (50 46) (51) (52) (52 48) (53 54) (55) (56) (55) (58 56) (57 59)
 (59) (60 61) (62) (60 61) (62 64) (64) (65 66) (67 63) (68) (69) (70) (71)
 (72) (73) (74) (74) (76) (77) (78) (79) (80) (81) (82 75) (82) (75 84) (82)
 (83 85 86) (87) (88) (88) (90) (89 91) (90) (89 91 93) (94) (92 95) (95)
 (97 96) (92 94) (98 99) (97 99 96) (100 101) (102) (103) (103) (105) (106 104)
 (107) (106 104) (108 109) (110) (111) (112) (113) (114) (115) (116) (117)
 (117) (118 119) (120) (121) (122) (122) (122) (125) (123 126) (124 127) (127)
 (123 126) (123 126) (131 128) (130 131 128) (129 133) (134) (132 135) (136)
 (136) (137 138) (139) (140) (141) (142) (143) (144) (145) (145) (146 147)
 (145) (148 149) (150) (148 149) (151 152) (153) (154) (153) (155 156) (157)
 (157) (158 159) (160) (161) (162) (163) (164) (165) (165) (165) (166 167 168)
 (167 168) (169 170) (171) (172) (172) (172) (171) (173 174 176) (177 175)
 (178) (178) (179 180) (178) (177 175) (179 182 183) (181 184) (185) (186)
 (187) (186) (188 189) (190) (191) (192) (191) (194 192) (193 195) (193 195)
 (197) (198) (199) (196 200) (201) (202) (203) (204) (204) (205 206) (207)
 (208) (209) (210) (211) (211) (213) (212 213) (215) (214 216) (214 216) (218)
 (217 218) (220) (219 221) (222) (223) (224) (225) (223) (226 227) (228) (229)
 (229) (229) (232) (233) (234 230) (235) (236) (235 231) (234 231) (236 239)
 (238 240) (241 237) (242) (243) (244) (244) (245 246) (246) (245 246)
 (249 247) (250 248) (251) (251) (252 253) (254) (252 253) (251) (257 255)
 (258) (257 255 256) (250 248) (259 260 261) (262) (263) (263) (265 264) (266)
 (267) (268) (269) (270) (271) (272) (273) (274) (274) (276) (275 277) (277)
 (278 279) (280) (281) (282) (283) (284) (285) (286) (283) (286 288) (289)
 (290 287) (291) (292) (289 287) (293 294) (295) (295) (295) (298)
 (297 299 296) (300) (301) (302) (303) (304) (305) (306) (307) (307) (308 309)
 (310) (311) (312) (313) (314) (315) (313) (315 317) (316 318) (316 317)
 (319 320) (320) (321 322) (323) (324) (323) (325 326) (323) (325 328)
 (329 327) (330) (331) (331) (333) (333) (332 335) (336) (337) (334 336)
 (338 339) (338 339) (341) (342) (342) (343 344) (345) (345 340) (346 347)
 (347) (348 349) (350) (351) (351) (353 352) (353 352) (354 355) (353)
 (355 357) (358) (356 359) (360) (356 358) (361 362) (363) (364) (364) (364)
 (365 367) (367) (369 368) (370) (371) (372 366) (369 366 368) (371 374)
 (373 375) (376) (377) (376) (378 379) (380) (380) (378 379) (382 383) (384)
 (384) (386) (385 386) (387 388 381) (389) (390) (388 381) (390 392) (393 391)
 (393 391) (394 395) (396) (397) (394 395) (399) (396 400) (401) (402)
 (402 398) (403 404) (405) (406) (407) (408) (409) (410) (411) (412) (411)
 (413 414) (415) (416) (417) (418) (418) (420) (421) (421) (422 423) (423)
 (425 419) (426 424) (427) (428) (429) (430) (431) (430) (433 431) (434 432)
 (435) (436) (437) (438) (438) (437) (441 439) (442 440) (443) (444) (443)
 (445 446) (447) (447) (449 448))