(NIL (1) (2) (3) (4) (5) (6) (6) (8) (4) (10 7 8) (9 11) (10 8) (9 11 13) (14)
 (12 15) (16) (17) (16) (18 19) (18 19) (21) (22) (20 23) (24) (24) (26) (27)
 (27) (28 29) (29) (25 28 31) (32) (31) (34 32) (33 34) (35 36) (35 36) (35 36)
 (30 39) (37 38 40) (41) (42) (43) (44) (45) (44) (47) (45 48) (49) (50) (51)
 (51) (52 53) (52 53 46) (51 46) (54 56) (57 55) (58) (59) (60) (61) (60) (63)
 (64) (65 62) (65 62) (65 62) (66 67 68) (69) (66 68) (71) (69 72) (70 72) (74)
 (75) (76) (75) (77 78) (79) (73 79) (81) (82) (83 80) (82) (83 85 80) (86)
 (84 87) (88) (89) (90) (91) (92) (93) (93) (95) (95) (97) (97) (99 94 96)
 (99 94) (100 101) (101 96) (102 103) (98 104) (105) (106) (107) (106) (109)
 (108 110) (111) (112) (113) (114) (114) (112) (115 116 117) (118) (119) (120)
 (119) (122) (122 120) (123 124) (125) (126) (127) (128) (121 127) (130 128)
 (131) (132) (129 132) (129 132) (133 134 135) (136) (137) (138) (139) (139)
 (141) (142) (143) (140 144) (145) (140 144) (146 147) (148) (149) (149) (149)
 (152 150) (152 150 151) (151) (152 150 155) (153 156) (157) (154 158) (159)
 (160) (161) (162) (160) (162 164) (165) (163 165) (167) (165) (169 163)
 (170 168) (169 166 167) (171 172) (169 166 168) (171 172 174) (175) (176)
 (171 172 174) (177 178) (177 178) (180 173) (179 181) (182) (183) (183) (185)
 (185) (186 187 184) (188) (188) (189 190) (185) (189 192) (193 191) (194)
 (195) (196) (197) (198) (198) (199 200) (201) (201) (202 203) (203) (204 205)
 (206) (207) (207) (209 208) (210) (211) (212) (212) (213 214) (215) (216)
 (217) (218) (219) (220) (215) (221 222) (223) (224) (225) (226) (227) (227)
 (228 229) (230) (231) (232) (231) (234) (235 232) (233 236) (237) (238)
 (233 236) (238 240) (241) (242) (243) (244 239) (245) (245) (244) (247 248)
 (249 246) (249) (250 251) (252) (253) (246 247 248) (253 255) (256) (257 254)
 (257) (254 256) (258 259 260) (257 260) (259 260) (261 263) (264) (262 264)
 (262 264) (265 266 267) (265 267) (269) (270) (268 271) (272) (273) (273)
 (275) (276) (274 277) (278) (278) (276) (281 280) (281 279 280) (283)
 (282 283) (284 285) (284 285) (284 285) (287 288) (284 285) (289 290 286)
 (291) (292) (293) (294) (295) (296) (296) (298) (297 299) (300) (301) (301)
 (303) (303) (305) (305 302) (307 304) (308) (308) (307) (306 309 310 311)
 (306 310 311) (313 309) (314 312) (315) (313 312) (316 317) (318) (316 317)
 (316 317) (321 318) (322 319 320) (323) (323) (325) (324 325) (326 327) (328)
 (329) (330) (331) (332) (332) (333 334) (335) (335) (337 336) (337 336)
 (337 336) (340) (341) (338 339 342) (343) (343) (345) (346) (345 344)
 (346 348) (348) (347 350) (349 351) (347 350) (353 349 351) (353 352)
 (354 355) (356) (357) (358) (359) (359) (361) (362 360) (361) (364 360)
 (363 365) (366) (363 365) (367 368) (367 368) (369 370) (369 370) (371 372)
 (372) (373 374) (375) (376) (377) (377) (379) (376) (380 381) (378 382) (383)
 (383) (377 381) (385 386 384) (385 386 384) (387 388) (388) (389 390) (391)
 (392) (389 390) (394 392) (393 394) (393 394) (395 396 397) (395 397)
 (396 399) (398 400) (401) (402) (402) (404) (405) (403 406) (407) (407) (404)
 (409 410 408) (411) (412) (413) (414) (414) (415 416) (417) (418) (418) (417)
 (418 421) (421) (422 423) (419 424) (425 420) (425 420) (426 427) (428) (429)
 (430) (430) (431 432) (433) (434) (435) (436) (437) (438) (439) (440) (441)
 (442) (441) (442 444) (443 444) (446) (445 446) (447 448) (449))