(NIL (1) (2) (1) (2 4) (2 4) (5 6) (7) (3 7) (9 8) (10) (11) (11) (12 13) (14)
 (15) (15) (14) (18) (17 19 16) (20) (21) (22) (23) (24) (25) (26) (25) (25)
 (29) (27 28 30) (31) (32) (33) (34) (35) (36) (36) (38) (38) (35) (41 37 40)
 (42) (43) (44 39) (44 39) (46) (47) (43 39) (49 45 46) (49 47) (51 48) (50 52)
 (53) (54) (55) (56) (57) (58) (58) (60) (59 61) (61) (59 63) (64) (64) (66 62)
 (67) (65 68) (68) (69 70) (71) (72) (71) (74 72) (73 75) (76) (77) (78) (79)
 (80) (79) (82) (83 80) (81 84) (81 84) (86) (85 87) (88) (89) (85 86) (90 91)
 (92) (93) (94) (93) (94 96) (97) (97 95) (97 95) (98 100) (95 96) (99 101 102)
 (103) (104) (105) (105) (106 107) (106 107) (108 109) (110) (111) (112) (113)
 (113) (115) (114 116) (117) (118) (114 115) (118 120) (121 119) (122)
 (119 120) (122 124) (122 124) (126) (123 125 127) (127) (129 125) (130 128)
 (131) (131) (130 123) (132 133 134) (132 134) (135 136) (137) (135 136)
 (137 139) (140) (141) (138 142) (138 142) (144) (145 143) (146) (147) (148)
 (148) (147) (151) (150 152) (146) (154 149 152) (153 155) (155 150) (156 157)
 (157) (153 159) (156 157) (161 158 160) (161 159) (163 158 160) (164) (164)
 (166) (164) (165 167 168) (169 162) (170) (171) (172) (173) (173) (175)
 (174 175) (175) (178 174 176) (177 179) (180) (181) (182) (183) (184) (185)
 (186) (187) (186) (189) (188 190) (191) (192) (191) (194) (195 192) (190)
 (196 197) (193 198) (193 194 197) (200) (201 199) (201 195) (203 198)
 (202 204) (205) (202 204) (205 207) (208) (209 206) (210) (211) (210)
 (211 213) (212 214) (214) (216) (217) (218 215) (215 216) (217 220) (218 221)
 (222) (223) (219 224) (224) (225 226) (219 224) (225 226 228) (229) (230)
 (227 231) (232) (233) (234) (235) (234) (237) (235 238) (236 238) (240) (241)
 (242) (243) (244 239) (243 239) (246) (244 247) (248) (245 247) (250)
 (249 251) (252) (253) (254) (252) (254 256) (257) (258 255) (259) (260) (261)
 (262) (263) (263) (265 264) (266) (260) (267 268) (269) (267 268) (270 271)
 (269 271) (273 270) (273 270) (275 272) (274 276) (275) (274 276 278)
 (277 278) (279 280) (279 280) (281 282) (279 280) (283 284) (285) (286) (287)
 (281 282 284) (289 288) (290) (291) (292) (293) (294) (293) (296) (295 296)
 (297 298) (299) (299) (300 301) (297 298) (302 303) (304) (305) (304)
 (305 307) (308) (306 309) (310) (306 308) (312) (306 307) (313 314 310)
 (315 311) (315) (317) (315) (319 311) (316 318 320) (321) (322) (322)
 (316 318 320) (322 325) (322 325) (323 324 326 327) (328) (329) (329) (331)
 (330 332) (331) (330 332 334) (328) (333 335 336) (337) (337) (339) (338 339)
 (338 339) (341 342) (340 343) (343) (345 340) (346) (347 344) (347 344) (349)
 (350) (349) (350 352) (353 348 351) (354) (353) (355 356) (357) (358) (359)
 (359) (361 360) (362) (363) (364) (364) (366) (367) (365 368) (369) (369)
 (370 371) (372) (373) (374) (374) (375 376) (375 376) (378) (377 379) (380)
 (381) (381) (382 383) (384) (385) (386) (385) (385) (387 388 389) (388 389)
 (387 391) (390 391) (393 392) (394) (395) (394) (396 397) (398) (395 397)
 (399 400) (401) (401) (399 400) (403 404) (402 405) (406) (407) (408) (409)
 (410) (411) (412) (411) (413 414) (415) (416) (417) (418) (418) (420) (421)
 (421) (421) (419 422 423 424) (419 423 424) (425 426) (427) (428) (428) (430)
 (431) (431) (433) (434 432) (434 429 432) (436) (435 436) (437 438) (439)
 (440) (441) (442) (442) (444) (443 444) (443 444) (447) (445 447) (449 446))