(NIL (1) (2) (3) (4) (5) (6) (7) (7) (9 8) (10) (11) (10) (12 13) (12 13)
 (12 13) (14 16) (17 15) (18) (19) (20) (21) (22) (23) (24) (25) (26) (27) (28)
 (29) (30) (31) (32) (33) (34) (35) (36) (37) (38) (39) (40) (41) (42) (43)
 (44) (45) (46) (47) (48) (49) (50) (51) (52) (53) (54) (54) (55 56) (57) (58)
 (59) (59) (60 61) (60 61) (63) (62 64) (65) (66) (67) (68) (69) (70) (69)
 (71 72) (71 72) (71 72) (74 75) (73 76) (73 74 75) (77 78) (79) (80) (81) (82)
 (83) (84) (85) (86) (87) (88) (89) (90) (91) (92) (93) (94) (95) (96) (97)
 (98) (99) (100) (99) (101 102) (103) (104) (105) (103) (106 107) (108) (109)
 (109) (110 111) (110 111) (113 112) (114) (115) (116) (117) (117) (118 119)
 (120) (121) (122) (123) (124) (125) (126) (127) (128) (129) (130) (131) (132)
 (133) (134) (135) (136) (137) (138) (139) (140) (141) (141) (142 143) (144)
 (145) (146) (146) (148) (147 149) (145) (147 149 151) (150 152) (153) (154)
 (155) (156) (157) (157) (158 159) (160) (161) (162) (163) (163) (164 165)
 (166) (167) (168) (169) (169) (170 171) (172) (172) (173 174) (173 174) (176)
 (177 175) (178) (176) (179 180) (178 180) (181 182) (179 182) (181 184)
 (185 183) (186) (187) (188) (189) (190) (191) (192) (193) (194) (195) (196)
 (197) (198) (199) (200) (197) (201 202) (203) (204) (204) (206) (205 206)
 (207 208) (209) (210) (211) (212) (213) (213) (215) (214 216) (217) (218)
 (219) (220) (221) (222) (223) (221) (225 224) (226) (227) (228) (229) (229)
 (231) (231) (233 232) (234 230) (234 230) (235 236) (237) (238) (239) (240)
 (241) (242) (243) (243) (244 245) (246) (247) (248) (249) (250) (251) (252)
 (253) (252) (254 255) (256) (257) (258) (259) (260) (261) (261) (262 263)
 (262 263) (265) (266 264) (266 264) (267 268) (269) (270) (271) (271)
 (273 272) (274) (275) (275) (276 277) (276 277) (279) (280) (281) (282 278)
 (283) (284) (285) (286) (287) (288) (289) (290) (290) (292) (293) (291 294)
 (295) (291 294) (297 296) (298) (299) (298) (300 301) (302) (303) (303) (305)
 (306 304) (307) (308) (309) (308) (310 311) (312) (313) (314) (315) (314)
 (316 317) (318) (319) (320) (320) (321 322) (321 322) (323 324) (323 324)
 (326) (325 327) (328) (329) (330) (331) (332) (333) (334) (335) (336) (337)
 (338) (339) (340) (341) (342) (343) (344) (345) (346) (346) (348) (347 349)
 (350) (351) (352) (353) (352) (353 355) (356) (357) (354 358) (359) (360)
 (361) (362) (363) (364) (365) (366) (367) (368) (369) (370) (371) (372) (373)
 (374) (375) (376) (377) (378) (379) (380) (381) (382) (383) (384) (385) (386)
 (386) (387 388) (389) (390) (391) (392) (393) (394) (395) (396) (397) (398)
 (399) (400) (400) (401 402) (403) (404) (405) (405) (407) (406 408) (408)
 (409 410) (411) (412) (413) (414) (415) (416) (417) (418) (419) (419)
 (420 421) (420 421) (422 423) (422 423) (425) (426 424) (427) (428) (429)
 (430) (430) (431 432) (433) (434) (435) (436) (437) (438) (439) (440) (438)
 (442 439) (443 440) (441 444) (443) (445 446) (447) (448) (449))