(NIL (1) (2) (3) (3) (4 5) (6) (6) (7 8) (9) (9) (11) (10 12) (13) (14) (15)
 (16) (17) (18) (19) (20) (21) (21) (23) (23) (25 22) (25 22) (26 27 24) (28)
 (26 27 24) (26 27 24) (30 31) (29 32) (33) (34) (35) (36) (37) (38) (35)
 (39 40) (41) (42) (43) (44) (45) (46) (47) (48) (49) (49) (50 51) (52) (53)
 (54) (55) (56) (57) (56) (57 59) (58 60) (61) (62) (63) (64) (65) (66) (67)
 (68) (69) (70) (70) (71 72) (73) (74) (71 72) (75 76) (77) (78) (79) (79)
 (81 80) (82) (83) (84) (85) (86) (87) (88) (89) (90) (91) (92) (93) (94) (95)
 (96) (97) (96) (97 99) (98 100) (101) (101) (102 103) (104) (105) (106) (107)
 (108) (109) (110) (111) (112) (113) (114) (115) (116) (115) (117 118) (119)
 (120) (120) (122) (121 123) (124) (125) (126) (127) (128) (128) (130)
 (129 131) (132) (133) (134) (134) (135 136) (137) (136) (138 139) (140) (140)
 (141 142) (143) (143) (145 144) (146) (147) (148) (148) (149 150) (151) (152)
 (152) (153 154) (155) (156) (157) (158) (159) (159) (161 160) (162) (163)
 (163) (164 165) (164 165) (166 167) (166 167) (169 168) (170) (171) (172)
 (173) (174) (175) (176) (177) (178) (179) (179) (180 181) (182) (183) (183)
 (185 184) (186) (187) (188) (189) (190) (190) (191 192) (191 192) (193 194)
 (195) (196) (197) (198) (199) (200) (200) (202) (201 203) (204) (203)
 (205 206) (207) (208) (208) (209 210) (211) (212) (213) (213) (215) (214 216)
 (217) (218) (219) (220) (221) (222) (222) (223 224) (225) (226) (227) (228)
 (229) (230) (231) (232) (233) (234) (235) (235) (237) (236 238) (239)
 (236 238) (241 240) (242) (243) (244) (245) (246) (247) (247) (249 248) (250)
 (250) (251 252) (253) (253) (254 255) (256) (257) (258) (257) (258 260)
 (259 261) (262) (263) (264) (264) (265 266) (267) (268) (269) (270) (271)
 (272) (272) (273 274) (275) (276) (276) (277 278) (277 278) (280) (281 279)
 (282) (282) (283 284) (283 284) (285 286) (287) (288) (289) (290) (291) (292)
 (293) (294) (293) (295 296) (296) (298 295) (297 299) (300) (300) (302)
 (301 303) (304) (305) (305) (307) (307) (306 308 309) (310) (311) (312) (313)
 (314) (315) (316) (317) (318) (317) (319 320) (321) (322) (323) (323)
 (324 325) (326) (327) (326) (329 328) (330) (330) (331 332) (330)
 (331 332 334) (333 335) (333 335) (337 336) (338) (339) (340) (340) (341 342)
 (343) (344) (345) (346) (347) (348) (349) (350) (351) (352) (353) (354) (354)
 (356) (355 356) (357 358) (358) (359 360) (359 360) (361 362) (363) (364)
 (364) (366) (365 367) (367) (369 365) (370 368) (371) (371) (372 373) (374)
 (375) (376) (377) (378) (379) (380) (381) (382) (383) (384) (385) (386) (387)
 (388) (389) (390) (391) (390) (393 391) (394 392) (393 392) (395 396) (397)
 (398) (398) (400) (401 399) (402) (403) (404) (405) (403) (406 407) (408)
 (406 407) (410) (409 411) (412) (413) (414) (415) (414) (417 416) (418) (419)
 (420) (421) (422) (421) (423 424) (425) (426) (427) (428) (429) (430) (431)
 (432) (433) (434) (435) (436) (435) (436 438) (437 439) (437 439) (441 440)
 (442) (443) (444) (445) (446) (447) (447) (449 448))