(NIL NIL (2 1) (3) (2 1) (4 5) (6) (6) (7 8) (9) (9) (10 11) (12) (12) (13 14)
 (14) (15 16) (17) (18) (18) (20) (19 21) (22) (23) (24) (25) (26) (27) (28)
 (29) (30) (31) (32) (33) (33) (34 35) (36) (37) (38) (39) (40) (41) (42) (43)
 (44) (45) (46) (46) (47 48) (49) (50) (51) (52) (53) (54) (55) (56) (57) (58)
 (59) (60) (61) (62) (63) (64) (65) (66) (67) (68) (69) (70) (71) (72) (73)
 (74) (75) (76) (77) (78) (79) (80) (81) (82) (83) (84) (85) (86) (85) (86 88)
 (89 87) (90) (91) (92) (92) (93 94) (93 94) (95 96) (97) (98) (98) (100)
 (99 101) (99 101) (102 103) (104) (105) (106) (107) (108) (109) (110) (110)
 (111 112) (113) (114) (115) (116) (117) (116) (118 119) (118 119) (121)
 (122 120) (123) (124) (125) (124) (126 127) (126 127) (129 128) (130) (131)
 (131) (132 133) (133) (134 135) (136) (137) (138) (139) (140) (141) (142)
 (142) (143 144) (145) (146) (147) (148) (149) (149) (150 151) (152) (153)
 (154) (155) (156) (157) (158) (159) (160) (161) (160) (162 163) (162 163)
 (164 165) (166) (167) (168) (169) (170) (171) (172) (173) (174) (175) (173)
 (177 174) (178 176) (179) (178 175) (180 181) (182) (182) (183 184) (185)
 (186) (187) (188) (189) (189) (190 191) (192) (193) (194) (195) (195)
 (196 197) (198) (196 197) (199 200) (201) (202) (203) (204) (205) (206) (207)
 (208) (209) (210) (211) (212) (212) (213 214) (215) (216) (216) (217 218)
 (219) (220) (221) (222) (223) (224) (225) (226) (227) (228) (228) (229 230)
 (229 230) (231 232) (233) (234) (235) (236) (237) (238) (239) (240) (241)
 (242) (243) (243) (245) (244 246) (247) (248) (249) (250) (251) (252) (252)
 (253 254) (253 254) (256) (257 255) (258) (259) (260) (261) (262) (263) (264)
 (264) (265 266) (267) (267) (268 269) (270) (270) (271 272) (273) (274) (275)
 (276) (277) (278) (279) (280) (281) (281) (283) (280) (283 285) (282 284 286)
 (287) (288) (289) (289) (290 291) (292) (293) (294) (295) (296) (297) (298)
 (299) (300) (301) (302) (303) (304) (305) (305) (306 307) (308) (308)
 (309 310) (311) (309 310) (313 312) (314) (315) (316) (316) (317 318) (319)
 (320) (320) (321 322) (322) (324) (323 325) (321 324) (326 327) (328) (329)
 (328) (329 331) (332) (333) (330 334) (335) (335) (337 336) (338) (339) (340)
 (341) (342) (343) (344) (345) (346) (347) (348) (349) (350) (350) (352)
 (353 351) (354) (355) (354) (356 357) (358) (358) (359 360) (361) (362) (363)
 (364) (365) (366) (367) (368) (368) (369 370) (371) (372) (373) (374) (375)
 (376) (377) (378) (379) (380) (381) (382) (383) (383) (385 384) (386) (387)
 (388) (388) (389 390) (391) (392) (393) (393) (394 395) (396) (395) (397 398)
 (397 398) (399 400) (401) (402) (403) (403) (404 405) (406) (407) (408) (409)
 (409) (410 411) (412) (413) (414) (415) (416) (416) (417 418) (419) (420)
 (421) (422) (423) (424) (425) (426) (427) (428) (429) (429) (430 431) (432)
 (433) (434) (435) (436) (437) (438) (439) (440) (441) (442) (443) (443) (443)
 (444 446) (445 446) (447 448) (449))