(NIL NIL NIL (2 3) (1 3) NIL (3 6) (2 6) (7 4 8) (1 6) (7 5 10) NIL (12 6)
 (12 3) (13 7 14) (12 1) (13 10 16) (5 14 16) (15 17 11 18) NIL (12 20) (20 6)
 (13 22 21) (20 3) (14 24 21) (7 22 24) (23 25 15 26) (20 2) (22 8 28)
 (24 4 28) (29 30 26 9) NIL (12 32) (6 32) (13 34 33) (3 32) (14 33 36)
 (7 34 36) (37 38 15 35) (1 32) (16 33 40) (10 34 40) (41 17 35 42) (5 40 36)
 (37 41 44 18) (38 11 44 42) (39 45 43 19 46) NIL (32 48) (20 48) (12 48)
 (49 33 51) (21 50 51) (6 48) (49 34 54) (22 50 54) (13 54 51) (57 35 55 52)
 (53 57 23 56) (2 48) (60 50 28) (60 54 8) (29 61 62 56) (1 48) (49 64 40)
 (16 51 64) (41 65 66 52) (10 54 64) (65 42 68 55) (57 66 68 17)
 (58 43 69 67 70) NIL (72 48) (20 72) (73 50 74) (12 72) (73 76 51) (76 21 74)
 (53 77 78 75) (72 6) (73 80 54) (22 80 74) (81 82 75 56) (13 76 80)
 (57 77 81 84) (23 78 82 84) (85 86 59 79 83) (72 3) (24 88 74) (76 88 14)
 (89 78 25 90) (7 80 88) (92 89 82 26) (15 92 90 84) (93 86 91 27 94) NIL
 (96 72) (96 48) (73 98 97) (96 32) (49 98 100) (96 20) (97 74 102) (98 50 102)
 (103 104 99 75) (96 12) (76 97 106) (98 106 51) (99 77 107 108) (100 33 106)
 (110 101 108 52) (21 106 102) (103 112 78 107) (53 104 112 108)
 (109 113 105 79 114) (96 6) (116 80 97) (98 116 54) (117 99 81 118)
 (100 116 34) (101 118 55 120) (22 116 102) (103 122 117 82) (104 122 118 56)
 (124 105 123 119 83) (13 116 106) (117 126 107 84) (57 126 118 108)
 (109 85 127 119 128) (110 35 126 120) (121 58 111 130 128) (122 23 112 126)
 (86 123 132 113 127) (132 59 124 114 128) (125 129 133 134 115 87) (96 2)
 (98 60 136) (28 136 102) (137 104 61 138) (116 8 136) (137 140 118 62)
 (29 122 140 138) (139 124 141 142 63) (96 1) (98 144 64) (100 144 40)
 (65 145 101 146) (16 106 144) (145 66 148 108) (41 110 148 146)
 (147 111 149 67 150) (10 116 144) (145 68 118 152) (42 146 152 120)
 (121 153 147 69 154) (148 17 126 152) (153 156 149 70 128)
 (130 43 156 150 154) (151 155 157 158 131 71) NIL (160 96) (160 72)
 (161 97 162) (160 48) (98 161 164) (73 164 162) (99 165 166 163) (160 20)
 (161 168 102) (168 162 74) (103 169 170 163) (168 164 50) (104 165 169 172)
 (172 166 75 170) (173 174 105 171 167) (160 12) (161 106 176) (76 162 176)
 (177 178 107 163) (164 51 176) (177 180 165 108) (178 77 180 166)
 (109 179 181 182 167) (168 21 176) (177 112 169 184) (178 78 170 184)
 (185 186 179 113 171) (53 184 180 172) (173 185 188 181 114)
 (174 188 79 182 186) (175 189 190 187 115 183) (160 6) (161 116 192)
 (80 162 192) (193 194 117 163) (164 54 192) (193 196 165 118) (194 196 81 166)
 (195 197 119 167 198) (22 168 192) (193 122 169 200) (194 200 170 82)
 (201 202 123 195 171) (196 200 56 172) (173 201 124 197 204)
 (174 204 198 83 202) (175 125 199 203 205 206) (13 192 176) (177 193 126 208)
 (178 208 194 84) (209 210 179 195 127) (57 196 180 208) (209 197 212 181 128)
 (85 210 212 182 198) (211 213 214 129 199 183) (208 23 200 184)
 (185 201 209 132 216) (210 186 216 202 86) (187 217 218 133 211 203)
 (204 59 188 212 216) (213 217 220 134 189 205) (214 218 220 87 206 190)
 (215 191 219 221 222 135 207) (160 3) (224 88 162) (168 24 224)
 (225 89 170 226) (14 224 176) (178 225 90 228) (228 25 226 184)
 (229 186 227 91 230) (7 224 192) (194 232 225 92) (226 232 26 200)
 (93 202 233 234 227) (15 228 232 208) (229 210 236 233 94)
 (230 236 234 27 216) (95 218 231 235 237 238) (160 1) (161 240 144)
 (164 240 64) (145 241 165 242) (16 240 176) (177 241 148 244) (66 180 244 242)
 (149 243 181 245 246) (10 240 192) (193 241 248 152) (242 196 68 248)
 (153 249 243 197 250) (244 17 248 208) (209 249 156 245 252)
 (250 212 252 70 246) (213 157 247 251 253 254) (5 224 240) (244 256 18 228)
 (11 232 256 248) (257 258 252 19 236))