(NIL NIL (1 2) NIL (4 2) (4 1) (5 6 3) NIL (8 1) NIL (10 2) (10 1) (12 3 11)
 NIL (14 10) (14 4) (14 2) (15 11 17) (16 5 17) (14 1) (12 15 20) (20 16 6)
 (20 3 17) (18 13 21 23) (19 22 23 7) NIL (26 14) (26 10) (27 28 15) (26 8)
 (26 4) (27 16 31) (26 2) (27 33 17) (33 28 11) (18 35 34 29) (33 31 5)
 (19 34 37 32) (26 1) (39 27 20) (12 28 39) (21 40 41 29) (9 39 30) (39 31 6)
 (40 22 32 44) (39 33 3) (46 40 34 23) (46 13 41 35) (47 48 42 36 24)
 (46 44 37 7) (25 47 45 50 38) NIL (26 52) (14 52) (53 54 27) (8 52) (53 56 30)
 (2 52) (58 53 33) (58 54 17) (59 60 34 55) (1 52) (39 53 62) (54 20 62)
 (64 40 55 63) (9 56 62) (66 57 43 63) (58 3 62) (46 59 68 63) (64 60 68 23)
 (47 61 69 70 65) NIL (72 52) (26 72) (53 74 73) (14 72) (54 73 76) (27 74 76)
 (55 75 77 78) (10 72) (28 74 80) (15 76 80) (82 29 81 78) (8 72) (56 73 84)
 (30 74 84) (57 75 85 86) (72 4) (74 31 88) (16 76 88) (89 90 32 78) (72 2)
 (58 92 73) (33 74 92) (59 75 93 94) (92 76 17) (96 60 93 77) (96 34 94 78)
 (79 97 98 61 95) (92 80 11) (100 35 94 81) (18 96 100 82) (83 98 36 102 101)
 (92 5 88) (89 104 94 37) (96 90 104 19) (105 91 106 98 38) (72 1) (108 73 62)
 (108 39 74) (109 110 75 63) (108 20 76) (64 109 112 77) (40 112 110 78)
 (79 65 111 113 114) (108 12 80) (116 110 41 81) (116 112 21 82)
 (83 117 118 42 114) (9 108 84) (109 66 120 85) (110 120 43 86)
 (87 67 111 122 121) (108 6 88) (89 124 110 44) (124 90 112 22)
 (125 91 126 114 45) (108 92 3) (109 128 68 93) (46 110 128 94)
 (129 111 69 130 95) (96 128 112 23) (132 97 113 70 129) (132 47 98 130 114)
 (99 131 133 134 71 115) (116 128 13 100) (117 48 136 101 130)
 (132 118 136 102 24) (119 49 103 134 137 138) (104 124 128 7)
 (140 105 50 130 125) (25 132 106 140 126) (127 51 134 107 141 142) NIL
 (144 72) (144 52) (145 73 146) (144 26) (74 145 148) (53 148 146)
 (150 75 149 147) (144 14) (152 145 76) (152 54 146) (153 154 77 147)
 (152 27 148) (153 156 149 78) (154 55 156 150) (151 79 155 157 158) (144 10)
 (160 145 80) (160 28 148) (161 162 81 149) (152 15 160) (153 164 161 82)
 (162 29 156 164) (83 163 165 157 166) (144 8) (168 145 84) (168 56 146)
 (169 170 85 147) (168 30 148) (169 172 149 86) (170 57 172 150)
 (151 87 171 173 174) (144 4) (176 145 88) (176 148 31) (89 177 178 149)
 (152 176 16) (90 153 177 180) (180 156 32 178) (181 182 91 179 157) (144 2)
 (184 145 92) (58 184 146) (185 93 186 147) (33 184 148) (188 94 149 185)
 (188 59 186 150) (151 189 190 187 95) (152 184 17) (96 153 192 185)
 (60 154 192 186) (97 155 193 194 187) (188 34 192 156) (196 189 98 193 157)
 (196 190 61 194 158) (159 197 198 99 191 195) (160 184 11) (200 161 100 185)
 (188 200 162 35) (189 163 101 202 201) (18 200 192 164) (201 204 102 165 193)
 (196 204 36 202 166) (197 203 205 206 103 167) (176 184 5) (104 208 177 185)
 (188 208 178 37) (105 210 209 179 189) (19 208 192 180) (181 212 106 193 209)
 (196 182 212 210 38) (197 214 211 213 183 107) (144 1) (108 145 216)
 (216 62 146) (109 217 218 147) (39 216 148) (220 110 217 149) (220 63 218 150)
 (151 221 222 111 219) (152 20 216) (224 153 112 217) (64 154 224 218)
 (225 155 113 226 219) (220 40 224 156) (228 221 114 157 225)
 (228 65 222 226 158) (159 223 227 229 230 115) (160 216 12) (116 161 232 217)
 (220 162 232 41) (117 163 233 234 221) (224 232 21 164) (236 118 225 165 233)
 (228 236 42 234 166) (119 229 235 167 237 238) (9 168 216) (240 169 120 217)
 (66 170 240 218) (241 171 121 242 219) (220 240 172 43) (244 221 122 173 241)
 (244 222 67 242 174) (175 223 123 243 245 246) (176 216 6) (124 248 177 217)
 (220 248 178 44) (125 250 249 179 221) (248 224 22 180) (181 252 126 225 249)
 (228 182 252 250 45) (253 254 229 127 183 251) (216 184 3) (256 128 185 217)
 (256 68 218 186) (219 257 129 258 187) (188 46 256 220) (260 189 257 130 221)
 (260 222 190 69 258) (223 259 261 262 131 191) (224 192 23 256)
 (132 264 257 193 225) (226 258 264 70 194) (259 227 265 266 133 195)
 (196 47 264 228 260) (197 261 265 268 134 229) (198 262 266 268 71 230)
 (199 263 267 269 270 135 231) (232 13 200 256) (272 257 136 201 233)
 (260 48 272 234 202) (203 261 235 273 274 137) (204 236 264 272 24)
 (205 265 237 273 138 276) (206 49 268 238 274 276)
 (207 269 239 275 277 278 139) (248 208 256 7) (140 280 257 209 249)
 (260 280 50 250 210) (261 211 141 281 282 251) (212 25 264 252 280)
 (284 253 265 213 142 281) (284 254 51 268 214 282)
 (285 286 255 269 215 143 283) NIL (288 52) (288 8) (289 290 56) (288 4))