(NIL (1) (2) (3) (4) (5) (6) (7) (7) (9 8) (10) (11) (11) (13) (14) (12 15)
 (13) (17 16) (18) (19) (19) (21) (21) (23) (20 22 24) (25) (26) (27) (27)
 (28 29) (30) (31) (31) (33 32) (34) (35) (35) (36 37) (38) (38) (39 40) (41)
 (41) (42 43) (44) (44) (44) (47) (45 48) (48) (49 50 46) (51) (50 45) (53 46)
 (52 53) (54 55) (56) (57) (58) (59) (60) (60) (56) (58) (61 62 64) (61 64)
 (66 63 65) (67) (68) (69) (69) (70 71) (70 71) (70 71) (73 74) (75) (76 72)
 (77) (78) (79) (80) (81) (81) (82 83) (84) (85) (86) (85) (88) (89 87) (90)
 (91) (92) (93) (91) (94 95) (96) (97) (98) (99) (100) (101) (101) (103) (103)
 (105 102) (106 104) (105 102) (107 108) (109) (110) (111) (112) (112) (114)
 (113 114) (115 116) (117) (118) (118) (118) (121) (122 120) (123 119) (123)
 (124 125) (126) (127) (128) (129) (130) (130) (132) (131 133) (131 133) (135)
 (134 136) (134 136) (138) (137 138) (139 140) (141) (141) (142 143) (142 143)
 (145 144) (146) (146) (148) (148) (147 150) (149 151) (149 150) (153)
 (154 152) (155) (156) (157) (156) (156) (160) (161) (161 158) (163 159)
 (162 164) (165) (166) (167) (168) (169) (170) (171) (170) (172 173) (174)
 (175) (176) (177) (177) (178 179) (180) (181) (181) (182 183) (184) (185)
 (186) (187) (188) (189) (190) (191) (192) (193) (194) (195) (196) (197) (198)
 (199) (200) (201) (202) (203) (204) (205) (206) (207) (208) (206) (210 207)
 (209 211) (209 211) (212 213) (214) (212 213) (214 216) (217) (218 215)
 (214 216) (219 220) (221) (222) (223) (223) (225 224) (226) (227) (228) (229)
 (230) (231) (232) (233) (233) (234 235) (236) (237) (238) (238) (240)
 (241 239) (242) (243) (239 240) (242 245) (246) (244 247) (248) (249) (250)
 (251) (248) (252 253) (252 253) (254 255) (256) (257) (256) (258 259) (260)
 (261) (262) (262) (264) (265 263) (266) (266) (267 268) (269) (270) (268)
 (271 272) (273) (274) (275) (275) (276 277) (278) (279) (280) (281) (282)
 (283) (284) (285) (286) (287) (288) (289) (290) (291) (292) (293) (294) (295)
 (296) (297) (295) (299 296) (298 300) (301) (301) (299 296) (302 303 304)
 (302 304) (305 306) (305 306) (308) (307 309) (310) (311) (312) (310)
 (314 311) (314 312) (313 315 316) (317) (315 316) (318 319) (318 319) (321)
 (322) (323) (324) (325 320) (326) (327) (328) (329) (329) (331) (332)
 (330 333) (333) (335) (334 336) (330 335) (338 336) (337 339) (337 338)
 (337 338) (340 341 342) (343) (343) (345 344) (346) (347) (348) (349) (350)
 (350) (352) (353 351) (354) (355) (356) (357) (357) (356) (358 359 360) (361)
 (362) (363) (364) (365) (366) (366) (368) (369 367) (370) (371) (369 367)
 (372 373) (374) (374) (376) (377 375) (378) (379) (380) (380) (381 382)
 (381 382) (381 382) (385 384) (385 384) (386 387) (388 383) (389) (390) (391)
 (392) (392) (394) (394) (393 395 396) (397) (398) (398) (399 400) (400)
 (401 402) (403) (403) (404 405) (406) (407) (408) (408) (410) (409 411) (412)
 (413) (414) (415) (416) (417) (418) (418) (417) (419 421) (419 420 421)
 (422 423) (424) (424) (425 426) (427) (427) (429) (428 430) (431) (432) (433)
 (431) (433 435) (434 436) (436) (437 438) (439) (440) (441) (440) (442 443)
 (444) (442 443) (445 446) (445 446) (447 448) (447 448))