(NIL (1) (1) (2 3) (3) (4 5) (2 5) (7) (6 8) (9) (9) (9) (10 12) (11 13) (14)
 (15) (16) (17) (17) (18 19) (19) (20) (22 21) (22 21) (23 24) (25) (23 24)
 (26 27) (28) (29) (30) (31) (32) (33) (34) (34) (36) (35 36) (38) (38) (40)
 (41 39) (42) (42 37) (43 44) (43 44) (45 46) (45 46) (48) (45 46) (49 50 47)
 (51) (52) (53) (54) (55) (55) (57 56) (57 56) (58 59) (60) (61) (62) (63) (64)
 (64) (66) (65 67) (68) (69) (70) (69) (70 72) (73) (74 71) (70 72) (75 76)
 (77) (78) (78) (79 80) (80) (81 82) (81 82) (84) (83 85) (86) (87) (88) (88)
 (90) (89 91) (89 91) (92 93) (94) (95) (96) (97) (98) (99) (100) (101) (102)
 (97) (103 104) (105) (106) (107) (108) (105) (109 110) (111) (112) (108 110)
 (114 112) (114 111) (116) (117) (113 115 118) (119) (119) (121 120) (122)
 (123) (124) (124) (125 126) (127) (128) (129) (128) (130 131) (132) (132)
 (134) (135) (133 135) (137) (138 136) (138) (140) (139 141) (137 136)
 (139 141 143) (144) (145 142) (146) (147) (148) (149) (150) (151) (152) (151)
 (151) (154 155 152) (153 156) (156) (157 158) (159) (160) (161) (162) (163)
 (164) (165) (165) (166 167) (168) (168) (170) (171) (169 171) (173) (172 173)
 (175) (174 176) (177) (177) (178 179) (180) (180) (182) (182) (181 182)
 (185 183 184) (186) (187) (188) (189) (189) (191) (190 192) (193) (194) (195)
 (196) (195) (197 198) (199) (200) (201) (202) (202) (202) (203 204 205)
 (203 204 205) (206 207) (208) (209) (210) (210) (212) (211 213) (214) (214)
 (215 216) (217) (218) (218) (220) (219 221) (222) (223) (224) (225) (226)
 (227) (225) (227 229) (228 230) (231) (232) (233) (233) (234 235) (236) (237)
 (238) (236) (239 240) (241) (241) (242 243) (242 243) (244 245) (246) (247)
 (248) (249) (250) (249) (250 252) (251 252) (250 252) (251 255) (253 254 256)
 (257) (258) (259) (260) (261) (259) (261 263) (263) (265 262 264) (266) (266)
 (267 268) (269) (270) (271) (272) (273) (274) (275) (276) (277) (278) (278)
 (280) (281) (282) (283 279) (283) (284 285) (284 285) (286 287) (288) (289)
 (290) (291) (292) (293) (294) (295) (295) (297) (298 296) (297 296) (299 300)
 (300) (301 302) (301 302) (303 304) (305) (305) (307) (306 308) (306 308)
 (309 310) (311) (312) (313) (314) (315) (315) (316 317) (316 317) (319)
 (318 320) (321) (322) (323) (324) (324) (326) (325 327) (328) (328) (329 330)
 (330) (329 332) (331 333) (334) (335) (336) (337) (337) (339) (338 339)
 (340 341) (340 341) (340 341) (342 343 344) (345) (345) (346 347) (348) (348)
 (350) (349 351) (352) (353) (353) (353) (354 356) (354 355 356) (354 355 356)
 (359) (358 360) (361 357) (362) (363) (364) (364) (366) (365 367) (368) (369)
 (369) (370 371) (372) (371) (373 374) (375) (376) (377) (378) (379) (380)
 (380) (381 382) (383) (384) (385) (386) (386) (386) (387 388 389) (390) (391)
 (392) (393) (393) (393) (394 396) (395 397) (398) (399) (400) (398) (401 402)
 (403) (404) (405) (406) (407) (408) (407) (410 408) (411) (409 412) (413)
 (409 411) (414 415) (412 415) (417) (418 416) (419) (420) (421) (422) (423)
 (424) (425) (426) (427) (427) (428 429) (430) (430) (430) (433 431 432) (434)
 (435) (436) (435) (438) (437 439) (440) (441) (442) (443) (444) (444)
 (445 446) (441) (445 446 448) (449 447))