(NIL (1) (2) (1) (4) (3 5) (6) (7) (8) (9) (10) (9) (11) (13) (13 12) (14 15)
 (16) (14 15) (17 18) (19) (20) (21) (19) (22 23) (24) (25) (25) (26 27) (28)
 (29) (30) (31) (32) (33) (33) (33) (36) (35 37) (34 35 37) (39) (40) (41)
 (42 38) (43) (42 38) (44 45) (43 45) (46 47) (48) (49) (50) (51) (50) (51 53)
 (52 54) (53) (52 54 56) (57 55) (58) (59) (60) (61) (60) (63) (62 63) (65 64)
 (66) (67) (68) (69) (70) (68) (71 72) (73) (74) (75) (76) (76) (77 78) (77 78)
 (79 80) (81) (82) (83) (84) (84) (86) (85 87) (85 87) (89 88) (90) (91) (91)
 (93) (92 94) (94) (95 96) (97) (98) (98) (99 100) (101) (102) (103) (104)
 (105) (106) (106) (107 108) (108) (109 110) (111) (112) (113) (114) (115)
 (116) (116) (118) (117 119) (120) (119) (122 120) (121 123) (122 120)
 (121 123 125) (124 125) (127) (126 128) (126 128) (130) (131) (129 132) (133)
 (134) (135) (136) (137) (138) (139) (139) (141) (140 142) (142) (143 144)
 (145) (143 144) (147) (145 147) (146 149) (150) (148 151) (152) (153) (154)
 (151) (155 156) (157) (158) (158) (159 160) (161) (162) (163) (164) (165)
 (166) (167) (165) (169 168) (169 167) (170 171) (172) (173) (173) (174 175)
 (176) (177) (178) (179) (180) (181) (180) (183) (181 184) (181 183) (185 186)
 (187 182) (187) (188 189) (190) (191) (191) (193) (193) (194 195 192) (196)
 (197) (197) (198 199) (200) (200) (202) (201 203) (201 203) (204 205)
 (204 205) (206 207) (207) (209 208) (210) (211) (212) (213) (214) (214)
 (215 216) (215 216) (217 218) (219) (219) (220 221) (222) (223) (222)
 (225 223) (226) (226 224) (227 228) (229) (230) (231) (232) (232) (234)
 (233 235) (233 234) (237) (236 238) (237) (236 238 240) (241 239) (242) (243)
 (243) (244 245) (246) (247) (248) (248) (249 250) (251) (251) (249 250)
 (252 253 254) (255) (255) (257 256) (258) (258) (259 260) (260) (261 262)
 (263) (264) (265) (266) (267) (268) (268) (269 270) (271) (270) (273 272)
 (273) (274 275) (274 275) (276 277) (278) (279) (280) (281) (282) (280)
 (283 284) (285) (283 284) (287) (286 288) (286 287) (289 290) (289 290) (292)
 (293) (294) (291 295) (296) (295) (297 298) (299) (299) (300 301) (302) (303)
 (304) (305) (305) (307) (308) (306 309) (310) (311) (312) (313) (314) (314)
 (315 316) (317) (318) (319) (320) (320) (321 322) (321 322) (323 324) (324)
 (326) (325 327) (328) (329) (330) (328) (331 332) (333) (334) (334) (336)
 (337 335) (338) (339) (339) (340 341) (342) (343) (343) (345 344) (345)
 (347 344) (346 348) (346 348) (349 350) (351) (352) (352) (354) (353 355)
 (353 354) (356 357) (358) (359) (360) (361) (361) (362 363) (364) (365) (366)
 (366) (366) (365) (369 370) (371) (372 367 368) (372 368) (373 374) (373 374)
 (376) (377 375) (378) (379) (380) (381) (382) (383) (384) (384) (385 386)
 (385 386) (388) (387 389) (390) (391) (392) (392) (393 394) (394) (393 396)
 (395 397) (398) (397) (398 400) (401 399) (401 399) (402 403) (403) (402 403)
 (406) (404 407) (404 407) (409 405) (410 408) (411) (412) (413) (413) (415)
 (416) (412) (418 413) (417 419 414) (420) (421) (422) (423) (424) (425) (426)
 (427) (428) (428) (430) (429 431) (432) (433) (433) (434 435) (436) (437)
 (438) (439) (440) (441) (442) (443) (444) (445) (445) (447) (446 448)
 (446 448))