(NIL (1) (2) (3) (4) (4) (5 6) (4) (7 8) (9) (9) (10 11) (10 11) (13) (14) (15)
 (12 16) (12 16) (17 18) (19) (19) (19) (20 21 22) (23) (24) (25) (26) (27)
 (28) (29) (30) (30) (29) (33 31) (34 32) (35) (36) (37) (36) (38) (40 39) (41)
 (42) (43) (42) (43 45) (46) (47) (44 47) (49 48) (50) (51) (51) (53) (52 53)
 (55) (54 56) (57) (58) (59) (59) (57) (60 61 62) (60 61 62) (63 64) (65) (66)
 (67) (68) (69) (69) (71) (72) (73) (74) (75 70) (76) (77) (78) (78) (80) (81)
 (82) (83) (82 79) (84 85) (83 85) (86 87) (88) (89) (90) (90) (91 92) (93)
 (94) (95) (95) (97) (98 96) (99) (98 96) (99 101) (100 102) (103) (103) (105)
 (105) (105) (106 108) (107 109 104) (110) (111) (110) (110) (114 111)
 (113 115 112) (116) (117) (113 115 112) (118 119) (118 119) (121 120)
 (117 119) (122 123) (124) (125) (126) (126) (127 128) (129) (127 128)
 (130 131) (132) (132) (134) (135) (136) (133 135) (138) (137 139) (140) (141)
 (141) (143) (142 144) (142 144) (145 146) (147) (147) (148 149) (148 149)
 (150 151) (152) (153) (154) (155) (156) (157) (158) (159) (158) (161 160)
 (161 159) (162 163) (164) (164) (166) (165 167) (168) (168) (165 167)
 (170 171) (169 172) (173) (174) (175) (174) (177 176) (177) (179 176) (180)
 (181) (178 182) (183) (178 181) (185 184) (186) (185 184) (187 188) (189)
 (190) (190) (191 192) (191 192) (193 194) (195) (193 194) (196 197) (196 197)
 (199) (200) (201 198) (202) (202) (204) (203 205) (206) (207) (208) (209)
 (210) (210) (211 212) (211 212) (213 214) (215) (216) (217) (218) (219) (220)
 (220) (221 222) (219) (221 224) (222 224) (225 226 223) (226 223) (227 228)
 (226 223) (227 228 230) (229 230) (231 232) (231 232) (233 234) (233 234)
 (235 236) (237) (237) (237) (238 239 240) (241) (242) (242) (244) (245) (246)
 (243 247) (248) (249) (250) (251) (252) (252) (253 254) (255) (256) (257)
 (255) (257 259) (258 259) (261) (260 262) (263) (260 261) (265 262) (266 264)
 (267) (268) (268) (270) (271) (272) (273 269) (274) (273) (276) (275 277)
 (275 276) (278 279) (278 279) (281) (281 280) (283) (282 284) (285) (286)
 (286) (286) (289) (290) (290 287 288) (292) (291 293) (294) (291 293)
 (294 296) (297) (297 295) (297) (298 300 295) (301) (299 302) (299 302) (304)
 (305 303) (306) (306) (307 308) (309) (310) (311) (312) (312) (313 314) (315)
 (316) (317) (317) (319) (318 320) (321) (322) (322) (323 324) (324) (323 326)
 (325 327) (328) (328) (330) (330) (331 332) (329 333) (329 333) (334 335)
 (336) (337) (338) (339) (340) (339) (338) (341 343) (342 344) (345) (346)
 (347) (348) (349) (348) (350 351) (352) (353) (353) (355) (354 355) (356 357)
 (358) (359) (360) (361) (362) (363) (361) (364 365) (364 365) (367) (368)
 (369) (369) (370 371) (372) (373 366) (374) (375) (376) (377) (377) (379)
 (378 380) (378 380) (382) (381 383) (384) (385) (386) (387) (387) (388 389)
 (388 389) (390 391) (392) (390 391) (390 391) (393 395) (396) (397) (398)
 (394 399) (398) (401 400) (402) (403) (403) (404 405) (406) (407) (408) (409)
 (408) (409 411) (412) (410 412) (413 414) (415) (416) (417) (418) (419) (420)
 (421) (420) (421 423) (424) (422 424) (425 426) (427) (428) (429) (430) (427)
 (431 432) (433) (434) (435) (436) (435) (437 438) (439) (440) (440) (442)
 (443) (441 444) (445) (446) (447) (447) (449))