(NIL (1) (2) (3) (4) (4) (5 6) (7) (8) (9) (9) (10 11) (12) (13) (13) (14 15)
 (16) (17) (18) (19) (20) (21) (21) (22 23) (24) (24) (24) (25 27) (28) (29)
 (26 29) (31) (30 32) (33) (33) (34 35) (34 35) (37) (36 38) (39) (40) (41)
 (41) (42 43) (42 43) (44 45) (46) (47) (47) (49) (50) (51 48) (51) (52 53)
 (54) (55) (56) (55) (57 58) (59) (60) (61) (62) (63) (64) (65) (65) (67)
 (66 68) (69) (68) (70 71) (72) (70 71) (73 74) (75) (76) (77) (78) (79) (80)
 (79) (82 80) (83) (81 83) (84 85) (86) (86) (87 88) (89) (89) (90 91) (92)
 (90 91) (93 94) (95) (96) (97) (98) (99) (100) (101) (102) (103) (103) (105)
 (106) (106 104) (107 108) (109) (110) (110) (111 112) (113) (114) (115) (116)
 (116) (118) (117 119) (116) (121 117 119) (122 120) (123) (122) (123 125)
 (124 126) (127) (128) (129) (130) (131) (132) (132) (129) (131 135) (133 136)
 (137) (138 134) (138 134) (140) (139 141) (142) (139) (144 142) (145)
 (146 143) (147) (148) (148) (149 150) (151) (150) (150) (153 154 152) (155)
 (156) (157) (158) (159) (160) (158) (157) (161 162 163) (161 162 163)
 (164 165) (166) (165) (166 168) (169) (170 167) (171) (172) (173) (174) (175)
 (175) (175) (178 176) (179) (177 180) (181) (182) (183) (183) (185) (186 184)
 (187) (188) (185) (186 190 184) (187 191) (191) (193 188 192) (194 189) (195)
 (196) (197) (196) (197 199) (198 200) (201) (197 199) (202 203) (204) (205)
 (206) (207) (204) (209 207) (210) (210 208) (211 212) (213) (214) (215) (214)
 (214) (217 218) (219 216) (220) (221) (220) (222 223) (222 223) (225)
 (225 224) (227) (228) (226 229) (230) (231) (232) (232) (234) (233 235) (236)
 (237) (238) (239) (240) (241) (242) (243) (244) (245) (246) (247) (248) (245)
 (249 250) (250 248) (251 252) (251 252) (254) (253 254) (253 254) (257 255)
 (257 255 256) (259) (258 260) (261) (261) (262 263) (264) (265) (266) (266)
 (268) (266) (269 270) (267 271) (272) (272) (273 274) (275) (276) (277) (277)
 (277) (280) (278 280) (281 282) (281 282 279) (283 284) (285) (286) (287)
 (288) (289) (289) (291) (290 292) (290 292) (293 294) (295) (296) (297) (298)
 (298) (300) (299 301) (302) (302) (302) (305) (306 303) (305 304) (308)
 (309 303) (306 309) (310 311) (307 312) (307 312) (314) (315) (313 316)
 (313 315) (316 318) (317 319) (320) (321) (322) (322) (322) (323 324 325)
 (326) (326) (323 324 325) (329) (330 327 328) (331) (331) (332 333) (331)
 (334 335) (336) (337) (337) (339) (338 340) (341) (338 340) (338 339)
 (342 344) (345 343) (346) (347) (348) (349) (348) (351) (349 352) (353 350)
 (353) (353 350) (355 356) (354 357) (358) (359) (360) (361) (362) (362)
 (363 364) (365) (366) (367) (368) (369) (370) (371) (372) (371) (372 374)
 (375) (375) (377 373) (378 376) (379) (380) (380) (382) (383) (381 384) (385)
 (386) (387) (388) (389) (390) (390) (392) (393) (393 391) (394 395) (395)
 (396 397) (398) (399) (398) (401 400) (402) (401 399) (403 404) (405) (406)
 (406) (408) (408) (410) (411) (409 412) (409 411 407) (414) (413 415)
 (413 415) (417 416) (418) (419) (420) (420) (422) (423) (424) (424) (426 421)
 (425 427) (425 427) (428 429) (425 426) (430 431) (432) (432) (433 434) (435)
 (435) (436 437) (438) (439) (440) (440) (433 434) (441 442 443) (441 442 443)
 (444 445) (446) (446) (447 448) (448))