(NIL (1) (2) (3) (4) (5) (6) (6) (7 8) (9) (9) (11) (12) (10 11) (12 14)
 (13 14) (16) (17 15) (18) (19) (19) (20 21) (22) (22) (24) (25) (26 23) (27)
 (26) (27 29) (30) (31) (28 32) (32) (34 28) (35) (33 36) (37) (37) (39) (40)
 (41 38) (33 36) (41 43) (42 44) (45) (46) (45) (46 48) (49 47) (49 47) (50 51)
 (52) (53) (54) (55) (52) (57 56) (57 55) (59) (60) (58 61) (61 56) (63)
 (62 63) (65 64) (66) (66) (67 68) (69) (69) (70 71) (72) (70 71) (74 72) (75)
 (73 76) (73 75) (77 78) (79) (79) (81) (82) (82) (83 84 80) (85) (86) (86)
 (87 88) (87 88) (87 88) (91) (89 90 92) (93) (94) (95) (96) (93) (98 96) (99)
 (100) (97 101) (102) (101) (104) (105 103) (106) (105 103) (107 108) (109)
 (107 108) (109 111) (110 112) (113) (114) (115) (114) (116 117) (118) (119)
 (119) (121 120) (122) (123) (124) (125) (124) (126 127) (128) (129) (130)
 (128) (130 132) (133) (131 133) (134 135) (136) (137) (138) (138) (140)
 (139 141) (142) (143) (144) (144) (145 146) (147) (146) (148 149) (150) (150)
 (152) (153 151) (154) (155) (154) (156 157) (158) (158) (160) (161) (162 159)
 (163) (164) (165) (166) (166) (168) (169 167) (170) (171) (171) (172 173)
 (174) (175) (176) (177) (178) (179) (178) (180 181) (180 181) (183) (183)
 (185 182) (186 184) (187) (188) (187) (188 190) (189 191) (192) (193) (193)
 (195) (194 196) (197) (194 196) (199) (197 200) (197 200) (201 202 198) (203)
 (203) (205) (206) (204 207) (204 206) (209 207) (210 208) (211) (212) (213)
 (214) (214) (216) (217 215) (215 216) (218 219) (218 219) (221) (220 221)
 (222 223) (222 223) (225 224) (225) (227 224) (226 227) (229) (230) (231)
 (232) (233 228) (234) (235) (236) (235) (237 238) (239) (240) (241) (241)
 (242 243) (243) (242 243) (244 245 246) (247) (248) (249) (248) (249 251)
 (250 252) (253) (254) (255) (256) (257) (258) (259) (258) (260 261) (262)
 (263) (264) (263) (266 264) (265 266) (267 268) (269) (270) (271) (272) (270)
 (274 272) (273 275) (276) (276) (278) (279) (277 280) (277 280) (282)
 (281 283) (284) (284) (281 283) (285 287) (286 288) (286 288) (290) (289 291)
 (292) (293) (294) (295) (295) (297 296) (298) (299) (299) (301) (302) (303)
 (300 302) (305) (306 303) (307) (308 304) (309) (309) (311) (310 312)
 (310 312) (313 314) (315) (316) (317) (314) (317 319) (318 320) (321) (322)
 (322) (324) (323 325) (326) (327) (327) (329) (330 328) (331) (332) (331)
 (332 334) (333 334) (336) (337 335) (337 335) (339) (339) (338 341) (342)
 (340 343) (344) (345) (346) (347) (348) (347) (348 350) (348 350) (349 352)
 (353) (354 351) (354 351) (354 351) (356 357) (355 357) (355 356 357)
 (358 359 360) (361) (362) (363) (364) (364) (365 366) (367) (368) (369) (370)
 (371) (371) (373) (372 374) (372 374) (375 376) (375 376) (377 378) (379)
 (380) (381) (381) (382 383) (384) (385) (384) (386 387) (386 387) (389)
 (388 390) (389) (388 390 392) (393 391) (394) (395) (396) (396) (397 398)
 (399) (400) (401) (402) (403) (404) (405) (404) (406 407) (408) (409) (408)
 (410 411) (412) (413) (414) (415) (415) (417 416) (418) (419) (420) (421)
 (422) (423) (424) (425) (426) (427) (428) (429) (428) (430 431) (432) (433)
 (434) (435) (436) (437) (436) (437 439) (438 440) (441) (438 440) (442 443)
 (441 443) (442 443) (446) (445 446) (447 448) (449 444))