(NIL NIL (1) (2 3) (4) (5) (6) (7) (8) (9) (9) (10 11) (10 11) (13) (12 14)
 (10 11) (15 16) (17) (18) (19) (18) (19 21) (20 22) (20 21) (20 21) (25 22)
 (26) (27 24) (28 23) (28 23) (30) (29 31) (29 31) (33) (34) (33) (35 36 32)
 (34 36 32) (37 38) (39) (40) (41) (41) (43) (42 44) (45) (46) (46) (48) (49)
 (49 47) (49 47) (51 52) (50 53) (50 53) (54 55) (56) (57) (58) (58) (60)
 (59 61) (62) (63) (63) (65 64) (66) (65 64) (67 68) (66 68) (70) (70)
 (69 71 72) (67 72) (74 69 71) (73 75) (76) (76) (77 78) (79) (79) (81) (82 80)
 (81 80) (83 84) (85) (86) (87) (88) (89) (90) (89) (89) (93) (92 94)
 (90 92 94) (91 93) (97 95) (98 96) (99) (99) (101) (102) (100 103) (100 101)
 (105 104) (106) (107) (108) (107) (109 110) (111) (111) (113 112) (113 112)
 (114 115) (115) (116 117) (118) (119) (120) (121) (122) (123) (123) (124 125)
 (126) (127) (128) (129) (130) (131) (132) (133) (134) (133) (135 136) (137)
 (138) (139) (140) (140) (141 142) (143) (141 142) (145 143) (146 144) (147)
 (146 144) (148 149) (149) (148 151) (152) (153) (154 150) (155) (155) (157)
 (156 158) (159) (160) (160) (161 162) (163) (164) (165) (163) (166 167)
 (166 167) (169 168) (169 168) (170 171) (171) (172 173) (174) (175) (176)
 (177) (177) (179) (178 180) (179) (181 182) (183) (184) (185) (185) (187)
 (188) (186 188) (189 190) (191) (191) (193 192) (194) (195) (196) (197) (194)
 (197 199) (198 200) (201) (201) (203) (202 204) (202 204) (202 204) (205 207)
 (206 208) (209) (210) (210) (211 212) (213) (214) (215) (213) (217 216) (218)
 (219) (220) (221) (222) (223) (224) (224) (225 226) (226) (228) (227 229)
 (230) (231) (227 229) (233 231) (233 230) (234 235 232) (236) (237) (237)
 (238 239) (240) (240) (241 242) (243) (244) (244) (245 246) (247) (248) (249)
 (250) (251) (252) (253) (250) (253 255) (254 256) (257) (258) (259) (260)
 (261) (262) (263) (262) (261) (266 263) (267) (265 267 264) (269) (268 270)
 (271) (272) (273) (274) (272) (274 276) (277) (278) (279) (275 280) (281)
 (282) (283) (284) (285) (286) (287) (288) (288) (290) (289 291) (292) (293)
 (294) (295) (296) (297) (297) (298 299) (300) (300) (302) (301 303) (304)
 (305) (306) (307) (308) (309) (310) (311) (312) (312) (313 314) (315) (316)
 (316) (317 318) (319) (320) (321) (322) (323) (323) (324 325) (326) (327)
 (327) (329 328) (330) (329 328) (331 332) (333) (334) (334) (336) (337 335)
 (338) (337 335) (340) (339 341) (342) (343) (344) (345) (346) (347) (348)
 (349) (350) (350) (351 352) (353) (354) (355) (355) (356 357) (358) (359)
 (360) (361) (359) (362 363) (364) (365) (366) (366) (367 368) (369) (369)
 (366) (371 372) (370 373) (374) (375) (375) (377) (378) (379 376) (380) (379)
 (381 382) (383) (384) (385) (385) (387) (386 387) (388 389) (390) (391) (392)
 (393) (394) (394) (395 396) (397) (398) (399) (395 396) (401 397) (402 400)
 (403) (404) (401 399) (404 406) (407) (408) (409) (410) (411) (409)
 (413 412 405) (413 412 405) (415) (416) (416) (417 418 414) (418 414)
 (417 420) (421) (422) (419 423) (419 421) (425 424) (426) (427) (428) (429)
 (430) (431) (431) (433 432) (429) (433 435 432) (434 436) (434 436) (437 438)
 (439) (440) (441) (439) (441 443) (442 444) (442 444) (445 446) (447) (447)
 (449 448))