(NIL NIL (2) (3) (3 1) (4 5) (6) (7) (6) (9 8) (10) (11) (12) (13) (13) (15)
 (15) (17 14) (17 14 16) (18 19) (18 19) (21) (20) (23 22) (20 22) (25 24) (26)
 (27) (28) (28) (29 30) (31) (28) (33 31) (34 32) (35) (36) (37) (37) (39)
 (38 40) (41) (40) (42 43) (44) (45) (46) (47) (48) (49) (50) (51) (51) (52 53)
 (54) (55) (56) (57) (58) (56) (59 60) (61) (62) (63) (64) (64) (65 66) (66)
 (67 68) (69) (70) (71) (72) (73) (74) (75) (76) (77) (78) (79) (80) (81) (82)
 (83) (80) (83 85) (86) (84 86) (87 88) (87 88) (89 90) (91) (92) (93) (94)
 (93) (95 96) (97) (91) (97 99) (100) (100) (102) (101 103) (97 99) (105 100)
 (98 106) (98 101 102 106) (108 104) (107 109) (110) (111) (112) (113) (114)
 (115) (115) (116 117) (118) (119) (120) (121) (122) (123) (124) (125) (126)
 (127) (128) (127) (130) (129 131) (132) (133) (134) (133) (135 136) (137)
 (138) (138) (139 140) (141) (142) (142) (144) (145) (146 143) (147) (148)
 (147) (149 150) (151) (152) (153) (154) (155) (153) (155 157) (156 158) (159)
 (160) (161) (162) (162) (163 164) (163 164) (165 166) (166) (163 164)
 (169 167 168) (170) (170) (171 172) (173) (173) (175) (176) (176) (178)
 (179 174) (180) (177 180) (182) (183) (181 184) (185) (186) (185) (187 188)
 (189) (190) (190) (190) (193 192) (193 191) (195 192) (194 195) (196 197)
 (198) (199) (200) (201) (202) (203) (204) (205) (206) (207) (208) (209) (210)
 (211) (212) (213) (214) (215) (215) (217) (218 216) (219) (215) (220 221)
 (219 221) (222 223) (224) (222 223) (225 226) (227) (228) (227) (228 230)
 (231) (229 231) (233) (233) (234 235) (236 232) (236 232) (238) (239)
 (237 239) (241 240) (242) (243) (244) (245) (246) (243) (247 248) (249) (250)
 (251) (252) (252) (253 254) (255) (256) (256) (258) (257 259) (258)
 (257 259 261) (260 262) (263) (264) (262) (266 263) (265 267) (268) (269)
 (270) (270) (272) (273 271) (274) (275) (275) (277) (277) (276 279) (280)
 (281 278) (282) (283) (284) (285) (286) (286) (285) (289 287 288) (290) (291)
 (292) (293) (293) (294 295) (296) (296) (297 298) (299) (300) (301) (301)
 (303) (302 304) (305) (306) (306) (307 308) (309) (308) (309 311) (310 312)
 (313) (310 312) (314 315) (314 315) (316 317) (316 317) (318 319) (320) (321)
 (322) (322) (323 324) (325) (326) (327) (326) (329 328) (330) (331) (332)
 (333) (333) (335) (334 336) (335) (338 334 336) (339) (337 340) (337 340)
 (342) (341 343) (344) (345) (346) (345) (348) (347 349) (346 349) (350 351)
 (352) (353) (354) (355) (355) (357) (356 358) (359) (357) (361 358) (362 360)
 (363) (364) (364) (365 366) (367) (368) (367) (369 370) (369 370) (371 372)
 (373) (374) (375) (376) (377) (378) (378) (379 380) (381) (382) (383) (384)
 (385) (384) (386 387) (388) (389) (390) (391) (391) (391) (394 392) (393 395)
 (396) (397) (398) (399) (400) (401) (401) (402 403) (404) (405) (406) (407)
 (408) (407) (410) (409 411) (412) (413) (413) (414 415) (414 415) (417 416)
 (418) (419) (420) (418) (420 422) (420 422) (421 424) (424) (426 421 423)
 (427) (425 428) (425 428) (430) (429 431) (430) (433 432) (434) (435) (436)
 (436) (438) (439) (437 439) (441) (442 440) (443) (443) (445) (444 446) (447)
 (448) (449))