(NIL (1) (1) (3) (2 4) (5) (6) (7) (6) (9) (10 7) (11) (12) (13) (13) (14 15 8)
 (16) (13 8) (18 14 15) (17 19) (20) (21) (22) (23) (24) (25) (26) (27) (25)
 (28 29) (30) (28 29) (31 32) (33) (34) (35) (36) (34) (36 38) (37 39) (40)
 (41) (41) (43) (44) (45) (42 46) (46) (47 48) (49) (50) (51) (52) (53) (49)
 (54 55) (56) (57) (58) (59) (59) (60 61) (62) (63) (63) (65 64) (65) (65 64)
 (66 67 68) (69) (70) (66 68) (70 72) (73 71) (74) (75) (76) (76) (78) (79)
 (77 80) (81) (82) (83) (84) (85) (86) (87) (88) (89) (88) (90 91) (90 91) (93)
 (94) (92 95) (96) (97) (97) (98 99) (100) (101) (102) (101) (104) (105 103)
 (106) (107) (108) (109) (110) (111) (112) (113) (114) (115) (116) (116) (118)
 (119) (120) (121 117) (121 117) (122 123) (124) (125) (117 120) (126 127)
 (126 127) (129) (130 128) (130 128) (131 132) (133) (134) (135) (136) (137)
 (137) (136) (138 139 140) (141) (142) (143) (143) (145) (146 144) (147) (148)
 (149) (150) (151) (151) (153) (153 152) (154 155) (154 155) (157) (156 158)
 (159) (160) (161) (162) (163) (164) (165) (165) (166 167) (166 167) (169)
 (170 168) (171) (172) (173) (174) (174) (174) (177 175) (178 176)
 (177 175 176) (179 180) (181) (182) (183) (179 180) (185 183) (186) (186)
 (188) (187 189) (190) (190 184) (192) (193) (194) (195) (196 191) (197) (198)
 (199) (199) (201 200) (202) (203) (203) (204 205) (202) (206 207) (206 207)
 (209) (209) (210 211) (212 208) (210 211) (213 214) (215) (216) (217) (217)
 (217) (216) (218 219 220 221) (222) (223) (224) (225) (225) (226 227) (228)
 (229) (229) (231) (229) (233 230 232) (234) (234) (235 236) (237) (238) (239)
 (238) (241 240) (242) (243) (244) (244) (245 246) (246) (245 248) (249)
 (250 247) (251) (249) (251 253) (254) (254) (252 256) (257) (257 255) (257)
 (258 259 260) (258 259 260) (262) (261 263) (264) (264) (265 266) (267) (267)
 (267) (268 269 270) (271) (272) (271) (273 274) (275) (276) (277) (277) (279)
 (280) (278 280) (281 282) (283) (284) (285) (286) (287) (288) (289) (289)
 (290 291) (290 291) (293) (293) (292 294 295) (295) (297 296) (298) (298)
 (299 300) (301) (302) (303) (304) (305) (305) (304) (306 307 308) (309) (310)
 (310) (311 312) (313) (313) (315) (314 316) (314 316) (317 318) (319) (320)
 (321) (322) (322) (323) (325 324) (326) (326) (328) (328) (329 330) (331)
 (332 327) (333) (334) (335) (336) (336) (337 338) (339) (339) (340 341) (341)
 (340 341) (342 344) (342 343 344) (346) (345 347) (348) (345 347) (348 350)
 (349 350) (352) (353 351) (351 352) (353 355) (354 356) (357) (354 356)
 (358 359) (358 359) (361 360) (362) (361 360) (363 364) (365) (366) (366)
 (368) (369) (370) (371 367) (372) (369) (372 374) (371 374) (375 376) (377)
 (378) (379 373) (379 373) (381) (380 381) (382 383) (384) (385) (385) (387)
 (386 388) (389) (386 388) (391) (392) (393 390) (394) (395) (396) (397) (398)
 (399) (400) (401) (402) (402) (402) (404 405) (406) (403 406) (408) (403 406)
 (409 410) (411 407) (412) (413) (414) (415) (415) (417) (418 416) (418 416)
 (419 420) (421) (421) (422 423) (419 420) (425 424) (426) (427) (428) (429)
 (430) (431) (431) (431) (433 434 432) (435) (436) (437) (437) (439) (438 440)
 (441) (439) (442 443) (444) (444) (446) (447) (448) (449))