(NIL (1) (2) (2) (4) (1) (3 4 6) (5 7) (8) (9) (9) (10 11) (12) (11) (13 14)
 (13 14) (15 16) (17) (18) (19) (20) (18) (21 22) (23) (24) (25) (26) (27) (28)
 (27) (29 30) (31) (32) (29 30) (33 34) (35) (36) (35) (37 38) (37 38) (40)
 (41 39) (42) (43) (43) (44 45) (43) (46 47) (46 47) (49) (50) (51 48) (52)
 (53) (52) (53 55) (54 56) (57) (58) (59) (60) (61) (61) (62 63) (64) (64)
 (65 66) (67) (68) (69) (70) (71) (72) (72) (74) (73 75) (76) (77) (78) (78)
 (79 80) (81) (82) (83) (84) (85) (83) (85 87) (88) (89 86) (90) (91) (92) (92)
 (93 94) (95) (96) (96) (98) (98) (97 100) (99 101) (99 101) (103) (104)
 (105 102) (105 102) (106 107) (108) (109) (110) (111) (112) (113) (112)
 (114 115) (116) (117) (118) (119) (120) (121) (122) (123) (124) (125) (126)
 (127) (128) (128) (129 130) (131) (131) (132 133) (132 133) (135) (134 136)
 (137) (134 136) (137 139) (138 140) (141) (142) (143) (143) (140) (145 146)
 (147 144) (148) (149) (150) (151) (152) (153) (153) (155) (156) (154 156)
 (157 158) (159) (160) (161) (162) (163) (164) (164) (165 166) (167) (168)
 (169) (170) (170) (171 172) (172) (173 174) (175) (176) (177) (178) (178)
 (179 180) (179 180) (181 182) (181 182) (181 182) (185 183) (186) (187)
 (188 184) (189) (189) (190 191) (192) (193) (194) (195) (196) (195) (198)
 (197 199) (197 198) (201 200) (202) (203) (202) (203 205) (204 206) (207)
 (208) (209) (210) (210) (212) (211 213) (214) (211 213) (215 216) (217) (218)
 (219) (220) (220) (221 222) (223) (224) (225) (226) (227) (228) (229) (229)
 (230 231) (232) (233) (234) (235) (236) (234) (235 238) (237 238) (240)
 (239 240) (242) (242) (241 243 244) (239 240) (245 246) (247) (247) (249)
 (250 248) (251) (251) (253) (252 254) (254) (252 256) (257) (258 255) (259)
 (260) (261) (262) (263) (262) (265 264) (266) (265 264) (265 264)
 (266 268 269) (270) (271) (267 271) (273) (274 272) (275) (275) (276 277)
 (278) (279) (280) (280) (281 282) (281 282) (281 282) (283 285) (284 286)
 (287) (283 285) (289 287) (290) (291 288) (292) (293) (293) (295) (296)
 (297 294) (298) (299) (299) (301) (302) (302) (304) (305 300) (305 303)
 (306 307) (307) (308 309) (308 309) (310 311) (312) (313) (314) (314) (316)
 (315 317) (317) (315 319) (320) (321 318) (322) (323) (324) (322) (325 326)
 (327) (327) (329) (330 328) (331) (332) (333) (334) (332) (333 336) (337 335)
 (338) (339) (340) (339) (341 342) (343) (343) (343) (345 346 344) (347) (347)
 (348 349) (350) (351) (350) (353 351) (354 352) (355) (356) (356) (357 358)
 (359) (360) (361) (362) (363) (362) (363 365) (364 366) (365) (367 368) (369)
 (369) (370 371) (372) (373) (374) (375) (376) (377) (378) (378) (379 380)
 (381) (382) (383) (384) (384) (386) (385 387) (386) (385 387 389) (388 390)
 (391) (392) (393) (394) (395) (396) (397) (398) (399) (400) (399) (402 400)
 (403) (401 404) (401 404) (406) (405 406) (407 408) (409) (410) (411) (412)
 (413) (414) (415) (416) (417) (418) (419) (420) (421) (422) (423) (424) (425)
 (424) (426 427) (428) (428) (430) (431) (432) (433) (434) (435) (436)
 (437 429) (437 429) (436) (438 439 440) (441) (442) (443) (444) (445) (443)
 (446 447) (448) (449))