(NIL (1) (2) (3) (4) (5) (4) (6 7) (8) (7) (10) (11 8) (12) (9 13) (14) (15)
 (16) (16) (18) (17 19) (20) (21) (21) (23) (21) (25 22 24) (26) (25 22 24)
 (28) (27 29) (30) (31) (31) (33 32) (34) (35) (36) (37) (38) (37) (38 40)
 (41 39) (42) (43) (44) (45) (44) (45 47) (48) (49) (50 46) (51) (52) (53) (54)
 (55) (55) (57) (57) (58 59 56) (60) (61) (60) (62 63) (64) (64) (66) (67)
 (65 68) (69) (70) (71) (72) (72) (73 74) (73 74) (75 76) (75 76) (78) (77 79)
 (78) (81 77) (82 79) (83) (83 80) (85) (84 86) (85) (84 86 88) (89 87) (87 88)
 (90 91) (92) (93) (94) (84 86 88) (92 96) (97 95) (98) (97 95) (98 100)
 (99 101) (102) (103) (102) (105 104) (106) (107) (108) (109) (110) (108)
 (109 112) (113 111) (114) (115) (116) (113 110) (116 118) (116 118) (120)
 (117 118) (121 122 119) (122 119 120) (124) (123 124) (126) (127) (125 128)
 (125 127) (129 130) (131) (131) (132 133) (134) (135) (136) (135) (137 138)
 (137 138) (140) (139 141) (142) (143) (144) (145) (146) (146) (148) (147 149)
 (150) (151) (151) (153 152) (153 152) (154 155) (156) (157) (158) (159) (160)
 (161) (161) (163) (162 164) (165) (166) (167) (167) (169 168) (170) (169)
 (170 172) (171 173) (174) (175) (176) (177) (178) (177) (179 180) (181) (182)
 (183) (184) (185) (186) (187) (184) (186 189) (190) (187 190) (192)
 (193 188 191) (194) (195) (193 188 191) (195 197) (196 198) (194 197)
 (199 200) (201) (202) (203) (204) (205) (206) (207) (206) (209 207) (210 208)
 (211) (211) (212 213) (213) (214 215) (216) (217) (218) (219) (220) (221)
 (222) (223) (224) (225) (225) (227) (226 227) (229) (228 230) (231) (232)
 (232) (233 234) (235) (235) (236 237) (238) (236 237) (239 240) (241) (241)
 (243) (242 244) (245) (246) (247) (248) (249) (249) (251) (250 252) (253)
 (254) (255) (256) (257) (256) (259) (258 260) (261) (262) (259) (262 264)
 (265) (265) (266 267) (268) (269 263) (266 267 263) (270 271) (272) (273)
 (274) (275) (276) (277) (277) (278 279) (280) (281) (282) (281) (283 284)
 (280) (282 284 286) (283 287) (285 288) (289) (290) (288) (291 292) (293)
 (293) (295) (295) (297 294) (298) (299) (297 294) (300 301) (302 296) (303)
 (304) (305) (305) (306 307) (308) (309) (310) (311) (310) (313 311) (313 312)
 (314 315) (316) (316) (317 318) (315) (319 320) (321) (322) (323) (324) (325)
 (326) (327) (328) (329) (330) (330) (331 332) (333) (334) (335) (334)
 (337 336) (338) (339) (340) (341) (338) (341 343) (342 344) (342 343)
 (345 346) (346) (347 348) (347 348) (349 350) (351) (352) (353) (354) (355)
 (356) (357) (355) (358 359) (360) (361) (362) (360) (363 364) (365) (366)
 (367) (368) (369) (369) (371) (370 372) (373) (374) (375) (376) (377) (378)
 (379) (380) (381) (382) (383) (384) (385) (384) (387) (386 388) (389) (390)
 (391) (392) (393) (394) (395) (396) (397) (398) (399) (397) (401 399)
 (401 400) (403) (404) (402 405) (406) (406) (407 408) (407 408) (409 410)
 (411) (412) (413) (414) (410) (415 416) (417) (418) (419) (420) (421) (422)
 (421) (423 424) (423 424) (425 426) (427) (428) (429) (429) (430 431)
 (430 431) (433 432) (433) (435 432) (434 436) (436) (434 438) (437 439) (440)
 (441) (441) (443) (444) (442 445) (446) (447) (448) (449))