(NIL NIL (2) (3) (3) (5) (6) (4 7) (5) (1 8 9) (10) (10) (11 12) (13) (13)
 (14 15) (14 15) (17 16) (15) (18 19) (20) (21) (21) (22 23) (23) (22 23) (25)
 (27 26 24) (28) (29) (30) (28) (32 29) (33) (34 31) (27 26) (30) (33 37)
 (34 37) (35 39) (40 38 36) (41) (34 36 37) (43 39 38 31) (42 44) (45) (42 44)
 (47) (48) (46 47) (50) (51 48) (49 50) (53) (54) (52 55) (55) (57) (58 56)
 (59) (59) (61) (58 56) (61 63) (64) (65) (65 62) (67) (68 60) (66 69) (66 69)
 (70 71) (72) (73) (73) (75) (76) (76) (74 77 78) (79) (80) (81) (82) (83) (84)
 (82) (84 86) (85 87) (88) (89) (90) (91) (92) (93) (94) (95) (94) (97 96) (98)
 (99) (100) (101) (102) (103) (103) (105) (106 104) (106 104) (108) (109) (109)
 (107 110 111) (112) (113) (114) (114) (116) (115 117) (115 117) (119) (120)
 (121 118) (122) (123) (124) (123) (125 126) (127) (128) (129) (130) (131)
 (132) (128) (131 134) (135) (133 136) (137) (131 134) (138 139) (139 133 136)
 (138 141) (140 142) (143) (144) (145) (145) (147) (147) (143) (146 148 150)
 (149 151) (152) (153) (149 151) (153 155) (151) (154 157) (156 158) (159)
 (160) (161) (153 155 157) (161 163) (162 163) (164 165) (166) (167) (165)
 (169) (170 166) (170 167) (171 172) (173) (171 172) (175) (176 174 168) (177)
 (177) (179) (178 179) (181) (180 181) (182 183) (183) (185) (186 182) (187)
 (188 184) (189) (190) (191) (192) (193) (194) (194) (195 196) (197) (198)
 (199) (200) (201) (202) (203) (203) (205) (206) (207) (204 208) (209) (210)
 (209) (210 212) (211 213) (214) (210 212) (214 216) (217) (218 215) (219)
 (219) (221) (220 222) (223) (224) (225) (226) (224) (226 228) (229) (230)
 (227 231) (232) (233) (234) (235) (236) (237) (238) (239) (239) (241)
 (242 240) (243) (244) (245) (245) (247) (246 248) (246 248) (250) (251)
 (249 252) (249 252) (254) (253 255) (255) (257) (258 256) (259) (260) (261)
 (262) (263) (264) (265) (266) (267) (268) (269) (268) (267) (270 271 272)
 (269 272) (273 274) (273 274) (275 276) (270 272) (277 278) (279) (280) (281)
 (282) (282) (282) (284 285) (285) (284 287) (283 288) (283 285) (290 288)
 (289 291) (292 286) (293) (293) (295) (296) (294 296) (298) (299) (300) (301)
 (297 302) (297 302) (304) (301) (306 303) (306 303) (305 308) (308) (309 310)
 (307 311) (312) (311) (314 312) (314) (313 316) (313 314) (316 318) (317 319)
 (315 320) (319) (322 320) (315 323) (321 324) (321 322) (325 326) (327) (328)
 (328) (330) (331) (332) (329 332) (333 334) (335) (334) (337 335) (338 336)
 (339) (340) (340) (341 342) (343) (344) (345) (346) (347) (348) (348)
 (349 350) (351) (352) (352) (353 354) (353 354) (356) (355 357) (354)
 (355 359) (357 360) (357 360) (361 362 358) (361 362 358) (364) (363 365)
 (366) (367) (368) (366) (370 368) (371) (372) (369 373) (374) (375) (376)
 (377) (378) (379) (380) (381) (382) (383) (384) (382) (386) (385 387)
 (387 384) (386 384) (388 389 390) (391) (392) (388 389 390) (393 394)
 (394 391) (395 396) (395 396) (397 398) (399))