(NIL NIL (2) (3 1) (3) (5 4) (5 4) (7) (7) (9) (10) (11) (11) (13 8) (12 8)
 (15 14) (6 16) (16) (17 18) (19) (18) (20 21) (22) (23) (24) (25) (26) (27)
 (28) (29) (30) (30) (32) (33 31) (29) (34 35) (36) (35 31) (36 38) (37 38)
 (39 40) (39 40) (39 40) (41 43) (42 44) (45) (42 44) (47) (46 48) (49) (49)
 (50 51) (51) (50 51) (54) (52 53 54) (56) (57 55) (57) (57 55) (59 60) (58 61)
 (61) (59 60) (62 63 64) (65) (66) (67) (68) (69) (70) (71) (67) (73 69)
 (73 68) (74 75 70) (76 71) (77) (76 72) (78 79) (80) (81) (81) (81) (84)
 (82 85) (85) (83 86 87) (82 83 87) (89 88) (90) (91) (92) (93) (94) (95) (94)
 (97 96) (98) (97) (98 100) (99 101) (102) (103) (104) (105) (104) (106 107)
 (108) (108) (110) (109 111) (112) (105 107) (114 109) (115 110) (113 116)
 (117) (117) (118 119) (120) (121) (122) (122) (124) (123 125) (125) (127)
 (126 128) (129) (130) (131) (132) (133) (134) (135) (136) (136) (138) (139)
 (136) (137 139 141) (140 142) (143) (144) (145) (146) (147) (148) (149) (149)
 (150 151) (152) (153) (152) (154 155) (154 155) (157) (157) (156 158 159)
 (160) (161) (161) (161) (162 163 164) (160) (165 166) (167) (168) (169) (169)
 (171) (172) (172) (174) (174) (170 173 176) (176) (170 175 178) (179 173)
 (177 180) (177 180) (177 178 175) (180 183) (181 182 184) (181 182 184)
 (182 184) (187 181) (188) (189) (181 182 184) (185 189 191) (186 192)
 (193 190) (194) (195) (195) (197) (190 192) (197 199) (196 200) (201 198)
 (202) (203) (204) (205) (200) (203 207) (202 207) (209 203) (210 206 208)
 (211) (210 206 208) (210 206 208) (214) (211 215) (211 213 214) (217 215)
 (218 212 216) (218 212) (219 220) (221) (222) (223) (224) (225) (226) (227)
 (228) (229) (226) (227 231) (232) (233 229) (234 230) (235) (229 231)
 (236 237) (234 237) (238 239) (240) (238 239) (241 242) (243) (241 242)
 (244 245) (245) (246 247) (248) (249) (249) (248) (251 252) (253) (251 252)
 (251 252) (250 254 255 256) (257) (258) (259) (257) (259 261) (260 262) (263)
 (264) (265) (266) (267) (268) (268) (269 270) (271) (265) (273 271) (274 272)
 (273 271) (274 276) (275 277) (278) (275 277) (280) (281 279) (282) (283)
 (284) (285) (282) (286 287) (288) (289) (290) (291) (292) (291) (292 294)
 (293 294) (295 296) (297) (298) (299) (299) (301) (300 302) (303) (301)
 (305 300 302) (305 302) (306 307 304) (307 304) (306 309) (308 309) (311)
 (312) (313) (314 310) (315) (316) (316) (317 318) (319) (318) (321) (322 319)
 (321 319) (323 324) (325) (325) (327) (326 328) (326 327) (330 328)
 (329 331 320) (332) (333) (334) (330 320) (332 336) (335 336) (338) (337 338)
 (339 340) (341) (340) (342 343) (341 343) (345 342) (346 344) (346 344) (348)
 (348) (349 350) (347 351) (351) (353 352) (353 352) (355) (354 355) (357)
 (358) (356 358) (359 360) (361) (361) (363) (361) (364 365) (362 366) (367)
 (368) (368) (369 370) (369 370) (372) (373) (371 374) (375) (376) (375)
 (371 374) (377 378 379) (380) (381) (382) (383) (383) (385 384) (385 384)
 (386) (388 387) (389) (390) (390) (392) (393) (394) (395 391) (391 392)
 (396 397) (395 397) (398 399))