(NIL NIL (1) NIL (4 2 3) (5) (4 3) (5 7) (6 8) (9) (10) (11) (12) (12) (13 14)
 (13 14) (16) (17 15) (17 15) (17 15) (18 20) (18 19 20) (21 22) (23) (24) (25)
 (21 22) (25 27) (26 28) (29) (30) (30) (30) (33 31 32) (34) (35) (34) (37)
 (34) (36 37 39) (36 37 39) (41 38) (41 38) (42 43) (41 38) (44 45 40) (46)
 (45) (42 43 48 40) (47 48) (50) (49 51) (50) (49 51 53) (52 53) (55) (56) (57)
 (57) (59) (60) (58 60 54) (58 59) (62 63) (61 64) (64) (65 66) (66 61) (65 68)
 (69) (70) (71) (65 66) (73 72) (74 67) (74 67) (76) (77) (78) (75 79) (80)
 (81) (82) (83) (84) (84) (85 86) (87) (87) (89) (89) (90 91 88) (92) (92)
 (90 91 88) (95) (93 96) (93 96) (97 98 94) (99) (100) (101) (100) (103)
 (102 104) (105) (101 103) (106 107) (105 107) (106 109) (108 110) (111) (110)
 (113 112) (114) (114) (115 116) (117) (117) (118 119) (119) (121) (118 119)
 (122 123) (124) (125 120) (125 120) (127) (127) (129 126 128) (130) (131)
 (132) (133) (134) (134) (135 136) (135 136) (138) (139) (137 140) (141) (142)
 (141) (144) (145 143) (146) (147) (148) (147) (149 150) (151) (152) (153)
 (154) (154) (155 156) (157) (158) (157) (158 160) (159 160) (161 162) (163)
 (164) (163) (165 166) (167) (168) (169) (170) (171) (172) (171) (173 174)
 (175) (176) (175) (178) (177 179) (179) (180 181) (180 181) (182 183) (184)
 (184) (186) (185 187) (186) (185 189) (190) (187 191) (191) (193 188 192)
 (194) (194) (195 196) (197) (197) (198 199) (200) (201) (202) (200) (202 204)
 (203 205) (206) (207) (208) (207) (210) (209 210) (211 212) (213) (214) (215)
 (216) (215) (213) (219 214) (217 218 220) (219 216) (221 222) (223) (223)
 (225 224) (226) (227) (228) (228) (230) (231) (229 232) (229 232) (234)
 (233 235) (236) (233 235) (238) (236 239) (236 239) (241 237) (242 240) (243)
 (242) (243 245) (244 246) (241) (244 246 248) (249) (250 247) (251) (252)
 (253) (251) (253 255) (254 256) (254 256) (258) (259) (259) (257 261)
 (260 262) (263) (264) (265) (262) (265 267) (266 268) (269) (270) (271) (271)
 (273) (274) (275 272) (276) (274) (277 278) (276 278) (280) (281 279) (282)
 (283) (283) (284 285) (286) (287) (288) (289) (285) (290 291) (292) (291 287)
 (293 294) (290 294) (295 296) (297) (298) (299) (300) (301) (302) (303) (303)
 (303) (306) (305 307 304) (308) (305 306) (308 310) (311) (309 312) (313)
 (309 311) (315 312) (313 316) (317) (318) (314 319) (314 318) (321) (322 320)
 (323) (324) (325) (325) (322) (326 328) (329) (330 327) (331) (331) (333)
 (334) (332 335) (332 334) (337 336) (338) (337 336) (340) (339 341) (339 341)
 (342 343) (344) (345) (346) (347) (344) (349) (348 350) (351) (352) (353)
 (354) (354) (355 356) (357) (357) (358 359) (357) (361 358 359) (361 360)
 (362 363) (361 360) (364 365) (364 365) (366 367) (364 365) (369 368) (370)
 (371) (372) (371) (372 374) (373 375) (376) (376) (375) (378 379) (377 380)
 (381) (377 380) (383) (381 384) (385) (386 382) (386) (387 388) (389) (390)
 (391) (389) (388 382) (393 394 392) (395) (396) (396) (397 398) (399))