(NIL NIL (2 1) NIL (4 2) NIL NIL (7 4) (7 1) NIL (10 7) (10 4) (11 8 12) (10 2)
 (12 5 14) NIL (16 1) NIL NIL (19 18) (19 10) (19 4) (21 12 22) NIL (24 19)
 (24 10) (25 21 26) (24 7) (28 11 26) (24 2) (30 26 14) NIL (24 32) (32 16)
 (10 32) (33 26 35) (7 32) (33 28 37) (11 37 35) (39 38 29 36) (4 32)
 (41 12 35) (41 8 37) (39 42 43 13) (32 1) (17 45 34) (9 45 37) NIL (48 32)
 (19 48) NIL (51 32) (51 24) (33 53 52) (51 19) (25 53 55) (51 18) (57 20 55)
 (51 16) (59 52 34) (51 10) (61 35 52) (61 53 26) (62 63 54 36) (61 21 55)
 (63 65 56 27) (51 7) (67 37 52) (67 53 28) (69 68 54 38) (61 67 11)
 (39 62 68 71) (63 69 29 71) (73 40 64 70 72) (51 2) (75 30 53) (61 75 14)
 (63 76 31 77) (51 1) (45 79 52) (59 17 79) (81 60 46 80) (9 67 79)
 (83 68 47 80) (3 75 79) NIL (86 51) (86 32) (87 52 88) (86 24) (87 53 90)
 (33 90 88) (89 54 91 92) (86 19) (87 55 94) (25 90 94) (96 56 91 95) (86 10)
 (61 87 98) (98 35 88) (89 62 100 99) (26 90 98) (63 102 91 99) (100 102 36 92)
 (93 101 64 104 103) (21 98 94) (99 65 106 95) (96 102 27 106)
 (108 97 103 66 107) (86 7) (87 110 67) (110 37 88) (89 111 68 112) (110 28 90)
 (111 69 114 91) (38 112 114 92) (93 116 115 70 113) (110 11 98)
 (118 111 71 99) (100 39 118 112) (101 119 120 113 72) (102 118 29 114)
 (73 119 103 122 115) (116 40 104 122 120) (74 117 105 123 124 121) (86 2)
 (87 75 126) (30 90 126) (127 128 76 91) (126 98 14) (127 130 77 99)
 (128 102 130 31) (129 103 131 132 78))