(NIL NIL (1 2) NIL (2 4) (1 4) (3 6 5) NIL (8 4) (8 2) (5 10 9) (1 8) (6 12 9)
 (3 10 12) (7 13 11 14) NIL (16 8) (16 2) (17 10 18) (16 1) (20 17 12)
 (20 3 18) (19 21 22 14) NIL (16 24) (2 24) (26 25 18) NIL (28 24) (28 8)
 (28 1) (31 30 12) NIL (16 33) (8 33) (34 17 35) (2 33) (34 37 18) (37 10 35)
 (19 38 39 36) (1 33) (20 34 41) (12 35 41) (42 43 21 36) (3 37 41)
 (42 45 22 38) (43 45 39 14) (46 44 23 47 40) NIL (49 33) (49 24) (16 49)
 (34 52 50) (25 52 51) (49 8) (55 35 50) (55 17 52) (56 57 53 36) (49 4)
 (55 9 59) (49 2) (37 50 61) (26 51 61) (61 52 18) (62 64 38 53) (63 27 64 54)
 (55 10 61) (62 56 39 67) (19 57 64 67) (58 65 68 40 69) (61 5 59)
 (60 71 67 11) (1 49) (73 50 41) (20 52 73) (42 74 53 75) (55 12 73)
 (74 56 77 43) (75 57 77 21) (44 58 78 76 79) (73 6 59) (60 77 13 81) (3 73 61)
 (62 74 45 83) (75 64 22 83) (85 76 65 46 84) (83 77 67 14) (84 78 47 68 87)
 (87 85 23 79 69) (86 88 89 48 70 80) (71 7 83 81) (15 82 72 87 91) NIL (93 49)
 (93 24) (94 51 95) (93 2) (94 97 61) (26 97 95) (96 63 98 99) NIL (49 101)
 (101 33) (102 50 103) (28 101) (16 101) (52 102 106) (106 34 103)
 (104 107 53 108) (101 4) (110 102 59) (2 101) (112 102 61) (37 112 103)
 (104 62 113 114) (18 112 106) (107 113 64 116) (108 116 38 114)
 (109 65 117 115 118) (110 5 112) (113 71 111 120) (1 101) (122 102 73)
 (122 41 103) (104 74 123 124) (105 122 31) (20 122 106) (107 75 123 127)
 (42 108 124 127) (128 109 129 76 125) (110 6 122) (131 111 123 81) (3 122 112)
 (113 83 123 133) (114 45 124 133) (135 115 84 125 134) (22 127 116 133)
 (128 137 85 117 134) (135 129 137 46 118) (86 119 130 136 138 139)
 (131 7 133 120) (121 91 132 141 134) NIL (49 143) (143 33) (145 144 50)
 (28 143) (16 143) (148 52 144) (145 34 148) (146 149 53 150) (8 143)
 (55 152 144) (145 152 35) (56 146 153 154) (147 152 30) (152 148 17)
 (157 57 149 153) (157 150 154 36) (159 158 58 151 155) (143 2) (161 144 61)
 (145 37 161) (62 146 163 162) (161 148 18) (64 149 162 165) (163 38 150 165)
 (65 164 166 151 167) (161 152 10) (169 162 153 67) (169 163 39 154)
 (170 171 164 68 155) (19 157 165 169) (173 158 170 166 69)
 (173 159 171 40 167) (160 168 172 174 175 70) (1 143) (177 144 73)
 (177 145 41) (74 178 146 179) (177 147 31) (177 20 148) (75 149 182 178)
 (42 179 150 182) (76 180 183 151 184) (177 152 12) (178 77 153 186)
 (43 179 154 186) (188 187 180 78 155) (156 186 181 32) (157 21 182 186)
 (158 191 187 79 183) (188 44 159 191 184) (185 160 189 192 193 80) (177 161 3)
 (83 162 195 178) (45 179 163 195) (196 197 84 180 164) (195 22 165 182)
 (196 85 199 183 166) (197 184 46 199 167) (86 185 168 198 200 201)
 (169 195 186 14) (203 170 196 187 87) (203 188 171 197 47)
 (88 189 172 198 204 205) (199 203 23 173 191) (89 192 174 200 204 207)
 (193 48 175 201 205 207) (209 90 194 176 202 206 208) NIL (211 143) (211 101)
 (211 49) (212 144 214) (102 214 213) (211 33) (145 217 212) (217 213 103)
 (217 50 214) (146 218 220 215) (216 104 219 220) (211 16) (148 212 223)
 (223 213 106) (52 214 223) (224 226 149 215) (216 107 226 225) (34 217 223)
 (224 218 150 229) (108 219 229 225) (226 53 220 229) (232 227 230 151 221)
 (222 232 109 228 231) (211 8) (152 212 235) (55 235 214) (237 153 236 215)
 (217 235 35) (239 218 236 154) (56 239 220 237) (238 241 240 155 221)
 (17 235 223) (224 157 243 236) (226 243 57 237) (238 158 227 244 245)
 (239 243 229 36) (247 240 159 244 230) (232 241 58 247 245)
 (233 160 242 246 248 249) (211 2) (161 212 251) (251 213 112) (251 214 61)
 (162 254 252 215) (216 113 253 254) (251 217 37) (252 163 218 257)
 (114 253 219 257) (62 254 220 257) (258 260 164 255 221) (222 259 115 260 256)
 (251 18 223) (224 252 165 263) (225 116 253 263) (226 254 64 263)
 (264 266 227 255 166) (266 117 228 256 265) (263 38 229 257)
 (258 269 264 230 167) (259 265 118 269 231) (232 266 260 65 269)
 (261 233 270 272 168 267) (262 119 234 271 272 268) (251 235 10)
 (169 252 236 275) (275 254 67 237) (238 276 170 277 255) (239 275 39 257)
 (258 240 171 276 279) (260 241 279 68 277) (261 278 172 280 281 242)
 (19 275 243 263) (264 283 276 173 244) (266 283 69 277 245)
 (267 278 174 246 284 285) (247 269 279 40 283) (270 280 175 284 248 287)
 (285 272 281 70 249 287) (286 273 282 176 250 288 289) (211 1) (177 291 212)
 (291 122 213) (291 214 73) (178 292 294 215) (216 293 123 294) (291 217 41)
 (297 179 292 218) (297 293 219 124) (74 297 294 220) (300 298 180 295 221)
 (222 299 300 125 296) (20 291 223) (224 292 182 303) (127 225 293 303)
 (75 226 294 303) (306 227 295 183 304) (305 128 228 306 296) (42 297 229 303)
 (298 304 309 230 184) (305 129 309 299 231) (232 306 76 300 309)
 (185 233 301 307 310 312) (130 234 302 308 311 312) (291 235 12)
 (186 315 292 236) (315 77 294 237) (238 187 316 317 295) (297 239 315 43)
 (316 298 240 188 319) (300 317 241 78 319) (321 301 189 242 318 320)
 (21 315 243 303) (323 316 191 244 304) (306 323 317 79 245)
 (324 325 192 307 246 318) (247 44 309 323 319) (324 327 193 310 248 320)
 (321 325 327 312 249 80) (322 326 328 329 194 313 250) (251 3 291)
 (252 292 195 331) (331 253 293 133) (83 331 254 294) (196 332 255 295 334)
 (296 333 334 256 134) (297 331 45 257) (258 298 337 332 197)
 (135 259 299 337 333) (337 260 300 84 334) (261 301 335 338 340 198)
 (262 302 336 339 340 136) (331 22 263 303) (332 343 199 264 304)
 (305 137 333 343 265) (266 306 85 334 343) (267 200 335 307 344 346)
 (268 336 308 345 346 138) (337 309 269 46 343) (270 338 310 344 201 349)
 (139 271 339 311 345 349) (86 272 340 312 346 349)
 (273 341 313 202 347 350 352) (274 342 314 348 140 351 352) (275 315 331 14)
 (276 316 332 203 355) (355 277 317 87 334) (356 357 335 278 204 318)
 (337 355 279 319 47) (356 359 338 280 205 320) (321 357 88 359 340 281)
 (322 358 360 361 341 282 206) (283 323 23 355 343) (324 363 356 344 284 207)
 (357 89 363 325 346 285) (358 364 365 347 208 286 326)
 (327 359 363 48 349 287) (209 328 360 364 367 350 288)
 (361 90 365 367 329 289 352) (290 210 362 366 368 369 353 330) NIL (371 211)
 (371 101) (372 213 373) (371 49) (375 372 214) (375 102 373) (374 216 376 377)
 (371 33) (379 372 217) (379 103 373) (374 380 381 219) (375 50 379)
 (376 380 220 383) (104 381 377 383) (222 382 378 384 385) (371 16)
 (372 387 223) (387 106 373) (374 225 388 389) (375 387 52) (376 388 226 391)
 (107 377 389 391) (392 228 378 390 393) (379 387 34) (380 395 388 229)
 (108 395 381 389) (396 382 397 390 231) (395 391 383 53) (232 392 396 384 399)
 (393 109 399 397 385) (386 234 394 398 400 401) (371 2) (251 372 403)
 (403 112 373) (374 404 253 405) (375 403 61) (376 254 404 407)
 (113 377 407 405) (406 378 408 256 409) (379 37 403) (411 380 404 257)
 (411 114 381 405) (259 412 413 382 406) (62 411 383 407) (412 260 408 384 415)
 (115 409 413 415 385) (262 386 414 416 417 410) (403 387 18) (419 404 388 263)
 (419 116 389 405) (420 421 406 390 265) (419 64 407 391) (392 266 420 423 408)
 (393 421 117 423 409) (410 268 394 422 424 425) (411 395 38 419)
 (427 412 269 396 420) (427 413 421 397 118) (414 271 422 398 428 429)
 (423 427 65 415 399) (416 272 424 400 428 431) (119 417 425 401 429 431)
 (418 274 426 402 430 432 433) (371 1) (372 291 435) (435 122 373)
 (374 437 436 293) (375 435 73) (376 436 294 439) (437 377 123 439)
 (441 440 378 438 296) (379 435 41) (297 380 436 443) (443 381 437 124)
 (445 299 444 382 438) (74 443 383 439) (300 447 444 384 440)
 (441 445 447 125 385) (449 386 302 442 446 448) (20 435 387) (451 436 388 303)
 (127 451 437 389) (305 452 453 438 390) (75 451 439 391) (392 306 452 455 440)
 (441 393 453 455 128) (454 456 457 394 308 442) (42 443 395 451)
 (309 459 444 396 452) (459 453 129 445 397) (454 460 461 311 398 446)
 (459 76 455 447 399) (456 460 463 312 400 448) (449 457 461 463 130 401)
 (450 458 462 464 465 314 402) (403 3 435) (467 404 436 331) (467 405 437 133)
 (333 469 468 406 438) (83 467 407 439) (471 468 334 408 440)
 (441 134 469 471 409) (410 336 470 472 473 442) (411 443 45 467)
 (337 412 444 475 468) (135 469 475 413 445) (414 339 470 476 477 446)
 (471 475 84 415 447) (416 340 472 476 479 448) (449 417 473 136 477 479)
 (481 450 418 342 474 478 480) (419 451 22 467) (420 452 483 343 468)
 (469 137 421 453 483) (484 485 454 422 470 345) (471 483 85 423 455)
 (484 487 456 424 472 346) (485 487 457 425 473 138)
 (486 488 489 458 426 474 348) (427 459 46 475 483) (484 491 460 428 476 349)
 (485 477 491 461 429 139) (486 492 493 462 430 478 351)
 (86 487 491 463 431 479) (488 492 495 464 352 432 480)
 (481 489 493 495 465 140 433) (434 354 482 490 494 496 497 466))