(NIL NIL (2 1) NIL NIL (4 5) (5 2) NIL (8 5) (8 1) NIL (1 11) NIL (5 13) (4 13)
 (6 15 14) (1 13) NIL (18 13) (18 5) (19 14 20) (4 18) (19 15 22) (6 22 20)
 (21 16 23 24) (18 1) (19 17 26) NIL (28 18) (28 5) (30 29 20) (28 4)
 (32 29 22) (30 6 32) (31 34 33 24) (28 1) (26 29 36) NIL (38 28) (38 18)
 (39 29 40) (38 13) (19 42 40) (38 11) (38 5) (30 39 45) (45 40 20)
 (31 46 47 41) (42 45 14) (21 43 47 49) (38 4) (32 39 51) (51 40 22)
 (33 52 41 53) (42 15 51) (55 43 23 53) (6 45 51) (34 46 57 52) (53 57 47 24)
 (54 58 35 59 48) (55 57 16 49) (50 25 56 59 61) (38 1) (63 39 36) (63 26 40)
 (64 65 41 37) (63 42 17) (43 65 67 27) (44 63 12) NIL (38 70) (28 70)
 (71 39 72) (18 70) (71 40 74) (72 29 74) (75 76 73 41) (70 13) (71 78 42)
 (19 78 74) (75 43 79 80) (5 70) (71 45 82) (30 72 82) (46 83 84 73) (82 20 74)
 (75 83 47 86) (76 31 84 86) (77 85 87 48 88) (82 78 14) (90 83 79 49)
 (21 90 80 86) (50 91 92 87 81) (4 70) (71 51 94) (32 72 94) (95 96 73 52)
 (94 22 74) (75 95 98 53) (76 33 96 98) (54 77 97 99 100) (94 78 15)
 (55 95 79 102) (102 80 23 98) (56 104 99 81 103) (82 6 94) (83 57 95 106)
 (84 34 96 106) (58 97 85 107 108) (98 86 106 24) (110 107 59 87 99)
 (110 100 35 108 88) (101 109 111 112 89 60) (90 16 106 102)
 (114 91 103 107 61) (25 110 92 104 114) (62 105 111 115 116 93) (70 1)
 (63 71 118) (72 36 118) (119 64 73 120) (118 26 74) (75 119 65 122)
 (76 122 120 37) (77 66 123 121 124) (118 78 17) (119 67 79 126)
 (126 122 80 27) (127 128 123 68 81) NIL (38 130) (28 130) (131 39 132)
 (130 18) (131 134 40) (134 29 132) (135 41 133 136) (130 13) (42 131 138)
 (19 134 138) (139 140 43 135) (130 5) (131 45 142) (30 132 142)
 (46 143 133 144) (134 142 20) (146 135 47 143) (146 31 136 144)
 (145 147 148 48 137) (142 14 138) (139 150 143 49) (21 140 150 146)
 (50 141 147 151 152) (4 130) (154 131 51) (32 132 154) (155 156 52 133)
 (154 134 22) (155 135 158 53) (33 156 136 158) (54 157 159 137 160)
 (154 15 138) (139 55 155 162) (140 158 23 162) (163 141 164 56 159)
 (154 6 142) (155 57 166 143) (166 34 156 144) (145 157 58 167 168)
 (146 166 158 24) (167 170 147 59 159) (170 148 35 168 160)
 (161 149 169 171 172 60) (162 16 150 166) (163 174 167 151 61)
 (25 170 164 174 152) (62 165 153 171 175 176) (130 1) (63 131 178)
 (178 132 36) (64 179 180 133) (178 134 26) (179 65 135 182) (182 180 136 37)
 (183 184 66 181 137) (178 17 138) (139 179 186 67) (140 186 27 182)
 (183 141 187 68 188) NIL (190 130) (190 70) (38 190) (193 131 191)
 (71 193 192) (190 28) (191 132 196) (72 192 196) (39 193 196)
 (197 199 194 133) (198 199 73 195) (190 18) (134 191 202) (202 192 74)
 (193 40 202) (203 135 205 194) (75 204 205 195) (202 29 196) (197 203 136 208)
 (198 208 204 76) (199 205 41 208) (211 206 200 209 137) (211 207 77 201 210)
 (190 13) (214 191 138) (214 78 192) (42 214 193) (139 215 194 217)
 (79 195 217 216) (19 214 202) (203 140 215 220) (204 80 220 216)
 (220 205 43 217) (141 206 223 221 218) (219 223 222 207 81) (190 8) (190 4)
 (154 191 227) (94 192 227) (227 193 51) (230 155 194 228) (95 229 230 195)
 (32 227 196) (197 228 156 233) (198 96 229 233) (199 230 52 233)
 (234 236 200 157 231) (97 236 201 232 235) (227 22 202) (203 228 158 239)
 (204 229 98 239) (205 230 239 53) (240 242 206 231 159) (242 207 232 99 241)
 (33 239 208 233) (234 245 240 209 160) (235 100 245 241 210)
 (211 54 236 245 242) (161 243 246 248 212 237) (244 247 248 101 213 238)
 (227 214 15) (162 228 215 251) (102 229 216 251) (55 230 217 251)
 (252 163 254 231 218) (219 103 253 254 232) (220 239 23 251)
 (221 164 252 240 257) (257 222 253 104 241) (242 254 56 223 257)
 (243 165 255 258 260 224) (244 105 256 259 260 225) NIL (263 130) (263 70)
 (263 38) (131 264 266) (71 266 265) (263 28) (264 132 269) (72 269 265)
 (39 269 266) (272 270 133 267) (268 272 73 271) (263 18) (275 134 264)
 (275 74 265) (275 40 266) (276 135 278 267) (268 75 277 278) (275 29 269)
 (281 276 136 270) (76 277 281 271) (272 281 278 41) (273 282 284 137 279)
 (280 274 283 284 77) (263 8) (263 1) (178 264 288) (288 118 265) (63 266 288)
 (289 291 179 267) (268 119 291 290) (269 36 288) (289 180 270 294)
 (120 294 290 271) (272 64 291 294) (297 273 292 295 181) (297 274 293 121 296)
 (275 26 288) (289 300 276 182) (290 122 277 300) (65 300 291 278)
 (183 292 301 303 279) (280 293 123 302 303) (281 300 294 37)
 (184 282 301 295 306) (306 302 283 124 296) (297 306 66 284 303)
 (285 298 304 307 309 185) (286 299 125 305 308 309) (10 287 288))