(NIL (1) (2) NIL (4 2) (5) (3 6) (7) (8) (9) (10) (11) (8) (12 13) (14) (15)
 (16) (17) (18) (17) (19 20) (21) (18 20) (21 23) (22 24) (22 24) (22 24)
 (25 26 27) (25 26 27) (29) (28 30) (28) (32 31) (33) (34) (33) (34 36) (34 36)
 (38) (35 37 38) (40) (35 37 38) (41 42) (43 39) (44) (45) (46) (47) (47)
 (49 48) (49 48) (50 51) (50 51) (53) (53) (52 55) (56) (57) (58) (59 54) (60)
 (61) (60) (61 63) (64) (65 62) (66) (67) (68) (69) (70) (71) (70) (73 72) (74)
 (75) (76) (76) (73) (77 79) (80) (81 78) (82) (83) (82) (85) (86) (83 87)
 (84 88) (89) (89) (89) (90 91 92) (93) (94) (93) (95 96) (97) (94 96) (97 99)
 (98 100) (101) (102) (103) (104) (104) (105 106) (107) (108) (109) (110) (107)
 (111 112) (113) (113) (115) (116) (114 117) (118) (119) (120) (121) (122)
 (123) (124) (125) (126) (125) (128) (127 128) (129 130) (131) (132) (132)
 (134) (133 135) (136) (137) (137) (138 139) (140) (140) (141 142) (143) (144)
 (142) (146 143) (145 147) (147 144) (148 149) (148 149) (150 151) (152) (153)
 (152) (154 155) (153 155) (154 157) (158) (159) (156 160) (160) (156 160)
 (161 162 163) (164) (165) (166) (167) (168) (169) (165) (170 171) (172) (173)
 (174) (174) (175 176) (177) (178) (179) (179) (180 181) (182) (182) (183 184)
 (185) (186) (187) (188) (189) (190) (191) (192) (193) (194) (194) (196)
 (195 197) (198) (198) (199 200) (199 200) (201 202) (201 202) (203 204) (202)
 (206) (205 207) (208) (209) (210) (211) (212) (212) (213 214) (215) (214)
 (217 213) (218 216) (219) (220) (221) (222) (223) (224) (225) (226) (227)
 (227) (228 229) (230) (230) (231 232) (233) (233) (234 235) (236) (237) (238)
 (239) (240) (241) (241) (243) (242 244) (242 244) (245 246) (245 246) (248)
 (249 247) (250) (251) (252) (253) (254) (254) (255 256) (257) (258) (259)
 (258) (261) (260 262) (263) (264) (264) (266) (267) (265 268) (265 268)
 (265 268) (269 270 271) (272) (273) (274) (275) (276) (277) (277) (279) (280)
 (281 278) (282) (281) (282 284) (285) (283 285) (286 287) (288) (289) (290)
 (289) (291 292) (293) (294) (295) (296) (295) (297 298) (299) (297 298)
 (299 301) (302) (300 303) (304) (305) (306) (307) (308) (309) (308) (309 311)
 (310 312) (312) (313 314) (315) (316) (317) (316) (317 319) (317 319) (321)
 (322 320) (323) (323) (325) (324 325 318) (326 327) (326 327) (329) (330)
 (331 328) (331) (332 333) (334) (335) (336) (337) (338) (336) (339 340) (341)
 (342) (343) (343) (345 344) (346) (345) (347 348) (349) (350) (351) (352)
 (353) (354) (355) (356) (357) (358) (356) (360) (361) (362 358) (363 359)
 (364) (364) (366) (367) (365 368) (365 367) (369 370) (371) (372) (373) (374)
 (375) (376) (377) (378) (379) (380) (381) (381) (382 383) (384) (385) (386)
 (386) (386) (389) (388 390) (387 391) (387 391) (393 392) (394) (395) (396)
 (394) (397 398) (399))