(NIL (1) NIL (3 1) (2 4) (5) (6) (6) (7 8) (9) (10) (11) (12) (12) (13 14) (15)
 (16) (17) (17) (18 19) (20) (21) (21) (22 23) (24) (25) (25) (26 27) (25)
 (26 27 29) (30) (28 30) (30) (33 31 32) (34) (35) (36) (36) (37 38) (39) (40)
 (40) (42) (41 43) (44) (45) (46) (47) (46) (49 47) (50 48) (51) (52) (50 48)
 (51 54) (53 55) (56) (56) (58) (57 58) (60) (61) (59 62) (63) (64) (65) (66)
 (66) (68) (67 69) (67 69) (71) (70 72) (72) (73 74) (75) (76) (73 74) (75 78)
 (79) (76 80) (81 77) (77 80) (82 83) (84) (85) (85) (87) (86 88) (89) (89)
 (91) (90 92) (93) (94) (95) (96) (97) (97) (99) (98 100) (101) (102) (102)
 (103 104) (105) (106) (107) (108) (106) (107 110) (109 111) (111) (113 112)
 (113 112) (115) (114 115) (116 117) (116 117) (118 119) (120) (120) (122)
 (123) (121 124) (121 124) (126) (126) (125 126) (129 128) (130) (131 127)
 (132) (130 127) (132 134) (133 134) (136) (137) (138 135) (139) (140) (141)
 (142) (143) (142) (145 144) (145 144) (147) (146 147) (149) (148 150) (151)
 (148 150) (153 152) (154) (155) (155) (157) (158) (159) (160) (160) (161 162)
 (163) (163 156) (164 165) (166) (167) (168) (169) (170) (171) (170) (172 173)
 (174) (175) (176) (177) (177) (179) (180) (178 181) (182) (183) (183)
 (185 184) (186) (185 184) (187 188) (189) (190) (190) (192) (193) (194 191)
 (195) (196) (197) (198) (198) (200) (199 200) (201 202) (203) (204) (205)
 (205) (207) (208) (209 206) (210) (211) (208) (212 213) (214) (215) (214)
 (217) (218 216) (219) (220) (220) (221 222) (223) (224) (225) (226) (227)
 (228) (229) (230) (231) (229) (233 230) (234 232) (234) (235 236) (237) (237)
 (238 239) (240) (241) (242) (243) (244) (244) (245 246) (243) (245 248)
 (249 247) (249 247) (250 251) (252) (253) (253) (255) (254 256) (254 256)
 (257 258) (259) (259) (260 261) (260 261) (262 263) (264) (265) (265)
 (266 267) (268) (269) (270) (271) (272) (273) (274) (275) (276) (275)
 (277 278) (277 278) (279 280) (279 280) (282) (283) (281 284) (284) (286)
 (281 287) (288) (289 285) (289 285) (290 291) (292) (290 291) (293 294) (295)
 (296) (297) (297) (299) (298 300) (301) (302) (303) (303) (305) (306) (307)
 (307 304) (308 309) (307) (310 311) (312) (313) (314) (315) (316) (317) (318)
 (319) (318) (321 319) (322) (323 320) (324) (322) (325 326) (327) (325 326)
 (329 328) (329 328) (330 331) (330 331) (333) (334) (332 335) (332 335)
 (337 336) (337 336) (339) (338 340) (341) (342) (343) (344) (341) (346 344)
 (347) (347) (348 349) (348 349) (349) (345 351 352) (353) (354) (353 350)
 (355 356) (357) (358) (359) (358) (361 360) (362) (362) (363 364) (365) (366)
 (367) (367) (369) (370 368) (371) (372) (373) (374) (374) (375 376) (377)
 (378) (377) (378 380) (379 380) (382) (381 383) (383) (385) (386 384) (387)
 (388) (389) (388) (389 391) (390 392) (393) (394) (394) (396) (396)
 (395 397 398) (399))