(NIL (1) NIL (3) (4 2) (4 2) (3 2) (5 6 7) (8) (9) (9) (8) (10 11 12) (13) (14)
 (15) (14) (17 16) (18) (19) (19) (20 21) (22) (22) (23 24) (25) (24) (26 27)
 (28) (29) (30) (31) (32) (33) (34) (35) (36) (36) (37 38) (39) (38) (41 37)
 (41 40) (43) (42 44) (45) (46) (45) (47 48) (49) (50) (51) (50) (52 53) (54)
 (55) (55) (57 56) (58) (59) (60) (61) (62) (62) (63 64) (65) (65) (66 67) (68)
 (69) (68) (69 71) (72) (73 70) (74) (75) (76) (77) (76) (78 79) (80) (81) (82)
 (80) (83 84) (85) (85) (87) (86 88) (89) (89) (90 91) (92) (93) (94) (95) (96)
 (97) (98) (99) (99) (99) (102) (100 103) (104) (105 101) (106) (107) (107)
 (107) (108 109 110) (111) (111) (113) (113) (114 115) (116 112) (115 112)
 (117 118) (119) (116 118) (121 119) (122 120) (123) (124) (122 120) (124 126)
 (125 127) (125 127) (129 128) (130) (131) (132) (132) (133 134) (134)
 (135 136) (133 136) (137 138) (137 138) (140) (139 140) (140) (139 141 143)
 (142 144) (142 144) (145 146) (147) (147) (148 149) (150) (150) (151 152)
 (153) (154) (153) (155 156) (155 156) (157 158) (159) (160) (160) (162) (163)
 (163) (161 165) (166) (167) (168) (164 168) (169 170) (171) (172) (171)
 (172 174) (173 175) (176) (177) (176) (178 179) (177 179) (178 181) (182)
 (183) (180 184) (180 184) (185 186) (187) (188) (188) (190) (189 191)
 (189 191) (193 192) (193) (194 195) (196) (197) (196) (198 199) (200) (201)
 (202) (203) (204) (205) (206) (207) (208) (209) (209) (210 211) (212) (211)
 (213 214) (215) (210 211) (217 213 214) (218 216) (218 215) (219 220) (221)
 (219 220) (222 223) (219 220) (225 222 223) (226 224) (225 222 223) (227 228)
 (229) (230) (231) (232) (233) (234) (234) (235 236) (236) (237 238) (239)
 (240) (241) (242) (243) (244) (245) (246) (247) (248) (249) (249) (251) (252)
 (250 253) (253) (254 255) (254 255) (250 255) (257 258) (259) (260) (261)
 (262 256) (263) (264) (261 256) (266 263) (265 267) (268) (269) (270)
 (265 266) (271 272) (273) (274) (273) (276) (274 277) (275 277) (275 277)
 (278 279 280) (278 280) (281 282) (278 280) (281 282 284) (285) (286)
 (283 287) (283 287) (289 288) (290) (291) (291) (291) (294) (292 295)
 (292 293 295) (297) (298 296) (298) (300) (301 296) (299 301) (302 303) (304)
 (305) (306) (306) (308) (307 308) (309 310) (311) (312) (312) (314) (315)
 (313 316) (316) (313 316) (317 319) (318 320) (317 319) (322 320) (321 322)
 (324) (323 325) (323 325) (327) (326 328) (327) (330 326 328) (329 331) (332)
 (333) (334) (334) (335 336) (337) (338) (338) (340) (341) (339 341) (343)
 (342 344) (342 343) (346) (347) (348) (348 344) (345 349 350) (351) (352)
 (353) (354) (355) (356) (357) (358) (359) (358) (361 360) (362) (363) (364)
 (365) (366) (363) (366 368) (369 367) (370) (369 367) (370 372) (371 373)
 (374) (375) (376) (377) (378) (379) (380) (381) (381) (382 383) (384) (385)
 (386) (387) (388) (386) (389 390) (391) (392) (393) (394) (395) (395) (397)
 (396 398) (399))