(NIL NIL (2) (3 1) (4) (4) (5 6) (7) (8) (6) (9 10) (10 5) (11 12) (13) (14)
 (14) (15 16) (17) (15 16) (18 19) (17 19) (19) (20 22) (20 21 22) (23 24) (25)
 (26) (27) (26) (28 29) (30) (31) (32) (33) (34) (35) (36) (37) (38) (39) (39)
 (41 40) (42) (43) (44) (45) (45) (45) (47 48) (49 46) (49) (49 46) (46 47 48)
 (52 53) (50 51 54) (55) (56) (56) (57 58) (59) (60) (61) (62) (63) (64) (65)
 (66) (67) (68) (69) (70) (70) (72) (73 71) (74) (71 72) (74 76) (77) (78)
 (75 79) (80) (81) (81) (82 83) (84) (85) (86) (87) (88) (89) (90) (91) (92)
 (92) (93 94) (95) (95) (97 96) (97 96) (98 99) (100) (101) (102) (103) (104)
 (104) (105 106) (107) (108) (109) (110) (111) (112) (113) (114) (113)
 (115 116) (117) (118) (118) (120) (120) (122 119) (123) (124) (121 125) (126)
 (127) (128) (129) (130) (131) (129) (132 133) (134) (134) (135 136) (136)
 (138 135) (138 135) (137 140) (139 141) (142) (143) (144) (145) (146) (147)
 (148) (148) (148) (149 150 151) (152) (153) (154) (155) (156) (154) (156 158)
 (159) (157 159) (161) (162 160) (163) (164) (165) (166) (167) (168) (169)
 (169) (170 171) (172) (173) (174) (175) (175) (177 176) (177 176) (179) (180)
 (179) (178 181 182) (183) (184) (185) (186) (187) (187) (188 189) (190)
 (188 189) (191 192) (193) (190 192) (193 195) (194 196) (194 196) (198) (199)
 (197 200) (201) (202) (203) (204) (205) (206) (206) (208) (209 207) (210)
 (211) (212) (212) (213 214) (215) (215) (217) (218 216) (219) (220) (220)
 (221 222) (223) (224) (224) (221 222) (227) (225 227) (226 229) (228 230)
 (231) (232) (233) (234) (235) (236) (235) (237 238) (239) (239) (241)
 (242 240) (243) (243) (244 245) (246) (247) (247) (249 248) (250) (251) (252)
 (253) (254) (255) (256) (254) (258 255) (259 256) (257 260) (261) (262) (262)
 (263 264) (265) (266) (267) (268) (268) (269 270) (271) (272) (273) (274)
 (275) (276) (276) (278) (277 279) (277 278) (281) (282 279) (281 279)
 (282 284 280) (283 285) (283 284) (286 287) (288) (289) (290) (291) (292)
 (293) (293) (295) (294 296) (296) (297 298) (299) (300) (299) (301 302) (303)
 (304) (303) (305 306) (307) (308) (309) (309) (311) (310 312) (313) (314)
 (314) (316) (315 317) (317) (318 319) (320) (321) (322) (323) (323) (324 325)
 (326) (327) (328) (329) (329) (330 331) (329) (331 333) (332 334) (332 334)
 (336) (337 335) (337 335) (338 339) (338 339) (340 341) (342) (343) (344)
 (345) (345) (346 347) (348) (349) (350) (350) (352) (353) (353) (354 355 351)
 (356) (357) (354 355 351) (358 359) (358 359) (361 360) (362) (361) (362 364)
 (363 365) (366) (363 365) (367 368) (369) (370) (371) (371) (372 373) (374)
 (375) (376) (377) (376) (378 379) (380) (380) (381 382) (383) (384) (385)
 (385) (386 387) (388) (388) (390) (389 391) (389 390) (390) (393 394 392)
 (395) (396) (397) (398) (399))