(NIL NIL (2) (3 1) (4) (5) (5) (7) (6 8) (9) (10) (11) (12) (13) (14) (15) (14)
 (17 15) (18 16) (18 16) (19 20) (19 20) (21 22) (23) (24) (24) (25 26) (27)
 (28) (29) (30) (30) (32) (33) (31 32) (33 35) (34 35) (37) (36 38) (39) (39)
 (41 40) (42) (43) (44) (44) (45 46) (47) (47) (49 48) (49) (51 48) (51 48)
 (50 53) (52 54) (55) (56) (57) (58) (59) (60) (61) (62) (63) (64) (65) (66)
 (66) (68) (67 69) (67 69) (67 69) (71 72) (73 70) (74) (75) (76) (76) (77 78)
 (79) (80) (81) (81) (83) (80) (81 85) (82 84 86) (87) (82 84 85) (89 88) (90)
 (90) (91 92) (91 92) (94) (92) (93 95 96) (93 95 96) (97 98) (98) (93 95 96)
 (100 101) (99 102) (103) (104) (105) (106) (106) (108) (107 109) (110) (111)
 (112) (113) (114) (115) (116) (117) (118) (119) (120) (121) (122) (123) (124)
 (124) (126) (126) (128) (129 125 127) (130) (130) (132) (131 133) (134) (135)
 (135) (137 136) (136) (139) (139 137) (141) (140 142) (138 143) (138 143)
 (145 144) (145 144) (146 147) (148) (148) (148) (149 150 151) (152) (153)
 (154) (152) (155 156) (157) (158) (157) (160) (161 159) (161 159) (162 163)
 (163) (164 165) (166) (167) (167) (169) (170 168) (169) (170 172 168)
 (171 173) (174) (170 172) (174 176) (177) (178) (179 175) (180) (181) (182)
 (183) (184) (185) (186) (186) (188) (186) (189 190) (189 190) (187 192)
 (193 191) (194) (195) (196) (196) (197 198) (197 198) (200 199) (197)
 (200 202 199) (203) (201 204) (205) (206) (207) (208) (209) (206) (209 211)
 (211 207) (210 212 213) (212 213) (214 215) (216) (210 215) (217 218) (219)
 (220) (219) (221 222) (223) (224) (225) (226) (227) (228) (229) (229)
 (230 231) (232) (233) (234) (235) (236) (236) (237 238) (239) (237 238)
 (241 239) (242 240) (243) (244) (245) (246) (245) (246 248) (249) (250 247)
 (251) (251) (253) (254) (255) (256) (252 256) (258) (252 255) (259 260)
 (257 261) (257 259 260) (263) (262 264) (261 263) (265 266) (267) (268) (269)
 (270) (270) (271 272) (273) (272) (273 275) (274 276) (277) (276) (278 279)
 (280) (281) (281) (283) (284) (282 285) (286) (286) (288) (287 288) (289 290)
 (291) (292) (293) (294) (295) (293) (297 296) (298) (299) (299) (301) (302)
 (300 302) (303 304) (305) (306) (307) (308) (309) (310) (310) (311 312) (313)
 (313) (314 315) (316) (317) (318) (317) (319 320) (321) (322) (322) (323 324)
 (325) (326) (327) (328) (329) (328) (331) (330 332) (333) (334) (335) (336)
 (337) (338) (338) (339 340) (341) (342) (343) (343) (345) (346) (347)
 (348 344) (348) (349 350) (351) (352) (353) (354) (354) (355 356) (357) (358)
 (359) (359) (361) (362) (363) (364 360) (365) (364) (366 367) (368) (369)
 (369) (370 371) (372) (373) (374) (375) (376) (377) (378) (379) (379) (378)
 (380 382) (381 383) (381 383) (385 384) (386) (386) (386) (388 389) (387 390)
 (387 390) (392) (393 391) (394) (392) (395 396) (397) (398) (399))