(NIL NIL (2 1) (2) (2) (4 5 1) (4) (7 5 3) (8 6) (9) (10) (11) (12) (13) (13)
 (15) (15) (17 14) (18 16) (19) (20) (21) (22) (23) (24) (25) (26) (27) (28)
 (29) (30) (31) (30) (33 32) (34) (35) (36) (37) (38) (39) (40) (41) (41) (43)
 (42 43) (45) (44 46) (44 46) (48) (49 47) (47 48) (50 51) (50 51) (52 53) (54)
 (55) (55) (57 56) (57 56) (59) (57 56) (58 60 61) (62) (63) (64) (65) (64)
 (66 67) (68) (69) (70) (71) (71) (73 72) (73 72) (71) (74 75 76) (77) (78)
 (78) (80) (81) (82 79) (83) (84) (85) (84) (85 87) (88) (89) (90 86) (91) (92)
 (93) (93) (95) (94 96) (94 96) (98) (97 99) (100) (100) (102) (97 98)
 (101 103 104) (105) (106) (107) (108) (109) (110) (111) (111) (113 112) (113)
 (114 115) (116) (116) (118) (117 119) (120) (121) (122) (123) (123) (125)
 (126) (127) (128) (124 128) (129 130) (131) (131) (132 133) (134) (135) (136)
 (135) (138 136) (139) (140) (137 140) (142) (141 143) (144) (145) (145)
 (146 147) (148) (149) (150) (150) (151 152) (153) (154) (155) (156) (155)
 (157 158) (159) (160) (161) (160) (161 163) (162 164) (165) (162 164)
 (165 167) (166 167) (169) (170 168) (171) (172) (173) (174) (175) (176) (177)
 (177) (178 179) (180) (178 179) (181 182) (180 182) (183 184) (185) (186)
 (187) (188) (189) (190) (191) (192) (190) (194) (195 191) (193 196) (195 192)
 (197 198) (199) (200) (201) (201) (202 203) (204) (205) (206) (207) (208)
 (207) (209 210) (211) (212) (212) (214) (215) (213 216) (217) (217) (218 219)
 (220) (221) (222) (219) (223 224) (225) (226) (227) (227) (226) (228 229 230)
 (228 229 230) (231 232) (231 232) (233 234) (235) (235) (237) (236 238) (239)
 (240) (241) (242) (242) (243 244) (245) (245) (247) (248) (249 246) (250)
 (251) (252) (253) (254) (255) (256) (257) (258) (259) (255) (259 261) (262)
 (260 263) (260 261) (265 263) (266) (267 264) (268) (269) (270) (271) (272)
 (273) (274) (275) (275) (276 277) (278) (279) (280) (281) (282) (283) (284)
 (284) (286) (285 287) (288) (289) (289) (291) (290 292) (290 292) (293 294)
 (295) (296) (296) (294) (298 299) (300) (297 299) (300 302) (301 303) (304)
 (305) (306) (304) (307 308) (309) (310) (311) (310) (313 311) (314 312) (315)
 (316) (316) (318) (317 319) (320) (321) (321) (323) (322 324) (325) (326)
 (325) (326 328) (329) (330 327) (331) (331) (332 333) (332 333) (334 335)
 (336) (337) (338) (339) (337) (339 341) (338 341) (342 343) (340 344) (345)
 (346) (346) (347 348) (349) (350) (350) (352) (353 351) (354) (355) (354)
 (355 357) (356 357) (359) (358 360) (361) (362) (363) (362) (364 365) (366)
 (367) (367) (369 368) (369 368) (370 371) (372) (373) (374) (375) (375) (377)
 (378) (378) (379 380) (381 376) (382) (383) (384) (385) (386) (387) (388)
 (389) (390) (391) (391) (393 392) (393 392) (394 395) (396) (397) (397) (399))