(NIL NIL NIL (3) (4 2 1) (5) (6) (7) (8) (8) (9 10) (11) (11) (12 13) (14) (15)
 (16) (17) (18) (19) (20) (21) (22) (23) (24) (25) (26) (27) (28) (29) (30)
 (31) (32) (32) (33 34) (35) (36) (36) (37 38) (39) (39) (41 40) (42) (42) (44)
 (43 45) (46) (47) (45) (43 45) (50 47) (49 51) (52) (52 48) (54) (54)
 (53 55 56) (57) (58) (59) (60) (58) (61 62) (63) (64) (64) (65 66) (67)
 (65 66) (68 69) (70) (70) (68 69) (73 70) (74 71) (75 72) (76) (77) (78) (77)
 (78 80) (81) (81) (82 83) (84 79) (85) (86) (85) (86 88) (89) (90 87) (91)
 (90 87) (92 93) (90 87) (92 93 95) (94 96) (97) (98) (99) (100) (99) (101 102)
 (103) (104) (103) (106) (107) (105 106) (109) (107 110) (108 109) (111 112)
 (113) (114) (115) (116) (117) (118) (118) (120) (121 119) (122) (122)
 (123 124) (125) (126) (127) (128) (129) (130) (131) (132) (133) (134) (133)
 (135 136) (137) (138) (139) (139) (141) (140 142) (143) (144) (145) (146)
 (145) (147 148) (149) (149) (151) (151) (153 150) (154 152) (154 152) (156)
 (155 157) (158) (156) (159 160) (161) (162) (162) (164) (163 165) (163 165)
 (167) (166 168) (169) (169) (171) (170 172) (173) (174) (175) (175) (177 176)
 (178) (177 176) (177 176) (180 181) (179 182) (183) (184) (185) (186) (187)
 (185) (187 189) (190) (188 191) (192) (191) (193 194) (195) (196) (197) (196)
 (198 199) (200) (200) (201 202) (203) (204) (205) (206) (207) (207) (209 208)
 (207) (211 208) (210 212) (213) (209 211 208) (210 215) (214 216) (217) (218)
 (218) (219 220) (221) (221) (222 223) (221) (225) (226 224) (227) (228) (229)
 (230) (231) (231) (233) (234 232) (235) (236) (237) (238) (239) (239)
 (241 240) (242) (242) (244) (243 244) (245 246) (247) (248) (249) (248)
 (250 251) (252) (253) (254) (255) (256) (257) (255) (259 256) (260) (258 261)
 (262) (263) (264) (265) (264) (265 267) (266 268) (266 268) (270) (269 270)
 (271 272) (273) (274) (275) (276) (276) (277 278) (279) (279) (281 280) (281)
 (282 283) (284) (285) (286) (287) (287) (289) (289 288) (291) (290 292) (293)
 (290 292) (295) (295) (297 294) (298 296) (299) (300) (301) (302) (301)
 (303 304) (305) (303 304) (305 307) (306 308) (309) (310) (310) (311 312)
 (312) (311 312) (313 314 315) (313 314 315) (317) (318) (319) (316 320) (321)
 (322) (323) (324) (322) (323 326) (324 327) (325 328) (329) (330) (330) (332)
 (333) (331 334) (335) (335) (337) (335) (338 339 336) (340) (340) (341 342)
 (343) (344) (345) (344) (345 347) (348) (346 349) (350) (351) (352) (353)
 (354) (355) (356) (357) (358) (357) (358 360) (361 359) (362) (362) (363 364)
 (365) (366) (367) (368) (366) (370 368) (371) (369 372) (373) (374) (375)
 (376) (377) (378) (379) (377) (380 381) (382) (383) (384) (384) (386)
 (385 387) (388) (388) (390) (389 391) (392) (392) (393 394) (395) (396) (397)
 (398) (399))