(NIL (1) (2) (2) (4) (3 5) (6) (7) (6) (9 8) (9 8) (10 11) (12) (12) (13 14)
 (15) (15) (17 16) (18) (19) (20) (20) (22) (21 23) (24) (25) (25) (27) (25)
 (26 29) (28 30) (31) (28 30) (33 32) (34) (35) (34) (37) (38) (36 39) (40)
 (41) (41) (42 43) (43) (42 45) (44 45) (46 47) (48) (49) (49) (50 51) (52)
 (53) (52) (54 55) (53 55) (57 56) (58) (59) (60) (61) (62) (63) (62) (65 64)
 (66) (66) (67 68) (66) (67 70) (69 71) (72) (69 71) (74) (73 75) (73 74) (77)
 (75 77) (76 79) (76 78 79) (81) (82) (82 80) (82 80) (85) (83 84 86) (87) (88)
 (89) (89) (91) (90 92) (93) (94) (95) (96) (97) (94) (97 99) (98 100) (101)
 (102) (103) (104) (104) (106) (105 106) (108) (107 109) (107 109) (107 108)
 (111 112) (113) (114 110) (114 110) (114) (114) (115 117 118) (119) (116 120)
 (116 117 118) (122 119) (121 123) (124) (122 119) (125 126) (124 126)
 (127 128) (129) (130) (130) (131 132) (133) (134) (135) (136) (136) (138)
 (139) (137 138) (140 141) (140 141) (142 143) (144) (145) (146) (147) (148)
 (149) (150) (151) (152) (150) (149) (153 155) (154 156) (157) (158) (159)
 (159) (161) (162 160) (163) (164) (165) (166) (167) (168) (169) (170) (171)
 (172) (171) (173 174) (175) (176) (177) (178) (179) (180) (180) (181 182)
 (181 182) (183 184) (183 184) (186) (187) (185 188) (189) (190) (191) (191)
 (193 192) (191) (195 192) (194 195) (196 197) (197) (198 199) (197) (201 198)
 (202 200) (203) (204) (205) (206) (206) (208) (202) (209 210 207) (211) (212)
 (213) (214) (215) (216) (217) (218) (219) (220) (218) (220 222) (221 222)
 (224) (225 223) (226) (225 223) (227 228) (229) (229) (231) (230 232)
 (230 232) (233 234) (233 234) (236) (237) (235 238) (235 238) (239 240) (238)
 (241 242) (241 242) (243 244) (243 244) (245 246) (247) (248) (248) (249 250)
 (251) (251) (249 250) (252 253 254) (255) (256) (257) (257) (259) (258 260)
 (258 260) (262) (262) (261 263 264) (261 263 264) (266) (265 267) (268) (269)
 (269) (271) (270 272) (273) (273) (273) (275 276) (274 277) (277) (278 279)
 (280) (279) (281 282) (281 282) (284) (283 284) (285 286) (287) (288) (289)
 (290) (291) (291) (292 293) (294) (294) (295 296) (297) (298) (297) (298 300)
 (299 301) (299 301) (302 303) (304) (305) (306) (307) (307) (309) (308 310)
 (311) (312) (313) (314) (315) (316) (317) (315) (314) (318 319 320)
 (316 319 320) (322 318) (322) (324 318) (321 323 325) (325) (321 327)
 (323 328) (329 326) (330) (331) (332) (333) (334) (334) (335 336) (337) (338)
 (339) (339) (341) (340 342) (343) (344) (345) (346) (347) (347) (348 349)
 (350) (351) (350) (353) (354 351) (355) (356) (357 352) (358) (358) (359 360)
 (360) (361 362) (363) (363) (364 365) (365) (364 367) (368) (369 366)
 (369 366) (370 371) (372) (373) (374) (375) (374) (377 376) (378) (379) (380)
 (380) (381 382) (381 382) (383 384) (385) (386) (387) (386) (388 389) (390)
 (390) (392) (393 391) (394) (395) (396) (397) (398) (396))