(NIL NIL NIL (1 3) (1 2) (2 3) (1 3) (1 2) (2 3) (1 2) 
(2 3) (2 3) (1 2) (2 3) (1 2) (2 3) (1 2) (2 3) (2 3) (1 2) 
(2 3) (4 5 6) (5 8) (4 5 9) (5 10) (4 5 11) (4 5 12) (5 13) (4 5 14) (5 15) 
(4 5 16) (5 17) (4 5 18) (4 5 19) (5 20) (4 5 21) (4 5 7) (5 10) (5 13) (5 17) 
(5 20) (6 11) (6 12) (6 14) (6 18) (6 19) (5 6 21) (4 5 6) (5 8) (4 5 9) 
(4 5 12) (5 13) (4 5 14) (5 15) (4 5 16) (5 17) (4 5 18) (4 5 19) (5 20) (4 5 21) 
(4 5 7) (4 5 6) (5 8) (4 5 9) (4 5 12) (5 13) (4 5 14) (5 15) (4 5 16) (5 17) 
(4 5 18) (4 5 19) (5 20) (4 5 21) (4 5 7) (4 5 6) (5 8) (4 5 9) (5 10) (4 5 11) 
(4 5 12) (5 13) (4 5 14) (5 15) (4 5 16) (5 17) (4 5 18) (4 5 19) (5 20) (4 5 21) 
(4 5 7) (4 5 6) (5 8) (4 5 9) (5 10) (4 5 11) (4 5 12) (5 13) (4 5 14) (5 15) 
(4 5 16) (5 17) (4 5 18) (4 5 19) (5 20) (4 5 21) (4 5 7) )