(NIL NIL NIL NIL NIL NIL (2 3) (3 4) (4 5) (5 6) 
(1 2) (2 3) (3 4) (4 6) (1 2) (2 3) (3 4) (4 5) (5 6) (1 2) 
(2 3) (3 5) (1 2) (2 3) (3 5) (5 6) (1 2) (2 3) (3 5) (5 6) 
(1 2) (2 3) (3 4) (4 5) (5 6) (11 15) (11 20) (11 31) (7 12) (7 16) 
(7 21) (7 32) (8 13) (8 17) (8 9 22) (8 10 14 22) (10 19) (10 35) (8 18 22) (8 22 34) 
(7 8 10 11 22 33) (15 20) (15 23) (15 27) (15 31) (7 16) (7 21) (7 24) (7 28) (7 32) 
(8 17) (8 9 22) (10 19) (10 26) (10 30) (10 35) (8 18 22) (22 25) (22 29) (8 22 34) 
(7 8 10 15 22 33) (11 15) (11 20) (11 23) (11 27) (11 31) (7 12) (7 16) (7 21) (7 24) 
(7 28) (7 32) (8 13) (8 17) (8 9 22) (8 10 14 22) (10 19) (10 26) (10 30) (10 35) 
(8 18 22) (22 25) (22 29) (8 22 34) (7 8 10 11 22 33) (11 15) (11 20) (11 23) (11 27) (11 31) 
(7 12) (7 16) (7 21) (7 24) (7 28) (7 32) (8 13) (8 17) (8 9 22) (8 10 14 22) 
(10 19) (10 26) (10 30) (10 35) (8 18 22) (22 25) (22 29) (8 22 34) (7 8 10 11 22 33) (11 15) 
(11 20) (11 23) (11 27) (7 12) (7 16) (7 21) (7 24) (7 28) (8 13) (8 17) 
(8 9 22) (8 10 14 22) (10 19) (10 26) (10 30) (8 18 22) (22 25) (7 8 10 11 22 29) (11 15) (11 20) 
(11 23) (11 27) (11 31) (7 12) (7 16) (7 21) (7 24) (7 28) (7 32) (8 13) 
(8 17) (8 9 22) (8 10 14 22) (10 19) (10 26) (10 30) (10 35) (8 18 22) (22 25) (22 29) 
(8 22 34) (7 8 10 11 22 33) (11 15) (11 20) (11 23) (11 27) (11 31) (7 12) (7 16) (7 21) 
(7 24) (7 28) (7 32) (8 13) (8 17) (8 9 22) (8 10 14 22) (10 19) (10 26) (10 30) 
(10 35) (8 18 22) (22 25) (22 29) (8 22 34) (7 8 10 11 22 33) )