(NIL NIL NIL NIL NIL NIL NIL NIL (1 2) (2 3) 
(3 4) (4 5) (5 7) (7 8) (1 2) (2 3) (3 4) (4 5) (5 7) (7 8) 
(1 2) (2 3) (3 4) (4 5) (5 6) (6 7) (7 8) (1 2) (2 3) (3 4) 
(4 5) (5 6) (6 7) (7 8) (1 2) (2 3) (3 4) (4 5) (5 6) (6 7) 
(7 8) (1 2) (2 3) (3 4) (4 5) (5 7) (9 15) (9 28) (9 35) (9 42) 
(10 16) (10 29) (10 36) (10 43) (11 17) (11 30) (11 37) (11 44) (12 18) (12 31) 
(12 38) (12 45) (13 19) (13 32 33) (32 39) (13 32 40) (13 46) (14 20) (14 34) (9 10 11 12 13 14 32 41) 
(15 21) (15 28) (15 35) (15 42) (16 22) (16 29) (16 36) (16 43) (17 23) (17 30) 
(17 37) (17 44) (18 24) (18 31) (18 38) (18 45) (19 25 26) (25 32) (19 25 33) (25 39) 
(19 25 40) (19 46) (20 27) (20 34) (15 16 17 18 19 20 25 41) (9 15) (9 21) (9 28) (9 35) (9 42) 
(10 16) (10 22) (10 29) (10 36) (10 43) (11 17) (11 23) (11 30) (11 37) (11 44) 
(12 18) (12 24) (12 31) (12 38) (12 45) (13 19) (13 25 26) (25 32) (13 25 33) (25 39) 
(13 25 40) (13 46) (14 20) (14 27) (14 34) (9 10 11 12 13 14 25 41) (9 15) (9 21) (9 28) (9 35) 
(9 42) (10 16) (10 22) (10 29) (10 36) (10 43) (11 17) (11 23) (11 30) (11 37) 
(11 44) (12 18) (12 24) (12 31) (12 38) (12 45) (13 19) (13 25 26) (25 32) (13 25 33) 
(25 39) (13 25 40) (13 46) (14 20) (14 27) (14 34) (9 10 11 12 13 14 25 41) (9 15) (9 21) (9 28) 
(9 35) (9 42) (10 16) (10 22) (10 29) (10 36) (10 43) (11 17) (11 23) (11 30) 
(11 37) (11 44) (12 18) (12 24) (12 31) (12 38) (12 45) (13 19) (13 25 26) (25 32) 
(13 25 33) (25 39) (13 25 40) (13 46) (14 20) (14 27) (14 34) (9 10 11 12 13 14 25 41) (9 21) (9 28) 
(9 35) (9 42) (10 22) (10 29) (10 36) (10 43) (11 23) (11 30) (11 37) (11 44) 
(12 24) (12 31) (12 38) (12 45) (13 25 26) (25 32) (13 25 33) (25 39) (13 25 40) (13 46) 
(14 27) (14 34) (9 10 11 12 13 14 25 41) )