(NIL NIL NIL NIL NIL NIL NIL NIL (1 2) (2 3) 
(3 4) (4 6) (6 7) (7 8) (1 2) (2 3) (3 4) (4 5) (5 6) (6 7) 
(7 8) (1 2) (2 3) (3 5) (5 7) (7 8) (1 2) (2 3) (3 4) (4 5) 
(5 7) (9 15) (9 22) (9 27) (10 16) (10 23) (10 28) (11 17) (11 18 24) (11 12 19 24) 
(14 21) (14 26) (13 20) (13 19 25) (13 19 31) (11 24 30) (9 10 11 13 14 19 24 29) (15 22) (15 27) (16 23) 
(16 28) (17 18 24) (21 26) (19 20 25) (19 20 31) (17 24 30) (15 16 17 19 20 21 24 29) (15 22) (15 27) (16 23) 
(16 28) (17 18 24) (21 26) (19 20 25) (19 20 31) (17 24 30) (15 16 17 19 20 21 24 29) (9 22) (9 27) (10 23) 
(10 28) (11 12 13 24 25) (14 26) (25 31) (11 24 30) (9 10 11 13 14 24 25 29) (9 15) (9 22) (9 27) (10 16) 
(10 23) (10 28) (11 17) (11 18 24) (11 12 19 24) (14 21) (14 26) (13 20) (13 19 25) (13 19 31) 
(11 24 30) (9 10 11 13 14 19 24 29) (9 22) (9 27) (10 23) (10 28) (11 12 13 24 25) (14 26) (25 31) (11 24 30) 
(9 10 11 13 14 24 25 29) (15 22) (16 23) (17 18 24) (19 20 25) (15 16 17 19 21 24 25 26) (9 22) (9 27) (10 23) (10 28) 
(11 12 13 24 25) (14 26) (25 31) (11 24 30) (9 10 11 13 14 24 25 29) )