(NIL NIL NIL NIL NIL NIL NIL (2 3) (3 4) (4 5) 
(5 6) (6 7) (1 2) (2 3) (3 4) (4 5) (5 6) (6 7) (1 2) (2 3) 
(3 4) (4 5) (5 6) (6 7) (1 3) (3 5) (5 7) (1 2) (2 3) (3 4) 
(4 5) (5 6) (6 7) (13 19) (8 13 25) (13 28) (8 14) (8 20) (8 29) (9 15) 
(9 21) (9 10 26) (12 18) (12 24) (11 12 27) (12 33) (11 17) (11 23) (11 32) (9 16 26) 
(9 22 26) (9 26 31) (8 9 11 12 13 26 30) (13 19) (8 13 25) (13 28) (8 14) (8 20) (8 29) (9 15) 
(9 21) (9 10 26) (12 18) (12 24) (11 12 27) (12 33) (11 17) (11 23) (11 32) (9 16 26) 
(9 22 26) (9 26 31) (8 9 11 12 13 26 30) (13 19) (8 13 25) (13 28) (8 14) (8 20) (8 29) (9 15) 
(9 21) (9 10 26) (12 18) (12 24) (11 12 27) (12 33) (11 17) (11 23) (11 32) (9 16 26) 
(9 22 26) (9 26 31) (8 9 11 12 13 26 30) (13 19) (8 13 25) (13 28) (8 14) (8 20) (8 29) (9 15) 
(9 21) (9 10 26) (12 18) (12 24) (11 12 27) (12 33) (11 17) (11 23) (11 32) (9 16 26) 
(9 22 26) (9 26 31) (8 9 11 12 13 26 30) (13 19) (8 13 25) (13 28) (8 14) (8 20) (8 29) (9 15) 
(9 21) (9 10 26) (12 18) (12 24) (11 12 27) (12 33) (11 17) (11 23) (11 32) (9 16 26) 
(9 22 26) (9 26 31) (8 9 11 12 13 26 30) (13 19) (8 13 25) (13 28) (8 14) (8 20) (8 29) (9 15) 
(9 21) (9 10 26) (12 18) (12 24) (11 12 27) (12 33) (11 17) (11 23) (11 32) (9 16 26) 
(9 22 26) (9 26 31) (8 9 11 12 13 26 30) (13 19) (8 13 25) (13 28) (8 14) (8 20) (8 29) (9 15) 
(9 21) (9 10 26) (12 18) (12 24) (11 12 27) (12 33) (11 17) (11 23) (11 32) (9 16 26) 
(9 22 26) (9 26 31) (8 9 11 12 13 26 30) (13 19) (8 13 25) (8 14) (8 20) (9 15) (9 21) (9 10 26) 
(12 18) (12 24) (11 12 27) (11 17) (11 23) (9 16 26) (8 9 11 12 13 22 26) )