(NIL NIL NIL NIL NIL NIL NIL NIL NIL NIL 
(1 2) (2 4) (4 5) (5 6) (6 7) (7 10) (1 2) (2 3) (3 4) (4 5) 
(5 6) (6 7) (7 8) (8 9) (9 10) (1 2) (2 3) (3 4) (4 6) (6 7) 
(7 8) (8 9) (9 10) (1 2) (2 3) (3 5) (5 6) (6 7) (7 8) (8 9) 
(9 10) (17 26) (17 34) (18 27) (18 35) (19 28) (19 20 36) (25 33) (25 41) (24 32) 
(24 40) (23 31) (23 39) (22 30) (22 38) (19 21 29 36) (17 18 19 21 22 23 24 25 36 37) (11 26) (11 34) (12 27 28) 
(27 35) (12 13 27 36) (16 31 32 33) (16 32 33 39) (32 40) (33 41) (15 30) (15 38) (12 14 27 29 36) (11 12 14 15 16 27 32 33 36 37) 
(11 26) (11 34) (12 27 28) (27 35) (12 13 27 36) (16 31 32 33) (16 32 33 39) (32 40) (33 41) (15 30) 
(15 38) (12 14 27 29 36) (11 12 14 15 16 27 32 33 36 37) (11 17) (11 26) (11 34) (12 18 19) (18 27) (12 18 28) (18 35) 
(12 13 18 36) (16 23 24 25) (16 24 25 31) (24 32) (16 24 25 39) (24 40) (25 33) (25 41) (15 22) (15 30) 
(15 38) (14 21) (12 14 18 29 36) (14 37) (11 12 14 15 16 18 20 24 25 36) (11 17) (11 26) (11 34) (12 18 19) (18 27) 
(12 18 28) (18 35) (12 13 18 36) (16 23 24 25) (16 24 25 31) (24 32) (16 24 25 39) (24 40) (25 33) (25 41) 
(15 22) (15 30) (15 38) (14 21) (12 14 18 29 36) (14 37) (11 12 14 15 16 18 20 24 25 36) (11 17) (11 26) (12 18 19) 
(18 27) (12 18 28) (13 20) (13 14 29) (16 23 24 25) (16 24 25 31) (24 32) (25 33) (15 22) (15 30) 
(11 12 13 15 16 18 21 24 25 29) )