(NIL NIL NIL NIL NIL NIL NIL NIL NIL (1 2) 
(2 7) (7 8) (8 9) (1 2) (2 3) (3 4) (4 5) (5 6) (6 7) (7 8) 
(8 9) (1 2) (2 3) (3 4) (4 5) (5 7) (7 8) (8 9) (1 2) (2 3) 
(3 4) (4 5) (5 6) (6 7) (7 8) (8 9) (10 14) (10 22) (10 29) (11 15 16 17 18 19) 
(18 33) (11 15 16 17 18 34) (17 25) (11 15 16 17 26) (17 32) (16 24) (16 31) (15 23) (15 30) (12 20) 
(12 27) (12 35) (13 21) (13 28) (10 11 12 13 15 16 17 18 36) (10 14) (10 22) (10 29) (11 15 16 17 18 19) (18 33) 
(11 15 16 17 18 34) (17 25) (11 15 16 17 26) (17 32) (16 24) (16 31) (15 23) (15 30) (12 20) (12 27) 
(12 35) (13 21) (13 28) (10 11 12 13 15 16 17 18 36) (10 14) (10 22) (10 29) (11 15 16 17 18 19) (18 33) (11 15 16 17 18 34) 
(17 25) (11 15 16 17 26) (17 32) (16 24) (16 31) (15 23) (15 30) (12 20) (12 27) (12 35) 
(13 21) (13 28) (10 11 12 13 15 16 17 18 36) (10 14) (10 29) (11 15 16 17 18 19) (18 33) (11 15 16 17 18 34) (17 32) (16 31) 
(15 30) (12 20) (12 35) (13 21) (10 11 12 13 15 16 17 18 36) (10 14) (10 22) (10 29) (11 15 16 17 18 19) (18 33) 
(11 15 16 17 18 34) (17 25) (11 15 16 17 26) (17 32) (16 24) (16 31) (15 23) (15 30) (12 20) (12 27) 
(12 35) (13 21) (13 28) (10 11 12 13 15 16 17 18 36) (10 14) (10 22) (10 29) (11 15 16 17 18 19) (18 33) (11 15 16 17 18 34) 
(17 25) (11 15 16 17 26) (17 32) (16 24) (16 31) (15 23) (15 30) (12 20) (12 27) (12 35) 
(13 21) (13 28) (10 11 12 13 15 16 17 18 36) (10 14) (10 22) (10 29) (11 15 16 17 18 19) (18 33) (11 15 16 17 18 34) (17 25) 
(11 15 16 17 26) (17 32) (16 24) (16 31) (15 23) (15 30) (12 20) (12 27) (12 35) (13 21) 
(13 28) (10 11 12 13 15 16 17 18 36) )