(NIL NIL NIL NIL NIL NIL NIL NIL NIL (1 2) 
(2 3) (3 4) (4 5) (5 6) (6 7) (7 9) (1 2) (2 3) (3 5) (5 6) 
(6 7) (7 8) (8 9) (1 2) (2 3) (3 4) (4 5) (5 6) (6 7) (7 8) 
(8 9) (10 17) (10 24) (11 18) (11 25) (12 13 19) (16 22 23) (16 23 30) (23 31) (15 21) 
(15 29) (14 20) (14 28) (12 19 27) (10 11 12 14 15 16 19 23 26) (10 17) (10 24) (11 18) (11 25) (12 13 19) 
(16 22 23) (16 23 30) (23 31) (15 21) (15 29) (14 20) (14 28) (12 19 27) (10 11 12 14 15 16 19 23 26) (10 17) 
(10 24) (11 18) (11 25) (12 13 19) (16 22 23) (16 23 30) (23 31) (15 21) (15 29) (14 20) 
(14 28) (12 19 27) (10 11 12 14 15 16 19 23 26) (10 17) (10 24) (11 18) (11 25) (12 13 19) (16 22 23) (16 23 30) 
(23 31) (15 21) (15 29) (14 20) (14 28) (12 19 27) (10 11 12 14 15 16 19 23 26) (10 17) (10 24) (11 18) 
(11 25) (12 13 19) (16 22 23) (16 23 30) (23 31) (15 21) (15 29) (14 20) (14 28) (12 19 27) 
(10 11 12 14 15 16 19 23 26) (10 17) (10 24) (11 18) (11 25) (12 13 19) (16 22 23) (16 23 30) (23 31) (15 21) 
(15 29) (14 20) (14 28) (12 19 27) (10 11 12 14 15 16 19 23 26) (10 17) (10 24) (11 18) (11 25) (12 13 19) 
(16 22 23) (16 23 30) (23 31) (15 21) (15 29) (14 20) (14 28) (12 19 27) (10 11 12 14 15 16 19 23 26) (10 17) 
(10 24) (11 18) (11 25) (12 13 19) (16 22 23) (16 23 30) (23 31) (15 21) (15 29) (14 20) 
(14 28) (12 19 27) (10 11 12 14 15 16 19 23 26) )