(NIL (1) (1) NIL NIL NIL (3) (5 1) NIL (1) (5 10 3) (9 7 5 10) (11) (6) (14 3)
 (9 15 5) (10 16 4 2) (17) (18 11 12) (16 4 13 12) (6 12) (21 18) (22 11)
 (20 19 22) (21) (25 23) (19 26 13) (20 27) (20 26 8) (16 25) (22 30)
 (19 26 30) (32 24 27) (33) (30) (35 28 29) (31 32 36) (37 24) (37) (36)
 (40 31) (39 41) (36) (40 43 34) (44) (38 45) (43 39) (43 24 41) (48 46) (49)
 (50) (51 47) (49 47) (49) (48 38 33 42) (55 50) (56 51) (56 52) (30 4 13)
 (50 59) (55 59 45) (50 61 47) (62) (58 63) (57 64 54) (52 60 63) (61) (67 64)
 (68 60) (69) (65 66 69 53) (69) (65 72) (57 58 67 53 54) (67 51 62) (75 68 53)
 (65 76 70) (76 71) (65 76) (79 72) (73 71 80) (79) (74 70 79 78) (83 80)
 (66 77 79 72) (74 85) (74 85) (79) (88 77 71 72) (74 88) (85 88) (83 91 87 80)
 (91) (73 84 93) (73 83 93 80) (95) (94 96) (97 90 86) (97 86) (89 82 86 97)
 (100) (99 101) (95) (66 76 74) (99 92 103 104) (97 82 86 104) (106 100)
 (107 92) (99 108 101) (99 101 107) (106 103) (101 111) (112) (100 111)
 (92 101 103 104) (98 115 114) (116 112) (105 98 115 111) (105 115 110)
 (119 112) (90 102 119) (108 119) (98 122) (81 122 109 118) (117 109 118 122)
 (81 90 109 122) (121 116 126 118 112) (124 127) (113 123 128 125 120)
 (121 98 126) (130 117) (129 131) (130 123 125) (133) (118 126)
 (124 117 135 127) (136) (121 125 126) (137 130 138) (113 138 134 120)
 (126 118 112) (113 141 123 117) (129 142) (129 138 134 142 136) (144)
 (113 141 125 120) (146 142) (145 147 143) (131 148) (149) (148) (140 151)
 (147 134 143) (137 153 144) (145 146) (155 143) (147 132 156) (157 150)
 (156 149 151) (154 159) (132 159) (137 161) (153 162 150 152) (163) (154 164)
 (162) (158 166) (167 160) (164 168) (169 139 165) (168) (153 140 158 166)
 (153 162 140 150) (173 139 165 158) (160 173 166 152) (163 157 175) (176 168)
 (177 139 171) (178 165) (170 178) (171 174 176) (169 181) (178 182)
 (179 172 183) (184) (180 182) (177 181) (187) (186 188) (179 188) (186 187)
 (187 172 182) (192 184) (179 189 191 183 192) (194) (195) (192 189 184) (197)
 (181) (185 180 188 199) (197 190 200) (190 200) (186 200) (201 202 203)
 (180 182 199) (204 205) (193 196 206) (201 196 205) (185 205 195 197) (209)
 (201 210) (211 204) (212 198) (212 206) (213 214) (196 215) (214 207)
 (198 214) (211 208) (217 219) (220) (219) (217 198 222) (193 214 222)
 (219 212 207) (225 218) (226 223 216) (226) (228 215) (229) (221 230 223 224)
 (220 230) (222 232) (229 223) (228 222) (202 211 196) (227 236 232) (234 237)
 (235 238) (236 229) (220 222 240) (240 223 232) (241 242 227 224) (242 216)
 (234 227 244) (233 245 235 237) (241 244 238) (247) (233 248 245 224)
 (234 244) (250 221 246 248) (251) (244) (249 253) (252 254) (255)
 (241 253 227 221) (257 239 231 256) (258) (258 243) (257 247 231) (259 261)
 (243 262) (262) (261 254) (265 256) (266 260) (267 262) (266 259 260)
 (265 251) (270) (243 271) (270 256) (273 267 262) (265 250 243 239) (265)
 (276 243 252) (259 276) (235 276) (275 276 246) (266 271 263 280) (278 280)
 (282 277 279 271) (283 268 263) (284) (283 262) (260 286) (281 274 284 287)
 (259 270 280) (289 268 286) (290) (273 291 284 269) (290 263) (293 287) (293)
 (284 295) (269 295) (297 274 284 272) (298 292 285) (299) (274 290 272)
 (301 285) (302 264) (295 287 302) (281 297 292 304) (297 302)
 (304 292 306 288) (306 292 287 264) (306) (281 309 304) (305 310) (300 311)
 (308 310) (313 311) (314 299) (314) (316 312 296) (316 303 312)
 (313 298 311 303) (294 319 288) (309 264) (313 321) (289 274 269 286)
 (322 323 320 296) (322 323 317 303 288) (323 300 320) (316 326) (321 327)
 (307 315 328) (328 312) (330) (322 331 318 296) (332) (332 317) (315 331)
 (329 333 335) (325 335) (337) (335) (329 330 317) (340 324 336)
 (321 323 294 318) (339 324 342) (307 325 343) (334 344) (345)
 (329 338 324 333 342) (340 324 325 342) (346 348) (349))