(NIL NIL NIL (3) (2 1) NIL (2) (6 7) (8) (9) (8) (5 11 3) (8) (7 1) (3 14 13)
 (6 3 1) (11 13 4 16) (17) (12 16) (19 15) NIL (21 2) (11 22) (14 23 18) (24 9)
 (20 23 17) (26 9) (10 25 27) (26) (22 13 4) (30 1) (10 15 23 31) (10 5 30 24)
 (33 20) (34) (33 20) (36 26) (34 37) (22) (5 32 18 39) (40) (41 35) (40 20 24)
 (43 37) (33 43) (45 27) (43 26) (47 29) (46 48) (34 36 27 48) (50)
 (25 42 51 37) (52 46) (51 44 38) (35 44 28 50) (42 55) (38 56) (49 42 55)
 (41 35 36 28 48) (49 50 59 37) (36 43) (61 54) (49 42 59 62 55) (59 46 62)
 (58 64) (64) (58 52 66) (67 60 63) (57 68) (42 66) (70 53 56) (71 63) (58 72)
 (72 69) (65 71 63) (57 67 75) (68 72 75) (67 53) (78) (68 79) (77 80) (57 79)
 (82 75) (83 68 73) (83 68 72) (82 63) (86 83 60 73) (87) (87) (89 68) (90 69)
 (89 77) (76 92) (93 90 84) (93) (91 92) (96 93) (96 94) (96) (87)
 (98 100 85 80) (93 84) (96 102) (103 85) (104 95) (103 94 95 88)
 (97 100 105 106) (107) (98 107) (103 80) (110) (111 74 107) (112 101) (81 113)
 (110 109 101) (110 98 85 95) (81 116 88) (117 105) (118 113) (109 119)
 (115 120) (121) (119) (123 109) (123) (109 117 74) (126 118) (114 99 127)
 (128) (108 129 122) (130) (124 130) (128 123) (128 124 120) (127 125)
 (114 135 122) (120 135) (137 121) (138 134) (137 115) (129 140) (108 141 122)
 (133 124 136 141 130) (110 108 81 99) (144 142) (144 119 128) (123 146 120)
 (138 141 147 134 136) (133 148 130) (149) (131 149) (151) (139 142 151)
 (144 141 122) (133 146 134 145 154) (155) (132 156 151) (153 157) (157)
 (153 156) (132 156 150 151) (152 139 155) (155 136) (152 163 157 150 160)
 (152 153 163 159) (165) (165) (161 158 167) (166 150 167) (163 160) (170 150)
 (170 158 159) (162 167 170) (173) (164 173) (158 175) (158 175) (177 172)
 (177 166) (179 168) (180 176) (180 176) (172 181 182) (161 169 177)
 (177 143 166) (169 185) (161 185) (177) (169 175) (189 168)
 (178 190 174 186 182) (171 174 178 182 184 190) (171 172 176 180 188 190)
 (193) (193 143 192) (170 165 150) (178 187 196 183 184) (178 187 196 174 168)
 (196 190) (186 181 182 199) (196 174 176 179 185 188) (201 181 192)
 (193 186 198 202) (203 199) (161 178 196) (202 195 205 183) (199 191 206)
 (207) (207) (206 191) (210 199) (194 203 210 200) (204 212) (212) (212)
 (204 215) (212 197) (194 203 205 199) (210 218 208) (218 215) (219 220 216)
 (220 213 214 208) (222) (220 197 214 207) (219 224) (225 204) (226 211 221)
 (226 211 222 216) (226 223) (229 216) (226 211 222) (231) (217 232 216)
 (209 233) (234) (225 222 216) (236) (236) (238) (237 239 231) (227 223 240)
 (241 230) (217 239 231) (209 243 223 240) (209 211 229 239) (228 237 238)
 (234 221 246) (241 230 247) (229 247 240) (249 243) (209 227 236 229)
 (234 246 251 230 240) (235 252 243) (251 230 240) (233 254) (253 254)
 (256 255) (256) (235 228 251) (242 259) (246 223) (261 245 253 254) (256 262)
 (241 262) (256 259 264 247 255) (250 265 248) (257 266) (242 244 255 264 250)
 (260 268) (257 268) (249 262 255 248) (256 271) (272 267) (271 259 268)
 (272 274) (275 265) (258 276 269) (257 276 263 266 269) (278 267) (278 267)
 (273 280 270) (281 279) (280 270) (281 283 277) (284) (285) (278) (287 280)
 (281 277 288) (258 288 279 270) (282 284 287) (291 286) (281 287 279)
 (287 279) (258 288 294 270) (290 293 295) (295) (297 291) (289 290 285 298)
 (299 292) (298) (290 291 286 294) (297 302) (302) (292 293 304) (302)
 (292 302) (307) (307 300 304) (302) (307 310 304) (307 310 303 296) (305 312)
 (313 309) (289 313 311) (300 312) (305 307 301 310) (310) (292 318 295)
 (289 298 319) (320 308 303 296) (305 299 311 320) (313 322 316) (315 323)
 (321 314 324) (324 317) (306 326 314) (327) (327) (317 324 309) (314 323 308)
 (321 323 317) (313 318) (308 333 326) (332 334 328) (335) (336) (331 334 328)
 (338 336) (329 337 339 325) (330 338) (321 329 341) (325 342) (329 338)
 (338 325 336) (345 330 339) (345 339 342) (337 346 347) (345 341) (339 349))