(NIL NIL (1) (2) NIL (1) (6) (7 2) NIL (9) (10 1) (6) (10 12) (13 2 3) (14)
 (10 12) (13 2 16) (17) (18) (7 19 11 14) (19) (21) (22 3) (5 22 14) (20 24)
 (22) (21 20) (24 26 27) (8 25 28) (29) (23 29) (29) (32) (8 5 3 17)
 (23 32 4 34) (12) (36 20 24 34) (25 4 37) (31 33 38) (32 37) (30 31 40) (41 4)
 (41) (43 35 38) (36 22 3) (36 23 4 28) (39 45 43 46) (42 47) (48) (49) (48)
 (48) (31 35 46 37) (45 41 53) (54 38) (49 55) (33 54) (57 42 44) (58 47)
 (49 59) (59 48) (58 15) (49 62) (58 55) (51 59 15 64) (49 59 64) (66 52)
 (67 56) (66) (51 60 69 15 56) (66 15) (61 71) (50 64) (39 57 55) (52 54)
 (67 75) (74 67 75 15) (75 62) (51 76 78) (65 73 69 79) (61 80) (68 61 63 80)
 (82) (83 60) (74 83) (85 71) (86) (85) (84 88) (84 85 72) (90) (81 91 87 88)
 (91) (81 85 70 71) (94) (92 95) (83 72) (97 90 94) (98 92) (99 96) (99)
 (89 101) (93 77 102 95) (102) (98 87) (105 102) (97 91 86 88) (89 98 107 96)
 (108) (100 109 103) (110 104) (110) (112) (113) (114) (105 114) (113 111)
 (114 117) (101 77 109) (119 111) (110 119 104) (105 121) (122 115 118 120)
 (97 84 70 87 88) (124 108) (113 124 119) (105 114 125 126) (118 127) (115 127)
 (121 127) (130 128) (131 116) (130 117) (121 127 120) (115 118 134)
 (129 122 132 135) (136) (130 134) (106 123 132 138) (139 136) (140 133)
 (106 115 116 138) (139 142) (129 142) (140 144) (145 141) (145) (147 133)
 (145) (137 145 141) (150) (151) (152) (150) (154 151) (147 155 152) (155)
 (157 149 152) (147 155 152) (154) (154 148) (150) (162 147 149) (153 163 159)
 (163 156 158 143) (146 165 159) (146 165) (167) (168) (153 169 166) (168)
 (162 156) (169 172) (153 146 172) (157 148 149 174) (161 166 175)
 (164 176 160) (169 177) (177 168) (161 174 168) (180 176) (181 173) (177 182)
 (170 181) (171 164 184) (185 178 179) (181) (187) (177 181) (170 179 173 189)
 (178 187 189) (188 191) (179 191) (193 188) (193 173) (171 191) (193 196)
 (194 190 197) (170 197) (197 182 184) (185 200 190) (186 201) (186 188 201)
 (180 166 175 160) (186 200 204) (199 188 205) (205 183) (188)
 (195 171 208 190) (185 194 208 183 197) (195 208 207) (192 186 208 182)
 (212 201) (202 194 195 207 213) (213) (198 199 207 215) (212 197) (217 205)
 (202 195 218) (198 218 195 215) (199 220 209 203) (220 209 211 203) (216 222)
 (223) (210 223) (216 222) (206 222) (226 227) (219 228 223) (228)
 (210 202 230 223) (231 214) (225 232 224) (210 228 223) (225 234) (235 224)
 (236 229 214) (237 232) (238) (237 231) (233 240) (240 232) (242) (242 239)
 (233 237) (245) (244 246) (246) (242 238 246) (249 243) (245 240) (243 251)
 (252) (241 252 238) (249 254) (255 239) (256 221 247 248) (250 251)
 (233 235 229) (250 259 252) (260 221 239 248) (260 253 247 248) (260 244 253)
 (263 262 255) (264 256) (257 259) (253 259 221 256) (266 267) (268 263)
 (266 267 262) (267) (259 253 246) (266 261 262 272) (273 270 264) (274) (275)
 (273 258 263) (265 273 270) (278) (262 272) (273 268 263 280) (281)
 (258 276 278 282) (283 279) (281 278) (285 271) (277 270 280) (281 287)
 (269 271 288) (289 286) (283 269 271 288) (291 284) (292 286) (282 288)
 (289 292 286 294) (276 269 278 294) (292 286 296) (297) (297 293) (279 296)
 (299 300 295) (301) (300 295) (289 300) (300 292) (305) (290 306) (307)
 (299 308) (297 308 304) (310) (309 301 311) (298 309 311) (307) (307) (315)
 (316 309) (313 316 295) (315 301 310 303) (299 315 310) (313 320) (321)
 (314 317 322 312) (321 295) (324) (325 316 301 303) (324 318) (323 327) (327)
 (329 322) (329 325 312) (323 331 326) (332) (333 302) (323 327) (325 335 303)
 (322 327) (337 331 303 328) (338 333) (330 338) (340 332) (341 319 336)
 (334 342) (338 326 319) (339 302 344) (345) (345) (347 336) (339 344)
 (346 349 334))