(NIL NIL NIL (2) (1) (5 4) NIL (7) (7) (7) (7 5) NIL (12 5 9) (13 3) (13)
 (15 11) (12 4) (17 13 3) (17 6) (15 19 18) (10 20) (16 8 19) (10 22 18)
 (12 7 6) (12 11) (19 25) (23 14 25) (13 8 25 3 24) (28 18) (28 22 20) (21 30)
 (21 28) (32) (33 14) (17 28 15) (35) (26 14 36 31) (37) (36 20) (28 14 15)
 (34 40) (41 23 38) (42) (42) (27 44 29 39) (27 44) (43 46) (26 41 36 22)
 (37 39 48) (49 45 47) (49 23) (51 44) (51 46) (42 27 48) (51 54) (33 36 22 40)
 (27 52 29 56) (57 55 47) (57 45) (59) (57) (61 60 53) (62) (63 55) (43 64)
 (63) (66) (54 62) (43 68) (50 69 55) (67 69 47) (61 47) (62 55 72) (73)
 (73 50) (75 68) (76 70 63) (58 77 66) (78) (74 78) (67 77) (73 70 63)
 (74 82 76) (81 58 83 71) (84) (78 84 64) (86) (86) (86 79 80) (66 75 70 74)
 (90 84) (89 91) (92) (65 89 91) (90 80) (95 82 79 64) (95 92) (97) (98)
 (99 93) (98 88) (65 100 101) (98 85) (94 97) (96 104) (87 99 101 104) (104)
 (107 101) (108) (109 102 85) (65 90 87) (111 108) (111 109) (106 111)
 (114 109) (114 96 93) (111 109 103 99) (117 100) (106 118) (119 96 115)
 (118 96) (117 100) (120 122 102) (116 123) (124 105) (124) (124 112 121)
 (123 112 113) (123 110) (116 129 112 113) (130 121) (130) (132) (127 133 125)
 (129 128) (129 113) (135 136) (122 110) (124 138) (133 138 121 128) (140 125)
 (124 138 121 105) (142 128) (141 143) (139 144) (145) (133 125 143) (147)
 (134 148) (145 149 135) (147) (134 131 136 151) (152 135 144)
 (135 126 139 152) (154) (154 144) (145 148 151) (156 157) (155 157 137)
 (146 150 159) (149 159) (161 146) (161 158) (127 157 135) (161 146 164 158)
 (163 165) (153 166) (167) (167) (169 150) (162 167) (171) (150 166) (169 173)
 (169 171 173) (172 173 160) (157 135 152) (172 177 160) (177 150 167)
 (176 179 174 175) (171 179) (180 181) (182 178) (170 172 177 168) (184 180)
 (184 180 181) (186) (171) (182 188 187) (183 189) (178 189) (169 188 173)
 (192 172 179) (183 193 187) (193 189) (190 192 185) (170 175 192 168)
 (196 197) (197 186) (197 195))