(NIL NIL NIL NIL (4) (1) (2 6) (3 2 1) (4) NIL NIL (11 5) (5) (13) (1)
 (15 2 14) (11 16 7 3) (17) NIL (3 6 12 15) (3 7) (10 20 21) (19 22) (10 21 14)
 (19 8 16 12) (19 22) (26 25) (27) (27) (17 29 24) (23 17 29) (9 29) (32) (32)
 (23 34) (35 30) (35) (33 28 37 31) (32) (39 31 24) (40) (41) (38 39 24)
 (36 28 39) (41 44 18) (45) (23 17 29) (37 47 31) (18 48) (33 49 28)
 (33 48 36 40) (47) (37 52 18) (43 52 45) (54) (55) (50 55) (57 42) (58 56)
 (33 42 52 45 48) (60) (61 38) (41 43 47) (49 61 63) (64) (65 50 53 46 62) (66)
 (67 56) (67) (69 55) (51 68 69) (65 50 53 46 56) (59 68 72) (65 51 59 62)
 (74 69) (75 70) (76 72) (77) (73 77) (79) (76) (81 68 72) (82) (83 77) (82)
 (85) (86 71) (73 85 71) (85 79) (89 86) (90) (91 80) (92 87) (83 92) (91)
 (91 71) (84 96) (91 78 87 88) (98) (98 84 80) (99 100) (101 94) (98 93 94 95)
 (98) (84 104) (105) (106) (97 107 101 103) (106 92 95) (107 100 109) (101 110)
 (99 110 103 96) (107 109 102) (113 112) (113 110 96) (109 93) (97 116 100)
 (97 113 116 111) (118 112) (118) (116 108 112) (121 119) (116 101)
 (114 115 108 123) (123) (121 123) (126 120) (114 126 119) (117 128) (129 124)
 (129 124 125) (114 115 118 126) (132 117 128) (133) (132) (125 135)
 (124 117 136 128) (130 134 136) (130 135 127) (130 135 120) (140 127)
 (137 141) (134 142) (143) (144) (145) (141) (122 147 136) (148 144) (139 149)
 (150) (151) (150) (145 153) (145 153) (154 155) (153 146) (145 131 150) (148)
 (147 125) (154 151 160) (161 138 131 159) (161 131) (146 163 156)
 (164 158 159) (146 163 158 159) (138 156 151 160) (138 155 159 160)
 (156 166 168) (169) (170 157) (171) (171) (162 170) (172 174 167)
 (172 165 174 167 152) (173 176) (176) (178) (178) (169 162) (170 181 157)
 (177 182) (182) (183 184) (185 180) (181) (187 165 175 184) (180 188)
 (179 189 183) (186 190) (181 175) (191 192) (180 188 192) (185 194) (185 192)
 (194 179 196) (197 191) (198) (198))