(NIL (1) NIL (1) NIL (5) (5 4) (3) (8 1) (9) (5 10) (11 7) (5 3 4) (13 6 8)
 (13 9 2) (9) (13 11 16) (13 16 11 2 7) (18) (1) (20 12) (20 10 4) (14 19 22)
 (20 16) (23 24) (18 24) (20 11) (6 27 26) (14 28) (28 15) (17 19 30)
 (31 12 23) (28 12) (33) (34) (35 22 31) (14 36) (35 22 31) (17 33 29 22)
 (17 28 12 23) (28 15) (41 14 36) (18 27 12 15) (43 38) (17 34 43 30)
 (14 36 21 44 45) (14 35 43) (29 47 40) (30 47) (47 22 31) (47 46 39 32)
 (25 50 51 48) (35 43 21 31 23) (25 49 29 53 32) (42 54 38 48) (42 53 46 32)
 (25 51 37 56) (57 52) (53 37 47 32) (49 50 59 57) (51 59 55) (49 53 46 32)
 (62 39) (60 52 63) (61 63) (25 63 56) (57 66 52 54) (58 61 66 64) (65 68) (68)
 (66 60 48) (71) (67 68 72) (68 72) (55 72) (65 71 64) (54 71 64) (75 77 70)
 (75 77) (70 71) (62) (81 68 71) (82) (74 82 76 78 79) (66 55 81) (81 69 71)
 (74 86) (83 70 86) (85 86) (89 67 82 78 79) (90 80) (71) (92 89) (93 84)
 (73 90 93) (83 95) (76 95) (97 83 84) (98 96 87) (83 95) (88 100) (94 95 80)
 (95) (100 96 103 87) (103 80) (95) (105 106 87) (99 101 107) (107 94) (106 80)
 (97 105 101 110) (105 110 102 96) (107 100 112) (112) (97 114 107)
 (115 108 109) (113 116) (115 101) (116 118 111 104) (91 119)
 (109 99 101 114 104) (113 121 111) (109 101 114) (98 123 104) (124 91 117)
 (113 115 123 111) (122 126) (108 127) (124 118 126) (123 108) (130 122 120)
 (131 126) (132 128) (133 117) (121 115 123) (132 135) (116 126 135)
 (125 135 111) (138 132) (139) (129 140 128) (140 128) (142) (143) (138 134)
 (138 122 130) (129 146 133) (147) (140 148 134) (149) (146 139)
 (145 149 151 136) (152) (150 152) (154) (154) (153 156 141) (146 134)
 (158 151) (141 158 151) (147 158) (145 161 151) (162 155 156 159)
 (137 163 141) (164) (153 162 143 160) (162 142) (165 157 167)
 (137 161 159 152) (169 164 157 167 144) (153 158) (137 171 157 143 160)
 (169 172) (172 164 166 167 144) (169 164 172) (170 173 175) (166 176)
 (172 165 167) (178 168 144) (179) (180 173) (170 179) (170 179) (170 172 165)
 (180 166 184) (185 176) (179 184) (187 180 166 175) (182 184) (184 181 176)
 (187 180 183) (191) (181 174 192) (173 174 175 192) (190 194) (189 194)
 (177 196) (186 197) (198 190) (185 190 182 192))