(NIL NIL (1) NIL (4 2 3) (5) (4 1) (7) (7) NIL (10 1) (11 9) (10 3) (10 8) (2)
 (13 15) (16 5 9) (16 8) (12 14 18) (19) (16 14) (21 19) (22 6) (4 11 16)
 (24 22) (25) (25 20) (24 18 5 9) (16 11 14) (10 15 9) (30 26) (31) (13 30 6)
 (17 33 25 20) (34 31) (34 26) (30 11 14 18) (17 30 19 6) (38 29) (33 31 39)
 (23 35 39 27) (33 31 39) (42 37 28 27) (43) (35 36 44) (43 41) (46) (47)
 (43 32) (23 49) (43) (42 32) (34 52 43 40) (53 44 41) (49 54) (36 55)
 (51 54 46) (48 57 56) (58) (55) (60 50 51) (61 59) (61 58) (61 58) (60 51)
 (61 65 59) (66) (66) (68 62) (68) (64 70) (61 65 59) (68 45 72) (73 63)
 (74 67 71) (65 64 63) (60) (77 75 76 62) (64 77) (79 71) (80 75) (79 75)
 (80 82 76) (83 62) (84) (83 62) (86 81) (87 84) (83) (74 67) (90 77 76)
 (85 91) (87 92) (93) (94) (69 95 78) (86 81 92) (94 97) (98 96) (98 88 95)
 (98 96) (88 101) (102) (98 69 95) (88 104 96) (101 105) (83 91) (88 107 104)
 (108 78) (109) (89 108) (100 111 96) (109 111 96) (106 113 112) (114 103)
 (114) (116 110) (117) (117 102) (106 113 103 110) (120) (115 120) (122 119)
 (113) (124 117 120) (125) (106 110 111) (111 96) (121 99 100 128)
 (129 122 125) (130) (131) (132) (133 118 127) (126 134) (135) (129 115 124)
 (137 126) (137 130 123) (138 139 118) (140 134) (141) (142) (143) (143) (145)
 (137 123 118) (139 147) (147 132) (149 136) (146 150) (151) (152) (149 135)
 (154 148) (145 155) (155 140) (146 157) (156 158) (157) (154) (147 142)
 (146 162 157 136) (163 158) (164 150 160) (165) (153 165) (161 167) (156 168)
 (161 165 151) (170 159 144) (153 171 166) (168 170 159) (163 144) (155 136)
 (175 161 166) (176 152) (177 174 156) (178 170) (178 170) (167 180 159)
 (167 178) (181 182) (183 169) (178 170) (178) (167 186 159) (187) (188)
 (179 186 169 180 159) (186 168 179 181 172) (153 176 144) (153 175 170)
 (193 185 159) (194 169 187 172) (173 195) (184 196 191 189) (184 196)
 (184 194 189) (173 199 171))