(NIL NIL NIL NIL NIL (2) (1) NIL (8) (6 9 1) (10 7) (8 5) (2 12) NIL (14)
 (15 10) (14 3) (17 13 7) (9 18) (15 6 19) (20 11) (19) (19) (16 19) (24 23)
 (22 25) (1 12) (27 18 16) (28 11) (20 24 28) (22 30 25) (31) (32 26 29) (33)
 (11 30) (35 4) (27 15 10 22) (20 37) (32 38) (32 37) (11 37 4) (11 19)
 (31 37 42) (32 43 4) (40 43 4 38) (24 29 42) (32 42 38) (47 21 4 29) (47 44)
 (49 21 46) (47) (51 4) (44 34 52 46) (52) (51 34) (39 44 55) (41 56 50)
 (45 56 21 36) (58 52 57) (52 35 56) (53 41 48 49 60) (41 55 45) (39 62 35 50)
 (41 48 50 55) (53 64) (65 36 61) (66 58) (39 65 36) (68 58 54) (68 58) (67 70)
 (70) (72 63 57 71) (73 59) (39 36 64) (68 54 75) (62 76 70) (63 69 77)
 (72 77 60) (66 78 79) (80 59) (79 69 71) (51 21 36) (79 83) (66 72 69 62 83)
 (62 67 57 83) (86) (86 84 78 71) (59 78 86) (89) (87 89 73 82) (81 73) (92 83)
 (90 88 93 74) (94) (92 90) (74 96) (97 91 94) (97) (99 82 94) (100) (82 84 96)
 (96) (74 103) (87 100 103 102 85) (87 92 82) (106 88 99) (107 94 104)
 (98 107 102 85) (101 109) (110) (108 111 95) (106 91 102) (113 100 98 103)
 (114 85) (114) (116 104) (115 101 117) (105 117 112) (108 111 95 117)
 (108 116 111) (121) (122 117) (122) (116 107 95 85) (125) (120 126) (121 125)
 (106 98 95) (99 91) (130 124 117 95) (130 125 111) (105 132 124) (128 133 127)
 (129 117 133) (123 131 135 127) (131 118 135) (115 132 112) (138 137 123 119)
 (120 105 138) (101 108 129 115 117 126) (141 135 119) (128 142) (142 127)
 (128 144 118 138) (137 145) (146) (147) (147) (145) (150) (144 118)
 (136 152 146) (149 123 152 148) (154) (154 134) (154 150 134) (157 151)
 (144 123 143) (149 152 159 150) (155 160) (137 144) (162) (163 154)
 (139 143 140 151 162) (163 165 157) (154 150 159 162) (166 167) (136 168 161)
 (168 160) (170 158) (170 164) (155 167 158) (136 139 160 162) (158 156 174)
 (161 175) (176 168 173) (172 153 177 169) (178) (179) (171 164 153 177)
 (176 166) (182 153) (183 178) (169 174) (156 185) (180 186) (184 186)
 (171 184 186) (189) (182 153 185 173) (168 153 174 161) (176 170 192)
 (192 181) (194 182 185 178) (195) (196 191 186) (196 193 190) (179 195)
 (199 196 188 191 190))