(NIL NIL (1 2) NIL (2 4) (1 4) (5 3 6) NIL (8 4) NIL (8 10) (4 10) (9 12 11)
 (2 10) (5 12 14) (1 10) (12 6 16) (14 3 16) (17 18 15 7) NIL (10 20) (8 20)
 (21 11 22) (4 20) (21 12 24) (9 24 22) (13 25 26 23) (2 20) (21 14 28)
 (5 28 24) (29 15 25 30) NIL (20 32) (10 32) (33 21 34) (8 32) (33 22 36)
 (34 11 36) (37 38 35 23) (4 32) (33 24 40) (34 40 12) (41 42 35 25) (9 40 36)
 (37 41 44 26) (38 13 44 42) (39 45 43 27 46) (2 32) (33 28 48) (34 48 14)
 (49 50 35 29) (5 48 40) (41 49 52 30) (42 15 52 50) (43 53 51 31 54) NIL
 (56 32) (56 20) (57 33 58) (56 10) (57 34 60) (21 58 60) (59 61 35 62) (8 56)
 (57 64 36) (58 64 22) (37 59 65 66) (64 60 11) (38 68 61 65) (68 62 23 66)
 (69 70 39 67 63) (56 4) (57 72 40) (58 24 72) (41 73 59 74) (12 60 72)
 (73 42 76 61) (74 76 25 62) (43 77 75 63 78) (9 64 72) (73 44 65 80)
 (74 80 66 26) (81 82 75 45 67) (80 13 76 68) (69 81 84 77 46) (70 84 78 27 82)
 (83 85 86 71 47 79) (56 2) (57 88 48) (58 28 88) (49 89 59 90) (14 60 88)
 (89 50 92 61) (90 92 29 62) (51 93 91 63 94) (5 88 72) (73 89 52 96)
 (74 96 30 90) (97 98 75 53 91) (15 76 92 96) (97 93 100 77 54)
 (98 100 78 31 94) (55 95 99 101 102 79) (56 1) (60 104 16) (104 6 72)
 (17 76 105 106) (104 3 88) (18 92 105 108) (108 106 7 96) (109 110 19 100 107)
 NIL (112 56) (112 32) (57 114 113) (112 20) (58 116 113) (33 114 116)
 (115 117 59 118) (112 8) (120 64 113) (114 120 36) (121 115 65 122)
 (120 116 22) (121 117 66 124) (37 124 118 122) (125 126 123 67 119) (112 2)
 (128 113 88) (114 128 48) (89 129 115 130) (28 116 128) (129 90 132 117)
 (49 130 132 118) (91 133 131 119 134) (112 1) (104 113 136) (136 3 128)
 (129 137 138 108) NIL (140 112) (140 56) (141 113 142) (140 32) (114 141 144)
 (57 144 142) (115 145 146 143) (140 10) (60 142 148) (34 144 148)
 (149 150 61 146) (140 8) (152 141 120) (152 64 142) (153 121 154 143)
 (152 144 36) (153 145 122 156) (156 65 146 154) (157 158 155 123 147)
 (152 11 148) (149 160 154 68) (150 160 156 38) (69 158 151 161 162) (140 4)
 (164 142 72) (164 144 40) (73 165 146 166) (12 164 148) (149 165 76 168)
 (150 168 166 42) (169 151 77 167 170) (9 152 164) (165 172 154 80)
 (172 166 44 156) (81 158 167 173 174) (168 13 160 172) (173 169 84 161 176)
 (174 176 170 162 46) (85 163 171 175 177 178) (140 2) (141 180 128)
 (180 142 88) (129 181 143 182) (144 180 48) (181 130 184 145) (89 182 184 146)
 (131 185 183 147 186) (14 180 148) (149 182 92 188) (150 184 188 50)
 (189 190 151 93 186) (5 180 164) (165 182 192 96) (166 192 52 184)
 (97 167 193 186 194) (15 168 192 188) (189 193 100 169 196)
 (190 196 170 194 54) (191 195 197 198 101 171) (140 1) (141 136 200)
 (104 142 200) (201 202 137 143) (16 200 148) (149 202 204 105) (200 6 164)
 (165 202 106 206) (17 168 206 204) (205 169 207 107 208) (200 3 180)
 (181 201 138 210) (182 202 210 108) (211 183 212 203 139) (18 210 204 188)
 (189 109 212 205 214) (210 192 206 7) (110 212 193 207 216)
 (19 208 214 216 196) (209 111 197 215 217 218))