(NIL NIL (1 2) NIL (2 4) (1 4) (5 3 6) NIL (4 8) (2 8) (9 5 10) (1 8) (3 10 12)
 (9 6 12) (11 13 7 14) NIL (8 16) (4 16) (17 9 18) (2 16) (17 10 20) (5 18 20)
 (19 21 11 22) (1 16) (3 20 24) (17 12 24) (25 13 21 26) (18 24 6) (25 7 28 22)
 (26 19 28 14) (27 29 15 23 30) NIL (16 32) (8 32) (33 17 34) (4 32) (33 18 36)
 (9 34 36) (35 37 19 38) (2 32) (33 20 40) (34 40 10) (41 42 35 21) (5 36 40)
 (41 44 37 22) (42 11 44 38) (43 45 23 39 46) (1 32) (3 48 40) (33 48 24)
 (41 25 49 50) (34 12 48) (49 42 52 13) (26 35 52 50) (43 51 53 27 54)
 (6 36 48) (49 7 44 56) (50 28 37 56) (57 29 51 45 58) (56 52 38 14)
 (57 60 53 46 15) (58 60 30 39 54) (31 47 55 59 61 62) NIL (32 64) (16 64)
 (65 33 66) (8 64) (17 66 68) (65 34 68) (67 69 35 70) (4 64) (65 36 72)
 (66 72 18) (73 74 67 37) (9 68 72) (74 19 76 69) (73 76 70 38)
 (75 77 39 71 78) (2 64) (65 80 40) (66 20 80) (41 81 67 82) (10 68 80)
 (21 84 69 82) (81 42 84 70) (43 85 83 71 86) (5 80 72) (73 81 44 88)
 (74 88 22 82) (89 90 75 45 83) (84 11 76 88) (85 92 77 23 90) (89 92 86 78 46)
 (47 79 87 91 93 94) (1 64) (3 96 80) (65 96 48) (81 49 98 97) (66 96 24)
 (25 82 100 97) (50 67 100 98) (83 99 101 51 102) (12 68 96) (97 84 13 104)
 (26 100 69 104) (105 101 27 85 106) (98 52 70 104) (105 99 108 53 86)
 (106 108 54 71 102) (87 103 107 109 110 55) (6 96 72) (97 7 112 88)
 (73 98 112 56) (89 57 99 114 113) (74 28 100 112) (113 90 116 29 101)
 (58 75 116 102 114) (103 115 117 118 91 59) (112 76 14 104)
 (105 113 92 15 120) (106 116 77 30 120) (107 31 117 121 122 93)
 (108 60 78 120 114) (109 115 121 124 61 94) (110 79 118 122 124 62)
 (111 95 119 123 125 126 63) NIL (128 32) (128 16) (33 129 130) (128 8)
 (17 130 132) (129 132 34) (133 134 35 131) (128 4) (129 36 136) (18 130 136)
 (137 37 131 138) (9 136 132) (133 138 19 140) (137 134 140 38)
 (135 141 139 39 142) (128 1) (129 144 48) (144 130 24) (145 50 131 146)
 (144 12 132) (133 26 148 146) (145 134 148 52) (149 135 147 54 150)
 (6 144 136) (137 145 152 56) (138 152 28 146) (153 58 139 147 154)
 (148 140 14 152) (149 156 141 30 154) (153 156 60 142 150)
 (151 155 157 158 143 62) (128 64) (160 65 129) (160 66 130) (161 131 67 162)
 (160 68 132) (133 164 69 162) (134 161 164 70) (135 165 71 163 166)
 (160 136 72) (73 137 161 168) (74 168 162 138) (169 170 75 139 163)
 (164 76 140 168) (77 141 172 165 170) (142 169 172 166 78)
 (79 167 143 171 173 174) (160 144 96) (145 98 161 176) (146 100 162 176)
 (177 178 147 102 163) (176 148 164 104) (149 106 180 165 178)
 (177 180 108 166 150) (151 110 167 179 181 182) (176 152 112 168)
 (169 114 184 153 177) (170 184 116 178 154) (155 179 118 185 186 171)
 (180 184 156 172 120) (157 181 186 122 188 173) (124 158 182 185 188 174)
 (159 190 183 187 189 126 175) (128 2) (160 192 80) (129 192 40)
 (81 193 161 194) (20 130 192) (193 82 196 162) (41 194 196 131)
 (83 197 195 163 198) (10 192 132) (84 193 164 200) (133 196 21 200)
 (201 85 165 202 197) (134 200 194 42) (201 195 204 166 86)
 (202 135 204 43 198) (199 203 205 206 167 87) (5 192 136) (193 208 88 168)
 (137 194 44 208) (169 89 195 210 209) (138 196 22 208) (209 170 212 197 90)
 (210 139 212 45 198) (199 211 213 214 171 91) (208 11 140 200)
 (92 201 172 216 209) (202 212 141 23 216) (173 203 213 217 218 93)
 (210 204 142 216 46) (205 94 211 217 220 174) (206 47 214 143 218 220)
 (207 175 215 219 221 222 95) (3 144 192) (193 97 224 176) (49 194 145 224)
 (177 225 195 99 226) (25 146 196 224) (225 101 228 197 178)
 (226 51 228 147 198) (227 229 199 103 179 230) (224 148 13 200)
 (201 105 180 225 232) (202 27 228 149 232) (229 233 234 203 181 107)
 (226 204 53 150 232) (227 233 205 236 109 182) (230 151 234 236 206 55)
 (231 235 237 238 111 207 183) (224 7 152 208) (209 113 240 225 184)
 (57 210 240 153 226) (227 115 241 242 211 185) (228 154 212 29 240)
 (229 241 244 117 186 213) (230 155 242 244 214 59)
 (215 231 243 245 246 119 187) (232 240 156 15 216) (233 241 121 248 217 188)
 (234 157 31 244 248 218) (235 245 249 250 219 189 123)
 (236 158 242 248 220 61) (221 237 243 249 252 125 190)
 (238 159 246 250 252 222 63) (239 223 127 247 251 253 254 191) NIL (256 32)
 (256 16) (33 257 258) (256 8) (17 260 258) (34 257 260) (259 261 35 262)
 (256 4) (257 36 264) (18 264 258) (259 265 37 266) (9 264 260)
 (261 266 19 268) (265 262 268 38) (263 269 267 39 270) (256 1) (272 257 48)
 (272 24 258) (259 50 273 274) (272 12 260) (261 26 276 274) (273 262 52 276)
 (263 277 54 275 278) (6 272 264) (265 273 280 56) (266 28 280 274)
 (281 58 267 275 282) (268 276 14 280) (277 284 269 30 282)
 (281 60 284 270 278) (279 271 283 285 286 62) (256 128) (129 257 288)
 (130 288 258) (259 131 289 290) (260 288 132) (133 290 292 261)
 (134 292 289 262) (293 291 263 135 294) (264 288 136) (137 265 289 296)
 (290 296 266 138) (297 298 291 139 267) (292 140 268 296)
 (141 269 293 300 298) (297 270 300 294 142) (295 271 299 301 302 143)
 (272 288 144) (145 273 289 304) (274 290 304 146) (305 306 291 147 275)
 (148 292 276 304) (149 277 308 293 306) (278 305 308 294 150)
 (279 151 307 309 310 295) (152 280 304 296) (297 153 281 305 312)
 (282 298 312 306 154) (283 299 307 313 314 155) (156 300 284 308 312)
 (285 157 301 309 314 316) (286 302 310 313 316 158)
 (159 303 311 315 317 318 287) (256 64) (65 320 257) (320 258 66)
 (259 67 322 321) (320 68 260) (261 322 69 324) (262 324 321 70)
 (325 326 263 323 71) (320 264 72) (73 265 321 328) (74 322 328 266)
 (329 330 75 323 267) (328 76 268 324) (325 269 332 77 330)
 (329 326 332 78 270) (271 79 331 333 334 327) (320 272 96) (273 98 321 336)
 (100 322 336 274) (337 338 275 323 102) (104 276 336 324)
 (325 106 340 277 338) (337 326 340 108 278) (339 341 342 279 110 327)
 (112 280 336 328) (329 114 281 337 344) (330 116 344 338 282)
 (339 345 346 283 331 118) (344 332 284 340 120) (341 346 348 285 333 122)
 (342 345 348 286 334 124) (343 347 349 350 287 335 126) (160 320 288)
 (352 289 161 321) (290 352 322 162) (291 323 163 353 354) (292 352 164 324)
 (325 293 356 165 354) (326 356 166 353 294) (167 355 295 327 357 358)
 (352 296 328 168) (169 297 329 353 360) (170 360 354 330 298)
 (299 355 331 361 362 171) (332 356 172 300 360) (357 301 333 362 364 173)
 (302 174 334 361 364 358) (303 359 335 363 365 366 175) (352 304 336 176)
 (177 305 337 353 368) (178 368 354 338 306) (339 307 355 369 370 179)
 (180 356 308 340 368) (341 370 372 181 309 357) (342 369 372 310 358 182)
 (311 343 371 373 374 183 359) (368 184 312 344 360) (345 313 369 185 376 361)
 (186 346 376 370 362 314) (315 347 371 377 378 363 187)
 (364 316 348 372 376 188) (317 349 365 373 378 380 189)
 (350 366 374 377 380 318 190) (351 367 375 319 379 381 382 191) (256 2)
 (320 384 80) (384 257 40) (81 385 321 386) (384 20 258) (385 82 388 322)
 (259 41 388 386) (389 83 323 387 390) (10 384 260) (385 392 84 324)
 (261 388 21 392) (325 389 85 393 394) (262 392 386 42) (393 326 387 396 86)
 (394 263 396 43 390) (391 395 397 398 87 327) (5 384 264) (385 400 88 328)
 (265 386 44 400) (329 89 387 401 402) (266 388 22 400) (401 330 404 389 90)
 (402 267 404 45 390) (391 403 331 405 406 91) (400 11 268 392)
 (92 393 332 401 408) (394 404 269 23 408) (395 405 410 409 333 93)
 (402 408 396 270 46) (397 403 334 409 412 94) (271 398 47 406 410 412)
 (335 399 407 411 413 414 95) (3 272 384) (385 97 416 336) (49 386 273 416)
 (337 417 387 99 418) (25 274 388 416) (417 101 420 389 338)
 (418 51 420 390 275) (419 421 391 103 339 422) (276 13 416 392)
 (393 105 340 417 424) (394 27 420 277 424) (421 425 426 395 341 107)
 (418 396 53 278 424) (419 342 425 397 428 109) (422 279 426 428 398 55)
 (343 423 427 429 430 111 399) (7 280 416 400) (401 113 432 417 344)
 (57 402 281 432 418) (419 345 115 433 434 403) (282 404 29 420 432)
 (421 346 433 436 117 405) (422 283 434 436 406 59)
 (407 423 347 435 437 438 119) (284 424 432 15 408) (425 348 433 121 440 409)
 (426 285 31 436 440 410) (427 349 437 441 442 411 123)
 (428 286 434 440 412 61) (413 429 350 435 441 444 125)
 (430 287 438 442 444 414 63) (431 415 439 443 445 446 127 351) (384 288 192)
 (193 385 352 448) (194 448 289 386) (449 450 195 387 353) (290 388 196 448)
 (449 389 452 197 354) (450 291 452 198 390) (451 453 199 391 355 454)
 (448 392 292 200) (201 393 356 449 456) (456 202 452 293 394)
 (453 457 458 203 357 395) (450 396 204 294 456) (451 457 205 460 397 358)
 (454 458 460 206 398 295) (455 459 461 462 399 207 359) (448 400 208 296)
 (209 401 464 449 360) (297 210 464 450 402) (451 403 465 466 211 361)
 (452 298 404 212 464) (453 213 465 468 405 362) (454 299 466 468 214 406)
 (215 455 467 469 470 407 363) (456 464 408 300 216) (457 465 409 472 217 364)
 (458 301 468 472 218 410) (459 469 473 474 219 365 411)
 (220 460 302 466 472 412) (221 461 467 473 476 413 366)
 (462 303 414 470 474 476 222) (463 367 223 471 475 477 478 415)
 (224 304 416 448) (449 225 480 417 368) (305 450 418 480 226)
 (481 482 419 451 369 227) (228 306 452 420 480) (481 484 229 370 421 453)
 (482 484 422 230 307 454) (483 485 231 423 371 455 486) (232 308 480 424 456)
 (481 488 457 425 233 372) (484 234 488 458 309 426)
 (485 235 489 490 427 373 459) (482 460 428 488 236 310)
 (483 489 429 492 237 374 461) (486 490 492 430 462 311 238)
 (487 491 493 494 431 463 239 375) (240 312 480 432 464)
 (481 241 496 465 376 433) (482 434 496 466 242 313)
 (483 467 497 498 435 243 377) (484 468 496 244 436 314)
 (485 437 497 500 245 378 469) (486 246 498 500 438 315 470)
 (471 247 487 499 501 502 439 379) (472 488 440 496 248 316)
 (489 441 497 249 504 473 380) (250 490 504 500 442 474 317)
 (251 491 501 505 506 443 381 475) (476 444 492 498 504 252 318)
 (445 493 499 505 477 508 253 382) (494 478 502 506 508 446 319 254)
 (479 495 255 503 507 509 510 447 383) NIL (512 256) (512 128) (513 288 514)
 (512 32) (513 257 516) (129 514 516) (517 518 289 515) (512 16) (513 520 258)
 (130 514 520) (521 290 515 522) (33 520 516) (517 259 524 521)
 (518 524 131 522) (519 523 525 291 526) (512 8) (513 528 260) (528 514 132)
 (529 530 292 515) (17 528 520) (521 261 532 529) (133 522 532 530)
 (533 523 293 531 534) (34 528 516) (517 262 529 536) (518 536 530 134)
 (537 538 519 531 294) (532 35 524 536) (537 533 263 540 525)
 (538 135 540 526 534) (527 535 539 541 542 295) (512 4) (513 544 264)
 (544 514 136) (545 546 515 296) (36 544 516) (517 265 548 545)
 (137 518 548 546) (297 519 549 547 550) (18 544 520) (521 266 545 552)
 (522 546 552 138) (553 298 523 547 554) (524 37 548 552) (553 549 267 556 525)
 (554 139 556 526 550) (551 555 557 558 527 299) (9 544 528) (529 545 268 560)
 (530 140 560 546) (561 562 531 300 547) (19 532 560 552) (553 269 564 533 561)
 (554 564 141 534 562) (535 555 301 563 565 566) (548 38 560 536)
 (537 561 549 270 568) (538 562 568 142 550) (551 539 302 563 569 570)
 (540 564 568 39 556) (271 541 557 565 569 572) (542 558 566 143 570 572)
 (543 559 303 567 571 573 574) (512 2) (513 576 384) (576 514 192)
 (577 578 515 448) (576 40 516) (517 386 577 580) (578 518 580 194)
 (450 519 581 579 582) (576 20 520) (521 577 388 584) (522 196 584 578)
 (585 586 523 452 579) (41 524 580 584) (585 581 588 525 390)
 (582 586 588 526 198) (454 583 587 589 590 527) (10 576 528) (529 577 592 392)
 (578 530 592 200) (593 594 531 579 456) (532 21 592 584) (585 394 593 596 533)
 (594 202 596 534 586) (535 458 587 595 597 598) (42 580 592 536)
 (537 593 396 581 600) (538 204 600 582 594) (583 539 460 595 601 602)
 (43 540 588 596 600) (541 589 398 597 601 604) (206 590 542 598 602 604)
 (462 543 591 599 603 605 606) (5 576 544) (545 577 608 400) (578 546 608 208)
 (609 610 547 579 464) (44 548 580 608) (609 402 581 612 549)
 (210 612 550 610 582) (611 613 551 583 466 614) (584 608 22 552)
 (553 585 404 609 616) (554 212 616 610 586) (611 617 618 555 468 587)
 (612 556 45 588 616) (613 617 557 620 589 406) (614 618 620 590 558 214)
 (615 619 621 622 559 470 591) (11 592 608 560) (561 593 609 624 408)
 (594 562 624 610 216) (611 595 625 626 563 472) (564 596 624 23 616)
 (565 617 625 628 597 410) (618 626 628 566 218 598)
 (567 619 627 629 630 599 474) (624 612 600 46 568) (613 625 601 632 569 412)
 (602 614 626 632 570 220) (615 627 633 634 571 476 603)
 (604 620 47 628 632 572) (573 621 629 633 636 605 414)
 (222 622 574 630 634 636 606) (623 638 607 631 635 637 478 575) (512 1)
 (513 640 272) (640 514 144) (641 642 515 304) (3 640 576) (577 641 644 416)
 (578 644 642 224) (579 646 645 643 480) (48 640 516) (517 273 641 648)
 (145 518 648 642) (305 649 519 643 650) (49 644 580 648) (649 418 652 581 645)
 (226 652 650 582 646) (482 583 647 651 653 654) (24 640 520) (521 274 641 656)
 (522 656 642 146) (657 306 523 643 658) (25 656 644 584) (585 657 420 645 660)
 (660 586 228 646 658) (484 647 587 659 661 662) (656 50 524 648)
 (649 657 275 525 664) (650 147 664 526 658) (651 659 307 527 665 666)
 (652 660 51 588 664) (422 589 653 661 665 668) (230 654 590 662 666 668)
 (486 655 591 663 667 669 670) (12 640 528) (529 641 276 672) (672 530 148 642)
 (673 674 531 308 643) (672 644 13 592) (593 673 676 645 424)
 (594 674 676 646 232) (675 677 678 647 488 595) (672 26 532 656)
 (657 277 680 533 673) (658 680 149 534 674) (675 535 681 682 659 309)
 (660 676 27 596 680) (677 681 426 684 597 661) (678 234 684 598 682 662)
 (599 679 490 683 685 686 663) (648 672 52 536) (537 649 688 278 673)
 (538 674 688 150 650) (675 539 689 690 310 651) (676 652 53 688 600)
 (677 428 653 689 692 601) (678 236 654 690 692 602)
 (679 492 655 691 693 694 603) (680 540 54 688 664) (279 681 541 689 696 665)
 (151 682 542 690 696 666) (683 543 691 311 697 698 667)
 (604 684 692 55 696 668) (605 685 430 693 697 700 669)
 (686 606 694 698 700 670 238) (494 687 607 695 699 701 702 671) (6 640 544)
 (545 641 704 280) (546 704 642 152) (705 706 547 643 312) (704 7 644 608)
 (609 705 708 645 432) (610 708 646 706 240) (611 709 710 647 707 496)
 (648 704 548 56) (281 649 549 705 712) (153 650 712 550 706)
 (707 551 713 714 651 313) (57 652 708 612 712) (709 713 716 653 434 613)
 (614 714 716 654 242 710) (615 711 715 717 718 655 498) (656 704 28 552)
 (553 282 720 657 705) (554 720 658 706 154) (707 555 721 722 659 314)
 (720 708 660 29 616) (709 617 721 724 661 436) (244 710 618 722 724 662)
 (711 619 723 500 725 726 663) (720 58 712 556 664) (713 283 557 721 728 665)
 (714 155 558 722 728 666) (715 559 723 729 730 315 667)
 (620 716 724 728 59 668) (621 717 725 438 729 732 669)
 (622 718 726 730 732 670 246) (719 502 727 623 731 733 734 671)
 (704 672 14 560) (561 673 284 705 736) (562 736 156 706 674)
 (737 738 707 675 563 316) (736 708 676 15 624) (737 740 709 625 440 677)
 (738 740 678 626 248 710) (739 741 679 711 627 504 742) (736 720 564 30 680)
 (737 744 681 285 721 565) (738 744 682 157 722 566)
 (739 745 746 683 723 567 317) (740 744 684 628 31 724)
 (748 741 745 629 685 725 442) (742 746 748 686 630 250 726)
 (631 743 747 749 750 687 727 506) (736 688 712 60 568)
 (737 713 286 752 689 569) (738 714 158 752 690 570)
 (739 715 753 754 691 571 318) (740 716 752 692 632 61)
 (741 717 753 756 693 633 444) (742 718 754 756 694 634 252)
 (743 719 755 757 758 695 635 508) (744 696 752 728 572 62)
 (745 287 753 729 760 697 573) (746 760 159 754 730 698 574)
 (747 755 575 761 762 699 731 319) (732 748 756 760 700 636 63)
 (764 701 749 757 761 637 733 446) (734 750 638 758 762 764 702 254)
 (751 766 735 759 639 763 765 510 703) (512 64) (320 513 768) (160 768 514)
 (352 769 770 515) (65 768 516) (517 772 769 321) (518 161 772 770)
 (519 773 353 771 774) (66 768 520) (521 322 769 776) (522 776 770 162)
 (777 778 523 354 771) (524 67 772 776) (777 323 780 773 525)
 (778 780 774 163 526) (355 527 779 781 782 775) (68 768 528) (529 784 769 324)
 (530 164 770 784) (785 786 531 356 771) (784 532 69 776) (777 325 788 533 785)
 (778 788 165 534 786) (535 787 789 790 779 357) (784 772 70 536)
 (537 326 773 785 792) (538 792 786 774 166) (539 787 793 794 358 775)
 (540 788 780 71 792) (541 789 793 327 796 781) (542 167 790 794 796 782)
 (543 783 791 795 797 798 359) (768 544 72) (545 800 769 328) (546 800 770 168)
 (801 802 547 771 360) (73 772 548 800) (329 549 804 773 801)
 (169 802 804 774 550) (803 805 806 551 361 775) (74 552 800 776)
 (777 330 553 801 808) (778 554 802 808 170) (803 809 810 555 362 779)
 (75 780 808 556 804) (805 809 812 557 331 781) (806 810 812 558 171 782)
 (807 811 813 814 559 363 783) (76 800 560 784) (785 561 332 801 816)
 (802 786 172 816 562) (803 563 817 818 787 364) (788 77 816 564 808)
 (565 809 817 820 333 789) (810 818 820 790 173 566)
 (791 811 819 821 822 567 365) (816 568 804 78 792) (805 817 569 334 824 793)
 (806 818 824 794 570 174) (807 366 819 825 826 571 795)
 (572 812 79 820 824 796) (797 813 821 335 825 828 573)
 (814 574 822 826 828 798 175) (799 815 367 823 827 829 830 575) (576 768 80)
 (385 577 769 832) (193 578 770 832) (449 833 579 771 834) (81 772 580 832)
 (833 581 387 836 773) (834 195 836 774 582) (835 837 838 583 451 775)
 (82 584 832 776) (777 585 389 833 840) (778 834 840 197 586)
 (835 453 841 842 587 779) (83 780 588 836 840) (837 391 841 844 589 781)
 (838 199 842 844 590 782) (455 839 843 845 846 591 783) (84 592 832 784)
 (785 393 593 833 848) (201 786 834 848 594) (835 457 595 849 850 787)
 (788 85 596 848 840) (841 395 849 852 597 789) (842 203 850 852 790 598)
 (791 843 851 853 854 599 459) (600 848 86 836 792) (837 397 849 601 856 793)
 (602 838 205 850 856 794) (839 461 851 857 858 795 603)
 (604 844 852 87 856 796) (797 845 399 853 857 860 605)
 (846 207 606 854 858 860 798) (847 607 463 855 859 861 862 799)
 (88 608 832 800) (801 401 609 833 864) (209 802 834 864 610)
 (865 866 835 803 611 465) (89 804 612 836 864) (865 868 613 837 403 805)
 (866 868 838 614 211 806) (807 867 869 615 839 467 870) (90 616 864 840 808)
 (865 841 872 809 617 405) (866 618 872 810 213 842)
 (867 873 874 843 469 811 619) (620 872 812 868 91 844)
 (869 873 813 876 621 407 845) (870 874 876 846 814 215 622)
 (871 875 877 878 847 815 471 623) (92 864 624 848 816)
 (865 625 880 817 849 409) (866 850 880 818 626 217)
 (867 819 627 881 882 851 473) (872 628 852 880 820 93)
 (873 853 881 884 629 821 411) (874 630 882 884 854 219 822)
 (823 631 875 883 885 886 855 475) (868 856 880 632 94 824)
 (869 881 633 857 888 825 413) (634 870 888 882 858 826 221)
 (871 883 889 890 859 477 827 635) (636 888 876 884 860 828 95)
 (829 877 861 885 889 892 637 415) (878 830 886 890 638 892 862 223)
 (879 831 479 887 639 891 893 894 863) (768 640 96) (641 896 769 336)
 (642 896 770 176) (897 898 643 771 368) (97 896 644 832) (833 417 897 900 645)
 (225 834 900 646 898) (481 835 901 902 647 899) (896 98 772 648)
 (337 649 897 773 904) (177 650 904 774 898) (899 905 906 651 369 775)
 (652 99 836 900 904) (419 901 905 908 653 837) (227 902 906 908 654 838)
 (483 903 839 907 909 910 655) (656 896 100 776) (777 338 897 657 912)
 (898 778 912 658 178) (899 914 913 370 659 779) (912 660 101 900 840)
 (901 841 913 916 661 421) (229 902 842 914 916 662)
 (485 903 843 915 917 918 663) (912 780 904 102 664) (339 905 913 920 665 781)
 (906 914 179 920 666 782) (907 915 371 921 922 667 783)
 (908 103 844 916 920 668) (423 845 909 917 921 924 669)
 (231 910 846 918 922 924 670) (487 847 911 919 923 925 926 671)
 (672 896 104 784) (785 673 897 340 928) (898 786 180 928 674)
 (929 930 675 899 787 372) (105 676 900 928 848) (929 932 901 425 849 677)
 (930 932 678 233 850 902) (931 933 679 903 489 851 934) (106 788 912 928 680)
 (929 341 936 681 913 789) (930 936 682 914 181 790)
 (931 937 938 683 915 373 791) (932 936 107 684 852 916)
 (933 937 427 940 685 917 853) (934 938 235 940 686 918 854)
 (919 935 491 941 942 687 855 939) (688 108 904 928 792)
 (929 342 905 944 689 793) (930 906 944 690 182 794)
 (931 907 945 946 691 374 795) (932 908 109 944 692 856)
 (933 429 909 945 948 693 857) (934 237 910 946 948 694 858)
 (935 493 911 947 949 950 695 859) (936 696 110 944 920 796)
 (343 937 945 921 952 697 797) (938 952 946 183 922 698 798)
 (939 947 375 953 954 699 923 799) (860 940 924 111 948 952 700)
 (925 941 861 431 949 953 956 701) (702 942 239 862 950 954 956 926)
 (927 943 495 951 863 955 957 958 703) (896 704 112 800) (801 705 897 960 344)
 (898 802 960 706 184) (961 962 803 707 376 899) (113 708 900 960 864)
 (865 961 964 901 433 709) (866 964 710 962 241 902)
 (963 965 711 903 867 497 966) (114 804 904 960 712) (961 805 968 345 713 905)
 (962 806 968 714 906 185) (963 807 969 970 715 377 907)
 (868 968 716 908 115 964) (869 969 909 972 717 435 965)
 (966 970 972 910 718 243 870) (871 967 971 973 974 719 499 911)
 (720 116 912 960 808) (961 721 809 346 976 913) (962 722 810 976 914 186)
 (963 811 915 977 978 723 378) (964 872 976 724 117 916)
 (965 437 873 977 980 725 917) (966 874 978 980 245 726 918)
 (727 967 875 979 501 982 919 981) (968 812 976 728 118 920)
 (969 347 813 977 921 984 729) (970 984 814 978 922 730 187)
 (923 971 815 979 985 986 379 731) (924 876 972 980 119 984 732)
 (925 877 981 439 985 988 733 973) (734 974 878 982 247 986 988 926)
 (503 927 975 879 983 987 989 990 735) (736 120 928 960 816)
 (737 961 929 348 817 992) (962 930 818 188 738 992)
 (993 994 963 739 819 380 931) (740 880 932 121 964 992)
 (993 996 933 881 441 741 965) (994 996 966 882 249 934 742)
 (995 997 935 967 883 743 505 998) (936 744 976 820 122 992)
 (993 1000 745 349 977 937 821) (994 1000 746 978 822 938 189)
 (995 1001 1002 747 979 823 381 939) (940 1000 748 884 123 980 996)
 (997 1001 941 1004 749 885 981 443) (998 1002 1004 942 750 982 251 886)
 (887 999 1003 1005 1006 751 943 983 507) (944 968 752 824 124 992)
 (993 945 969 350 1008 753 825) (994 754 970 1008 946 826 190)
 (995 971 947 1009 1010 755 827 382) (996 972 1008 756 888 125 948)
 (997 973 1009 1012 757 889 949 445) (998 974 1010 1012 758 890 253 950)
 (759 999 975 1011 1013 1014 951 891 509) (1000 984 1008 760 952 828 126)
 (1001 351 1009 953 985 1016 761 829) (1010 1002 1016 954 986 762 830 191)
 (1003 955 1011 831 1017 1018 987 763 383) (892 1004 956 988 1012 1016 764 127)
 (957 1005 989 1013 1017 1020 765 893 447)
 (1020 766 1006 990 1014 1018 894 958 255)
 (511 959 1007 767 1015 895 1019 1021 1022 991))