(NIL NIL (2) (3 1) (3 1) (5) (4 6) (7) (8) (9) (10) (11) (12) (13) (14) (15)
 (16) (16) (17 18) (19) (20) (20) (22) (21 23) (24) (25) (26) (27) (28) (29)
 (30) (31) (31) (33 32) (34) (34) (35 36) (37) (38) (39) (40) (41) (42) (43)
 (44) (44) (44) (47) (45 48) (49 46) (50) (51) (52) (52) (54) (53 55) (56) (57)
 (58) (58) (59 60) (61) (62) (63) (64) (65) (66) (67) (68) (69) (70) (70)
 (71 72) (73) (74) (75) (75) (76 77) (76 77) (78 79) (80) (81) (82) (83) (84)
 (85) (84) (85 87) (86 88) (89) (90) (91) (92) (93) (93) (94 95) (96) (97) (97)
 (98 99) (100) (101) (102) (103) (104) (105) (106) (106) (108) (107 109) (110)
 (111) (112) (112) (113 114) (115) (115) (117) (116 118) (119) (120) (120)
 (121 122) (121 122) (123 124) (125) (126) (127) (128) (129) (130) (129)
 (131 132) (131 132) (133 134) (134) (136) (137 135) (138) (139) (140) (141)
 (141) (142 143) (144) (145) (146) (147) (148) (147))