(NIL (1) (2) (3) (4) (5) (6) (6) (7 8) (9) (10) (11) (12) (13) (14) (15) (16)
 (17) (17) (18 19) (20) (21) (22) (23) (24) (25) (26) (27) (28) (29) (30) (31)
 (32) (32) (33 34) (35) (36) (37) (38) (39) (40) (40) (42) (41 43) (44) (45)
 (46) (45) (47 48) (49) (50) (50) (51 52) (53) (54) (55) (56) (54) (57 58) (59)
 (59) (60 61) (62) (62) (63 64) (65) (65) (66 67) (68) (69) (68) (69 71)
 (69 71) (73 72) (73 70 72) (74 75) (76) (77) (78) (78) (79 80) (81) (82) (83)
 (84) (85) (86) (87) (87) (89 88) (90) (91) (91) (92 93) (94) (95) (96) (96)
 (97 98) (97 98) (99 100) (101) (99 100) (103) (101 104) (105) (106 102) (107)
 (108) (108) (109 110) (111) (112) (112) (113 114) (115) (116) (117) (118)
 (119) (119) (121 120) (121 120) (122 123) (124) (125) (125) (127) (126 128)
 (129) (129) (130 131) (132) (132) (133 134) (135) (136) (137) (138) (139)
 (140) (141) (141) (142 143) (144) (145) (146) (147) (148) (149))