(NIL NIL (2 1) NIL (4 2) (4 1) (6 5 3) NIL (4 8) (8 1) (6 10 9) NIL (12 4)
 (12 1) (6 14 13) NIL (16 12) (16 4) (17 13 18) (16 2) (5 18 20) NIL (22 16)
 (22 12) (23 24 17) (22 4) (23 18 26) (24 13 26) (27 28 25 19) (22 1)
 (24 14 30) (6 30 26) (32 28 15 31) NIL (22 34) (16 34) (35 23 36) (12 34)
 (35 24 38) (17 36 38) (25 37 39 40) (8 34) (4 34) (35 43 26) (43 36 18)
 (27 44 37 45) (43 13 38) (28 44 39 47) (47 45 19 40) (41 48 29 46 49)
 (43 9 42) (2 34) (36 20 52) (43 5 52) (53 54 45 21) NIL (56 34) (22 56)
 (35 58 57) (16 56) (36 60 57) (58 23 60) (59 37 61 62) (12 56) (64 38 57)
 (64 58 24) (66 65 59 39) (64 17 60) (65 68 61 40) (66 25 68 62)
 (63 41 67 69 70) (4 56) (43 72 57) (58 72 26) (59 44 73 74) (72 60 18)
 (76 45 61 73) (27 76 74 62) (63 77 78 46 75) (72 64 13) (65 80 73 47)
 (28 66 80 74) (48 67 81 82 75) (76 80 68 19) (84 49 81 69 77) (84 29 78 82 70)
 (71 50 79 83 85 86) (2 56) (88 52 57) (88 60 20) (53 89 90 61) (5 88 72)
 (54 89 73 92) (76 90 21 92) (93 77 55 91 94) NIL (22 96) (12 96) (98 24 97)
 (8 96) (4 96) (101 97 26) (101 98 13) (28 99 102 103) (9 101 100) (2 96)
 (5 106 101) (96 1) (108 97 30) (98 108 14) (99 109 110 31) (10 100 108)
 (6 108 101) (32 109 102 113) (110 15 103 113) (114 33 111 115 104)
 (105 11 112 113) (108 106 3) (7 118 107 113) NIL (22 120) (120 12)
 (122 24 121) (120 8) (120 2) (120 1) (121 30 126) (122 14 126)
 (128 127 123 31) (10 126 124) (125 126 3) NIL (132 120) (132 96) (132 22)
 (133 121 135) (97 134 135) (132 12) (133 122 138) (98 134 138) (24 138 135)
 (141 123 139 136) (137 141 99 140) (132 8) (133 124 144) (134 100 144) (132 4)
 (101 134 147) (147 135 26) (137 148 149 102) (147 13 138) (148 151 103 140)
 (141 28 149 151) (143 153 150 152 104) (147 9 144) (105 146 148 155) (132 1)
 (133 157 126) (157 108 134) (157 30 135) (127 160 158 136) (137 109 159 160)
 (157 14 138) (128 163 158 139) (163 110 159 140) (141 163 160 31)
 (161 142 164 166 129) (162 143 165 111 166) (10 157 144) (145 169 130 158)
 (169 146 159 112) (6 147 157) (148 172 159 113) (32 149 172 160)
 (114 162 173 150 174) (163 172 151 15) (115 173 165 152 176)
 (33 176 166 174 153) (168 154 175 177 178 116) (169 155 11 172)
 (180 156 117 173 171))