(NIL NIL NIL (3 2) NIL NIL (3 6) (2 6) (4 8 7) NIL (10 5) (3 10) (10 2)
 (4 13 12) (10 1) NIL (10 16) (3 16) (17 12 18) (2 16) (13 17 20) (4 20 18)
 (22 14 21 19) (1 16) (15 24 17) NIL (26 16) (26 10) (27 17 28) (26 5)
 (11 30 28) (26 3) (27 32 18) (32 28 12) (33 34 29 19) (26 2) (27 36 20)
 (36 13 28) (37 38 21 29) (32 4 36) (33 37 40 22) (34 38 14 40)
 (23 35 39 41 42) (26 1) (27 24 44) (15 44 28) (25 45 46 29) NIL (10 48) (48 6)
 NIL (51 48) (26 51) (51 16) (27 54 53) (10 51) (56 52 49) (56 53 28)
 (56 54 17) (55 59 58 29) (51 6) (50 61 52) (51 5) (30 53 63) (56 11 63)
 (58 64 31 65) (3 51) (32 53 67) (54 67 18) (33 55 68 69) (56 67 12)
 (71 58 34 68) (71 59 69 19) (72 73 35 60 70) (67 61 7) (51 2) (36 53 76)
 (54 20 76) (55 78 37 77) (56 76 13) (58 38 77 80) (59 78 80 21)
 (39 79 60 81 82) (76 61 8) (4 76 67) (77 68 85 40) (85 78 69 22)
 (87 86 79 41 70) (71 85 14 80) (72 86 89 81 42) (23 73 87 89 82)
 (43 83 88 90 91 74) (84 9 75 85) (51 1) (53 44 94) (54 94 24) (95 96 55 45)
 (56 15 94) (95 58 98 46) (96 25 59 98) (99 97 60 100 47) NIL (102 26) (102 16)
 (27 104 103) (102 5) (30 103 106) (102 3) (32 103 108) (104 108 18)
 (33 105 109 110) (102 2) (36 103 112) (104 112 20) (113 37 105 114)
 (4 112 108) (113 40 109 116) (22 116 114 110) (111 117 115 41 118) (102 1)
 (103 44 120) (24 104 120) (121 45 105 122) NIL (124 102) (124 51) (124 48)
 (126 52 127) (124 26) (125 103 129) (129 53 126) (124 16) (125 104 132)
 (54 126 132) (27 129 132) (135 105 130 133) (135 55 131 134) (124 10)
 (56 126 138) (49 138 127) (128 57 139 140) (129 28 138) (142 58 139 131)
 (17 132 138) (144 59 139 134) (135 142 144 29) (145 137 60 143 146) (124 6)
 (61 148 126) (50 148 127) (128 62 149 150) (124 5) (152 125 106) (152 63 126)
 (30 129 152) (107 153 155 130) (155 154 64 131) (11 152 138) (154 65 139 158)
 (142 31 155 158) (159 160 143 157 66) (124 3) (162 125 108) (67 126 162)
 (32 162 129) (163 165 130 109) (164 165 68 131) (162 132 18) (163 168 133 110)
 (168 164 69 134) (135 33 165 168) (111 136 171 166 169) (170 137 171 167 70)
 (162 138 12) (71 164 174 139) (142 34 165 174) (72 143 175 167 176)
 (168 144 174 19) (170 73 145 175 178) (178 171 35 146 176)
 (173 147 177 179 180 74) (162 148 7) (75 164 149 182) (124 2) (125 112 184)
 (76 184 126) (36 184 129) (185 113 130 187) (77 186 131 187) (184 132 20)
 (190 185 114 133) (190 78 186 134) (135 190 37 187) (136 191 193 115 188)
 (189 193 137 192 79) (184 13 138) (196 80 139 186) (142 38 187 196)
 (189 197 143 81 198) (190 144 21 196) (197 192 145 200 82)
 (193 200 39 146 198) (195 83 199 201 147 202) (8 148 184) (84 149 186 204)
 (4 162 184) (206 163 185 116) (206 85 164 186) (206 165 40 187)
 (117 207 209 166 188) (189 86 209 208 167) (190 22 206 168)
 (169 118 191 207 212) (170 192 87 208 212) (209 171 193 41 212)
 (213 215 172 119 194 210) (214 215 173 195 88 211) (206 14 174 196)
 (197 208 89 175 218) (198 42 209 218 176) (219 220 177 199 90 211)
 (23 178 200 218 212) (214 219 222 179 201 91) (215 220 43 222 180 202)
 (217 221 223 224 181 203 92) (206 9 182 204) (205 93 208 226 183) (124 1)
 (125 228 120) (228 126 94) (44 129 228) (121 229 130 231) (95 231 230 131)
 (24 228 132) (122 229 133 234) (96 234 230 134) (135 234 45 231)
 (136 123 237 235 232) (233 137 236 237 97) (15 228 138) (98 230 139 240)
 (142 46 231 240) (233 241 143 99 242) (234 25 144 240) (241 236 145 100 244)
 (242 244 237 146 47) (239 243 245 147 101 246))