(NIL NIL (1 2) NIL (2 4) (1 4) (5 3 6) NIL (2 8) (1 8) (3 9 10) NIL (12 8)
 (12 4) NIL (15 12) (15 2) (15 1) (3 17 18) NIL (20 15) (20 12) (21 16 22)
 (20 4) (14 24 22) (20 2) (21 26 17) (5 24 26) (20 1) (21 18 29) (24 29 6)
 (3 26 29) (30 32 27 19) (32 31 7 28) NIL (35 20) (35 15) (36 37 21) (35 12)
 (36 22 39) (37 16 39) (40 41 38 23) (35 4) (24 36 43) (14 43 39) (40 25 44 45)
 (35 2) (36 26 47) (17 37 47) (49 27 38 48) (5 43 47) (51 44 28 48) NIL (35 53)
 (20 53) (54 55 36) (12 53) (54 57 39) (57 55 22) (40 58 56 59) (53 4)
 (54 43 61) (24 55 61) (62 44 56 63) (14 57 61) (62 65 58 45) (63 25 65 59)
 (64 66 46 60 67) (53 2) (54 69 47) (55 69 26) (56 70 71 48) (5 69 61)
 (62 73 51 70) (73 63 28 71) (74 64 52 75 72) (53 1) (55 77 29) (6 77 61)
 (63 79 78 31) (3 69 77) (81 32 78 71) (73 81 7 79) (80 75 83 34 82) NIL
 (15 85) (12 85) (16 86 87) (85 8) (13 89 87) (85 2) (17 91 86) (89 91 9)
 (85 1) (94 86 18) (89 10 94) (3 91 94) (95 97 92 19) (97 11 93 96) NIL
 (100 53) (100 35) (54 102 101) (100 20) (55 104 101) (36 102 104)
 (56 103 105 106) (100 12) (108 57 101) (108 102 39) (58 109 110 103)
 (108 104 22) (109 59 105 112) (40 110 112 106) (107 111 113 60 114) (100 4)
 (116 101 61) (43 102 116) (62 117 103 118) (24 104 116) (117 63 120 105)
 (118 120 44 106) (107 64 121 119 122) (14 108 116) (117 109 65 124)
 (118 110 45 124) (125 66 119 111 126) (25 120 112 124) (125 128 121 67 113)
 (126 128 122 46 114) (115 68 123 127 129 130) (100 2) (69 101 132)
 (102 47 132) (133 134 103 70) (26 104 132) (133 136 71 105) (134 48 136 106)
 (107 135 137 138 72) (5 132 116) (117 73 133 140) (118 51 140 134)
 (141 74 119 135 142) (136 120 28 140) (141 137 75 144 121)
 (142 52 122 144 138) (143 145 146 76 123 139) (100 1) (148 77 101)
 (148 104 29) (149 78 105 150) (6 148 116) (117 152 149 79) (31 120 150 152)
 (80 153 121 151 154) (3 148 132) (133 81 156 149) (32 136 150 156)
 (157 82 137 158 151) (7 152 156 140) (141 153 83 157 160) (154 144 34 158 160)
 (145 155 159 161 162 84) NIL (164 100) (164 85) (164 53) (165 101 167)
 (164 35) (165 102 169) (54 169 167) (168 103 170 171) (164 20) (173 165 104)
 (173 55 167) (168 174 175 105) (173 36 169) (174 177 170 106) (175 56 177 171)
 (172 107 176 178 179) (164 15) (166 86 181) (37 169 181) (173 21 181)
 (183 184 38 177) (164 12) (108 165 186) (186 166 87) (186 57 167)
 (168 109 189 187) (186 169 39) (187 110 191 170) (189 58 191 171)
 (172 193 111 190 192) (173 22 186) (174 195 187 112) (195 175 189 59)
 (197 196 176 190 113) (40 195 177 191) (196 192 199 178 114)
 (193 197 199 60 179) (180 115 194 198 200 201) (186 16 181) (88 203 188 182)
 (183 41 203 191) (184 195 203 23) (185 205 42 199 206) (164 8) (89 208 166)
 (13 186 208) (90 188 209 210) (164 4) (165 212 116) (212 61 167)
 (168 117 213 214) (43 169 212) (213 118 216 170) (62 214 216 171)
 (172 119 217 215 218) (173 212 24) (213 174 120 220) (63 175 220 214)
 (221 121 215 176 222) (216 44 177 220) (221 224 217 122 178)
 (222 64 224 218 179) (180 219 223 225 226 123) (14 186 212) (213 187 228 124)
 (214 65 189 228) (125 229 215 190 230) (216 45 191 228) (229 126 232 217 192)
 (193 230 232 66 218) (219 194 231 233 234 127) (195 228 25 220)
 (128 221 229 196 236) (222 236 197 67 230) (223 198 231 237 238 129)
 (224 232 46 199 236) (225 200 233 237 240 130) (226 68 201 234 238 240)
 (227 202 235 239 241 242 131) (164 1) (165 148 244) (244 166 94) (244 77 167)
 (168 245 149 247) (173 244 29) (249 174 245 150) (249 175 247 78)
 (250 251 176 151 248) (244 18 181) (253 246 95 182) (30 184 253 249)
 (208 10 244) (256 209 246 96) (6 244 212) (213 258 245 152) (214 258 247 79)
 (153 215 260 259 248) (249 31 258 220) (221 154 259 262 250)
 (80 222 251 260 262) (261 263 264 223 252 155))