(NIL NIL NIL (1 3) NIL (3 5) (2 5) (1 5) (6 4 8) NIL NIL (5 11) (3 11)
 (12 6 13) (2 11) (12 7 15) (1 11) (12 8 17) (4 13 17) (14 18 9 19) NIL (21 11)
 (21 3) (22 13 23) (21 2) (22 25 15) (21 1) (22 17 27) (4 23 27) (28 29 24 19)
 NIL (31 21) (31 11) (22 33 32) (31 5) (12 33 35) (31 3) (23 37 32) (33 37 13)
 (34 24 38 39) (6 35 37) (41 36 14 39) (31 1) (43 32 27) (33 43 17)
 (28 34 44 45) (35 43 8) (36 18 45 47) (4 43 37) (29 44 38 49) (49 19 45 39)
 (40 30 51 50 46) (41 9 49 47) (48 42 51 53 20) NIL (55 31) (55 10) (55 3)
 (58 56 37) (55 1) (43 56 60) (4 58 60) (61 49 59 62) NIL (64 31) (64 11)
 (33 66 65) (64 5) (35 68 65) (12 68 66) (69 36 67 70) (64 3) (65 37 72)
 (13 66 72) (74 67 73 39) (6 68 72) (41 69 73 76) (76 14 70 74)
 (75 42 78 77 71) (64 2) (80 66 15) (80 68 7) (16 81 70 82) (64 1) (84 43 65)
 (17 84 66) (85 67 45 86) (8 84 68) (85 88 69 47) (88 18 70 86)
 (48 89 87 71 90) (4 84 72) (49 92 85 73) (92 19 86 74) (75 51 93 94 87)
 (76 9 92 88) (89 77 93 53 96) (90 78 94 20 96) (97 98 79 54 91 95))