(NIL (1) (2) (3) (4) (5) (6) (6) (7) (7 8) 
(9 10) (11) (7) (10 13) (14) (3) (7 16) (12 17) (13 18) (15 17) 
(11 15 17) (18) (18 20) (19 20 22) (20) (21 24) (15) (26 27) (26) (12 13) 
(25 26 30) (20) (21 24 27) (29) (31 32 33 34) (23 35) (31 33) (28) (8 9 16) (6) 
(28 33 39) (23 28 29 32) (34 41) (42) (31 39) (38 43) (37 46) (35 47) (48) (48) 
(42 50) (37 46) (40 49) (31 40 41) (48 52) (40 48) (23 47 52) (23 32 47) (36 48) (51 55 59) 
(51 59) (46) (53) (61) (40 52 62) (38) (51) (57 60 67) (53) (64) 
(36 46) (63 68) (44 67) (67) (43) (56 72) (36 51 53 56) (61 68) (62 74) (36 69) 
(53) (32 66) (61 63 68 73 80 82) (54 55 73 74) (73 76) (69) (32 38) (41 66) (40 52) (65 88) 
(61 73) (58 61 77 82 85) (44 71 72) (45 91 92) (78 80 86 87) (70 81) (88 89 92) (75) (75 94 95) (45 90 92 98) 
(86 87 93 97) (44 72 86) (55 57 77 81) (79 88) (52 67 75) (44 76 79) (58 63 77 80 89 96 105) (101 104 106) (99 101) (104 109) 
(69 74) (79 83 109) (44 51 80) (91) (100) (51 59) (109) (72) (93 97) (79 96) 
(108) (79 80) (117) (108) (64 95 103) (93 99 102) (84 85 86 104) (94 127) (89 116 128) (71 75 83 89 94) 
(96 98 112) (83 119 125) (103 128) (101 122 132) (74 99) (83 86 105 106 119) (111 123 126) (82 96 114 116) (45 80 81 108) (97 113 133) 
(88) (54 62 95 101 111) (128 132 135) (115 125) (67 80) (119 137 139) (65 71 89 127 138) (76 122) (137 138 143) (127 138) )