(NIL (1) (2) (3) (4) (5) (5) (7) (6 8) (3) 
(6 8) (6 8 10) (12) (6) (13 14) (11 15) (9 15) (15) (17 18) (16) 
(16) (15) (19 22) (9 16 18) (16 19) (16 19 22) (21 22 25) (12) (26 27) (17 20 24) 
(17 18) (8) (23) (22 24) (26 31) (24 29 33) (21 26 34) (37) (21 30) (29 32) 
(28 36 37 40) (35) (30 41) (34) (23 32 35 38 44) (37 40) (17 20 28) (36 42) (40 48) (27 33 37) 
(28 39 45) (27 35) (41 47 52) (38 46) (27 30 47) (43 44 49) (28 38 39 52) (30 32) (30 44) (23 44 57) 
(27 28 39) (48 51 54) (36 61) (50 55 58 59 63) (50 59) (36 54) (60 61 66) (39 42 53) (47 62 63) (59 60 62 66) 
(21) (61 70) (47 52) (51 53 54 56 60) (70) (53 63) (28 59) (69 76) (28 36 38) (67 69 77) 
(52 64 66) (42 45 52) (42 50 63 67 71) (64 78 83) (65 74) (70) (71 72) (46 47 60) (29 35 50 61 71) (66 74) 
(49 67) (76 83 85) (68 86 92) (55 76 80) (30 33 82) (41 71 72) (93) (85 87) (73 74 94 95) (70 77 85 90) 
(76) (97 99) (58 98) (62) (64 96 102) (102 103 104) (74 81 84 91) (89 99) (106 108) (84 89 101 105) 
(47 77 96) (43 63 111) (75 78 105) (78 109) (55 68) (64 72 86 100) (75 79 109) (91 114 117) (65 81) (56 81 87) 
(64 88 108) (66 115) (78 92 116 119) (69 79 89 91) (78 92 112 121) (99 100 101) (107 114 117 121) (61 100) (117 121 126) (115 127) 
(99) (92 107) (118) (104 105 128) (101 112 122 127) (123) (124 133) (83) (38 43) (85 131) 
(125 129) (109 124 126) (123) (75 109) (129) (105 130) (114 140) (36 57 58) (102 115 132) (107) )