(NIL (1) (2) (3) (4) (3) (4 6) (7) (4 6) (5 8) 
(9 10) (11) (5 6) (11) (12 13) (11) (14 16) (8) (17) (12 13 17) 
(15 18 19) (18 20) (14) (15 22) (24) (15 19 20) (25 26) (27) (13 17 23) (19 25) 
(21 27 29) (21 24 29) (27 29) (31 32) (27) (24 26) (21 23) (32 35 37) (28) (36 37 39) 
(31 37) (40) (22) (38 42) (21 23 28 43) (36) (30 38) (25 26) (38 45) (43 44) 
(15 20 29) (28 41) (42 52) (31 33 43 46) (48 52) (30 39 48 52) (43 44 51) (52) (30 55 57) (17) 
(44 45) (47 54 59) (62) (34 54 59) (39 48 49 54) (41 46 57) (15 19) (30 41 61) (52) (50 53 58 60) 
(41 42 54) (35 54 55 60) (66 68 69 70) (56 70) (30 49 61 66 72) (75) (62 66 71) (46 68) (64) (72 73 79) 
(40) (78) (74 78) (76 77) (74 84) (47 80) (78 79) (75 77 86) (53 60 63 67) (35 48) 
(30 66 71 81) (74 86) (53 57 65) (61 64) NIL (49 71) (66 69 74 89) (87 90 95) (72 73 87 89) (82 85) 
(26 95) (50 82 101) (59 96 102) (49 63 73) (65 83 84) (34 96 100 102) (89 103) (58 65 84 89 96) (53) (88 106) 
(84 89 103) (65 85 107) (75 77 97) (87 102) (41 45) (34 63 81) (80 90) (34 55) (50 66 72) (54) 
(49 58) (72 96 98) (98 100 104 107 111 113) (63 74 114) (63 75 78 80) (91 110) (96 102 113) (99 102) (109 113 128) (84 107 122) 
(110 114) (34 73 102) (100 102 108) (94 100 127 130) (86 91 102 116) (80 112 122) (111 114 127 135) (94 119 125) (87) (56 125 132) 
(110 117 118 127) (98 121 131) (89) (81 90 95 104) (93 115 135 141) (69 133) (90 103 132) (79 112) (129 133 136 138 139 141) (92 93 112 137) )