(NIL (1) (2) (3) (4) (5) (5) (6 7) (7) (6) 
(8 9) (8) (9) (12 13) (2) (8 9 10) (14 16) (12 16) (13 15 16) (12 19) 
(11 18 20) (11 15 18) (14) (17 21) (15 17) (17 21 22) (21 25) (18 23 25) (26 28) (26 28) 
(30) (25) (27) (31) (20 23 32) (34) (14 21) (29 30 33) (24 37 38) (32 36) 
(32 39) (23 24 25) (36) (24 30 32 33) (40 43) (27) (24 34) (21 35) (42) (41 44) 
(35 39 45) (41) (35) (22 37 49) (37 40) (29 43) (54) (45 53 54) (38 48 49 56) (27 58) 
(33 47) (45 50 53) (45 52 53 61) (46 47 50 54) (24 38 55 56) (46 49 52 65) (45) (50 58 67) (66) (45 66) 
(47 48 52 60) (46 68) (48 57 64) (62 65) (72) (52) (71) (72) (53 73) (40 73) 
(57 72) (46 63) (40 57) (74) (68 70 82 83) (76 85) (51 63 66 81) (61 64) (85) (86) 
(74 86) (84) (80 86) (45 57) (91) (58 61 79 92) (48 60 95) (32) (75 91 92 98) (75 80 82 83 96) 
(43) (57 72 101) (52 73 78 84) (77 89) (44 69) (100 104) (97) (59 77 95 102) (56 57 72) (97) 
(75 89 91) (77 96) (82 109) (78 106 108) (45 53 98) (69 90 97 99) (56 72) (94 103 104) (101 111) (69 78 80 94) 
(63 76 77 88 101) (98 106 108 120) (106) (92 120 121) (61 75 92) (108) (114) (81 97 105 114) (106 111) (88 89) 
(75 98 130) (94 114) (51 112) (59 130) (122 128) (78 115 116 119) (106 126) (69 117 129) (94 130) (90 93 124) 
(81 127) (59 105 136) (88 127) (63) (84 97 117) (48 84 98) (93 120 132 139 143) (59 87 88 89 97 113) (71 92 110 115) (108 130) )