(NIL (1) (2) (3) (4) (5) (6) (7) (8) (9) 
(10) (10) (4) (13) (9 13) (12) (14 16) (11 15 17) (11 12 13) (11 13) 
(18 19) (19) (18 20) (11 14) (18) (23) (19 26) (22 27) (21 23 25) (25 28) 
(29) (30) (11 14) (31 32 33) (21 30) (27 31) (30 31) (32 36) (34) (28) 
(30) (35) (31) (22 24 31) (34 41) (24 30) (21 32 33) (32 36 43 44) (35 47) (45) 
(21) (39) (31) (35 38 44 47) (35 38 48 53) (45) (55) (38 39 47) (34 40 42) (36) 
(39 47 55) (37 52 61) (37 46 47 57) (24 35 39 53) (57 59 60) (45 63) (26 51) (35 52 58) (38 51 64) (25) 
(65 66 70) (42 50 56 63) (63 67) (64 73) (71 74) (52 59 60 69 72 73) NIL (40 63 64 68) (41 74 78) (56 59 63 68) 
(24 35 43 60) (72 80) (71 82) (42 54 57) (52 75) (53 68 81) (49 76) (82) (46 49 62 67 68) (65) 
(48 64) (49 78 86) (39 63) (85 88) (40 50) (86 94) (67 78) (36 41 47 52) (84 91) (49 66 82 97) 
(49 86 91) (76) (87) (76 90 95) (82) (42 69 74 86 89) (83 98 99) (89 102 103) (93 106) (48 51 59) 
(49 63) (100 109) (62 87 96 100) (39 110) (113) (101 102) (76 85 98 109) (73 98) (83 89 93 115) (71 116) 
(71 102) (80) (48 59) (85 88 95 100 103 114 121) (79 119 120) (117 124) (49 97 104) (74) (73 84) (83 101) 
(54 59 73 92) (126) (74 82 104 131) (112) (39 60) (70 99) (79 84 93 104 124 128) (131) (86 87 122) (75 76 114 131) 
(126) (80 104 106 121 135 140) (108 120 141) (120 124) (133) (49) (40 68 93 129) (78) (50 80 93 110) (70 111 139 148) )