(NIL NIL (2 1) (3) (4) (5) (6) (7) (8) (8) (10) (9 11) (11) (13) (12 14) (15)
 (16) (17) (18) (19) (18) (19 21) (19 21) (20 22 23) (24) (25) (26) (25) (28)
 (27 29) (30) (31) (30) (33) (32) (35 34) (35 33) (36 37) (38) (38) (39 40)
 (41) (42) (43) (44) (41) (45 46) (45 46) (45 46) (49 47) (50) (51 48) (52)
 (52) (53 54) (55) (54) (57 53) (58 56) (59) (59) (61) (59) (60 62 63) (64)
 (65) (66) (67) (68) (69) (70) (71) (72) (72) (73 74) (73 74) (76) (75 76)
 (77 78) (79) (80) (81) (81) (82 83) (84) (85) (86) (86) (87 88) (89) (86)
 (90 91) (92) (92) (93 94) (93 94) (95 96) (97) (98) (98) (99 100) (99 100)
 (101 102) (103) (103) (105) (105 104) (106 107) (108) (109) (110) (110) (112)
 (113 111) (114) (114) (115 116) (117) (117) (118 119) (120) (120) (121 122)
 (123) (124) (124) (125 126) (127) (128) (129) (129) (131) (130 131) (132 133)
 (134) (135) (136) (137) (138) (139) (140) (140) (142) (141 143) (141 143)
 (145 144) (146) (147) (147) (148 149) (150) (150) (151 152) (152) (154)
 (155 151) (156) (153 156) (157 158) (159) (159) (161) (162 160) (159)
 (161 164 160) (163 165) (162 164 160) (166 167) (168) (169) (170) (171) (172)
 (173) (174) (175) (176) (176) (177 178) (179) (179) (180 181) (179) (180 183)
 (182 184) (182 184) (186) (185 186) (188) (188) (190) (186) (187 191 192)
 (193 189) (194) (195) (196) (197) (198) (199) (200) (201) (202) (202)
 (203 204) (205) (206) (207) (208) (209) (210) (211) (212) (213) (214) (215)
 (216) (217) (218) (219) (217) (220 221) (222) (223) (222) (225 223) (226 224)
 (227) (227) (229) (228 230) (231) (232) (233) (234) (235) (236) (236)
 (237 238) (239) (240) (241) (242) (241) (243 244) (245) (246) (247) (245)
 (249 248) (249) (251 248) (250 252) (250 252) (254) (253 255) (256) (257)
 (258) (258) (259 260) (259 260) (261 262) (263) (264) (265) (265) (265)
 (266 267 268) (269) (269) (269) (270 272) (273 271) (274) (274) (275 276)
 (277) (275 276) (278 279) (280) (281) (282) (282) (284) (283 285) (286) (282)
 (287 288) (289) (289) (290 291) (292) (292) (294) (295) (296) (297 293)
 (293 296) (299) (298 299) (297 299) (300 302) (301 303) (301 303) (305)
 (306 304) (306 304) (308) (307 309) (310) (311) (312) (313) (314) (315) (316)
 (317) (318) (319) (319) (321 320) (322) (323) (324) (325) (326) (327) (328)
 (329) (330) (331) (332) (333) (334) (335) (336) (337) (337) (339) (338 340)
 (341) (342) (343) (344) (345) (346) (347) (346) (349))