(NIL NIL (2 1) (3) (4) (5) (6) (5) (7 8) (9) (10) (10) (12) (11 13) (11 13)
 (14 15) (16) (17) (15) (18 19) (20) (21) (22) (23) (24) (25) (25) (26 27) (28)
 (29) (30) (31) (32) (33) (34) (35) (36) (35) (36 38) (35) (36 40) (41 37 39)
 (42) (43) (43) (45) (44 45) (47) (46 48) (49) (49) (50 51) (52) (53) (54) (54)
 (55 56) (55 56) (57 58) (59) (60) (61) (57 58) (62 63) (64) (65) (66) (67)
 (68) (69) (70) (70) (72) (73) (74) (75 71) (76) (77) (77) (78 79) (80) (81)
 (80) (82 83) (84) (85) (85) (85) (86 87 88) (89) (89) (91) (92) (90 93)
 (90 92) (94 95) (96) (97) (98) (99) (94 95) (98 101) (100 102) (99 101)
 (103 104) (105) (105) (106 107) (108) (109) (109) (111) (111) (113 112)
 (113 112) (113 112) (114 115 116 110) (117) (118) (119) (120) (121) (122)
 (123) (124) (125) (126) (127) (128) (129) (130) (131) (132) (133) (133) (132)
 (133 136) (137 134 135) (135 136) (138 139) (140) (140) (141 142) (143) (143)
 (145 144) (146) (146) (147 148) (149) (150) (151) (152) (152) (153 154) (155)
 (155) (156 157) (157) (158) (160) (159 161) (162) (163) (164) (165) (165)
 (167) (167) (166 167) (169 170 168) (171) (172) (171) (173 174) (175) (176)
 (177) (176) (178 179) (180) (181) (180) (181 183) (182 184) (185) (186) (187)
 (182 184) (188 189) (190) (191) (192) (193) (194) (195) (196) (195) (197 198)
 (199) (200) (201) (202) (202) (204) (205) (205) (206 207) (203 208) (209)
 (209) (210 211) (212) (213) (214) (213) (216) (215 216) (217 218) (218)
 (219 220) (218) (217 220 222) (219 223) (221 224) (221 223) (225 226) (227)
 (227) (229) (228 230) (231) (232) (233) (234) (235) (235) (237) (235)
 (237 239) (236 238 240) (241) (242) (243) (243) (244 245) (246) (238 240)
 (247 248) (249) (244 245 248) (250 251) (252) (253) (254) (255) (256) (257)
 (258) (259) (260) (261) (262) (263) (264) (265) (266) (267) (268) (269) (270)
 (270) (271 272) (273) (274) (268) (274 276) (273 276) (275 277 278) (279)
 (280) (281) (282) (282) (283 284) (285) (285) (286) (288) (289) (290 287)
 (291) (292) (291) (292 294) (293 295) (296) (293 295) (297 298) (299) (299)
 (301) (300 302) (303) (304) (305) (306) (306) (308) (307 309) (310) (311)
 (312) (313) (314) (315) (316) (317) (317) (319) (318 319) (321) (322)
 (322 320) (323 324) (325) (326) (326) (327 328) (329) (330) (331) (332) (333)
 (334) (335) (336) (337) (338) (339) (339) (337) (340 341 342) (343) (344)
 (345) (346) (346) (348) (347 349))