(NIL (1) (1) (3) (2 4) (2 4) (5 6) (7) (8) (9) (10) (8) (11 12) (13) (11 12)
 (15) (14 16) (17) (18) (19) (20) (21) (20) (22 23) (24) (25) (26) (27) (24)
 (28 29) (30) (31) (31) (33 32) (34) (35) (35) (36 37) (36 37) (39) (40)
 (41 38) (42) (43) (44) (45) (46) (47) (48) (49) (50) (51) (52) (53) (54) (55)
 (56) (57) (57) (58 59) (59) (58 61) (60 61) (62 63) (64) (65) (64) (67)
 (66 68) (66 68) (69 70) (69 70) (71 72) (73) (73) (75) (76) (74 77) (74 77)
 (78 79) (80) (80) (81 82) (81 82) (84) (83 84) (86) (85 87) (88) (89) (88)
 (90 91) (92) (93) (94) (95) (96) (97) (94) (98 99) (100) (101) (101) (98 99)
 (102 103 104) (105) (106) (107) (108) (109) (109) (111) (110 112) (113) (114)
 (115) (116) (117) (118) (118) (116) (121 119) (122 120) (123) (124) (125)
 (126) (127) (128) (128) (129 130) (131) (132) (133) (133) (134 135) (136)
 (137) (138) (139) (138) (141) (140 142) (140 142) (143 144) (144) (145 146)
 (147) (145 146) (148 149) (150) (151) (152) (153) (154) (150) (156 152)
 (155 156) (158) (157 159) (160) (161) (161) (163) (164) (164) (162 165 166)
 (167) (168) (169) (170) (171) (172) (171) (173 174) (173 174) (176) (177 175)
 (178) (179) (180) (180) (181 182) (181 182) (184) (185 183) (186) (187) (186)
 (188 189) (190) (191) (192) (192) (194) (191) (195 196) (197) (193 198) (199)
 (199) (199) (202 200) (203) (203) (201 204 205) (201 204 205) (206 207) (208)
 (209) (210) (210) (212) (211 212) (214) (213 215) (216) (216) (218) (213 214)
 (217 219 220) (219 220) (221 222) (223) (224) (225) (224) (225 227) (226 227)
 (229) (228 229) (230 231) (232) (233) (234) (235) (234) (236 237) (236 237)
 (235 237) (238 239 240) (241) (242) (243) (244) (245) (246) (247) (248) (247)
 (249 250) (251) (252) (253) (254) (255) (256) (257) (255) (258 259) (260)
 (261) (262) (263) (264) (265) (266) (267) (267) (269) (268 269) (270 271)
 (272) (270 271) (273 274) (275) (276) (277) (278) (279) (280) (276) (282 280)
 (281 283) (281 283) (285) (284 286) (284 286) (288) (289 287) (290) (291)
 (292) (289) (293 294) (295) (296) (297) (297) (298 299) (300) (299) (301 302)
 (303) (303) (305) (305 304) (307) (306 308) (306 308) (306 308) (309 310 311)
 (312) (313) (314) (315) (315) (316 317) (318) (319) (319) (321 320) (322)
 (323) (321 320) (322 325) (326) (324 326) (327 328) (327 328) (329 330) (331)
 (332) (333) (332) (334 335) (336) (336) (337 338) (338) (339 340) (341) (342)
 (343) (344) (345) (344) (346 347) (348) (349))