(NIL (1) NIL (3 2) (4) (5) (6) (4) (7 8) (9) (9) (11) (10 12) (10 12) (14) (15)
 (13 15) (17 16) (18) (19) (20) (18) (19 22) (23) (23) (25 21 24) (25 21 24)
 (26 27) (28) (29) (26 27) (30 31) (32) (33) (32) (33 35) (36) (37) (34 38)
 (36) (38 40) (41 34) (42 39) (43) (44) (45) (44) (46 47) (48) (49) (50) (48)
 (51 52) (53) (54) (55) (56) (57) (57) (58 59) (60) (61) (62) (63) (64) (65)
 (66) (66) (68) (67 68) (70) (67 68) (70 72) (73 69 71) (73 69 71) (74 75) (76)
 (77) (78) (79) (80) (80) (81 82) (83) (84) (85) (85) (86 87) (88) (89) (90)
 (91) (92) (93) (93) (94 95) (96) (97) (97) (99) (100) (101) (102) (100)
 (98 103 104) (105) (106) (107) (108) (109) (110) (110) (109) (109)
 (113 114 111) (115) (116 112) (115 112) (117 118) (116 118) (117 120)
 (121 119) (122) (123) (124) (125) (126) (124) (127 128) (129) (130) (131)
 (131) (132 133) (134) (134) (135 136) (134) (137 138) (139) (140) (141) (142)
 (143) (144) (143) (146 144) (145 147) (148) (148) (150) (149 151) (152) (153)
 (154) (155) (156) (157) (158) (156) (158 160) (161 159) (161) (162 163) (164)
 (165) (166) (167) (168) (168) (169 170) (169 170) (171 172) (173) (174) (175)
 (176) (177) (177) (178 179) (180) (181) (182) (183) (184) (185) (186) (187)
 (187) (188 189) (188 189) (191) (192) (191) (194) (193 195 190) (196) (197)
 (196) (197 199) (198 200) (201) (202) (203) (203) (205) (204 206) (207) (208)
 (209) (210) (211) (211) (210) (212 213 214) (215) (216) (217) (215) (218 219)
 (220) (220) (221 222) (223) (224) (225) (226) (227) (228) (229) (230) (229)
 (230 232) (233 231) (234) (235) (234) (235 237) (236 237) (238 239) (240)
 (241) (239) (241 243) (242 244) (245) (246) (247) (248) (246) (250 248) (251)
 (249 252) (249 251) (253 254) (255) (255) (257) (254) (257 259 256) (258 260)
 (258 260) (262) (261 263) (264) (265) (266) (266) (267 268) (269) (269)
 (270 271) (272) (272) (273 274) (275) (275) (277) (276 277) (278 279) (280)
 (279) (282 280) (283) (281 283) (285) (286) (284 287) (288) (289) (290) (291)
 (292) (291) (294) (292 295) (293 296) (293 296) (297 298) (293 295) (299 300)
 (301) (301) (303) (304) (305 302) (306) (307) (308) (309) (310) (310)
 (311 312) (313) (313) (314 315) (316) (316) (317 318) (319) (320) (320) (320)
 (322 323) (324) (321 325) (321 325) (327) (326 328) (329) (329) (328)
 (330 332) (331 333) (334) (335) (336) (337) (338) (339) (340) (341) (342)
 (343) (344) (345) (344) (347) (346 348) (349))