(NIL NIL NIL (1) NIL NIL (6 5) (6 5 3) (7) (9) (10) (4 11) (1 11) (4 13)
 (2 13 8) (4 11) (16 8) (17) (18) (13 19) (14 19) (15 14 18) (2 12 18) (23 19)
 (24 21) (25) (23 14) (15 27 19) (28 20 25) (15 17) (30 20 25) (31) (28 32)
 (32) (34 27) (29 32) (22 35 36 26) (28 31) (38 32) (39 26) (36 40) (33 22 40)
 (35 39) (42 43) (44 37) (44 37) (22 43 26) (33 22 43 26) (33 43) (43 29 40)
 (50 37) (51 46 47) (41 49 51 46) (53 45) (54) (55 48) (54) (57) (58 48)
 (57 56) (59 60) (57 55 48) (54) (59 52 63 56) (63) (65 61) (66 52) (67 62)
 (66 62 47) (66 64) (66 64) (65 59 60 62) (69 72) (71 72) (74 67 69 70) (75)
 (52 69 72) (73 67 77 70) (74 68 78) (76 79) (80) (80) (81 82) (82) (84) (85)
 (83 86) (87) (88) (89) (90) (83 85) (92 88) (90 93) (94) (91 93) (92 87)
 (83 84) (90 93 98) (99 95) (100) (91 100) (102) (100) (99) (105 104)
 (97 105 91 100) (107 96) (97 105 104) (105 104) (109 101 102 110) (108 111)
 (106 107 101 110) (113 108) (113 108 102) (113 111 103) (116 96) (115 117 112)
 (118) (114 119) (106 107 110 103 96) (121 117 112) (122) (122) (124) (125 120)
 (126) (124) (128) (129 123 119) (114 130) (131) (132 125) (132 125) (127 128)
 (131 135) (131 135) (132 135) (138) (137 138) (140 136) (139 140 133) (140)
 (143) (137 138 133) (145 143) (146 144 141 134 142) (147) (148) (148)
 (146 136) (134 151 142) (150 151) (145 139) (154 141 152) (155 149 150)
 (154 151) (145 139 140 134) (154 147 158) (153 156 157 158) (160) (161) (161)
 (162 163) (164) (165) (165) (167) (168) (167) (167) (165 159) (172) (172)
 (169 170 173 174) (164) (174 176) (177 171) (169 174 176)
 (170 171 176 174 168) (177 180 166 175) (179 181) (180 173) (177 180 173 166)
 (182 183 184) (185) (179 181 184) (185 187) (177 179 180 173 166) (186 189)
 (178 189) (182 191) (192) (193 188) (186 194) (195) (196) (195) (195 190)
 (196 198 199) (200) (195) (202 198) (202 197 200) (194) (203 196 205 190)
 (204 205) (201 207) (201 207) (209 206 208) (201 204 205) (203 211 207) (212)
 (203 205 199) (214 212 206 208) (214 207) (212 206 216 208) (217 210 215)
 (217) (217) (212 216) (221 220 213) (210 220 213 221) (223 222 215) (218 224)
 (220 221) (218 222 226) (225 219 227) (217 221) (229 224) (218 230 226)
 (226 230) (232) (233 231) (234 228) (235) (236) (209 229 219 213)
 (228 238 231 232) (218 213 221) (222 240) (241 236) (227 238 240) (242 243)
 (244 237) (225 233 227 238 240) (242 246) (247 239) (242 243 237 246)
 (249 248))