(NIL NIL NIL NIL (4) NIL (6 3) (6 3) (6) (6 5) (10 1) (2 11) (3 11) (9 10)
 (2 14 3) (15 7) (16 1) (16) (12 18 13) (12 15 7) (20 16) (21) (8 12 14)
 (19 23) (10 3) (25 23 20) (8 25 21 18) (19 26) (21 28) (29) (17 30) (30 22 27)
 (32) (31 33) (34) (33) (17 33) (37) (35 38 36) (38) (40 24 31) (41 36) (41 39)
 (38 36) (33) (45 40) (45 24 34 38) (47) (48) (49 43) (49 46 35) (41 51 44)
 (52) (53) (54 39) (53) (42 55 56) (53 39) (52) (57 59) (49 41 39) (42 61 44)
 (57 62) (42 61 55) (58 43 62 64) (57 58 62 64) (65 66) (57 59 61) (68 62 64)
 (65 50 69) (43 69 63) (58 43 69) (72 50) (73 66 60 63) (65 72 60)
 (73 75 67 70 63) (75) (66 77 70 71) (58 68 63 64) (79 74 75 70) (80)
 (57 50 59 65) (82 75 67) (81 77 83) (79 82 78 73) (85 81 76) (81 67 85)
 (87 83) (81 85) (89 76) (90) (89 76) (92 83) (92 88) (93 94) (91 95) (89 87)
 (97 91 84) (98) (99 95) (100) (97 95) (100 102) (86 102) (99 102) (105) (106)
 (107 86) (104 108) (100 109 96) (110 103) (101 110) (101 110 103) (108 101)
 (103) (111 114 115) (111 115) (117 114) (112 118 116) (112 115) (120 114)
 (120) (122) (118 123 113) (122 116) (123 116) (117 126) (125 127 118)
 (113 128 121) (129 119) (130) (131) (127 113 121) (133 124) (134) (135)
 (129 119 136) (137 132) (130 135) (139) (140) (138 140) (131 139) (131 135)
 (141 144) (137 145 143) (144 141 136) (146 147) (148) (148) (150) (138 150)
 (151 152) (153 142) (153 149) (155) (156 142) (157) (156) (154 155) (157 160)
 (157 159 160) (155) (162 163) (163 157 160) (161 162 165) (161 163)
 (165 167 159) (168) (169 158) (162 165 167) (167 159) (172 166) (173) (174)
 (171 158 174) (164 176) (171 158 174) (169 178) (169 178) (174 168)
 (169 177 181 175) (179 164 181 176) (180 183) (182 184) (182 184)
 (169 164 181 175) (185 187) (186 188) (189) (190) (170 191) (185 187)
 (193 189) (194 190) (193 192) (194 196) (197) (198) (195 199) (197) (201 199)
 (201 199) (196) (194 196) (202 195 205) (202 203 205) (206 207) (208)
 (193 192) (210 204 198) (211) (212 205 199) (209 212 200) (210 207) (211 215)
 (209 211 215) (217 214 216) (217 213 216) (219) (218 220) (220) (220) (217)
 (218 224) (225) (226 222) (225 213) (228 222) (226 228 221 222 223) (227 230)
 (212 224 216) (226 228 221 232) (225 232) (226 228 222 223 232) (234 235 229)
 (236 231) (237) (233 237) (239) (240) (240) (242) (241 242) (243 244) (239)
 (241 246) (241 246) (243 244 248) (239))