(NIL NIL NIL NIL NIL (2) (4 6) (3 7) (4 3 2) (5 1 8) (7) (9 11) (3 11) (13)
 (14 12) (13) (5 16 15 8) (1 16 12) (18 8) (13 12) (10 18 15 20) (19 21 17)
 (5 13 1) (23 20) (8 24) (25 14 10) (26) (18 27 17) (28 21) (29) (22 30) (29)
 (30 32) (33) (31 32) (19 30 32) (22 32) (36 37) (33 38) (38) (37) (36 37)
 (42 40) (42) (44 39) (33 41 43 44) (33 44) (34 36 37) (37) (49 35 45)
 (41 34 50 40) (50) (43 52) (53 48) (53 46) (51 55) (34 53 46) (57 51 48)
 (58 55) (59) (60 47) (59 54 47 56) (60 62) (63) (61 64) (65) (66) (67) (68)
 (67) (70) (66) (66) (65) (66 74) (75 68) (76 69 70) (77) (75) (78 79)
 (76 79 72) (81 70) (81) (83 78) (73 84 80) (85) (86 71) (82 85) (73 84 71)
 (89 86) (73 82 83 71 80) (81 78) (90 92) (82 93 87) (82 92 87) (95) (92 84 80)
 (92 87) (98 91) (99 93 96) (99) (89 97 101) (102) (89 101 96) (97 90 99 96 88)
 (105 100) (106) (107 103) (105 100 102 104) (109) (110) (111) (108 112)
 (107 94 103 112) (94 110) (106 115 103) (114 115) (116 117) (118) (117)
 (113 120) (121 118) (122) (113 115) (123 124) (107 109) (113 94 126)
 (116 117 127) (121 118 126) (129) (129 119) (106 115) (130 132) (129 123 132)
 (134 125 127) (134 119) (131 136 127) (131) (123 124 138) (133 125 139)
 (128 140) (141 134) (125 132 139) (142 143 135) (144) (144) (141 143)
 (147 135 136) (145 137 148) (149) (146 150) (150) (152) (151 153) (151 153)
 (150) (154 156) (157) (146 150) (159) (157 159) (161 158 155) (162) (162)
 (163 164) (165 160) (162) (166 167) (168) (168) (165 167) (171) (169 172)
 (172 168) (174) (169 170 175) (165 167 160) (177 176) (178) (179) (178)
 (180 181) (182) (179 181) (182 184) (185 183) (186 173) (187) (177 176)
 (187 189) (190) (188 191) (192) (188 191) (194) (188 191) (193 196) (185 189)
 (190 198) (195 199) (196 200 192) (200) (193 198) (198 192) (203 204)
 (195 204) (201 202 203 206) (193 204 200) (201 208) (196 206 208)
 (205 197 207 210) (197 206 208) (212 207) (212) (206 208) (210 213 215)
 (205 208) (217) (218 213) (219 216) (211 220) (221) (220) (210 219)
 (209 211 215 224) (214 224) (226 222) (209 211 223 224) (228 222)
 (228 214 222) (228) (230 231) (227 232) (233) (226 229 231) (225 235)
 (227 236 230) (233 237) (237 232) (237) (234 240) (240 232) (227 235)
 (234 243) (243 232) (245 240) (234 238 246) (241 242 244 247) (247) (241 249))