(NIL NIL NIL NIL (4 2) (3 5) (4 3) (4) (8 2) (9 3) (10 6) (11 7 1) (12) (12)
 (9) (8 7 6) (14 16) (15 13 16) (15 13 16) (8 7 1) (20 5) (19 17 21) (9 20 5)
 (23 18) (9 20 5) (25 24) (25 11 15) (27 13) (14 28 16) (19 28)
 (29 21 30 23 18) (31 24) (26 32) (29 30) (34) (34 17 23) (36 22 24)
 (26 35 36 22) (38) (37 39) (40 32) (41) (42) (33 43) (42) (45) (46) (33 40)
 (44 48) (36 24) (50 43) (49 51 45) (51 44 46) (50 44 45) (54) (46 55) (56)
 (49 57 51) (58 53) (49 56) (54 48) (58 61) (62) (60 63) (52 53 47 64) (59 62)
 (49 57 53 61) (59 60 67 47) (68 62) (69 63) (66 52 70) (52 70) (67) (73 70)
 (67) (73 66 75 69) (76) (74 52 77) (78) (78 71 64) (65 80 72) (81) (80) (83)
 (84) (81 84) (86) (87) (82 79 88) (89) (89) (88) (89 92) (90 93) (94) (90 92)
 (82 88) (97 92) (93 91 85 98) (99) (100 95) (99 94) (97 91) (85 86)
 (90 100 104) (100 104) (105 106) (105 106 94 103 96) (102 104) (105 109)
 (107 110) (111 103 95) (111 103 95) (109 101 103) (113 114 108) (115)
 (114 111 96) (117) (113 108 118) (118) (116 119 120) (120 116 112) (122 119)
 (122 119) (124) (113 108 117) (121 123 126) (126 112) (123 125 128) (129)
 (130) (131 127) (122 119 128) (133) (121 123 133) (130 134 127 135) (131 136)
 (131 135) (138) (121 131 133) (138 140) (141) (137 141) (140 135 127)
 (144 142 136) (145 132) (137 145 139) (145 139 143) (148) (132 149) (150)
 (151) (132 141 134 144) (153 147 152) (153 147 143) (155 152) (155)
 (146 157 149) (146 155 152) (159) (159) (161) (162) (153 147 150)
 (164 157 160) (161 165 158) (162 166) (155 164) (162 156 165 158 168)
 (169 154) (162 156 157 168) (171) (169 154 172) (173) (170 173 167) (175)
 (173) (177 170 163 174) (177 170) (179 166) (170 171) (177 163 181 166)
 (182 175) (179 183) (184) (185 178 180 176) (178 183 176) (179 183)
 (178 179 181) (185 180 189 176) (186 187 190) (191) (190) (193 187) (194)
 (195 188 192) (186 188 194) (193) (198 191) (195 197 199) (195 197 199)
 (195 199 192) (197 199) (198) (201 204 192) (205) (206) (203 205) (208)
 (207 208) (205) (210 211 200) (195 204 203) (201 196 213) (209 214 206 200)
 (202 215) (210 216) (210 211 216) (211 207 216) (210 215) (202 211 220)
 (218 219 212 221) (222) (217 223) (219 221) (217 225 223) (217 218 212 225)
 (227) (225 222) (229 224) (212 220 216) (227 231 224) (232) (233) (226 234)
 (235) (235) (235 230) (228 238 236) (232) (238 240) (241 236) (238 240) (243)
 (242 244 237) (228 245) (245 239) (245) (248) (239 240))