(NIL (1) (2) (2) (3 4) (5) (6) (7) (8) (7) 
(4) (9 11) (12) (10 13) (8) (9 10) (14 15) (17) (17) (3 11) 
(17) (16 21) (22) (14) (10 12) (24) (12) (23 24 27) (11) (19 22) 
(14) (22) (21) NIL (17 20) (10) (20 24) (26 28 35) (18 20 32) (30 31 37) 
(18 23 30) (37 38 39) (18) (36) (28) (27 30 32 43) (33 42) (38 40) (42) (18 25) 
(27 31) (34 47) (39) (25 30 49 52) (37 53) (26 41) (47 48 56) (29 54) (34 49) (15) 
(45 49 51 56) (31 46 54) (24 46 53) (33 49 60) (45 60 62) (57) (32 48) (9) (32 56) (36 40) 
(42 70) (65) (29 64 67) (28 63) (44 65) (48) (53) (28 29 36 60) (77) (47 51) 
(48) (54 68 76) (29 61 71) (46 82) (50 52 55) (33 76) (52 68 73 78) (31 58) (47 78) (46 66) 
(36 62 82) (41 51 64 86) (73) (53 58 81 91) (87) (59 94) (50 59 64 65) (53 60) (27) (41 70 91) 
(25 98) (97) (50 72 76 90) (41) (29 97) (50) (87 101) (100 105) (103) (25 69 79) 
(9) (68 97) (59 73 74) (39 104) (21) (91 115) (72 88) (58 76 89) (35 45 46) (96) 
(88) (113) (18 27) (36 79 81 104 117) (51 85 117) (109 111 116) (83 124) (59) (36 104 121) (84 110) 
(36 113) (67 99 104 125) (97) (74 121 123) (94 113) (75 110) (55 93) (59 80 82 109 117 136) (53 68 105) (6) 
(67 110) (64 114 119 132) (126) (120) (50 64 99 120) (105 113) (128 133) (68 70 89) (126 144) (69 132) )