(NIL (1) (2) (3) (3) (4) (6) (5) (7 8) (4 5) 
(7 8) (6 8) (11 12) NIL (1) (11 12 15) (16) (9 10 17) (7 15) (10) 
(9 17) NIL (11 19) (10 22) (12 19 20) (10 13 23) (26) (13 20) (28) (11 19) 
(25 26) (28) (9) (14 18 28 31) (26 29 30) (32 35) (7) (21 36) (30 31) (36) 
(29 37 39) (35) (38) (24 37 43) (11) (24 33 37 39 40) (29 32 34) (27 41 42 46 47) (14 36 39) (29 39) 
(38 40 42 49) (17 35) (33 40) (41 44) (29) (44 46) (10 21 23) (48 49 52) (25 43 55 57) (27 33 43) 
(47) (55) (55 56) (34 59) (57 58 63) (32 34) (50 54 60 64) (49 62) (65) (56 61) 
(34 50) (41 53) (21 28) (49 56) (43 53 61) (45 74) (41 70 74) (74) (63) (27 74) 
(45 75) (73) (69) (45 83) (49) (45 60 71) (77) (34 74) (14 60) (42 68 73) 
(62 72 79 84) (3) (45 54 79) (58 87) (94) (19 62) (76 80) (37) (38 47) (42 77) 
(79) (92 95) (66 83) (50 53 88) (62 88 94 98) (65 87 104) (24 41) (97 102) (53 82) (71 79 92 94 104) 
(108 110) (76 88 100) (51 64 66 69 78 85) (86) (41 79 88) (83 102) (49 62 73 101) (69) (72 114 116) (93) 
(62 80 118) (49 82) (54 62 74 86) (70) (83 107 114 115) (78 97 122) (24 57 98 114) (126) (27 96) (7 14) 
(45) (53 59 66 77) (125) (84 126) (62 74 120) (110) (51 111) (61 67 115) (100) (102 109) 
(90) (62 119) (60 75 121) (76 98) (53 102) (143) (82 99) (88) (114 146) (45 61) )