(NIL (1) (2) (3) (4) (5) (5) (6) (8) (8) 
(2) NIL (5 12) (9) (8 13) (9) (8) (7 10 11 13 16) (18) (10 15 16) 
(18) (9) (7 11 16) (20 21) (14 16) (14 15 18) (18) (21) (7 16) (19 22 24 26 27) 
(21 23 25) (11 17 20 25) (19 25 27 29) (14 23) (6) (19 20 34) (22 24 26 28) (33) (14 28) (32) 
(30 35 38) (22 29 36) (26) (19 43) (17 21 42) (19 37 40) (32 34 44) (12 22) (11 15) (23 30) 
(28) (40 45) (37 52) (49 50) (37) (19 20) (39 45 49) (20 25 28 35) (17) (36 58) 
(37) (38 46 47 56) (34 59) (35 53 59) (42 43) (33 35 45) (18 29) (6) (27 39 52) (30 35 38 39 48) 
(48 61 64 68) (36 46 47) (62 66 68) (35 62 67) (31 48 55) (22 58) (45 56 68) (46 64) (31 60) (25 50) 
(45 51) (12) (22 36) (34 58) (27 63 72) (78 82) (50 73) (35 81) (47 71) (50 51) 
(39 75) (27 29 39 44 75) (83 86) (11 13) (19 40 76) (85) (34 59 67 76) (62) (54 57 61 64 67) (77) 
(46 67) (81 82) (60 71) (44 57) (30 46) (37 40 54 67 79 104) (90 101) (76 80 85 94 107) (55 74 87 98 107) (89 90) 
(49 59 80) (52 74 108) (105) (66) (70 107) (54 64 92) (45 46 76 91) (73 99) (87 91 110) (32 56 57 60) 
(72 77 81 95) (41 43 53 91) (65 93 97 120) (51 56 85) (41 100 104 123) (73 84) (100 104) (38 59 67 79 92) (62 104 128) (39 71 93) 
(48 86 106 118) (69 131) (54 88 90 92 121 125) (48 105 125) (44 77 105) (15 17) (33 39) (67 85 87 104) (41 50 89) (74 104 107) 
(47 50) (67 70 87 92 96 102) (95 98 110 137) (57 102) (80 104 107) (72 75 83 102 110) (117 119 142) (63 67 77 84 117 120) (65 109 118) (91 141) )