(NIL (1) NIL (1 3) (2) (4) (3 5) (7) (6 8) (4 8) 
(4 7) (8) (6 7) (8 13) (14) (6 10 11) (8) (3) (10 13) (6 11 12) 
(12 14) (10 13 17 20) (9 14 22) (22) (15 20) (15 23) (19) (15 24) (19 24 26) (23 25 28) 
(14 24) (16 23 24) (23) (12) (10 21) (15 18 33) (25 26) (26 28) (30) (28 29) 
(29 33 39) (31) (27 30 42) (19 38) (19 21 22) (33 38) (32 41) (19 30 31 36) (34) (44) 
(35 45) (18 49 50) (39) (18 19 32 34) (48) (46 52) (31 39) (43 44 47 54) (48 52) (21 31 46) 
(59) (32) (46 51 53 58) (38 39 42) (15 33) (24) (56 58 61) (18) (34 44 62) (59 62 65) 
(36) (39 69) (21 55) (53 60 64 67) (2) (46 69) (37 53 67) (18 50 62) (58 59 76) (30 45 76) 
(16 18 24 51) (53 57 59 71) (48 62) (34 48 65) (77 82) (47 55 66 80) (53) (38 43) (84 87) (55 61) 
(87) (27 60) (26) (37 44) (78) (65 67 90) (35 74 86 92) (58 73) (95) (95 96) 
NIL (85) (55 68) (16 26) NIL (29 70 71) (34 55 71 83) (53 56 94) (61 63 70 103) (86 90 94) 
(45 73 79) (47 82 90 91 106) (55 75 78 101) (16 57) (54 69 106) (69 82 96) (53 100 114 115) (38 39) (79 103 107 108) (87 108) 
(66 112 118) (92 113) (64 83 93) (83 90 111) (21 67 82) (35 86 94 103) (97 119) (74 107 123) (83 94 111) (93 115) 
(18 20) (67 78 80 109) (45 47 103) (98) (51 127 128) (79 81) (31 94) (40) (42 46 75 84 112 114) (63 75 85 87 95 97 101 126) 
(122) (99 133) (85 138) (100 110) (107 111) (63 130) (87 97 146) (110 128 140) (72 118 133) (58 107 120 123) )