(NIL (1) (2) (3) (4) (5) (5) (6 7) (6 7) (8 9) 
(9) (10 11) (8 9) (10) (12 14) (8) (11 16) (12 17) (13 17) (12 17) 
(13 15 16) (21) (15 17) (13) (19 24) (18 25) (12 14) (22) (25 27) (18 22) 
(20 22 25 27) (19 21) (15 25) (6) (23 29 32) (31 34) (28 33) (37) (19) (18 33) 
(1) (20 26 27 28 40) (21 26) (38) (22) NIL (31 40) (18 37) (22 27) (31 33 35) 
(42 48) (30 45 51) NIL (36) (28 47) (42) (41 52) (35 54) (38 55) (48 59) 
(32 36 38 40) (20 37 43) (57 60) (35 37) (41 42 46 54) (41) (40 62) (39 48 49 66) (51 66) (35 59 68 69) 
(35 43 49 54 55) (29 65 68) (57) (32 72) (49 50 56) (29 46 66) (46 50) (45 47) (49) (23 48 55 61) 
(34 37) (20 38 76) (45 53) (29) (62 80 82) (35 65 73) (54 64 67 76 81) (35 59 72) (16) (57 74 87) 
(58 81 82 88 89) (31) (69 84 92) (30 91) (36 39 46 60 83) (82) (35 36 60 81 93) (59 84) (42 77 81) (64 94 96) 
(51 55 84) (44 60 84) (50 82 97) (54) (23 63 104) (72 76) (64 92) (32 52 55) (46 58 67 80 97) (62 86 105) 
(86 90 100) (87) (53 73 100) (50 90 93 108 110) (36 43 64 96) (85 86) (34 89) (21 39 89) (38 72 75) (34 75 77 93) 
(26 49 84) (103 117) (43 52 69 99) (56 58 83 122) (61 115 118) (57 65 79 101) (44 113) (79 86) (56 106 107 127) (90 94 108 109 124 128) 
(75 108 111 129) (97 123) (44 90) (111) (42 121) (127 128 133) (35 63 66 78) (77 98 114) (58 112 114 117) (104 134) 
(56 139) (109 134) (63 86) (71 88 106) (96) (42 76) (106 142) (139) (44 60 88) (106 128 133) )