(NIL (1) (2) (2) (3 4) (5) (6) (5) (7) (7 8) 
(10) (3 4) (9 10 12) (8 9) (11 13) (9) (11) (11 12 14) (16) (18) 
(20) (10 14) (18 19) (19 20) (23 24) (13) (20 22) (12) (16) (8 9 12) 
(15 27 29) (15 17 29) (28 32) (15 17 19 26) (26 31) (7) (18 28 32) (21 23) (33) (25 27 36) 
(16 18 36) (16 28) (31 36 39 42) (24 34) (24 43) (23 29 44) (34 35 38) (27 30 34 37 42) (30 31 32) (23 31 42) 
(45) (35) (15 27 36 38) (44) (26 37) (45) (15 38) (27 30) (47 48) (44 48 52) 
(25 32 41) (32 54 58) (17 31 42 58) (36 59) (47) (65) (39 64) (45 62) (27 38 61) (21 34 56) 
(9 36) (20 36 42) (41 64) (52 63) (15 21 29) (33 46 49 52) (39 49 50) (65 68) (21 23 37 58) (54 77) 
(33 55) (40 60 73 81) (58) (43 61) (36 50) (25 57) (44 67 81 83) (62 73) (39 46 50 82) (64 66) 
(90) (28 40) (41 68 79 81) (93) (86 88) (90) (76 84) (65 73 81) (71 90 95) (22 34 72) 
(42 53) (58 69 81 100) (60 99) (31 40 86) (74 103) (45 79 105) (38) (91 101) (49 55 69) (62 72 79 92 98) 
(43 91) (51 59 75 76 85) (81 112) (61 103 111) (111) NIL (62) (58 64 77) (51 56 65 71 102) (65) 
(63 67 95 101 120) (40 57 118) (45 62 96 120) (46 103) (86 91 112) (49 65) (98 103) (70) (75) (93 112) 
(35 93) (71 123) (109 123) (98 122) (74 78 92 102 113 115) (53 135) (44 98) (65) (10 16) (98 135) 
(85 100 103 116) (84 102 112 139) (114) (98 135) (33 104) (92 96 122) (50) (67 143) (134 139 140 144) (74 103) )