(NIL (1) (2) (2) (3 4) (3) (3 4) (6 7) (8) (5 7) 
(5 8) (5 8) (10 11) (13) (9 14) (14) (15) (12 16) (16) (17) 
(16) (9 11) (17 18) (16 20) (17) (10) (18 19 22 25) (25) (22 24 25) (18 25) 
(22 24) (19 28) (31 32) (19 20) (21 22 23 26 30 32 34) (30 32) (29 32 34) (15 21) (23 33) (12 15 16) 
(37) (39) (36 41) (39) (39 41) (34 36) (19 26) (21 27 33) (38 43 48) (27 35) 
(30 37 42) (23 33 43) (35 42) (52) (31 41 50) (44 46) (40 48 54) (49 50 51) (52) (45 57) 
(39 40) (53) (47 52 61) (29 61) (38 50 53 59 63) (42 63) (34 47) (51) (38 42 63) (51) 
(53) (23) (23 29) (7) (29 30 33 38 67) (21 63 73) (30 40) (53 56 76) (38 51 59 60) (56 58) 
(76 79) (57 69 73 75) (41) (45 59) (70 84) (54 58 74) (27 37 75) (82) (45 50 88) (37 42 48 50) 
(47) (12 25) (67 69) (46 55) (58) (53) (44) (60 73 74 85) (79) (57 69 73) 
(55 56 73 87) (21 46) (73 85 99) (67 79) (42 92) (36 51 71) (81) (60 62 88 90 105) (78 103 106) (30 40) 
(46 49 92) (12) (103) (83 97) (21 44) (69 77) (58 71 92 113) (89) (77 82 87 112 117) (86 103 108) 
(47 62) (92 96 98) (89 95) (117) (58 91) (86 94 116) (50) (62 103) (56 65 67) (113 123) 
(117) (72 112 116 124) (17) (68 94 103 118 121 133) (88) (56 110 120) (123 133) (88 117) (65 76) (121 132) 
(93 124 137) (27 52 68) (119) (57 83 101 121) (85) (94 118 132 135 139 141) (44 131 135 142) (104 109 111 124) (72 103 111) (110 126) )