(NIL (1) (1) (2 3) (4) (5) (6) (6) (8) (8) 
(7 9 10) (11) (12) (7 10) (14) (4) (11 15) (3) (13) (18 19) 
(11 15) (20) (19) (12) (15 23) (18 24) (15) (16 23) (22 24) (29) 
(21 22 27) (28) (27) (16 17 22) (27 29) (25 29) (24 34) (35 37) (15 32) (10 18) 
(32 38) (13 17) (38) (32 33 42) (16 26 29 40 42) (39 43 44) (22) (13) (25 30 42) (17 30 33) 
(46) (25 34 44) (31 46) (52) (17 36) (46) (30 38 47) (21 26 49) (26 49 54) (51 54) 
(12 33) (17 39) (54) (36 41) (53 59 60) (65) (36 51) (38 52 55) (64) (40 44 58) 
(15 26 30 47) (42 48 71) (31 62) (40 64 68) (56 62) (17 20) (49 63) (32 50) (41 46 62) (47 62) 
(48 51 64 76) (41 63 67) (48 52 57) (16 21 49) (48 56 57 63) (77) (64 85) (40 86 87) (13 21 61) (6) 
(87) (17 20) (24 28 47 92) (70 93) (40 50 81) (71 81 92) (56 82) (60 69 85 93) (54 56 92) (67 87 96) 
(39 59) (53 82 84 88 101) (82) (65 76) (41 68 77) (84) (30 67 92) (31 58 82 86 106) NIL (46) 
(95 102) (53 100) (61 100) (40 89 97) (35) (61 84 107) (22 39 61) (79 94 102 105 108) (47 65) (69 118) 
(44 115) (60 73 118) (59 60 61 62 110) (86 87 97) (73 118) (116) (70) (95 102 126) (31 38 45 59) (52 70 106) 
(46 70) (77 98) (46 64 80 86) (56 78 96 123) (41 45 119) (83 90 97 111 130) (90 132) (21 101 109) (51 58 109) (96) 
(80) (36 121 138 139) (120) (71 103 133 143) (82 83 131) (74 125 144) (77 85) (100 111 146) (47 77 123) (91 95 107 141) )