(NIL NIL NIL NIL (4 1) NIL (1 6) NIL (4 8) (1 8) (9 5 10) NIL (8 12) (6 12)
 (4 12) (13 9 15) (2 12) (1 12) (13 18 10) (14 18 7) (18 15 5) (11 19 21 16)
 NIL (23 12) (23 8) (24 13 25) (23 1) (24 18 27) (25 27 10) (29 26 19 28) NIL
 (31 23) (31 12) (24 33 32) (31 4) (33 15 35) (31 1) (37 32 27) (33 37 18)
 (34 38 39 28) (37 5 35) (36 39 21 41) NIL (43 31) (43 23) (44 32 45) (43 12)
 (33 44 47) (24 47 45) (34 48 49 46) (43 8) (25 51 45) (13 51 47) (26 52 49 53)
 (43 6) (14 55 47) (43 4) (57 44 35) (57 47 15) (36 58 59 48) (57 51 9)
 (59 53 16 61) (43 2) (17 63 47) (43 1) (65 44 37) (65 45 27) (66 67 38 46)
 (65 18 47) (69 39 48 66) (67 69 49 28) (68 71 40 50 70) (65 51 10)
 (29 73 67 52) (73 19 69 53) (30 75 71 54 74) (65 55 7) (77 56 20 69) (65 57 5)
 (66 58 79 41) (69 59 21 79) (81 80 60 70 42) (11 73 61 79) (81 75 83 22 62))