(NIL (1) NIL (3) (4 2) (4) (6 1) (7) (8) (9) (9 2) (11) (10 12 5) (11 5)
 (12 14) (15) (10 16) (13 16) (10 16) (19) (18 20) (21) (22) (17 22) (23 24)
 (24) (26 23) (25 27) (28) (26 23) (30) (29 31) (28 30) (33 32) (34) (33 32)
 (34 36) (37) (33 29) (35 38 39) (38 39) (41 40) (42) (43) (41 40) (44 45)
 (41 40) (42 47) (44 45 48) (49) (50) (50) (51 52 46) (53) (52 46) (53 55)
 (54 56) (56) (58) (54 56) (57 59 60) (61) (61) (63) (62 64) (62 63) (63)
 (65 66 67) (65 67) (68 69) (70) (70) (72) (73 71) (68 69) (73 75) (75 72)
 (76 77 71) (78) (78) (80) (81 74) (82 79) (83) (84) (85) (85) (87) (88) (89)
 (90) (91) (92) (93 86) (93) (86 95) (96) (86 95) (98 94 96) (97 98) (99 100)
 (101) (102) (103) (104) (105) (105) (107) (106 108) (107) (106 108 110)
 (109 111) (109 110) (106 107) (114 112) (113 115) (116) (116) (116) (119)
 (118 120) (121 117) (122) (118 119) (123 124) (125) (125) (126 127) (128)
 (122 124) (130 126 127) (131 128) (132) (132) (134) (133 134) (136) (137)
 (137 135) (138 139) (129 140) (129 137) (142 135) (141 143) (144) (145) (144)
 (147) (145 148) (145 147) (149 150) (146 149 150) (152) (153 151) (154)
 (153 151) (155 156) (157) (158) (155 156) (158 160) (157 160) (158 160)
 (162 163) (164 159) (165) (166) (165) (161 165) (169 166) (169 167) (164)
 (170 172) (171 173 168) (174) (175) (176) (177) (178) (179) (180) (177)
 (180 182) (183) (183) (181 182) (185 186 184) (177) (185 188) (189) (186 190)
 (191 184) (191) (193 187 192) (194) (195) (194) (197) (198) (195 198))