(NIL (1) (2) (2) (4) (3 5) (6) (7) (6) (9 7) (4) (9 11 8) (12) (10 12) (13 14)
 (15) (16) (17) (17) (19) (18 20) (18 20) (22) (21 23) (18 19) (25 22)
 (26 21 23) (26 21) (27 28 24) (28 23) (27 28 24) (30 31) (29 32) (29 32) (34)
 (32) (33 36) (35 36) (38) (39) (33 39) (41) (42 40) (43) (44 37) (45) (45)
 (44 37) (48) (49 47) (46 47 48) (51) (50 51) (46 48) (49 54) (52 53 54)
 (53 54) (57 52 55) (57 52 55) (57) (60 52) (58 60) (62 56) (61 63) (58 61)
 (59 65 63) (64 65) (67) (68) (64 59 65) (67 70) (69 71) (72) (73) (73) (75 66)
 (76) (77) (78) (76) (76) (74 81 78 80) (81 79) (83 80) (82 84) (85) (74 75 66)
 (82 87) (88) (89 79) (89 84) (89 86) (82 84 87) (90 92 93) (91 94) (91 93 86)
 (90 93 86) (97 91 94) (97 95 96) (98 99) (100) (101) (102) (103) (103) (102)
 (105 106) (107 104) (108) (109) (110) (109) (111 112) (113) (108) (113 115)
 (116) (117) (114 118) (119) (120) (120) (119) (121 122 123) (124) (125) (126)
 (127) (128) (127) (130) (131 128) (132) (133) (134) (135) (129 136) (129 135)
 (138 136) (131) (137 138 140) (141) (139 142) (143) (144) (143) (145 146)
 (147) (148) (147) (149 150) (151) (150) (153 152) (154) (154) (155 156) (157)
 (157) (158 159) (160) (161) (161) (163) (162 163) (165) (166) (167) (168)
 (169) (170 164) (170 164) (172) (169) (170 164 174) (171 175) (175)
 (177 171 173) (178 176) (177 171 172) (178 180) (181 176) (182) (179 183)
 (181) (185 179) (185 184) (179 181) (186 187 188) (189) (190) (190)
 (186 188 183) (193 192) (193 191) (194 195) (196) (196) (196) (197 199))