(NIL NIL (2) (3) (4) (2) (5 6 1) (7) (8) (9) (9) (11) (8) (7) (10 13 14)
 (12 15) (15) (17 12) (17 11) (17 12) (19 20) (21) (18 22) (18 20) (23 24)
 (23 24) (26 16) (26 16) (24 23 16) (25 28 29) (27 30) (29) (28 32) (31 32)
 (34) (33 35) (34) (33 35 37) (36 37) (38 39) (40) (31 32) (33 42 37) (43 40)
 (44) (41 45) (46) (47) (45) (49 48) (50) (44) (52) (41 49 53) (51 54) (55)
 (51 53) (57 55) (57 55) (59 56) (58 60) (61) (62) (62) (64) (65 63) (66) (66)
 (68) (68) (67 69 70) (67 69 70) (71 72) (72) (67 69 70) (74 75 71) (75 71 72)
 (77) (74 78) (73 76 79) (80) (81) (80) (83) (84) (84) (81 83) (86 87) (88)
 (89 85) (89 85) (82 91) (92) (90 93) (94) (95) (96) (95) (92) (99 95) (98 100)
 (97 101) (102) (103) (104) (97 101) (106 102) (107) (105 108) (109) (110)
 (111) (109) (108 103) (114 111) (113 114 110) (116 112) (117) (115 118)
 (115 118) (120) (121 119) (120) (123 119) (121 124) (125) (122 126) (122 124)
 (126 128) (121 124) (130 126) (129 131) (132) (132) (129 131) (129 130)
 (134 135 136) (134 136) (138 135) (139 127) (137 140) (141 133) (142) (143)
 (144) (142) (146) (147) (145 148) (145 147) (150) (148 150) (152) (153 151)
 (154) (154) (155 156) (157 149) (156 149) (157 159) (160) (161 158) (161)
 (156 149) (162 164) (165) (166) (162 163 164) (166 168) (169 167) (170) (170)
 (170) (171 172 173) (174) (175) (176) (176) (178) (177 179) (178) (179 181)
 (174) (181 183) (177 182 184) (185 180) (186) (185 180) (187 188) (189) (189)
 (190 191) (192) (193) (194) (193) (194 196) (195 197) (198) (199))