(NIL NIL (1 2) NIL (4 2) NIL (6 2) NIL (8 6) (4 8) (8 2) (7 11 9) (5 11 10)
 (8 1) (3 14 11) NIL (8 16) (6 16) (9 17 18) (4 16) (10 17 20) (2 16)
 (11 17 22) (7 18 22) (12 23 19 24) (5 20 22) (26 13 23 21) NIL (8 28) (4 28)
 (10 29 30) (28 2) (11 32 29) (5 32 30) (31 33 13 34) NIL (28 36) (16 36)
 (6 36) (38 18 39) (4 36) (41 37 30) (38 41 20) (2 36) (32 37 44) (38 22 44)
 (7 44 39) (40 46 47 24) (5 41 44) (45 42 49 34) (26 43 49 46) (1 36) (3 52 44)
 NIL (28 54) (16 54) (8 54) (55 57 29) (56 17 57) (6 54) (56 18 60) (60 9 57)
 (59 61 62 19) (4 54) (64 55 30) (56 64 20) (64 10 57) (31 67 65 58)
 (59 66 21 67) (2 54) (32 55 70) (56 22 70) (11 57 70) (71 73 33 58)
 (59 72 73 23) (60 70 7) (72 61 76 24) (73 62 12 76) (25 75 63 77 78) (5 64 70)
 (71 80 65 34) (26 80 66 72) (80 73 13 67) (68 81 74 83 35) (69 27 82 75 83)
 (1 54) (14 86 57) (3 86 70) (73 15 87 88) NIL (54 90) (36 90) (28 90)
 (91 55 93) (92 37 93) (16 90) (91 56 96) (92 38 96) (8 90) (91 99 57)
 (99 29 93) (101 100 58 94) (99 96 17) (59 100 97 103) (6 90) (91 60 105)
 (92 105 39) (96 18 105) (108 61 97 106) (40 108 98 107) (99 9 105)
 (100 62 111 106) (108 111 103 19) (109 112 63 113 104) (4 90) (91 115 64)
 (92 41 115) (115 93 30) (116 118 65 94) (95 42 117 118) (96 115 20)
 (116 121 97 66) (121 117 43 98) (99 115 10) (124 100 116 67) (31 124 101 118)
 (68 125 102 126 119) (121 124 103 21) (69 128 125 104 122) (2 90) (91 130 70)
 (92 130 44) (32 93 130) (71 131 133 94) (95 45 133 132) (96 22 130)
 (131 72 97 136) (46 98 136 132) (99 11 130) (131 139 100 73) (139 133 101 33)
 (140 141 74 102 134) (139 103 23 136) (140 143 75 137 104) (7 105 130)
 (131 145 76 106) (132 47 145 107) (108 136 145 24) (109 148 137 77 146)
 (147 148 110 48 138) (139 111 12 145) (140 146 112 151 78)
 (25 148 151 143 113) (79 114 144 149 152 153) (5 115 130) (131 80 116 155)
 (155 49 117 132) (155 133 118 34) (156 81 134 119 158) (157 158 135 50 120)
 (121 26 155 136) (122 82 161 137 156) (161 123 157 51 138) (139 155 124 13)
 (164 83 156 125 140) (164 141 158 126 35) (159 84 165 166 142 127)
 (164 27 143 161 128) (129 85 162 165 168 144) (1 90) (91 170 86) (92 170 52)
 (99 170 14) (100 173 171 87) (3 170 130) (131 171 175 88) (132 172 53 175)
 (139 15 173 175) (89 140 174 178 176) NIL (180 90) (180 54) (181 91 182)
 (180 36) (181 92 184) (28 180) (181 186 93) (182 55 186) (183 188 187 94)
 (184 37 186) (95 185 187 190) (180 16) (181 96 192) (182 192 56)
 (183 97 193 194) (38 184 192) (196 185 98 193) (8 180) (181 99 198)
 (182 57 198) (199 200 183 100) (186 29 198) (199 202 187 101) (202 200 188 58)
 (102 201 189 204 203) (17 192 198) (199 103 193 206) (59 200 206 194)
 (195 207 201 104 208) (180 6) (181 105 210) (182 210 60) (211 212 183 106)
 (184 210 39) (211 185 214 107) (210 192 18) (108 211 216 193) (212 61 216 194)
 (195 109 213 217 218) (40 196 214 216) (220 197 215 110 217) (210 9 198)
 (199 211 111 222) (200 62 222 212) (223 201 112 213 224) (222 216 19 206)
 (207 223 113 217 226) (208 226 63 224 218) (227 228 209 114 219 225) (4 180)
 (181 230 115) (182 64 230) (232 183 116 231) (184 230 41) (185 117 231 234)
 (186 230 30) (187 231 118 236) (232 188 65 236) (237 233 189 119 238)
 (42 236 190 234) (237 240 235 191 120) (230 192 20) (121 231 242 193)
 (232 242 66 194) (195 122 233 243 244) (196 43 234 242) (246 197 243 123 235)
 (230 10 198) (199 248 231 124) (200 232 248 67) (233 201 125 250 249)
 (31 248 202 236) (237 249 203 126 252) (68 238 252 204 250)
 (239 205 251 253 254 127) (248 242 21 206) (207 256 249 243 128)
 (208 244 250 256 69) (129 209 245 251 257 258) (180 2) (181 260 130)
 (182 260 70) (131 261 183 262) (184 260 44) (261 132 185 264) (186 32 260)
 (261 187 133 266) (71 262 188 266) (263 134 189 267 268) (45 264 190 266)
 (265 135 267 191 270) (260 192 22) (261 272 136 193) (72 262 272 194)
 (195 263 273 274 137) (196 264 272 46) (273 197 276 265 138) (11 260 198)
 (199 139 261 278) (200 73 278 262) (280 140 201 279 263) (278 202 33 266)
 (141 203 279 267 282) (280 74 282 204 268) (281 283 284 142 269 205)
 (278 272 23 206) (207 273 279 143 286) (208 280 75 274 286)
 (209 281 287 288 144 275) (7 260 210) (211 261 290 145) (212 290 76 262)
 (213 292 263 291 146) (47 214 290 264) (147 265 215 291 294) (272 290 216 24)
 (148 296 273 291 217) (296 292 274 77 218) (293 297 298 219 149 275)
 (296 220 48 294 276) (277 295 297 300 221 150) (278 222 12 290)
 (151 279 223 291 302) (292 302 280 224 78) (281 293 303 304 152 225)
 (25 286 296 302 226) (227 287 297 303 306 153) (79 228 288 298 304 306)
 (229 289 299 308 305 307 154) (5 230 260) (155 261 231 310) (80 232 310 262)
 (156 263 312 233 311) (310 264 49 234) (157 265 311 235 314) (310 266 34 236)
 (237 311 158 267 316) (238 81 312 316 268) (313 317 318 239 269 159)
 (270 240 50 316 314) (160 315 317 320 241 271) (26 272 242 310)
 (311 273 161 243 322) (312 322 82 274 244) (313 162 323 324 245 275)
 (246 322 314 51 276) (277 315 163 323 326 247) (278 248 13 310)
 (164 279 328 249 311) (312 280 83 250 328) (313 165 329 330 251 281)
 (328 316 282 35 252) (283 317 166 329 332 253) (84 284 318 330 332 254)
 (285 319 167 331 333 334 255) (286 27 256 322 328) (287 168 323 329 336 257)
 (85 288 324 330 336 258) (289 169 325 331 337 338 259) NIL (340 180) (340 90)
 (181 342 341) (340 54) (182 344 341) (91 342 344) (343 345 183 346) (340 28)
 (186 341 348) (342 93 348) (349 350 343 187) (344 55 348) (349 352 188 345)
 (350 352 346 94) (353 351 189 354 347) (340 16) (356 341 192) (342 96 356)
 (343 357 358 193) (56 356 344) (357 360 345 194) (360 97 346 358)
 (195 361 359 347 362) (340 8) (364 341 198) (342 364 99) (199 343 365 366)
 (344 364 57) (200 365 345 368) (100 368 346 366) (369 370 201 367 347)
 (364 29 348) (349 202 365 372) (350 101 372 366) (373 351 203 374 367)
 (352 368 372 58) (369 373 353 204 376) (370 376 102 354 374)
 (371 375 377 378 355 205) (356 17 364) (365 380 357 206) (366 380 358 103)
 (207 381 367 359 382) (59 368 380 360) (361 208 369 381 384)
 (362 384 382 104 370) (209 371 383 385 386 363) (340 6) (388 341 210)
 (342 388 105) (211 343 389 390) (60 344 388) (212 345 389 392)
 (392 346 106 390) (393 394 213 391 347) (356 18 388) (389 396 357 216)
 (108 396 358 390) (391 397 217 359 398) (61 392 396 360) (361 393 400 397 218)
 (362 394 400 398 109) (395 399 401 402 219 363) (364 9 388) (389 222 365 404)
 (111 366 404 390) (405 223 391 367 406) (62 404 392 368) (369 393 405 224 408)
 (370 408 112 406 394) (371 407 409 410 395 225) (380 404 19 396)
 (397 412 381 405 226) (398 406 382 412 113) (227 383 399 407 413 414)
 (400 63 412 408 384) (228 401 409 385 413 416) (114 402 410 386 414 416)
 (417 418 229 403 411 387 415) (340 4) (230 341 420) (342 115 420)
 (421 422 343 231) (344 64 420) (421 424 232 345) (422 424 116 346)
 (425 423 233 426 347) (420 30 348) (349 421 428 236) (350 428 118 422)
 (237 429 351 423 430) (424 352 65 428) (425 238 432 353 429)
 (430 432 354 119 426) (427 239 433 434 355 431) (356 20 420) (421 357 242 436)
 (121 422 358 436) (437 438 423 243 359) (436 424 66 360) (361 437 440 425 244)
 (362 440 426 438 122) (427 245 439 441 442 363) (364 10 420) (421 248 365 444)
 (422 124 366 444) (445 446 423 249 367) (444 424 67 368) (369 445 448 425 250)
 (370 448 125 426 446) (427 371 251 447 449 450) (31 444 372 428)
 (429 445 452 373 252) (430 452 374 446 126) (453 454 431 375 253 447)
 (68 452 448 432 376) (453 456 433 377 254 449) (454 456 434 378 450 127)
 (455 457 458 435 379 255 451) (444 380 21 436) (437 445 256 381 460)
 (438 460 382 446 128) (461 462 439 383 447 257) (460 69 448 440 384)
 (461 464 441 385 449 258) (129 462 464 442 386 450)
 (463 465 466 259 443 387 451) (340 2) (468 341 260) (342 468 130)
 (261 469 343 470) (468 344 70) (469 262 472 345) (131 470 472 346)
 (263 473 471 347 474) (468 32 348) (349 469 266 476) (350 133 476 470)
 (477 478 351 471 267) (71 472 352 476) (477 473 480 353 268)
 (478 480 134 354 474) (475 479 481 482 355 269) (356 22 468) (469 272 357 484)
 (470 484 358 136) (485 486 471 273 359) (72 484 472 360) (361 485 488 473 274)
 (362 488 474 137 486) (475 487 489 490 363 275) (11 364 468) (469 278 365 492)
 (139 470 366 492) (493 494 279 471 367) (492 73 472 368) (369 493 496 280 473)
 (370 496 474 494 140) (281 475 371 495 497 498) (492 372 33 476)
 (477 493 373 282 500) (478 141 500 374 494) (501 502 283 479 375 495)
 (496 500 480 74 376) (501 504 284 481 377 497) (502 504 482 378 142 498)
 (503 505 506 285 483 379 499) (492 380 23 484) (485 286 381 493 508)
 (486 508 143 382 494) (509 510 287 487 383 495) (508 496 488 75 384)
 (512 509 288 489 385 497) (510 512 144 386 498 490)
 (289 511 513 514 491 387 499) (7 388 468) (469 389 290 516) (470 390 145 516)
 (517 518 471 291 391) (516 472 76 392) (393 517 520 473 292)
 (394 520 518 474 146) (475 395 293 519 521 522) (516 484 396 24)
 (485 517 296 397 524) (148 524 518 398 486) (519 399 487 297 525 526)
 (520 524 488 77 400) (401 521 298 525 489 528) (402 490 526 149 528 522)
 (491 299 403 523 527 529 530) (516 404 12 492) (493 302 405 517 532)
 (494 532 151 406 518) (533 534 519 407 303 495) (520 532 496 78 408)
 (533 536 521 409 304 497) (534 536 498 522 410 152)
 (535 537 538 523 411 305 499) (25 524 412 532 508) (533 540 509 525 413 306)
 (534 540 510 526 414 153) (535 541 542 511 415 527 307)
 (79 536 540 512 528 416) (417 537 541 544 513 529 308)
 (418 538 542 544 514 530 154) (309 419 539 543 545 546 515 531) (5 468 420)
 (421 310 469 548) (155 422 548 470) (549 550 423 471 311) (80 472 424 548)
 (549 473 312 425 552) (550 156 552 426 474) (313 427 475 551 553 554)
 (476 548 34 428) (429 477 549 556 316) (550 430 158 556 478)
 (317 431 551 557 558 479) (480 81 432 552 556) (318 481 553 557 433 560)
 (159 434 482 554 558 560) (319 483 435 555 559 561 562) (26 484 548 436)
 (437 485 549 322 564) (550 438 564 161 486) (565 566 487 323 439 551)
 (488 440 552 82 564) (565 568 441 324 489 553) (566 568 162 490 554 442)
 (567 569 443 555 325 491 570) (492 13 548 444) (445 493 549 328 572)
 (550 446 572 494 164) (573 574 551 329 447 495) (496 448 83 552 572)
 (573 449 576 553 330 497) (574 165 576 498 554 450)
 (555 575 577 578 451 331 499) (500 556 572 35 452) (453 501 573 580 332 557)
 (454 502 574 166 580 558) (455 575 503 581 582 333 559)
 (504 84 576 580 456 560) (457 577 581 505 584 334 561)
 (458 167 578 582 584 562 506) (459 507 579 583 585 586 335 563)
 (27 508 564 572 460) (565 461 573 509 588 336) (566 510 462 168 574 588)
 (567 511 463 589 590 337 575) (576 85 512 568 588 464)
 (569 513 577 589 465 592 338) (570 578 169 466 590 592 514)
 (571 467 515 579 591 593 594 339) (340 1) (342 596 170) (596 344 86)
 (171 597 346 598) (14 596 364) (597 173 366 600) (600 598 87 368)
 (601 370 174 599 602) (3 596 468) (470 604 597 175) (604 472 598 88)
 (606 605 474 599 176) (604 15 600 492) (601 494 608 605 178)
 (89 602 496 606 608) (609 610 179 603 498 607) NIL (612 340) (612 180)
 (613 341 614) (612 90) (342 613 616) (181 616 614) (343 617 618 615) (612 54)
 (613 344 620) (182 614 620) (621 622 345 615) (91 616 620) (621 624 617 346)
 (622 183 624 618) (623 625 347 619 626) (612 28) (613 628 348) (186 614 628)
 (349 629 615 630) (616 93 628) (629 350 632 617) (630 187 632 618)
 (351 633 631 619 634) (628 55 620) (621 629 352 636) (622 188 636 630)
 (637 638 623 353 631) (632 624 636 94) (637 633 640 625 354)
 (638 640 189 626 634) (639 641 642 627 355 635) (612 16) (644 613 356)
 (644 614 192) (645 357 646 615) (644 96 616) (645 617 358 648)
 (648 618 193 646) (649 650 647 359 619) (56 644 620) (621 652 645 360)
 (622 652 646 194) (361 623 653 654 647) (652 97 624 648) (649 362 625 653 656)
 (195 650 656 626 654) (651 655 657 658 363 627) (612 6) (613 388 660)
 (660 614 210) (661 389 662 615) (616 105 660) (661 617 390 664)
 (211 664 618 662) (665 663 391 619 666) (60 660 620) (621 668 661 392)
 (622 668 662 212) (393 623 669 670 663) (624 668 106 664)
 (665 394 625 669 672) (666 213 672 626 670) (395 671 673 674 667 627)
 (644 18 660) (661 396 645 676) (662 676 646 216) (677 397 663 647 678)
 (108 664 676 648) (649 665 677 398 680) (650 680 678 217 666)
 (651 667 399 679 681 682) (61 652 676 668) (669 684 653 677 400)
 (678 670 684 654 218) (655 671 401 679 685 686) (109 672 680 684 656)
 (657 673 402 681 685 688) (658 674 219 682 686 688)
 (689 690 659 403 675 683 687) (612 4) (613 692 420) (230 614 692)
 (421 693 615 694) (115 616 692) (693 422 696 617) (694 231 696 618)
 (423 697 695 619 698) (692 64 620) (621 693 424 700) (700 622 232 694)
 (701 702 623 425 695) (116 696 624 700) (701 697 704 625 426)
 (702 704 233 626 698) (427 699 703 705 706 627) (692 30 628) (629 693 708 428)
 (630 708 694 236) (429 709 631 695 710) (696 632 118 708)
 (709 430 712 633 697) (237 710 712 634 698) (711 713 714 431 699 635)
 (708 700 65 636) (637 701 709 432 716) (710 638 716 702 238)
 (639 717 718 433 711 703) (704 640 712 119 716) (713 717 720 434 641 705)
 (714 718 239 720 706 642) (715 643 719 721 722 435 707) (644 20 692)
 (693 724 645 436) (694 724 646 242) (437 725 695 647 726) (121 696 724 648)
 (649 438 725 728 697) (650 728 698 243 726) (651 727 439 729 730 699)
 (652 724 66 700) (701 725 440 653 732) (726 702 732 654 244)
 (655 727 441 733 734 703) (122 704 728 732 656) (657 729 442 733 736 705)
 (658 245 730 734 736 706) (731 659 443 735 737 738 707) (612 2) (613 740 468)
 (740 614 260) (469 741 615 742) (616 740 130) (741 470 744 617)
 (261 742 744 618) (471 745 743 619 746) (70 740 620) (621 741 472 748)
 (622 742 748 262) (749 750 623 473 743) (131 624 744 748)
 (749 745 752 625 474) (750 263 752 626 746) (475 747 751 753 754 627)
 (32 740 628) (629 741 756 476) (630 756 266 742) (477 757 631 743 758)
 (133 632 744 756) (757 478 760 633 745) (758 760 634 267 746)
 (747 479 759 761 762 635) (71 748 756 636) (637 749 480 757 764)
 (638 750 758 764 268) (639 751 481 759 765 766) (640 760 764 134 752)
 (641 753 482 761 765 768) (642 754 762 269 766 768)
 (643 755 483 763 767 769 770) (644 22 740) (741 772 645 484) (742 272 646 772)
 (485 773 743 647 774) (744 136 772 648) (649 486 776 745 773)
 (650 776 273 746 774) (775 777 778 747 651 487) (72 652 772 748)
 (749 773 488 653 780) (750 774 780 654 274) (775 655 781 782 751 489)
 (752 776 780 137 656) (777 657 784 753 781 490) (778 658 784 754 782 275)
 (779 659 785 786 755 491 783) (7 660 740) (741 788 661 516) (742 788 662 290)
 (517 789 743 663 790) (744 788 145 664) (665 518 792 745 789)
 (666 792 746 291 790) (747 667 519 791 793 794) (668 788 76 748)
 (749 789 520 669 796) (750 790 796 670 292) (751 671 791 521 797 798)
 (146 792 796 752 672) (753 673 793 522 797 800) (754 293 674 794 798 800)
 (523 755 675 795 799 801 802) (676 788 772 24) (773 789 804 677 524)
 (774 296 804 678 790) (805 806 775 791 679 525) (148 776 792 804 680)
 (805 808 777 793 681 526) (806 808 778 297 794 682)
 (807 809 810 779 795 683 527) (684 796 804 77 780) (805 812 781 797 528 685)
 (806 812 782 298 798 686) (807 813 814 783 799 529 687)
 (808 812 784 149 800 688) (689 809 813 816 785 801 530)
 (690 810 814 816 786 299 802) (691 811 815 817 818 787 531 803) (5 740 692)
 (693 741 820 548) (694 742 820 310) (549 821 695 743 822) (155 696 744 820)
 (821 550 824 697 745) (822 311 824 698 746) (747 823 551 825 826 699)
 (820 80 748 700) (701 749 552 821 828) (828 702 312 822 750)
 (751 823 553 829 830 703) (824 156 704 752 828) (753 825 554 829 832 705)
 (313 754 826 830 832 706) (555 755 827 831 833 834 707) (820 756 34 708)
 (709 757 836 821 556) (710 758 836 822 316) (837 838 711 759 823 557)
 (824 836 712 760 158) (837 840 713 761 825 558) (838 840 714 317 826 762)
 (839 841 763 715 827 559 842) (828 836 81 764 716) (837 844 717 829 765 560)
 (838 318 844 718 830 766) (839 845 846 719 831 561 767)
 (840 159 768 844 720 832) (841 845 833 848 721 769 562)
 (842 846 319 848 722 770 834) (843 847 849 850 723 835 563 771)
 (820 26 772 724) (725 773 852 821 564) (726 852 822 322 774)
 (565 775 823 853 854 727) (824 852 728 161 776) (566 777 853 856 729 825)
 (778 323 854 856 826 730) (567 731 779 855 857 858 827) (828 852 82 780 732)
 (568 781 853 829 860 733) (782 860 324 854 830 734)
 (569 783 855 861 862 735 831) (736 162 784 856 860 832)
 (570 833 785 857 861 864 737) (786 738 325 858 862 864 834)
 (571 787 739 859 863 865 866 835) (612 1) (868 613 596) (868 170 616)
 (597 617 870 869) (868 86 620) (621 869 598 872) (171 624 870 872)
 (873 874 625 871 599) (3 868 740) (741 876 604 869) (876 744 870 175)
 (605 745 878 871 877) (872 876 88 748) (749 873 877 606 880)
 (880 874 752 878 176) (875 753 879 881 882 607))