(NIL NIL (1 2) NIL (2 4) (1 4) (5 3 6) NIL (4 8) (2 8) (9 5 10) (1 8) (9 6 12)
 (3 10 12) (11 13 7 14) NIL (8 16) (4 16) (17 9 18) (2 16) (17 10 20) (5 18 20)
 (19 21 11 22) (1 16) (17 12 24) (18 24 6) (25 26 19 13) (3 20 24)
 (25 28 21 14) (26 7 28 22) (27 29 15 23 30) NIL (16 32) (8 32) (33 17 34)
 (4 32) (33 18 36) (9 34 36) (35 37 19 38) (2 32) (33 20 40) (34 40 10)
 (41 42 35 21) (5 36 40) (41 44 37 22) (42 11 44 38) (43 45 23 39 46) (1 32)
 (33 48 24) (34 12 48) (25 49 35 50) (6 36 48) (49 26 52 37) (50 52 13 38)
 (27 53 51 39 54) (3 48 40) (41 49 28 56) (42 56 14 50) (57 58 43 29 51)
 (52 7 44 56) (57 53 60 45 30) (58 60 46 15 54) (55 59 61 62 47 31) NIL (64 32)
 (64 16) (65 33 66) (64 8) (65 34 68) (17 66 68) (67 69 35 70) (64 4)
 (65 36 72) (66 72 18) (73 74 67 37) (9 68 72) (73 76 69 38) (74 19 76 70)
 (75 77 39 71 78) (64 2) (65 80 40) (66 20 80) (41 81 67 82) (10 68 80)
 (81 42 84 69) (82 84 21 70) (43 85 83 71 86) (5 80 72) (73 81 44 88)
 (74 88 22 82) (89 90 75 45 83) (11 76 84 88) (89 85 92 77 46) (90 92 78 23 86)
 (87 91 93 94 79 47) (64 1) (65 96 48) (66 96 24) (49 97 67 98) (12 68 96)
 (97 50 100 69) (25 98 100 70) (51 101 99 71 102) (6 96 72) (73 97 52 104)
 (74 104 98 26) (105 106 75 53 99) (100 76 13 104) (105 101 108 77 54)
 (106 27 108 78 102) (55 79 103 107 109 110) (3 96 80) (81 97 112 56)
 (82 28 112 98) (57 113 83 99 114) (100 84 14 112) (113 58 116 85 101)
 (114 116 29 86 102) (115 117 118 87 59 103) (112 7 104 88) (89 105 113 60 120)
 (90 120 30 114 106) (115 121 122 91 61 107) (108 116 92 15 120)
 (117 121 124 93 62 109) (118 122 124 94 110 31) (119 123 125 126 63 95 111)
 NIL (64 128) (32 128) (65 130 129) (16 128) (66 132 129) (33 130 132)
 (131 133 67 134) (8 128) (68 129 136) (130 136 34) (137 138 131 69)
 (17 132 136) (137 140 133 70) (138 35 140 134) (139 141 71 135 142) (4 128)
 (144 129 72) (130 36 144) (73 145 131 146) (18 132 144) (145 74 148 133)
 (146 148 37 134) (75 149 147 135 150) (9 144 136) (137 145 76 152)
 (138 152 38 146) (153 154 139 77 147) (19 140 148 152) (153 149 156 141 78)
 (154 156 142 39 150) (79 143 151 155 157 158) (2 128) (160 129 80)
 (130 160 40) (81 161 131 162) (20 132 160) (161 82 164 133) (41 162 164 134)
 (83 165 163 135 166) (10 160 136) (137 161 84 168) (162 138 168 42)
 (169 170 139 85 163) (140 21 164 168) (169 165 172 141 86)
 (170 43 172 142 166) (87 143 167 171 173 174) (5 160 144) (145 161 176 88)
 (146 44 176 162) (89 177 147 163 178) (148 164 22 176) (177 90 165 180 149)
 (178 180 45 150 166) (179 181 182 151 91 167) (11 168 176 152)
 (153 169 92 177 184) (154 184 46 178 170) (179 185 186 93 155 171)
 (156 172 180 23 184) (181 185 157 188 94 173) (182 186 188 174 158 47)
 (183 187 189 190 95 175 159) (1 128) (192 129 96) (130 192 48)
 (97 193 131 194) (192 132 24) (193 98 196 133) (49 194 196 134)
 (99 197 195 135 198) (192 12 136) (137 193 100 200) (138 200 194 50)
 (201 202 139 101 195) (25 196 140 200) (201 197 204 141 102)
 (202 51 204 142 198) (103 143 199 203 205 206) (6 192 144) (145 193 208 104)
 (146 208 52 194) (105 209 147 195 210) (26 196 148 208) (197 106 212 149 209)
 (210 212 53 150 198) (211 213 151 199 107 214) (208 200 13 152)
 (153 201 108 216 209) (154 210 216 54 202) (211 217 218 155 109 203)
 (212 27 156 204 216) (213 217 157 220 205 110) (214 55 218 220 206 158)
 (215 219 221 222 111 159 207) (3 192 160) (161 193 224 112) (162 224 194 56)
 (113 225 163 195 226) (28 196 164 224) (197 114 228 165 225)
 (57 226 228 166 198) (115 167 227 229 230 199) (224 200 14 168)
 (169 201 116 232 225) (170 232 226 202 58) (117 227 233 234 171 203)
 (228 204 172 29 232) (118 173 229 233 236 205) (59 206 230 234 236 174)
 (119 175 231 235 237 238 207) (224 7 208 176) (177 209 240 225 120)
 (178 60 226 240 210) (241 242 179 121 211 227) (212 180 30 228 240)
 (241 244 181 122 229 213) (242 244 182 61 230 214)
 (243 245 183 215 123 231 246) (232 216 240 15 184) (241 248 185 124 217 233)
 (242 248 186 62 218 234) (243 249 250 187 125 235 219)
 (188 248 220 244 236 31) (245 249 189 252 221 126 237)
 (246 250 252 190 63 222 238) (247 251 253 254 223 127 239 191) NIL (128 256)
 (64 256) (257 129 258) (32 256) (257 130 260) (65 260 258) (131 261 262 259)
 (16 256) (257 132 264) (66 258 264) (265 266 133 259) (33 260 264)
 (265 268 261 134) (266 67 268 262) (267 269 135 263 270) (8 256) (257 272 136)
 (68 258 272) (137 273 259 274) (34 260 272) (273 138 276 261) (274 276 69 262)
 (139 277 275 263 278) (17 272 264) (265 273 140 280) (266 280 70 274)
 (281 282 267 141 275) (276 35 268 280) (281 277 284 269 142)
 (282 284 270 71 278) (143 279 283 285 286 271) (4 256) (257 288 144)
 (288 258 72) (145 289 259 290) (260 36 288) (289 146 292 261) (73 290 292 262)
 (147 293 291 263 294) (18 288 264) (265 289 148 296) (266 296 290 74)
 (297 298 267 149 291) (268 37 292 296) (297 293 300 269 150)
 (298 75 300 270 294) (295 299 301 302 151 271) (9 288 272) (273 289 304 152)
 (274 76 304 290) (153 305 275 291 306) (292 276 38 304) (305 154 293 277 308)
 (306 308 77 278 294) (295 307 309 310 279 155) (19 296 304 280)
 (281 297 156 305 312) (282 312 78 306 298) (299 307 313 314 283 157)
 (308 284 300 39 312) (301 309 313 316 285 158) (302 79 310 314 316 286)
 (303 287 311 315 317 318 159) (2 256) (257 320 160) (320 258 80)
 (161 321 259 322) (260 320 40) (321 162 324 261) (81 322 324 262)
 (163 325 323 263 326) (20 320 264) (265 321 164 328) (266 328 322 82)
 (329 330 267 165 323) (41 268 324 328) (329 325 332 269 166)
 (330 83 332 270 326) (327 167 331 333 334 271) (10 320 272) (273 321 336 168)
 (274 84 336 322) (169 337 275 323 338) (42 276 324 336) (337 170 325 277 340)
 (338 340 85 278 326) (339 341 279 327 171 342) (328 21 336 280)
 (281 329 172 337 344) (282 338 344 86 330) (339 345 346 283 173 331)
 (43 284 332 340 344) (341 345 285 348 333 174) (342 87 346 348 334 286)
 (343 347 349 350 287 175 335) (5 320 288) (289 321 352 176) (290 352 322 88)
 (177 353 291 323 354) (44 292 324 352) (353 178 325 293 356)
 (89 354 356 294 326) (179 295 355 357 358 327) (328 22 352 296)
 (297 329 180 353 360) (298 354 360 330 90) (181 299 355 361 362 331)
 (300 45 332 356 360) (182 301 357 361 364 333) (91 302 358 362 364 334)
 (183 303 359 363 365 366 335) (11 336 352 304) (305 337 368 353 184)
 (306 354 92 368 338) (369 370 339 185 307 355) (308 368 46 340 356)
 (369 372 341 186 357 309) (370 372 342 93 358 310)
 (371 373 311 343 187 359 374) (344 360 368 23 312) (369 376 345 188 361 313)
 (370 376 346 94 362 314) (371 377 378 347 189 363 315)
 (364 376 348 372 316 47) (373 377 317 380 349 190 365)
 (374 378 380 350 95 318 366) (375 379 381 382 351 191 319 367) (1 256)
 (257 384 192) (384 258 96) (193 385 259 386) (260 384 48) (385 194 388 261)
 (97 386 388 262) (195 389 387 263 390) (24 384 264) (265 385 196 392)
 (386 266 392 98) (393 394 267 197 387) (49 268 388 392) (393 389 396 269 198)
 (394 99 396 270 390) (199 391 395 397 398 271) (12 384 272) (273 385 400 200)
 (274 100 400 386) (201 401 275 387 402) (50 276 388 400) (401 202 389 404 277)
 (402 404 101 278 390) (403 279 405 406 391 203) (25 392 400 280)
 (281 393 204 401 408) (282 408 402 102 394) (403 409 410 283 205 395)
 (51 284 396 404 408) (405 409 285 412 397 206) (406 410 412 398 103 286)
 (407 411 413 414 287 207 399) (6 384 288) (289 385 416 208) (386 290 416 104)
 (209 417 291 387 418) (52 292 388 416) (417 210 389 420 293)
 (105 418 420 294 390) (211 295 419 421 422 391) (26 392 416 296)
 (297 393 212 417 424) (394 298 424 418 106) (213 299 419 425 426 395)
 (300 53 420 396 424) (214 301 421 425 428 397) (302 422 426 107 428 398)
 (215 303 423 427 429 430 399) (400 13 416 304) (305 401 417 432 216)
 (306 108 418 432 402) (433 434 403 217 419 307) (404 420 308 54 432)
 (433 436 405 218 309 421) (434 436 406 422 109 310)
 (435 437 423 407 219 311 438) (432 27 408 424 312) (433 440 409 220 425 313)
 (434 440 410 426 314 110) (435 441 442 411 221 315 427)
 (436 55 440 412 428 316) (437 441 317 444 413 222 429)
 (438 442 444 414 318 430 111) (439 443 445 446 223 415 319 431) (3 384 320)
 (321 385 448 224) (386 322 448 112) (225 449 323 387 450) (324 388 448 56)
 (449 226 389 452 325) (113 450 452 326 390) (327 227 451 453 454 391)
 (28 392 448 328) (329 393 228 449 456) (394 330 450 456 114)
 (451 229 457 458 331 395) (57 332 396 452 456) (333 453 230 457 460 397)
 (115 398 454 458 460 334) (231 335 455 459 461 462 399) (400 14 448 336)
 (337 401 464 449 232) (338 450 116 464 402) (465 466 339 403 451 233)
 (58 340 404 452 464) (465 468 405 341 453 234) (466 468 117 342 454 406)
 (467 469 343 407 455 235 470) (464 408 29 456 344) (465 472 345 409 457 236)
 (466 118 472 346 410 458) (467 473 474 347 459 237 411)
 (412 472 59 348 468 460) (469 473 349 476 413 461 238)
 (470 119 474 476 350 414 462) (471 475 477 478 351 415 239 463)
 (7 416 448 352) (353 417 480 449 240) (354 450 480 418 120)
 (241 419 451 481 482 355) (60 356 420 452 480) (242 453 481 484 421 357)
 (422 121 482 484 454 358) (243 423 359 483 485 486 455) (480 424 30 456 360)
 (244 481 425 488 361 457) (122 488 482 458 362 426)
 (245 483 427 489 490 459 363) (428 61 484 460 488 364)
 (246 461 365 485 489 492 429) (123 366 430 486 490 492 462)
 (247 431 367 487 491 493 494 463) (464 432 480 15 368)
 (369 433 248 465 481 496) (370 466 434 124 482 496)
 (497 498 467 249 435 371 483) (372 436 468 62 484 496)
 (497 500 373 250 485 437 469) (498 438 500 470 125 486 374)
 (499 501 439 471 251 375 487 502) (440 472 376 488 31 496)
 (497 504 377 252 441 489 473) (498 504 378 126 474 490 442)
 (499 505 506 475 253 443 491 379) (504 500 380 444 63 476 492)
 (501 381 505 477 508 445 254 493) (502 506 508 478 127 382 446 494)
 (383 503 255 507 509 510 447 479 495) NIL (128 512) (64 512) (513 129 514)
 (32 512) (513 516 130) (65 516 514) (515 517 131 518) (16 512) (513 132 520)
 (66 520 514) (515 521 133 522) (33 520 516) (517 521 524 134) (518 67 524 522)
 (519 525 523 135 526) (8 512) (513 528 136) (528 68 514) (515 137 529 530)
 (34 528 516) (517 138 532 529) (518 532 69 530) (533 519 531 139 534)
 (17 528 520) (521 529 140 536) (522 536 70 530) (537 538 523 141 531)
 (532 35 524 536) (537 533 540 525 142) (538 540 526 71 534)
 (527 535 539 541 542 143) (4 512) (513 544 144) (72 544 514) (515 145 545 546)
 (36 544 516) (517 146 548 545) (73 518 548 546) (547 519 549 147 550)
 (18 544 520) (521 545 148 552) (522 546 552 74) (553 554 523 149 547)
 (524 37 548 552) (553 549 556 525 150) (554 75 556 526 550)
 (527 551 555 557 558 151) (9 544 528) (529 545 560 152) (530 76 560 546)
 (153 561 531 547 562) (532 38 548 560) (561 154 564 533 549)
 (562 564 77 534 550) (535 551 563 565 566 155) (19 552 560 536)
 (537 553 156 561 568) (538 562 568 78 554) (539 563 569 570 157 555)
 (540 564 568 39 556) (541 557 565 569 572 158) (542 79 558 566 570 572)
 (559 543 567 571 573 574 159) (1 512) (513 576 192) (576 96 514)
 (515 193 577 578) (576 48 516) (517 194 580 577) (97 518 580 578)
 (581 519 579 195 582) (576 24 520) (521 577 196 584) (522 584 578 98)
 (585 586 523 197 579) (49 580 524 584) (585 581 588 525 198)
 (586 99 588 526 582) (199 527 583 587 589 590) (576 12 528) (529 577 592 200)
 (592 530 100 578) (201 593 531 579 594) (580 50 532 592) (593 202 596 533 581)
 (594 596 101 534 582) (595 597 598 535 583 203) (25 592 584 536)
 (537 585 204 600 593) (538 594 600 102 586) (595 601 602 539 587 205)
 (588 596 51 540 600) (597 601 604 541 589 206) (598 602 604 542 103 590)
 (599 603 605 606 543 207 591) (6 576 544) (545 577 608 208) (546 608 578 104)
 (209 609 547 579 610) (580 52 548 608) (609 210 612 549 581)
 (105 610 612 550 582) (211 551 611 613 614 583) (26 584 608 552)
 (553 585 212 616 609) (554 616 586 610 106) (213 555 611 617 618 587)
 (588 612 556 53 616) (214 557 613 617 620 589) (558 614 618 107 620 590)
 (215 559 615 619 621 622 591) (608 592 13 560) (561 593 624 609 216)
 (562 108 624 610 594) (625 626 595 217 611 563) (596 564 624 54 612)
 (625 628 597 218 565 613) (626 628 598 614 109 566)
 (627 629 567 599 219 615 630) (616 27 600 624 568) (625 632 601 220 617 569)
 (626 632 602 618 570 110) (627 633 634 603 221 571 619)
 (628 55 632 604 620 572) (629 633 621 636 605 222 573)
 (630 634 636 606 574 622 111) (631 635 637 638 607 223 575 623) NIL (640 512)
 (640 256) (64 640) (641 643 514) (642 643 258) (640 32) (641 646 516)
 (642 646 260) (65 643 646) (518 644 647 649) (645 262 649 648) (640 16)
 (641 652 520) (642 652 264) (643 652 66) (653 522 644 655) (266 655 645 654)
 (33 646 652) (653 524 647 658) (654 268 648 658) (67 655 649 658)
 (661 656 526 659 650) (651 661 657 270 660) (640 4) (641 664 544)
 (642 664 288) (643 664 72) (665 546 644 667) (290 667 645 666) (646 36 664)
 (665 548 647 670) (666 292 648 670) (73 667 670 649) (673 668 550 671 650)
 (651 673 669 294 672) (18 664 652) (653 665 676 552) (654 666 676 296)
 (74 655 676 667) (554 656 677 679 668) (298 657 669 679 678) (676 37 658 670)
 (682 556 677 671 659) (682 300 672 678 660) (661 673 75 679 682)
 (674 558 680 662 683 685) (675 302 681 663 684 685) (640 2) (642 688 320)
 (643 688 80) (689 322 645 690) (646 688 40) (689 324 648 692) (81 690 692 649)
 (651 691 693 326 694) (20 688 652) (689 654 696 328) (82 655 696 690)
 (697 330 691 657 698) (41 692 658 696) (697 332 693 700 660)
 (661 698 83 700 694) (702 663 695 699 701 334) (5 688 664) (689 666 704 352)
 (690 667 704 88) (705 354 691 669 706) (44 704 670 692) (705 708 356 693 672)
 (673 89 708 694 706) (707 709 710 675 358 695) (676 704 22 696)
 (697 705 712 678 360) (90 712 706 679 698) (707 713 714 681 362 699)
 (708 682 700 45 712) (709 713 716 684 364 701) (710 714 91 716 685 702)
 (711 715 717 718 687 366 703) NIL (720 640) (720 512) (641 722 721) (720 256)
 (642 724 721) (720 128) (722 726 513) (257 724 726) (720 64) (643 721 729)
 (722 729 514) (723 644 731 730) (724 729 258) (733 725 645 730) (729 726 129)
 (515 735 727 731) (733 735 728 259) (720 32) (738 646 721) (722 738 516)
 (723 740 647 739) (724 260 738) (725 739 648 742) (130 726 738)
 (517 740 727 744) (261 728 742 744) (65 738 729) (739 747 730 649)
 (518 747 740 731) (748 749 650 741 732) (733 747 262 742)
 (651 734 748 751 743) (735 747 131 744) (745 753 519 736 749)
 (753 746 737 751 263) (720 16) (756 721 652) (722 756 520) (653 723 757 758)
 (724 756 264) (654 725 757 760) (726 132 756) (521 762 727 758)
 (265 762 728 760) (66 756 729) (765 655 757 730) (522 765 758 731)
 (656 767 766 759 732) (733 266 765 760) (761 734 769 657 766)
 (762 735 765 133) (771 523 736 763 767) (769 267 764 737 771) (33 738 756)
 (739 757 658 774) (774 740 524 758) (775 741 759 659 776) (774 268 742 760)
 (761 778 775 743 660) (762 774 134 744) (745 763 780 525 776)
 (746 764 269 780 778) (747 765 67 774) (661 783 748 766 775)
 (783 749 526 767 776) (750 777 784 785 662 768) (769 778 270 751 783)
 (770 752 779 663 784 787) (753 771 780 783 135) (772 527 754 781 785 789)
 (773 755 782 787 789 271) (720 8) (722 792 528) (724 792 272) (726 792 136)
 (529 793 795 727) (273 794 795 728) (68 729 792) (793 530 798 731)
 (733 274 798 794) (137 735 795 798) (796 801 531 736 799)
 (801 797 275 737 800) (738 792 34) (793 804 532 740) (794 804 276 742)
 (138 795 804 744) (745 805 796 533 807) (797 746 277 806 807) (747 804 69 798)
 (805 749 534 799 810) (810 806 278 751 800) (753 801 139 807 810)
 (811 813 535 754 802 808) (809 812 813 755 279 803) (17 756 792)
 (793 816 758 536) (816 794 280 760) (762 795 140 816) (537 817 763 796 819)
 (281 818 819 764 797) (816 765 70 798) (817 538 799 767 822)
 (769 282 818 822 800) (801 771 141 819 822) (772 539 820 823 825 802)
 (773 821 824 825 283 803) (35 804 774 816) (817 828 540 805 776)
 (828 778 284 806 818) (828 819 780 142 807) (781 820 541 829 831 808)
 (809 821 782 830 831 285) (810 828 71 783 822) (811 542 823 785 829 834)
 (812 824 787 830 834 286) (813 143 825 789 831 834)
 (814 543 826 790 832 835 837) (815 827 791 833 836 837 287) (720 4)
 (840 721 664) (722 840 544) (665 841 723 842) (724 840 288) (841 666 725 844)
 (726 840 144) (545 842 727 846) (289 844 728 846) (840 729 72)
 (841 849 667 730) (849 546 731 842) (850 843 668 851 732) (733 290 844 849)
 (734 669 845 853 850) (145 849 735 846) (855 547 736 851 847)
 (853 291 737 855 848) (738 36 840) (841 858 739 670) (842 740 548 858)
 (843 860 741 859 671) (858 292 742 844) (859 845 862 743 672)
 (146 858 846 744) (745 860 549 847 864) (746 864 293 862 848) (73 849 747 858)
 (673 850 859 748 867) (867 851 860 749 550) (852 750 674 861 868 869)
 (867 853 294 751 862) (854 752 675 863 868 871) (753 147 867 855 864)
 (551 856 754 865 869 873) (295 857 755 866 871 873) (18 756 840)
 (841 876 676 757) (842 876 758 552) (877 843 677 878 759) (876 296 844 760)
 (761 877 845 678 880) (876 762 148 846) (553 882 763 878 847)
 (297 880 764 882 848) (849 74 876 765) (850 877 766 679 885)
 (554 851 885 878 767) (852 886 887 680 879 768) (769 298 853 885 880)
 (881 770 886 889 681 854) (882 771 149 855 885) (883 772 887 856 891 555)
 (884 773 857 299 889 891) (858 876 37 774) (682 859 877 894 775)
 (860 894 556 878 776) (777 861 895 896 683 879) (778 894 300 862 880)
 (881 779 895 898 684 863) (882 894 780 150 864) (883 781 557 896 865 900)
 (884 898 301 782 866 900) (75 885 867 783 894) (886 895 784 868 685 903)
 (887 558 896 785 869 903) (888 897 786 686 904 905 870)
 (871 889 302 898 787 903) (890 872 899 788 687 904 907)
 (151 891 900 789 903 873) (892 559 901 790 905 874 909)
 (893 303 902 791 875 909 907) (9 840 792) (793 842 912 560) (794 844 912 304)
 (795 912 846 152) (561 913 915 796 847) (305 914 915 797 848) (849 76 798 912)
 (913 562 851 918 799) (306 853 918 914 800) (801 153 915 918 855)
 (916 919 856 921 563 802) (917 920 857 921 307 803) (858 804 38 912)
 (860 913 924 564 805) (914 924 308 806 862) (154 915 924 807 864)
 (916 925 927 865 565 808) (809 917 926 927 866 309) (810 867 924 77 918)
 (811 919 925 930 869 566) (812 920 926 930 310 871) (813 921 927 930 873 155)
 (814 922 928 931 933 567 874) (815 923 929 932 933 311 875) (912 19 876 816)
 (817 913 936 878 568) (818 936 880 914 312) (882 819 156 915 936)
 (883 916 820 937 569 939) (884 917 821 313 938 939) (936 885 822 918 78)
 (887 919 823 937 570 942) (920 889 824 938 314 942) (921 891 825 939 157 942)
 (945 922 892 826 571 940 943) (945 923 893 827 315 941 944)
 (924 828 894 39 936) (948 925 896 829 937 572) (948 926 898 830 938 316)
 (948 927 900 831 939 158) (949 951 928 901 832 940 573)
 (950 951 941 929 902 833 317) (948 79 930 903 834 942)
 (949 954 931 905 835 574 943) (950 954 932 907 836 318 944)
 (945 951 837 933 954 909 159) (946 952 955 957 910 934 838 575)
 (947 953 839 956 957 319 935 911) (720 2) (960 721 688) (724 960 320)
 (689 961 725 962) (726 960 160) (321 962 964 728) (960 729 80)
 (961 690 730 966) (733 322 966 962) (734 691 963 967 968) (161 735 964 966)
 (965 323 737 970 968) (738 960 40) (961 972 739 692) (972 962 324 742)
 (973 963 693 974 743) (972 162 964 744) (746 325 974 965 976) (81 747 972 966)
 (978 748 973 694 967) (978 974 326 751 968) (979 980 752 695 969 975)
 (753 970 163 978 976) (977 980 982 755 327 971) (20 756 960) (961 984 757 696)
 (962 328 984 760) (761 697 963 986 985) (964 762 164 984)
 (329 986 764 965 988) (82 765 966 984) (985 698 766 967 990)
 (769 330 990 986 968) (770 987 991 992 969 699) (970 771 988 165 990)
 (773 989 992 994 331 971) (41 972 774 984) (985 996 700 973 775)
 (778 332 974 996 986) (779 997 998 701 987 975) (988 780 166 996 976)
 (977 989 782 998 1000 333) (978 83 996 990 783) (979 991 784 997 1002 702)
 (980 992 787 998 1002 334) (981 993 788 999 1003 1004 703)
 (982 994 789 167 1000 1002) (983 995 791 1001 1004 1006 335) (10 960 792)
 (794 1008 962 336) (1008 795 964 168) (337 965 797 1009 1010)
 (1008 84 798 966) (1009 338 1012 968 800) (801 169 1012 1010 970)
 (1011 1013 1014 339 803 971) (972 42 804 1008) (1009 1016 340 806 974)
 (170 1016 1010 807 976) (809 977 1011 341 1017 1018) (810 1016 1012 85 978)
 (980 1013 342 1017 1020 812) (813 982 1018 1020 171 1014)
 (1015 983 1019 1021 1022 343 815) (1008 984 21 816) (1009 818 1024 986 344)
 (1024 988 819 172 1010) (1011 345 821 989 1025 1026) (1024 990 1012 822 86)
 (1013 346 992 1025 1028 824) (1014 1026 825 994 1028 173)
 (1015 347 995 827 1029 1030 1027) (1024 996 43 828 1016)
 (1017 348 1025 830 1032 998) (1018 1000 1026 831 1032 174)
 (1019 349 1033 1001 1027 833 1034) (87 1020 1002 1028 1032 834)
 (836 1036 1021 350 1029 1033 1004) (1022 1030 1034 1036 837 1006 175)
 (839 1023 351 1031 1035 1037 1038 1007) (5 960 840) (841 961 1040 704)
 (962 1040 844 352) (705 1041 963 845 1042) (1040 964 846 176)
 (353 1042 1044 965 848) (849 1040 966 88) (1041 850 1046 967 706)
 (354 1046 853 1042 968) (707 854 1047 1048 1043 969) (177 970 1044 1046 855)
 (1045 1048 857 1050 355 971) (972 858 44 1040) (1041 1052 859 708 973)
 (1052 1042 356 862 974) (1043 709 1053 1054 863 975) (1044 178 976 1052 864)
 (977 1045 1054 1056 866 357) (89 978 867 1052 1046)
 (979 710 1047 1053 1058 868) (980 1048 1054 1058 358 871)
 (981 711 1049 1055 1059 1060 872) (179 982 1050 1056 1058 873)
 (983 1051 1057 1060 1062 359 875) (1040 876 22 984) (985 1041 1064 877 712)
 (1064 986 360 1042 880) (881 1043 713 987 1065 1066) (1044 882 180 988 1064)
 (884 1045 989 361 1066 1068) (90 1064 885 990 1046)
 (886 1047 714 991 1065 1070) (1048 889 992 1066 362 1070)
 (1049 890 715 993 1067 1071 1072) (181 1050 891 994 1068 1070)
 (1074 1051 893 995 363 1069 1072) (1052 996 45 894 1064)
 (1076 716 1053 895 997 1065) (1076 1054 898 998 1066 364)
 (1077 1078 717 1055 899 999 1067) (1076 182 1056 900 1000 1068)
 (1078 1080 1069 1057 902 1001 365) (1076 91 1058 903 1002 1070)
 (1077 1082 718 1059 904 1003 1071) (1078 1082 1060 907 1004 366 1072)
 (1073 1079 1083 1084 719 1061 908 1005) (1074 183 1080 1082 1062 909 1006)
 (1075 1081 1084 1086 367 1063 911 1007) (1040 11 1008 912)
 (1009 914 1088 1042 368) (1010 915 1044 1088 184)
 (369 1011 1045 1089 1090 917) (1012 92 1088 918 1046)
 (370 1013 1048 920 1089 1092) (1014 1090 921 1050 185 1092)
 (371 1015 923 1091 1093 1094 1051) (1052 924 1088 46 1016)
 (372 1017 926 1054 1089 1096) (1018 186 927 1056 1090 1096)
 (1057 373 1019 929 1091 1097 1098) (1058 1020 93 930 1092 1096)
 (374 1021 932 1060 1093 1097 1100) (187 1022 933 1094 1098 1100 1062)
 (935 375 1023 1095 1063 1099 1101 1102) (1064 1024 1088 23 936)
 (1089 376 1025 1066 938 1104) (1090 188 1026 939 1068 1104)
 (1105 1106 377 941 1091 1027 1069) (94 942 1092 1028 1070 1104)
 (1105 1108 378 1093 1029 944 1072) (945 1074 1108 1106 189 1030 1094)
 (947 1109 1031 379 1107 1095 1075 1110) (948 1032 1076 1096 47 1104)
 (1105 950 1112 380 1097 1033 1078) (1106 951 1080 1112 190 1034 1098)
 (1107 953 1114 381 1081 1113 1035 1099) (1100 1112 954 95 1108 1082 1036)
 (1116 956 1109 1113 1037 1084 382 1101)
 (1110 1114 1116 957 1086 191 1038 1102)
 (1111 1115 1117 1118 383 1039 959 1103 1087) (720 1) (722 1120 576)
 (724 1120 384) (726 1120 192) (577 1121 1123 727) (385 1122 1123 728)
 (1120 729 96) (1121 578 1126 731) (733 386 1126 1122) (193 735 1123 1126)
 (1129 579 736 1124 1127) (1129 1125 387 737 1128) (738 1120 48)
 (580 1121 1132 740) (1122 1132 388 742) (194 1123 1132 744)
 (745 1133 1124 581 1135) (1125 746 389 1134 1135) (97 747 1132 1126)
 (1133 749 582 1127 1138) (1134 1138 390 751 1128) (753 1129 195 1135 1138)
 (1139 1141 754 583 1130 1136) (1137 1140 1141 755 391 1131) (1120 756 24)
 (1121 1144 758 584) (1122 392 1144 760) (762 1123 196 1144)
 (585 1145 763 1124 1147) (393 1146 1147 764 1125) (98 765 1126 1144)
 (1145 586 1127 767 1150) (769 394 1150 1146 1128) (1129 771 197 1147 1150)
 (772 1148 1151 1153 1130 587) (773 1149 1152 1153 395 1131) (49 1132 774 1144)
 (1145 1156 588 1133 776) (778 396 1134 1156 1146) (1156 1147 780 198 1135)
 (1148 781 1157 1159 589 1136) (1137 1149 782 1158 1159 397)
 (1138 99 1156 1150 783) (1139 1151 785 1157 1162 590)
 (1140 1152 787 1158 1162 398) (1141 199 1153 789 1159 1162)
 (1142 1154 790 1160 1163 1165 591) (1143 1155 791 1161 1164 1165 399)
 (1120 12 792) (793 1121 1168 592) (794 1168 1122 400) (795 1168 1123 200)
 (593 1169 1124 796 1171) (401 1125 1171 797 1170) (1168 100 798 1126)
 (1169 594 1127 799 1174) (1170 402 1128 1174 800) (801 201 1129 1171 1174)
 (595 1172 1175 1177 1130 802) (403 1173 1176 1177 803 1131) (50 1132 804 1168)
 (1169 1133 596 805 1180) (1170 404 1180 806 1134) (202 1171 1180 1135 807)
 (1172 597 1181 1183 808 1136) (809 1137 1173 1182 1183 405)
 (810 1180 101 1174 1138) (811 598 1175 1181 1139 1186)
 (1140 406 1176 1182 1186 812) (1141 1177 1183 1186 813 203)
 (814 599 1178 1184 1187 1189 1142) (407 1143 1179 1185 1188 1189 815)
 (25 1168 1144 816) (817 1145 1169 1192 600) (1170 818 1192 1146 408)
 (819 204 1147 1171 1192) (820 601 1148 1172 1193 1195)
 (1173 409 821 1149 1194 1195) (1174 1150 1192 822 102)
 (1175 602 1151 823 1193 1198) (1176 410 1152 1194 824 1198)
 (1153 1177 825 1195 205 1198) (1201 1154 1178 603 826 1196 1199)
 (1201 411 1155 827 1197 1179 1200) (1156 51 828 1180 1192)
 (1204 604 1181 1157 1193 829) (1204 412 1182 830 1194 1158)
 (1204 831 1183 1159 1195 206) (1205 1207 832 605 1184 1160 1196)
 (1206 1207 413 1185 1161 833 1197) (1204 1186 103 1162 834 1198)
 (1205 1210 606 1187 835 1163 1199) (836 1206 1210 414 1188 1164 1200)
 (1201 1207 837 1189 1210 1165 207) (1202 1208 1211 1213 607 1166 1190 838)
 (1203 1209 1212 1213 415 839 1191 1167) (6 1120 840) (1121 842 1216 608)
 (1122 844 1216 416) (1123 1216 846 208) (609 1217 1219 1124 847)
 (417 1218 1219 1125 848) (849 1216 1126 104) (1217 610 851 1222 1127)
 (418 1222 853 1218 1128) (209 1129 1219 1222 855)
 (856 611 1220 1223 1225 1130) (857 419 1221 1224 1225 1131) (858 1132 52 1216)
 (1217 612 860 1133 1228) (1228 1218 420 862 1134) (210 1219 1228 1135 864)
 (865 1220 613 1229 1231 1136) (1137 866 1221 421 1230 1231)
 (105 1138 867 1228 1222) (1234 1139 869 614 1223 1229)
 (1234 1140 422 871 1224 1230) (1234 211 1141 1225 873 1231)
 (1235 1237 1142 615 1226 874 1232) (1233 1236 1237 1143 423 875 1227)
 (26 876 1216 1144) (1145 1217 1240 878 616) (1146 424 1218 1240 880)
 (882 1147 212 1219 1240) (883 1241 1243 1148 1220 617)
 (884 1242 1243 1149 1221 425) (106 1240 885 1150 1222)
 (887 1241 1246 1151 1223 618) (889 1242 1246 1152 1224 426)
 (213 891 1246 1153 1225 1243) (1244 892 1247 1249 1154 1226 619)
 (893 1245 1248 1249 1155 427 1227) (1228 1156 53 894 1240)
 (1241 896 1252 1157 620 1229) (1242 898 1252 1158 428 1230)
 (214 1243 900 1252 1159 1231) (1244 901 1255 1160 1253 621 1232)
 (1233 1245 902 1255 1161 429 1254) (1234 1246 1252 903 1162 107)
 (1235 1247 1253 905 1258 1163 622) (1236 1248 1254 1258 907 1164 430)
 (1237 215 909 1249 1255 1258 1165) (1238 1166 1250 1256 1259 1261 910 623)
 (1260 1239 1251 431 1257 911 1261 1167) (1168 13 1216 912)
 (913 1169 1217 1264 624) (1170 914 1264 1218 432) (915 1219 1171 1264 216)
 (625 1265 1267 916 1220 1172) (433 1266 1267 1173 1221 917)
 (1222 108 918 1264 1174) (1265 626 1270 1175 919 1223)
 (434 1270 1176 920 1266 1224) (1177 1270 921 1267 217 1225)
 (627 1268 1271 1273 922 1178 1226) (435 1269 1272 1273 923 1227 1179)
 (1228 924 1180 54 1264) (1265 628 925 1276 1181 1229)
 (1266 436 1276 926 1182 1230) (1267 218 1276 1183 927 1231)
 (1268 629 1277 1279 1184 928 1232) (1233 1185 437 1278 1279 929 1269)
 (1234 1270 1186 1276 930 109) (1235 630 1271 1277 1187 1282 931)
 (1236 438 1272 1188 1278 1282 932) (1237 1273 219 1279 1282 1189 933)
 (1238 631 1274 1280 1283 1285 934 1190)
 (439 1239 1275 935 1281 1284 1285 1191) (1264 27 1192 1240 936)
 (1265 632 1241 1193 1288 937) (1266 440 1242 1288 938 1194)
 (1267 1243 220 1288 939 1195) (1196 633 1244 1268 1289 1291 940)
 (1269 441 941 1245 1290 1291 1197) (110 1270 1246 942 1288 1198)
 (1271 634 1247 943 1289 1294 1199) (1272 442 1248 1290 944 1294 1200)
 (945 1201 1273 221 1249 1291 1294) (1297 946 1202 1274 635 1250 1292 1295)
 (1297 947 1275 1203 1251 1293 443 1296) (948 55 1276 1204 1252 1288)
 (1300 1205 636 1277 1253 1289 949) (1300 950 444 1278 1254 1290 1206)
 (1300 1207 951 222 1279 1255 1291) (1301 1303 1208 952 637 1280 1256 1292)
 (1302 1303 953 445 1281 1209 1257 1293) (1300 954 1282 1210 1258 1294 111)
 (1301 1306 955 638 1283 1259 1211 1295)
 (956 1302 1306 1212 446 1284 1260 1296)
 (1297 1303 957 1213 223 1285 1306 1261)
 (1298 1304 1307 1309 958 639 1214 1286 1262)
 (1299 1305 1308 1309 447 959 1287 1215 1263) (3 1120 960) (962 1312 1122 448)
 (1312 1123 964 224) (449 1125 965 1313 1314) (1312 966 1126 112)
 (1313 450 1316 1128 968) (225 970 1129 1316 1314)
 (451 1315 1317 1318 971 1131) (1312 1132 972 56) (1313 1320 452 974 1134)
 (226 1320 1314 1135 976) (977 1137 1315 453 1321 1322)
 (113 978 1320 1316 1138) (1140 980 1317 454 1321 1324)
 (1141 982 227 1318 1322 1324) (455 1143 983 1319 1323 1325 1326)
 (1312 1144 28 984) (1313 986 1328 1146 456) (1328 228 1147 988 1314)
 (1329 1330 989 1149 1315 457) (1328 114 1316 990 1150)
 (1329 1332 1152 1317 458 992) (1330 1332 1153 994 229 1318)
 (1331 1333 1334 1155 995 1319 459) (57 1156 1328 996 1320)
 (1329 1336 998 1321 460 1158) (1330 1336 230 1159 1000 1322)
 (1331 1337 1338 1161 1001 1323 461) (115 1332 1336 1162 1002 1324)
 (1004 1333 1337 1340 1164 1325 462) (1334 1338 1340 1326 231 1165 1006)
 (1007 1335 1339 1341 1342 463 1167 1327) (1312 1168 14 1008)
 (1009 1170 1344 1313 464) (1010 1171 1344 1314 232)
 (465 1011 1173 1345 1346 1315) (1316 116 1012 1174 1344)
 (466 1013 1176 1345 1348 1317) (1014 1177 1346 1348 1318 233)
 (467 1015 1179 1347 1349 1350 1319) (1320 58 1180 1344 1016)
 (468 1017 1182 1345 1352 1321) (1018 1183 1346 234 1352 1322)
 (469 1019 1185 1347 1353 1354 1323) (117 1020 1186 1348 1352 1324)
 (470 1021 1188 1349 1353 1356 1325) (1022 1189 1350 1354 235 1356 1326)
 (1351 471 1023 1191 1355 1357 1358 1327) (1328 1344 1192 29 1024)
 (1329 1345 472 1025 1194 1360) (1330 1346 1026 1195 236 1360)
 (1361 1362 1331 473 1347 1027 1197) (1332 118 1348 1028 1198 1360)
 (1361 1364 1333 474 1349 1029 1200) (1201 1362 1364 1334 1350 237 1030)
 (1363 1365 1031 1335 475 1203 1351 1366) (1204 1336 59 1032 1352 1360)
 (1361 1206 1368 1337 476 1353 1033) (1362 1207 1368 1338 1354 1034 238)
 (1363 1209 1370 1339 477 1369 1035 1355) (1356 1364 119 1368 1210 1340 1036)
 (1372 1365 1369 1357 1212 1341 478 1037)
 (1366 1370 1372 1213 1342 1038 1358 239)
 (1039 1367 1371 1373 1374 1343 479 1215 1359) (1312 7 1216 1040)
 (1313 1042 1376 1218 480) (1314 1219 1044 1376 240)
 (1377 1045 481 1378 1315 1221) (1222 1376 1316 1046 120)
 (1048 1377 482 1380 1317 1224) (241 1050 1378 1380 1318 1225)
 (1051 483 1379 1381 1382 1319 1227) (60 1376 1052 1228 1320)
 (1054 1377 484 1384 1321 1230) (242 1056 1378 1384 1322 1231)
 (1233 1057 1379 485 1385 1386 1323) (1234 121 1058 1380 1384 1324)
 (1236 1060 1381 486 1385 1388 1325) (243 1237 1062 1386 1388 1326 1382)
 (487 1239 1063 1383 1387 1389 1390 1327) (1328 1376 1240 30 1064)
 (1329 1242 1377 488 1066 1392) (1330 244 1243 1378 1068 1392)
 (1393 1394 1331 1245 1379 489 1069) (1332 122 1246 1380 1070 1392)
 (1393 1396 1333 1248 1381 490 1072) (1074 1396 245 1334 1394 1249 1382)
 (1075 1397 1398 1335 1395 1251 1383 491) (1076 1336 61 1252 1384 1392)
 (1393 1078 1400 1337 1254 1385 492) (1394 246 1080 1338 1400 1255 1386)
 (1395 1081 1402 1339 1401 1257 1387 493) (1396 1400 1082 123 1340 1258 1388)
 (1404 1397 1401 1084 1341 1260 1389 494)
 (1398 247 1402 1404 1086 1342 1261 1390)
 (1399 1403 1405 1406 1343 495 1391 1263 1087) (1344 1376 1264 15 1088)
 (1266 1408 1089 1345 1377 496) (1267 1346 248 1408 1090 1378)
 (497 1269 1347 1409 1410 1091 1379) (1270 124 1408 1380 1348 1092)
 (498 1272 1349 1409 1412 1381 1093) (1410 249 1350 1273 1412 1094 1382)
 (499 1383 1275 1095 1411 1413 1414 1351) (1276 1384 62 1408 1096 1352)
 (500 1385 1278 1409 1353 1416 1097) (1354 250 1416 1279 1410 1098 1386)
 (501 1281 1411 1387 1417 1418 1099 1355) (1356 1100 125 1282 1412 1416 1388)
 (502 1357 1101 1284 1413 1417 1420 1389)
 (251 1390 1358 1285 1414 1418 1420 1102)
 (1287 503 1391 1415 1419 1421 1422 1359 1103) (1104 1408 1288 1392 31 1360)
 (1105 1361 504 1409 1290 1424 1393) (1106 1394 252 1410 1362 1291 1424)
 (1425 1426 1107 505 1395 1411 1363 1293) (1412 1396 126 1294 1364 1108 1424)
 (1425 1428 1365 506 1397 1413 1109 1296)
 (1297 1426 1428 1398 253 1366 1414 1110)
 (1299 1429 1367 1399 507 1427 1415 1111 1430)
 (1300 1400 1368 63 1112 1416 1424) (1425 1302 1432 1113 1401 508 1369 1417)
 (1370 1426 1303 1432 1114 254 1402 1418)
 (1427 1371 1305 1434 1115 509 1433 1419 1403)
 (1116 1432 1306 1372 127 1404 1428 1420)
 (1405 1436 1429 1433 1117 1308 1373 510 1421)
 (1430 1434 1436 1309 1406 255 1118 1422 1374)
 (1431 1119 1435 1437 1438 1311 511 1407 1375 1423) NIL (1440 720) (1440 640)
 (1441 721 1442) (1440 512) (722 1441 1444) (641 1444 1442)
 (723 1445 1446 1443) (1440 256) (724 1441 1448) (642 1448 1442)
 (725 1449 1450 1443) (1440 128) (1441 726 1452) (513 1444 1452)
 (727 1445 1453 1454) (257 1448 1452) (728 1449 1453 1456) (1440 64)
 (1441 729 1458) (643 1442 1458) (1459 730 1443 1460) (1444 1458 514)
 (1462 1445 1459 731) (1462 644 1446 1460) (1461 1463 1464 1447 732)
 (1448 258 1458) (733 1449 1466 1459) (1466 645 1450 1460)
 (1461 734 1467 1451 1468) (129 1452 1458) (1470 735 1459 1453)
 (515 1462 1470 1454) (1455 1472 1463 736 1471) (1456 1466 259 1470)
 (1457 737 1471 1467 1474) (1440 32) (738 1441 1476) (1476 646 1442)
 (739 1477 1478 1443) (1476 1444 516) (1477 740 1445 1480) (1480 647 1446 1478)
 (1481 1482 741 1479 1447) (1476 260 1448) (1477 1484 1449 742)
 (1484 1478 1450 648) (1479 1485 743 1451 1486) (130 1476 1452)
 (1488 1477 1453 744) (517 1488 1480 1454) (1455 745 1490 1481 1489)
 (1456 1484 261 1488) (1489 746 1457 1492 1485) (65 1476 1458)
 (747 1477 1494 1459) (1494 1478 649 1460) (1461 748 1495 1479 1496)
 (1462 1480 1494 518) (1481 1498 1463 749 1495) (1496 1482 1464 1498 650)
 (1497 1499 1500 750 1483 1465) (1484 1494 1466 262) (1495 1485 751 1467 1502)
 (651 1502 1496 1486 1468) (1469 1497 1503 1504 752 1487) (1470 131 1494 1488)
 (753 1489 1471 1495 1506) (1506 1490 519 1472 1498)
 (1499 1473 754 1507 1508 1491) (1506 1492 1474 263 1502)
 (1475 1503 755 1510 1493 1507) (1440 16) (1441 756 1512) (1512 1442 652)
 (1513 1514 757 1443) (1444 1512 520) (1513 1516 1445 758) (653 1514 1516 1446)
 (1515 1517 759 1447 1518) (1448 1512 264) (1513 1520 1449 760)
 (654 1520 1450 1514) (761 1521 1515 1451 1522) (132 1452 1512)
 (1513 762 1524 1453) (521 1516 1524 1454) (1455 1525 763 1517 1526)
 (265 1456 1524 1520) (1521 1457 764 1525 1528) (66 1458 1512)
 (1513 1530 765 1459) (1514 655 1530 1460) (1461 1531 1515 1532 766)
 (1530 1462 1516 522) (1463 1517 1531 767 1534) (1534 1464 1532 656 1518)
 (1533 1535 1536 1465 1519 768) (266 1530 1466 1520) (769 1521 1531 1467 1538)
 (1538 1522 1532 657 1468) (1469 770 1523 1533 1539 1540) (1470 1524 133 1530)
 (1531 1471 1525 771 1542) (1542 523 1472 1526 1534)
 (772 1473 1527 1535 1543 1544) (1538 267 1542 1474 1528)
 (773 1475 1529 1539 1543 1546) (33 1476 1512) (1513 1548 1477 774)
 (1514 1548 1478 658) (1515 1549 775 1479 1550) (524 1548 1516 1480)
 (1481 1549 1552 1517 776) (1482 1552 1518 659 1550)
 (1553 1554 777 1483 1519 1551) (1484 268 1548 1520) (1521 778 1556 1485 1549)
 (1556 1522 1550 1486 660) (1523 1557 1558 779 1487 1551) (1524 1548 134 1488)
 (1489 1549 780 1525 1560) (1490 1560 525 1526 1552)
 (1553 1527 1561 1562 781 1491) (1556 1560 1492 269 1528)
 (1557 1529 1564 782 1561 1493) (1530 67 1548 1494) (1531 1549 783 1495 1566)
 (661 1532 1566 1550 1496) (1497 1533 1567 1568 784 1551)
 (1498 1552 1566 526 1534) (1553 1499 1567 785 1570 1535)
 (1554 1500 1570 1568 662 1536) (1569 1555 1501 1537 786 1571 1572)
 (1538 1556 1566 1502 270) (1557 1503 1539 1567 787 1574)
 (1558 1504 1568 663 1540 1574) (1559 1505 1569 788 1541 1575 1576)
 (1506 1566 1542 135 1560) (1561 1507 1567 789 1543 1578)
 (527 1562 1508 1570 1544 1578) (1563 1509 1571 790 1545 1579 1580)
 (1564 1510 1574 1578 1546 271) (791 1565 1511 1582 1575 1579 1547) (1440 2)
 (1441 1584 960) (1584 1442 688) (961 1585 1443 1586) (1448 1584 320)
 (1585 962 1588 1449) (689 1586 1588 1450) (963 1589 1587 1451 1590)
 (1584 1452 160) (1585 964 1453 1592) (321 1456 1588 1592)
 (1593 1589 1457 965 1594) (1584 1458 80) (1585 1596 966 1459)
 (690 1596 1586 1460) (1461 1587 1597 1598 967) (322 1596 1588 1466)
 (1597 1600 1589 1467 968) (1598 691 1600 1590 1468)
 (1469 1601 1602 1591 969 1599) (161 1470 1596 1592) (1593 970 1471 1604 1597)
 (1594 323 1604 1474 1600) (1601 1605 1606 1475 971 1595) (1476 1584 40)
 (1585 972 1477 1608) (1586 692 1478 1608) (1609 1610 1587 973 1479)
 (1588 1484 324 1608) (1609 1589 1612 1485 974) (1610 1612 693 1486 1590)
 (1591 1611 1613 1614 1487 975) (162 1592 1608 1488) (1489 1593 1616 1609 976)
 (1594 1492 325 1612 1616) (977 1613 1617 1618 1595 1493) (81 1596 1494 1608)
 (1609 978 1620 1597 1495) (1598 1610 1620 694 1496)
 (1497 979 1611 1621 1622 1599) (1600 1620 1502 1612 326)
 (1601 980 1503 1613 1621 1624) (1602 1504 1614 1622 695 1624)
 (1603 981 1505 1615 1623 1625 1626) (1506 163 1604 1620 1616)
 (1605 982 1507 1617 1621 1628) (1606 1510 1618 327 1624 1628)
 (983 1607 1511 1619 1625 1629 1630) (20 1584 1512) (1513 1585 1632 984)
 (1514 1632 1586 696) (985 1633 1515 1587 1634) (328 1588 1632 1520)
 (1521 986 1636 1589 1633) (697 1522 1636 1590 1634)
 (1635 1637 1638 987 1523 1591) (1524 164 1632 1592) (1593 1633 988 1525 1640)
 (329 1594 1636 1640 1528) (1637 1529 1642 989 1641 1595) (1530 1596 1632 82)
 (1633 1531 1644 1597 990) (698 1532 1644 1598 1634)
 (1635 1533 1645 1646 991 1599) (1538 1600 1636 1644 330)
 (1601 1637 1645 1648 1539 992) (1602 1638 1646 1648 1540 699)
 (1649 1603 1639 1647 993 1650 1541) (1644 1604 165 1542 1640)
 (1605 1641 1645 994 1652 1543) (1606 1642 1648 1652 1546 331)
 (1607 1643 1649 995 1653 1654 1547) (41 1548 1632 1608)
 (1609 1633 996 1549 1656) (1610 700 1656 1550 1634)
 (1635 1611 997 1657 1658 1551) (1556 1656 332 1612 1636)
 (1637 1613 998 1657 1557 1660) (1638 1614 1658 1660 701 1558)
 (1559 1639 1615 999 1659 1661 1662) (1656 1616 1640 166 1560)
 (1561 1617 1641 1000 1657 1664) (1642 1564 1618 1660 333 1664)
 (1665 1666 1643 1565 1619 1001 1661) (83 1620 1656 1566 1644)
 (1668 1645 1567 1621 1657 1002) (1668 1646 1568 1622 1658 702)
 (1669 1670 1647 1569 1623 1659 1003) (1668 1648 1574 1624 1660 334)
 (1669 1672 1649 1575 1625 1004 1661) (1670 1672 1650 1576 1626 1662 703)
 (1671 1673 1674 1651 1577 1627 1005 1663) (1668 1652 167 1578 1628 1664)
 (1665 1669 1676 1653 1579 1629 1006) (1666 1672 1676 1630 1654 1582 335)
 (1667 1673 1677 1678 1583 1007 1655 1631))