(NIL NIL (1 2) NIL (2 4) (1 4) (5 3 6) NIL (4 8) (2 8) (9 5 10) (1 8) (9 6 12)
 (3 10 12) (11 13 7 14) NIL (8 16) (4 16) (17 9 18) (2 16) (17 10 20) (5 18 20)
 (19 21 11 22) (1 16) (17 12 24) (18 24 6) (25 26 19 13) (3 20 24)
 (25 28 21 14) (26 7 28 22) (27 29 15 23 30) NIL (16 32) (8 32) (33 17 34)
 (4 32) (33 18 36) (9 34 36) (35 37 19 38) (2 32) (33 20 40) (34 40 10)
 (41 42 35 21) (5 36 40) (41 44 37 22) (42 11 44 38) (43 45 23 39 46) (1 32)
 (33 48 24) (34 12 48) (25 49 35 50) (6 36 48) (49 26 52 37) (50 52 13 38)
 (27 53 51 39 54) (3 48 40) (41 49 28 56) (42 56 14 50) (57 58 43 29 51)
 (52 7 44 56) (57 53 60 45 30) (58 60 46 15 54) (55 59 61 62 47 31) NIL (32 64)
 (16 64) (65 33 66) (8 64) (65 34 68) (17 66 68) (67 69 35 70) (4 64)
 (65 36 72) (66 72 18) (73 74 67 37) (9 68 72) (73 76 69 38) (74 19 76 70)
 (75 77 39 71 78) (2 64) (65 80 40) (66 20 80) (41 81 67 82) (10 68 80)
 (81 42 84 69) (82 84 21 70) (43 85 83 71 86) (5 80 72) (73 81 44 88)
 (74 88 22 82) (89 90 75 45 83) (84 11 76 88) (89 85 92 77 46) (90 92 78 23 86)
 (87 91 93 94 79 47) (1 64) (65 96 48) (66 96 24) (49 97 67 98) (96 68 12)
 (97 50 100 69) (25 98 100 70) (51 101 99 71 102) (6 96 72) (73 97 52 104)
 (74 104 98 26) (105 106 75 53 99) (100 76 13 104) (105 101 108 77 54)
 (106 27 108 78 102) (55 103 107 109 110 79) (3 96 80) (81 97 112 56)
 (112 82 28 98) (57 113 83 99 114) (100 84 14 112) (113 58 116 85 101)
 (114 116 29 86 102) (115 117 118 87 59 103) (112 7 104 88) (89 105 60 120 113)
 (90 114 120 30 106) (115 121 122 91 61 107) (108 116 92 15 120)
 (117 121 124 93 62 109) (118 122 124 94 110 31) (119 123 125 126 63 95 111)
 NIL (64 128) (32 128) (129 65 130) (16 128) (129 66 132) (33 130 132)
 (131 133 67 134) (8 128) (129 68 136) (130 136 34) (137 138 131 69)
 (17 132 136) (137 140 133 70) (138 35 140 134) (139 141 71 135 142) (4 128)
 (129 144 72) (130 36 144) (73 145 131 146) (18 132 144) (145 74 148 133)
 (146 148 37 134) (75 149 147 135 150) (9 144 136) (137 145 76 152)
 (138 152 38 146) (153 154 139 77 147) (148 19 140 152) (153 149 156 141 78)
 (154 156 142 39 150) (151 155 157 158 143 79) (2 128) (129 160 80)
 (130 160 40) (81 161 131 162) (20 132 160) (161 82 164 133) (41 162 164 134)
 (83 165 163 135 166) (10 160 136) (137 161 84 168) (138 168 162 42)
 (169 170 139 85 163) (164 140 21 168) (169 165 172 141 86)
 (170 43 172 142 166) (87 143 167 171 173 174) (5 160 144) (145 161 176 88)
 (146 176 44 162) (89 177 147 163 178) (164 148 22 176) (165 90 180 149 177)
 (178 180 45 150 166) (179 181 182 151 91 167) (176 11 168 152)
 (153 169 92 177 184) (154 184 178 46 170) (179 185 186 155 93 171)
 (180 172 156 23 184) (181 185 188 157 94 173) (182 186 188 158 174 47)
 (183 187 189 190 95 159 175) (1 128) (129 192 96) (130 192 48)
 (97 193 131 194) (192 132 24) (193 98 196 133) (49 194 196 134)
 (99 197 195 135 198) (192 12 136) (137 193 100 200) (138 200 194 50)
 (201 202 139 101 195) (25 196 140 200) (201 197 204 141 102)
 (202 51 204 142 198) (103 143 199 203 205 206) (6 192 144) (145 193 208 104)
 (146 52 208 194) (105 209 147 195 210) (26 148 208 196) (209 106 212 149 197)
 (210 212 53 150 198) (211 213 214 151 199 107) (208 200 13 152)
 (153 201 209 108 216) (154 216 54 210 202) (211 217 218 155 203 109)
 (204 27 156 212 216) (213 217 220 157 205 110) (214 55 218 220 158 206)
 (215 219 221 222 159 111 207) (3 192 160) (161 193 224 112) (162 224 194 56)
 (113 225 163 195 226) (196 224 164 28) (225 114 228 165 197)
 (57 226 228 166 198) (115 167 227 229 230 199) (224 200 14 168)
 (169 201 225 116 232) (170 232 202 226 58) (117 227 233 234 171 203)
 (204 228 172 29 232) (118 173 229 233 236 205) (59 206 230 234 236 174)
 (119 175 231 235 237 238 207) (7 208 224 176) (177 209 225 240 120)
 (178 240 60 226 210) (241 242 179 121 211 227) (212 180 228 30 240)
 (241 244 213 122 229 181) (242 244 182 61 230 214)
 (243 245 183 215 123 231 246) (232 216 240 15 184) (241 248 185 124 217 233)
 (242 248 186 62 218 234) (243 249 250 187 125 235 219)
 (244 248 220 188 236 31) (245 249 189 252 221 126 237)
 (246 250 252 190 63 222 238) (247 251 253 254 223 127 191 239) NIL (128 256)
 (32 256) (257 130 258) (16 256) (257 132 260) (33 258 260) (261 262 259 134)
 (4 256) (257 264 144) (36 258 264) (265 146 259 266) (18 264 260)
 (261 265 148 268) (262 268 37 266) (263 267 269 150 270) (2 256) (257 272 160)
 (272 258 40) (273 162 259 274) (272 20 260) (261 273 164 276) (41 262 276 274)
 (263 275 277 166 278) (5 272 264) (265 273 280 176) (280 266 44 274)
 (281 178 267 275 282) (276 268 22 280) (281 277 180 269 284)
 (282 284 45 270 278) (271 182 279 283 285 286) (1 256) (257 288 192)
 (288 258 48) (289 194 259 290) (288 24 260) (261 289 196 292) (49 262 292 290)
 (263 291 293 198 294) (6 288 264) (265 289 296 208) (266 52 296 290)
 (297 210 267 291 298) (26 268 292 296) (297 293 212 269 300)
 (298 300 53 270 294) (271 214 295 299 301 302) (3 288 272) (273 289 304 224)
 (274 304 290 56) (305 226 275 291 306) (292 276 304 28) (305 293 228 277 308)
 (57 306 308 278 294) (307 309 279 230 295 310) (304 7 296 280)
 (281 297 305 312 240) (306 282 60 312 298) (242 307 313 314 283 299)
 (300 284 308 30 312) (244 309 313 285 316 301) (310 314 316 61 302 286)
 (246 311 315 317 318 287 303) NIL (256 320) (128 320) (321 257 322) (64 320)
 (129 322 324) (16 320) (321 326 260) (326 322 132) (261 323 327 328)
 (324 326 66) (325 133 328 330) (8 320) (322 332 136) (324 68 332)
 (137 333 325 334) (17 326 332) (333 140 328 336) (334 336 70 330)
 (331 337 335 141 338) NIL (340 320) (340 256) (341 321 342) (340 128)
 (341 322 344) (257 342 344) (343 345 323 346) (340 64) (341 324 348)
 (129 348 344) (349 325 345 350) (340 32) (342 258 352) (130 344 352)
 (259 346 353 354) (65 348 352) (356 131 350 354) (340 16) (341 358 326)
 (342 358 260) (343 360 327 359) (132 358 344) (359 345 328 362)
 (261 360 346 362) (363 361 329 347 364) (66 348 358) (366 359 349 330)
 (366 133 350 362) (331 367 368 363 351) (33 358 352) (262 360 370 353)
 (370 362 134 354) (355 263 372 371 364) (356 67 370 366) (374 357 368 135 372)
 (340 8) (341 376 332) (344 376 136) (333 377 345 378) (348 68 376)
 (377 334 380 349) (137 378 380 350) (335 381 379 351 382) (34 352 376)
 (138 378 384 354) (356 380 69 384) (385 386 357 139 382) (17 358 376)
 (377 359 336 388) (378 140 362 388) (389 379 337 390 363) (366 380 70 388)
 (389 367 381 338 392) (392 368 141 382 390) (391 393 394 339 369 383)
 (35 388 370 384) (385 390 396 142 372) (374 392 396 71 386)
 (375 394 397 387 143 398) (340 4) (342 400 264) (400 344 144)
 (265 401 346 402) (400 348 72) (145 402 404 350) (36 352 400)
 (401 266 406 353) (146 402 406 354) (355 267 403 407 408) (73 356 404 406)
 (410 357 405 147 408) (358 400 18) (268 401 360 412) (402 148 412 362)
 (413 403 269 414 364) (366 404 412 74) (405 368 149 414 416) (412 37 370 406)
 (418 407 413 270 371) (414 418 408 150 372) (373 409 415 419 420 271)
 (418 374 75 416 410) (375 151 417 420 411 422) (9 400 376) (378 424 402 152)
 (404 76 380 424) (153 425 405 382 426) (424 406 38 384) (385 154 425 428 408)
 (426 386 428 77 410) (387 155 411 427 429 430) (19 388 412 424)
 (425 156 432 390 414) (426 416 432 78 392) (417 394 157 427 433 434)
 (418 396 428 39 432) (420 397 158 429 433 436) (398 422 430 434 436 79)
 (159 423 399 431 435 437 438) (340 2) (342 440 272) (440 344 160)
 (273 441 346 442) (440 348 80) (161 442 444 350) (440 352 40)
 (441 274 446 353) (442 162 446 354) (355 275 443 447 448) (81 356 444 446)
 (450 357 445 163 448) (358 20 440) (276 441 360 452) (442 164 452 362)
 (453 443 277 454 364) (366 444 452 82) (445 368 165 454 456) (41 452 370 446)
 (458 453 278 371 447) (454 458 448 166 372) (373 449 455 459 460 279)
 (458 374 83 456 450) (375 451 457 460 462 167) (10 440 376) (442 378 464 168)
 (84 380 444 464) (169 465 445 382 466) (42 464 446 384) (385 170 465 468 448)
 (466 386 468 85 450) (387 467 451 171 469 470) (388 21 452 464)
 (465 172 472 390 454) (466 456 472 86 392) (473 474 394 457 467 173)
 (458 43 396 468 472) (473 476 397 460 469 174) (474 476 87 398 462 470)
 (475 477 478 399 175 463 471) (5 440 400) (401 441 480 280) (442 402 480 176)
 (281 481 403 443 482) (404 444 480 88) (177 445 484 405 482) (480 44 406 446)
 (481 282 447 407 486) (178 448 486 482 408) (409 449 483 487 488 283)
 (89 410 484 486 450) (411 451 485 179 488 490) (412 452 22 480)
 (481 453 284 413 492) (482 492 180 414 454) (415 483 455 493 494 285)
 (90 492 456 484 416) (181 417 485 457 494 496) (418 492 45 486 458)
 (419 487 459 493 498 286) (182 420 488 460 494 498)
 (421 489 461 495 499 500 287) (91 422 490 462 496 498)
 (183 423 491 463 497 500 502) (11 464 480 424) (425 465 504 482 184)
 (426 504 92 484 466) (505 506 185 485 427 467) (504 428 468 46 486)
 (505 508 186 488 429 469) (506 508 93 490 430 470)
 (507 509 510 187 491 431 471) (504 472 492 23 432) (473 505 512 188 494 433)
 (506 512 94 496 434 474) (507 513 514 189 475 497 435)
 (476 512 508 498 436 47) (477 513 516 190 509 500 437)
 (510 514 516 95 438 502 478) (479 511 515 517 518 191 439 503) (340 1)
 (342 520 288) (344 520 192) (289 521 346 522) (348 520 96) (193 522 524 350)
 (520 352 48) (521 290 526 353) (522 194 526 354) (355 291 523 527 528)
 (97 356 524 526) (530 357 525 195 528) (358 520 24) (521 292 360 532)
 (522 196 532 362) (533 523 293 534 364) (366 524 532 98) (525 368 197 534 536)
 (49 532 370 526) (527 538 533 294 371) (534 538 528 198 372)
 (373 539 540 295 529 535) (374 99 536 538 530) (537 375 540 542 199 531)
 (12 520 376) (522 378 544 200) (100 380 524 544) (201 545 525 382 546)
 (50 544 526 384) (385 202 545 548 528) (386 548 101 546 530)
 (387 547 549 550 203 531) (25 388 532 544) (545 552 204 390 534)
 (552 546 536 102 392) (537 394 547 553 554 205) (538 51 396 548 552)
 (540 397 549 553 556 206) (542 550 398 554 556 103)
 (543 551 555 557 399 207 558) (6 520 400) (401 521 560 296) (522 402 560 208)
 (297 561 403 523 562) (404 524 560 104) (209 525 564 405 562) (560 52 406 526)
 (561 298 527 407 566) (210 528 562 566 408) (409 529 299 563 567 568)
 (105 410 564 566 530) (570 411 211 531 565 568) (26 412 532 560)
 (561 533 300 413 572) (562 212 414 572 534) (573 574 415 563 301 535)
 (106 536 564 572 416) (537 213 574 576 417 565) (418 572 53 566 538)
 (539 573 578 419 302 567) (540 574 578 420 568 214)
 (569 541 575 579 580 421 303) (570 542 576 578 422 107)
 (571 543 215 577 580 582 423) (544 13 560 424) (425 545 584 562 216)
 (426 108 564 584 546) (217 547 585 586 427 565) (548 428 54 584 566)
 (218 549 585 588 429 568) (570 550 586 588 430 109)
 (571 219 551 587 589 590 431) (584 27 552 572 432) (585 574 220 553 592 433)
 (576 554 586 592 434 110) (577 221 555 587 593 594 435)
 (556 55 578 588 592 436) (580 222 557 593 589 596 437)
 (582 590 594 596 438 111 558) (559 583 223 591 595 597 598 439) (3 520 440)
 (441 521 600 304) (522 442 600 224) (305 601 443 523 602) (444 524 600 112)
 (225 525 604 445 602) (526 600 446 56) (601 306 527 447 606)
 (226 528 606 602 448) (307 607 608 449 603 529) (113 450 604 606 530)
 (605 608 610 451 227 531) (452 532 600 28) (601 533 308 453 612)
 (602 612 228 454 534) (603 309 613 614 455 535) (114 612 536 604 456)
 (537 605 614 616 457 229) (57 458 612 606 538) (539 310 607 613 618 459)
 (540 608 614 618 460 230) (541 311 609 615 619 620 461)
 (115 542 610 616 618 462) (463 543 611 617 620 622 231) (544 14 600 464)
 (465 545 602 624 232) (466 624 116 604 546) (605 547 625 233 626 467)
 (58 624 468 548 606) (608 549 625 234 628 469) (117 610 550 626 628 470)
 (611 551 630 235 629 627 471) (624 552 29 612 472) (473 614 553 625 236 632)
 (474 118 616 554 626 632) (633 634 475 617 555 627 237)
 (476 59 618 556 628 632) (633 636 477 620 557 629 238)
 (634 636 478 119 622 630 558) (635 637 559 479 239 623 631 638)
 (7 560 600 480) (481 561 640 601 312) (640 482 602 562 240)
 (603 313 642 483 641 563) (640 604 484 564 120) (241 605 642 644 485 565)
 (640 606 60 486 566) (607 641 314 646 487 567) (242 608 642 646 488 568)
 (569 609 315 647 648 489 643) (570 121 610 644 646 490)
 (571 611 645 243 648 650 491) (640 492 30 572 612) (573 641 316 613 652 493)
 (244 574 642 614 652 494) (575 643 317 615 653 654 495)
 (576 122 644 616 652 496) (245 577 645 617 654 656 497)
 (578 61 646 618 652 498) (579 318 647 619 653 658 499)
 (246 580 648 620 654 658 500) (581 319 649 621 655 659 660 501)
 (123 582 650 622 656 658 502) (247 583 651 623 657 660 662 503)
 (640 584 624 15 504) (505 248 642 585 625 664) (506 124 644 586 626 664)
 (665 666 507 249 645 587 627) (508 646 62 588 628 664)
 (665 668 509 250 648 589 629) (666 668 510 125 650 590 630)
 (667 669 670 511 251 651 591 631) (512 652 592 632 31 664)
 (633 665 672 513 252 654 593) (666 634 514 672 126 656 594)
 (667 673 674 515 253 635 657 595) (636 672 516 63 668 658 596)
 (637 673 676 517 254 669 660 597) (670 674 676 518 127 598 662 638)
 (519 671 639 675 677 678 255 663 599) NIL (680 340) (680 320) (341 682 681)
 (680 256) (342 684 681) (321 682 684) (683 685 343 686) (680 128)
 (344 681 688) (682 688 322) (689 690 683 345) (257 684 688) (689 692 685 346)
 (690 323 692 686) (691 693 347 687 694) (680 64) (348 681 696) (682 696 324)
 (697 698 683 349) (129 696 688) (689 697 700 350) (690 325 700 698)
 (691 701 699 351 702) (680 32) (704 681 352) (704 258 684) (705 685 706 353)
 (130 704 688) (689 708 705 354) (692 259 706 708) (355 709 693 707 710)
 (65 704 696) (697 356 712 705) (712 131 700 708) (709 713 357 701 714)
 (680 16) (358 716 681) (682 326 716) (683 717 359 718) (684 716 260)
 (717 360 685 720) (720 327 686 718) (721 722 361 719 687) (132 716 688)
 (689 724 717 362) (690 724 328 718) (691 725 719 363 726) (261 692 724 720)
 (721 725 728 693 364) (722 728 694 329 726) (695 723 727 729 730 365)
 (66 716 696) (697 366 732 717) (698 732 718 330) (699 733 367 719 734)
 (732 700 133 724) (725 733 368 701 736) (331 734 736 702 726)
 (727 735 737 738 369 703) (33 704 716) (717 740 705 370) (262 740 706 720)
 (721 741 371 707 742) (724 740 134 708) (709 741 744 725 372)
 (710 263 744 742 728) (373 745 746 729 711 743) (67 712 732 740)
 (374 733 741 713 748) (748 744 714 135 736) (745 375 749 750 715 737) (680 8)
 (752 681 376) (682 752 332) (377 753 683 754) (136 752 688) (689 378 756 753)
 (333 690 756 754) (755 691 757 379 758) (68 752 696) (697 753 380 760)
 (698 754 760 334) (761 762 699 381 755) (137 700 760 756)
 (761 757 764 701 382) (762 335 764 702 758) (703 759 763 765 766 383)
 (34 704 752) (753 768 705 384) (138 756 768 708) (709 385 757 769 770)
 (712 69 768 760) (761 386 772 713 769) (772 770 139 764 714)
 (387 773 774 771 715 765) (17 716 752) (753 388 717 776) (754 336 718 776)
 (777 778 755 389 719) (776 724 140 756) (777 757 780 725 390)
 (778 780 337 726 758) (391 779 781 782 727 759) (776 732 70 760)
 (761 777 784 733 392) (762 784 778 734 338) (393 779 785 786 735 763)
 (780 784 764 141 736) (394 781 785 788 737 765) (782 786 788 339 738 766)
 (395 783 787 789 790 739 767) (776 35 740 768) (769 777 396 741 792)
 (792 770 780 142 744) (745 771 397 781 793 794) (772 792 748 71 784)
 (773 398 785 793 749 796) (750 143 788 794 796 774)
 (751 775 399 789 795 797 798) (680 4) (800 681 400) (684 800 264)
 (401 801 685 802) (144 800 688) (689 402 801 804) (265 802 692 804)
 (805 403 693 803 806) (72 800 696) (697 801 404 808) (145 700 804 808)
 (809 405 805 701 810) (36 704 800) (801 812 705 406) (266 812 706 802)
 (803 813 407 707 814) (146 804 812 708) (709 813 816 805 408)
 (710 267 816 806 814) (409 807 815 817 818 711) (73 712 812 808)
 (809 410 813 713 820) (810 147 820 714 816) (411 811 817 821 822 715)
 (18 716 800) (801 412 717 824) (802 268 824 720) (721 825 803 413 826)
 (148 724 804 824) (825 805 828 725 414) (826 828 269 806 728)
 (415 807 729 827 829 830) (74 732 824 808) (809 825 832 733 416)
 (810 828 149 832 736) (833 834 417 811 737 829) (740 37 812 824)
 (825 418 813 741 836) (814 836 742 826 270) (837 838 419 815 827 743)
 (828 816 150 836 744) (745 837 840 420 817 829) (746 838 840 818 271 830)
 (747 839 841 842 421 819 831) (75 748 820 836 832) (833 837 844 422 821 749)
 (834 750 151 840 844 822) (835 751 841 845 846 423 823) (9 800 752)
 (753 801 848 424) (756 804 848 152) (425 805 757 849 850) (76 808 848 760)
 (761 426 809 849 852) (153 810 764 852 850) (811 427 851 853 854 765)
 (812 38 848 768) (769 849 428 813 856) (770 850 816 856 154)
 (771 817 851 429 857 858) (772 77 820 852 856) (773 821 430 857 853 860)
 (774 155 854 858 860 822) (431 775 823 855 859 861 862) (19 824 848 776)
 (777 825 864 849 432) (156 850 780 828 864) (865 866 781 851 433 829)
 (832 864 78 852 784) (865 833 868 785 853 434) (834 868 866 157 788 854)
 (867 869 870 835 789 855 435) (836 856 864 39 792) (865 837 872 857 793 436)
 (866 872 840 158 858 794) (867 841 874 873 795 437 859)
 (860 872 844 868 796 79) (869 873 797 876 845 861 438)
 (870 874 876 846 159 798 862) (871 875 877 878 847 799 439 863) (680 2)
 (880 681 440) (684 880 272) (441 881 685 882) (160 880 688) (689 442 884 881)
 (273 882 692 884) (885 443 693 883 886) (80 880 696) (697 881 444 888)
 (161 700 884 888) (889 445 701 885 890) (704 880 40) (881 892 705 446)
 (274 892 706 882) (883 893 447 707 894) (162 884 892 708)
 (709 893 896 885 448) (710 275 896 886 894) (897 898 449 711 887 895)
 (81 712 892 888) (889 450 900 713 893) (890 163 900 714 896)
 (897 901 902 451 715 891) (20 716 880) (881 452 717 904) (882 276 904 720)
 (721 905 883 453 906) (164 724 884 904) (905 885 908 725 454)
 (906 908 277 886 728) (907 909 910 455 729 887) (82 732 904 888)
 (889 905 912 733 456) (890 908 165 912 736) (913 909 457 914 737 891)
 (41 740 892 904) (905 458 916 741 893) (906 894 916 742 278)
 (907 459 917 743 895 918) (916 896 908 166 744) (745 897 909 460 917 920)
 (746 898 910 918 279 920) (747 899 911 461 919 921 922) (83 748 912 916 900)
 (901 913 917 462 749 924) (750 914 167 920 924 902)
 (751 903 915 463 921 925 926) (10 880 752) (753 881 928 464) (756 928 884 168)
 (465 885 757 929 930) (84 928 888 760) (761 466 932 889 929)
 (169 890 764 932 930) (931 933 934 467 765 891) (42 892 928 768)
 (769 929 468 893 936) (936 770 896 930 170) (897 771 937 938 931 469)
 (932 936 772 85 900) (901 937 940 933 773 470) (934 938 940 902 171 774)
 (775 935 903 939 941 942 471) (904 21 928 776) (777 905 944 929 472)
 (944 930 172 780 908) (473 931 781 909 945 946) (932 944 912 86 784)
 (474 933 785 948 913 945) (934 946 788 914 948 173)
 (475 935 915 947 949 950 789) (936 944 43 916 792) (476 937 945 917 952 793)
 (938 920 946 952 794 174) (477 939 953 947 921 954 795)
 (924 87 940 948 952 796) (478 797 941 949 953 956 925)
 (942 926 950 954 956 798 175) (479 943 799 951 955 957 958 927) (5 880 800)
 (801 881 960 480) (802 882 960 280) (481 961 803 883 962) (960 804 884 176)
 (961 482 964 805 885) (281 962 964 806 886) (963 965 966 807 483 887)
 (960 88 888 808) (809 889 484 968 961) (177 810 964 968 890)
 (965 969 970 811 485 891) (44 812 892 960) (961 893 972 813 486)
 (282 962 972 814 894) (963 973 974 487 815 895) (178 896 972 964 816)
 (897 965 973 976 817 488) (898 966 974 976 818 283)
 (977 899 967 975 489 978 819) (89 968 820 972 900) (901 969 973 490 980 821)
 (179 902 970 976 980 822) (903 971 977 491 981 982 823) (960 904 22 824)
 (825 905 492 984 961) (826 284 962 984 906) (963 907 493 985 986 827)
 (180 964 828 984 908) (965 909 494 985 988 829) (966 910 986 988 285 830)
 (967 911 495 987 989 990 831) (90 912 984 968 832) (833 969 913 496 985 992)
 (834 181 970 914 988 992) (993 994 835 971 915 497 989) (972 836 45 984 916)
 (996 837 973 917 985 498) (996 838 974 918 986 286)
 (997 998 839 975 919 987 499) (996 182 840 976 920 988)
 (997 1000 841 977 921 500 989) (998 1000 842 978 922 990 287)
 (999 1001 1002 843 979 923 501 991) (996 91 844 980 924 992)
 (993 997 1004 845 981 925 502) (994 183 1000 1004 846 982 926)
 (995 1001 1005 1006 847 503 983 927) (960 11 928 848) (849 929 1008 961 504)
 (850 1008 964 930 184) (505 931 965 1009 1010 851) (932 1008 92 852 968)
 (506 933 969 1009 1012 853) (934 185 970 1010 1012 854)
 (507 935 971 1011 1013 1014 855) (972 1008 936 46 856)
 (508 937 973 1009 1016 857) (186 938 976 1010 1016 858)
 (509 939 977 1011 1017 1018 859) (940 93 980 1016 1012 860)
 (510 941 1013 1017 981 1020 861) (187 942 982 1018 1020 862 1014)
 (1015 511 943 983 1019 1021 1022 863) (984 1008 944 23 864)
 (865 1009 512 945 985 1024) (866 946 188 1010 988 1024)
 (1025 1026 867 513 947 1011 989) (868 94 948 1012 992 1024)
 (993 1025 1028 869 514 949 1013) (994 1028 870 1026 189 1014 950)
 (1027 1029 951 871 515 995 1015 1030) (996 872 952 1016 47 1024)
 (1025 997 1032 873 516 1017 953) (1026 1000 874 1032 190 954 1018)
 (1027 1001 1034 875 517 1033 1019 955) (1020 1032 1004 95 1028 956 876)
 (1029 1021 877 1036 1005 518 1033 957) (958 1030 1034 1036 1006 191 878 1022)
 (519 1031 1035 1037 1038 1007 1023 879 959) (680 1) (1040 681 520)
 (1040 684 288) (521 1041 685 1042) (1040 192 688) (689 522 1044 1041)
 (289 1042 692 1044) (1045 523 693 1043 1046) (1040 96 696) (697 1041 524 1048)
 (193 1044 700 1048) (1049 525 701 1050 1045) (1040 704 48) (1041 1052 705 526)
 (290 1052 706 1042) (1043 1053 527 707 1054) (194 1044 1052 708)
 (709 1053 1056 1045 528) (710 291 1056 1046 1054)
 (1057 1058 711 1047 529 1055) (97 1052 712 1048) (1049 530 1060 713 1053)
 (1050 195 1060 714 1056) (1057 1061 1062 715 531 1051) (1040 716 24)
 (1041 532 717 1064) (1042 1064 292 720) (721 1065 1043 533 1066)
 (196 1064 724 1044) (1065 1045 1068 725 534) (1066 1068 293 1046 728)
 (1067 1069 1070 729 1047 535) (98 1064 732 1048) (1049 1065 1072 733 536)
 (1050 1072 1068 197 736) (537 1069 1073 1074 737 1051) (49 1052 740 1064)
 (1065 538 1076 741 1053) (1066 1076 1054 742 294)
 (539 1067 1077 743 1055 1078) (1068 1056 1076 198 744)
 (745 1057 540 1069 1077 1080) (746 1058 1070 1078 295 1080)
 (747 541 1059 1071 1079 1081 1082) (99 748 1060 1076 1072)
 (1061 542 1073 1077 749 1084) (750 1074 199 1080 1084 1062)
 (543 1063 1075 1081 1085 1086 751) (1040 12 752) (753 1041 1088 544)
 (1044 1088 756 200) (545 1045 757 1090 1089) (1048 1088 100 760)
 (761 546 1092 1089 1049) (201 1050 764 1092 1090)
 (1091 1093 1094 547 1051 765) (50 1088 1052 768) (769 1089 548 1053 1096)
 (770 1056 1090 1096 202) (1057 771 1097 1098 549 1091)
 (1092 1060 772 101 1096) (1061 1097 1093 1100 550 773)
 (1094 1062 1098 1100 203 774) (775 1063 1095 1099 1101 1102 551)
 (25 1088 1064 776) (777 1065 1104 1089 552) (204 1068 780 1104 1090)
 (1105 1091 781 1069 553 1106) (1092 1072 102 1104 784)
 (1073 1093 785 554 1108 1105) (1094 1106 1108 1074 788 205)
 (1095 1075 1107 555 1109 1110 789) (1096 51 1076 1104 792)
 (1097 1105 556 1077 1112 793) (1098 1080 1106 1112 794 206)
 (1099 1113 1107 557 1081 1114 795) (796 1100 1108 103 1112 1084)
 (797 1101 1109 558 1113 1116 1085) (1102 1086 1110 1114 1116 798 207)
 (559 1103 799 1111 1115 1117 1118 1087) (6 1040 800) (801 1041 1120 560)
 (802 1120 1042 296) (561 1121 803 1043 1122) (1044 804 1120 208)
 (1121 562 1124 805 1045) (297 1122 1124 806 1046)
 (1123 1125 1126 807 1047 563) (1048 104 1120 808) (809 1049 1121 564 1128)
 (209 810 1124 1128 1050) (1125 1129 1130 811 1051 565) (52 1052 812 1120)
 (1121 1053 1132 813 566) (1122 298 1132 814 1054)
 (1123 1133 1134 815 567 1055) (210 1056 1124 1132 816)
 (1057 1125 1133 1136 817 568) (1058 1126 1134 1136 818 299)
 (569 1059 1127 1135 1137 1138 819) (105 1060 820 1132 1128)
 (570 1061 1129 1133 1140 821) (211 1062 1130 1136 1140 822)
 (571 1063 1131 1137 1141 1142 823) (26 1064 1120 824) (825 1065 1121 572 1144)
 (1122 826 300 1144 1066) (1123 573 1067 1145 1146 827)
 (212 828 1068 1124 1144) (1125 574 1069 1145 1148 829)
 (1126 1070 1146 1148 301 830) (575 1127 1071 1147 1149 1150 831)
 (106 1072 1128 1144 832) (833 576 1129 1073 1145 1152)
 (834 213 1130 1074 1148 1152) (1153 1154 835 577 1131 1075 1149)
 (1076 836 53 1132 1144) (1156 837 578 1133 1077 1145)
 (1156 838 1134 1078 1146 302) (1157 1158 839 579 1135 1079 1147)
 (1156 214 840 1136 1080 1148) (1157 1160 841 580 1137 1081 1149)
 (1158 1160 842 1138 1082 1150 303) (1159 1161 1162 843 581 1139 1083 1151)
 (1156 844 1140 107 1084 1152) (1153 1157 1164 845 582 1141 1085)
 (1154 215 1160 1164 846 1142 1086) (1155 1161 1165 1166 583 847 1143 1087)
 (1120 1088 13 848) (849 1089 1121 1168 584) (1168 850 1124 1090 216)
 (1169 1091 1125 585 1170 851) (108 1092 852 1168 1128)
 (1093 1129 1169 586 1172 853) (1094 217 1130 1170 1172 854)
 (1095 1131 1171 587 1173 1174 855) (1168 1096 1132 54 856)
 (1097 1133 1169 588 1176 857) (1098 1136 1170 218 1176 858)
 (1099 1137 1171 589 1177 1178 859) (1100 1140 1172 1176 860 109)
 (1101 1141 590 1177 1173 1180 861) (219 1102 1142 1178 1180 862 1174)
 (591 1175 1103 1143 1179 1181 1182 863) (27 1104 1144 1168 864)
 (865 1169 1105 592 1145 1184) (866 1106 220 1170 1148 1184)
 (1185 1186 867 1171 1107 593 1149) (868 1108 1172 1152 110 1184)
 (1153 1185 1188 869 1109 1173 594) (1154 1188 870 1186 221 1174 1110)
 (1187 1189 1111 871 1155 1175 595 1190) (1156 55 872 1112 1176 1184)
 (1185 1157 1192 873 1177 1113 596) (1186 1160 874 1192 222 1114 1178)
 (1187 1161 1194 875 1193 1115 597 1179) (1116 1192 876 1188 1180 1164 111)
 (1189 1193 877 1196 1165 1181 1117 598)
 (1190 1194 1196 1166 223 878 1118 1182)
 (1191 1195 1197 1198 879 599 1119 1167 1183) (3 1040 880) (881 1041 1200 600)
 (882 1200 1042 304) (601 1201 883 1043 1202) (1044 884 1200 224)
 (1201 602 1204 885 1045) (305 1202 1204 886 1046)
 (603 887 1203 1205 1206 1047) (1048 112 1200 888) (889 1049 604 1201 1208)
 (225 890 1204 1208 1050) (605 1205 1209 1210 891 1051) (1052 892 1200 56)
 (1201 1053 1212 893 606) (306 1202 1212 894 1054)
 (607 1203 895 1213 1214 1055) (1212 226 1056 1204 896)
 (897 1057 608 1205 1213 1216) (898 307 1058 1206 1214 1216)
 (1217 1218 899 609 1059 1207 1215) (113 1060 900 1212 1208)
 (1220 1061 610 1209 901 1213) (1220 902 1062 227 1210 1216)
 (1217 1221 903 1063 611 1211 1222) (1064 28 1200 904) (905 1065 612 1201 1224)
 (906 1202 308 1224 1066) (1225 1226 907 613 1203 1067)
 (228 908 1068 1204 1224) (1225 909 1228 1069 614 1205)
 (309 1226 1228 910 1070 1206) (911 1227 1229 1230 1071 615 1207)
 (114 1072 1224 1208 912) (1073 1225 1232 913 1209 616)
 (1074 1228 1232 914 229 1210) (1233 1229 1075 617 1234 915 1211)
 (57 1076 916 1212 1224) (1225 618 1236 1077 917 1213)
 (310 1226 1236 918 1214 1078) (919 1227 619 1237 1238 1079 1215)
 (1228 920 1236 230 1080 1216) (1217 1229 1081 620 1237 1240 921)
 (1218 311 1240 1230 1238 1082 922) (1219 1231 621 1239 1241 1242 923 1083)
 (115 1084 1220 1232 1236 924) (1221 925 1233 1237 622 1244 1085)
 (1222 1086 1234 231 1240 1244 926) (1223 1235 927 623 1241 1245 1246 1087)
 (1088 14 1200 928) (929 1089 1248 1201 624) (930 1248 1204 1090 232)
 (1249 1250 931 1091 1205 625) (116 932 1248 1092 1208)
 (1249 1252 933 1093 1209 626) (1250 1252 934 233 1210 1094)
 (1251 1253 935 1095 1211 627 1254) (58 1096 1248 1212 936)
 (1249 1256 937 1097 628 1213) (1250 1256 938 1098 234 1216)
 (1217 1251 1257 1258 939 629 1099) (1252 117 1256 940 1100 1220)
 (1221 1257 941 1260 1101 1253 630) (1222 1258 1260 942 1102 235 1254)
 (1255 1223 1259 1261 1262 1103 943 631) (1248 1104 29 1224 944)
 (1249 1105 1225 1264 945 632) (1250 1106 1228 1264 946 236)
 (633 1251 1229 1107 1265 1266 947) (1252 118 1264 1108 948 1232)
 (634 1253 1233 1268 949 1265 1109) (1254 1266 1234 1268 950 237 1110)
 (635 951 1255 1267 1235 1269 1270 1111) (1256 59 952 1264 1236 1112)
 (636 1257 1265 1113 1237 1272 953) (1258 1272 1266 1240 954 238 1114)
 (637 1259 1273 1267 1241 1274 955 1115) (956 119 1260 1268 1272 1116 1244)
 (638 957 1245 1261 1269 1273 1276 1117)
 (1262 958 1270 1118 1274 1276 1246 239)
 (959 639 1263 1119 1271 1275 1277 1278 1247) (7 1120 1200 960)
 (961 1121 1280 1201 640) (1122 962 1202 1280 312)
 (1281 1282 963 641 1123 1203) (1280 964 1124 1204 240)
 (1281 1284 1125 642 1205 965) (1282 1284 966 313 1206 1126)
 (1283 1285 967 1127 643 1207 1286) (1280 120 1128 1208 968)
 (1281 1288 969 644 1129 1209) (241 1284 1288 970 1130 1210)
 (1285 1289 1290 971 645 1211 1131) (60 972 1132 1212 1280)
 (1281 973 1292 1133 646 1213) (1282 314 1292 974 1134 1214)
 (1283 975 1293 1294 1135 647 1215) (242 1284 1292 1136 976 1216)
 (1217 1137 1285 1293 648 977 1296) (1218 1286 1138 315 1294 1296 978)
 (1297 1219 1287 1139 1295 649 1298 979) (1220 1288 121 1292 1140 980)
 (1221 1289 1293 650 1300 1141 981) (243 1222 1290 1296 1300 982 1142)
 (983 1223 1291 1297 651 1301 1302 1143) (1280 1224 1144 30 984)
 (1281 1225 1145 652 1304 985) (1146 1282 1226 316 1304 986)
 (1283 1227 653 1305 1306 987 1147) (244 1228 1284 1304 988 1148)
 (1285 989 1229 654 1305 1308 1149) (1286 317 1230 1150 1306 1308 990)
 (1287 1231 991 655 1307 1309 1310 1151) (1288 122 1232 1304 992 1152)
 (993 1153 1289 1233 656 1305 1312) (994 245 1154 1290 1234 1308 1312)
 (1313 1314 995 1291 1155 1235 657 1309) (996 1292 61 1236 1156 1304)
 (1316 1157 1293 1237 1305 658 997) (1316 1158 1294 318 1238 1306 998)
 (1317 999 1159 1295 1239 659 1307 1318) (1316 246 1160 1000 1296 1240 1308)
 (1317 1320 1001 1297 1161 1241 660 1309)
 (1318 1320 1002 319 1298 1162 1242 1310)
 (1319 1321 1322 1003 1299 1243 661 1163 1311)
 (1164 123 1004 1316 1300 1244 1312) (1313 1317 1005 1324 1165 1301 1245 662)
 (1314 247 1320 1324 1006 1166 1302 1246)
 (1315 1321 1325 1326 1007 663 1303 1167 1247) (1280 1168 1248 15 1008)
 (1281 1169 1328 1009 1249 664) (1250 1284 1170 248 1328 1010)
 (665 1251 1285 1171 1329 1330 1011) (1252 1288 124 1172 1328 1012)
 (666 1253 1289 1329 1332 1173 1013) (1254 249 1290 1330 1332 1014 1174)
 (667 1015 1255 1291 1331 1333 1334 1175) (1256 1292 62 1328 1016 1176)
 (668 1257 1293 1329 1177 1336 1017) (1258 1336 1296 1330 250 1178 1018)
 (669 1259 1297 1331 1337 1338 1019 1179) (1180 1260 125 1332 1300 1336 1020)
 (670 1021 1261 1333 1337 1301 1340 1181)
 (251 1262 1182 1302 1338 1340 1022 1334)
 (1335 671 1263 1183 1303 1339 1341 1342 1023) (1024 1264 1304 1328 31 1184)
 (1025 1185 672 1329 1265 1305 1344) (1026 1330 252 1266 1186 1308 1344)
 (1345 1346 1027 673 1187 1267 1331 1309) (1028 126 1188 1332 1268 1344 1312)
 (1313 1345 1348 1029 674 1189 1269 1333)
 (1314 1348 1030 1346 1190 253 1334 1270)
 (1315 1349 1271 1191 675 1347 1031 1335 1350)
 (1316 1192 1336 63 1032 1272 1344) (1345 1317 1273 1352 1033 676 1193 1337)
 (1346 1194 1320 1034 1352 254 1338 1274)
 (1347 1339 1321 1354 1035 677 1353 1275 1195)
 (1324 1036 1352 1196 1340 127 1348 1276)
 (1349 1353 1197 1356 1325 678 1037 1341 1277)
 (1350 1038 1354 1356 1326 255 1278 1198 1342)
 (1039 1351 1355 1357 1358 1199 679 1327 1343 1279) NIL (1360 680) (1360 340)
 (1361 681 1362) (1360 320) (682 1361 1364) (341 1364 1362)
 (683 1365 1366 1363) (1360 128) (1361 1368 688) (344 1362 1368)
 (689 1369 1363 1370) (322 1364 1368) (1369 690 1372 1365) (1370 1372 345 1366)
 (691 1373 1371 1367 1374) (1360 32) (1361 704 1376) (1376 1362 352)
 (1377 1378 705 1363) (130 1376 1368) (1369 1377 1380 708) (1370 1380 1378 354)
 (709 1371 1381 1379 1382) (1360 16) (1361 716 1384) (358 1362 1384)
 (1385 1386 717 1363) (326 1364 1384) (1385 1388 1365 718) (1386 359 1388 1366)
 (1387 1389 719 1367 1390) (132 1384 1368) (1369 1385 724 1392)
 (1370 1392 362 1386) (1393 1394 1371 725 1387) (1388 1372 328 1392)
 (1393 1389 1396 1373 726) (1394 1396 1374 363 1390)
 (1375 727 1391 1395 1397 1398) (33 1384 1376) (1377 1385 740 1400)
 (1378 1400 370 1386) (1401 1402 1379 741 1387) (1400 1380 134 1392)
 (1393 1401 1404 1381 744) (1394 1404 1382 1402 372)
 (745 1395 1403 1405 1406 1383) (1360 8) (1361 1408 752) (1408 1362 376)
 (753 1409 1363 1410) (1408 1364 332) (1409 754 1412 1365) (377 1410 1412 1366)
 (755 1413 1411 1367 1414) (1408 136 1368) (1369 1409 756 1416)
 (1370 1416 1410 378) (1417 1418 1371 757 1411) (333 1412 1372 1416)
 (1417 1413 1420 1373 758) (1418 379 1420 1374 1414)
 (1415 1419 1421 1422 1375 759) (34 1408 1376) (1377 1409 1424 768)
 (1378 1424 1410 384) (769 1425 1379 1411 1426) (138 1380 1424 1416)
 (1417 770 1428 1381 1425) (385 1418 1428 1382 1426)
 (771 1419 1427 1429 1430 1383) (17 1408 1384) (1385 1409 1432 776)
 (1386 388 1432 1410) (777 1433 1387 1411 1434) (1412 1388 336 1432)
 (1433 778 1436 1389 1413) (1434 1436 389 1390 1414)
 (1415 779 1391 1435 1437 1438) (1416 140 1432 1392) (1393 1417 780 1440 1433)
 (1394 1434 1440 390 1418) (1441 1442 1419 781 1395 1435)
 (1420 1396 337 1436 1440) (1441 1444 1421 782 1397 1437)
 (1442 1444 391 1422 1398 1438) (1443 1445 1446 1423 783 1399 1439)
 (1432 35 1424 1400) (1401 1425 1448 1433 792) (1402 1448 396 1434 1426)
 (1449 1450 1427 793 1403 1435) (1428 1448 1404 142 1440)
 (1441 1449 1452 1429 794 1405) (1442 1450 1452 397 1430 1406)
 (1443 1451 1453 1454 1431 795 1407) (1360 4) (1361 1456 800) (1456 1362 400)
 (801 1457 1363 1458) (144 1456 1368) (1369 1457 804 1460) (1370 1458 1460 402)
 (1461 1371 805 1459 1462) (36 1456 1376) (1377 1457 812 1464)
 (1378 1464 406 1458) (1465 1466 1379 813 1459) (146 1380 1464 1460)
 (1465 1461 1468 1381 816) (1466 1462 1468 1382 408)
 (817 1463 1467 1469 1470 1383) (18 1456 1384) (1385 1457 1472 824)
 (1386 412 1472 1458) (825 1473 1387 1459 1474) (148 1460 1472 1392)
 (1393 1473 828 1461 1476) (1394 1476 1474 414 1462)
 (1475 1477 1478 1395 1463 829) (1464 37 1472 1400) (1401 1465 836 1473 1480)
 (1480 1402 1466 1474 418) (1475 837 1481 1482 1403 1467)
 (1476 1480 1404 150 1468) (1477 840 1481 1405 1484 1469)
 (420 1478 1482 1484 1470 1406) (1479 841 1483 1485 1486 1407 1471)
 (9 1456 1408) (1409 1457 1488 848) (1488 1410 1458 424)
 (849 1489 1411 1459 1490) (1488 152 1460 1416) (1417 850 1492 1461 1489)
 (425 1418 1492 1462 1490) (1419 851 1491 1493 1494 1463) (1488 1464 38 1424)
 (1425 1465 1496 1489 856) (1496 1426 428 1490 1466)
 (1491 1497 1427 857 1498 1467) (1492 154 1428 1496 1468)
 (1493 1429 1497 858 1500 1469) (429 1494 1498 1500 1470 1430)
 (1431 1502 1495 1499 1501 859 1471) (1488 19 1472 1432)
 (1433 1473 1504 1489 864) (1434 1504 1474 1490 432)
 (865 1505 1475 1506 1491 1435) (1476 1492 156 1504 1440)
 (1441 866 1508 1477 1493 1505) (1442 1508 1478 1506 1494 433)
 (1507 1509 1510 1479 1443 867 1495) (1496 1504 1480 39 1448)
 (1505 1512 1449 872 1481 1497) (1506 1512 1450 1482 1498 436)
 (1507 873 1514 1451 1513 1499 1483) (1452 1512 1484 158 1508 1500)
 (1509 1513 874 1516 1453 1501 1485) (1510 1514 1516 1454 1486 437 1502)
 (1511 1515 1517 1518 1487 1455 875 1503) (1360 2) (1361 1520 880)
 (1520 1362 440) (881 1521 1363 1522) (1520 160 1368) (1369 1521 884 1524)
 (1370 1524 1522 442) (1525 1371 885 1523 1526) (1520 40 1376)
 (1377 1521 892 1528) (1378 1528 446 1522) (1529 1530 1379 893 1523)
 (1524 162 1380 1528) (1529 1525 1532 1381 896) (1530 1532 1526 1382 448)
 (897 1527 1531 1533 1534 1383) (1520 20 1384) (1385 1521 1536 904)
 (1536 1386 452 1522) (905 1537 1387 1523 1538) (1524 1536 164 1392)
 (1393 1537 908 1525 1540) (1538 1394 1540 454 1526)
 (1539 1541 1542 909 1395 1527) (41 1536 1528 1400) (1401 1529 1537 916 1544)
 (1538 1402 1544 1530 458) (1539 1545 1546 917 1403 1531)
 (1532 1404 1540 166 1544) (1541 1545 1405 1548 920 1533)
 (1542 1546 1548 1534 460 1406) (1543 1547 1549 1550 1407 921 1535)
 (10 1520 1408) (1409 1521 1552 928) (1410 1552 1522 464)
 (929 1553 1411 1523 1554) (1524 168 1552 1416) (1417 930 1553 1556 1525)
 (465 1418 1556 1526 1554) (931 1419 1555 1557 1558 1527) (42 1528 1552 1424)
 (1425 1529 1553 1560 936) (1554 1426 468 1560 1530)
 (937 1555 1427 1561 1562 1531) (1532 170 1428 1556 1560)
 (938 1557 1561 1429 1564 1533) (1558 1562 1564 469 1534 1430)
 (1559 939 1431 1563 1565 1566 1535) (1536 21 1552 1432)
 (1433 1537 1553 1568 944) (1538 1434 1568 1554 472)
 (1569 1570 1539 945 1555 1435) (1568 172 1540 1556 1440)
 (1441 1569 1572 1541 946 1557) (473 1442 1572 1542 1570 1558)
 (1443 1573 1574 1543 1571 947 1559) (43 1544 1560 1568 1448)
 (1569 1576 1449 1545 952 1561) (1570 476 1576 1450 1546 1562)
 (1571 1577 1578 1451 953 1563 1547) (1572 1576 1452 1548 1564 174)
 (1573 1577 1453 1580 1549 954 1565) (477 1574 1578 1580 1454 1550 1566)
 (1575 1579 1581 1582 1551 1455 955 1567) (5 1520 1456) (1457 1521 1584 960)
 (1458 1584 1522 480) (961 1585 1459 1523 1586) (1524 1460 1584 176)
 (1585 1525 964 1461 1588) (482 1588 1462 1586 1526)
 (965 1463 1587 1589 1590 1527) (1528 44 1584 1464) (1465 1529 972 1585 1592)
 (1466 1592 486 1586 1530) (973 1587 1593 1594 1467 1531)
 (1532 178 1468 1588 1592) (1469 976 1589 1593 1596 1533)
 (1470 488 1590 1594 1596 1534) (977 1471 1591 1595 1597 1598 1535)
 (1584 1536 22 1472) (1473 1537 1585 1600 984) (1474 492 1600 1586 1538)
 (1601 1602 1475 1539 1587 985) (180 1476 1540 1588 1600)
 (1601 1604 1541 1589 1477 988) (1602 1604 1542 494 1590 1478)
 (1603 1605 1479 1543 1591 989 1606) (1600 1544 45 1592 1480)
 (1601 996 1608 1481 1545 1593) (1602 1608 1546 498 1482 1594)
 (1603 997 1609 1610 1483 1595 1547) (1548 182 1608 1484 1604 1596)
 (1605 1000 1609 1485 1612 1549 1597) (1606 1610 1612 1486 1550 500 1598)
 (1607 1001 1611 1613 1614 1551 1487 1599) (11 1552 1584 1488)
 (1489 1553 1585 1616 1008) (1554 1490 1616 1586 504)
 (1617 1555 1009 1618 1491 1587) (1492 1556 1588 1616 184)
 (1493 1617 1010 1620 1557 1589) (505 1618 1620 1590 1558 1494)
 (1495 1011 1619 1621 1622 1559 1591) (1592 1560 46 1616 1496)
 (1016 1617 1561 1593 1624 1497) (508 1562 1618 1594 1624 1498)
 (1595 1625 1619 1017 1626 1499 1563) (1564 186 1596 1620 1624 1500)
 (1597 1621 1625 1018 1628 1565 1501) (509 1566 1502 1622 1626 1628 1598)
 (1599 1630 1503 1623 1627 1629 1019 1567) (1568 1616 1600 23 1504)
 (1505 1569 1601 1617 1024 1632) (1506 1570 1602 512 1618 1632)
 (1025 1633 1603 1634 1507 1619 1571) (1508 188 1572 1620 1604 1632)
 (1633 1026 1636 1573 1621 1509 1605) (1634 1636 1606 513 1622 1574 1510)
 (1027 1637 1575 1607 1511 1635 1623 1638) (1576 1512 1608 1624 47 1632)
 (1633 1032 1513 1640 1577 1609 1625) (1634 1640 1514 516 1578 1610 1626)
 (1635 1033 1642 1611 1579 1641 1627 1515) (1516 1640 1580 190 1612 1636 1628)
 (1637 1641 1034 1644 1581 1629 1613 1517)
 (1638 1582 1644 517 1614 1518 1642 1630)
 (1639 1035 1645 1646 1615 1583 1519 1643 1631) (1360 1) (1361 1648 1040)
 (1648 1362 520) (1041 1649 1363 1650) (1648 192 1368) (1369 1649 1044 1652)
 (1370 1652 1650 522) (1653 1371 1045 1651 1654) (1648 48 1376)
 (1377 1649 1052 1656) (1378 1656 526 1650) (1657 1658 1379 1053 1651)
 (194 1380 1652 1656) (1657 1653 1660 1381 1056) (1658 1654 1660 1382 528)
 (1057 1655 1659 1661 1662 1383) (1648 24 1384) (1385 1649 1664 1064)
 (1386 532 1664 1650) (1065 1665 1387 1651 1666) (1652 196 1664 1392)
 (1393 1665 1068 1653 1668) (1666 1394 1668 534 1654)
 (1667 1669 1670 1069 1395 1655) (49 1664 1656 1400) (1401 1657 1665 1076 1672)
 (1666 1402 1672 1658 538) (1667 1673 1674 1077 1403 1659)
 (1660 1404 1668 198 1672) (1669 1673 1405 1676 1080 1661)
 (540 1670 1674 1676 1662 1406) (1671 1675 1677 1678 1407 1081 1663)
 (1648 12 1408) (1409 1649 1680 1088) (1410 1680 1650 544)
 (1089 1681 1411 1651 1682) (1652 200 1680 1416) (1417 1090 1681 1684 1653)
 (545 1418 1684 1654 1682) (1091 1419 1683 1685 1686 1655) (50 1656 1680 1424)
 (1425 1657 1681 1688 1096) (1682 1426 548 1688 1658)
 (1097 1683 1427 1689 1690 1659) (202 1428 1684 1660 1688)
 (1098 1685 1689 1429 1692 1661) (549 1686 1690 1692 1662 1430)
 (1431 1099 1687 1691 1693 1694 1663) (25 1664 1680 1432)
 (1433 1665 1681 1696 1104) (1666 1434 1682 1696 552)
 (1697 1698 1667 1105 1683 1435) (204 1668 1696 1684 1440)
 (1441 1697 1700 1669 1106 1685) (1442 1700 1670 1698 553 1686)
 (1443 1701 1702 1671 1699 1107 1687) (51 1672 1688 1696 1448)
 (1697 1704 1449 1673 1112 1689) (1698 1704 1450 556 1674 1690)
 (1699 1705 1706 1451 1113 1691 1675) (1700 1676 1704 1452 1692 206)
 (1701 1705 1453 1708 1677 1114 1693) (1702 1706 1708 1454 1678 557 1694)
 (1703 1707 1709 1710 1679 1455 1115 1695) (6 1648 1456) (1457 1649 1712 1120)
 (1458 1712 1650 560) (1121 1713 1459 1651 1714) (1652 1460 1712 208)
 (1713 1653 1124 1461 1716) (562 1716 1714 1462 1654)
 (1125 1463 1715 1717 1718 1655) (1656 52 1712 1464) (1465 1657 1132 1713 1720)
 (1466 1720 1714 566 1658) (1133 1715 1721 1722 1467 1659)
 (210 1468 1716 1660 1720) (1469 1136 1717 1721 1724 1661)
 (1470 1718 1722 1724 1662 568) (1137 1471 1719 1723 1725 1726 1663)
 (26 1664 1712 1472) (1473 1665 1713 1728 1144) (1474 572 1714 1728 1666)
 (1729 1730 1475 1667 1715 1145) (212 1476 1668 1716 1728)
 (1729 1732 1669 1717 1477 1148) (1730 574 1732 1670 1718 1478)
 (1731 1733 1479 1671 1719 1149 1734) (1728 1672 53 1720 1480)
 (1729 1156 1736 1481 1673 1721) (1730 1736 1674 1482 1722 578)
 (1731 1157 1737 1738 1483 1723 1675) (1676 214 1736 1484 1732 1724)
 (1733 1160 1737 1485 1740 1677 1725) (1740 1734 1738 580 1486 1678 1726)
 (1735 1161 1739 1741 1742 1679 1487 1727) (1680 13 1712 1488)
 (1489 1681 1713 1744 1168) (1682 1490 1744 1714 584)
 (1745 1683 1169 1746 1491 1715) (1492 1684 1716 1744 216)
 (1493 1745 1170 1748 1685 1717) (585 1746 1686 1748 1718 1494)
 (1495 1171 1719 1747 1749 1750 1687) (1720 1688 54 1744 1496)
 (1176 1721 1745 1689 1752 1497) (1690 1752 1746 588 1722 1498)
 (1723 1753 1747 1177 1754 1499 1691) (1692 1724 218 1748 1752 1500)
 (1725 1749 1753 1178 1756 1693 1501) (1694 1502 589 1750 1754 1756 1726)
 (1758 1503 1751 1179 1757 1755 1695 1727) (27 1696 1728 1744 1504)
 (1505 1697 1745 1184 1729 1760) (1506 1730 1746 592 1698 1760)
 (1185 1761 1507 1762 1731 1747 1699) (1508 220 1748 1700 1732 1760)
 (1761 1186 1764 1701 1749 1733 1509) (1762 1764 1734 1702 1750 593 1510)
 (1763 1765 1703 1735 1511 1187 1751 1766) (55 1736 1512 1704 1752 1760)
 (1761 1192 1513 1768 1737 1705 1753) (1762 1768 1514 1706 1738 1754 596)
 (1763 1707 1193 1770 1515 1769 1755 1739) (1516 1740 1768 1708 222 1764 1756)
 (1765 1769 1194 1772 1709 1741 1757 1517)
 (1710 1766 1770 1772 1742 1518 597 1758)
 (1767 1195 1773 1774 1743 1711 1519 1771 1759) (3 1648 1520)
 (1521 1649 1776 1200) (1522 1776 1650 600) (1201 1777 1523 1651 1778)
 (1652 1524 1776 224) (1777 1653 1204 1525 1780) (602 1780 1778 1526 1654)
 (1527 1779 1781 1782 1655 1205) (1656 56 1776 1528) (1529 1657 1212 1777 1784)
 (1530 1784 1778 606 1658) (1779 1785 1786 1531 1213 1659)
 (226 1532 1784 1660 1780) (1533 1781 1785 1788 1661 1216)
 (608 1534 1782 1786 1788 1662) (1217 1535 1783 1787 1789 1790 1663)
 (1664 28 1776 1536) (1537 1665 1792 1777 1224) (1538 612 1792 1778 1666)
 (1793 1794 1539 1225 1667 1779) (228 1540 1668 1792 1780)
 (1793 1796 1669 1228 1781 1541) (1794 1796 1670 614 1782 1542)
 (1795 1797 1543 1671 1229 1783 1798) (57 1792 1672 1784 1544)
 (1793 1800 1545 1673 1236 1785) (1794 1800 1674 618 1546 1786)
 (1795 1801 1802 1547 1237 1787 1675) (1796 1676 1800 1548 230 1788)
 (1797 1801 1549 1804 1677 1240 1789) (1798 1802 1804 1550 1678 620 1790)
 (1799 1803 1805 1806 1679 1551 1241 1791) (1776 1680 14 1552)
 (1553 1681 1808 1777 1248) (1682 1554 1808 1778 624)
 (1249 1555 1809 1810 1779 1683) (1808 1556 1684 1780 232)
 (1250 1809 1812 1685 1781 1557) (1686 1810 1812 1782 625 1558)
 (1251 1687 1559 1811 1813 1814 1783) (1808 58 1688 1784 1560)
 (1256 1785 1809 1689 1816 1561) (1690 1786 1810 1816 1562 628)
 (1691 1257 1811 1817 1818 1787 1563) (1692 1788 1812 1816 234 1564)
 (1789 1258 1565 1813 1817 1820 1693) (1694 1566 1814 1818 1820 629 1790)
 (1567 1259 1695 1815 1819 1821 1822 1791) (1808 1696 29 1792 1568)
 (1569 1697 1264 1809 1793 1824) (1570 1698 1810 632 1794 1824)
 (1825 1826 1571 1795 1265 1811 1699) (1796 1812 1700 236 1572 1824)
 (1825 1828 1701 1266 1813 1797 1573) (633 1826 1828 1798 1702 1814 1574)
 (1827 1829 1703 1799 1267 1815 1575 1830) (1800 59 1704 1576 1816 1824)
 (1825 1832 1577 1801 1705 1272 1817) (1826 636 1832 1578 1706 1802 1818)
 (1827 1707 1833 1834 1579 1273 1819 1803) (1804 1832 1708 1580 1828 1820 238)
 (1829 1805 1833 1581 1836 1709 1274 1821)
 (1710 637 1830 1834 1836 1582 1806 1822)
 (1831 1583 1835 1837 1838 1807 1711 1275 1823) (7 1712 1776 1584)
 (1585 1713 1840 1777 1280) (1586 1778 1714 1840 640)
 (1281 1587 1841 1842 1779 1715) (1840 1780 1588 1716 240)
 (1284 1841 1844 1717 1781 1589) (642 1842 1844 1782 1718 1590)
 (1285 1719 1843 1845 1846 1783 1591) (1840 1784 60 1720 1592)
 (1292 1785 1841 1721 1848 1593) (1722 1848 646 1842 1786 1594)
 (1723 1293 1843 1849 1850 1787 1595) (242 1724 1788 1844 1848 1596)
 (1789 1597 1296 1845 1849 1852 1725) (1852 1598 1790 1846 1850 648 1726)
 (1599 1297 1727 1847 1851 1853 1854 1791) (1840 1792 1728 30 1600)
 (1601 1729 1841 1304 1793 1856) (1602 1794 1842 652 1730 1856)
 (1857 1858 1603 1795 1843 1305 1731) (1796 244 1732 1844 1604 1856)
 (1857 1860 1733 1845 1797 1605 1308) (1858 1860 654 1734 1846 1606 1798)
 (1859 1861 1735 1799 1847 1607 1309 1862) (1800 1736 61 1608 1848 1856)
 (1857 1316 1864 1609 1801 1737 1849) (1858 1864 1610 1802 1738 1850 658)
 (1859 1317 1739 1866 1611 1865 1851 1803) (1860 246 1740 1864 1804 1612 1852)
 (1861 1805 1320 1865 1613 1868 1741 1853)
 (1742 1862 1866 1868 1806 1614 660 1854)
 (1863 1321 1615 1867 1869 1870 1807 1743 1855) (1808 1840 1744 15 1616)
 (1745 1872 1617 1328 1809 1841) (1746 1872 1618 1810 1842 664)
 (1873 1843 1329 1874 1619 1747 1811) (248 1872 1812 1748 1844 1620)
 (1749 1873 1330 1876 1813 1845 1621) (665 1874 1750 1876 1846 1622 1814)
 (1815 1875 1751 1331 1877 1878 1847 1623) (1848 62 1752 1872 1624 1816)
 (1880 1817 1849 1873 1753 1336 1625) (668 1754 1880 1850 1874 1818 1626)
 (1755 1819 1881 1875 1337 1882 1627 1851) (1628 1756 250 1852 1876 1880 1820)
 (1757 1853 1629 1877 1881 1338 1884 1821)
 (1758 669 1630 1878 1822 1882 1884 1854)
 (1759 1631 1886 1823 1879 1339 1885 1883 1855) (1632 1872 31 1856 1760 1824)
 (1633 1761 1857 1888 1873 1344 1825) (1634 1762 672 1874 1826 1858 1888)
 (1345 1889 1635 1890 1827 1875 1763 1859) (1860 252 1636 1764 1828 1876 1888)
 (1889 1346 1892 1861 1877 1765 1829 1637)
 (1890 1892 1830 673 1766 1878 1862 1638)
 (1347 1893 1863 1831 1891 1767 1879 1639 1894)
 (1832 1864 63 1768 1640 1880 1888) (1889 1352 1641 1896 1833 1865 1769 1881)
 (1890 1896 1642 676 1866 1834 1882 1770)
 (1891 1353 1771 1643 1867 1897 1898 1883 1835)
 (1896 1868 1772 1836 254 1644 1892 1884)
 (1893 1773 1837 1897 1354 1900 1869 1645 1885)
 (1774 1894 1870 1898 1900 677 1838 1646 1886)
 (1775 1895 1647 1355 1901 1902 1839 1871 1899 1887))