(NIL NIL (1 2) NIL (2 4) (1 4) (5 3 6) NIL (4 8) (2 8) (9 5 10) (1 8) (9 6 12)
 (3 10 12) (11 13 7 14) NIL (8 16) (4 16) (17 9 18) (2 16) (17 10 20) (5 18 20)
 (19 21 11 22) (1 16) (17 12 24) (18 24 6) (25 26 19 13) (3 20 24)
 (25 28 21 14) (26 7 28 22) (27 29 15 23 30) NIL (32 16) (32 8) (33 17 34)
 (32 4) (33 18 36) (9 34 36) (35 37 19 38) (32 2) (33 20 40) (34 40 10)
 (41 42 35 21) (5 36 40) (41 44 37 22) (42 11 44 38) (43 45 23 39 46) (32 1)
 (33 48 24) (34 12 48) (25 49 35 50) (6 36 48) (49 26 52 37) (50 52 13 38)
 (27 53 51 39 54) (3 48 40) (41 49 28 56) (42 56 14 50) (57 58 43 29 51)
 (52 7 44 56) (57 53 60 45 30) (58 60 46 15 54) (55 59 61 62 47 31) NIL (32 64)
 (16 64) (33 66 65) (8 64) (34 68 65) (17 66 68) (67 69 35 70) (4 64)
 (36 65 72) (66 72 18) (73 74 67 37) (9 68 72) (73 76 69 38) (74 19 76 70)
 (75 77 39 71 78) (2 64) (80 65 40) (66 20 80) (41 81 67 82) (10 68 80)
 (81 42 84 69) (82 84 21 70) (43 85 83 71 86) (5 80 72) (73 81 44 88)
 (74 88 22 82) (89 90 75 45 83) (11 76 88 84) (89 85 92 77 46) (90 92 78 23 86)
 (87 91 93 94 79 47) (1 64) (96 65 48) (66 96 24) (49 97 67 98) (96 68 12)
 (97 50 100 69) (25 98 100 70) (51 101 99 71 102) (6 96 72) (73 97 52 104)
 (74 104 98 26) (105 106 75 53 99) (100 76 13 104) (105 101 108 77 54)
 (106 27 108 78 102) (55 79 103 107 109 110) (3 96 80) (81 97 112 56)
 (112 82 28 98) (57 113 83 99 114) (100 84 14 112) (113 58 116 85 101)
 (114 116 29 86 102) (115 117 118 87 59 103) (112 7 104 88) (89 105 60 120 113)
 (90 114 120 30 106) (115 121 122 91 61 107) (108 116 92 15 120)
 (117 121 124 93 62 109) (118 122 124 94 110 31) (119 123 125 126 63 95 111)
 NIL (64 128) (32 128) (129 65 130) (16 128) (129 66 132) (33 132 130)
 (67 133 134 131) (8 128) (129 68 136) (34 130 136) (137 138 69 131)
 (17 132 136) (137 140 133 70) (138 35 140 134) (139 141 71 135 142) (4 128)
 (129 144 72) (36 130 144) (73 145 131 146) (18 132 144) (145 74 148 133)
 (146 148 37 134) (75 149 147 135 150) (9 144 136) (137 145 76 152)
 (138 152 38 146) (153 154 139 77 147) (19 140 152 148) (153 149 156 141 78)
 (154 156 142 39 150) (79 151 155 157 158 143) (1 128) (129 160 96)
 (160 130 48) (97 161 131 162) (160 132 24) (161 98 164 133) (49 162 164 134)
 (99 165 163 135 166) (160 12 136) (137 161 100 168) (138 168 162 50)
 (169 170 139 101 163) (25 164 140 168) (169 165 172 141 102)
 (170 51 172 142 166) (103 167 171 173 174 143) (6 160 144) (145 161 176 104)
 (146 52 176 162) (105 177 147 163 178) (26 148 176 164) (177 106 180 149 165)
 (178 180 53 150 166) (179 181 151 167 107 182) (176 168 13 152)
 (153 169 177 108 184) (154 184 54 178 170) (179 185 186 155 109 171)
 (172 27 156 180 184) (181 185 157 188 173 110) (182 55 186 188 174 158)
 (183 187 189 190 111 159 175) NIL (192 128) (192 64) (193 129 194) (32 192)
 (193 130 196) (194 65 196) (197 198 195 131) (192 16) (193 132 200)
 (194 200 66) (201 202 195 133) (33 200 196) (197 201 204 134) (198 67 204 202)
 (199 205 203 135 206) (192 8) (193 208 136) (194 68 208) (137 209 195 210)
 (34 208 196) (197 138 212 209) (198 212 69 210) (199 211 213 139 214)
 (17 208 200) (201 209 140 216) (202 216 70 210) (217 218 203 141 211)
 (212 35 204 216) (217 213 220 205 142) (218 220 206 71 214)
 (207 215 219 221 222 143) (192 2) (194 224 80) (40 224 196) (81 198 225 226)
 (20 224 200) (225 202 228 82) (41 226 204 228) (227 83 229 206 230)
 (10 224 208) (225 210 84 232) (42 212 232 226) (233 234 227 85 214)
 (228 21 232 216) (233 218 236 229 86) (234 43 220 230 236)
 (87 222 231 235 237 238) (192 1) (193 240 160) (194 240 96) (161 241 195 242)
 (240 48 196) (197 162 241 244) (97 198 244 242) (245 199 243 163 246)
 (240 24 200) (201 241 164 248) (202 248 242 98) (249 250 203 165 243)
 (49 244 204 248) (249 245 252 205 166) (250 99 252 206 246)
 (167 207 247 251 253 254) (240 12 208) (209 241 256 168) (210 256 100 242)
 (169 257 211 243 258) (50 244 212 256) (245 170 260 213 257)
 (258 260 101 214 246) (259 261 262 215 247 171) (25 256 248 216)
 (217 249 172 264 257) (218 258 264 102 250) (259 265 266 219 251 173)
 (260 51 220 252 264) (261 265 268 221 253 174) (262 266 268 222 103 254)
 (263 267 269 270 223 175 255) (3 240 224) (225 242 272 112) (226 244 272 56)
 (113 273 227 246 274) (272 248 228 28) (273 114 276 229 250)
 (57 274 252 230 276) (115 275 277 278 231 254) (272 256 14 232)
 (233 258 116 280 273) (234 260 274 280 58) (117 262 275 281 282 235)
 (276 236 29 280 264) (118 266 277 281 284 237) (59 268 278 282 284 238)
 (119 270 279 283 285 286 239) NIL (192 288) (64 288) (194 290 289) (32 288)
 (292 289 196) (292 290 65) (293 198 291 294) (16 288) (296 289 200)
 (66 290 296) (297 202 291 298) (33 292 296) (297 204 293 300) (298 67 300 294)
 (299 301 206 295 302) (8 288) (304 289 208) (304 290 68) (305 210 291 306)
 (34 292 304) (305 308 212 293) (306 308 69 294) (307 309 214 295 310)
 (17 304 296) (297 305 312 216) (298 312 70 306) (313 218 299 307 314)
 (308 35 300 312) (313 309 220 301 316) (314 316 302 71 310)
 (222 303 311 315 317 318) (4 288) (290 320 72) (292 320 36) (73 321 294 322)
 (18 320 296) (321 298 324 74) (324 322 300 37) (75 323 325 302 326)
 (9 320 304) (321 306 76 328) (322 308 38 328) (329 330 323 77 310)
 (328 19 324 312) (329 314 332 325 78) (332 330 316 326 39)
 (327 331 333 334 79 318) (2 288) (336 289 224) (290 336 80) (225 337 291 338)
 (292 336 40) (337 226 340 293) (81 338 340 294) (227 341 339 295 342)
 (20 336 296) (297 337 228 344) (298 344 338 82) (345 346 299 229 339)
 (41 340 300 344) (345 341 348 301 230) (346 83 348 302 342)
 (343 347 349 350 303 231) (10 336 304) (305 337 352 232) (352 306 84 338)
 (233 353 307 339 354) (340 42 308 352) (353 234 356 309 341)
 (354 356 85 310 342) (343 355 357 358 311 235) (352 344 21 312)
 (313 345 236 353 360) (314 360 354 86 346) (347 355 361 362 315 237)
 (348 356 43 316 360) (349 357 361 364 317 238) (87 350 358 362 364 318)
 (351 319 359 363 365 366 239) (5 336 320) (321 338 368 88) (340 322 44 368)
 (89 369 323 342 370) (368 324 22 344) (369 90 372 325 346)
 (370 348 45 326 372) (371 373 374 327 91 350) (368 11 352 328)
 (329 354 92 376 369) (330 356 46 376 370) (371 377 378 331 93 358)
 (372 332 376 23 360) (373 377 380 333 94 362) (374 378 380 334 364 47)
 (375 379 381 382 95 335 366) (1 288) (384 289 240) (384 290 96)
 (385 242 291 386) (384 292 48) (385 244 293 388) (97 386 388 294)
 (387 389 246 295 390) (384 24 296) (297 385 392 248) (386 298 392 98)
 (393 250 299 387 394) (49 300 388 392) (393 389 252 301 396)
 (394 99 396 302 390) (391 395 397 398 303 254) (384 12 304) (305 385 400 256)
 (306 100 400 386) (401 258 307 387 402) (50 308 388 400) (401 389 260 309 404)
 (402 404 101 310 390) (262 391 403 405 406 311) (25 392 400 312)
 (313 393 401 408 264) (402 314 408 102 394) (266 395 403 409 410 315)
 (51 316 396 404 408) (268 397 405 409 412 317) (398 406 103 410 412 318)
 (270 399 407 411 413 414 319) (6 384 320) (321 386 416 104) (322 52 388 416)
 (105 417 323 390 418) (26 324 416 392) (417 106 420 325 394)
 (420 418 396 53 326) (419 421 422 327 398 107) (400 13 416 328)
 (329 402 108 417 424) (424 330 404 54 418) (419 425 426 331 406 109)
 (424 27 332 420 408) (421 425 428 333 410 110) (422 55 426 428 334 412)
 (423 427 429 430 335 414 111) (3 384 336) (337 385 432 272) (386 338 432 112)
 (273 433 339 387 434) (340 388 432 56) (433 274 389 436 341)
 (113 434 436 342 390) (343 391 435 275 437 438) (28 392 432 344)
 (345 393 276 433 440) (394 346 440 434 114) (347 435 277 441 442 395)
 (57 348 396 436 440) (349 397 437 278 441 444) (115 350 398 438 442 444)
 (439 399 351 279 443 445 446) (432 400 14 352) (353 401 433 448 280)
 (354 116 434 448 402) (449 450 435 403 355 281) (58 356 404 436 448)
 (449 437 452 405 357 282) (406 450 452 117 438 358)
 (451 453 359 454 407 283 439) (448 408 29 440 360) (449 456 441 409 361 284)
 (450 118 456 442 410 362) (451 457 458 443 363 285 411)
 (412 456 59 452 444 364) (453 365 457 445 460 413 286)
 (454 119 458 460 366 414 446) (367 455 459 461 462 447 287 415)
 (7 416 432 368) (369 417 464 434 120) (370 60 436 464 418)
 (371 121 419 465 466 438) (420 372 30 464 440) (421 122 465 468 442 373)
 (374 61 466 468 444 422) (375 423 123 467 469 470 446) (464 424 448 15 376)
 (450 377 124 465 425 472) (452 378 62 466 472 426)
 (454 379 125 467 473 474 427) (428 456 380 468 472 31)
 (381 429 126 469 458 473 476) (460 382 63 430 470 474 476)
 (462 127 431 383 471 475 477 478) NIL (480 288) (192 480) (481 289 482)
 (480 128) (193 484 482) (32 480) (481 292 486) (486 482 196) (487 488 293 483)
 (484 130 486) (197 488 485 490) (480 16) (481 492 296) (492 482 200)
 (297 493 483 494) (484 132 492) (201 494 485 496) (33 492 486)
 (487 493 300 498) (488 204 498 494) (489 301 495 499 500) (490 496 134 498)
 (502 205 497 491 500) (480 8) (481 504 304) (504 482 208) (305 505 483 506)
 (484 504 136) (209 506 485 508) (34 504 486) (487 505 308 510)
 (488 212 510 506) (489 309 507 511 512) (138 490 510 508)
 (213 512 491 514 509) (17 504 492) (493 505 516 312) (494 516 506 216)
 (313 495 517 507 518) (508 496 516 140) (217 509 497 518 520) (35 516 498 510)
 (522 316 517 511 499) (512 522 220 518 500) (513 519 523 524 501 317)
 (502 522 520 142 514) (515 221 521 524 526 503) (480 4) (481 528 320)
 (484 528 144) (528 36 486) (487 322 531 529) (146 531 490 530) (18 528 492)
 (493 529 324 534) (530 496 534 148) (531 37 498 534) (537 535 532 326 499)
 (537 502 533 150 536) (9 528 504) (505 529 540 328) (540 530 508 152)
 (531 540 510 38) (330 532 541 543 511) (514 533 542 543 154) (540 19 516 534)
 (541 332 517 535 546) (536 546 156 542 520) (537 522 543 39 546)
 (547 549 334 523 538 544) (545 548 549 526 539 158) (480 2) (481 552 336)
 (552 482 224) (337 553 483 554) (552 40 486) (487 553 340 556)
 (488 556 554 226) (557 489 341 555 558) (552 20 492) (493 553 560 344)
 (494 228 560 554) (345 561 495 555 562) (41 556 498 560) (561 564 348 557 499)
 (562 558 564 230 500) (349 559 501 563 565 566) (10 552 504) (505 553 568 352)
 (506 568 554 232) (353 569 507 555 570) (42 556 510 568) (569 572 356 557 511)
 (234 572 558 570 512) (571 573 574 513 357 559) (568 516 21 560)
 (561 569 576 517 360) (562 576 236 518 570) (571 577 578 519 361 563)
 (572 522 43 564 576) (573 577 580 523 364 565) (574 578 580 566 524 238)
 (575 579 581 582 525 365 567) (5 552 528) (529 553 584 368) (556 531 44 584)
 (585 370 532 557 586) (584 560 534 22) (561 585 588 372 535)
 (537 586 588 564 45) (374 587 589 590 538 565) (584 11 540 568)
 (569 585 592 541 376) (586 572 46 543 592) (573 378 587 593 594 544)
 (546 592 588 23 576) (547 577 380 589 593 596) (549 580 590 594 596 47)
 (550 581 382 591 595 597 598) (480 1) (481 600 384) (600 482 240)
 (385 601 483 602) (484 600 160) (241 602 485 604) (48 600 486)
 (487 601 388 606) (488 244 606 602) (489 389 603 607 608) (162 490 606 604)
 (245 610 491 605 608) (24 600 492) (493 601 612 392) (494 602 612 248)
 (393 495 613 603 614) (164 496 612 604) (249 605 497 614 616) (49 612 498 606)
 (618 396 613 607 499) (614 252 608 618 500) (609 397 615 619 620 501)
 (502 616 166 618 610) (611 617 620 622 503 253) (12 600 504) (505 601 624 400)
 (506 602 624 256) (401 625 507 603 626) (624 508 604 168)
 (257 605 628 509 626) (50 624 510 606) (625 404 607 511 630)
 (626 260 608 630 512) (513 609 405 627 631 632) (514 610 628 630 170)
 (634 261 515 629 611 632) (25 516 624 612) (625 613 636 517 408)
 (636 626 614 518 264) (637 638 615 519 409 627) (636 628 172 616 520)
 (617 638 640 265 521 629) (522 51 636 630 618) (637 642 619 523 412 631)
 (638 620 642 268 524 632) (633 639 643 644 525 621 413)
 (634 640 642 622 174 526) (635 527 641 644 269 646 623) (6 600 528)
 (529 601 648 416) (648 530 604 176) (531 52 606 648) (649 418 651 532 607)
 (178 651 533 650 610) (26 612 534 648) (649 420 613 654 535)
 (650 180 654 616 536) (537 618 651 53 654) (422 619 652 655 657 538)
 (182 653 622 656 657 539) (648 540 13 624) (625 649 660 541 424)
 (660 650 628 542 184) (651 660 54 543 630) (426 652 631 661 663 544)
 (545 634 186 653 662 663) (660 546 27 636 654) (666 547 637 428 655 661)
 (666 548 640 188 656 662) (666 549 55 642 657 663)
 (667 669 550 643 430 658 664) (665 668 669 551 190 646 659) (3 600 552)
 (553 601 672 432) (554 602 672 272) (433 673 555 603 674) (672 556 606 56)
 (673 676 436 557 607) (274 674 676 558 608) (609 675 677 678 437 559)
 (672 28 612 560) (561 673 680 613 440) (562 276 680 614 674)
 (675 615 681 682 441 563) (57 618 564 680 676) (677 681 619 684 444 565)
 (684 678 682 620 278 566) (679 683 621 686 685 445 567) (672 624 14 568)
 (569 625 688 673 448) (570 626 688 674 280) (449 571 675 689 690 627)
 (58 572 688 630 676) (452 573 677 689 692 631) (574 678 282 690 692 632)
 (633 453 575 679 691 693 694) (680 636 29 688 576) (637 456 577 681 689 696)
 (638 578 682 690 284 696) (697 698 639 457 579 683 691)
 (642 59 580 684 692 696) (697 700 643 460 581 685 693)
 (698 700 644 582 286 686 694) (699 701 702 461 645 583 687 695)
 (672 7 648 584) (585 649 704 673 464) (586 651 60 704 676)
 (705 706 677 466 587 652) (680 704 588 30 654) (705 708 681 468 589 655)
 (706 708 61 684 590 657) (707 709 710 685 470 591 658) (688 704 660 15 592)
 (705 712 689 472 593 661) (706 62 712 594 692 663)
 (707 713 714 474 595 693 664) (666 708 712 596 31 696)
 (697 667 709 713 716 476 597) (700 669 710 63 714 716 598)
 (701 670 711 715 717 718 478 599) NIL (720 480) (720 192) (721 482 722)
 (720 128) (484 724 721) (193 724 722) (723 485 725 726) (720 64) (194 728 722)
 (129 724 728) (195 726 729 730) (720 32) (721 732 486) (196 732 722)
 (723 488 733 734) (724 130 732) (736 490 725 733) (197 736 726 734)
 (735 737 738 491 727) (65 728 732) (198 740 729 734) (736 740 131 730)
 (731 199 738 741 742) (720 16) (744 721 492) (200 744 722) (723 494 745 746)
 (132 724 744) (745 496 725 748) (201 748 726 746) (749 750 497 747 727)
 (66 744 728) (202 752 746 729) (748 133 752 730) (731 750 203 753 754)
 (33 744 732) (745 498 733 756) (756 204 746 734) (735 757 758 747 500)
 (736 756 134 748) (749 502 737 757 760) (750 738 205 760 758)
 (751 759 761 762 739 503) (67 752 740 756) (758 753 206 741 764)
 (764 760 754 135 742) (207 755 762 765 766 743) (720 8) (768 721 504)
 (768 208 722) (723 506 770 769) (768 724 136) (769 772 508 725)
 (209 770 772 726) (773 771 509 774 727) (68 728 768) (210 776 729 770)
 (137 776 772 730) (731 777 211 774 778) (34 732 768) (769 780 510 733)
 (770 780 212 734) (735 771 781 782 512) (736 780 772 138)
 (781 514 737 773 784) (784 738 213 774 782) (783 785 786 515 739 775)
 (780 69 740 776) (777 788 214 741 782) (788 778 139 784 742)
 (779 215 786 789 790 743) (17 744 768) (769 516 745 792) (770 792 746 216)
 (793 794 771 518 747) (772 792 140 748) (749 793 796 773 520)
 (217 750 796 774 794) (751 521 795 797 798 775) (792 752 70 776)
 (777 218 800 753 794) (778 796 141 754 800) (779 755 219 798 801 802)
 (792 35 780 756) (757 522 804 781 793) (758 804 220 782 794)
 (783 759 795 524 805 806) (804 796 760 142 784) (785 761 797 526 805 808)
 (786 221 762 798 806 808) (809 810 527 787 763 799 807) (804 800 788 71 764)
 (812 789 222 765 801 806) (812 790 766 802 143 808)
 (810 813 814 791 767 223 803) (720 4) (816 721 528) (816 724 144)
 (817 530 725 818) (816 728 72) (145 818 820 730) (36 732 816)
 (817 531 822 733) (736 822 818 146) (737 533 819 823 824) (73 820 740 822)
 (826 147 824 821 742) (18 744 816) (817 828 745 534) (818 148 828 748)
 (749 819 829 830 536) (74 752 820 828) (821 832 149 754 830) (828 37 822 756)
 (757 537 829 823 834) (834 830 760 150 824) (761 825 831 539 836 835)
 (826 75 832 834 764) (766 827 151 833 836 838) (9 816 768) (769 817 540 840)
 (818 772 840 152) (841 842 819 773 542) (820 76 840 776) (153 778 844 821 842)
 (840 780 38 822) (841 781 823 543 846) (154 824 846 842 784)
 (545 843 847 848 785 825) (826 844 788 77 846) (845 848 850 790 827 155)
 (840 19 828 792) (793 546 852 829 841) (842 852 796 830 156)
 (843 548 853 854 797 831) (852 844 832 78 800) (845 854 856 833 802 157)
 (834 852 804 846 39) (549 847 853 858 835 805) (848 854 858 836 158 808)
 (809 551 849 855 859 860 837) (812 850 79 856 858 838)
 (814 851 857 860 159 839 862) (720 1) (864 721 600) (864 240 722)
 (723 602 865 866) (864 724 160) (865 868 604 725) (241 866 868 726)
 (869 867 605 870 727) (864 728 96) (242 872 729 866) (161 872 868 730)
 (731 873 243 870 874) (864 732 48) (865 876 606 733) (866 244 876 734)
 (735 867 877 878 608) (736 868 876 162) (610 737 880 869 877)
 (880 738 245 870 878) (879 881 882 611 739 871) (97 876 740 872)
 (873 884 246 741 878) (874 163 880 884 742) (875 882 885 886 247 743)
 (864 744 24) (865 612 745 888) (866 888 746 248) (889 890 867 614 747)
 (888 868 164 748) (749 889 892 869 616) (249 750 892 870 890)
 (751 617 891 893 894 871) (98 752 888 872) (873 250 896 753 890)
 (874 892 165 754 896) (875 755 894 897 898 251) (49 888 876 756)
 (757 618 900 877 889) (758 252 878 900 890) (879 759 891 620 901 902)
 (892 760 166 900 880) (881 761 893 622 901 904) (882 762 894 253 902 904)
 (905 906 623 883 763 895 903) (896 99 884 900 764) (908 885 902 765 897 254)
 (908 886 766 167 898 904) (906 909 910 887 767 899 255) (864 12 768)
 (769 865 912 624) (770 912 866 256) (913 626 771 867 914) (868 772 912 168)
 (913 869 628 773 916) (257 914 916 774 870) (915 917 918 775 629 871)
 (872 100 912 776) (777 258 914 920 873) (169 778 916 920 874)
 (779 259 875 918 921 922) (50 780 876 912) (913 877 924 781 630)
 (914 260 924 782 878) (783 879 915 925 926 632) (170 880 916 924 784)
 (634 785 917 881 925 928) (261 786 918 926 928 882)
 (635 787 919 927 929 930 883) (884 788 101 924 920) (262 789 885 921 926 932)
 (790 886 922 928 171 932) (263 887 923 791 930 933 934) (25 888 912 792)
 (793 889 913 636 936) (914 794 936 890 264) (937 938 638 915 891 795)
 (172 796 916 892 936) (937 940 640 917 893 797) (938 940 265 918 798 894)
 (939 941 799 641 919 895 942) (896 920 102 936 800) (938 944 266 921 897 801)
 (940 944 922 898 802 173) (942 945 946 267 923 803 899) (900 51 804 924 936)
 (937 642 948 925 901 805) (938 948 268 902 926 806)
 (939 644 949 950 807 927 903) (940 948 928 808 174 904)
 (809 905 941 949 646 952 929) (810 942 906 269 950 952 930)
 (811 943 907 951 953 954 647 931) (812 944 948 908 103 932)
 (909 945 270 950 956 813 933) (814 946 952 956 934 175 910)
 (815 911 947 271 954 957 958 935) (6 864 816) (817 865 960 648)
 (818 868 960 176) (961 650 819 869 962) (872 820 960 104)
 (177 874 964 821 962) (876 52 822 960) (961 651 877 966 823)
 (178 880 962 966 824) (881 825 653 963 967 968) (105 826 884 964 966)
 (970 179 886 827 965 968) (26 828 960 888) (889 961 972 829 654)
 (892 180 830 972 962) (973 974 893 831 656 963) (106 896 964 972 832)
 (181 974 976 833 898 965) (834 900 53 966 972) (973 978 657 835 901 967)
 (974 978 904 836 182 968) (905 969 975 979 980 659 837)
 (970 908 976 978 107 838) (971 910 183 977 980 982 839) (912 13 960 840)
 (841 913 660 961 984) (842 916 962 984 184) (843 917 985 986 963 662)
 (108 844 964 984 920) (845 986 185 922 988 965) (966 924 846 984 54)
 (847 985 925 990 967 663) (848 186 986 990 928 968)
 (665 969 849 987 991 992 929) (970 850 988 990 932 109)
 (971 851 934 989 992 994 187) (984 27 852 972 936) (937 666 973 853 985 996)
 (940 974 188 854 986 996) (668 941 975 855 987 997 998)
 (944 976 856 988 996 110) (977 946 189 857 989 998 1000)
 (55 978 948 858 990 996) (1002 669 979 949 859 991 997)
 (1002 980 190 952 860 992 998) (1003 1004 671 981 953 861 993 999)
 (1002 982 956 862 994 111 1000) (1001 1004 1006 983 191 863 995 958) NIL
 (1008 720) (1008 480) (1009 721 1010) (1008 288) (481 1012 1010) (1008 192)
 (1014 1009 722) (1014 1010 482) (723 1015 1016 1011) (1012 289 1014)
 (1013 1016 1018 483) (1008 128) (1009 724 1020) (484 1010 1020)
 (1021 1022 725 1011) (193 1014 1020) (1021 1015 1024 726) (1022 485 1016 1024)
 (1025 1023 1017 1026 727) (1008 64) (1028 1009 728) (1012 290 1028)
 (1014 1028 194) (1015 1031 1029 729) (1031 1030 291 1018) (129 1028 1020)
 (1021 1029 1034 730) (195 1024 1031 1034) (731 1035 1025 1032 1036) (1008 32)
 (1038 1009 732) (1038 1010 486) (1039 1040 733 1011) (1012 292 1038)
 (487 1013 1040 1042) (1014 1038 196) (1015 1044 1039 734) (488 1040 1016 1044)
 (735 1041 1017 1045 1046) (1044 293 1018 1042) (1046 489 1048 1043 1019)
 (1038 130 1020) (1021 736 1039 1050) (1022 1040 490 1050)
 (1023 1041 737 1051 1052) (197 1024 1050 1044) (1045 1054 738 1025 1051)
 (1046 1054 491 1026 1052) (1047 1027 1053 1055 1056 739) (1028 65 1038)
 (1029 1039 740 1058) (1030 1058 294 1042) (198 1031 1058 1044)
 (1045 1061 1059 1032 741) (1061 1048 295 1033 1060) (1058 1050 131 1034)
 (1035 1064 1059 1051 742) (1061 1036 199 1064 1054)
 (1055 1062 1065 1066 743 1037) (1008 16) (1009 744 1068) (1068 1010 492)
 (1069 745 1070 1011) (1012 1068 296) (493 1013 1070 1072) (1014 1068 200)
 (1074 1015 1069 746) (494 1016 1070 1074) (1075 1076 1017 1071 747)
 (297 1074 1018 1072) (1073 495 1076 1078 1019) (132 1068 1020)
 (1021 1080 1069 748) (1022 496 1070 1080) (749 1081 1023 1071 1082)
 (201 1074 1024 1080) (1081 750 1075 1084 1025) (1082 1076 497 1026 1084)
 (751 1085 1086 1027 1083 1077) (1028 1068 66) (1029 752 1069 1088)
 (298 1030 1088 1072) (202 1088 1031 1074) (1089 1091 1075 753 1032)
 (1091 1090 299 1078 1033) (1080 133 1088 1034) (1035 1081 1089 754 1094)
 (1036 203 1084 1091 1094) (1085 755 1092 1095 1096 1037) (33 1038 1068)
 (1098 1039 1069 756) (1098 1040 498 1070) (757 1099 1100 1041 1071)
 (1098 300 1042 1072) (1073 1100 499 1043 1102) (1074 1098 204 1044)
 (1045 758 1075 1099 1104) (1046 1076 1104 1100 500)
 (1047 759 1101 1105 1106 1077) (1048 301 1078 1104 1102)
 (1049 1103 501 1106 1108 1079) (1098 1080 1050 134) (1081 1099 760 1110 1051)
 (502 1082 1100 1110 1052) (1083 1053 761 1101 1111 1112)
 (1054 1084 205 1110 1104) (1114 1085 1055 762 1105 1111)
 (1114 1086 1056 1106 503 1112) (1113 1115 1116 1087 1057 763 1107)
 (1098 67 1058 1088) (1089 1099 1118 1059 764) (1090 1102 1118 302 1060)
 (1061 1091 1118 206 1104) (1119 1121 1092 765 1062 1105)
 (1120 1121 1093 303 1063 1108) (1118 1064 1094 135 1110)
 (1119 1124 1095 766 1065 1111) (1114 207 1121 1124 1096 1066)
 (1115 1122 1125 1126 1097 767 1067) (1008 8) (1009 1128 768) (1128 1010 504)
 (769 1129 1011 1130) (1012 1128 304) (505 1130 1013 1132) (1014 1128 208)
 (1129 770 1015 1134) (506 1016 1134 1130) (771 1017 1131 1135 1136)
 (305 1132 1018 1134) (1138 507 1133 1019 1136) (1128 136 1020)
 (1021 1129 772 1140) (1140 1022 508 1130) (1141 1023 773 1131 1142)
 (209 1140 1024 1134) (1141 1025 774 1135 1144) (1142 1144 509 1026 1136)
 (1027 1137 1143 1145 1146 775) (1028 68 1128) (1129 1029 1148 776)
 (1132 306 1030 1148) (210 1148 1031 1134) (777 1151 1149 1032 1135)
 (1138 307 1151 1150 1033) (137 1148 1140 1034) (1035 778 1141 1149 1154)
 (1154 1036 211 1151 1144) (779 1156 1155 1145 1037 1152) (1038 1128 34)
 (1129 1039 780 1158) (1130 1040 510 1158) (781 1131 1041 1159 1160)
 (1132 308 1042 1158) (1162 1133 511 1043 1160) (1158 212 1134 1044)
 (1045 1164 782 1135 1159) (1046 1136 1160 1164 512)
 (1047 783 1161 1165 1166 1137) (1138 1048 309 1164 1162)
 (1049 513 1163 1166 1168 1139) (138 1140 1050 1158) (1170 1141 1159 1051 784)
 (1170 514 1160 1142 1052) (1161 1053 785 1171 1172 1143)
 (1170 1054 1164 213 1144) (786 1055 1165 1171 1174 1145)
 (515 1056 1166 1172 1174 1146) (787 1057 1167 1173 1175 1176 1147)
 (1148 69 1058 1158) (1178 788 1149 1159 1059) (1178 1162 1150 310 1060)
 (1061 1178 1164 214 1151) (789 1165 1062 1179 1181 1152)
 (1153 1168 1063 311 1180 1181) (1178 1154 139 1064 1170)
 (1155 790 1171 1065 1179 1184) (1156 215 1174 1066 1181 1184)
 (1185 1186 1157 1175 791 1067 1182) (17 1068 1128) (1129 1188 1069 792)
 (1130 1188 516 1070) (793 1131 1189 1190 1071) (1132 312 1188 1072)
 (1073 1133 517 1190 1192) (1074 1188 1134 216) (794 1075 1189 1135 1194)
 (1190 1076 518 1194 1136) (1191 1195 1196 1137 795 1077)
 (313 1138 1078 1194 1192) (1193 1196 1198 519 1139 1079) (1140 140 1188 1080)
 (1081 1189 796 1141 1200) (1082 1200 1142 1190 520)
 (1083 1191 1201 1202 797 1143) (217 1194 1084 1200 1144)
 (1085 1195 1201 1204 798 1145) (1086 1196 521 1202 1204 1146)
 (1087 1197 1203 1205 1206 799 1147) (1188 1148 70 1088)
 (1089 1189 1208 1149 800) (1090 1208 1192 1150 314) (218 1091 1208 1151 1194)
 (1195 1092 1209 801 1211 1152) (1153 1093 1198 1210 315 1211)
 (1154 1208 141 1094 1200) (1155 1095 1201 1209 802 1214)
 (1156 219 1096 1204 1211 1214) (1157 1097 1205 803 1212 1215 1216)
 (1098 35 1188 1158) (1218 1099 804 1189 1159) (522 1218 1100 1190 1160)
 (1219 1220 1191 1161 1101 805) (1162 1218 316 1102 1192)
 (1220 1222 1193 1163 523 1103) (1194 1218 220 1164 1104)
 (1219 1224 1195 1165 1105 806) (1220 1224 1196 1166 524 1106)
 (1221 1225 1226 1197 1167 1107 807) (1222 1224 1198 1168 1108 317)
 (1223 1226 1228 1199 1169 525 1109) (1170 1218 1200 1110 142)
 (1219 1230 1201 1171 1111 808) (1220 1230 1202 1172 526 1112)
 (1113 809 1221 1231 1232 1203 1173) (1114 1224 221 1230 1204 1174)
 (810 1115 1225 1231 1234 1205 1175) (1116 1226 1232 1234 1206 527 1176)
 (811 1117 1227 1233 1235 1236 1207 1177) (1178 1218 1118 71 1208)
 (1219 812 1119 1238 1209 1179) (1222 1120 1238 1210 1180 318)
 (1224 1121 222 1238 1211 1181) (813 1225 1122 1239 1241 1212 1182)
 (1123 1228 319 1240 1241 1213 1183) (1124 1230 1238 1214 143 1184)
 (1185 814 1125 1231 1239 1244 1215) (1186 1126 223 1234 1241 1244 1216)
 (1217 1187 815 1127 1235 1242 1245 1246) (1008 4) (1009 1248 816)
 (1248 1010 528) (817 1249 1011 1250) (1012 1248 320) (529 1250 1013 1252)
 (1248 144 1020) (1021 818 1254 1249) (1022 1254 1250 530)
 (1023 1251 819 1255 1256) (1028 1248 72) (1249 1258 1029 820)
 (321 1258 1252 1030) (145 1258 1254 1034) (1035 1261 1259 821 1255)
 (1038 36 1248) (1249 1039 822 1263) (1250 531 1040 1263)
 (1265 1251 1041 823 1264) (322 1252 1042 1263) (1265 1267 532 1253 1043)
 (146 1050 1263 1254) (1264 1269 1255 1051 824) (1265 1269 1256 533 1052)
 (1257 1053 1266 1270 1271 825) (73 1258 1058 1263) (1273 826 1259 1059 1264)
 (1273 323 1260 1267 1060) (1273 1269 147 1064 1261)
 (1262 1270 1274 827 1276 1065) (18 1068 1248) (1249 828 1069 1278)
 (1250 1278 1070 534) (1251 829 1279 1071 1280) (1252 324 1278 1072)
 (1073 1282 1253 535 1280) (148 1278 1254 1080) (1081 1279 1284 830 1255)
 (1280 1082 1256 1284 536) (1257 1083 831 1281 1285 1286) (74 1258 1278 1088)
 (1089 1259 1288 1279 832) (1288 1090 1260 325 1282) (1261 1284 149 1094 1288)
 (1289 1291 1262 1095 833 1285) (1098 37 1278 1263) (834 1099 1293 1279 1264)
 (537 1265 1100 1293 1280) (1294 1295 1266 1101 1281 835)
 (1282 1267 1293 1102 326) (1295 1297 1268 1103 538 1283)
 (1293 1284 1269 1110 150) (1294 1299 1270 836 1285 1111)
 (1295 1299 1271 539 1286 1112) (1113 1296 1300 1301 1272 837 1287)
 (1273 75 1293 1118 1288) (1289 1294 1119 1303 1274 838)
 (1290 327 1120 1297 1303 1275) (1291 1299 1124 1303 1276 151)
 (1292 1300 1125 1304 1306 1277 839) (9 1248 1128) (1129 1249 1308 840)
 (1130 540 1308 1250) (841 1131 1309 1251 1310) (1252 1132 1308 328)
 (1253 541 1133 1310 1312) (1140 1308 1254 152) (842 1309 1141 1255 1314)
 (1310 1314 1256 1142 542) (1257 843 1143 1311 1315 1316) (1258 1148 1308 76)
 (1309 1259 844 1149 1318) (329 1318 1260 1150 1312) (153 1154 1261 1318 1314)
 (1321 1155 845 1262 1315 1319) (1308 1158 1263 38) (1323 1309 846 1159 1264)
 (1265 1323 1310 543 1160) (1324 1325 847 1161 1266 1311)
 (1162 1267 1312 1323 330) (1325 1327 1163 1268 1313 544)
 (1314 1170 1323 1269 154) (1324 848 1329 1270 1171 1315)
 (545 1325 1329 1271 1172 1316) (1326 849 1330 1331 1272 1173 1317)
 (1273 1178 1323 77 1318) (1324 850 1333 1274 1179 1319)
 (1327 331 1333 1275 1180 1320) (1321 1329 1333 1276 155 1184)
 (1185 1322 1330 851 1334 1336 1277) (19 1188 1308 1278)
 (1309 852 1189 1279 1338) (1310 546 1190 1338 1280)
 (1191 853 1339 1340 1311 1281) (1282 332 1312 1338 1192)
 (547 1193 1340 1342 1313 1283) (1284 1314 156 1338 1200)
 (854 1201 1339 1344 1315 1285) (548 1202 1340 1344 1316 1286)
 (855 1203 1341 1345 1346 1317 1287) (1318 1338 1288 78 1208)
 (1289 856 1339 1209 1348 1319) (1290 333 1342 1210 1348 1320)
 (1321 1291 1344 1348 157 1214) (1322 1292 857 1351 1345 1349 1215)
 (1218 1323 1293 39 1338) (1353 1219 1324 1294 858 1339)
 (1353 1220 1325 1295 1340 549) (1354 1355 1221 1326 1296 859 1341)
 (1353 1222 1327 1297 334 1342) (1355 1357 550 1223 1328 1298 1343)
 (1353 1329 1299 1230 1344 158) (1354 1359 1330 1300 1231 860 1345)
 (1355 1359 551 1331 1301 1232 1346) (1356 1360 1361 1332 1302 1233 861 1347)
 (1353 1333 79 1238 1348 1303) (1354 1363 1334 1304 862 1239 1349)
 (1357 1363 1335 1305 335 1240 1350) (1359 1363 1336 1306 159 1244 1351)
 (1360 1364 1366 1337 1307 863 1245 1352) (1008 2) (1368 1010 552)
 (1012 1368 336) (553 1369 1013 1370) (1014 1368 224) (1369 554 1016 1372)
 (337 1370 1372 1018) (555 1373 1371 1019 1374) (1028 1368 80)
 (1376 338 1030 1370) (225 1372 1031 1376) (1377 1378 339 1374 1033)
 (1038 1368 40) (1369 556 1040 1380) (1380 1370 340 1042)
 (1381 1371 557 1382 1043) (1380 226 1372 1044) (1046 1373 558 1381 1384)
 (1384 1048 341 1374 1382) (1049 1375 1383 1385 1386 559) (81 1380 1058 1376)
 (1377 1388 1382 342 1060) (1061 1378 227 1388 1384)
 (343 1379 1386 1063 1389 1390) (1068 20 1368) (1369 1392 1070 560)
 (1392 1370 344 1072) (1073 561 1371 1393 1394) (1372 1074 228 1392)
 (1393 562 1076 1373 1396) (345 1394 1396 1078 1374)
 (1375 1398 563 1397 1395 1079) (1392 82 1376 1088) (1377 1090 1400 1394 346)
 (1378 1091 1396 229 1400) (1401 1402 347 1093 1398 1379) (41 1098 1380 1392)
 (1393 564 1100 1381 1404) (1394 348 1404 1102 1382)
 (1405 1406 1383 1103 1395 565) (1396 1384 1404 230 1104)
 (1405 1408 1385 1106 1397 566) (1406 1408 349 1386 1108 1398)
 (1407 1409 1410 1387 567 1109 1399) (83 1388 1404 1118 1400)
 (1401 1406 1120 1412 350 1389) (1402 1408 1121 1412 1390 231)
 (1403 1410 1123 1413 1414 351 1391) (10 1368 1128) (1369 1130 1416 568)
 (1370 1132 1416 352) (569 1417 1371 1133 1418) (1372 1416 1134 232)
 (1417 570 1420 1373 1136) (353 1138 1420 1374 1418)
 (571 1375 1419 1139 1421 1422) (1376 1148 1416 84) (1377 354 1424 1150 1418)
 (233 1378 1420 1151 1424) (1153 1379 355 1422 1425 1426) (42 1380 1158 1416)
 (1417 572 1381 1428 1160) (1162 356 1428 1382 1418)
 (573 1163 1383 1419 1429 1430) (234 1164 1420 1428 1384)
 (574 1166 1385 1421 1429 1432) (1168 1386 357 1422 1430 1432)
 (1433 1434 575 1169 1387 1423 1431) (1178 1388 85 1428 1424)
 (1436 1389 358 1425 1180 1430) (1436 1390 1426 235 1181 1432)
 (1434 1437 359 1391 1427 1183 1438) (1188 21 1416 1392)
 (1393 1417 1440 1190 576) (1418 1394 360 1440 1192)
 (1193 1442 577 1419 1441 1395) (1396 1194 236 1420 1440)
 (1444 1441 578 1196 1421 1397) (1442 1444 1198 1422 361 1398)
 (579 1445 1446 1199 1423 1443 1399) (1440 1400 1424 86 1208)
 (1401 1442 1448 362 1425 1210) (1402 1444 1448 1426 1211 237)
 (1403 1446 1449 1450 363 1213 1427) (1218 43 1404 1428 1440)
 (1220 1405 1441 580 1452 1429) (1222 1442 1452 364 1430 1406)
 (1223 1407 1443 581 1453 1454 1431) (1224 1408 1444 1452 238 1432)
 (1433 1409 1226 1445 582 1453 1456) (1434 1410 1228 1446 1454 1456 365)
 (1435 1411 1229 583 1447 1455 1457 1458) (1436 87 1412 1448 1452 1238)
 (1437 1413 1449 1454 1240 1460 366) (1438 1414 1450 1456 1241 1460 239)
 (1439 1415 1451 1458 1243 1461 1462 367) (5 1368 1248) (1369 1250 1464 584)
 (1370 1252 1464 368) (585 1465 1371 1253 1466) (1258 1376 1464 88)
 (369 1377 1260 1468 1466) (1380 44 1263 1464) (1265 586 1381 1465 1470)
 (370 1267 1470 1382 1466) (1467 1471 1472 1268 1383 587)
 (1273 89 1388 1470 1468) (371 1469 1472 1474 1275 1389) (1464 1392 1278 22)
 (1393 1465 588 1476 1280) (1282 1466 372 1476 1394)
 (1467 1477 1478 589 1283 1395) (90 1400 1476 1468 1288)
 (1401 1290 373 1478 1480 1469) (45 1404 1293 1470 1476)
 (1405 1295 1471 1477 1482 590) (374 1472 1297 1478 1482 1406)
 (1407 1473 1298 1479 1483 1484 591) (1474 91 1412 1303 1480 1482)
 (1481 375 1475 1413 1305 1484 1486) (11 1308 1464 1416)
 (1417 1465 1488 1310 592) (1418 1466 376 1488 1312)
 (1467 593 1419 1489 1313 1490) (92 1488 1318 1468 1424)
 (1469 377 1425 1490 1492 1320) (1323 1428 46 1488 1470)
 (1325 1471 1489 594 1429 1494) (1327 1472 378 1430 1490 1494)
 (1328 1473 1431 595 1491 1495 1496) (1436 1333 93 1474 1492 1494)
 (1498 1437 379 1335 1493 1475 1496) (1338 1476 1488 23 1440)
 (1500 1441 1477 1340 1489 596) (1500 1442 380 1478 1342 1490)
 (1501 1502 1443 1479 1343 1491 597) (1500 1448 94 1492 1480 1348)
 (1481 1502 1504 381 1449 1493 1350) (1353 1500 1482 1452 1494 47)
 (1355 1501 1506 1483 1453 598 1495) (1357 1502 1506 382 1484 1454 1496)
 (1497 1358 1503 1507 1508 1485 1455 599) (1498 1504 1506 1363 95 1486 1460)
 (1499 1505 1508 1365 1510 383 1487 1461) (1008 1) (1009 1512 864)
 (1512 1010 600) (865 1513 1011 1514) (1012 1512 384) (601 1514 1013 1516)
 (1014 1512 240) (1513 866 1015 1518) (602 1016 1518 1514)
 (867 1017 1515 1519 1520) (385 1516 1018 1518) (1522 603 1517 1019 1520)
 (160 1512 1020) (1021 1513 868 1524) (1022 604 1524 1514)
 (1525 1023 869 1515 1526) (241 1024 1518 1524) (1525 1025 870 1519 1528)
 (1528 1526 605 1026 1520) (1027 1521 1527 1529 1530 871) (1028 1512 96)
 (1513 1029 1532 872) (386 1030 1532 1516) (242 1532 1031 1518)
 (873 1535 1533 1032 1519) (1522 387 1534 1033 1535) (161 1524 1532 1034)
 (1035 874 1525 1533 1538) (1036 243 1538 1535 1528)
 (1539 1540 875 1529 1037 1536) (1038 1512 48) (1513 1039 876 1542)
 (1514 1040 606 1542) (877 1515 1041 1543 1544) (388 1542 1042 1516)
 (1546 1517 607 1043 1544) (244 1542 1518 1044) (1045 1543 1548 878 1519)
 (1544 1046 1548 1520 608) (1047 879 1545 1549 1550 1521)
 (1548 1522 1048 389 1546) (1049 609 1547 1550 1552 1523) (162 1524 1050 1542)
 (1554 1525 1543 1051 880) (610 1544 1554 1526 1052)
 (1545 1053 881 1555 1556 1527) (1054 1548 245 1554 1528)
 (882 1055 1549 1555 1558 1529) (611 1056 1550 1556 1558 1530)
 (883 1057 1551 1557 1559 1560 1531) (97 1532 1058 1542)
 (1562 884 1533 1543 1059) (1546 1534 1562 390 1060) (1061 1562 1548 246 1535)
 (1549 885 1062 1563 1565 1536) (1537 391 1552 1063 1564 1565)
 (1538 163 1064 1562 1554) (1539 886 1555 1065 1563 1568)
 (1540 1558 1066 247 1565 1568) (1569 1570 1541 1067 887 1559 1566)
 (1068 1512 24) (1513 1572 1069 888) (1514 612 1070 1572)
 (889 1515 1573 1574 1071) (1572 392 1516 1072) (1073 1517 613 1574 1576)
 (1074 1572 1518 248) (890 1075 1573 1519 1578) (1574 1578 1076 614 1520)
 (1575 1579 1580 1521 891 1077) (393 1522 1578 1078 1576)
 (1577 1580 1582 615 1523 1079) (1572 164 1524 1080) (1081 1573 892 1525 1584)
 (1082 1574 1584 1526 616) (1083 1575 1585 1586 893 1527)
 (249 1578 1084 1584 1528) (1085 1579 1585 1588 894 1529)
 (1086 1580 617 1586 1588 1530) (1087 1581 1587 1589 1590 895 1531)
 (98 1532 1572 1088) (1089 1573 1592 1533 896) (1090 1576 1592 1534 394)
 (250 1091 1592 1535 1578) (1579 1092 1593 897 1595 1536)
 (1537 395 1093 1582 1594 1595) (1538 1592 165 1094 1584)
 (1539 1095 1585 1593 898 1598) (1540 1096 1595 1588 251 1598)
 (1541 1097 1589 899 1596 1599 1600) (49 1098 1572 1542)
 (1602 1099 900 1573 1543) (618 1100 1574 1602 1544)
 (1603 1604 1575 1545 1101 901) (1546 396 1102 1602 1576)
 (1604 1606 1577 1547 619 1103) (1548 1578 252 1602 1104)
 (1603 1608 1579 1549 1105 902) (1604 1608 1580 1550 620 1106)
 (1605 1609 1610 1581 1551 1107 903) (1606 1608 397 1582 1552 1108)
 (1607 1610 1612 1583 1553 621 1109) (1554 1584 1110 1602 166)
 (1603 1614 1585 1555 1111 904) (1604 1614 1586 1556 622 1112)
 (1113 905 1605 1615 1616 1587 1557) (1114 1608 1614 1588 1558 253)
 (906 1115 1609 1615 1618 1589 1559) (1116 1610 1616 1618 1590 623 1560)
 (907 1117 1611 1617 1619 1620 1591 1561) (1562 99 1118 1602 1592)
 (1603 908 1119 1622 1593 1563) (1606 1120 398 1622 1594 1564)
 (1608 1121 1622 1595 1565 254) (909 1609 1122 1623 1625 1596 1566)
 (1123 1612 399 1624 1625 1597 1567) (1124 1614 1622 167 1598 1568)
 (1569 910 1125 1615 1623 1628 1599) (1570 1126 1618 1625 1628 255 1600)
 (1601 1571 911 1127 1619 1626 1629 1630) (12 1512 1128) (1129 1513 1632 912)
 (1130 1632 1514 624) (913 1633 1131 1515 1634) (1632 1132 1516 400)
 (625 1517 1636 1133 1634) (1632 1518 1134 256) (1633 914 1519 1135 1638)
 (626 1638 1520 1634 1136) (1521 1635 1639 1640 915 1137)
 (401 1138 1636 1638 1522) (1637 1640 1642 1139 1523 627) (1632 1140 1524 168)
 (1633 1525 916 1141 1644) (1634 628 1142 1644 1526)
 (1635 1143 917 1645 1646 1527) (257 1644 1528 1638 1144)
 (1639 1645 918 1648 1529 1145) (1640 1646 1648 1530 1146 629)
 (1641 1647 1649 1650 919 1147 1531) (100 1632 1148 1532)
 (1633 1533 1652 1149 920) (402 1636 1150 1652 1534) (258 1652 1535 1151 1638)
 (1639 921 1653 1655 1152 1536) (1153 1537 1642 403 1654 1655)
 (169 1154 1644 1652 1538) (1155 1645 1539 922 1653 1658)
 (259 1540 1648 1156 1655 1658) (1541 1649 923 1656 1157 1659 1660)
 (50 1632 1158 1542) (1633 924 1543 1159 1662) (1634 1662 1544 630 1160)
 (1635 1161 1545 925 1663 1664) (1162 404 1662 1636 1546)
 (1666 1637 1163 1547 631 1664) (1548 260 1164 1638 1662)
 (1668 1639 1165 1549 926 1663) (1668 1640 1550 1166 632 1664)
 (1665 1669 1670 1641 1551 1167 927) (1666 1668 1642 1552 405 1168)
 (633 1553 1667 1670 1672 1643 1169) (1170 1644 1554 1662 170)
 (1674 1645 1555 1171 928 1663) (634 1674 1172 1646 1556 1664)
 (1665 1675 1676 1647 1557 929 1173) (1668 261 1674 1648 1174 1558)
 (1669 1175 1675 1678 1649 1559 930) (635 1176 1670 1676 1678 1650 1560)
 (1671 1677 1679 1680 1561 1651 1177 931) (1178 1652 101 1662 1562)
 (1682 1653 1179 932 1563 1663) (1666 1180 1682 406 1564 1654)
 (1668 262 1181 1682 1655 1565) (1669 1566 1683 1685 1656 933 1182)
 (1672 1684 1685 1183 407 1657 1567) (1674 1682 1658 171 1184 1568)
 (1185 1569 1675 1683 1688 1659 934) (1186 263 1570 1678 1685 1688 1660)
 (1187 1571 1679 1686 1689 1690 1661 935) (25 1572 1188 1632)
 (1633 1573 1692 1189 936) (1634 636 1692 1190 1574)
 (937 1635 1191 1575 1693 1694) (1576 408 1692 1636 1192)
 (637 1193 1577 1637 1694 1696) (1194 1638 1692 1578 264)
 (938 1639 1698 1195 1693 1579) (1698 1196 638 1640 1580 1694)
 (939 1700 1641 1197 1581 1699 1695) (1698 1642 1198 1582 409 1696)
 (1697 1700 1702 639 1643 1583 1199) (1584 172 1692 1644 1200)
 (1585 940 1704 1645 1201 1693) (1704 640 1646 1202 1586 1694)
 (941 1705 1706 1587 1647 1203 1695) (1698 1704 265 1204 1648 1588)
 (1699 942 1705 1708 1649 1589 1205) (1700 641 1706 1708 1650 1206 1590)
 (1701 1207 943 1707 1709 1710 1651 1591) (1652 1592 1692 102 1208)
 (944 1712 1593 1653 1209 1693) (1712 1654 1594 410 1210 1696)
 (1698 266 1712 1655 1211 1595) (1699 1212 945 1713 1715 1656 1596)
 (1702 1213 1714 1715 1657 411 1597) (1704 1712 1598 1658 173 1214)
 (1705 946 1713 1215 1659 1599 1718) (267 1708 1718 1715 1216 1660 1600)
 (1217 1601 947 1709 1716 1719 1720 1661) (1218 51 1692 1662 1602)
 (1219 948 1603 1722 1693 1663) (1604 642 1220 1722 1694 1664)
 (1665 1605 949 1221 1723 1724 1695) (1666 1222 1606 1722 412 1696)
 (1697 1667 1223 1607 643 1724 1726) (1698 1668 1224 1608 268 1722)
 (1699 1669 1225 950 1609 1723 1728) (1700 1670 1226 644 1610 1724 1728)
 (1729 1730 1701 1671 1227 951 1725 1611) (1228 1702 1672 1612 413 1726 1728)
 (1730 1732 1703 1673 645 1613 1229 1727) (1704 1674 1230 1614 1722 174)
 (1734 1705 1675 1615 952 1231 1723) (1734 1706 1676 646 1616 1232 1724)
 (953 1735 1736 1707 1677 1233 1617 1725) (1734 1618 1708 269 1678 1234 1728)
 (1729 1735 1738 1709 1619 1679 954 1235)
 (1730 1736 1738 1710 1236 1680 1620 647)
 (1731 1737 1739 1740 1711 1681 955 1621 1237) (1712 1682 1238 103 1722 1622)
 (1239 1742 1713 1683 956 1623 1723) (1240 1742 414 1714 1684 1624 1726)
 (270 1742 1625 1715 1685 1241 1728) (1729 1743 1745 1716 957 1686 1626 1242)
 (1732 1744 1745 1717 1687 1243 1627 415) (1244 1734 1742 1718 1688 1628 175)
 (1735 1245 1743 1748 958 1719 1689 1629)
 (1738 271 1630 1745 1748 1720 1690 1246)
 (1739 1746 1749 1247 959 1721 1691 1631 1750) (6 1512 1248)
 (1249 1513 1752 960) (1250 1514 1752 648) (961 1753 1251 1515 1754)
 (1252 1516 1752 416) (649 1517 1756 1253 1754) (1524 1254 1752 176)
 (1753 962 1525 1758 1255) (650 1754 1758 1526 1256)
 (1257 1527 963 1755 1759 1760) (1258 1532 1752 104) (1753 1762 1259 964 1533)
 (417 1762 1260 1534 1756) (177 1538 1261 1758 1762)
 (1763 1765 1262 1539 965 1759) (52 1542 1263 1752) (1753 1767 966 1543 1264)
 (1265 1754 651 1767 1544) (1768 1545 1266 1769 1755 967)
 (418 1267 1756 1767 1546) (1769 1547 1268 652 1757 1771)
 (178 1269 1758 1767 1554) (1768 1773 1270 1555 1759 968)
 (1769 1773 1271 1556 653 1760) (969 1761 1770 1774 1775 1272 1557)
 (1273 105 1762 1767 1562) (970 1763 1768 1777 1274 1563)
 (419 1764 1771 1777 1275 1564) (179 1765 1773 1777 1276 1568)
 (1569 971 1766 1774 1778 1780 1277) (26 1572 1278 1752)
 (1753 972 1573 1782 1279) (1754 1574 654 1782 1280)
 (973 1575 1783 1784 1281 1755) (1282 420 1782 1756 1576)
 (1577 655 1784 1786 1283 1757) (1782 180 1284 1758 1584)
 (974 1585 1783 1788 1285 1759) (656 1586 1784 1788 1286 1760)
 (1761 975 1587 1785 1789 1790 1287) (106 1592 1782 1762 1288)
 (1289 1763 976 1783 1593 1792) (1290 1764 421 1594 1786 1792)
 (1291 1765 181 1788 1598 1792) (1793 1795 1292 1766 977 1789 1599)
 (53 1293 1782 1767 1602) (1603 1797 1294 1768 978 1783)
 (1604 1797 1295 1769 1784 657) (1605 1798 1799 1296 1770 979 1785)
 (1797 422 1297 1771 1786 1606) (1607 1799 1801 1298 1772 658 1787)
 (1797 182 1299 1773 1614 1788) (980 1798 1803 1300 1774 1615 1789)
 (1799 1803 1301 1775 1616 659 1790) (1800 1805 1804 981 1302 1776 1617 1791)
 (1797 1303 1777 1622 107 1792) (1793 1798 982 1807 1304 1778 1623)
 (1794 423 1801 1807 1305 1779 1624) (1795 183 1803 1807 1306 1780 1628)
 (1796 1804 983 1808 1810 1307 1781 1629) (1308 13 1752 1632)
 (1633 1753 1812 1309 984) (1812 1634 660 1310 1754)
 (1635 985 1813 1814 1311 1755) (1812 1636 424 1756 1312)
 (1637 1757 1814 1816 1313 661) (1812 1314 1644 1758 184)
 (1645 986 1813 1818 1315 1759) (1646 1814 1818 1316 662 1760)
 (1761 1647 987 1815 1819 1820 1317) (1812 1652 108 1318 1762)
 (1763 988 1813 1653 1822 1319) (1764 425 1654 1816 1822 1320)
 (1321 1765 185 1658 1818 1822) (1825 1322 1766 989 1659 1819 1823)
 (1323 1812 54 1767 1662) (1827 1324 1768 1813 990 1663)
 (1827 1325 1769 1814 663 1664) (1665 1828 1829 1326 991 1770 1815)
 (1666 1827 1327 426 1771 1816) (1667 1829 1831 1328 1772 1817 664)
 (1827 1329 186 1773 1674 1818) (1828 1833 1330 1675 1774 992 1819)
 (665 1829 1833 1331 1676 1775 1820) (1830 1834 1835 1332 1677 1776 993 1821)
 (1827 1333 1777 1682 109 1822) (1828 1837 1334 1778 1683 994 1823)
 (1831 427 1837 1335 1779 1684 1824) (1825 1833 187 1837 1336 1780 1688)
 (1826 1834 1838 1840 1337 1781 1689 995) (1812 1338 27 1692 1782)
 (1842 1339 1813 1783 996 1693) (666 1842 1340 1814 1784 1694)
 (1843 1844 1341 1815 1785 997 1695) (428 1842 1342 1816 1786 1696)
 (1697 667 1844 1846 1343 1817 1787) (1704 188 1842 1344 1818 1788)
 (1705 1843 1848 1345 1819 1789 998) (668 1706 1844 1848 1346 1820 1790)
 (1707 1845 999 1849 1850 1347 1821 1791) (110 1842 1712 1348 1822 1792)
 (1793 1713 1843 1852 1349 1823 1000) (1794 429 1714 1846 1852 1350 1824)
 (1825 1795 189 1718 1848 1852 1351) (1001 1826 1796 1719 1849 1853 1855 1352)
 (1353 1827 1797 55 1842 1722) (1857 1354 1828 1798 1002 1843 1723)
 (1857 1355 1829 1799 1844 669 1724) (1858 1003 1356 1830 1800 1859 1845 1725)
 (1857 1357 1831 1801 430 1846 1726) (1859 1861 1358 1832 1802 1847 1727 670)
 (1857 1734 1359 1833 1803 190 1848) (1858 1004 1863 1735 1360 1834 1804 1849)
 (1859 1863 671 1736 1361 1835 1805 1850)
 (1860 1005 1864 1737 1362 1836 1806 1865 1851)
 (1857 1363 1837 1742 1807 1852 111) (1858 1006 1867 1364 1838 1743 1808 1853)
 (1861 1867 1365 1839 1744 1809 431 1854)
 (1863 1867 1366 191 1840 1810 1748 1855)
 (1007 1864 1868 1870 1367 1841 1811 1749 1856) (3 1512 1368)
 (1369 1514 1872 672) (1370 1872 1516 432) (673 1873 1371 1517 1874)
 (1872 1372 1518 272) (1873 674 1876 1373 1520) (433 1522 1876 1374 1874)
 (1375 675 1523 1875 1877 1878) (1872 112 1532 1376) (1377 434 1880 1534 1874)
 (273 1378 1876 1535 1880) (1537 1379 435 1878 1881 1882) (1872 1380 1542 56)
 (1873 1884 676 1381 1544) (1546 1884 436 1382 1874)
 (1547 677 1383 1875 1885 1886) (274 1876 1548 1884 1384)
 (678 1550 1385 1877 1885 1888) (1552 1386 437 1878 1886 1888)
 (1889 1890 679 1553 1387 1879 1887) (113 1562 1884 1388 1880)
 (1892 1389 438 1881 1564 1886) (1892 275 1390 1882 1565 1888)
 (1890 1893 1391 439 1883 1567 1894) (1572 1872 28 1392)
 (1393 1873 1896 1574 680) (1394 1576 1896 1874 440)
 (1577 1898 681 1897 1875 1395) (276 1876 1396 1896 1578)
 (1900 1897 1580 682 1877 1397) (1898 1900 1582 1878 441 1398)
 (1899 1901 1902 1583 683 1879 1399) (114 1880 1592 1896 1400)
 (1401 1898 1904 1594 1881 442) (1402 1900 1904 277 1882 1595)
 (1403 1902 1905 1906 443 1597 1883) (57 1602 1884 1404 1896)
 (1604 1405 1897 684 1908 1885) (1406 1898 1908 444 1886 1606)
 (1407 1607 1899 1909 1910 685 1887) (1608 1900 1908 1408 278 1888)
 (1889 1409 1610 1901 1909 686 1912) (1890 1410 1612 1902 1910 1912 445)
 (1891 687 1411 1613 1903 1911 1913 1914) (115 1892 1412 1904 1908 1622)
 (1893 1413 1905 1910 1624 1916 446) (1894 1414 1906 279 1912 1625 1916)
 (1895 1415 1907 1914 1627 1917 1918 447) (1872 1632 14 1416)
 (1417 1634 1873 1920 688) (1418 1636 1920 1874 448)
 (1921 1922 1637 1875 1419 689) (1920 1876 1420 1638 280)
 (1921 1924 1640 1877 690 1421) (449 1922 1924 1642 1422 1878)
 (1923 1925 1423 1643 1879 691 1926) (1652 1880 116 1920 1424)
 (1922 450 1928 1881 1654 1425) (1924 1928 1655 1882 281 1426)
 (451 1926 1929 1930 1657 1427 1883) (58 1884 1428 1662 1920)
 (1921 1429 1932 692 1885 1664) (1922 452 1666 1932 1886 1430)
 (1923 1933 1667 1934 1431 693 1887) (1668 1932 1924 282 1432 1888)
 (1433 1889 1925 1670 1933 1936 694) (1434 453 1926 1890 1672 1934 1936)
 (1435 1927 1673 1891 1935 1937 1938 695) (1436 117 1928 1932 1682 1892)
 (1893 454 1929 1934 1684 1437 1940) (1438 1930 1936 1940 1685 283 1894)
 (455 1895 1931 1938 1941 1942 1687 1439) (1896 1692 29 1920 1440)
 (1921 1441 1897 1944 1694 696) (1922 456 1442 1898 1944 1696)
 (697 1697 1923 1443 1945 1946 1899) (1698 1924 1444 1944 1900 284)
 (698 1700 1925 1901 1445 1945 1948) (1926 457 1902 1446 1946 1948 1702)
 (699 1703 1927 1903 1447 1947 1949 1950) (118 1928 1904 1944 1448 1712)
 (1905 1929 458 1449 1714 1946 1952) (1906 1930 1450 1715 1948 285 1952)
 (1953 1954 459 1907 1950 1451 1717 1931) (59 1932 1452 1944 1722 1908)
 (700 1933 1956 1909 1945 1453 1724) (1956 460 1934 1910 1946 1726 1454)
 (701 1455 1935 1911 1957 1947 1727 1958) (1956 1456 1936 1912 1948 286 1728)
 (1730 1957 702 1960 1937 1913 1457 1949)
 (1732 1958 1960 461 1938 1914 1458 1950)
 (1733 1959 703 1961 1962 1939 1459 1915 1951)
 (1460 119 1742 1940 1916 1956 1952) (1953 1958 1461 1964 462 1744 1941 1917)
 (1954 1960 1964 1918 1745 1942 1462 287)
 (1955 1962 1965 1966 463 1747 1463 1943 1919) (7 1752 1872 1464)
 (1465 1754 1873 1968 704) (1466 1756 1968 1874 464)
 (1467 705 1969 1970 1875 1757) (1762 1880 1468 1968 120)
 (1764 1469 465 1970 1972 1881) (1884 60 1470 1767 1968)
 (1471 1769 706 1969 1974 1885) (1970 1771 1472 466 1974 1886)
 (1473 707 1772 1971 1975 1976 1887) (1892 121 1474 1777 1972 1974)
 (1893 1475 467 1779 1973 1976 1978) (1968 1896 1476 30 1782)
 (1897 708 1477 1969 1784 1980) (1898 1478 1970 468 1786 1980)
 (1899 709 1479 1971 1787 1981 1982) (1480 122 1904 1972 1980 1792)
 (1794 1905 1481 1973 469 1982 1984) (1797 61 1482 1908 1974 1980)
 (1986 1799 710 1483 1909 1975 1981) (1986 1801 1484 470 1976 1982 1910)
 (1987 1988 1802 711 1485 1911 1977 1983) (1986 123 1807 1486 1978 1916 1984)
 (1985 1988 1487 1809 471 1979 1917 1990) (1920 1812 1968 15 1488)
 (1921 1992 712 1969 1814 1489) (1922 1992 472 1970 1816 1490)
 (1923 1993 1994 713 1971 1817 1491) (1992 124 1972 1928 1492 1822)
 (1929 1994 1996 1973 473 1493 1824) (1827 1992 1932 62 1974 1494)
 (1829 1993 1933 1998 714 1975 1495) (1831 1994 1934 1998 1976 474 1496)
 (1497 1832 1995 1935 2000 715 1999 1977) (1498 1837 1996 125 1998 1940 1978)
 (1499 1997 1839 2000 2002 1941 475 1979) (1500 1992 1842 1944 1980 31)
 (1501 1993 716 1844 1945 1981 2004) (1502 1994 2004 1846 1946 476 1982)
 (1503 1995 717 2006 1847 2005 1947 1983) (1952 1504 1996 126 2004 1852 1984)
 (1953 1985 1505 1997 2006 2008 477 1854) (1857 1986 1956 1506 1998 63 2004)
 (1987 1957 1507 1859 1999 2005 718 2010)
 (1988 1861 1958 1508 2000 2006 2010 478)
 (1989 1862 1959 1509 2001 719 2007 2011 2012)
 (1990 1867 1964 1510 127 2002 2008 2010)
 (1991 1869 1965 1511 2003 2009 2012 2014 479))