(NIL NIL (1 2) NIL (2 4) (1 4) (5 3 6) NIL (4 8) (2 8) (9 5 10) (1 8) (9 6 12)
 (3 10 12) (11 13 7 14) NIL (8 16) (2 16) (17 10 18) (1 16) (17 12 20)
 (3 18 20) (21 22 19 14) NIL (8 24) (4 24) (9 25 26) (2 24) (25 28 10)
 (5 26 28) (27 11 29 30) (1 24) (25 12 32) (26 32 6) (33 27 13 34) (3 32 28)
 (33 14 29 36) (7 36 34 30) (31 37 35 15 38) NIL (24 40) (16 40) (8 40)
 (41 25 43) (42 17 43) (4 40) (41 26 46) (9 43 46) (27 44 47 48) (2 40)
 (41 50 28) (42 50 18) (10 43 50) (51 44 53 29) (19 52 45 53) (5 50 46)
 (51 56 47 30) (11 53 48 56) (31 57 54 49 58) (1 40) (41 32 60) (42 60 20)
 (43 12 60) (61 44 33 63) (21 45 62 63) (6 46 60) (61 47 34 66) (66 13 48 63)
 (67 68 35 49 64) (3 50 60) (51 61 70 36) (22 52 62 70) (53 14 63 70)
 (37 73 54 71 64) (65 73 23 55 72) (66 7 70 56) (57 38 67 76 71)
 (73 58 68 15 76) (74 77 78 39 59 69) NIL (80 40) (80 24) (81 41 82) (80 16)
 (81 42 84) (80 8) (81 43 86) (82 86 25) (83 44 87 88) (17 84 86) (90 85 45 87)
 (80 4) (81 46 92) (82 92 26) (93 94 83 47) (9 86 92) (93 96 48 87)
 (94 27 96 88) (89 95 97 98 49) (80 2) (81 50 100) (82 100 28) (83 101 51 102)
 (100 84 18) (85 52 101 104) (10 100 86) (101 53 87 106) (106 102 29 88)
 (89 107 108 54 103) (90 19 106 104) (105 91 107 55 110) (5 100 92)
 (93 112 101 56) (94 112 102 30) (57 113 95 103 114) (106 11 96 112)
 (113 58 107 116 97) (31 114 108 116 98) (115 117 118 99 59 109) (80 1)
 (81 60 120) (82 32 120) (121 122 83 61) (84 120 20) (121 85 124 62)
 (12 86 120) (121 63 87 126) (122 33 126 88) (89 123 128 127 64)
 (21 90 124 126) (65 130 91 125 127) (6 120 92) (93 66 132 121) (94 132 34 122)
 (123 95 133 67 134) (96 13 126 132) (133 68 97 127 136) (136 134 98 35 128)
 (99 129 135 137 138 69) (3 100 120) (121 140 101 70) (122 140 102 36)
 (123 141 71 103 142) (22 124 140 104) (105 141 144 125 72) (106 140 14 126)
 (73 146 107 141 127) (37 146 108 142 128) (74 147 148 129 109 143)
 (130 23 146 110 144) (145 75 150 147 131 111) (7 132 140 112)
 (113 141 76 133 152) (152 114 142 134 38) (115 77 153 154 135 143)
 (152 146 116 15 136) (147 117 78 153 156 137) (148 118 154 156 39 138)
 (149 119 79 155 157 158 139) NIL (160 80) (160 40) (81 162 161) (160 24)
 (82 164 161) (41 162 164) (163 165 83 166) (160 16) (84 168 161) (42 162 168)
 (163 169 85 170) (160 8) (172 161 86) (162 43 172) (163 173 174 87)
 (25 164 172) (173 176 165 88) (44 176 166 174) (89 177 175 167 178)
 (17 168 172) (90 180 169 173) (180 45 170 174) (91 181 175 171 182) (160 4)
 (184 161 92) (162 46 184) (93 185 163 186) (26 164 184) (185 94 188 165)
 (186 188 47 166) (95 189 187 167 190) (9 172 184) (185 96 173 192)
 (186 192 174 48) (193 194 187 97 175) (27 188 192 176) (177 193 196 189 98)
 (178 196 190 49 194) (179 99 191 195 197 198) (160 2) (100 161 200)
 (162 200 50) (201 202 163 101) (164 28 200) (201 204 165 102) (202 51 204 166)
 (203 205 103 167 206) (18 168 200) (201 208 169 104) (202 52 170 208)
 (105 209 203 171 210) (10 172 200) (201 106 212 173) (202 212 53 174)
 (107 213 203 175 214) (204 212 29 176) (177 213 108 205 216)
 (214 178 216 54 206) (179 207 215 217 218 109) (180 19 212 208)
 (209 213 220 181 110) (210 220 182 55 214) (183 211 215 221 222 111)
 (5 200 184) (185 201 224 112) (202 186 224 56) (113 225 187 203 226)
 (188 204 224 30) (225 114 205 228 189) (57 226 228 190 206)
 (115 229 230 227 207 191) (11 212 224 192) (193 225 116 213 232)
 (194 232 214 226 58) (227 117 233 234 215 195) (31 232 196 228 216)
 (229 118 233 236 217 197) (230 234 236 59 218 198)
 (231 119 235 237 238 219 199) (160 1) (240 161 120) (162 60 240)
 (121 241 163 242) (164 32 240) (241 122 244 165) (242 244 61 166)
 (123 245 243 167 246) (240 168 20) (241 124 169 248) (242 248 170 62)
 (249 250 243 125 171) (172 12 240) (241 252 173 126) (242 252 174 63)
 (243 253 127 175 254) (252 244 33 176) (177 253 256 245 128)
 (178 256 254 246 64) (257 258 179 129 247 255) (21 252 180 248)
 (249 130 260 181 253) (65 250 260 182 254) (261 262 183 131 251 255)
 (6 240 184) (185 241 132 264) (186 264 242 66) (265 266 187 133 243)
 (244 188 34 264) (265 245 268 189 134) (266 67 268 190 246)
 (135 191 267 269 270 247) (264 252 13 192) (193 265 272 253 136)
 (194 68 272 254 266) (267 273 274 137 195 255) (268 196 272 35 256)
 (257 269 273 276 138 197) (258 270 274 276 69 198)
 (259 271 275 277 278 139 199) (3 240 200) (201 241 140 280) (202 280 70 242)
 (281 282 203 141 243) (244 280 204 36) (281 245 284 205 142)
 (282 284 206 71 246) (207 247 283 285 286 143) (22 248 280 208)
 (209 249 288 281 144) (210 288 250 282 72) (145 289 290 211 283 251)
 (252 212 14 280) (281 146 292 213 253) (73 282 292 214 254)
 (147 293 294 215 283 255) (37 284 292 256 216) (257 148 293 296 217 285)
 (258 294 296 74 218 286) (259 149 295 297 298 219 287) (260 23 220 292 288)
 (289 261 150 300 293 221) (290 75 294 300 222 262)
 (291 295 263 301 302 151 223) (280 7 264 224) (225 265 304 281 152)
 (226 304 76 282 266) (227 153 267 305 306 283) (38 304 228 284 268)
 (229 154 269 305 308 285) (77 230 270 306 308 286)
 (231 155 271 307 309 310 287) (292 272 304 15 232) (305 293 233 156 273 312)
 (78 274 234 306 312 294) (295 235 157 307 275 313 314)
 (296 308 236 39 276 312) (297 237 158 277 313 309 316)
 (79 298 238 310 314 316 278) (311 299 159 239 279 315 317 318) NIL (160 320)
 (80 320) (321 161 322) (320 40) (162 321 324) (81 324 322) (163 325 326 323)
 (320 24) (321 164 328) (82 322 328) (329 330 165 323) (41 324 328)
 (329 332 325 166) (330 83 332 326) (331 333 167 327 334) (320 16)
 (321 168 336) (84 322 336) (337 338 169 323) (42 324 336) (337 340 325 170)
 (338 85 340 326) (339 341 171 327 342) (320 8) (321 172 344) (344 322 86)
 (345 346 173 323) (43 324 344) (345 348 325 174) (346 348 326 87)
 (347 349 175 327 350) (25 344 328) (329 345 352 176) (330 352 346 88)
 (177 353 331 347 354) (348 352 332 44) (353 178 356 333 349)
 (89 354 356 334 350) (179 351 355 357 358 335) (17 344 336) (337 345 180 360)
 (338 360 346 90) (361 362 339 181 347) (348 340 45 360) (361 349 364 341 182)
 (362 91 364 342 350) (183 351 343 363 365 366) (320 2) (321 368 200)
 (100 322 368) (201 369 323 370) (50 324 368) (369 202 372 325)
 (370 372 101 326) (203 373 371 327 374) (368 28 328) (329 369 204 376)
 (330 376 102 370) (377 378 331 205 371) (51 332 372 376) (377 373 380 333 206)
 (378 380 334 103 374) (207 375 379 381 382 335) (18 368 336) (337 369 384 208)
 (338 384 370 104) (209 385 339 371 386) (52 340 372 384) (385 210 373 341 388)
 (105 386 388 342 374) (387 389 390 343 211 375) (10 368 344) (345 369 212 392)
 (346 392 370 106) (393 394 347 213 371) (348 53 372 392) (393 373 396 349 214)
 (394 107 396 350 374) (375 395 397 398 351 215) (376 392 29 352)
 (353 377 400 393 216) (354 394 108 400 378) (395 401 402 355 217 379)
 (380 356 54 396 400) (397 401 404 357 218 381) (398 402 404 358 109 382)
 (399 403 405 406 359 219 383) (384 19 392 360) (361 385 220 393 408)
 (362 394 408 110 386) (387 395 409 410 363 221) (364 396 408 55 388)
 (389 397 409 412 365 222) (390 398 410 412 366 111)
 (391 399 367 411 413 414 223) (320 1) (321 416 240) (416 322 120)
 (241 417 323 418) (324 60 416) (417 242 420 325) (121 418 420 326)
 (243 421 419 327 422) (416 32 328) (329 417 244 424) (330 424 418 122)
 (425 426 331 245 419) (420 332 61 424) (425 421 428 333 246)
 (426 123 428 334 422) (423 427 429 430 247 335) (416 20 336) (337 417 432 248)
 (338 124 432 418) (249 433 339 419 434) (420 340 62 432) (433 250 436 341 421)
 (434 436 125 342 422) (423 343 435 437 438 251) (416 12 344) (345 417 252 440)
 (346 440 126 418) (441 442 347 253 419) (420 348 63 440) (441 421 444 349 254)
 (442 444 350 127 422) (423 351 443 445 446 255) (440 424 33 352)
 (353 425 448 441 256) (354 442 448 426 128) (257 449 450 427 355 443)
 (428 356 448 444 64) (449 258 452 429 357 445) (450 452 430 129 358 446)
 (451 453 454 259 431 359 447) (21 440 432 360) (361 433 260 456 441)
 (362 442 456 434 130) (261 457 458 435 363 443) (65 436 364 444 456)
 (262 457 445 460 437 365) (458 460 366 131 438 446)
 (263 459 461 462 367 439 447) (3 416 368) (369 417 464 280) (370 140 464 418)
 (281 465 371 419 466) (420 372 70 464) (465 282 468 373 421)
 (466 468 141 374 422) (423 467 469 470 375 283) (424 36 464 376)
 (377 425 465 284 472) (466 378 472 142 426) (427 467 473 474 379 285)
 (428 380 468 71 472) (429 469 473 476 381 286) (430 470 474 476 382 143)
 (431 383 471 475 477 478 287) (22 432 464 384) (385 433 465 480 288)
 (466 386 480 434 144) (289 481 387 482 467 435) (436 388 468 480 72)
 (481 290 484 389 469 437) (145 482 484 390 470 438)
 (291 485 439 391 483 471 486) (440 464 14 392) (393 441 465 292 488)
 (466 394 488 442 146) (293 489 490 395 467 443) (73 444 396 468 488)
 (294 489 492 397 469 445) (147 490 492 398 470 446)
 (295 491 493 494 399 471 447) (37 448 472 488 400) (449 296 489 496 401 473)
 (450 148 490 496 402 474) (451 297 491 497 498 403 475)
 (74 452 492 496 404 476) (453 298 493 497 500 405 477)
 (149 454 494 498 500 406 478) (455 299 495 499 501 502 407 479)
 (23 456 480 488 408) (481 457 300 489 504 409) (458 482 150 490 504 410)
 (483 491 301 505 506 411 459) (75 460 492 484 504 412)
 (485 493 461 302 505 508 413) (486 151 494 462 506 508 414)
 (487 463 303 495 507 509 510 415) NIL (160 512) (80 512) (513 161 514)
 (512 40) (162 513 516) (81 516 514) (515 517 163 518) (512 24) (164 513 520)
 (82 520 514) (515 521 165 522) (41 520 516) (517 521 524 166) (518 83 524 522)
 (519 525 523 167 526) (512 16) (513 168 528) (84 528 514) (515 529 169 530)
 (42 528 516) (517 529 532 170) (518 85 532 530) (519 533 531 171 534) (512 8)
 (536 513 172) (536 86 514) (515 537 173 538) (43 536 516) (517 537 540 174)
 (518 540 87 538) (519 541 539 175 542) (25 536 520) (521 537 544 176)
 (522 544 538 88) (177 545 523 539 546) (540 524 544 44) (545 178 548 525 541)
 (89 546 548 526 542) (179 527 543 547 549 550) (17 536 528) (529 537 180 552)
 (530 552 538 90) (553 554 531 181 539) (540 532 45 552) (553 541 556 533 182)
 (554 91 556 534 542) (183 543 555 557 558 535) (512 4) (513 560 184)
 (92 560 514) (515 185 561 562) (46 560 516) (517 186 564 561) (93 518 564 562)
 (519 563 565 187 566) (26 560 520) (521 561 188 568) (522 568 562 94)
 (569 570 523 189 563) (564 524 47 568) (569 565 572 525 190)
 (570 95 572 526 566) (527 567 571 573 574 191) (9 560 536) (537 561 576 192)
 (576 538 96 562) (193 577 539 563 578) (564 540 48 576) (577 194 580 541 565)
 (578 580 97 542 566) (543 567 579 581 582 195) (576 27 568 544)
 (545 569 196 577 584) (546 584 578 98 570) (547 579 585 586 197 571)
 (572 580 548 49 584) (549 573 581 585 588 198) (550 99 574 582 586 588)
 (575 551 583 587 589 590 199) (512 2) (513 592 200) (100 592 514)
 (515 201 593 594) (50 592 516) (517 202 596 593) (518 596 101 594)
 (595 519 597 203 598) (592 28 520) (521 593 204 600) (522 600 102 594)
 (601 602 523 205 595) (51 524 600 596) (601 597 604 525 206)
 (602 604 526 103 598) (527 599 603 605 606 207) (18 592 528) (529 593 608 208)
 (530 594 608 104) (209 609 531 595 610) (52 532 608 596) (609 210 612 533 597)
 (105 610 612 534 598) (599 211 611 613 614 535) (10 592 536) (537 593 212 616)
 (538 594 616 106) (617 618 539 213 595) (540 53 616 596) (617 597 620 541 214)
 (618 107 620 542 598) (543 599 215 619 621 622) (600 616 29 544)
 (545 601 624 617 216) (618 546 108 624 602) (625 626 547 217 619 603)
 (624 548 620 54 604) (625 628 605 549 218 621) (626 628 550 606 109 622)
 (627 629 630 607 551 219 623) (608 19 616 552) (553 609 220 617 632)
 (632 554 618 110 610) (633 634 611 555 619 221) (632 556 620 55 612)
 (633 636 613 557 621 222) (634 636 558 622 111 614)
 (559 635 637 638 623 615 223) (5 592 560) (561 593 640 224) (640 562 594 112)
 (225 641 563 595 642) (640 564 596 56) (641 226 644 565 597)
 (113 642 644 566 598) (227 567 599 643 645 646) (640 30 600 568)
 (569 601 228 641 648) (648 570 602 642 114) (229 571 643 649 650 603)
 (57 644 572 648 604) (230 573 605 645 649 652) (115 574 606 646 650 652)
 (231 607 575 647 651 653 654) (640 11 616 576) (577 617 656 641 232)
 (656 578 116 642 618) (657 658 233 643 579 619) (644 58 580 656 620)
 (657 660 234 581 645 621) (658 660 117 646 622 582)
 (659 661 583 235 647 623 662) (31 648 624 656 584) (625 657 664 236 649 585)
 (658 118 664 650 586 626) (659 665 666 237 627 587 651)
 (588 628 664 59 660 652) (629 665 653 668 238 661 589)
 (662 119 666 668 590 654 630) (631 663 667 669 670 239 591 655) (512 1)
 (513 672 240) (120 672 514) (515 241 673 674) (60 672 516) (517 242 676 673)
 (121 518 676 674) (675 519 677 243 678) (32 672 520) (521 673 244 680)
 (522 674 680 122) (681 682 523 245 675) (524 61 676 680) (681 677 684 525 246)
 (682 123 684 526 678) (527 679 683 685 686 247) (20 672 528) (529 673 688 248)
 (530 124 688 674) (249 689 531 675 690) (532 62 676 688) (689 250 692 533 677)
 (690 692 125 534 678) (679 691 693 694 535 251) (12 672 536) (537 673 252 696)
 (538 696 126 674) (697 698 539 253 675) (676 540 63 696) (697 677 700 541 254)
 (698 700 542 127 678) (543 679 699 701 702 255) (680 33 696 544)
 (545 681 704 697 256) (546 682 704 698 128) (257 705 706 547 699 683)
 (700 704 548 684 64) (705 258 708 685 549 701) (706 708 550 686 129 702)
 (707 709 710 259 687 551 703) (21 688 696 552) (553 689 260 697 712)
 (554 690 712 698 130) (261 713 714 691 555 699) (65 700 556 692 712)
 (262 713 716 693 557 701) (714 716 131 558 702 694)
 (559 263 715 717 718 695 703) (6 672 560) (561 673 720 264) (562 132 720 674)
 (265 721 563 675 722) (66 564 676 720) (721 266 724 565 677)
 (722 724 133 566 678) (567 679 267 723 725 726) (720 680 34 568)
 (569 681 268 721 728) (570 728 722 134 682) (571 269 723 729 730 683)
 (67 572 728 684 724) (573 685 270 725 729 732) (574 686 726 135 730 732)
 (575 687 271 727 731 733 734) (696 13 720 576) (577 697 736 721 272)
 (578 698 722 736 136) (737 738 579 273 723 699) (700 580 736 68 724)
 (737 740 274 581 725 701) (738 740 726 137 702 582)
 (739 741 583 275 727 703 742) (736 704 728 35 584) (705 737 744 729 276 585)
 (706 744 738 730 586 138) (739 745 746 707 277 731 587)
 (740 744 708 588 69 732) (709 745 589 748 278 741 733)
 (742 746 748 590 139 734 710) (743 711 747 749 750 735 279 591) (3 672 592)
 (593 673 752 280) (752 594 140 674) (281 753 595 675 754) (596 70 676 752)
 (753 282 756 597 677) (754 756 141 598 678) (599 679 755 757 758 283)
 (752 36 680 600) (601 681 284 753 760) (602 760 754 142 682)
 (603 755 761 762 285 683) (684 756 604 71 760) (605 685 757 761 764 286)
 (606 686 758 762 764 143) (687 607 759 763 765 766 287) (752 22 688 608)
 (609 689 768 753 288) (610 690 768 754 144) (289 769 770 755 691 611)
 (756 768 612 692 72) (769 290 772 693 757 613) (145 770 772 694 758 614)
 (291 773 695 771 615 759 774) (752 696 14 616) (617 697 292 753 776)
 (618 698 776 754 146) (293 777 778 755 619 699) (73 756 620 700 776)
 (294 777 621 780 757 701) (147 778 780 702 758 622)
 (295 779 781 782 623 759 703) (37 776 760 704 624) (625 705 296 777 784 761)
 (626 148 706 778 784 762) (627 297 779 707 785 786 763)
 (74 628 780 784 708 764) (629 298 781 785 788 709 765)
 (149 630 782 786 788 766 710) (631 711 299 783 787 789 790 767)
 (768 776 23 712 632) (769 777 633 300 713 792) (770 714 150 778 792 634)
 (715 771 779 301 793 794 635) (780 75 772 636 792 716)
 (773 637 781 717 302 793 796) (796 774 151 782 638 794 718)
 (639 775 719 303 795 783 797 798) (752 7 720 640) (641 721 800 753 304)
 (642 722 754 800 152) (801 802 755 305 723 643) (756 800 644 724 76)
 (801 804 757 306 645 725) (802 804 153 726 758 646)
 (803 805 727 307 759 647 806) (760 38 728 800 648) (801 761 808 729 308 649)
 (802 762 808 154 730 650) (731 803 809 810 309 651 763)
 (804 77 808 652 764 732) (805 809 653 812 310 733 765)
 (806 810 155 812 654 734 766) (655 807 811 813 814 767 311 735)
 (776 736 800 15 656) (657 737 777 816 312 801) (658 802 778 156 816 738)
 (659 779 803 817 818 739 313) (740 78 780 816 804 660)
 (805 781 741 817 820 661 314) (662 157 782 818 820 742 806)
 (743 807 783 819 663 821 822 315) (744 808 784 664 39 816)
 (785 665 809 817 745 824 316) (746 786 666 824 158 818 810)
 (811 667 819 787 825 826 317 747) (812 79 668 748 820 788 824)
 (669 749 813 821 825 789 828 318) (814 159 670 822 826 828 750 790)
 (671 823 751 815 791 827 829 830 319) NIL (832 320) (832 160) (321 834 833)
 (832 80) (836 322 833) (161 834 836) (837 838 835 323) (832 40) (840 324 833)
 (162 840 834) (841 325 835 842) (81 836 840) (837 841 326 844)
 (163 838 842 844) (845 846 839 843 327) (832 24) (848 833 328) (164 834 848)
 (329 849 835 850) (836 848 82) (849 330 837 852) (852 850 838 165)
 (853 331 839 851 854) (41 840 848) (849 332 841 856) (850 856 842 166)
 (857 858 851 333 843) (856 83 852 844) (845 857 860 853 334)
 (846 860 854 167 858) (855 859 861 862 847 335) (832 16) (864 833 336)
 (168 834 864) (337 865 835 866) (836 864 84) (865 338 837 868)
 (866 838 169 868) (869 339 839 867 870) (42 840 864) (865 340 841 872)
 (866 872 842 170) (873 874 867 341 843) (85 868 872 844) (845 873 876 869 342)
 (846 876 870 171 874) (875 877 878 343 847 871) (832 8) (880 833 344)
 (172 834 880) (345 881 835 882) (836 86 880) (881 346 837 884)
 (882 838 173 884) (885 347 839 883 886) (43 840 880) (881 348 841 888)
 (882 888 842 174) (889 890 883 349 843) (888 884 87 844) (845 889 892 885 350)
 (846 892 886 175 890) (891 893 894 351 847 887) (25 880 848) (849 881 896 352)
 (850 896 882 176) (353 897 851 883 898) (884 896 852 88) (897 354 900 853 885)
 (177 898 900 854 886) (899 901 902 855 355 887) (888 896 44 856)
 (857 889 356 897 904) (858 904 898 890 178) (891 899 905 906 859 357)
 (89 900 892 860 904) (893 901 905 908 861 358) (179 894 902 906 908 862)
 (863 895 903 907 909 910 359) (17 880 864) (865 881 912 360) (866 912 180 882)
 (361 913 867 883 914) (90 868 884 912) (913 362 916 869 885)
 (914 916 181 870 886) (918 871 363 917 915 887) (912 888 45 872)
 (873 889 364 913 920) (874 920 182 914 890) (921 922 875 891 915 365)
 (892 916 91 876 920) (921 924 893 877 917 366) (922 924 878 183 918 894)
 (923 925 879 895 367 919 926) (832 2) (928 833 368) (928 834 200)
 (369 929 835 930) (836 100 928) (929 370 837 932) (201 930 838 932)
 (933 371 839 931 934) (50 840 928) (929 372 841 936) (202 936 842 930)
 (937 938 931 373 843) (936 932 101 844) (845 937 940 933 374)
 (846 203 940 934 938) (375 942 935 847 941 939) (928 28 848) (849 929 944 376)
 (850 204 944 930) (377 945 851 931 946) (932 852 102 944)
 (945 378 948 853 933) (946 948 205 854 934) (947 949 950 855 935 379)
 (944 51 936 856) (857 937 380 945 952) (858 952 206 946 938)
 (947 953 954 859 939 381) (940 948 860 103 952) (949 953 956 861 941 382)
 (950 954 956 207 862 942) (951 955 957 958 383 863 943) (928 18 864)
 (865 929 960 384) (866 960 930 208) (385 961 867 931 962) (932 960 868 104)
 (961 386 964 869 933) (209 962 964 870 934) (387 963 965 966 935 871)
 (936 960 52 872) (873 937 388 961 968) (874 968 938 962 210)
 (875 389 963 969 970 939) (105 940 964 876 968) (877 390 965 969 972 941)
 (878 211 966 970 972 942) (879 391 967 971 973 974 943) (10 928 880)
 (881 929 976 392) (882 976 212 930) (393 977 883 931 978) (106 884 932 976)
 (977 394 980 885 933) (978 980 213 886 934) (979 981 982 395 935 887)
 (976 936 53 888) (889 937 396 977 984) (890 984 978 214 938)
 (891 985 986 397 979 939) (980 940 107 892 984) (893 985 988 398 981 941)
 (982 986 988 215 942 894) (895 983 987 989 990 399 943) (976 944 29 896)
 (897 945 992 977 400) (898 992 978 946 216) (993 979 899 947 401 994)
 (108 980 948 900 992) (949 901 993 402 996 981) (982 902 994 996 217 950)
 (951 983 403 903 995 997 998) (984 992 952 54 904) (993 953 905 985 404 1000)
 (994 986 954 906 1000 218) (987 907 995 405 1001 1002 955)
 (956 908 988 996 1000 109) (989 957 909 406 1001 997 1004)
 (990 958 998 1002 219 1004 910) (911 407 991 959 999 1003 1005 1006)
 (976 960 19 912) (913 961 1008 977 408) (1008 914 220 978 962)
 (1009 1010 979 963 409 915) (980 964 916 110 1008) (1009 1012 981 965 410 917)
 (1010 1012 982 966 221 918) (1011 1013 1014 983 967 411 919)
 (984 1008 968 55 920) (921 1009 1016 985 969 412) (1010 922 986 1016 970 222)
 (923 1017 1018 987 1011 971 413) (924 1016 988 1012 972 111)
 (1013 1017 1020 989 925 973 414) (1014 1018 1020 990 974 223 926)
 (1015 927 1019 1021 1022 991 415 975) (832 1) (1024 833 416) (1024 834 240)
 (417 1025 835 1026) (836 1024 120) (1025 418 837 1028) (241 1026 838 1028)
 (1029 419 839 1027 1030) (840 60 1024) (1025 420 841 1032) (242 1032 842 1026)
 (1033 1034 1027 421 843) (121 1032 1028 844) (845 1033 1036 1029 422)
 (846 243 1036 1030 1034) (423 1031 1035 1037 1038 847) (1024 32 848)
 (849 1025 1040 424) (850 244 1040 1026) (425 1041 851 1027 1042)
 (122 852 1028 1040) (1041 426 1044 853 1029) (1042 1044 245 854 1030)
 (1031 427 855 1043 1045 1046) (1040 1032 61 856) (857 1033 428 1048 1041)
 (858 1042 1048 246 1034) (1035 429 1043 859 1049 1050)
 (1036 123 860 1044 1048) (1037 430 861 1049 1045 1052)
 (1038 1046 247 1050 1052 862) (863 1039 431 1047 1051 1053 1054) (1024 20 864)
 (865 1025 1056 432) (866 1056 1026 248) (433 1057 867 1027 1058)
 (1028 868 1056 124) (1057 434 1060 869 1029) (249 1058 1060 870 1030)
 (1059 1061 1062 1031 435 871) (1056 1032 62 872) (873 1033 1057 436 1064)
 (1058 874 1064 1034 250) (875 1065 1066 1035 1059 437)
 (1036 876 125 1060 1064) (1061 1065 1068 1037 438 877)
 (1062 1066 1068 1038 251 878) (879 1063 1067 1069 1070 1039 439) (1024 12 880)
 (881 1025 1072 440) (882 252 1072 1026) (441 1073 883 1027 1074)
 (1028 884 126 1072) (1073 442 1076 885 1029) (1074 1076 253 886 1030)
 (1031 1075 1077 1078 443 887) (1032 1072 63 888) (889 1033 1073 444 1080)
 (1074 890 1080 254 1034) (891 1035 1075 1081 1082 445)
 (1036 892 1076 127 1080) (893 1037 1077 1081 1084 446)
 (894 1038 1078 1082 1084 255) (895 1039 1079 1083 1085 1086 447)
 (1040 33 1072 896) (897 1041 1073 1088 448) (1074 898 1088 1042 256)
 (449 1089 1090 899 1075 1043) (1044 900 1076 1088 128)
 (1089 450 1092 901 1077 1045) (257 1090 1092 902 1078 1046)
 (451 1093 1047 1091 903 1079 1094) (1048 64 1080 1088 904)
 (1089 452 1096 905 1081 1049) (1090 1096 258 906 1050 1082)
 (1091 453 1097 1098 907 1051 1083) (1084 1096 129 908 1092 1052)
 (1093 454 1097 1085 1100 909 1053) (259 1094 1098 1100 1054 910 1086)
 (1095 455 1099 1101 1102 1055 911 1087) (21 1056 1072 912)
 (913 1057 1073 1104 456) (1074 914 260 1104 1058)
 (1059 457 1105 1106 1075 915) (130 916 1060 1076 1104)
 (1061 458 1105 1108 1077 917) (261 1062 1106 1108 1078 918)
 (1063 459 1107 1109 1110 1079 919) (65 1064 1080 1104 920)
 (921 1065 460 1105 1112 1081) (922 262 1066 1106 1112 1082)
 (923 1067 461 1107 1113 1114 1083) (924 1068 131 1108 1112 1084)
 (925 1069 462 1109 1113 1116 1085) (926 263 1070 1110 1114 1116 1086)
 (927 1071 463 1111 1115 1117 1118 1087) (3 1024 928) (929 1025 1120 464)
 (930 1120 1026 280) (465 1121 931 1027 1122) (1028 932 1120 140)
 (1121 466 1124 933 1029) (281 1122 1124 934 1030)
 (1123 1125 1126 1031 467 935) (1120 1032 70 936) (937 1033 468 1121 1128)
 (938 1122 1128 1034 282) (1123 1129 1130 1035 469 939)
 (1036 940 141 1124 1128) (1125 1129 1132 1037 470 941)
 (1126 1130 1132 1038 283 942) (1127 1131 1133 1134 1039 471 943)
 (1040 36 1120 944) (945 1041 1136 1121 472) (946 1122 284 1136 1042)
 (947 1123 1137 1138 1043 473) (1044 948 142 1124 1136)
 (949 1137 1045 1140 1125 474) (1126 1138 1140 1046 285 950)
 (951 1127 1139 1141 1142 1047 475) (1128 1136 1048 71 952)
 (953 1137 1129 1144 1049 476) (954 1144 1138 1130 1050 286)
 (1131 1139 1145 1146 1051 477 955) (956 1132 1140 1144 1052 143)
 (1133 957 1141 1145 1148 1053 478) (1134 958 1142 1146 1148 1054 287)
 (959 1135 479 1143 1147 1149 1150 1055) (22 1056 1120 960)
 (961 1057 1152 1121 480) (1058 962 1122 1152 288)
 (481 1153 1123 1154 1059 963) (1152 964 1060 1124 144)
 (1153 482 1156 1061 965 1125) (289 1154 1156 1126 966 1062)
 (1155 1157 1063 1127 483 967 1158) (1152 72 1064 1128 968)
 (1153 484 1160 1065 1129 969) (1154 1160 1066 290 1130 970)
 (1155 485 1161 1162 1131 971 1067) (145 1132 1160 1068 1156 972)
 (1157 486 1161 1133 1164 1069 973) (291 1158 1162 1164 1134 1070 974)
 (487 1159 1163 1165 1166 1071 1135 975) (1120 1072 14 976)
 (977 1073 1168 1121 488) (978 1122 292 1168 1074)
 (979 489 1123 1169 1170 1075) (146 980 1076 1124 1168)
 (981 490 1169 1172 1077 1125) (293 1126 1170 1172 1078 982)
 (983 1127 491 1171 1173 1174 1079) (73 1080 1168 1128 984)
 (985 492 1169 1129 1176 1081) (294 986 1130 1170 1176 1082)
 (1131 493 1171 1177 1178 1083 987) (147 1132 988 1172 1176 1084)
 (1133 989 494 1173 1177 1180 1085) (295 1134 990 1174 1178 1180 1086)
 (991 1135 495 1175 1179 1181 1182 1087) (37 1088 1168 1136 992)
 (1089 1137 496 993 1169 1184) (1090 1138 296 994 1170 1184)
 (1185 1186 1091 995 497 1171 1139) (148 996 1092 1140 1172 1184)
 (1185 1188 1093 1141 498 997 1173) (1186 1188 1094 297 1142 998 1174)
 (1187 1189 1175 1095 499 999 1143 1190) (74 1096 1144 1000 1176 1184)
 (1185 1192 1097 1177 1145 500 1001) (1186 1192 1098 1178 1146 1002 298)
 (1187 1193 1194 1099 1003 501 1147 1179) (1188 149 1148 1180 1100 1192 1004)
 (1189 1193 1005 1196 1101 502 1149 1181)
 (1190 1006 1194 299 1196 1102 1150 1182)
 (1007 1191 1195 1197 1198 1103 1183 503 1151) (23 1104 1168 1152 1008)
 (1009 1169 1200 1105 504 1153) (1010 1154 300 1200 1170 1106)
 (1155 1011 1201 1202 1107 505 1171) (1012 150 1200 1108 1156 1172)
 (1013 1201 1109 1173 1157 1204 506) (1158 301 1202 1204 1174 1110 1014)
 (1015 1159 1175 1203 1205 1206 1111 507) (75 1160 1112 1200 1016 1176)
 (1017 1177 1201 1161 1208 1113 508) (1018 1208 302 1114 1202 1162 1178)
 (1179 1163 1203 1209 1210 1115 509 1019) (1116 151 1164 1020 1204 1208 1180)
 (1117 1021 1165 1205 1209 1212 1181 510)
 (1118 1166 303 1022 1206 1210 1212 1182)
 (1023 1167 511 1207 1211 1213 1214 1183 1119) NIL (1216 832) (1216 512)
 (1216 320) (1217 833 1219) (1216 160) (1217 834 1221) (513 1218 1221)
 (321 1221 1219) (1220 1224 835 1222) (1216 80) (836 1217 1226) (1218 1226 514)
 (1226 322 1219) (1220 1229 837 1227) (161 1226 1221) (1231 838 1227 1222)
 (1223 515 1231 1228) (1229 1224 1231 323) (1230 1225 1232 839 1234) (1216 40)
 (1236 1217 840) (1236 1218 516) (1236 324 1219) (1220 1237 841 1239)
 (162 1236 1221) (1241 1237 842 1222) (1223 517 1238 1241) (1241 1224 325 1239)
 (1242 1225 1244 843 1240) (81 1236 1226) (1237 1246 1227 844)
 (518 1238 1246 1228) (1229 326 1239 1246) (845 1230 1249 1247 1240)
 (1241 1231 163 1246) (846 1251 1232 1247 1242) (519 1251 1233 1243 1248)
 (1249 1251 1244 1234 327) (1245 1235 1250 1252 1254 847) (1216 24)
 (1217 1256 848) (1256 1218 520) (1256 328 1219) (1220 849 1259 1257)
 (164 1221 1256) (1257 850 1261 1222) (1223 521 1261 1258) (329 1224 1259 1261)
 (1264 1225 1260 851 1262) (82 1226 1256) (1257 1266 852 1227)
 (1266 522 1258 1228) (1229 330 1259 1266) (1269 1230 1267 1260 853)
 (1261 1231 165 1266) (1267 1232 854 1271 1262) (523 1268 1233 1271 1263)
 (331 1269 1234 1271 1264) (1265 1270 1235 1272 1274 855) (41 1236 1256)
 (1257 1276 1237 856) (1258 524 1276 1238) (1259 332 1276 1239)
 (857 1260 1277 1279 1240) (1241 1276 1261 166) (1281 1242 1277 1262 858)
 (1281 1243 525 1278 1263) (1281 1244 333 1279 1264)
 (1265 1245 1280 1282 859 1284) (1266 83 1276 1246) (1267 860 1277 1286 1247)
 (1278 1286 1268 526 1248) (1249 1269 334 1279 1286)
 (1270 1250 1280 861 1287 1289) (1281 1251 1271 167 1286)
 (1272 1252 1282 862 1287 1291) (527 1273 1253 1283 1288 1291)
 (1274 1254 1284 1289 1291 335) (1275 1255 1285 863 1290 1292 1294) (1216 16)
 (1217 1296 864) (1296 1218 528) (336 1296 1219) (1220 865 1299 1297)
 (168 1221 1296) (1297 866 1301 1222) (1223 529 1301 1298) (337 1224 1299 1301)
 (1225 1300 867 1304 1302) (84 1226 1296) (1297 1306 868 1227)
 (530 1298 1306 1228) (1229 338 1299 1306) (1230 1307 1300 869 1309)
 (1301 1231 169 1306) (1307 1232 870 1311 1302) (531 1308 1233 1311 1303)
 (339 1309 1234 1311 1304) (1235 1305 1310 1312 1314 871) (42 1236 1296)
 (1297 1316 1237 872) (1298 532 1238 1316) (1299 340 1239 1316)
 (873 1300 1317 1319 1240) (1241 1316 1301 170) (1321 1242 1317 1302 874)
 (1321 1243 533 1318 1303) (1321 1244 341 1319 1304)
 (1322 875 1324 1245 1305 1320) (1306 85 1316 1246) (1307 876 1317 1326 1247)
 (1326 1318 1308 534 1248) (1249 1309 342 1319 1326)
 (877 1327 1329 1250 1310 1320) (1321 1251 1311 171 1326)
 (1322 878 1327 1331 1252 1312) (1323 1328 1331 1253 535 1313)
 (1324 1329 1331 1254 343 1314) (1325 879 1330 1332 1334 1255 1315) (1216 8)
 (1217 1336 880) (1336 1218 536) (1336 344 1219) (1220 881 1339 1337)
 (172 1221 1336) (1337 882 1341 1222) (1223 537 1341 1338) (345 1224 1339 1341)
 (1344 1225 1340 883 1342) (1336 1226 86) (1337 1346 884 1227)
 (538 1338 1346 1228) (1229 346 1339 1346) (1230 1347 1340 885 1349)
 (1341 1231 173 1346) (1347 1232 886 1351 1342) (539 1348 1233 1351 1343)
 (347 1349 1234 1351 1344) (1235 1345 1350 1352 1354 887) (43 1236 1336)
 (1337 1356 1237 888) (1356 1338 540 1238) (1356 1339 348 1239)
 (889 1340 1357 1359 1240) (1241 1356 1341 174) (1361 1242 1357 1342 890)
 (1361 1243 541 1358 1343) (1361 1244 349 1359 1344)
 (1362 891 1364 1245 1345 1360) (1346 1356 1246 87) (1347 892 1357 1366 1247)
 (1366 1348 1358 542 1248) (1249 1349 350 1359 1366)
 (893 1367 1369 1250 1350 1360) (1361 1251 1351 175 1366)
 (1362 894 1367 1371 1252 1352) (1363 543 1368 1371 1253 1353)
 (1364 1369 1371 1254 351 1354) (1365 895 1370 1372 1374 1255 1355)
 (25 1336 1256) (1257 1337 1376 896) (1258 1376 1338 544) (1259 1376 1339 352)
 (897 1340 1377 1260 1379) (1341 1376 1261 176) (1377 898 1381 1262 1342)
 (545 1378 1381 1343 1263) (353 1379 1344 1381 1264)
 (1265 899 1345 1380 1382 1384) (1266 1376 1346 88) (1377 1386 1267 900 1347)
 (1348 546 1268 1386 1378) (354 1379 1269 1349 1386)
 (1270 901 1380 1350 1387 1389) (177 1386 1381 1351 1271)
 (1272 902 1382 1352 1387 1391) (1273 547 1383 1353 1388 1391)
 (1274 355 1384 1354 1389 1391) (1394 1275 903 1385 1355 1390 1392)
 (1356 1276 1376 44) (1377 1357 1396 1277 904) (1378 1396 548 1278 1358)
 (1396 1379 356 1359 1279) (1397 1399 1280 905 1380 1360)
 (1281 178 1361 1396 1381) (1362 1397 906 1401 1282 1382)
 (1363 1398 1401 549 1283 1383) (1364 1399 1401 1284 357 1384)
 (1365 1400 1402 1404 907 1285 1385) (89 1386 1396 1286 1366)
 (1397 1367 1406 908 1287 1387) (1398 1368 550 1406 1288 1388)
 (1399 1369 1406 358 1289 1389) (1400 1370 1407 1409 909 1290 1390)
 (179 1401 1371 1406 1291 1391) (1402 1372 1407 1411 910 1292 1392)
 (1393 1403 1373 551 1408 1411 1293) (1394 1404 1374 1409 1411 359 1294)
 (1395 1405 1375 1410 1412 1414 911 1295) (17 1336 1296) (1297 1337 1416 912)
 (1298 1416 1338 552) (1299 1416 1339 360) (913 1340 1419 1300 1417)
 (1341 180 1301 1416) (1417 914 1421 1302 1342) (553 1418 1421 1343 1303)
 (361 1419 1344 1421 1304) (1345 1305 915 1420 1422 1424) (1306 1416 1346 90)
 (1417 1426 1307 916 1347) (1348 554 1426 1308 1418) (362 1419 1309 1349 1426)
 (1427 1429 1310 1420 917 1350) (1421 181 1351 1311 1426)
 (1427 1431 1312 918 1352 1422) (1428 1431 1353 555 1313 1423)
 (1429 1431 1354 1314 363 1424) (1425 1430 1432 1434 1315 1355 919)
 (1356 1316 45 1416) (1417 1357 1436 1317 920) (1418 556 1318 1436 1358)
 (1419 364 1359 1319 1436) (921 1320 1437 1439 1420 1360)
 (1321 1361 1436 1421 182) (1362 1322 1437 922 1441 1422)
 (1323 1363 1438 1441 557 1423) (1324 1439 1441 1364 365 1424)
 (1425 923 1365 1440 1442 1444 1325) (1426 91 1436 1326 1366)
 (1427 924 1327 1367 1437 1446) (1428 1368 1328 1438 1446 558)
 (1429 1329 1439 1369 1446 366) (925 1430 1330 1440 1447 1370 1449)
 (183 1431 1331 1441 1446 1371) (1372 926 1432 1332 1442 1447 1451)
 (1433 1333 1373 1443 559 1448 1451) (1434 1334 1374 1444 1449 1451 367)
 (927 1435 1335 1445 1375 1450 1452 1454) (1216 4) (1456 1218 560)
 (1456 1221 184) (1223 561 1458 1457) (1456 1226 92) (1457 562 1460 1228)
 (185 1458 1231 1460) (1461 563 1233 1459 1462) (1456 1236 46)
 (1457 564 1238 1464) (1241 186 1464 1458) (1465 1466 1243 565 1459)
 (93 1460 1246 1464) (1465 1468 1461 566 1248) (1466 1251 1468 187 1462)
 (567 1463 1253 1467 1469 1470) (26 1456 1256) (1457 1258 1472 568)
 (1458 188 1261 1472) (569 1473 1459 1263 1474) (1266 1460 1472 94)
 (1473 570 1268 1461 1476) (1474 1476 189 1462 1271)
 (1463 1273 571 1475 1477 1478) (1472 1276 47 1464) (1465 1473 572 1278 1480)
 (1281 1466 1480 190 1474) (1467 573 1475 1283 1481 1482)
 (1476 95 1468 1286 1480) (1469 574 1477 1288 1481 1484)
 (1470 1478 191 1482 1291 1484) (1293 1471 575 1479 1483 1485 1486)
 (9 1456 1336) (1457 1338 1488 576) (1458 1488 1341 192)
 (577 1489 1459 1343 1490) (1346 96 1460 1488) (1489 578 1492 1348 1461)
 (193 1490 1492 1462 1351) (1491 1493 1494 1463 579 1353) (1488 1356 48 1464)
 (1465 1489 580 1358 1496) (1361 194 1496 1490 1466)
 (1363 1497 1498 1467 1491 581) (1492 1468 97 1366 1496)
 (1493 1368 1497 1500 1469 582) (1494 1498 1371 1500 1470 195)
 (1495 1373 1499 1501 1502 1471 583) (1488 27 1472 1376)
 (1473 1378 1504 1489 584) (1474 1504 196 1381 1490)
 (1491 1505 1506 1475 1383 585) (1386 1492 1476 98 1504)
 (1493 1505 1508 1477 586 1388) (1494 1506 1508 1478 197 1391)
 (1393 1495 1507 1509 1510 1479 587) (1504 1496 1396 49 1480)
 (1398 1497 1505 1512 1481 588) (1401 1498 1506 1512 1482 198)
 (1403 1507 1513 1514 1483 589 1499) (1500 1406 99 1508 1512 1484)
 (1501 1408 1509 1513 1516 1485 590) (1502 1411 1510 1514 1516 1486 199)
 (1503 1413 591 1511 1515 1517 1518 1487) (1216 2) (1217 1520 928)
 (1520 1218 592) (368 1520 1219) (1220 929 1521 1523) (1520 1221 200)
 (1521 930 1525 1222) (1223 593 1525 1522) (369 1224 1523 1525)
 (1225 1524 1528 931 1526) (100 1226 1520) (1521 1530 932 1227)
 (1522 594 1530 1228) (1229 370 1523 1530) (1533 1230 1531 1524 933)
 (201 1530 1231 1525) (1531 1232 934 1535 1526) (595 1532 1233 1535 1527)
 (371 1533 1234 1535 1528) (1538 1235 935 1529 1534 1536) (50 1236 1520)
 (1521 1540 1237 936) (1522 1540 596 1238) (1523 372 1540 1239)
 (937 1524 1541 1543 1240) (1241 202 1540 1525) (1545 1242 1541 1526 938)
 (1545 1243 597 1542 1527) (1545 1244 373 1543 1528)
 (1245 1544 1546 1548 1529 939) (1530 1540 101 1246) (1531 940 1541 1550 1247)
 (1542 1532 598 1550 1248) (1249 1533 374 1543 1550)
 (1544 1250 1551 1553 941 1534) (1545 1251 203 1535 1550)
 (1546 1252 1551 1555 942 1536) (1537 599 1547 1253 1552 1555)
 (1538 1548 1254 1553 1555 375) (1539 1549 1255 1554 1556 1558 943)
 (1520 28 1256) (1257 1521 1560 944) (1522 1258 1560 600) (1259 1560 1523 376)
 (945 1561 1563 1260 1524) (1525 204 1261 1560) (1561 946 1565 1262 1526)
 (601 1562 1565 1527 1263) (377 1563 1528 1565 1264)
 (1265 947 1529 1564 1566 1568) (1266 1560 102 1530) (1561 1570 1267 948 1531)
 (602 1570 1268 1532 1562) (378 1533 1269 1563 1570)
 (1571 1573 1270 949 1564 1534) (1565 205 1535 1271 1570)
 (1571 950 1575 1272 1566 1536) (1537 1572 1575 1273 603 1567)
 (1538 1573 1575 1274 379 1568) (1569 1539 1574 951 1576 1578 1275)
 (51 1276 1540 1560) (1561 1541 1580 1277 952) (1562 604 1278 1580 1542)
 (1563 380 1543 1279 1580) (1544 953 1581 1583 1280 1564)
 (1281 1545 1580 1565 206) (1546 1581 1585 1282 954 1566)
 (1547 605 1582 1585 1283 1567) (1548 1583 1585 1284 381 1568)
 (1569 955 1549 1584 1586 1588 1285) (1570 1580 1286 103 1550)
 (1571 956 1581 1551 1590 1287) (606 1582 1552 1572 1590 1288)
 (1573 1583 1553 1590 1289 382) (1574 957 1584 1554 1591 1593 1290)
 (1575 207 1585 1555 1590 1291) (1576 958 1586 1556 1591 1595 1292)
 (1577 607 1587 1557 1592 1595 1293) (1578 1588 1558 1593 1595 1294 383)
 (1579 959 1589 1559 1594 1596 1598 1295) (18 1520 1296) (1297 1521 1600 960)
 (1522 1298 1600 608) (1299 1600 1523 384) (961 1601 1603 1300 1524)
 (1525 1600 1301 208) (1601 962 1605 1302 1526) (609 1602 1605 1527 1303)
 (385 1603 1528 1605 1304) (1604 1606 1608 1305 963 1529) (1530 1306 1600 104)
 (1601 1610 1307 964 1531) (1610 610 1308 1532 1602) (386 1533 1309 1603 1610)
 (1604 1611 1613 965 1310 1534) (209 1610 1605 1535 1311)
 (1606 1611 1615 966 1312 1536) (1537 1607 1612 1615 611 1313)
 (1538 387 1608 1613 1615 1314) (1539 1609 1614 1616 1618 967 1315)
 (52 1316 1540 1600) (1601 1541 1620 1317 968) (1602 612 1620 1318 1542)
 (1603 388 1543 1319 1620) (1604 1544 1621 1623 969 1320)
 (1321 210 1545 1605 1620) (1322 1606 1546 1621 1625 970)
 (1323 1607 1547 613 1622 1625) (1324 389 1608 1548 1623 1625)
 (1325 1609 1549 1624 1626 971 1628) (105 1610 1620 1326 1550)
 (1327 1611 1551 1621 972 1630) (1328 1612 1552 1622 1630 614)
 (390 1329 1613 1553 1623 1630) (1633 1330 1614 1554 1624 973 1631)
 (1331 1555 1615 211 1625 1630) (1635 1332 1616 1556 1626 974 1631)
 (1635 1333 1617 1557 615 1627 1632) (1633 1635 391 1334 1618 1558 1628)
 (1634 1636 1638 1335 1619 1559 1629 975) (10 1520 1336) (1337 1521 1640 976)
 (1522 1338 1640 616) (1339 1640 1523 392) (977 1641 1643 1340 1524)
 (1525 212 1341 1640) (1641 978 1645 1342 1526) (617 1642 1645 1527 1343)
 (393 1643 1528 1645 1344) (979 1644 1646 1648 1345 1529) (1530 1346 1640 106)
 (1641 1650 1347 980 1531) (618 1348 1532 1650 1642) (394 1533 1349 1643 1650)
 (981 1644 1651 1653 1350 1534) (1645 213 1535 1351 1650)
 (982 1646 1651 1655 1352 1536) (1537 1647 1652 1655 1353 619)
 (1538 395 1648 1653 1655 1354) (1539 983 1649 1654 1656 1658 1355)
 (1356 53 1540 1640) (1641 1541 1660 1357 984) (1660 1642 620 1358 1542)
 (1660 1643 396 1543 1359) (1544 985 1644 1661 1663 1360)
 (1361 1545 1660 1645 214) (1665 1362 1546 1646 986 1661)
 (1665 1363 1547 1647 621 1662) (1665 1364 1548 397 1648 1663)
 (1666 1668 1365 987 1549 1649 1664) (1650 107 1660 1366 1550)
 (1670 1367 988 1551 1651 1661) (622 1670 1368 1552 1652 1662)
 (1670 1369 398 1553 1653 1663) (1671 1673 1370 989 1554 1654 1664)
 (1665 215 1371 1555 1655 1670) (1666 1671 1675 1372 990 1556 1656)
 (1667 1672 1675 1373 1557 1657 623) (1668 1673 1675 1374 399 1558 1658)
 (1669 1674 1676 1678 991 1375 1559 1659) (1640 1560 29 1376)
 (1377 1561 1680 1641 992) (1378 1680 1642 1562 624) (1379 1680 1643 1563 400)
 (1681 1644 993 1683 1380 1564) (1565 1680 1381 1645 216)
 (1646 1681 994 1685 1382 1566) (625 1647 1682 1685 1383 1567)
 (1648 401 1683 1685 1384 1568) (1569 1649 995 1684 1686 1688 1385)
 (1386 108 1650 1680 1570) (1571 1681 1651 996 1690 1387)
 (626 1572 1682 1652 1690 1388) (1573 402 1683 1653 1690 1389)
 (1574 1684 997 1654 1691 1693 1390) (1575 1685 1655 217 1690 1391)
 (1576 1686 1656 1691 1392 1695 998) (1393 627 1577 1687 1657 1692 1695)
 (1394 1578 403 1688 1658 1693 1695) (1698 1395 1579 999 1689 1659 1694 1696)
 (1660 1396 54 1580 1680) (1700 1397 1581 1681 1000 1661)
 (1700 1398 1582 1682 628 1662) (1700 1399 1583 1683 404 1663)
 (1701 1703 1400 1584 1684 1001 1664) (1665 1700 1401 1585 1685 218)
 (1666 1701 1705 1402 1586 1686 1002) (1667 629 1702 1705 1403 1587 1687)
 (1668 1703 1705 1404 1588 405 1688) (1669 1704 1706 1708 1405 1589 1689 1003)
 (1700 1670 1406 1590 1690 109) (1701 1671 1710 1407 1591 1691 1004)
 (630 1672 1710 1408 1592 1692 1702) (1703 1673 1710 1409 406 1593 1693)
 (1704 1674 1711 1713 1410 1594 1005 1694) (1705 1675 1710 1411 1595 219 1695)
 (1706 1676 1711 1715 1412 1596 1006 1696)
 (1697 631 1707 1677 1712 1715 1413 1597)
 (1698 1708 1678 1713 1715 1414 407 1598)
 (1699 1709 1679 1714 1716 1007 1415 1599 1718) (1640 1600 19 1416)
 (1417 1601 1720 1641 1008) (1418 1720 1602 1642 632) (1419 1720 1643 1603 408)
 (1009 1604 1644 1721 1723 1420) (1605 220 1421 1645 1720)
 (1010 1606 1646 1721 1725 1422) (1607 633 1647 1722 1725 1423)
 (1608 1648 409 1723 1725 1424) (1425 1011 1609 1649 1724 1726 1728)
 (1426 1720 1650 110 1610) (1730 1427 1012 1611 1651 1721)
 (1730 1428 634 1612 1652 1722) (1730 1429 1613 1653 410 1723)
 (1731 1013 1430 1614 1654 1733 1724) (1730 1431 221 1615 1655 1725)
 (1731 1014 1735 1432 1616 1656 1726) (1732 1735 1433 635 1617 1657 1727)
 (1733 1735 1434 1618 1658 411 1728) (1729 1734 1015 1736 1738 1435 1619 1659)
 (1660 1720 1436 55 1620) (1016 1740 1437 1621 1721 1661)
 (1740 636 1438 1622 1722 1662) (1740 1439 1623 1723 412 1663)
 (1017 1741 1743 1440 1624 1724 1664) (1665 1740 1441 1625 1725 222)
 (1666 1018 1741 1745 1442 1626 1726) (1667 637 1742 1745 1443 1627 1727)
 (1668 1743 1745 1444 1628 413 1728) (1729 1669 1019 1744 1746 1748 1445 1629)
 (1730 1670 1740 1446 1630 111) (1731 1671 1020 1741 1750 1447 1631)
 (1732 1672 1742 638 1750 1448 1632) (1633 1733 1673 1743 1750 1449 414)
 (1634 1734 1674 1021 1744 1751 1753 1450) (1635 1735 1675 1745 1750 1451 223)
 (1636 1736 1676 1022 1746 1751 1755 1452)
 (1637 1737 1677 639 1747 1752 1755 1453)
 (1638 1738 1678 1748 1753 1755 1454 415)
 (1639 1739 1679 1749 1023 1754 1756 1758 1455) (5 1520 1456)
 (1457 1522 1760 640) (1458 1760 1525 224) (641 1761 1459 1527 1762)
 (1530 1460 1760 112) (1761 642 1532 1461 1764) (225 1762 1764 1462 1535)
 (1537 1763 1765 1766 1463 643) (1760 56 1540 1464) (1465 1761 644 1542 1768)
 (1545 1466 1762 1768 226) (1763 1769 1770 1467 645 1547)
 (113 1468 1764 1550 1768) (1765 1769 1772 1469 1552 646)
 (227 1766 1770 1772 1470 1555) (1767 1771 1773 1774 1471 1557 647)
 (1760 30 1560 1472) (1473 1562 1761 1776 648) (1474 228 1565 1776 1762)
 (1763 1777 1778 1475 649 1567) (114 1476 1764 1776 1570)
 (1572 1765 1777 1780 1477 650) (229 1766 1575 1778 1780 1478)
 (1767 1577 1779 1781 1782 1479 651) (57 1580 1768 1776 1480)
 (1769 1582 1777 1784 1481 652) (230 1770 1585 1778 1784 1482)
 (1771 1587 1779 1785 1786 1483 653) (115 1772 1780 1590 1784 1484)
 (1773 1781 1592 1785 1788 1485 654) (231 1774 1782 1786 1595 1788 1486)
 (1789 1775 1487 1783 1787 1597 1790 655) (1760 11 1640 1488)
 (1489 1642 1761 1792 656) (1762 1490 1792 1645 232)
 (657 1793 1491 1794 1763 1647) (1650 1492 116 1764 1792)
 (1793 658 1796 1765 1652 1493) (1794 1796 1494 233 1655 1766)
 (659 1797 1495 1767 1795 1657 1798) (58 1660 1768 1792 1496)
 (1793 660 1800 1497 1769 1662) (1665 1794 1800 1498 234 1770)
 (1667 661 1801 1802 1499 1795 1771) (1796 117 1670 1800 1500 1772)
 (1797 662 1672 1801 1501 1804 1773) (1798 1802 235 1804 1502 1774 1675)
 (1799 663 1805 1803 1677 1806 1775 1503) (31 1680 1776 1792 1504)
 (1793 1777 664 1808 1505 1682) (1794 1778 236 1808 1506 1685)
 (1795 665 1779 1809 1810 1507 1687) (1796 1780 118 1808 1508 1690)
 (1797 666 1809 1812 1781 1509 1692) (1798 237 1810 1812 1510 1695 1782)
 (1697 1511 1799 667 1811 1813 1814 1783) (1700 1800 1512 1808 59 1784)
 (1702 1801 668 1809 1785 1816 1513) (1705 1802 1816 238 1810 1786 1514)
 (1707 669 1811 1803 1817 1818 1515 1787) (1788 119 1804 1710 1812 1816 1516)
 (1517 1805 670 1712 1813 1817 1820 1789)
 (1806 239 1790 1715 1814 1818 1820 1518)
 (671 1807 1717 1519 1815 1819 1821 1822 1791) (1216 1) (1217 1824 1024)
 (1824 1218 672) (1824 416 1219) (1220 1025 1827 1825) (1824 1221 240)
 (1825 1026 1829 1222) (1223 673 1829 1826) (417 1224 1827 1829)
 (1832 1225 1828 1027 1830) (1824 1226 120) (1825 1834 1028 1227)
 (674 1834 1826 1228) (1229 418 1827 1834) (1230 1835 1828 1029 1837)
 (241 1834 1231 1829) (1835 1232 1030 1839 1830) (675 1836 1233 1839 1831)
 (419 1837 1234 1839 1832) (1235 1031 1833 1838 1840 1842) (1236 60 1824)
 (1825 1844 1237 1032) (1826 676 1238 1844) (1844 1827 420 1239)
 (1033 1828 1845 1847 1240) (1241 242 1844 1829) (1849 1242 1845 1830 1034)
 (1849 1243 677 1846 1831) (1849 1244 421 1847 1832)
 (1245 1833 1035 1848 1850 1852) (121 1834 1844 1246)
 (1835 1036 1845 1854 1247) (1846 1854 1836 678 1248) (1249 1837 422 1847 1854)
 (1857 1250 1037 1838 1848 1855) (1849 1251 243 1839 1854)
 (1859 1252 1038 1840 1850 1855) (1859 679 1253 1841 1851 1856)
 (1857 1859 423 1254 1842 1852) (1858 1860 1862 1039 1843 1255 1853)
 (1824 32 1256) (1257 1825 1864 1040) (1258 1864 1826 680) (1259 1864 1827 424)
 (1041 1828 1865 1260 1867) (1829 244 1261 1864) (1865 1042 1869 1262 1830)
 (681 1866 1869 1831 1263) (425 1867 1832 1869 1264)
 (1265 1833 1868 1870 1872 1043) (1266 1864 1834 122)
 (1865 1874 1267 1044 1835) (1874 682 1268 1866 1836) (426 1867 1269 1874 1837)
 (1270 1868 1838 1875 1877 1045) (1869 245 1839 1271 1874)
 (1272 1870 1840 1875 1046 1879) (1273 683 1871 1841 1876 1879)
 (1274 427 1872 1842 1877 1879) (1275 1873 1843 1878 1047 1880 1882)
 (1844 1276 61 1864) (1865 1845 1884 1277 1048) (1866 1884 684 1278 1846)
 (1867 428 1884 1847 1279) (1868 1280 1848 1049 1885 1887)
 (1281 1849 1884 1869 246) (1889 1870 1282 1050 1850 1885)
 (1889 685 1871 1283 1851 1886) (1889 429 1872 1284 1852 1887)
 (1890 1892 1873 1285 1051 1853 1888) (1874 123 1884 1286 1854)
 (1894 1875 1287 1052 1885 1855) (1894 686 1876 1288 1886 1856)
 (1857 1894 430 1877 1289 1887) (1858 1895 1897 1878 1290 1053 1888)
 (1889 1859 247 1879 1291 1894) (1890 1860 1895 1899 1880 1292 1054)
 (1891 1861 1896 1899 687 1881 1293) (1892 1862 1897 1899 431 1882 1294)
 (1893 1863 1898 1900 1902 1295 1883 1055) (1824 20 1296) (1297 1825 1904 1056)
 (1298 1904 1826 688) (1299 1904 1827 432) (1057 1828 1907 1300 1905)
 (1829 1904 1301 248) (1905 1058 1909 1302 1830) (689 1906 1909 1831 1303)
 (433 1907 1832 1909 1304) (1059 1833 1305 1908 1910 1912) (1306 124 1904 1834)
 (1905 1914 1307 1060 1835) (690 1914 1308 1906 1836) (434 1907 1309 1914 1837)
 (1061 1838 1908 1310 1915 1917) (249 1914 1909 1839 1311)
 (1062 1840 1910 1312 1915 1919) (1841 691 1911 1313 1916 1919)
 (1842 435 1912 1314 1917 1919) (1922 1063 1843 1913 1315 1918 1920)
 (1844 1316 62 1904) (1905 1845 1924 1317 1064) (1906 692 1924 1318 1846)
 (1907 436 1924 1847 1319) (1925 1927 1065 1908 1848 1320)
 (1321 250 1924 1909 1849) (1322 1925 1929 1066 1910 1850)
 (1323 1926 1929 693 1911 1851) (1324 1927 1929 437 1912 1852)
 (1325 1928 1930 1067 1932 1913 1853) (1914 1924 125 1326 1854)
 (1925 1327 1068 1934 1915 1855) (1926 1328 1934 694 1916 1856)
 (1857 1927 1329 1934 438 1917) (1858 1928 1330 1069 1935 1937 1918)
 (1859 1929 1331 1934 251 1919) (1860 1930 1332 1070 1935 1939 1920)
 (1921 1861 1931 1333 1936 1939 695) (1922 1862 1932 1334 1937 1939 439)
 (1923 1863 1933 1071 1938 1940 1335 1942) (1824 12 1336) (1337 1825 1944 1072)
 (1338 1944 1826 696) (1339 1944 1827 440) (1073 1828 1945 1340 1947)
 (1829 252 1341 1944) (1945 1074 1949 1342 1830) (697 1946 1949 1831 1343)
 (441 1947 1832 1949 1344) (1833 1345 1075 1948 1950 1952) (1346 1944 126 1834)
 (1945 1954 1347 1076 1835) (1946 698 1348 1954 1836) (442 1947 1349 1954 1837)
 (1955 1957 1838 1077 1350 1948) (1949 253 1839 1351 1954)
 (1955 1959 1840 1078 1352 1950) (1956 1959 1841 1353 699 1951)
 (1957 1959 1842 1354 443 1952) (1953 1958 1960 1962 1843 1079 1355)
 (1844 1356 63 1944) (1945 1845 1964 1357 1080) (1964 1946 700 1358 1846)
 (1964 1947 444 1847 1359) (1965 1967 1848 1081 1948 1360)
 (1361 1849 1964 1949 254) (1362 1965 1969 1082 1850 1950)
 (1363 1966 1969 1851 701 1951) (1364 1967 1969 1852 445 1952)
 (1953 1365 1968 1970 1972 1083 1853) (1954 1964 1366 127 1854)
 (1955 1367 1965 1974 1084 1855) (1956 1368 1966 1974 702 1856)
 (1857 1957 1369 1967 1974 446) (1858 1958 1370 1968 1975 1977 1085)
 (1859 1959 1371 1969 1974 255) (1860 1960 1372 1970 1975 1979 1086)
 (1861 1961 1373 1971 1976 1979 703) (1862 1962 1374 1972 1977 1979 447)
 (1863 1963 1375 1973 1978 1980 1982 1087) (1864 33 1944 1376)
 (1377 1865 1945 1984 1088) (1946 1378 1984 1866 704) (1379 1984 1867 1947 448)
 (1089 1985 1987 1868 1380 1948) (1869 1949 1984 1381 256)
 (1985 1090 1989 1870 1382 1950) (705 1986 1989 1871 1383 1951)
 (449 1987 1989 1872 1384 1952) (1953 1091 1988 1990 1992 1873 1385)
 (1386 1984 1954 1874 128) (1985 1955 1092 1994 1875 1387)
 (706 1956 1986 1994 1876 1388) (450 1987 1957 1994 1877 1389)
 (1988 1093 1958 1995 1997 1878 1390) (257 1989 1959 1994 1879 1391)
 (1990 1960 1995 1999 1880 1392 1094) (1393 707 1991 1961 1996 1999 1881)
 (1394 451 1992 1962 1997 1999 1882) (1395 1095 1993 1963 1998 2000 2002 1883)
 (1984 1884 1396 1964 64) (1985 1397 1096 1965 2004 1885)
 (1986 708 1398 1966 2004 1886) (1987 452 1399 1967 2004 1887)
 (1988 1400 1097 1968 2005 2007 1888) (1889 258 1989 1401 1969 2004)
 (1890 1990 1402 1970 2005 1098 2009) (1891 709 1991 1403 1971 2006 2009)
 (1892 453 1992 1404 1972 2007 2009) (1893 1993 1099 1405 1973 2008 2010 2012)
 (1894 1994 1406 129 2004 1974) (1895 1995 1100 1407 2005 1975 2014)
 (710 1896 1996 1408 2006 1976 2014) (454 1897 1997 1409 2007 1977 2014)
 (2017 1898 1101 1998 1410 2008 1978 2015) (259 1899 1999 1411 2009 1979 2014)
 (2019 1900 1102 2000 1412 2010 1980 2015)
 (2019 711 1901 2001 1413 2011 1981 2016)
 (2017 2019 455 1902 2002 1414 2012 1982)
 (2018 2020 2022 1903 2003 1103 1415 2013 1983) (21 1904 1944 1416)
 (1417 1905 1945 2024 1104) (1946 1418 2024 1906 712) (1419 2024 1907 1947 456)
 (1948 2025 2027 1105 1908 1420) (1909 1949 260 1421 2024)
 (2025 2029 1422 1106 1910 1950) (713 2026 2029 1423 1911 1951)
 (457 2027 2029 1912 1424 1952) (1425 1953 2028 2030 2032 1107 1913)
 (1426 2024 1954 1914 130) (1427 2025 1955 2034 1108 1915)
 (1428 714 2034 1956 2026 1916) (1957 458 2027 2034 1429 1917)
 (1958 2028 2035 1109 2037 1918 1430) (261 1959 1431 2029 2034 1919)
 (1960 1432 2030 2035 1110 2039 1920) (1921 1433 715 2031 1961 2036 2039)
 (1922 1434 459 2032 2037 2039 1962) (1923 1435 2033 2038 1111 2040 2042 1963)
 (65 1436 1924 1964 2024) (1925 2025 1437 1965 1112 2044)
 (1926 2026 716 1966 1438 2044) (1927 2027 460 1439 1967 2044)
 (1928 2028 1968 1113 1440 2045 2047) (1969 262 1929 2029 1441 2044)
 (2049 1970 1930 2030 1442 1114 2045) (2049 1931 717 1971 2031 1443 2046)
 (2049 1932 461 2032 1444 1972 2047) (2050 2052 1933 2033 1973 1445 1115 2048)
 (1934 2034 131 1974 2044 1446) (1975 1935 2035 1447 1116 2045 2054)
 (2054 1448 718 1936 2036 1976 2046) (2054 462 1937 1977 2037 1449 2047)
 (2055 2057 1938 2038 1978 1450 1117 2048) (2049 2054 263 1939 2039 1451 1979)
 (2050 1452 2055 2059 1940 2040 1980 1118)
 (2051 2056 1453 2059 719 1941 2041 1981)
 (2052 2057 2059 463 1454 1942 2042 1982)
 (2053 1983 2058 2060 2062 1455 1943 2043 1119) (6 1824 1456)
 (1457 1826 2064 720) (1458 2064 1829 264) (721 2065 1459 1831 2066)
 (2064 1834 1460 132) (2065 722 1836 1461 2068) (265 2066 2068 1462 1839)
 (1463 2067 1841 723 2069 2070) (2064 66 1844 1464) (1465 2065 724 1846 2072)
 (1849 1466 2072 2066 266) (1467 2067 725 2073 2074 1851)
 (2068 1468 133 1854 2072) (1469 2069 726 2073 2076 1856)
 (1859 267 1470 2070 2074 2076) (1861 727 1471 2071 2075 2077 2078)
 (2064 1864 34 1472) (1473 1866 2080 2065 728) (2080 1474 268 1869 2066)
 (2081 2082 2067 1871 1475 729) (2068 1874 1476 134 2080)
 (2081 2084 1876 1477 730 2069) (2082 2084 269 1478 1879 2070)
 (2083 2085 1479 2071 1881 731 2086) (2072 2080 67 1884 1480)
 (2081 2088 2073 1481 732 1886) (1889 2082 2088 270 2074 1482)
 (2083 2089 2090 1891 1483 733 2075) (1484 2084 1894 2088 135 2076)
 (2085 1896 2089 1485 2092 2077 734) (2086 2090 1899 2092 271 2078 1486)
 (2087 2093 2091 1901 2094 735 1487 2079) (2064 1944 13 1488)
 (1489 1946 2096 2065 736) (1490 2096 1949 2066 272)
 (737 1491 2097 2098 2067 1951) (2068 1954 1492 2096 136)
 (738 1956 1493 2097 2100 2069) (1494 1959 273 2098 2100 2070)
 (739 1495 1961 2099 2101 2102 2071) (2072 2096 68 1964 1496)
 (740 1497 1966 2097 2104 2073) (274 1498 1969 2098 2104 2074)
 (741 1499 1971 2099 2105 2106 2075) (1500 2100 1974 2104 137 2076)
 (742 1501 2101 1976 2105 2108 2077) (1502 275 2102 2106 1979 2108 2078)
 (743 2109 1503 2103 2107 1981 2110 2079) (2080 2096 1984 35 1504)
 (2081 1986 2097 744 1505 2112) (2082 1989 2098 1506 276 2112)
 (2113 2114 2083 1991 745 2099 1507) (2100 2084 1994 1508 138 2112)
 (2113 2116 2085 746 1996 1509 2101) (2114 2116 2086 1999 277 2102 1510)
 (2115 2117 1511 2087 747 2001 2103 2118) (2088 1512 2004 2104 69 2112)
 (2113 2120 2089 748 2105 2006 1513) (2114 2120 2090 278 2106 2009 1514)
 (2115 2121 2122 2091 749 2011 2107 1515) (1516 2120 2092 2116 139 2108 2014)
 (2117 2121 2109 2124 2093 750 1517 2016)
 (2019 2118 2122 2124 2094 1518 279 2110)
 (2021 2119 2123 2125 2126 2095 751 1519 2111) (3 1824 1520)
 (1521 1825 2128 1120) (1522 2128 1826 752) (1523 2128 1827 464)
 (1121 1828 2131 1524 2129) (1829 2128 1525 280) (2129 1122 2133 1526 1830)
 (753 2130 2133 1831 1527) (465 2131 1832 2133 1528)
 (1123 1833 2132 2134 2136 1529) (1530 2128 140 1834)
 (2129 2138 1531 1124 1835) (754 1532 2138 2130 1836) (466 2131 1533 2138 1837)
 (1125 1838 2132 2139 2141 1534) (281 2138 2133 1839 1535)
 (1126 1840 2134 2139 2143 1536) (1537 1841 755 2135 2140 2143)
 (1538 1842 467 2136 2141 2143) (2146 1539 1127 1843 2137 2142 2144)
 (1844 1540 70 2128) (2129 1845 2148 1541 1128) (2130 2148 756 1542 1846)
 (2148 2131 468 1847 1543) (2149 2151 1544 1129 2132 1848)
 (1545 282 2148 2133 1849) (2149 2153 1546 2134 1130 1850)
 (2150 2153 1547 757 2135 1851) (2151 2153 1548 469 2136 1852)
 (2152 2154 1131 2156 1549 2137 1853) (2138 2148 141 1550 1854)
 (2149 1132 2158 1551 2139 1855) (2150 2158 1552 758 2140 1856)
 (1857 2151 2158 1553 470 2141) (1858 2152 1133 2159 2161 1554 2142)
 (1859 2153 2158 1555 283 2143) (1860 2154 1134 2159 2163 1556 2144)
 (2145 1861 2155 2160 2163 1557 759) (2146 1862 2156 2161 2163 1558 471)
 (2147 1863 2157 1135 2162 2164 2166 1559) (1864 36 2128 1560)
 (1561 1865 2168 2129 1136) (1562 2168 2130 1866 760) (1563 2168 2131 1867 472)
 (1868 1137 2132 2169 2171 1564) (2133 1869 284 1565 2168)
 (1870 1138 2134 2169 2173 1566) (1871 2135 761 2170 2173 1567)
 (1872 2136 473 2171 2173 1568) (1569 1873 1139 2137 2172 2174 2176)
 (1570 2168 142 2138 1874) (2178 1571 1875 1140 2169 2139)
 (2178 1572 1876 2170 762 2140) (2178 1573 1877 474 2171 2141)
 (2179 2181 1574 1141 1878 2172 2142) (2178 1575 285 1879 2173 2143)
 (2179 2183 1576 1142 1880 2174 2144) (2145 2180 2183 1577 1881 763 2175)
 (2146 2181 2183 1578 1882 475 2176) (2177 2147 2182 2184 2186 1579 1143 1883)
 (2148 1884 1580 71 2168) (2149 2188 1581 1144 2169 1885)
 (2150 2188 1582 2170 764 1886) (2151 2188 1583 2171 476 1887)
 (2152 2189 2191 1584 1145 2172 1888) (1889 2153 2188 1585 2173 286)
 (1890 2154 2189 2193 1586 1146 2174) (1891 2155 2190 2193 1587 765 2175)
 (1892 2156 2191 2193 1588 477 2176) (2177 1893 2157 2192 2194 2196 1589 1147)
 (2178 1894 2188 2158 1590 143) (2179 1895 2189 2159 2198 1591 1148)
 (2180 1896 2190 2160 2198 1592 766) (2181 1897 2191 2161 2198 1593 478)
 (2182 1898 2192 2162 2199 2201 1594 1149) (2183 1899 2193 2163 2198 1595 287)
 (2184 1900 2194 2164 2199 2203 1596 1150)
 (2185 1901 2195 2165 2200 2203 1597 767)
 (2186 1902 2196 2166 2201 2203 1598 479)
 (2187 1903 2197 1599 2167 2202 2204 2206 1151) (22 2128 1904 1600)
 (1601 1905 2129 2208 1152) (1602 2208 1906 2130 768) (1603 2208 2131 1907 480)
 (1153 2209 2132 1604 2211 1908) (2133 1909 2208 1605 288)
 (2209 1154 2213 1606 2134 1910) (769 2210 2213 1911 1607 2135)
 (481 2211 2213 1608 1912 2136) (1155 2212 2214 2216 1609 2137 1913)
 (1610 2208 1914 2138 144) (2209 1156 2218 1611 2139 1915)
 (770 1916 2210 2218 1612 2140) (482 2211 2218 1613 1917 2141)
 (2212 1157 2219 2221 1614 1918 2142) (289 2213 2218 1615 1919 2143)
 (2214 2219 2223 1616 1158 1920 2144) (1921 2145 771 2215 2220 2223 1617)
 (1922 2146 483 2216 2221 2223 1618) (2147 1159 2217 1923 2222 2226 1619 2224)
 (2148 1620 1924 2208 72) (2209 2149 1160 2228 1621 1925)
 (2210 772 2150 2228 1622 1926) (2211 484 1927 2151 2228 1623)
 (2212 2152 1161 1928 2229 2231 1624) (290 2213 1929 2153 2228 1625)
 (2214 1930 1162 2229 2154 2233 1626) (773 2215 2155 2230 2233 1627 1931)
 (1932 485 2216 2156 2231 2233 1628) (2217 1933 1163 2157 2232 2234 2236 1629)
 (145 2218 2158 1934 2228 1630) (2219 1164 2159 2229 1935 2238 1631)
 (774 2220 2160 2230 1936 2238 1632) (1633 2161 486 2221 1937 2231 2238)
 (2241 1634 1938 1165 2222 2162 2232 2239) (1635 291 2223 2163 2233 2238 1939)
 (2243 1636 1166 2224 2164 2234 1940 2239)
 (2243 1637 775 2225 2165 1941 2235 2240)
 (2241 2243 1638 487 2226 2166 2236 1942)
 (2242 2244 2167 1639 1167 2227 1943 2237 2246) (2128 1944 14 1640)
 (1641 1945 2129 2248 1168) (1946 1642 2248 2130 776) (1643 2248 2131 1947 488)
 (2249 2251 1644 1169 2132 1948) (2133 1949 292 1645 2248)
 (2249 2253 1646 1170 2134 1950) (777 2250 2253 1647 2135 1951)
 (489 2251 2253 1648 2136 1952) (1953 2252 2254 2256 1649 1171 2137)
 (1650 2248 1954 2138 146) (1955 2249 2258 1651 1172 2139)
 (1956 778 2258 1652 2250 2140) (1957 490 2251 2258 1653 2141)
 (1958 2252 2259 1173 1654 2261 2142) (293 1959 2253 2258 1655 2143)
 (1960 2254 2259 1174 2263 1656 2144) (2145 1961 779 2255 2260 2263 1657)
 (2146 1962 491 2256 2261 2263 1658) (2147 1963 2257 2262 1175 2264 2266 1659)
 (73 2148 1660 1964 2248) (2149 2249 1965 1176 2268 1661)
 (2150 2250 780 1966 2268 1662) (2151 2251 492 1967 2268 1663)
 (2152 2252 1968 1177 2269 2271 1664) (1665 294 2153 2253 1969 2268)
 (2273 1666 2154 2254 1970 1178 2269) (2273 1667 2155 781 2255 1971 2270)
 (2273 1668 2156 493 2256 1972 2271) (2274 2276 1669 2157 2257 1973 1179 2272)
 (147 1670 2158 2258 1974 2268) (2278 1671 2159 2259 1975 1180 2269)
 (2278 1672 782 2160 2260 1976 2270) (2278 1673 494 2161 2261 1977 2271)
 (2279 2281 1674 2162 2262 1978 1181 2272) (2273 2278 295 1675 2163 2263 1979)
 (2274 2279 2283 1676 2164 2264 1980 1182)
 (2275 2280 2283 1677 783 2165 2265 1981)
 (2276 2281 2283 1678 495 2166 2266 1982)
 (2277 2282 2284 2286 1679 1983 2167 2267 1183) (37 2168 1984 2248 1680)
 (1985 2249 2288 1681 2169 1184) (1986 2250 2288 1682 2170 784)
 (1987 2251 2288 1683 2171 496) (1185 1988 2252 2289 2291 1684 2172)
 (1989 296 2253 2288 1685 2173) (1186 1990 2254 2289 2293 1686 2174)
 (1991 2255 785 2290 2293 1687 2175) (1992 2256 497 2291 2293 1688 2176)
 (2177 1187 1993 2257 2292 2294 2296 1689) (2178 148 1994 2288 2258 1690)
 (2179 1188 1995 2289 2259 2298 1691) (2180 2290 1996 786 2260 2298 1692)
 (2181 1997 498 2291 2261 2298 1693) (1189 2182 1998 2292 2262 2299 2301 1694)
 (2183 297 1999 2293 2263 2298 1695) (1190 2184 2000 2294 2264 2299 2303 1696)
 (1697 2185 2001 787 2295 2265 2300 2303)
 (1698 2186 2002 499 2296 2266 2301 2303)
 (2306 1699 1191 2187 2003 2297 2267 2302 2304) (74 1700 2188 2288 2004 2268)
 (2308 1701 1192 2189 2289 2005 2269) (2308 1702 2190 2290 788 2006 2270)
 (2308 1703 2191 2291 500 2007 2271) (2309 2311 1704 1193 2192 2292 2008 2272)
 (2273 2308 1705 298 2193 2293 2009) (2274 2309 2313 1706 2194 2294 1194 2010)
 (2275 2310 2313 1707 2195 789 2295 2011)
 (2276 2311 2313 1708 2196 501 2296 2012)
 (2277 2312 2314 1195 2316 1709 2197 2297 2013)
 (2308 149 2278 1710 2198 2298 2014) (2309 2279 1196 2318 1711 2199 2299 2015)
 (2310 2280 2318 1712 790 2200 2300 2016)
 (2017 2311 2281 2318 1713 502 2201 2301)
 (2018 2312 2282 1197 2319 2321 1714 2202 2302)
 (2019 2313 2283 2318 1715 2203 299 2303)
 (2020 2314 2284 1198 2319 2323 1716 2204 2304)
 (2305 2021 2315 2285 2320 2323 1717 791 2205)
 (2306 2022 2316 2286 2321 2323 1718 503 2206)
 (2307 2023 2317 2287 2322 2324 1199 1719 2207 2326) (23 2024 2208 2248 1720)
 (2209 2025 1200 2249 2328 1721) (2210 2250 2328 792 2026 1722)
 (2211 2251 504 2328 1723 2027) (2212 2252 2028 1201 2329 2331 1724)
 (2213 2253 300 2029 2328 1725) (2214 2254 2030 1202 2329 2333 1726)
 (2215 2255 2031 793 2330 2333 1727) (2216 2032 505 2331 2256 2333 1728)
 (1729 2257 2217 2033 1203 2332 2334 2336) (1730 150 2034 2218 2258 2328)
 (2338 1731 2219 2035 2259 1204 2329) (2338 1732 2220 2260 2330 794 2036)
 (2338 1733 2221 2037 2261 506 2331) (2339 2341 1734 2222 1205 2262 2332 2038)
 (2338 2039 1735 301 2223 2263 2333) (2339 2343 1736 2264 2224 1206 2040 2334)
 (2340 2343 1737 2225 2265 2041 795 2335)
 (2341 2343 1738 2226 2042 2266 507 2336)
 (2337 2342 2344 2346 1739 2227 1207 2267 2043) (75 2044 1740 2228 2328 2268)
 (2269 2348 1741 2229 1208 2329 2045) (2348 1742 2046 2230 2330 796 2270)
 (2348 1743 2047 2231 2331 508 2271) (2349 2272 1744 2351 2232 1209 2332 2048)
 (2049 2273 2348 302 1745 2233 2333) (2274 2050 2349 2353 1746 1210 2234 2334)
 (2275 2051 2350 2353 1747 2235 797 2335)
 (2052 2276 2351 2353 1748 2236 509 2336)
 (2337 2053 2352 2354 2356 1749 2277 1211 2237)
 (2338 2278 151 2348 1750 2238 2054) (2339 2055 2279 2349 2358 1751 1212 2239)
 (2340 2056 2280 2350 2358 1752 798 2240)
 (2241 2341 2057 2351 2281 2358 1753 510)
 (2242 2342 2282 2352 2359 2058 2361 1754 1213)
 (2243 2343 2283 303 2353 2358 1755 2059)
 (2244 2344 2060 2354 2359 2284 2363 1756 1214)
 (2245 2345 2285 2061 2355 2360 2363 1757 799)
 (2246 2346 2286 2062 2356 2361 2363 1758 511)
 (2247 2347 1759 2287 2357 2063 2362 2364 2366 1215) (7 2064 2128 1760)
 (1761 2065 2368 2130 800) (2133 1762 2368 2066 304)
 (801 2369 1763 2370 2067 2135) (2068 2138 1764 2368 152)
 (2369 802 2372 1765 2069 2140) (2370 2372 1766 305 2070 2143)
 (2145 803 2373 2374 1767 2371 2071) (2072 2368 2148 76 1768)
 (2369 804 2150 2376 1769 2073) (2370 2376 2153 1770 306 2074)
 (2371 805 2377 2378 1771 2075 2155) (2372 2376 153 1772 2158 2076)
 (2373 806 2377 2380 1773 2160 2077) (2374 2378 2380 2163 1774 307 2078)
 (2375 807 2379 2381 2382 1775 2165 2079) (2368 38 2168 2080 1776)
 (2081 2369 808 2384 1777 2170) (2370 2082 2384 1778 308 2173)
 (2371 809 2083 2385 2386 1779 2175) (2178 2084 1780 154 2384 2372)
 (2180 2373 810 2385 2388 1781 2085) (2374 2183 2386 2388 309 1782 2086)
 (2087 2375 2185 811 2387 2389 2390 1783) (2188 77 2376 2088 2384 1784)
 (2089 812 2190 2385 2377 2392 1785) (2378 2392 2193 2386 310 2090 1786)
 (2091 813 2195 2387 2393 2394 1787 2379) (2092 155 2380 2388 2198 2392 1788)
 (2093 2381 814 2389 2200 2393 2396 1789)
 (2382 2094 2390 311 2394 2203 2396 1790)
 (2397 2095 2383 815 2391 2395 2205 2398 1791) (2368 2248 2096 15 1792)
 (1793 2369 2250 816 2097 2400) (1794 2370 2253 2098 312 2400)
 (2401 2402 1795 2371 2255 817 2099) (2372 1796 156 2258 2100 2400)
 (2401 2404 2373 818 2260 2101 1797) (2402 2404 2374 2102 2263 313 1798)
 (2403 2405 1799 2375 819 2103 2265 2406) (78 2376 1800 2104 2268 2400)
 (2401 2408 1801 2377 820 2105 2270) (2273 2402 2408 1802 2378 2106 314)
 (2275 2409 2410 1803 2403 821 2107 2379) (2404 2278 2408 2380 157 1804 2108)
 (2405 2280 2409 1805 2412 2381 822 2109)
 (2406 2410 2283 2412 1806 2382 315 2110)
 (2407 2413 2411 2285 2414 1807 2383 823 2111) (1808 2288 2384 39 2112 2400)
 (2113 2401 2416 1809 2290 2385 824) (2402 2114 2386 2416 1810 2293 316)
 (2403 2115 2387 2417 2418 1811 2295 825) (2116 1812 2404 158 2416 2388 2298)
 (2117 2389 2405 2417 2420 1813 826 2300)
 (2406 2418 2420 2390 2118 317 2303 1814)
 (2305 2119 2407 2419 2421 2422 2391 827 1815)
 (2308 79 2408 2120 2416 2392 1816) (2409 2310 2121 2417 2393 2424 1817 828)
 (2313 2410 2424 2418 2122 2394 1818 318)
 (2411 2395 2419 2123 2425 2426 1819 829 2315)
 (2124 2412 2318 159 2420 1820 2424 2396)
 (1821 2125 2320 2421 2425 2413 2428 2397 830)
 (2414 2126 1822 2323 2422 2426 2428 2398 319)
 (2399 2415 1823 2325 2127 2423 2427 2429 2430 831))