(NIL NIL (1 2) NIL (2 4) (1 4) (5 3 6) NIL (4 8) (2 8) (9 5 10) (1 8) (9 6 12)
 (3 10 12) (11 13 7 14) NIL (8 16) (4 16) (17 9 18) (2 16) (17 10 20) (5 18 20)
 (19 21 11 22) (1 16) (17 12 24) (18 24 6) (25 26 19 13) (3 20 24)
 (25 28 21 14) (26 7 28 22) (27 29 15 23 30) NIL (32 16) (32 8) (33 17 34)
 (32 4) (33 18 36) (9 34 36) (35 37 19 38) (32 2) (33 20 40) (34 40 10)
 (41 42 35 21) (5 36 40) (41 44 37 22) (42 11 44 38) (43 45 23 39 46) (32 1)
 (33 48 24) (34 12 48) (25 49 35 50) (6 36 48) (49 26 52 37) (50 52 13 38)
 (27 53 51 39 54) (3 48 40) (41 49 28 56) (42 56 14 50) (57 58 43 29 51)
 (7 44 56 52) (57 53 60 45 30) (58 60 46 15 54) (55 59 61 62 47 31) NIL (32 64)
 (64 16) (33 66 65) (64 4) (36 65 68) (66 68 18) (69 70 67 37) (64 1)
 (72 65 48) (66 72 24) (49 73 67 74) (6 72 68) (69 73 52 76) (70 74 76 26)
 (77 71 53 75 78) NIL (80 64) (80 32) (65 82 81) (80 8) (34 84 82) (80 4)
 (86 81 68) (36 82 86) (69 87 88 83) (9 84 86) (90 85 38 88) (80 2) (92 82 40)
 (10 84 92) (93 42 85 94) (5 86 92) (93 44 88 96) (94 11 96 90)
 (91 95 97 46 98) (80 1) (100 81 72) (100 82 48) (73 101 83 102) (84 12 100)
 (50 104 85 102) (6 86 100) (101 76 87 106) (102 52 88 106) (103 77 107 89 108)
 (104 13 106 90) (91 110 105 54 108) (3 100 92) (93 102 112 56) (112 94 104 14)
 (58 95 105 114 113) (112 7 96 106) (116 113 60 97 108) (110 116 98 15 114)
 (111 99 115 117 118 62) NIL (80 120) (120 64) (121 81 122) (32 120)
 (121 82 124) (124 65 122) (123 125 83 126) (120 8) (121 84 128) (34 128 124)
 (125 85 129 130) (120 4) (132 121 86) (132 68 122) (123 133 134 87)
 (132 36 124) (125 133 88 136) (69 126 134 136) (127 135 137 89 138)
 (9 132 128) (140 133 129 90) (140 136 38 130) (131 91 141 142 137) (120 2)
 (121 144 92) (40 144 124) (125 93 145 146) (10 128 144) (145 94 148 129)
 (42 146 148 130) (131 95 149 147 150) (5 132 144) (145 133 96 152)
 (146 44 136 152) (153 154 147 97 137) (140 11 148 152) (153 141 156 149 98)
 (154 142 46 156 150) (99 151 155 157 158 143) (120 1) (121 160 100)
 (160 72 122) (123 101 161 162) (160 48 124) (125 102 161 164) (73 126 162 164)
 (165 166 127 103 163) (160 12 128) (168 104 161 129) (168 50 164 130)
 (131 165 105 170 169) (132 160 6) (133 161 106 172) (172 134 162 76)
 (173 174 135 163 107) (172 52 136 164) (165 173 176 137 108)
 (166 176 77 174 138) (109 139 167 175 177 178) (140 168 13 172)
 (173 110 141 169 180) (176 180 142 54 170) (181 182 111 143 171 177)
 (3 160 144) (145 184 112 161) (146 164 184 56) (165 185 147 113 186)
 (168 184 148 14) (169 188 149 114 185) (58 186 188 150 170)
 (115 187 189 190 151 171) (184 7 172 152) (153 173 192 185 116)
 (176 154 60 186 192) (187 117 193 194 155 177) (188 156 192 15 180)
 (181 189 118 193 196 157) (182 62 190 194 196 158)
 (183 119 195 197 198 159 191) NIL (200 64) (32 200) (201 202 65) (200 16)
 (201 204 66) (33 204 202) (205 67 203 206) (200 8) (34 202 208) (17 208 204)
 (35 210 206 209) (200 4) (201 212 68) (202 212 36) (69 203 213 214)
 (18 204 212) (70 205 213 216) (216 37 206 214) (215 71 218 217 207)
 (9 208 212) (209 220 38 214) (216 19 210 220) (218 211 221 39 222) (200 2)
 (202 224 40) (204 20 224) (41 225 206 226) (208 224 10) (225 42 209 228)
 (226 210 21 228) (229 43 211 227 230) (5 212 224) (225 44 232 214)
 (216 232 22 226) (233 234 227 218 45) (11 228 220 232) (233 236 229 46 221)
 (234 236 230 23 222) (223 235 237 238 47 231) (200 1) (201 240 72)
 (240 202 48) (73 241 203 242) (240 204 24) (74 244 205 241) (49 244 206 242)
 (245 246 75 243 207) (208 12 240) (50 209 248 242) (25 248 210 244)
 (246 51 211 250 249) (6 240 212) (76 241 213 252) (252 52 242 214)
 (215 253 77 243 254) (216 244 252 26) (245 253 217 256 78)
 (246 256 218 53 254) (255 257 258 79 247 219) (248 13 220 252)
 (254 249 54 221 260) (260 27 256 250 222) (223 258 55 261 262 251) (3 240 224)
 (225 264 242 56) (226 264 28 244) (57 246 227 265 266) (248 264 228 14)
 (265 58 268 229 249) (268 29 230 266 250) (59 267 269 270 231 251)
 (264 7 252 232) (233 254 272 60 265) (234 272 256 30 266)
 (235 258 61 267 273 274) (272 268 236 15 260) (237 261 62 269 273 276)
 (238 262 270 274 276 31) (239 263 63 271 275 277 278) NIL (280 200) (120 280)
 (80 280) (121 283 282) (280 64) (201 285 281) (285 282 122) (285 283 81)
 (123 287 284 288) (32 280) (202 290 281) (282 290 124) (283 82 290)
 (125 293 284 292) (285 65 290) (295 286 203 291) (126 295 287 292)
 (293 295 288 83) (294 127 297 298 289) (280 16) (204 281 300) (66 285 300)
 (301 302 286 205) (33 290 300) (301 304 206 291) (302 295 304 67)
 (303 296 305 306 207) (280 8) (208 308 281) (282 128 308) (283 84 308)
 (311 284 129 310) (34 290 308) (209 309 291 313) (313 130 310 292)
 (293 311 313 85) (131 294 315 316 312) (17 308 300) (301 210 309 318)
 (35 304 313 318) (319 211 314 305 320) (280 4) (322 212 281) (132 282 322)
 (322 283 86) (325 133 324 284) (322 285 68) (323 286 327 213)
 (324 134 287 327) (325 87 288 327) (329 330 135 326 289) (322 36 290)
 (323 332 291 214) (332 324 136 292) (293 332 325 88) (294 335 326 137 334)
 (69 295 332 327) (215 337 296 333 328) (329 337 297 334 138)
 (337 330 335 298 89) (331 299 336 139 339 340) (18 322 300) (301 216 323 342)
 (302 342 327 70) (303 344 217 343 328) (332 304 37 342) (333 218 305 343 346)
 (337 346 71 306 344) (307 338 345 347 348 219) (9 322 308) (323 220 309 350)
 (140 324 350 310) (311 325 350 90) (353 312 141 326 352) (313 332 38 350)
 (355 314 333 351 221) (355 142 315 334 352) (91 353 355 316 335)
 (354 357 358 317 336 143) (19 350 342 318) (319 360 351 343 222)
 (320 355 360 39 346) (223 356 361 362 321 347) (280 2) (364 281 224)
 (364 282 144) (283 364 92) (145 366 367 284) (364 290 40) (225 365 369 291)
 (146 366 369 292) (293 93 367 369) (294 147 368 371 372) (20 364 300)
 (301 226 365 374) (41 374 304 369) (375 227 376 305 370) (10 308 364)
 (365 228 378 309) (366 148 378 310) (311 94 367 378) (381 312 368 149 380)
 (42 313 369 378) (383 314 229 370 379) (383 315 150 371 380)
 (381 383 95 316 372) (317 151 373 382 385 386) (374 21 378 318)
 (319 375 230 379 388) (320 43 376 383 388) (389 390 321 377 384 231)
 (5 322 364) (365 323 392 232) (392 366 324 152) (392 367 96 325)
 (153 368 326 395 394) (392 332 369 44) (233 393 333 370 397)
 (397 154 334 371 394) (397 97 395 335 372) (396 399 400 336 373 155)
 (374 392 342 22) (234 375 393 402 343) (397 346 376 45 402)
 (235 398 403 404 377 347) (11 392 350 378) (406 236 393 379 351)
 (406 156 380 394 352) (353 381 98 395 406) (354 396 408 157 382 409)
 (397 383 355 46 406) (356 237 398 407 411 384) (357 399 408 158 411 385)
 (358 99 400 409 411 386) (359 401 410 159 413 414 387) (406 388 402 23 360)
 (389 238 361 403 407 416) (390 362 404 411 416 47)
 (391 239 363 405 412 417 418) (280 1) (420 240 281) (420 160 282)
 (420 283 100) (161 284 422 423) (285 420 72) (425 421 286 241)
 (425 287 162 422) (101 425 288 423) (427 428 163 289 424) (420 290 48)
 (421 242 291 430) (164 430 422 292) (293 102 430 423) (165 294 432 433 424)
 (73 425 295 430) (426 435 296 431 243) (166 427 297 435 432)
 (433 435 103 428 298) (429 434 437 438 299 167) (420 24 300) (301 440 421 244)
 (425 302 440 74) (245 426 303 441 442) (49 304 430 440) (441 246 444 305 431)
 (444 442 75 435 306) (307 436 443 445 446 247) (420 12 308) (248 421 309 448)
 (448 168 422 310) (311 104 423 448) (312 451 169 450 424) (50 313 430 448)
 (449 453 314 249 431) (450 315 170 453 432) (433 453 451 105 316)
 (317 434 171 452 455 456) (25 448 440 318) (319 441 250 449 458)
 (320 51 444 453 458) (459 460 321 445 454 251) (322 420 6) (323 421 462 252)
 (462 324 422 172) (325 106 423 462) (173 465 464 326 424) (425 76 462 327)
 (253 426 467 463 328) (329 174 427 467 464) (465 330 467 428 107)
 (429 466 331 469 470 175) (462 332 430 52) (254 333 463 431 472)
 (472 176 464 334 432) (433 465 472 335 108) (466 336 474 475 434 177)
 (337 435 77 467 472) (255 468 436 473 338 477) (437 469 474 339 477 178)
 (109 438 470 475 340 477) (439 476 341 471 479 480 179) (462 26 342 440)
 (441 482 256 463 343) (482 442 467 78 344) (257 468 443 345 483 484)
 (482 346 444 53 472) (258 486 473 445 347 483) (348 477 446 79 484 486)
 (259 349 478 447 485 487 488) (462 13 350 448) (449 490 463 351 260)
 (450 180 464 490 352) (353 110 451 465 490) (181 354 492 493 466 452)
 (490 355 453 54 472) (491 356 495 261 473 454) (182 492 357 495 474 455)
 (111 493 358 495 475 456) (457 183 494 359 497 498 476) (482 458 27 490 360)
 (459 361 262 500 491 483) (460 495 55 362 500 486)
 (461 496 363 501 502 263 487) (3 420 364) (365 264 421 504) (366 184 422 504)
 (367 112 423 504) (506 507 368 185 424) (504 369 430 56) (505 509 265 370 431)
 (506 509 186 371 432) (433 509 507 113 372) (187 434 373 508 511 512)
 (374 28 504 440) (441 505 375 266 514) (57 444 376 509 514)
 (267 445 510 377 515 516) (504 448 378 14) (449 505 518 379 268)
 (450 188 518 506 380) (381 518 451 114 507) (521 189 508 382 452 520)
 (58 383 509 453 518) (523 269 510 384 454 519) (523 190 511 385 455 520)
 (521 523 115 512 386 456) (457 522 525 526 191 513 387) (458 29 518 514 388)
 (389 459 528 270 515 519) (390 523 460 528 59 516)
 (391 524 461 529 530 271 517) (7 392 462 504) (505 272 393 463 532)
 (506 192 394 532 464) (465 507 532 395 116) (396 466 193 534 535 508)
 (397 60 509 532 472) (537 398 533 473 273 510) (399 194 534 537 474 511)
 (117 400 535 537 475 512) (401 195 536 539 476 513 540) (482 532 402 514 30)
 (533 403 542 483 515 274) (61 404 537 542 516 486)
 (543 405 538 275 544 517 487) (406 532 518 15 490) (491 533 407 276 546 519)
 (492 534 196 408 546 520) (521 493 118 535 409 546)
 (522 494 536 197 410 548 549) (523 495 62 537 411 546)
 (524 496 538 412 277 547 551) (525 497 198 539 413 548 551)
 (526 498 119 540 414 549 551) (553 554 527 499 199 541 415 550)
 (528 500 542 546 416 31) (556 529 501 543 278 547 417)
 (556 530 502 63 544 418 551) (557 558 531 503 545 279 419 552) NIL (560 280)
 (560 200) (561 281 562) (560 120) (282 561 564) (560 80) (283 561 566)
 (121 564 566) (284 567 565 568) (560 64) (285 561 570) (201 570 562)
 (563 571 286 572) (570 564 122) (571 574 287 565) (566 81 570)
 (571 288 567 576) (123 574 576 568) (569 575 577 289 578) (560 32)
 (561 290 580) (580 202 562) (563 581 291 582) (580 564 124) (581 584 565 292)
 (580 566 82) (293 581 586 567) (125 584 586 568) (569 294 585 587 588)
 (580 65 570) (571 581 295 590) (572 203 590 582) (592 573 296 591 583)
 (126 584 574 590) (585 297 591 575 594) (590 576 83 586) (591 587 298 577 596)
 (596 127 588 594 578) (597 598 299 579 589 595) (560 8) (600 561 308)
 (208 600 562) (563 601 602 309) (600 564 128) (604 601 565 310) (600 84 566)
 (311 606 601 567) (606 604 129 568) (569 312 607 605 608) (34 600 580)
 (581 313 601 610) (582 209 602 610) (583 314 611 603 612) (610 584 604 130)
 (605 315 585 611 614) (606 85 586 610) (607 616 316 587 611)
 (131 614 608 616 588) (317 609 589 615 617 618) (560 4) (322 620 561)
 (620 212 562) (563 323 621 622) (132 620 564) (324 621 565 624) (620 86 566)
 (621 325 567 626) (626 133 624 568) (569 625 627 628 326) (620 68 570)
 (571 621 630 327) (572 622 213 630) (573 632 631 623 328) (624 574 630 134)
 (329 625 575 631 634) (626 87 576 630) (330 627 636 631 577)
 (634 628 135 636 578) (331 579 629 635 637 638) (620 36 580) (581 332 621 640)
 (582 640 622 214) (641 642 583 333 623) (640 584 136 624)
 (625 641 644 585 334) (626 640 586 88) (641 627 335 587 646)
 (644 628 646 137 588) (645 647 648 336 629 589) (69 590 630 640)
 (337 641 591 631 650) (215 642 592 650 632) (643 651 652 338 633 593)
 (634 644 594 650 138) (645 651 654 339 635 595) (650 636 646 89 596)
 (597 647 651 656 340 637) (598 648 654 656 139 638)
 (599 649 655 657 658 341 639) (9 620 600) (621 660 601 350) (622 660 602 220)
 (623 661 351 603 662) (140 660 624 604) (605 625 664 661 352) (606 660 626 90)
 (353 666 607 661 627) (628 141 608 666 664) (354 609 665 629 667 668)
 (660 640 610 38) (641 355 661 670 611) (642 670 662 221 612)
 (643 356 663 613 671 672) (614 644 142 670 664) (674 645 665 357 615 671)
 (91 666 616 646 670) (676 358 647 667 617 671) (674 676 648 143 668 618)
 (675 677 678 359 649 669 619) (560 2) (680 561 364) (680 224 562)
 (563 365 682 681) (680 564 144) (681 366 684 565) (680 566 92)
 (681 367 686 567) (145 684 686 568) (569 368 685 687 688) (680 40 580)
 (581 681 369 690) (225 582 690 682) (691 692 583 683 370) (146 584 684 690)
 (685 691 585 694 371) (93 690 586 686) (691 696 687 587 372)
 (696 147 688 694 588) (697 689 695 373 698 589) (10 600 680) (681 700 601 378)
 (682 228 602 700) (683 701 379 603 702) (684 148 700 604)
 (605 701 704 685 380) (606 700 686 94) (381 706 607 701 687)
 (704 608 149 706 688) (689 609 705 382 707 708) (42 700 610 690)
 (383 701 691 611 710) (710 692 229 702 612) (693 703 613 384 711 712)
 (614 710 704 150 694) (714 695 705 615 385 711) (706 95 616 710 696)
 (716 697 707 617 386 711) (714 716 151 698 708 618)
 (715 717 718 699 619 709 387) (5 620 680) (681 392 621 720) (682 720 622 232)
 (721 722 683 393 623) (684 720 152 624) (625 721 724 685 394) (626 96 686 720)
 (721 627 687 395 726) (153 724 628 726 688) (396 689 725 727 728 629)
 (690 720 44 640) (641 397 691 721 730) (233 642 692 730 722)
 (643 398 723 693 731 732) (154 724 644 694 730) (645 399 725 695 731 734)
 (730 97 646 726 696) (647 400 727 697 731 736) (648 728 698 155 734 736)
 (649 401 729 699 735 737 738) (700 11 660 720) (721 406 740 661 701)
 (722 740 236 662 702) (663 723 407 703 741 742) (740 704 724 156 664)
 (725 705 408 665 741 744) (666 740 98 726 706) (746 727 409 667 741 707)
 (746 668 728 157 708 744) (745 747 748 669 729 410 709) (730 710 740 670 46)
 (750 731 671 411 741 711) (237 750 732 672 742 712)
 (673 713 751 752 733 412 743) (674 750 714 734 158 744)
 (745 675 751 754 715 735 413) (746 716 750 99 676 736)
 (747 717 751 677 756 737 414) (748 678 754 756 159 738 718)
 (749 679 719 755 757 758 415 739) (560 1) (420 561 760) (240 760 562)
 (563 761 421 762) (160 564 760) (761 764 422 565) (760 566 100)
 (761 423 567 766) (764 161 766 568) (569 768 765 767 424) (72 760 570)
 (571 425 761 770) (572 770 241 762) (426 573 772 763 771) (770 574 162 764)
 (765 427 575 771 774) (101 770 576 766) (771 428 767 577 776)
 (768 776 774 163 578) (769 429 579 775 777 778) (48 760 580) (581 761 780 430)
 (582 780 242 762) (583 781 763 431 782) (584 764 780 164)
 (765 784 585 781 432) (102 780 586 766) (433 786 781 767 587)
 (165 786 768 784 588) (785 787 788 434 769 589) (73 590 780 770)
 (771 591 781 435 790) (592 790 782 243 772) (791 792 436 773 593 783)
 (166 784 790 594 774) (785 791 794 437 775 595) (786 103 776 790 596)
 (597 787 791 796 438 777) (598 788 794 796 167 778)
 (599 789 795 797 798 439 779) (600 12 760) (761 800 601 448) (762 248 602 800)
 (449 801 763 603 802) (800 168 764 604) (605 450 804 765 801)
 (606 104 766 800) (801 607 451 767 806) (804 608 169 806 768)
 (769 805 807 808 609 452) (50 780 610 800) (801 781 453 611 810)
 (802 249 782 810 612) (803 613 811 812 454 783) (614 804 810 170 784)
 (785 814 805 615 811 455) (786 616 105 806 810) (787 807 811 456 617 816)
 (788 618 171 808 814 816) (457 817 789 818 619 809 815) (6 620 760)
 (761 820 621 462) (762 820 622 252) (763 821 463 623 822) (820 172 764 624)
 (625 821 824 765 464) (626 820 106 766) (465 826 627 821 767)
 (173 824 628 826 768) (825 466 827 828 769 629) (770 76 630 820)
 (467 821 771 631 830) (253 830 772 822 632) (823 468 831 832 773 633)
 (830 634 824 774 174) (825 469 831 834 775 635) (826 636 830 107 776)
 (827 470 831 836 777 637) (828 834 836 778 175 638)
 (829 471 835 837 838 779 639) (820 52 780 640) (641 821 840 781 472)
 (642 822 840 782 254) (643 823 473 841 842 783) (176 824 644 840 784)
 (785 645 825 474 841 844) (786 826 840 646 108) (787 647 827 475 841 846)
 (788 648 828 844 177 846) (789 649 829 476 845 847 848) (650 840 77 790 830)
 (850 791 651 831 477 841) (850 255 792 652 832 842)
 (851 852 793 653 833 478 843) (850 794 654 834 844 178)
 (851 854 795 655 835 479 845) (109 850 796 656 836 846)
 (851 856 797 657 837 480 847) (854 856 798 658 838 179 848)
 (849 855 857 858 799 659 839 481) (820 660 13 800) (801 490 860 661 821)
 (802 860 822 662 260) (491 823 861 862 803 663) (804 824 860 180 664)
 (492 825 861 864 805 665) (666 860 826 806 110) (493 827 861 866 807 667)
 (181 828 864 866 808 668) (494 829 865 867 868 809 669) (810 860 840 670 54)
 (495 861 870 841 811 671) (261 862 870 842 812 672)
 (673 496 863 871 872 843 813) (674 182 864 870 844 814)
 (675 497 865 871 874 845 815) (111 676 866 870 846 816)
 (817 677 498 867 871 876 847) (818 183 678 868 874 876 848)
 (849 819 679 499 869 875 877 878) (3 760 680) (681 761 880 504)
 (682 880 264 762) (505 881 683 763 882) (184 880 684 764)
 (881 506 884 685 765) (880 112 686 766) (881 507 767 687 886)
 (884 768 185 886 688) (885 887 888 689 769 508) (690 880 780 56)
 (881 781 691 509 890) (882 692 265 782 890) (883 891 892 693 510 783)
 (884 890 784 694 186) (785 885 891 894 695 511) (786 890 113 886 696)
 (787 887 891 896 697 512) (788 187 888 894 896 698)
 (789 889 895 897 898 699 513) (880 700 14 800) (801 881 900 701 518)
 (802 882 900 702 268) (883 803 901 902 703 519) (804 884 188 900 704)
 (885 805 904 705 901 520) (706 886 900 114 806) (521 887 901 807 906 707)
 (888 189 808 904 906 708) (522 889 905 809 907 908 709) (58 890 900 710 810)
 (523 891 901 811 910 711) (892 269 902 812 910 712)
 (713 524 893 903 813 911 912) (714 190 894 814 904 910)
 (914 715 525 895 815 905 911) (716 115 896 906 910 816)
 (817 916 717 526 897 907 911) (914 916 718 818 191 898 908)
 (915 917 719 527 819 899 909 918) (7 820 880 720) (721 881 532 821 920)
 (722 272 920 822 882) (883 823 921 922 723 533) (192 724 920 884 824)
 (885 825 924 725 534 921) (826 886 920 726 116) (887 921 827 926 535 727)
 (924 888 828 193 926 728) (889 829 925 927 536 729 928) (730 60 920 890 840)
 (921 891 537 930 731 841) (922 892 930 732 273 842)
 (923 893 538 931 932 733 843) (924 894 194 930 734 844)
 (925 539 895 931 934 735 845) (117 926 896 930 736 846)
 (927 897 931 540 936 737 847) (195 928 898 934 936 738 848)
 (849 929 899 541 935 937 938 739) (900 860 740 15 920)
 (921 861 901 546 940 741) (922 862 902 276 940 742)
 (923 863 903 547 941 942 743) (940 924 864 904 196 744)
 (745 925 865 905 548 941 944) (746 118 926 866 906 940)
 (946 747 549 927 867 907 941) (946 748 928 197 868 908 944)
 (945 947 948 749 929 869 909 550) (750 62 930 870 940 910)
 (950 751 931 551 871 941 911) (950 752 932 872 277 942 912)
 (913 951 952 753 933 873 943 552) (914 950 754 198 934 874 944)
 (553 945 915 951 954 755 935 875) (946 916 950 119 756 936 876)
 (554 947 917 951 956 757 937 877) (948 918 954 956 758 199 938 878)
 (555 949 919 955 957 958 759 939 879) NIL (960 560) (960 200) (962 961 562)
 (960 120) (961 564 964) (960 80) (966 961 566) (966 121 964) (965 967 968 568)
 (960 64) (970 961 570) (962 970 201) (572 963 972 971) (970 122 964)
 (965 971 574 974) (966 81 970) (967 971 576 976) (123 968 974 976)
 (977 978 969 975 578) (960 32) (961 980 580) (980 962 202) (582 963 981 982)
 (980 124 964) (965 584 981 984) (966 980 82) (986 967 981 586)
 (125 986 968 984) (985 987 988 969 588) (970 980 65) (590 971 981 990)
 (972 203 982 990) (592 973 991 983 992) (126 990 974 984)
 (985 994 991 594 975) (986 990 83 976) (977 987 996 991 596)
 (996 978 127 988 994) (598 989 995 997 998 979) (960 16) (962 204 1000)
 (970 1000 66) (1001 1002 972 205) (33 980 1000) (1001 1004 982 206)
 (1002 67 1004 990) (1003 1005 1006 207 992) (960 8) (961 600 1008)
 (962 1008 208) (1009 1010 963 602) (1008 128 964) (965 1009 1012 604)
 (966 84 1008) (1009 606 967 1014) (968 1014 129 1012) (1013 608 969 1015 1016)
 (34 980 1008) (1009 1018 981 610) (1010 209 982 1018) (1011 1020 1019 983 612)
 (1018 130 1012 984) (985 614 1019 1013 1022) (986 85 1014 1018)
 (987 616 1019 1015 1024) (131 988 1022 1024 1016)
 (1017 989 1023 1025 1026 618) (17 1008 1000) (1001 1010 210 1028)
 (1018 35 1004 1028) (211 1020 1005 1029 1030) (960 4) (961 620 1032)
 (962 212 1032) (1033 1034 963 622) (132 1032 964) (965 1033 1036 624)
 (966 86 1032) (1033 626 967 1038) (1036 133 968 1038) (1037 628 969 1039 1040)
 (970 1032 68) (1033 1042 971 630) (1034 972 213 1042) (1035 1044 973 1043 632)
 (1036 1042 134 974) (634 1043 1037 1046 975) (1042 87 1038 976)
 (977 1043 636 1039 1048) (978 1048 135 1046 1040)
 (1041 1047 1049 1050 979 638) (980 36 1032) (1033 1052 981 640)
 (1034 1052 982 214) (642 1035 1053 1054 983) (1052 1036 136 984)
 (985 1053 644 1037 1056) (986 1052 88 1038) (1058 987 1053 646 1039)
 (1056 1058 988 137 1040) (1057 1059 1060 648 989 1041) (69 1042 1052 990)
 (650 1043 1053 1062 991) (215 1062 1044 1054 992)
 (1063 1064 652 993 1045 1055) (1062 994 1056 1046 138)
 (1057 1063 1066 654 995 1047) (1058 996 1062 89 1048)
 (1059 1063 1068 656 997 1049) (1060 1066 1068 139 998 1050)
 (1061 1067 1069 1070 658 999 1051) (18 1032 1000) (1001 216 1072 1034)
 (1002 1072 1042 70) (1073 1074 1003 1044 217) (1052 1004 37 1072)
 (1073 1076 218 1005 1054) (1074 71 1076 1006 1062)
 (1064 1007 1075 1077 1078 219) (9 1032 1008) (1009 1033 660 1080)
 (1010 1080 220 1034) (1081 1082 1011 1035 662) (1036 140 1012 1080)
 (1081 1037 1084 1013 664) (1080 1038 1014 90) (1081 666 1039 1015 1086)
 (141 1040 1084 1086 1016) (1017 1041 668 1085 1087 1088) (1018 1052 38 1080)
 (1081 1090 1019 1053 670) (1082 1020 1054 221 1090)
 (1091 1092 1021 1083 1055 672) (1090 142 1084 1022 1056)
 (1057 674 1091 1094 1023 1085) (91 1058 1086 1090 1024)
 (1059 676 1096 1091 1025 1087) (1060 1094 1096 1026 143 1088)
 (1089 1061 678 1095 1097 1098 1027) (19 1028 1080 1072)
 (1073 1082 1100 1029 222) (1090 1100 1076 1030 39)
 (223 1092 1101 1102 1077 1031) (960 2) (961 1104 680) (962 1104 224)
 (1105 682 963 1106) (1104 144 964) (965 1105 684 1108) (966 1104 92)
 (1105 967 686 1110) (145 1108 968 1110) (1109 1112 969 1111 688) (1104 980 40)
 (1105 690 981 1114) (225 1106 982 1114) (1116 1107 692 1115 983)
 (146 1108 1114 984) (985 1115 1109 694 1118) (93 986 1110 1114)
 (987 1120 1115 1111 696) (1120 147 988 1118 1112)
 (1121 1122 989 698 1113 1119) (1104 20 1000) (1001 226 1124 1106)
 (41 1114 1004 1124) (1125 227 1116 1005 1126) (10 1104 1008)
 (1009 1105 700 1128) (1010 228 1128 1106) (1129 1130 1011 1107 702)
 (1108 1012 148 1128) (1129 1109 1132 1013 704) (94 1128 1014 1110)
 (1129 706 1111 1015 1134) (1134 1112 149 1132 1016)
 (1017 1133 1135 1136 1113 708) (1018 1128 1114 42) (1129 1138 1019 1115 710)
 (1116 1130 1020 229 1138) (1131 1021 1139 1140 1117 712)
 (1138 1132 1118 1022 150) (714 1133 1023 1139 1142 1119)
 (1138 95 1120 1134 1024) (1121 716 1135 1025 1139 1144)
 (1122 151 1136 1026 1142 1144) (1123 718 1137 1027 1143 1145 1146)
 (1028 21 1124 1128) (1125 1148 1029 230 1130) (1138 43 1148 1030 1126)
 (1127 1140 1031 1149 1150 231) (5 1104 1032) (1033 1105 1152 720)
 (1034 1152 1106 232) (1153 722 1035 1107 1154) (1108 1036 1152 152)
 (1153 1109 724 1037 1156) (96 1152 1038 1110) (1153 1111 726 1039 1158)
 (153 1158 1112 1156 1040) (1157 1159 1160 728 1041 1113) (1114 1052 44 1152)
 (1153 730 1115 1053 1162) (233 1154 1116 1054 1162)
 (1155 1163 1164 732 1117 1055) (154 1156 1118 1162 1056)
 (1057 1157 1163 1166 734 1119) (1058 97 1158 1162 1120)
 (1121 1059 1159 1163 1168 736) (1122 1060 1160 1166 1168 155)
 (1123 1061 1161 1167 1169 1170 738) (1124 1152 22 1072)
 (1073 234 1172 1125 1154) (1162 1172 1076 45 1126)
 (235 1127 1164 1173 1174 1077) (11 1128 1152 1080) (1081 1129 740 1153 1176)
 (1082 236 1176 1154 1130) (1155 1131 1177 1178 1083 742)
 (1084 1132 1156 156 1176) (1157 1133 1177 1180 1085 744)
 (1134 1158 1176 1086 98) (746 1159 1135 1177 1182 1087)
 (1160 1136 157 1180 1182 1088) (1089 748 1161 1137 1181 1183 1184)
 (1090 1176 46 1162 1138) (1186 1091 750 1163 1139 1177)
 (1186 1092 237 1164 1140 1178) (1187 1188 1093 752 1165 1141 1179)
 (1186 1094 1166 1142 1180 158) (1187 1190 1095 754 1167 1143 1181)
 (1186 99 1096 1168 1144 1182) (1187 1192 1097 756 1169 1145 1183)
 (1190 1192 1098 1170 159 1146 1184) (1185 1191 1193 1194 1099 758 1171 1147)
 (1100 1148 1172 23 1176) (238 1196 1101 1173 1178 1149)
 (1186 1196 1102 1174 1150 47) (1188 239 1197 1198 1103 1175 1151) (960 1)
 (961 1200 760) (962 240 1200) (1201 762 963 1202) (160 1200 964)
 (965 1201 764 1204) (966 1200 100) (1201 967 766 1206) (968 161 1204 1206)
 (1205 1208 969 1207 768) (970 1200 72) (1201 770 971 1210) (1202 972 241 1210)
 (1212 1203 772 973 1211) (1210 1204 974 162) (1211 1205 774 975 1214)
 (101 1210 1206 976) (977 1211 1216 1207 776) (978 1216 1214 163 1208)
 (1217 1218 1209 778 979 1215) (980 1200 48) (1201 780 981 1220)
 (1202 1220 982 242) (1203 1221 782 983 1222) (164 1204 1220 984)
 (985 1221 1224 1205 784) (986 1220 1206 102) (786 987 1221 1207 1226)
 (165 1226 988 1224 1208) (788 1225 1227 1228 989 1209) (73 1210 1220 990)
 (1211 1221 790 991 1230) (1230 1212 1222 243 992)
 (1223 792 1231 1232 993 1213) (994 1230 1224 1214 166)
 (1225 794 1231 1234 995 1215) (1226 103 996 1230 1216)
 (1217 1227 796 1231 1236 997) (1218 1228 1234 167 1236 998)
 (1219 1229 798 1235 1237 1238 999) (24 1200 1000) (1001 1202 1240 244)
 (1002 1240 1210 74) (245 1241 1003 1212 1242) (49 1004 1220 1240)
 (1241 246 1244 1005 1222) (1242 75 1244 1006 1230)
 (1007 1232 1243 247 1245 1246) (12 1200 1008) (1009 1201 1248 800)
 (1010 248 1248 1202) (1249 802 1011 1203 1250) (168 1012 1204 1248)
 (1249 1205 804 1013 1252) (104 1014 1248 1206) (1249 1254 806 1015 1207)
 (1254 1208 169 1252 1016) (1253 1255 1256 1017 808 1209) (1018 1220 1248 50)
 (1249 810 1019 1221 1258) (1250 1020 249 1222 1258)
 (1251 1223 1259 1260 1021 812) (1258 1252 1224 1022 170)
 (1253 1225 1259 1262 1023 814) (1226 1258 105 1254 1024)
 (1255 1227 1264 1025 1259 816) (1256 1228 1262 1264 1026 171)
 (818 1257 1229 1263 1265 1266 1027) (25 1028 1248 1240)
 (1241 1250 1268 1029 250) (1258 51 1244 1030 1268)
 (1260 1269 1270 1031 1245 251) (6 1200 1032) (1033 1201 820 1272)
 (1034 1272 1202 252) (1273 1274 1035 822 1203) (1272 1036 1204 172)
 (1273 1205 1276 1037 824) (1206 1272 1038 106) (1273 826 1207 1039 1278)
 (173 1278 1208 1276 1040) (828 1041 1209 1277 1279 1280) (1042 76 1272 1210)
 (1273 1282 1043 830 1211) (253 1274 1044 1212 1282)
 (1283 1284 832 1045 1275 1213) (174 1276 1282 1046 1214)
 (1283 1286 834 1047 1277 1215) (1282 1216 1278 107 1048)
 (1217 1283 1288 836 1049 1279) (1218 1286 1288 1050 175 1280)
 (1281 1219 1287 1289 1290 838 1051) (1052 1272 1220 52)
 (1273 1221 1292 1053 840) (1292 254 1274 1054 1222)
 (1223 1293 1294 842 1275 1055) (1292 176 1276 1224 1056)
 (1057 1225 1293 1296 844 1277) (1058 1226 1292 1278 108)
 (1059 1227 1293 1298 846 1279) (1060 1228 1296 1298 177 1280)
 (1281 1061 1229 1297 1299 1300 848) (1282 1292 77 1062 1230)
 (850 1283 1063 1293 1231 1302) (255 1284 1064 1294 1232 1302)
 (852 1285 1065 1295 1233 1303 1304) (1286 1066 1296 1234 1302 178)
 (854 1287 1067 1297 1235 1303 1306) (109 1288 1068 1298 1236 1302)
 (856 1289 1069 1299 1237 1303 1308) (1290 1070 1300 1238 1306 1308 179)
 (858 1291 1071 1301 1239 1307 1309 1310) (26 1240 1272 1072)
 (1073 1241 1312 256 1274) (1074 1312 1282 78 1242)
 (1313 1314 1284 257 1075 1243) (1292 1076 53 1244 1312)
 (1313 1316 258 1294 1077 1245) (1314 1316 1302 79 1246 1078)
 (1315 1317 1318 259 1079 1304 1247) (1248 13 1272 1080)
 (1081 1249 860 1273 1320) (1082 1250 1320 1274 260)
 (1251 1321 1322 862 1083 1275) (1320 1276 1084 1252 180)
 (1253 1321 1277 1324 864 1085) (110 1278 1320 1086 1254)
 (1255 1321 1326 866 1279 1087) (181 1256 1324 1326 1088 1280)
 (1089 1281 1257 1325 1327 1328 868) (1090 1292 1320 54 1258)
 (1091 1321 1259 1293 1330 870) (1092 261 1322 1260 1294 1330)
 (1093 1323 1261 1295 1331 1332 872) (182 1094 1324 1262 1296 1330)
 (1095 1325 1263 1297 1331 1334 874) (111 1298 1096 1326 1264 1330)
 (1097 1331 1327 1265 1299 1336 876) (183 1098 1328 1266 1300 1334 1336)
 (1099 1329 1267 1301 1335 1337 1338 878) (1312 1320 27 1100 1268)
 (1313 262 1101 1269 1322 1340) (1316 55 1102 1330 1270 1340)
 (1317 263 1103 1332 1271 1341 1342) (3 1200 1104) (1105 1201 1344 880)
 (1106 264 1344 1202) (1345 882 1107 1203 1346) (184 1108 1204 1344)
 (1345 1205 1348 884 1109) (1344 112 1110 1206) (1345 1350 886 1111 1207)
 (1348 1208 185 1350 1112) (1349 1351 1352 888 1209 1113) (1114 1220 1344 56)
 (1345 890 1115 1221 1354) (1346 1116 265 1222 1354)
 (1347 892 1223 1355 1356 1117) (1354 1348 1224 1118 186)
 (1349 1225 1355 894 1358 1119) (1226 113 1350 1354 1120)
 (1121 1351 1227 1360 896 1355) (1122 187 1352 1228 1358 1360)
 (1123 1362 1353 1229 1359 1361 898) (1344 1124 28 1240)
 (1241 1346 1364 1125 266) (57 1354 1364 1244 1126)
 (1127 1356 267 1365 1366 1245) (1344 1248 14 1128) (1129 1249 1345 900 1368)
 (1130 1368 1250 1346 268) (1251 1131 1347 902 1369 1370)
 (1348 1132 1368 1252 188) (1349 1133 904 1369 1253 1372)
 (1368 1254 1134 1350 114) (1255 1351 1135 1369 906 1374)
 (1352 189 1256 1136 1372 1374) (1257 1137 1353 908 1373 1375 1376)
 (1138 1368 1258 1354 58) (1378 1259 910 1139 1369 1355)
 (1378 1260 1356 269 1140 1370) (1379 1380 1261 1357 1141 1371 912)
 (1378 190 1358 1262 1142 1372) (914 1379 1382 1359 1263 1143 1373)
 (1378 115 1360 1144 1264 1374) (1361 1379 916 1384 1265 1145 1375)
 (1382 1266 191 1384 1362 1146 1376) (1377 918 1383 1385 1386 1363 1267 1147)
 (1364 1148 29 1368 1268) (1388 270 1365 1370 1269 1149)
 (1378 59 1388 1366 1150 1270) (1380 1271 1389 1390 271 1367 1151)
 (1344 7 1272 1152) (1153 1273 1345 1392 920) (1154 272 1392 1346 1274)
 (1155 922 1347 1393 1394 1275) (192 1348 1156 1392 1276)
 (1349 924 1393 1396 1157 1277) (1392 1278 1158 1350 116)
 (1159 1351 926 1393 1398 1279) (1352 1160 193 1396 1398 1280)
 (1281 1161 928 1353 1397 1399 1400) (1292 1162 60 1392 1354)
 (1163 1293 1393 930 1402 1355) (1164 1356 1294 1394 273 1402)
 (1165 1357 1295 1395 932 1403 1404) (194 1166 1296 1396 1358 1402)
 (1359 1297 1397 934 1403 1406 1167) (117 1360 1298 1398 1402 1168)
 (1361 1169 1299 1399 936 1403 1408) (1362 195 1170 1300 1400 1406 1408)
 (1409 1410 1363 1171 1301 1401 938 1407) (1392 1364 1172 30 1312)
 (1313 1412 1394 1365 274 1173) (1316 61 1412 1174 1402 1366)
 (1413 1175 1367 275 1317 1404 1414) (1392 1368 1320 15 1176)
 (1416 1321 1393 1369 1177 940) (1416 1322 276 1394 1370 1178)
 (1417 1418 1323 942 1395 1179 1371) (1180 1416 1324 196 1396 1372)
 (1417 1181 1420 1325 1397 1373 944) (1416 118 1326 1374 1398 1182)
 (946 1417 1422 1327 1183 1399 1375) (1420 1422 1328 197 1400 1184 1376)
 (1185 1377 948 1421 1423 1424 1329 1401) (1186 1378 1416 62 1330 1402)
 (1379 950 1417 1187 1426 1331 1403) (1188 1418 1380 1426 1332 277 1404)
 (1189 952 1419 1427 1428 1333 1381 1405) (1382 1426 1420 198 1334 1406 1190)
 (1191 1383 954 1421 1427 1430 1335 1407) (1384 119 1192 1422 1426 1336 1408)
 (1409 1193 956 1423 1385 1427 1432 1337)
 (1410 1194 1432 1424 199 1430 1386 1338)
 (1411 1387 958 1425 1431 1433 1434 1339 1195) (1412 1416 1388 1196 1340 31)
 (1413 1418 1197 278 1436 1341 1389) (1414 1390 63 1198 1426 1436 1342)
 (1415 1391 1428 1199 279 1437 1438 1343))