(NIL NIL NIL (3) NIL NIL (6 3) (5 7) (2) (3 9) (10) (10) (12) (9) (9) (15 7)
 (6 11 14) (5 17) (15 18) (4 8 18) (17) (4 8 21 16 19 1) (21) (23)
 (4 8 13 18 24 16 1) (25) (22 24 20) (23 16 1) (28 19) (28 19) (15 17)
 (26 29 31) (24 31 1) (33 32) (34) (33 30) (36) (35 37) (4 29 31) (22 39 32 20)
 (40) (27 41 37) (42 34) (32) (22 25 28) (30 26 45) (46 44) (42 47) (48 38)
 (46) (30 45 31) (51 46 38) (42 47 52) (51 42 46) (54 44) (55 38) (54)
 (57 38 44) (58 48) (43 59) (60 50) (59) (62) (61 63) (56 62 52) (59)
 (65 66 63 50) (67) (61 67 49 53) (58 52) (68 61 70) (71) (65 66 70 63) (73 49)
 (74 53) (73 67) (76 53 71) (77) (78 72) (75 79 64) (74 79) (77 64) (82) (83)
 (83) (51 42 46) (73 60 86) (76 75 68 87) (88 85 72) (84 49 87 79) (90 80) (91)
 (92 88) (81 90) (94) (91 85 95 88) (92 94) (94) (98 80) (90) (97 99 100 95)
 (101 96) (89 98 100 80) (98 100 85) (89 102 104) (101 69 104) (106) (106 102)
 (108) (109 93) (108 103) (108) (89 112) (112) (114) (114) (105 113 116 93)
 (105 113 114) (105 112) (107 109 119 111) (116 120) (121) (113 122 115)
 (113 121 110) (122 124) (115 125) (125 117) (127) (115 128) (115 124)
 (122 130) (131 125) (123 131 128) (124) (130 134) (123 131 135) (125 135)
 (137 131 127) (138 136 128) (138 132 133 126) (140 118) (139 141) (141)
 (129 135) (138 132 144 118 136) (140 144) (146) (147) (145 148 142)
 (138 132 144 126 136) (118 150) (141 151) (148 151) (145 146 150)
 (153 154 152) (141 150) (146 139 156 151) (139 118 150) (153 158) (157 159)
 (160) (156 158) (162 148 142) (154 163 160) (153 154 163 149) (162 143 160)
 (145 142 166) (167) (141 158) (169 160 152) (169 162 148) (169 166 152)
 (154 172) (171 164 173) (174) (173 142) (161 173 168) (177) (178 155 164 165)
 (172 149) (177 180 165 176) (170 181 175 178) (154 163 180) (164 172)
 (182 184) (145 172) (186 155 165 174 176) (185 187) (179 188) (187 182) (190)
 (186 155 149) (185 192) (193) (194 179 188) (195) (196 183) (194) (189 198)
 (199) (200) (195 190 198) (202 200) (198 191) (194) (196 205 183 200)
 (195 205) (197 198 207) (208 190 206) (207 202 197 199 191) (193 191)
 (205 195 189 211) (212) (211 206 207) (203 211) (215) (207 216) (213 215 183)
 (201 218 204 214) (204 215 183) (201 212 220) (217 221) (210 220)
 (209 218 214 223) (218 220) (225 219 223) (201 225 223 216) (227)
 (209 225 222) (229) (214 230) (226 231) (210 231) (210 230) (228 230)
 (235 214) (209 211) (226 235 237) (238) (238) (227 237 231) (233 226 241 234)
 (238) (243 241 240) (233 244) (245) (244 224) (244) (233 236 248 239) (243)
 (243 234) (251) (247 252 239) (253) (250 252 241) (236 248 242 255 245)
 (246 236 255) (257 254 242) (254 255 232) (259 236 245) (260) (261 242)
 (258 262) (262) (257 248 264) (265 263) (261) (266 267) (257 261) (267 269)
 (268 269) (265 269) (272) (268 269) (269 242) (273 258 275) (274 276 270)
 (273 275 268) (267 272 275 256) (278 279) (280) (281) (282 271) (274 282)
 (284) (281) (285 286) (287) (287) (289) (290 276 271) (291 277 288) (292)
 (291 270) (294) (294) (283 294 288) (290 283 270) (290) (283 276 286)
 (300 292) (290 300) (300 288) (303 249 295) (304) (305 292) (306)
 (297 298 301 306) (297 305) (298 309) (306 293 310) (311) (299 302 312)
 (299 308 312) (314 302) (302 311) (316 308) (305 298 292) (309 318)
 (314 316 319 296) (320) (308 293 319) (313 322 307 320) (322 296)
 (321 323 324) (316 308 319 296) (315 317 326) (325 327) (327) (321 326)
 (330 307) (331 325) (332) (322 315 317 330) (334 327) (325 335) (332 336)
 (330 327) (329 338) (339) (323 340 335) (336 332 339 328) (313 339)
 (337 340 342 343) (344) (345) (337 339) (347 342 343) (348 333) (349))