(NIL NIL NIL (3) NIL NIL NIL (7) (7) (9) (9 1) (9) (4 12) (12) (8 2 14 6 5)
 (13 1 2) (16 5) (3) (8 18) (13 19) (19 10 12 2) (16 21) (22 20 6) (22 11 6)
 (21 6) (25 24 15) (21) (27 23 24) (26 28) (28) (4 27 14) (31 20 11)
 (16 25 32 5) (33) (17 32) (30 25 35) (18 15) (37 17 34 30) (29 38) (37 17 28)
 (37 21 20 1) (41 36) (42 38) (41 17 25 31) (44 38) (36 44) (29 43 44) (47)
 (40 47) (49) (29 35 44 34) (30 51) (36 40 51 38) (43 53) (53 48) (52 46 55)
 (50 56) (53) (50 58) (59) (59 46) (61 39) (61 48) (63 56) (64 39) (45 64) (64)
 (64 39) (68) (67 69) (63) (68 62 71) (57 72) (65 73 70) (73 69 54) (52 71)
 (73 76 70) (74 77) (65 76 67 68) (66 76 68 54) (57 58 45) (65 81 67 76 69)
 (82 77) (75 83 78) (81 76 69 72) (73 66 85 82) (78 86) (87) (75 88) (83 87 80)
 (75 86) (86) (75 92 83 87) (67 85 75) (92 94) (84 95 79 88) (83 95) (97)
 (97 84) (99) (100 60) (101) (90 93 102 96) (97 87) (89 104) (105 101)
 (105 98 100 80) (106 107 93 96) (105 103) (104) (91 110 96) (90 60 111 98)
 (110 102 79 88) (113) (113) (84 95 80) (89 116 103) (113 108 117) (117)
 (113 108 117) (120) (121 112) (122) (123) (115 123) (125) (122) (109 127)
 (127) (129 123 118) (125 127) (131 128) (109 127 119) (115 123 133 118)
 (134 128) (125 135) (114 127) (130 137) (130 134 137) (137 134)
 (130 140 124 125) (131 138 141) (131 140 136) (132 140) (144 138 136)
 (129 137 126 135) (146) (138 147 143) (146 142) (149) (150 143) (150)
 (148 149) (146 124 132 136) (133 118) (155 124 148) (155 145 147 154 149)
 (157) (158 151 156) (159 139 153) (160) (161) (161) (155 144 151)
 (155 145 152) (155 124 148) (163 166) (167) (165 168) (169) (170) (170)
 (162 168) (170 173) (171 174) (174) (173 165) (152 168) (178) (179 175)
 (171 173 179) (177 172 181) (177 170 164 178) (183 176) (183) (178 164)
 (177 186) (185 187 184) (171 172 188) (170 179 187) (170 187) (185 191)
 (191 184) (193 172) (193 171 188) (191 183 176) (193 196) (171 172 197)
 (198 175) (185 194 199) (185 196 181) (197 201 175 182 189 190)
 (202 180 199 192) (194 203) (201 189 199) (205) (201 172 197) (206 207 192)
 (195 208) (206 207) (201 194 188 182 192) (195 211) (209 203 212)
 (180 212 208) (211) (180 205 215) (203 212 206 216) (202 216 200)
 (209 218 204) (210 219 214) (220) (210 219 212) (222) (223) (217 221 223)
 (217 221 213 223) (226) (223) (216 190 214) (211 203 206) (212 230 207)
 (213 231 223) (225 227 229 232) (229 222 231) (225 213 231) (217 229 231)
 (228 236) (222 230) (227 237 238) (225 239) (240 224) (241 234) (240)
 (233 234 243) (242 244) (244) (246) (244) (242 248) (249) (250) (235 248)
 (242 248) (253) (249 252 246 254) (253 246) (254 256) (253 247) (258)
 (249 235 259) (249 258 252) (228 229 238 232) (258 235 254 262) (263)
 (261 245 263) (265 250 259) (260 261 263) (267) (250 267) (251 269)
 (266 270 256) (270 264) (265 267 255) (257 273 251) (274) (267)
 (257 251 263 255) (250 259 263) (257 269 278 264) (274 268 279 272)
 (276 279 255) (281) (282 268 272) (266 283 277 280) (282 270) (282 275)
 (283 286) (284 287) (281 280) (289 271) (290) (291 286) (283 292 285)
 (265 281) (274 283 277 294) (293 295) (295) (297 292) (298) (297 285 286 280)
 (289 300) (285 291 277 294) (292 284 302) (298 293 303 288) (290 275 284 294)
 (289 294) (306 300 303) (299 307) (308 304) (308 301) (293 294)
 (305 310 311 288) (312 304) (313) (313) (312) (312) (316 317) (315 317) (319)
 (320) (320) (317 304) (312 296) (324 317) (325 316 309) (313 326) (313 325)
 (328) (329) (330 319) (321 330 309 318) (330 320) (316 333) (319 328)
 (328 326 320) (331 336) (337 318 335 334) (322 336) (337 323 339 327)
 (323 332 339) (324 316) (321 337 342) (318 343 334) (340 343)
 (321 331 342 336) (346 339 344) (345 338 347) (322 331 309 342 314 318)
 (349 323 333))