(NIL NIL (2 1) NIL (4) NIL NIL (1) (8 5) (9 2) (9) (7 11 2) (7 8) (8) (14)
 (7 15 10 11) (15 11 3) (7 10 17) (16 18) (6 17 16) (20) (21) (22) (19 21) (9)
 (16 25 13) (26 12 24) (26 19 20) (12 25 21) (22 26 29) (29) (22 18 31) (32)
 (33 24) (24 32) (32) (36 27 30) (33 37) (34 38) (39) (34 38) (28 38)
 (34 36 13) (23 43 40) (44) (44) (43 40) (43 35) (28 27 48) (23 37 49) (45 50)
 (51) (49 40) (6) (23 54 36) (54 46 35) (38 48) (57 44 42) (51 58 47)
 (58 46 49) (55 60) (53 58 47 50) (62 46) (59 63) (52 61 64) (56 65) (63)
 (55 59 62) (68 56) (41 52 60 69) (69) (69 65 67) (61 62) (58) (74 65 67) (75)
 (76 56) (41 77 73) (75 73 70) (75 71) (80) (41 80 73) (81 82) (83 76) (84 72)
 (77 85 66 79) (84 70) (87 79) (87 78) (87) (90 77) (82) (85 92 88) (90 93)
 (92 81 78 72) (90 95) (88 96) (88 95) (86 88 95) (77 92 85) (97 100 98)
 (93 101 66 89) (91 100 99) (93 100 78) (87 92 78) (105) (106) (86 105 100)
 (108 107 93 101) (91 109) (110) (109) (94 112) (90 106 108 95) (114 94 96)
 (114 93 101) (116 104 99) (117 110) (113 91 116) (110 119) (103 120 89) (120)
 (104 119) (123 117) (124 110 89) (122 115 123 99 89) (121 126 102) (118 127)
 (127) (126 111) (130 117 127) (131) (126 111) (131 133) (108 101 99)
 (133 132 125 118 135) (134 135) (122 135 111 89) (138 132 125) (139 133 128)
 (140) (129 141 136) (130 124 135 102) (137 143) (144) (144) (145 146 139)
 (146) (148 141) (146) (139 150) (138 132 148 150 128) (129 145 136 150 128)
 (131 143) (154 139 150 128) (147 152 155 136) (156 142) (154 148) (118 158)
 (158 152) (140 158) (153 161 142) (161 151 152) (163 157 159) (162 164 160)
 (165) (165) (165) (164) (169) (157 158) (153 149 171) (172 163 160)
 (173 166 169) (174 170) (175) (172 165) (153 169 171) (166 170 178) (166)
 (180 167) (181 173 177 170) (175 182) (174 182) (179 184) (175 182) (181)
 (187 182) (181) (189 174) (181) (179 191 175) (183 185 191 176) (193 168 192)
 (194 190 188 186) (193) (196) (197 190) (187 198 192) (184 189 191) (200)
 (201 176 192) (196 202) (187 196 168 190 202) (197 204) (197 204) (205 206)
 (207 198) (194 207 203) (187 175 201) (193 210 190) (205 211 188 206)
 (186 211 206) (213) (214 205) (203 214) (195 216) (217 212) (217) (219)
 (195 213 198) (218 199 221) (208 220 221 215 218) (211 206) (224 205 216)
 (225 219 215) (226 198) (217 225 221) (207 199 228) (227 229) (210 186 206)
 (217 231) (208 221 232) (233 227 228 222) (232 209 229 222 223) (235)
 (208 222 232) (208 219 218) (209 220 238 233 230) (237 234 239 235) (239 235)
 (226 238 233 236) (227 238 229) (234 239 243) (231 209 230 243) (245 237 235)
 (241 240 246) (245 236) (248) (242 247 249 244) (240 249) (241 240 249)
 (237 238 235 230) (253) (242 245 240 254) (242 241 253) (247 256 252) (257)
 (248 244 256 255) (240 256 243) (249 244 260) (261) (261 252) (257 262 263)
 (254 263) (263) (257 266 262 250 259) (258 250 263) (268 262) (252 260)
 (270 262 251) (259 271 264) (272) (273) (249 260) (265 275 250) (266 268 276)
 (259 262 276) (268 278) (269 278 251) (273 278) (281) (281) (266 283 282)
 (284 279) (285) (267 286 280) (287) (287) (274 287) (290) (290) (290) (286)
 (290 294 277) (295) (296 288) (291 292 293 294) (298) (298 288) (258 284)
 (301 288) (302) (291 303 296) (304) (305 298) (306) (289 307 300)
 (289 297 307) (308 309) (309) (303) (301 274 294) (313 291) (301 274 294)
 (315 308 312) (314 316) (315 309) (313 318) (314 319 311) (319)
 (321 314 299 308 312) (321) (299 323 310) (321 316) (325 311) (325 320)
 (324 325) (314 326 328) (329) (329 322 317) (328 317 320) (314 319)
 (333 310 320) (331 334) (321 308 333 311) (323 326 327 336) (336 326 334 328)
 (329 338) (329 338 327) (337 340 335) (341) (323 336 317 320) (338 343)
 (341 344) (345 339) (346) (335 327 336) (330 339 348 344) (337 339 348 344))