(NIL NIL (2) NIL NIL (5) (4 2 6) NIL NIL (8 5) NIL (11) (12) (13 6) (13 6)
 (4 5) (16 8 7) (16 9 8 7) (18 14) (18 12 10) (20) (19 21 3) (20 14) (19 23)
 (19 21 23) (15 18 3) (18 10 14) (26 27 24) (27 17) (15 29 3 24 1) (25 30)
 (26 31) (30 21) (30) (29 3 23) (21 29 24) (36 33) (37) (24 17) (1 39)
 (32 22 39) (41 40 33) (31 22 39) (34 28 43 36) (32 43) (45 42) (46) (37 47)
 (45) (46 49) (50) (28 40 49) (37 52 42) (38 53 50) (54) (34 55) (56)
 (38 53 50) (58) (38 53 50) (53 46) (59 61 55 47) (58 60 61 47) (51 63) (64 56)
 (38 53) (66 47) (67 61 35) (50 34 66 47) (51 35 63 69) (57 68 70) (63) (72 70)
 (73 68) (59 74 71) (59 74) (57 74) (65 72 71) (73) (68 79) (80 64) (80 75 64)
 (78 82) (74 80 71) (48 84 76) (65 85) (86) (81 86) (88 62 77) (87 88) (90)
 (62 86) (78 90 92) (65 85) (93 77 94) (78 84 75 77) (96 88) (89 97 91 44 93)
 (97 90 83) (89 99) (100) (100 93) (90 96) (44 103) (101 103 95) (103)
 (100 106 44) (97 82 103) (91 108 102 95) (98 107 108) (98 107 108) (111) (112)
 (113 94 110) (112) (109 115 101) (115 109) (115) (110 95 118) (112 101 94 104)
 (105 113 116 120) (121 110 118) (120) (113 123 109) (124) (125 117 119) (126)
 (124) (112 109 104) (105 124 129 116 119) (121 130) (121 130 128)
 (105 114 129 124 119) (133 125) (116 117 134) (130 134) (127 136) (137 132)
 (121 136) (139 132) (122 131 140) (139 132) (140 142 135) (142) (134)
 (145 122 135 127 144) (145 117 144) (134) (148 142) (148 141)
 (145 138 149 150) (121 137 148 128) (121 133) (153 127) (154 142)
 (138 155 148) (146 156 141 152) (156 152) (141 158 135) (146 147 150 154)
 (153 146 150 152) (161 156) (162 149) (162 157) (162) (165 159 151) (166 160)
 (165 149 159) (162 151 160) (169 165) (170 163) (171 167) (171 158) (171 158)
 (169 166) (173 174 167 175) (169 143) (177 164 172) (177 158) (179 174 159)
 (163 179) (181 174) (164 181 176 168) (177 174 175) (184 157 168) (185 179)
 (185 180 183) (187 182) (187 172) (186 187 172) (187) (190 191) (187)
 (193 192) (178 184) (195 183) (196 189 182) (197) (179 195) (193 199 191)
 (196 200) (172 182 183 184) (202 200) (201 203) (204) (194 203) (178 202 194)
 (204 198 207) (197 207) (203 188 197 207) (204 198 207 206) (201 202 188)
 (212 207) (211 213 208) (212) (198 215 206) (210 216 208) (217 211)
 (209 211 216) (211 215) (215) (217 211 221) (197 215) (209 221 223 216) (224)
 (225 210 208) (226 213) (217 219 205 224) (224) (217 229 219 205 214)
 (217 211 229) (231) (225 214 231 222) (227 214 231) (217 220 229 214)
 (229 205) (225 220 229 214) (233 219 237) (227 235 238) (218 236 239 232)
 (240) (241) (242 230) (240) (244) (228 230 244) (241 246) (246) (230 238)
 (249 244) (241 249) (234 251 248) (243 252 245) (251 246) (251 248) (255)
 (256) (250 255) (243 228 245 251) (259 252 256) (259 248) (234 261 255) (262)
 (262 256) (259) (249 234 245 248) (266 262) (267 254 247) (268 253 256)
 (257 265 267 260) (258 266) (265 253 262 271) (267 247 272) (273) (274) (272)
 (276) (274 277 263) (277 263) (257 274 279) (280 268 264) (281) (282)
 (282 275) (281) (285 270) (269 286) (277) (283 285 288) (260 285 288)
 (290 283) (275 291) (291 287) (293) (275 294) (290 283) (270 296) (297 269)
 (289 297) (297 295) (268 288) (290 301 287) (301 278) (281 269 288)
 (302 304 278 295 296) (289 290 301 286 304) (305 306 299 292) (307 303)
 (307 300) (305 298 284 306) (307 310) (308 311) (307 310) (306 303)
 (314 275 291 287) (306) (314 316 311) (313 317 309) (318 312) (317 309 312)
 (313 316 311 303) (321 300) (322) (323 317) (324 320) (315 317 323) (326)
 (323) (328 326 320) (308 326 328) (330 320) (298 278 295 306) (332 320) (333)
 (326 334) (330 324 335) (324 334 327) (331 325 334) (337 338) (334)
 (325 329 330 335 337 340) (341) (340 318) (338 342 343) (343 328)
 (339 340 336) (324 333) (347 318 336) (323 332 320) (349 338 341))