(NIL NIL NIL NIL (4 3) NIL (2 6 1) (7) (4) (2 9 3) (2 9) (10 11) (12 8) (13)
 (6 9) NIL (16 6 1 3) (16) (17 4 8) (19 12) (20 13 5) (21) (22) (22) (22)
 (18 20) (19 12) (27) (18 19 12) (20 29) (14 27 30) (26 21 29) (14 32)
 (14 20 29) (34) (26 29 24) (36) (25 33 15 37) (25 34 36 30 32) (33 28 23)
 (40 34 31) (25 41 37) (42 39 15) (43) (42 35) (42 39) (46 38) (35 47) (43 47)
 (15 46) (49 45 50) (50 48) (51 52) (53) (53) (52) (51 52 44) (57 53) (58) (59)
 (59 54) (57) (52) (50 44) (53 64) (65 59 62) (66) (66) (68 54 63) (59 64)
 (61 70) (60 71 56) (65 62 63 72) (70 55) (74 72) (75 63) (73 76) (77)
 (74 60 54) (79 56) (68 71 80) (66 79) (74 72) (76 68 83) (73 84 69) (81 85 78)
 (86) (86) (88) (88) (82 88) (84 78) (92 69) (93) (94 87) (90 91 93 87) (91 93)
 (97) (98 67 95) (99 96) (91 93) (101) (102 96) (89 102 87) (98 67 94 104)
 (102) (99 101) (107 102) (108) (108 104) (90 110) (90 110) (112 96) (113 106)
 (113) (110 103) (116) (106 117) (114 109 118 111) (117) (120 112)
 (120 118 112) (105 122 100 109) (100 117) (124) (124 118) (114 109 126 125)
 (127) (115 128) (129 111) (109 126) (129 131 119) (114 116 109)
 (131 128 133 119 120) (115 134) (122 134 130) (136) (105 106 108) (138 119)
 (115 134 139) (123 140 136) (121 139 134) (129 142) (130 123 143)
 (132 135 144) (145) (145) (147 140) (145) (137 138) (132 150 144) (150 135)
 (121 152) (145 153) (154 147) (153 142) (153 141) (146 157) (156 158)
 (145 157) (158 160) (161 156) (160) (155 163) (160) (155 165)
 (148 149 158 166) (166 151) (157 146 147 156 149) (169) (169 148 151)
 (169 163) (172 165 159) (162 173) (172) (171 175 167) (164 176) (177)
 (161 178) (179 174) (178) (178 173) (172 148 165 158) (182 183) (179 174 183)
 (185 184 181 168) (154 172) (179 182 183 187) (179 181 182 187) (185 189 168)
 (190 184) (186 188 191) (190) (179 187 184) (162 171 183 175 187)
 (170 195 182) (179 196) (185 194 197) (198 191) (199) (200) (196 174)
 (195 181) (195 164) (194 188 189 204 168) (186 205 200) (193 202 206)
 (205 198) (208 192) (209 200) (193 201 209) (209 206) (210 203 212) (180 213)
 (201 212) (193 201 212 202) (210 207 216) (217 214) (217) (212)
 (217 203 220 211 215) (221 213) (180 222) (222) (224) (180 220) (211 220)
 (218 227 222) (227) (218 229 224) (227 221) (227 221) (193 205)
 (201 233 180 212) (218 221 234) (234 228 224) (236 229 231) (235 237)
 (225 226 219 237 223) (226 236) (233 229 214 231) (241 235 228) (242 224)
 (225 241 232) (241 237) (226 219 244 245 223) (242 238 239 246) (242 246)
 (243 248) (243 245 223) (233 219 227 223) (251 245 239) (235 252 230) (253)
 (253 247 240) (255) (255) (249 257 254) (252 247) (259 255) (242 252 240)
 (257 261) (260 262) (250 261 247) (242 244 252) (265 260 248) (265 258 261)
 (264 267 260 256) (243 252 247 240) (259 264 265 269 248 256) (251 238)
 (257 271) (272) (273 258 270) (274 263) (266 275 268) (267 275) (277) (277)
 (273 261) (270 280) (266 262 272) (273 282 269) (283 268) (274 267 283)
 (281 285) (283 277) (287) (288) (288) (290 284) (291 285) (291 285 280)
 (290 286) (290 284) (292 293 295) (281 296) (297 278 279) (292 276 295)
 (288 284 285 280) (281 300 278) (298 301) (302) (302) (300 276 278 296)
 (297 305) (289 305) (307 286) (281 268 285 287) (305 309 279) (307 310 304)
 (286 311) (291 309 295) (292 309 279) (313 314 276 302) (289 299 315 294 304)
 (314 296) (289 299 317 302) (305 299 317) (314 294 303) (299 320 304)
 (321 315 311) (305 321) (306 301 309) (289 276 309 286 302) (305 321 317 325)
 (313 326) (318 327 312) (326 311) (313 329 318) (313 306 329) (329 316 318)
 (329 318 319 312) (323 333 327) (330 334) (315 335) (306 323 333)
 (337 330 315 334) (332 333) (313 326 312) (338 331 340 335) (331 339 340)
 (338 342) (337 342 327) (333) (330 345) (339 346 341) (347 328) (348 324 336)
 (348 342))