(NIL NIL NIL NIL (3) NIL (3) NIL (8) NIL (10) (10) (11 12 7 9) (12 9) (10 4)
 (15 11 3) (13 6) (13 14) (18 6 4) (17 4) (1 20 18) (15 21) (7 9) (2 23 14)
 (23 18) (11 23) (24 26 18) (27 20) (26 14) (15 29) (16 30 6) (27 1 30 20)
 (19 2 25 30 1) (19 27 29) (32 33 34) (22 35 16) (35) (37) (38) (38 21) (5 37)
 (1 29 17 16) (25 29 27) (37 21 43 31) (41 44) (44) (28 46) (45 47) (42 48)
 (49 38) (50) (50) (44) (40 5 44) (54 46 39) (55 45) (56 47) (57) (56 49)
 (59 36) (60) (60) (62) (61 58 63 50) (61 58 63) (65) (65 50) (58 62) (52 62)
 (58 62) (70) (69 71) (59) (73 70) (74) (75) (73 68) (77 70 63) (67 77 75 53)
 (67 77 70) (73 52 57 61) (81 76) (82 78) (83) (83 69 79) (51 66 85 80) (82)
 (66 82 71 53) (65 81) (89 69 88) (81 58 62) (91 85 87 72) (92 88 80) (90 92)
 (91) (51 95 93) (95 92 88) (93 64) (51 98) (84 98) (84 98) (101 96 97) (102)
 (94 86 103) (103) (103) (106 86) (94 107) (105 108 104) (103) (86 99 110)
 (107 110 104) (112) (113) (105 110) (114 115) (90 102) (116 117) (117 99)
 (115 109 119) (89 102 99) (121 119 108 118 111) (113 121 111 100) (123 116)
 (123) (115 108 125) (114 125) (115 127) (109 127) (109 118 127 126) (125 119)
 (130 131) (121 114 108) (133 100) (134 118 127 120) (118 134) (105 134 119)
 (129 137 116) (129 137) (133 115 109) (140 111) (122 132 141 120) (142 135)
 (143) (139 143) (145 124 136) (145) (129 137 142) (142) (149 136)
 (145 138 149) (149) (138 139 149 144) (153 148) (153 148 151 152)
 (131 141 134 128) (155 156) (122 124 156) (138 158 146) (155 158) (156 143)
 (161 159 152) (161 160 136) (163) (164 159) (164 147 157 159) (161 155 124)
 (154 147 157 165 167) (163 167) (169 147 150 165) (146 169) (147 171)
 (150 167) (168 173) (165 173) (168 175) (176 171 166) (177 162) (178)
 (162 166 175) (147 175) (181 174) (176 182) (180 183) (160) (185 171 183)
 (186 180) (186 180) (179 188) (185 164 173) (179 188 190) (188 172 190) (192)
 (177 172 190) (194 187) (194 187) (170 196 192) (194 191) (184 193 198)
 (170 196 199) (197 200) (170 189 199) (170 195 199) (203) (201 203 189)
 (170 189 199) (197 189 198) (170 198) (193 195 207 208) (209 202) (209)
 (197 199 208) (210 212 206) (203 213) (187 198) (211 214 215) (216 200) (217)
 (218 204 205) (217 204) (201 216) (217 221 205) (222) (223) (204 222) (221)
 (225 226 223) (218 226) (226 222) (229) (205 214 215) (219 231 223)
 (220 230 232) (233 227 224) (227 229 232) (235) (234 236) (235 224) (220 238)
 (228 239) (226 220 232) (241 236 230 224) (241 238) (243 230) (242 244)
 (242 243 228) (237 246) (241 236 240) (241 230 238) (249 228 244) (250 247)
 (251) (252) (249) (234 254) (234 254) (237 240 244 246 255 256) (257) (258)
 (259 252) (259) (258) (259 253 262) (252 262) (264) (265 253) (266 248)
 (234 254 246 240) (265 259 268 245) (249 242) (255 246 239 270) (253 271)
 (265 272 268 248) (273 260) (266 259 270 248) (267 275) (270 263)
 (268 277 271) (273 245 278) (266 279 274) (277 269) (281 266 279) (282)
 (249 245) (273 284 263) (282 275 285 280) (276 286) (281 276 285)
 (274 288 282) (289 283) (290) (291 286) (284 272 269 248) (293 288) (294 287)
 (295) (290 295) (284 282 267 260) (289 298 293) (290 261 295 298)
 (298 276 285) (298 286 294) (290 261 302) (303 295) (292 304) (304)
 (306 299 300) (297 306) (304) (292 309) (297 310) (300 311 296) (291 309)
 (292 309) (291 303 295) (292 309 315) (301 316) (316) (297 298 292)
 (313 319 308 315 311) (314 320 296) (308 292 309) (320 322 316 312) (322 311)
 (313 324 312) (324) (319 324 315) (313 317 299 327) (318 320 328)
 (317 327 312) (330) (331) (332 299 320) (331 323) (330)
 (319 299 312 313 322 315) (314 336 326 316) (305 337 320 328) (338 331)
 (305 337) (329 331 336) (341 307 333) (338 321 342 335) (333 314 325 341)
 (342 344) (345 339 343) (344) (347 323) (307 348) (338 348))