(NIL (1) (2) (3) (4) (5) (5) (6 7) (8) (9) (10) (11) (12) (13) (14) (13)
 (15 16) (17) (17) (18 19) (20) (21) (18 19) (22 23) (24) (25) (26) (25)
 (27 28) (29) (29) (30 31) (32) (33) (33) (34 35) (36) (36) (37 38) (39) (40)
 (40) (41 42) (43) (44) (45) (46) (47) (48) (49) (50) (51) (52) (53) (54) (55)
 (56) (57) (57) (58 59) (60) (61) (62) (63) (64) (65) (66) (67) (68) (69) (70)
 (71) (72) (73) (73) (74 75) (74 75) (76 77) (76 77) (78 79) (80) (81) (82)
 (81) (82 84) (83 84) (85 86) (85 86) (87 88) (89) (90) (91) (92) (93) (94)
 (95) (96) (97) (98) (99) (100) (101) (102) (103) (104) (105) (106) (107) (108)
 (109) (110) (106) (110 112) (113 111) (114) (115) (115) (117) (116 118) (119)
 (120) (121) (122) (123) (123) (125) (124 126) (127) (124 126) (129) (130 128)
 (129 128) (131 132) (133) (131 132) (134 135) (136) (137) (138) (139) (140)
 (141) (142) (143) (143) (145) (146 144) (146 144) (147 148) (149) (150) (151)
 (152) (153) (154) (155) (156) (157) (158) (159) (160) (161) (162) (161)
 (163 164) (163 164) (165 166) (167) (168) (169) (170) (171) (171) (173) (174)
 (175) (172 176) (177) (178) (179) (180) (181) (182) (183) (184) (185) (186)
 (187) (188) (184) (188 190) (189 190) (191 192) (191 192) (193 194) (195)
 (196) (196) (197 198) (199) (199) (201 200) (202) (202) (203 204) (205) (206)
 (205) (206 208) (209 207) (210) (210) (212) (213) (211 214) (215) (215) (215)
 (217 218 216) (219) (220) (221) (222) (223) (224) (225) (225) (226 227) (228)
 (229) (230) (230) (231 232) (233) (234) (235) (236) (237) (238) (239) (240)
 (241) (242) (243) (244) (245) (246) (246) (247 248) (249) (250) (251) (252)
 (253) (254) (255) (256) (256) (258) (257 259) (260) (261) (262) (262)
 (263 264) (265) (266) (267) (268) (269) (270) (271) (272) (273) (274) (275)
 (276) (276) (278) (279) (277 280) (281) (282) (282) (283 284) (285) (286)
 (285) (287 288) (286 288) (289 290) (289 290) (291 292) (293) (294) (293)
 (295 296) (297) (298) (299) (300) (301) (301) (301) (303 304) (305 302) (306)
 (305 302) (307 308) (309) (310) (311) (311) (313 312) (314) (315) (316) (317)
 (318) (319) (320) (320) (320) (322 323) (321 324) (321 322 323) (324 326)
 (325 327) (328) (328) (329 330) (331) (332) (333) (334) (335) (336) (337)
 (338) (339) (340) (341) (342) (342) (343 344) (345) (346) (347) (348) (349))