(NIL (1) (2) (3) (4) (5) (6) (6) (7 8) (9) (10) (11) (12) (13) (14) (14)
 (15 16) (17) (18) (19) (20) (21) (22) (23) (24) (24) (25 26) (27) (28) (29)
 (30) (31) (32) (32) (33 34) (35) (36) (37) (38) (39) (40) (41) (42) (43) (43)
 (44 45) (46) (47) (48) (49) (50) (51) (52) (52) (53 54) (55) (53 54) (57 55)
 (58 56) (59) (60) (59) (60 62) (62) (61 64) (65) (66 63) (67) (68) (69) (70)
 (71) (72) (73) (73) (75) (74 76) (77) (78) (79) (80) (81) (82) (83) (82)
 (84 85) (84 85) (87) (86 88) (89) (90) (89) (91 92) (93) (94) (95) (96) (97)
 (98) (99) (100) (100) (102) (101 103) (104) (105) (105) (106 107) (108) (108)
 (109 110) (111) (112) (113) (114) (115) (116) (117) (118) (119) (119)
 (121 120) (121 120) (123) (122 124) (125) (126) (127) (128) (129) (130) (130)
 (132) (131 133) (134) (134) (135 136) (136) (138 135) (139) (137 140)
 (137 140) (141 142) (143) (144) (145) (146) (147) (148) (149) (150) (151)
 (152) (149) (153 154) (155) (156) (157) (158) (159) (160) (161) (160)
 (162 163) (164) (164) (166) (165 167) (168) (169) (170) (171) (172) (173)
 (173) (174 175) (176) (177) (178) (179) (180) (181) (179) (181 183) (184)
 (185 182) (186) (185 182) (187 188) (189) (189) (190 191) (192) (193) (194)
 (193) (195 196) (197) (198) (199) (199) (201 200) (202) (203) (204) (205)
 (206) (207) (208) (209) (210) (211) (211) (213) (212 214) (215) (216) (217)
 (218) (219) (219) (220 221) (221) (222 223) (222 223) (225 224) (226) (227)
 (228) (228) (229 230) (231) (232) (232) (233 234) (234) (235 236) (237) (238)
 (239) (239) (241) (242 240) (242 240) (243 244) (243 244) (245 246) (247)
 (248) (248) (248) (249 251) (250 252) (253) (254) (255) (256) (257) (258)
 (259) (260) (261) (262) (263) (264) (265) (266) (267) (268) (269) (270) (271)
 (269) (273) (274 272) (274 272) (275 276) (277) (278) (279) (280) (281) (281)
 (282 283) (284) (285) (286) (287) (288) (289) (289) (291) (290 292) (290 291)
 (293 294) (295) (295) (297 296) (298) (299) (300) (301) (302) (303) (304)
 (305) (306) (305) (307 308) (309) (310) (311) (312) (312) (314) (315)
 (313 316) (317) (317) (313 315) (318 320) (321 319) (322) (323) (324) (325)
 (326) (327) (328) (329) (330) (331) (332) (333) (334) (334) (335 336) (337)
 (337) (337) (338 340) (341) (342) (339 341) (343 344) (345) (346) (347) (348)
 (349))