(NIL (1) (2) (3) (1) (4 5) (6) (7) (8) (8) (9 10) (11) (12) (12) (14) (13) (16)
 (15 17) (18) (19) (20) (21) (22) (23) (24) (25) (26) (27) (27) (29) (30) (30)
 (28 31 32) (33) (34) (34) (35 36) (36) (35 38) (39) (37 40) (37 40) (41 42)
 (43) (44) (45) (46) (47) (48) (49) (50) (50) (52) (51 53) (54) (55) (54)
 (57 56) (57 56) (51 53) (58 59 60) (58 60) (61 62) (63) (64) (65) (66) (66)
 (68) (68) (67 70) (69 71) (69 71) (71) (73 74) (75 72) (76) (77) (78) (79)
 (78) (81 80) (81 80) (82 83) (84) (84) (86) (85 86) (88) (89) (90 87) (91)
 (92) (93) (94) (95) (96) (97) (98) (97) (99 100) (101) (101) (102 103)
 (102 103) (105 104) (105 104) (106 107) (107) (106 109) (108 110) (106 109)
 (108 110 112) (113) (113 111) (114 115) (116) (117) (118) (119) (120) (119)
 (119) (121 122 123) (124) (125) (126) (127) (127) (129 128) (130) (129 128)
 (130 132) (133) (131 132) (134 135) (136) (137) (138) (139) (139) (138)
 (140 141 142) (143) (143) (145 144) (146) (147) (147) (148 149) (149)
 (148 151) (152) (152) (153 154 150) (155) (156) (157) (157) (158 159) (160)
 (159) (162 158) (161 163) (164) (165) (166) (167) (168) (166) (170 168)
 (169 171) (172) (173) (174) (173) (175 176) (177) (178) (179) (179) (181)
 (180 182) (182) (183 184) (185) (186) (186) (188) (187 188) (189 190) (191)
 (192) (193) (193) (194 195) (196) (197) (198) (198) (200) (201) (200)
 (202 203) (204 199) (204 199) (206) (205 207) (205 207) (209) (210 208) (211)
 (212) (212) (214) (213 215) (215) (217 213) (218 216) (218 216) (220)
 (219 221) (222) (222) (223 224) (225) (226) (227) (228) (226) (229 230) (231)
 (232) (233) (233) (235) (236) (234 236) (238) (237 239) (240) (241) (242)
 (243) (244) (245) (245) (246 247) (248) (249) (249) (251) (250 252) (253)
 (254) (255) (256) (257) (258) (259) (260) (261) (262) (263) (264) (265) (264)
 (266 267) (265 267) (268 269) (270) (271) (271) (273) (273 272) (274 275)
 (276) (276) (278) (279) (277 279) (281) (282 280) (282 280) (284) (285) (284)
 (286 287) (286 287) (289 283) (283 286 287) (290 291 288) (292) (293) (294)
 (295) (296) (297) (297) (298 299))