(NIL (1) (2) (1) (3 4) (5) (6) (6) (8) (9 7) (10) (11) (12) (12) (13 14) (15)
 (16) (17) (18) (12) (19 20) (21) (22) (21) (21) (25 22 24) (25 22 24)
 (26 27 23) (28) (29) (30) (31) (30) (33 31) (34) (35 32) (36) (33) (37 38)
 (39) (40) (41) (42) (43) (44) (39) (45 46) (47) (47) (49 48) (50) (51) (50)
 (52 53) (54) (55) (55) (57 56) (58) (59) (60) (61) (62) (63) (63) (65 64) (66)
 (67) (67) (68 69) (70) (71) (72) (73) (73) (75) (75) (74 76 77) (78) (78) (80)
 (81) (82) (83 79) (84) (85) (85) (86 87) (88) (89) (90) (87) (91 92) (90 92)
 (93 94) (95) (95) (97 96) (98) (99) (100) (101) (102) (103) (104) (105) (106)
 (107) (108) (109) (109) (110 111) (112) (113) (114) (115) (116) (117) (118)
 (119) (120) (121) (122) (123) (124) (125) (126) (127) (128) (129) (130) (131)
 (131) (132 133) (134) (135) (134) (137 136) (138) (139) (140) (141) (142)
 (143) (143) (145 144) (146) (146) (148) (149) (150) (147 151) (151) (153 152)
 (154) (155) (156) (157) (158) (159) (158) (161) (161 160) (163) (162 164)
 (165) (166) (166) (168) (169) (170 167) (171) (172) (172) (174) (173 175)
 (176) (176) (177 178) (179) (180) (180) (182) (182) (184) (185 181) (185 181)
 (187 183) (186 188) (186 188) (190) (191) (186 187) (193 189 192) (194) (195)
 (196) (196) (196) (197 198 199) (200) (201) (202) (202) (204) (205) (206)
 (203 207) (207) (209 208) (210) (211) (212) (213) (214) (214) (216) (216)
 (217 218) (218) (220 215) (219 221) (222) (223) (224) (225) (226) (227) (227)
 (229) (228 230) (231) (232) (233) (233) (232) (234 236) (235 237) (238)
 (234 235 236) (237 240) (241) (242 238) (243 239) (244) (243 239) (244 246)
 (244 246) (248) (249 245) (249 247) (250 251) (252) (252) (254) (253 255)
 (256) (257) (257) (258 259) (260) (261) (262) (263) (258 259) (265 263)
 (266 264) (267) (268) (269) (270) (271) (270) (273 271) (274 272) (275)
 (274 272) (276 277) (276 277) (278 279) (280) (281) (282) (283) (284) (285)
 (286) (287) (288) (285) (290 288) (289 291) (292) (293) (294) (295) (296)
 (296) (298) (299))