(NIL NIL (2 1) (3) (2 1) (4 5) (5) (6 7) (3 7) (9 6) (10 8) (10) (11 12) (10 8)
 (11 12 14) (12 14) (13 15 16) (17) (17) (19) (18 20) (21) (22) (23) (24) (25)
 (26) (27) (27) (24) (28 30) (29 31) (32) (33) (32) (33 35) (34 36) (37) (38)
 (39) (40) (40) (42) (40) (41 44) (43 45) (46) (47) (48) (48) (49 50) (50)
 (49 52) (51 53) (54) (55) (56) (57) (58) (59) (60) (59) (61 62) (61 62)
 (63 64) (63 64) (65 66) (67) (68) (68) (69 70) (69 70) (71 72) (73) (74) (75)
 (75) (77) (76 78) (72) (78 80) (81 79) (82) (83) (84) (85) (85) (87) (88) (89)
 (89 86) (91) (90 92) (93) (93) (94 95) (94 95) (97) (98 96) (99) (100) (99)
 (101 102) (102) (103 104) (105) (106) (107) (108) (109) (110) (111) (110)
 (113 112) (113) (114 115) (115 112) (116 117) (118) (119) (120) (121) (120)
 (122 123) (124) (125) (126) (127) (128) (129) (126) (130 131) (132) (132)
 (132) (133 134 135) (136) (132) (137 138) (139) (140) (138 133 135) (140 142)
 (143) (142 136) (145 141 144) (145 141 143) (146 147) (146 147) (148 149)
 (148 149) (150 151) (150 151) (153 152) (154) (155) (156) (156) (157 158)
 (157 158) (159 160) (161) (160) (162 163) (164) (165) (166) (167) (168) (166)
 (170 168) (169 170) (171 172) (173) (174) (175) (175) (177 176) (178) (179)
 (180) (181) (179) (183) (182 184) (185) (186) (187) (188) (189) (189) (191)
 (192) (193 190) (194) (195) (196) (196) (197 198) (199) (200) (201) (202)
 (203) (204) (205) (204) (205 207) (206 208) (209) (210) (211) (206 208)
 (212 213) (214) (215) (216) (217) (217) (218 219) (220) (221) (222) (221)
 (223 224) (220) (225 226) (227) (227) (228 229) (230) (231) (232) (233) (234)
 (235) (234) (237) (236 238) (239) (240) (241) (241) (242 243) (242 243) (245)
 (244 246) (246) (247 248) (244 246) (250 247 248) (249 251) (252) (253) (254)
 (255) (254) (257 255) (258) (259) (260 256) (260 256) (261 262) (263)
 (261 262) (265 264) (265 263) (266 267) (268) (269) (268) (271) (269 272)
 (269 272) (273 274 270) (275) (276) (277) (277) (278 279) (280) (279)
 (281 282) (283) (284) (285) (286) (287) (287) (289) (290 288) (291) (292)
 (293) (294) (295) (296) (297) (297) (299))