(NIL NIL (2 1) (1) (3 4) (5) (5) (6 7) (6) (8 9) (10) (8 9) (12) (11 13) (14)
 (15) (16) (17) (18) (19) (19) (21) (22) (20 22) (24) (25 23) (25 23) (26 27)
 (28) (29) (29) (30 31) (32) (33) (34) (35) (36) (35) (37 38) (39) (40) (41)
 (41) (43) (42 44) (45) (46) (47) (48) (49) (50) (50) (51 52) (53) (53) (54 55)
 (56) (54 55) (58 56) (57 59) (60) (54 55) (61 62) (63) (64) (65) (66) (67)
 (64) (68 69) (68 69) (70 71) (70 71) (73) (74 72) (75) (76) (77) (78) (79)
 (80) (79) (81 82) (83) (84) (85) (86) (87) (88) (88) (89 90) (91) (92) (93)
 (93) (91) (93 96) (97 94 95) (97 94) (99 95) (98 99) (101) (100 102) (103)
 (104) (105) (105) (106 107) (106 107) (108 109) (110) (111) (111) (113 112)
 (114) (115) (116) (116) (117 118) (117 118) (120) (121 119) (122) (123) (123)
 (124 125) (124 125) (126 127) (128) (128) (130) (131) (129 132) (132) (134)
 (135) (133 136) (133 136) (137 138) (139) (140) (140) (142) (143) (141 144)
 (145) (145) (147) (146 148) (149) (150) (151) (152) (153) (154) (155) (156)
 (157) (157) (159) (155) (161 160) (161 158 160) (162 163) (163) (164 165)
 (166) (167) (168) (169) (170) (171) (172) (172) (174) (175) (176) (177)
 (178 173) (179) (180) (181) (182) (183) (184) (185) (186) (187) (188) (189)
 (190) (188) (191 192) (193) (194) (195) (196) (197) (198) (196) (200)
 (201 199) (201 199) (202 203) (204) (205) (206) (207) (208) (207) (210)
 (209 211) (212) (210 208) (213 214) (215) (213 214) (217 216) (218) (219)
 (220) (221) (221) (222 223) (224) (224) (224) (225 226 227) (228)
 (225 226 227) (230) (229 231) (232) (233) (234) (235) (236) (236) (237 238)
 (239) (240) (241) (242) (240) (242 244) (243 244) (246) (246) (248) (249 245)
 (250 247) (251) (250 247) (251 253) (252 254) (252 254) (255 256) (257) (258)
 (259) (260) (261) (262) (259) (263 264) (265) (265) (267) (267) (266 268 269)
 (270) (270) (271 272) (273) (274) (275) (276) (277) (278) (279) (280) (281)
 (282) (283) (284) (284) (285 286) (287) (288) (289) (290) (291) (289)
 (291 293) (294) (295) (295) (292 294) (292 293) (298 299 296))