(NIL (1) NIL (3 1) (4) (2) (6 5) (7) (6 4) (9) (10 5) (11 8) (10 8) (12 13)
 (9 7) (12 13 15) (14 16) (14 16) (17 18) (12 15) (20 14 16) (17 20) (17 18 20)
 (21 23) (24) (25) (26 19) (27 22) (27) (29 22) (28 30) (31) (31) (30) (27 22)
 (34 35 31) (36 32) (35) (36 38) (39 32) (40) (40) (37 39) (43 40) (41 42 43)
 (45) (33 44 46) (47) (47) (46) (46) (50 51 48) (33 45) (49 52 53) (49 53 48)
 (54 55) (56) (57) (58) (59) (60) (58) (59 62) (60 63) (64) (61 62) (66)
 (65 67) (68) (69) (70) (70) (72) (73 71) (73) (75) (75) (77 71) (72)
 (77 79 71) (76 80) (81) (82) (82 78) (74 84) (83 84) (74 86) (85 87) (88) (82)
 (89 90) (91) (91) (93) (94) (95) (92 96) (92 95) (97 98) (97 98) (99 100)
 (101) (102) (103) (103) (104) (106 105) (107) (108) (108) (110) (109 111)
 (110) (113 109 111) (114) (115) (116 112) (117) (118) (119) (120) (121) (121)
 (122 123) (120) (123 125) (126) (124 127) (122 127) (129) (130) (131 128)
 (129 128) (132 133) (134) (134) (136) (136) (138) (137 139 135) (140) (141)
 (142) (143) (144) (143) (145 146) (147) (148) (149) (149) (151) (152) (153)
 (154) (154) (155 156 150) (157) (158) (158) (160) (161) (162) (161 159) (164)
 (162 165) (164) (163 167) (168) (166 168) (169 170) (171) (172) (171)
 (173 174) (175) (175) (177 176) (177 176) (178 179) (180) (181) (182) (182)
 (184) (184) (186) (187) (185 188) (189 183) (189 183) (191) (190 191) (193)
 (193) (194 195 192) (196) (196) (194 195) (199 192))