(NIL (1) (1) (3) (2 4) (3) (2 6) (6) (4 8) (9 5) (10) (11) (9) (10 13) (12 14)
 (10 13 7) (16) (15 16) (15 16) (12 14 16) (17 18 19 20) (19 20) (17 18 22)
 (23) (21 24) (25) (25) (21 24) (26 28) (25 28) (27 29 30) (31) (32) (33) (32)
 (32) (33 35 36) (33 36) (34 35 38) (34 38) (37 40) (41) (42) (41 39) (44) (45)
 (42 46) (42 44) (41) (49 43 44) (50 46 48) (50 47) (52) (53 48) (54) (51 52)
 (54 56) (57) (58 55) (59) (59) (61) (59) (58 55) (60 61 64) (65) (65 62 63)
 (60 62 64) (65 68) (69 63) (66 68 63) (67 71) (71) (73 72) (74 70) (73 70 72)
 (75 76) (77) (78) (79) (80) (81) (81) (83) (82 83) (85) (86) (86) (84 88)
 (84 87 88) (90) (89 91) (92) (90) (89 94) (92 95) (96) (97) (98) (98 93) (100)
 (101) (101) (99 103) (104) (103) (106) (106 99 102) (108) (99 102 103)
 (109 110 104) (108 110) (105 107 109 112) (113) (114) (115 111) (113 111)
 (115 117) (109 110 104) (114 117 119) (116 120) (115 120) (122) (121 123)
 (123 116) (123) (124 126) (118 127) (125 128) (127) (130 128) (121 126)
 (130 132 118) (129 133) (132 128) (129 133 135) (134 136) (126)
 (133 131 125 135 138) (139 136) (137 140) (141) (141) (143) (142 143)
 (137 138 131) (146 141) (145 146) (148 144) (149) (147 148) (147 148 144)
 (151 152) (153 149) (154) (155) (155) (157) (155) (150 159 158) (160)
 (156 160) (161 162) (160) (163 164) (165) (166) (166) (168) (169 167) (170)
 (169) (165) (173 168) (170 173) (175) (172 175) (177 171) (177 171 174)
 (178 179 176) (180) (180) (181 182) (183) (184) (185) (186) (187) (188) (186)
 (190) (190) (186) (193 189 191) (193 188) (195 192) (196) (197 191) (197 191)
 (189 199))