(NIL NIL (2) NIL (4 3) (5 1) (4 2 1) (5 7) (3 7) (6 7) (9 10) (11) (12) (13 8)
 (14) (14) (14) (14) (18) (19 15) (19 15 16) (17 21) (20 22) (23) (23) (25)
 (25) (25) (23) (27 29) (26 27 28 29 24) (31) (32) (33) (34 30) (34) (35 36)
 (37) (38) (38) (39 40) (41) (39 40) (41 43) (44) (40) (44 46) (42 45 47)
 (44 46) (41 43 46) (44 46) (49 51 47) (42 52 45) (52) (53 54) (54 48) (53 56)
 (57 55) (57 50) (59) (60) (61 55) (58 62) (63) (64) (65) (66) (66) (66)
 (68 69) (70) (67 71) (72) (73) (73) (73) (74 76) (75 77) (77) (77) (78 80)
 (78 80) (81 82 79) (83) (84) (85) (86) (87) (88) (89) (88) (88) (89 91 92)
 (90 93) (94) (95) (94) (97) (98 96) (99) (99) (100 101) (102) (102) (103 104)
 (103 104) (102) (107 103 104) (107) (109 103 104) (106 110) (111)
 (105 108 111) (113 112) (106 108 110) (113 115) (114 116) (115 112) (114 118)
 (119) (116 120) (117 119) (122) (121 123) (124) (125) (126) (126) (115 112)
 (129 122) (130 124) (131 127) (129 128) (131 133 127) (131 133) (135) (135)
 (137 134 136) (138) (139) (137 132 134 136) (140 141) (138 141) (140 143)
 (139 141) (145 140 143) (146 142) (147) (148 144) (149) (149) (148) (152 144)
 (153 151) (154) (151 152) (153 156) (155 157 150) (158) (159) (155 156)
 (161 158) (162 159) (162 160) (163 164) (163 164) (163 164) (166 167)
 (162 160) (169 165) (170 168) (170 168) (170 168) (173) (172 174) (172 174)
 (171 173) (177 176) (178) (177 175 176) (178) (179 181 175) (179 181)
 (180 183) (181 175) (182 183 185) (186) (187 184) (180 183 185) (187)
 (190 188) (191) (189 190 188) (193 191) (190 188) (189 192 195) (189 192 195)
 (194 197) (196 197) (193 196 197))