(NIL NIL (1 2) NIL (2 4) (1 4) (5 3 6) NIL (8 4) (8 2) (9 5 10) (8 1) (9 6 12)
 (3 10 12) (11 13 7 14) NIL (16 8) (16 4) (9 18 17) (16 2) (10 20 17) (5 18 20)
 (19 21 11 22) (16 1) (12 17 24) (18 24 6) (25 26 19 13) (3 20 24)
 (25 28 21 14) (26 7 28 22) (27 29 15 23 30) NIL (32 8) (32 4) (9 34 33) (32 2)
 (10 33 36) (5 34 36) (37 38 11 35) (32 1) (12 33 40) (6 34 40) (41 13 35 42)
 (3 40 36) (37 41 44 14) (38 7 44 42) (39 45 43 15 46) NIL (16 48) (8 48)
 (17 49 50) (4 48) (18 49 52) (9 52 50) (19 54 53 51) (2 48) (20 49 56)
 (10 56 50) (57 21 58 51) (5 56 52) (57 22 53 60) (11 60 58 54)
 (55 61 59 23 62) (1 48) (64 49 24) (12 50 64) (25 65 66 51) (6 52 64)
 (65 26 68 53) (66 68 13 54) (55 27 69 67 70) (3 56 64) (65 28 57 72)
 (66 72 58 14) (73 74 67 29 59) (7 68 72 60) (61 73 76 69 30) (62 76 70 15 74)
 (75 77 78 31 63 71) NIL (80 48) (32 80) (80 16) (81 49 83) (80 8) (81 85 50)
 (85 82 33) (85 17 83) (86 88 84 51) (80 4) (81 90 52) (90 34 82) (18 83 90)
 (91 93 53 84) (85 9 90) (86 91 95 54) (87 92 35 95) (19 88 93 95)
 (55 98 89 94 96) (80 2) (81 56 100) (100 82 36) (100 20 83) (101 57 103 84)
 (85 10 100) (105 86 101 58) (37 105 87 102) (105 88 21 103)
 (106 108 89 59 104) (5 90 100) (91 101 110 60) (38 92 102 110) (93 22 103 110)
 (61 113 94 111 104) (105 11 110 95) (62 115 111 106 96) (97 115 39 107 112)
 (113 98 115 108 23) (114 116 118 63 99 109) (80 1) (81 120 64) (120 82 40)
 (120 83 24) (65 121 123 84) (85 12 120) (121 86 125 66) (41 122 87 125)
 (25 123 88 125) (67 124 89 126 128) (90 120 6) (121 130 91 68) (42 92 130 122)
 (26 123 93 130) (133 131 124 69 94) (125 13 95 130) (126 131 70 135 96)
 (97 43 132 135 127) (98 27 133 135 128) (129 134 136 138 99 71) (3 100 120)
 (121 140 101 72) (122 44 102 140) (140 123 28 103) (73 124 141 143 104)
 (105 140 125 14) (145 106 141 126 74) (145 107 45 142 127)
 (145 108 29 143 128) (146 75 148 129 109 144) (130 7 140 110)
 (131 76 141 150 111) (150 142 132 46 112) (113 133 30 143 150)
 (114 77 151 153 134 144) (145 115 135 15 150) (146 116 78 151 155 136)
 (147 117 152 155 47 137) (148 118 153 155 31 138) (149 119 79 154 156 158 139)
 NIL (80 160) (160 48) (81 162 161) (32 160) (82 161 164) (160 16) (161 83 166)
 (162 49 166) (167 168 163 84) (160 8) (85 161 170) (162 170 50)
 (86 163 171 172) (170 164 33) (174 87 171 165) (17 170 166) (167 88 171 176)
 (168 172 176 51) (173 177 169 89 178) (160 4) (90 180 161) (162 180 52)
 (163 181 91 182) (34 180 164) (92 181 165 184) (18 180 166) (167 181 93 186)
 (168 182 53 186) (169 188 94 183 187) (9 180 170) (181 95 171 190)
 (190 54 182 172) (173 192 191 183 96) (174 35 190 184) (97 185 175 191 194)
 (186 19 176 190) (98 187 196 177 191) (55 196 188 178 192)
 (189 193 197 198 179 99) (160 2) (100 161 200) (162 56 200) (201 202 163 101)
 (200 164 36) (201 204 102 165) (20 200 166) (167 201 206 103) (168 57 206 202)
 (169 208 203 207 104) (10 170 200) (105 201 171 210) (202 210 58 172)
 (173 106 203 212 211) (37 174 204 210) (211 175 205 107 214) (210 176 21 206)
 (211 108 177 207 216) (212 216 178 59 208) (209 213 179 217 218 109)
 (5 180 200) (201 220 181 110) (202 220 182 60) (203 221 111 183 222)
 (38 204 220 184) (185 221 224 205 112) (186 220 22 206) (113 226 187 221 207)
 (61 226 188 222 208) (114 227 228 189 209 223) (210 11 220 190)
 (115 221 211 191 230) (230 62 212 222 192) (116 231 232 193 213 223)
 (194 39 230 214 224) (225 117 231 234 195 215) (226 196 230 23 216)
 (227 118 231 236 197 217) (228 232 236 198 63 218)
 (229 119 233 237 238 199 219) (160 1) (240 161 120) (162 240 64)
 (121 241 163 242) (240 164 40) (241 122 244 165) (24 240 166)
 (167 241 123 246) (65 168 246 242) (169 124 243 247 248) (12 170 240)
 (241 250 125 171) (242 66 250 172) (173 243 252 126 251) (41 174 244 250)
 (175 245 251 127 254) (25 250 176 246) (251 256 177 247 128)
 (67 252 256 178 248) (257 258 129 179 249 253) (6 180 240) (241 130 260 181)
 (260 242 68 182) (131 261 243 183 262) (42 244 260 184) (185 261 132 245 264)
 (186 260 246 26) (261 187 133 247 266) (266 188 69 262 248)
 (189 263 267 268 134 249) (250 260 13 190) (251 261 135 191 270)
 (262 252 270 70 192) (263 193 271 272 136 253) (194 43 270 254 264)
 (265 195 271 274 137 255) (266 27 196 270 256) (257 267 197 271 276 138)
 (258 268 198 272 276 71) (259 269 199 273 277 278 139) (3 240 200)
 (201 241 140 280) (242 202 280 72) (281 282 203 141 243) (44 204 244 280)
 (281 245 284 205 142) (280 28 206 246) (247 281 143 207 286)
 (73 282 248 286 208) (209 249 283 144 287 288) (210 280 14 250)
 (145 281 211 251 290) (74 290 212 252 282) (146 291 292 213 283 253)
 (290 284 45 214 254) (291 294 147 215 285 255) (290 256 29 286 216)
 (257 291 148 296 217 287) (258 75 292 296 218 288)
 (289 259 293 297 298 149 219) (7 220 260 280) (281 261 300 221 150)
 (282 76 222 300 262) (263 151 301 302 283 223) (284 264 46 300 224)
 (225 152 265 301 304 285) (226 300 286 30 266) (227 153 267 301 306 287)
 (228 77 268 302 306 288) (289 229 154 269 303 307 308) (290 300 230 15 270)
 (291 231 155 301 271 310) (292 78 232 302 272 310)
 (293 233 156 303 273 311 312) (294 234 304 274 310 47)
 (295 235 157 305 275 311 314) (296 236 31 306 276 310)
 (297 237 158 307 277 311 316) (79 298 238 308 278 312 316)
 (299 159 309 239 279 313 317 318) NIL (80 320) (320 48) (81 322 321) (32 320)
 (82 321 324) (320 16) (326 321 83) (322 49 326) (327 323 328 84) (320 8)
 (85 321 330) (322 50 330) (331 86 323 332) (330 33 324) (325 331 87 334)
 (326 17 330) (331 88 327 336) (332 336 328 51) (333 89 337 329 338) (320 4)
 (90 321 340) (322 52 340) (341 342 91 323) (34 340 324) (325 341 92 344)
 (18 326 340) (341 93 327 346) (342 328 53 346) (343 348 94 329 347)
 (9 340 330) (331 341 95 350) (332 350 342 54) (333 352 351 343 96)
 (350 334 35 344) (97 345 351 335 354) (350 19 336 346) (98 351 347 337 356)
 (55 356 348 352 338) (339 357 358 349 99 353) (320 2) (100 321 360)
 (322 56 360) (361 101 323 362) (36 360 324) (325 361 364 102) (326 20 360)
 (361 327 366 103) (362 57 328 366) (363 368 367 329 104) (10 360 330)
 (331 105 361 370) (332 370 58 362) (106 333 372 363 371) (37 370 334 364)
 (365 107 335 371 374) (370 21 336 366) (371 108 367 337 376)
 (368 372 376 59 338) (339 377 378 373 369 109) (5 360 340) (341 361 380 110)
 (380 342 362 60) (343 381 363 111 382) (380 38 344 364) (365 384 345 381 112)
 (380 366 346 22) (113 386 381 367 347) (61 386 368 382 348)
 (114 383 387 388 369 349) (350 11 380 370) (371 351 381 115 390)
 (62 352 390 382 372) (116 383 353 391 392 373) (39 384 390 354 374)
 (117 385 391 394 355 375) (386 376 390 23 356) (357 377 118 387 391 396)
 (358 378 388 392 63 396) (359 119 389 379 393 397 398) (320 1) (400 321 120)
 (322 400 64) (121 401 323 402) (40 400 324) (325 122 404 401) (326 400 24)
 (401 123 327 406) (65 402 328 406) (403 124 407 329 408) (12 400 330)
 (331 401 125 410) (332 402 410 66) (403 333 412 126 411) (41 410 334 404)
 (405 411 335 414 127) (25 410 336 406) (411 416 407 337 128)
 (416 67 408 412 338) (339 417 409 413 129 418) (6 400 340) (341 130 420 401)
 (342 68 420 402) (403 343 421 131 422) (42 344 420 404) (405 132 345 421 424)
 (26 420 346 406) (421 133 407 347 426) (426 408 69 422 348)
 (409 134 423 349 427 428) (350 420 13 410) (351 421 411 135 430)
 (422 352 70 430 412) (413 423 136 353 431 432) (430 43 424 354 414)
 (434 415 425 431 137 355) (426 27 416 430 356) (357 436 417 138 427 431)
 (358 436 418 428 71 432) (433 359 437 438 419 139 429) (3 400 360)
 (361 401 140 440) (440 362 402 72) (441 442 363 141 403) (440 44 364 404)
 (441 405 444 365 142) (440 28 366 406) (441 407 143 367 446)
 (73 442 408 446 368) (409 443 447 448 369 144) (370 440 14 410)
 (145 441 371 411 450) (74 372 442 450 412) (146 443 413 451 452 373)
 (450 444 45 374 414) (147 445 415 451 454 375) (450 416 29 446 376)
 (377 148 447 417 451 456) (378 75 448 418 452 456)
 (379 149 449 419 453 457 458) (440 7 380 420) (441 421 460 381 150)
 (460 442 76 382 422) (383 151 443 423 461 462) (444 460 424 46 384)
 (152 385 445 425 461 464) (386 460 446 30 426) (466 153 387 447 427 461)
 (466 77 388 448 428 462) (467 468 154 389 449 429 463) (450 460 390 15 430)
 (470 155 391 451 461 431) (470 78 392 452 462 432)
 (433 471 472 156 393 453 463) (434 470 394 454 47 464)
 (465 435 471 474 157 395 455) (466 436 470 31 396 456)
 (467 437 471 476 158 397 457) (468 438 79 472 476 398 458)
 (469 439 473 477 478 159 399 459) NIL (160 480) (80 480) (161 481 482)
 (48 480) (162 481 484) (81 484 482) (163 486 485 483) (32 480) (488 481 164)
 (488 82 482) (489 490 165 483) (16 480) (492 481 166) (83 482 492)
 (167 493 494 483) (49 484 492) (493 168 496 485) (494 496 84 486)
 (487 169 497 495 498) (8 480) (500 481 170) (85 500 482) (501 502 171 483)
 (500 484 50) (501 504 485 172) (86 502 504 486) (487 173 503 505 506)
 (488 33 500) (174 489 501 508) (508 87 490 502) (503 175 510 491 509)
 (500 17 492) (493 501 176 512) (494 88 512 502) (503 495 177 513 514)
 (512 496 504 51) (513 497 178 505 516) (516 514 89 498 506)
 (507 515 517 518 179 499) (2 480) (520 481 200) (100 482 520)
 (201 521 522 483) (56 484 520) (521 202 524 485) (522 524 101 486)
 (487 203 525 523 526) (488 520 36) (521 489 204 528) (522 490 102 528)
 (529 205 523 491 530) (520 20 492) (493 521 532 206) (494 532 103 522)
 (495 533 523 207 534) (524 532 496 57) (525 536 497 533 208)
 (534 536 526 498 104) (535 537 538 209 499 527) (500 520 10) (521 210 501 540)
 (105 522 502 540) (541 211 503 523 542) (540 524 504 58) (541 212 525 505 544)
 (106 542 544 526 506) (507 543 545 546 213 527) (37 508 540 528)
 (529 509 548 541 214) (530 107 510 542 548) (531 511 543 549 550 215)
 (540 532 21 512) (541 552 533 513 216) (552 542 108 534 514)
 (535 543 515 553 217 554) (516 544 552 59 536) (537 545 517 553 218 556)
 (538 546 518 554 556 109) (539 558 547 519 555 557 219) (1 480) (560 481 240)
 (560 482 120) (241 561 562 483) (560 484 64) (561 242 564 485)
 (121 562 564 486) (487 243 565 563 566) (488 560 40) (561 489 244 568)
 (122 490 568 562) (569 245 563 491 570) (560 24 492) (493 561 572 246)
 (494 123 572 562) (495 573 563 247 574) (65 564 496 572) (565 576 497 573 248)
 (574 576 124 498 566) (577 578 499 567 249 575) (500 12 560) (561 250 501 580)
 (562 580 502 125) (581 251 503 563 582) (66 580 564 504) (581 252 565 505 584)
 (584 566 126 582 506) (583 507 586 585 567 253) (41 508 580 568)
 (569 509 588 581 254) (570 588 510 582 127) (583 511 589 590 571 255)
 (25 580 572 512) (581 592 573 513 256) (592 128 574 582 514)
 (257 593 583 515 594 575) (516 67 584 592 576) (577 258 585 593 517 596)
 (578 518 586 129 594 596) (259 587 579 595 597 598 519) (3 560 520)
 (521 561 600 280) (522 600 140 562) (281 601 523 563 602) (564 600 524 72)
 (601 282 604 525 565) (602 604 141 526 566) (606 567 283 605 603 527)
 (568 600 44 528) (529 569 601 284 608) (530 608 142 602 570)
 (609 610 531 571 285 603) (572 28 532 600) (601 573 612 533 286)
 (602 612 534 143 574) (613 614 535 287 603 575) (73 612 604 576 536)
 (577 613 616 537 605 288) (578 614 616 538 606 144)
 (289 579 615 617 618 539 607) (580 540 14 600) (581 290 601 620 541)
 (145 602 620 542 582) (291 583 621 622 543 603) (74 604 584 620 544)
 (292 585 621 624 545 605) (146 586 622 624 546 606)
 (293 587 623 625 626 547 607) (620 588 548 45 608) (609 294 621 589 628 549)
 (610 147 622 590 628 550) (611 295 623 629 591 551 630) (612 592 29 620 552)
 (613 296 621 593 632 553) (148 614 622 594 632 554)
 (615 297 623 595 633 634 555) (75 616 624 596 632 556)
 (617 298 625 597 633 636 557) (149 618 626 598 634 636 558)
 (299 638 627 599 635 637 619 559) NIL (640 480) (320 640) (160 640)
 (641 481 643) (80 640) (641 645 482) (645 642 321) (645 161 643)
 (646 648 644 483) (640 48) (641 650 484) (650 322 642) (162 643 650)
 (651 653 485 644) (645 81 650) (646 651 655 486) (647 652 323 655)
 (163 648 653 655) (487 658 649 654 656) (32 640) (641 488 660) (642 660 324)
 (643 660 164) (663 489 661 644) (645 82 660) (646 665 490 661)
 (325 647 665 662) (663 665 648 165) (491 666 649 668 664) (640 16)
 (641 670 492) (326 642 670) (670 643 166) (493 671 673 644) (645 83 670)
 (671 646 675 494) (672 647 675 327) (167 673 648 675) (495 674 649 676 678)
 (650 49 670) (671 680 651 496) (672 652 328 680) (168 673 653 680)
 (683 681 674 497 654) (680 675 84 655) (676 681 498 685 656)
 (657 682 677 329 685) (658 169 683 685 678) (679 659 684 686 688 499) (640 8)
 (641 500 690) (642 690 330) (690 643 170) (693 501 691 644) (645 85 690)
 (646 695 502 691) (331 647 695 692) (693 695 648 171) (503 696 649 698 694)
 (650 690 50) (651 504 691 700) (332 652 700 692) (693 700 653 172)
 (701 694 703 654 505) (86 695 655 700) (701 705 506 696 656)
 (657 702 333 697 705) (173 658 703 705 698) (704 706 708 507 659 699)
 (690 660 33) (508 691 661 710) (710 334 692 662) (663 174 693 710)
 (664 509 713 711 694) (695 665 87 710) (711 666 696 715 510)
 (335 712 667 697 715) (175 713 668 715 698) (669 511 714 716 718 699)
 (17 690 670) (671 720 512 691) (672 720 336 692) (693 720 673 176)
 (694 674 721 723 513) (720 695 88 675) (725 696 721 676 514)
 (725 697 337 677 722) (725 177 698 723 678) (679 515 724 726 728 699)
 (720 680 700 51) (701 516 681 721 730) (702 682 730 722 338)
 (703 683 178 723 730) (733 704 684 517 724 731) (725 705 89 730 685)
 (735 706 686 518 726 731) (339 735 707 687 727 732) (733 735 708 688 179 728)
 (734 736 738 709 689 519 729) (640 4) (740 642 340) (180 643 740) (645 90 740)
 (341 647 741 743) (648 181 742 743) (650 740 52) (342 652 741 746)
 (746 653 182 742) (746 91 743 655) (657 343 749 747 744) (745 658 748 749 183)
 (34 660 740) (344 741 752 662) (663 752 742 184) (665 92 743 752)
 (753 345 755 667 744) (185 745 755 668 754) (18 740 670) (672 741 346 758)
 (186 673 742 758) (93 675 758 743) (759 761 347 677 744) (745 761 187 760 678)
 (680 758 53 746) (747 682 764 759 348) (188 683 764 748 760)
 (761 764 749 94 685) (750 687 349 762 765 767) (189 751 688 763 766 767)
 (9 740 690) (350 770 741 692) (693 770 190 742) (770 695 743 95)
 (773 351 697 771 744) (745 772 773 698 191) (770 746 54 700)
 (702 747 352 771 776) (703 748 772 776 192) (749 776 705 773 96)
 (774 707 777 779 750 353) (775 708 193 778 779 751) (710 770 35 752)
 (753 771 712 354 782) (194 772 713 782 754) (97 755 773 782 715)
 (785 774 783 717 756 355) (775 195 784 785 718 757) (770 19 720 758)
 (771 788 722 759 356) (196 772 788 723 760) (725 98 788 761 773)
 (357 774 789 791 762 727) (775 197 790 791 763 728) (55 764 788 730 776)
 (358 777 789 794 765 732) (733 778 198 790 794 766) (735 779 791 794 99 767)
 (359 737 780 792 795 797 768) (769 738 781 199 793 796 797) (640 2)
 (641 800 520) (800 642 360) (800 643 200) (521 801 803 644) (645 100 800)
 (801 646 805 522) (361 802 647 805) (201 803 648 805) (523 804 649 806 808)
 (650 56 800) (801 810 651 524) (362 652 810 802) (202 803 653 810)
 (813 811 804 525 654) (805 101 655 810) (811 815 526 806 656)
 (657 363 812 815 807) (658 203 813 815 808) (809 659 814 816 818 527)
 (800 660 36) (801 820 661 528) (802 820 364 662) (663 820 803 204)
 (529 664 804 821 823) (665 820 805 102) (825 530 666 821 806)
 (825 365 667 822 807) (825 205 668 823 808) (531 669 809 824 826 828)
 (800 20 670) (671 801 532 830) (672 366 830 802) (673 803 206 830)
 (833 804 674 533 831) (805 675 830 103) (835 831 676 806 534)
 (835 807 367 677 832) (833 835 808 207 678) (834 836 838 535 679 809)
 (680 57 830 810) (681 840 811 831 536) (832 840 812 682 368)
 (833 813 840 683 208) (834 537 843 684 814 841) (835 840 815 685 104)
 (836 841 538 845 816 686) (817 837 842 845 687 369) (838 818 843 845 209 688)
 (839 539 844 819 846 689 848) (10 690 800) (801 850 540 691) (370 850 802 692)
 (693 210 803 850) (694 851 804 541 853) (105 850 695 805)
 (851 696 542 855 806) (371 852 697 855 807) (211 853 698 855 808)
 (809 543 854 856 858 699) (810 850 58 700) (701 811 860 851 544)
 (852 702 812 372 860) (860 853 703 212 813) (704 814 545 854 861 863)
 (106 860 705 855 815) (865 706 816 546 856 861) (865 707 817 857 373 862)
 (865 708 818 213 858 863) (866 868 709 819 547 859 864) (37 710 820 850)
 (711 548 821 851 870) (852 870 712 374 822) (853 713 214 823 870)
 (871 873 714 549 854 824) (825 107 855 715 870) (871 875 716 550 856 826)
 (872 875 717 857 827 375) (873 875 718 215 858 828)
 (874 876 878 719 551 859 829) (850 720 21 830) (851 880 721 831 552)
 (852 832 880 722 376) (833 880 853 723 216) (834 881 883 854 724 553)
 (725 835 108 855 880) (836 554 881 885 856 726) (377 837 882 885 857 727)
 (838 883 885 217 858 728) (839 884 886 888 555 729 859) (860 880 730 59 840)
 (841 881 890 556 861 731) (378 842 882 890 862 732) (733 843 883 890 218 863)
 (734 893 844 884 891 557 864) (865 735 845 885 890 109)
 (866 736 846 886 891 558 895) (379 737 867 847 887 892 895)
 (868 738 848 888 219 893 895) (898 869 739 849 889 894 559 896) (5 740 800)
 (802 380 741 900) (900 803 220 742) (900 805 110 743) (901 381 903 807 744)
 (745 221 902 903 808) (746 900 810 60) (906 747 812 901 382)
 (906 748 813 222 902) (906 749 815 111 903) (383 904 907 909 750 817)
 (905 908 909 751 818 223) (38 820 900 752) (753 912 901 822 384)
 (754 912 902 823 224) (825 755 912 903 112) (904 385 913 915 756 827)
 (225 905 914 915 757 828) (900 758 830 22) (386 901 918 759 832)
 (833 226 902 918 760) (761 113 835 918 903) (837 904 387 919 921 762)
 (227 838 905 920 921 763) (61 906 764 918 840) (842 907 388 919 924 765)
 (228 843 908 920 924 766) (114 845 909 921 924 767)
 (389 910 847 922 925 927 768) (769 229 911 848 923 926 927) (770 11 900 850)
 (930 771 852 901 390) (930 772 853 230 902) (930 115 773 903 855)
 (931 933 774 904 391 857) (932 933 775 231 905 858) (62 930 860 906 776)
 (931 936 777 907 392 862) (932 936 778 908 232 863) (865 116 933 936 779 909)
 (867 934 937 939 780 910 393) (868 935 233 938 939 781 911)
 (930 39 912 782 870) (931 872 942 783 913 394) (932 873 234 942 784 914)
 (933 875 942 785 915 117) (934 877 943 945 786 395 916)
 (935 235 878 944 945 787 917) (930 788 918 23 880) (931 882 396 789 919 948)
 (932 236 883 948 790 920) (933 118 948 885 791 921)
 (934 887 949 397 792 951 922) (935 237 950 951 888 793 923)
 (936 63 948 890 794 924) (937 949 398 954 795 892 925)
 (938 238 950 954 796 893 926) (119 939 927 951 954 797 895)
 (897 940 399 952 955 957 798 928) (929 898 941 239 953 956 957 799) (640 1)
 (641 960 560) (960 642 400) (960 643 240) (561 961 963 644) (645 960 120)
 (961 646 965 562) (401 962 647 965) (241 963 648 965) (563 964 649 966 968)
 (650 960 64) (961 970 651 564) (970 402 652 962) (242 963 653 970)
 (973 971 964 565 654) (121 970 965 655) (966 971 566 975 656)
 (657 403 972 975 967) (658 243 973 975 968) (969 659 974 976 978 567)
 (960 660 40) (961 980 661 568) (962 404 980 662) (663 963 244 980)
 (569 664 964 981 983) (122 665 980 965) (985 570 666 981 966)
 (985 405 667 982 967) (985 245 668 983 968) (669 969 984 986 571 988)
 (960 24 670) (671 961 572 990) (990 672 406 962) (673 246 963 990)
 (993 674 573 991 964) (965 123 675 990) (966 995 676 991 574)
 (967 995 407 677 992) (993 995 968 247 678) (994 996 998 679 969 575)
 (65 680 990 970) (681 1000 971 991 576) (682 972 1000 992 408)
 (993 973 1000 683 248) (577 994 1001 1003 684 974) (995 124 975 685 1000)
 (578 996 1001 1005 976 686) (977 997 409 1002 1005 687)
 (998 978 1003 1005 688 249) (579 999 1004 1006 1008 689 979) (12 690 960)
 (961 1010 580 691) (962 410 1010 692) (693 250 963 1010)
 (694 1011 964 581 1013) (965 695 125 1010) (1011 696 582 1015 966)
 (411 1012 697 1015 967) (251 1013 698 1015 968) (583 969 1014 1016 1018 699)
 (970 66 1010 700) (701 971 1020 1011 584) (1020 702 412 972 1012)
 (1013 703 252 973 1020) (704 585 974 1014 1021 1023) (1020 705 126 975 1015)
 (1025 706 586 976 1016 1021) (1025 707 413 977 1017 1022)
 (1025 708 978 1018 253 1023) (1026 1028 709 587 979 1019 1024)
 (41 710 980 1010) (711 588 981 1011 1030) (1012 1030 712 414 982)
 (1013 713 254 983 1030) (1031 1033 589 714 1014 984) (985 1030 127 715 1015)
 (1031 1035 590 716 1016 986) (1032 1035 415 717 1017 987)
 (1033 1035 718 1018 988 255) (1034 1036 1038 591 719 1019 989)
 (25 1010 720 990) (1011 1040 721 991 592) (1012 992 722 1040 416)
 (993 1040 1013 723 256) (994 593 1043 1014 724 1041) (725 995 1040 1015 128)
 (996 1041 594 1045 1016 726) (997 417 1042 1045 1017 727)
 (257 998 1043 1045 1018 728) (999 595 1044 1046 1048 1019 729)
 (67 1020 730 1040 1000) (1001 1041 596 1050 1021 731)
 (1042 1002 418 1050 1022 732) (733 258 1003 1043 1050 1023)
 (734 1004 1044 597 1051 1053 1024) (1025 735 1005 129 1045 1050)
 (1026 736 1006 1046 1051 1055 598) (1027 737 1007 419 1047 1052 1055)
 (259 1028 738 1008 1048 1053 1055) (1058 1029 739 1009 599 1049 1054 1056)
 (6 740 960) (962 420 741 1060) (963 260 742 1060) (130 1060 965 743)
 (1061 421 1063 967 744) (745 261 1062 1063 968) (746 68 1060 970)
 (1066 747 972 1061 422) (1066 748 973 262 1062) (1066 131 749 1063 975)
 (1064 1067 1069 750 977 423) (263 1065 1068 1069 751 978) (42 980 1060 752)
 (753 1072 1061 982 424) (754 1072 1062 983 264) (985 755 132 1063 1072)
 (1064 1073 1075 756 425 987) (1074 265 1065 1075 757 988) (26 1060 758 990)
 (426 1061 1078 759 992) (993 266 1078 1062 760) (761 995 133 1078 1063)
 (997 1064 1079 1081 762 427) (998 1065 267 1080 1081 763)
 (1066 764 69 1078 1000) (1084 1002 1067 1079 428 765)
 (1068 1003 268 1080 1084 766) (1005 1069 134 1081 1084 767)
 (429 1070 1007 1082 1085 1087 768) (769 269 1071 1008 1083 1086 1087)
 (770 1060 13 1010) (1090 771 1012 1061 430) (1090 772 1013 270 1062)
 (1063 773 1015 135 1090) (1091 1093 774 1064 1017 431)
 (1092 1093 775 1065 271 1018) (1066 1020 1090 70 776)
 (1091 1096 777 1067 1022 432) (1092 1096 778 1068 272 1023)
 (1025 1093 1096 779 1069 136) (433 1027 1094 1097 1099 780 1070)
 (1028 1095 1098 1099 781 1071 273) (1090 43 1072 782 1030)
 (434 1091 1032 1102 783 1073) (1092 1074 1033 1102 784 274)
 (1093 1035 1102 785 1075 137) (435 1094 1037 1103 1105 786 1076)
 (1038 1095 275 1104 1105 787 1077) (1090 27 788 1078 1040)
 (1091 436 1042 1108 789 1079) (1092 276 1043 1108 790 1080)
 (1093 1108 1045 791 1081 138) (437 1094 1111 1109 1047 792 1082)
 (1095 277 1110 1111 1048 793 1083) (1096 1108 1050 794 1084 71)
 (438 1097 1109 1114 795 1052 1085) (1098 278 1114 796 1053 1086 1110)
 (1099 1055 1111 1114 139 797 1087) (1057 439 1100 1112 1115 1117 798 1088)
 (1089 1058 1101 279 1113 1116 1117 799) (3 960 800) (801 961 1120 600)
 (962 802 1120 440) (803 1120 963 280) (601 1121 1123 804 964)
 (965 140 805 1120) (1121 602 1125 806 966) (441 1122 1125 967 807)
 (281 1123 968 1125 808) (1124 1126 1128 809 969 603) (970 810 1120 72)
 (1121 1130 811 604 971) (442 812 972 1130 1122) (282 973 813 1123 1130)
 (1124 1131 1133 814 974 605) (1125 141 975 815 1130)
 (1126 1131 1135 976 816 606) (977 1127 443 1132 1135 817)
 (1128 1133 1135 818 978 283) (1134 1129 979 1136 1138 819 607)
 (44 820 980 1120) (1121 981 1140 821 608) (1122 444 1140 822 982)
 (1140 1123 284 983 823) (609 1124 824 1141 1143 984) (825 985 1140 1125 142)
 (610 1126 1141 826 1145 986) (1127 445 1142 1145 827 987)
 (988 1128 1143 1145 828 285) (611 1129 829 1144 1146 1148 989)
 (1120 28 830 990) (1121 612 991 831 1150) (1150 1122 992 446 832)
 (833 993 1123 286 1150) (1153 834 1124 613 994 1151) (835 1125 995 143 1150)
 (1155 996 614 836 1151 1126) (1155 997 1127 447 837 1152)
 (1153 1155 838 1128 287 998) (1154 1156 839 615 1129 999 1158)
 (73 1130 1000 1150 840) (1160 841 1131 616 1001 1151)
 (1160 842 1132 448 1002 1152) (1153 1160 843 1133 1003 288)
 (1154 1004 617 1163 844 1134 1161) (1155 1160 845 1005 1135 144)
 (1006 1156 1161 618 1165 846 1136) (1137 1157 1162 1165 1007 449 847)
 (289 1158 1163 1165 1008 1138 848) (1009 1159 619 1164 1166 1168 849 1139)
 (850 1120 14 1010) (1121 1170 851 620 1011) (450 852 1012 1170 1122)
 (290 1123 1013 853 1170) (1124 621 1171 1173 854 1014)
 (145 1170 1125 1015 855) (1126 856 622 1171 1175 1016)
 (1127 1017 451 1172 1175 857) (291 1128 1173 1175 1018 858)
 (1129 623 1174 1176 1178 859 1019) (74 860 1020 1170 1130)
 (861 1131 624 1171 1180 1021) (1132 1022 452 1172 1180 862)
 (292 1133 1173 863 1180 1023) (1134 625 1174 864 1181 1183 1024)
 (865 146 1135 1175 1180 1025) (1185 866 1026 1136 626 1176 1181)
 (1185 867 1027 1137 453 1177 1182) (1185 868 293 1138 1028 1178 1183)
 (1186 1188 1029 1139 627 869 1179 1184) (1170 1140 45 870 1030)
 (871 1031 1171 628 1141 1190) (1190 1032 872 1172 1142 454)
 (294 873 1033 1173 1143 1190) (1191 1193 874 1034 629 1174 1144)
 (147 1190 1035 1175 1145 875) (1036 1191 1195 876 630 1176 1146)
 (1192 877 1195 1037 455 1177 1147) (295 1193 1195 878 1038 1178 1148)
 (1194 1196 1198 1039 879 631 1179 1149) (1170 1040 29 1150 880)
 (1041 1200 881 1171 632 1151) (1042 1200 882 1172 456 1152)
 (1153 296 1043 1200 883 1173) (1154 1201 1203 884 1174 1044 633)
 (1155 148 1200 1045 1175 885) (1156 1201 1205 886 1176 634 1046)
 (1157 887 1202 1177 1205 1047 457) (1158 297 888 1203 1205 1048 1178)
 (1159 1049 1204 1206 1208 889 635 1179) (75 1160 1200 1050 890 1180)
 (1161 1201 1210 891 636 1181 1051) (1052 1162 1202 1210 458 892 1182)
 (1053 298 1163 1203 1210 893 1183) (1213 1164 1054 1204 1211 637 894 1184)
 (1185 149 1165 1205 895 1210 1055) (1186 1166 1206 1211 896 638 1215 1056)
 (897 1057 1187 1167 1207 459 1212 1215)
 (898 1188 1058 299 1168 1208 1213 1215)
 (1218 899 1189 1059 1169 1209 1214 639 1216) (1120 7 900 1060)
 (1061 460 901 1220 1122) (1123 300 1220 902 1062) (1063 1220 1125 150 903)
 (1221 1127 1223 1064 904 461) (1222 1223 1128 905 301 1065)
 (906 76 1220 1130 1066) (1221 1226 1067 1132 462 907)
 (1068 1222 1226 908 1133 302) (151 1223 909 1069 1135 1226)
 (1224 1227 1229 910 1070 1137 463) (911 1225 1228 1229 1071 1138 303)
 (1140 1072 1220 46 912) (1073 1221 1232 913 1142 464)
 (1222 1074 1232 914 1143 304) (1223 152 1075 1232 915 1145)
 (465 1224 1233 1235 916 1076 1147) (1225 305 1234 1235 1077 917 1148)
 (1150 1078 1220 918 30) (466 1221 919 1238 1079 1152)
 (1153 1222 920 306 1238 1080) (1155 1223 153 1081 1238 921)
 (467 1157 1224 1239 1082 1241 922) (1158 1225 307 1240 1241 1083 923)
 (1084 77 1160 1226 1238 924) (468 925 1227 1239 1162 1244 1085)
 (1163 1228 1086 308 1240 1244 926) (1165 154 1229 927 1241 1244 1087)
 (469 1230 1167 1242 928 1245 1247 1088)
 (929 1089 1231 1168 309 1243 1246 1247) (1170 930 1220 15 1090)
 (1250 931 1221 470 1091 1172) (1250 1092 1222 932 1173 310)
 (1250 1093 1223 155 1175 933) (1251 1253 934 471 1224 1177 1094)
 (1252 1253 935 1095 1225 311 1178) (1250 78 1096 1226 936 1180)
 (1251 472 937 1227 1256 1097 1182) (1252 312 1256 938 1228 1098 1183)
 (1185 1253 1256 939 156 1229 1099) (1187 940 1254 473 1259 1100 1230 1257)
 (1188 1255 941 1259 1101 1231 1258 313) (1250 1102 1190 942 1232 47)
 (1251 1192 474 1262 1103 1233 943) (1252 1193 1262 1104 1234 314 944)
 (1105 1253 1195 157 1262 945 1235) (1254 1106 475 1197 1263 1265 946 1236)
 (1255 1107 1198 1265 947 1237 315 1264) (1250 31 1200 1108 1238 948)
 (1251 476 1202 1268 1109 1239 949) (1252 1203 1268 950 1240 316 1110)
 (1253 951 158 1268 1205 1111 1241) (1254 952 477 1269 1271 1207 1112 1242)
 (1255 1113 1270 1271 1208 953 1243 317) (79 1256 1114 1268 1210 954 1244)
 (1257 478 1269 1274 955 1212 1245 1115)
 (956 1258 1246 1270 1274 1116 1213 318)
 (957 1259 159 1215 1271 1274 1117 1247)
 (1217 1260 479 1118 1272 1275 1277 958 1248)
 (1249 1218 959 1261 319 1273 1276 1277 1119) NIL (1280 640) (1280 320)
 (642 1281 1282) (1280 80) (645 1281 1284) (1284 1282 321) (647 1285 1283 1286)
 (1280 48) (650 1288 1281) (1288 322 1282) (652 1289 1290 1283) (81 1288 1284)
 (1289 655 1285 1292) (1292 323 1290 1286) (1287 657 1294 1291 1293) (1280 32)
 (1281 660 1296) (1296 1282 324) (1297 1298 1283 662) (82 1284 1296)
 (1297 665 1300 1285) (325 1298 1300 1286) (1287 1301 1299 667 1302) (1280 16)
 (1304 1281 670) (1304 326 1282) (672 1305 1306 1283) (1304 1284 83)
 (1305 675 1285 1308) (1308 327 1306 1286) (1287 1309 1307 677 1310)
 (1288 49 1304) (680 1305 1289 1312) (1306 1312 1290 328)
 (682 1313 1307 1291 1314) (1308 1312 84 1292) (1293 1309 1313 685 1316)
 (1294 1316 1314 329 1310) (1317 1318 687 1295 1311 1315) (1280 8)
 (1281 690 1320) (1320 1282 330) (1321 1322 1283 692) (85 1284 1320)
 (1321 695 1324 1285) (331 1322 1324 1286) (1287 1325 1323 697 1326)
 (1288 50 1320) (1321 1328 1289 700) (332 1328 1290 1322)
 (1329 702 1323 1291 1330) (86 1324 1328 1292) (1293 1325 1332 705 1329)
 (1294 333 1332 1326 1330) (707 1331 1327 1295 1333 1334) (1320 33 1296)
 (1297 710 1336 1321) (1298 334 1336 1322) (1337 1338 1299 712 1323)
 (1324 87 1300 1336) (1337 1325 1340 1301 715) (1338 1340 335 1302 1326)
 (1327 717 1303 1339 1341 1342) (1304 17 1320) (1321 720 1305 1344)
 (1322 1344 1306 336) (1345 1346 1323 722 1307) (1324 88 1344 1308)
 (1309 725 1348 1325 1345) (1310 1348 1326 337 1346)
 (1347 1349 1350 1327 1311 727) (1328 1312 1344 51) (1329 1345 1313 730 1352)
 (1330 1352 1314 1346 338) (1347 1353 1354 1331 1315 732)
 (1352 1348 1332 89 1316) (1317 735 1349 1353 1356 1333)
 (339 1318 1350 1354 1356 1334) (1319 737 1351 1355 1357 1358 1335) (1280 4)
 (740 1281 1360) (1360 1282 340) (1361 1362 741 1283) (90 1284 1360)
 (1361 1364 743 1285) (341 1362 1364 1286) (1287 1363 1365 1366 744)
 (1288 52 1360) (1361 746 1289 1368) (342 1368 1290 1362)
 (1369 1370 747 1363 1291) (1368 91 1364 1292) (1293 1365 1372 749 1369)
 (1294 343 1372 1366 1370) (1367 1371 1373 750 1374 1295) (34 1360 1296)
 (1297 1361 1376 752) (1376 1298 344 1362) (753 1377 1299 1363 1378)
 (1364 1300 92 1376) (1377 1365 755 1380 1301) (1378 1380 345 1302 1366)
 (1367 1303 1379 756 1381 1382) (18 1304 1360) (1361 1305 758 1384)
 (1362 1384 1306 346) (1385 1386 1363 759 1307) (1384 1364 93 1308)
 (1309 761 1388 1365 1385) (1310 1388 1366 347 1386)
 (1367 1390 762 1311 1389 1387) (1384 1312 53 1368) (1369 1385 764 1313 1392)
 (1370 1392 1386 1314 348) (1393 1394 1371 1387 765 1315)
 (1388 1392 1372 94 1316) (1317 1393 1396 1373 1389 767)
 (1318 1396 1394 1374 349 1390) (1319 1397 1398 1395 1375 1391 768)
 (9 1360 1320) (1321 770 1361 1400) (1322 1400 1362 350)
 (1401 1402 1323 1363 771) (1364 1324 95 1400) (1401 773 1404 1325 1365)
 (1402 351 1404 1326 1366) (774 1367 1403 1405 1406 1327) (1368 1400 54 1328)
 (1329 1369 1408 1401 776) (1330 352 1402 1408 1370)
 (777 1403 1409 1410 1331 1371) (1372 1404 1332 1408 96)
 (1405 779 1373 1409 1412 1333) (1406 1374 1410 1412 1334 353)
 (780 1407 1411 1413 1375 1335 1414) (1400 1376 35 1336)
 (1337 1377 1416 782 1401) (1338 1402 1416 354 1378)
 (1403 783 1379 1417 1418 1339) (97 1380 1340 1404 1416)
 (1405 785 1381 1417 1420 1341) (1406 1382 1418 1420 1342 355)
 (1407 786 1383 1419 1421 1422 1343) (1400 19 1384 1344)
 (1345 1385 788 1424 1401) (1346 1424 1386 1402 356)
 (1425 1426 1347 1403 789 1387) (1388 98 1348 1404 1424)
 (1425 1428 1349 1405 791 1389) (357 1426 1428 1350 1406 1390)
 (1427 1429 1430 1351 1407 792 1391) (55 1408 1392 1424 1352)
 (1425 1393 1432 1353 1409 794) (1394 1432 1354 1410 358 1426)
 (1395 1433 1434 1355 1427 1411 795) (1428 1432 1356 1412 1396 99)
 (1429 1433 1436 1357 1413 1397 797) (359 1430 1434 1436 1358 1414 1398)
 (1431 1399 1435 1437 1438 1359 1415 798) (1280 2) (1440 1281 800)
 (1440 1282 360) (1441 802 1283 1442) (100 1284 1440) (1441 1444 805 1285)
 (361 1442 1444 1286) (1287 1443 1445 1446 807) (1288 56 1440)
 (1441 810 1289 1448) (362 1448 1290 1442) (1449 1450 1443 812 1291)
 (1444 101 1448 1292) (1293 1449 1452 1445 815) (1294 363 1452 1446 1450)
 (1447 1451 1453 1454 817 1295) (36 1440 1296) (1297 1441 820 1456)
 (1298 364 1456 1442) (1457 1443 1299 822 1458) (1300 1456 102 1444)
 (825 1445 1460 1301 1457) (1458 1460 365 1302 1446)
 (1447 1303 1459 1461 1462 827) (1304 20 1440) (1441 1305 830 1464)
 (1442 1464 1306 366) (1465 1466 1443 1307 832) (1444 1464 103 1308)
 (1309 1465 835 1468 1445) (1310 1468 1446 367 1466)
 (837 1447 1470 1311 1469 1467) (1312 57 1464 1448) (1449 1465 1472 1313 840)
 (1450 1466 1472 1314 368) (1473 1474 842 1451 1467 1315)
 (1472 104 1452 1468 1316) (1317 1473 1476 845 1453 1469)
 (1318 1476 1474 1454 369 1470) (1319 1477 1478 1475 1455 847 1471)
 (10 1440 1320) (1321 850 1441 1480) (1480 1322 1442 370)
 (1481 1482 1323 852 1443) (105 1480 1324 1444) (1481 1445 1484 1325 855)
 (1482 371 1484 1326 1446) (1447 1483 1485 1486 1327 857) (1480 1448 58 1328)
 (1329 1449 860 1481 1488) (1488 1330 372 1482 1450)
 (1451 862 1489 1490 1331 1483) (1484 106 1488 1332 1452)
 (865 1485 1453 1489 1492 1333) (1486 1454 1490 1492 1334 373)
 (867 1487 1491 1493 1455 1335 1494) (37 1480 1456 1336)
 (1337 1457 870 1481 1496) (1338 1496 1482 374 1458)
 (872 1483 1459 1497 1498 1339) (1484 1496 107 1340 1460)
 (875 1485 1461 1497 1500 1341) (1486 1462 1498 1500 1342 375)
 (877 1487 1463 1499 1501 1502 1343) (1480 1464 21 1344)
 (1345 1465 1504 1481 880) (1504 1346 1466 1482 376)
 (1505 1506 1347 1483 882 1467) (1484 1504 1348 108 1468)
 (1505 1508 1349 1485 885 1469) (377 1506 1508 1350 1486 1470)
 (1507 1509 1510 1351 1487 887 1471) (1488 1504 1472 59 1352)
 (1505 1473 1512 1353 1489 890) (1474 1506 1512 1354 1490 378)
 (1507 1513 1514 1355 1475 1491 892) (1492 1476 1512 1356 1508 109)
 (1477 1513 1516 1357 1493 1509 895) (379 1510 1514 1516 1358 1494 1478)
 (897 1479 1511 1515 1517 1518 1359 1495) (5 1440 1360) (1361 1441 900 1520)
 (1362 380 1520 1442) (1521 1522 1363 901 1443) (1520 1364 110 1444)
 (1521 1445 1524 1365 903) (1522 1524 381 1366 1446)
 (1367 1447 904 1523 1525 1526) (1520 60 1448 1368) (1369 906 1528 1449 1521)
 (1370 1522 1528 382 1450) (1451 907 1523 1529 1530 1371)
 (1524 1372 1528 111 1452) (1373 909 1453 1525 1529 1532)
 (383 1374 1454 1526 1530 1532) (910 1455 1375 1527 1531 1533 1534)
 (38 1456 1520 1376) (1377 1457 1536 1521 912) (1378 1458 1536 1522 384)
 (1537 1459 1538 1523 913 1379) (1524 1380 1460 1536 112)
 (1537 1540 915 1461 1381 1525) (1538 1540 385 1526 1462 1382)
 (1539 1541 1463 1383 916 1527 1542) (1520 1464 22 1384)
 (1385 1465 1544 918 1521) (1386 1544 1466 1522 386)
 (1545 1546 1523 919 1387 1467) (113 1524 1544 1388 1468)
 (1545 1389 1548 1525 921 1469) (1546 387 1548 1470 1526 1390)
 (1547 1549 1550 1391 1527 922 1471) (61 1528 1544 1472 1392)
 (1393 1473 1545 1552 1529 924) (1394 1474 1546 388 1552 1530)
 (1395 1547 1475 1553 1554 1531 925) (114 1476 1548 1552 1396 1532)
 (1477 1549 1553 1556 1397 1533 927) (1398 389 1550 1554 1556 1534 1478)
 (1399 1479 1551 1555 1557 1558 1535 928) (1520 11 1480 1400)
 (1401 930 1560 1481 1521) (1402 1560 1522 390 1482)
 (931 1403 1523 1561 1562 1483) (1484 1524 115 1404 1560)
 (933 1485 1405 1525 1561 1564) (1406 391 1486 1526 1562 1564)
 (934 1487 1407 1527 1563 1565 1566) (62 1560 1488 1528 1408)
 (1489 936 1409 1529 1561 1568) (1490 392 1410 1562 1530 1568)
 (1569 1570 937 1491 1411 1531 1563) (1564 1412 1492 116 1532 1568)
 (1569 1572 1533 939 1493 1413 1565) (1570 1572 1566 393 1414 1534 1494)
 (1571 1573 1415 940 1567 1495 1535 1574) (1536 39 1496 1560 1416)
 (1537 1576 942 1497 1417 1561) (1538 1576 394 1498 1418 1562)
 (1539 1577 1578 943 1563 1419 1499) (1420 1540 117 1576 1564 1500)
 (1541 1577 1565 1580 945 1501 1421) (1542 1578 1580 1502 1422 395 1566)
 (1543 1581 1579 1567 1582 946 1423 1503) (1544 1504 1560 23 1424)
 (1425 1505 1545 1584 948 1561) (1426 1506 1546 1584 396 1562)
 (1427 1547 1507 1585 1586 949 1563) (1508 118 1548 1584 1428 1564)
 (1509 1549 1585 1588 951 1429 1565) (1430 1550 1586 1588 397 1566 1510)
 (1431 1511 1551 1587 1589 1590 952 1567) (1512 1432 1584 63 1552 1568)
 (1569 1585 1433 1553 1513 1592 954) (1570 1554 1434 1592 1586 398 1514)
 (1571 1435 1555 1587 1593 1594 955 1515) (1436 119 1516 1588 1556 1572 1592)
 (1573 1517 1437 1557 1593 1589 1596 957)
 (1574 1438 1518 1558 399 1594 1596 1590)
 (1559 1575 1519 1598 1439 1591 1595 1597 958) (1280 1) (1600 1281 960)
 (1600 1282 400) (1601 962 1283 1602) (1600 1284 120) (1601 1604 965 1285)
 (401 1602 1604 1286) (1287 1603 1605 1606 967) (1288 1600 64)
 (1601 970 1289 1608) (402 1608 1290 1602) (1609 1610 1603 972 1291)
 (121 1604 1608 1292) (1293 1609 1612 1605 975) (1294 403 1612 1606 1610)
 (1607 1611 1613 1614 977 1295) (40 1600 1296) (1297 1601 980 1616)
 (1298 404 1616 1602) (1603 1617 1299 982 1618) (122 1300 1604 1616)
 (985 1605 1620 1301 1617) (1618 1620 405 1302 1606)
 (1607 1303 1619 1621 1622 987) (1304 1600 24) (1601 1305 990 1624)
 (1602 1624 1306 406) (1625 1626 1603 1307 992) (123 1604 1624 1308)
 (1309 1625 995 1628 1605) (1310 1628 1606 407 1626)
 (997 1607 1630 1311 1629 1627) (65 1312 1624 1608) (1609 1625 1632 1313 1000)
 (1610 1626 1632 1314 408) (1633 1634 1002 1611 1627 1315)
 (1628 1632 124 1612 1316) (1317 1633 1636 1005 1613 1629)
 (1318 1636 1634 409 1614 1630) (1635 1637 1638 1319 1615 1007 1631)
 (12 1600 1320) (1321 1010 1601 1640) (1322 1602 1640 410)
 (1641 1642 1323 1012 1603) (1324 125 1604 1640) (1641 1605 1644 1325 1015)
 (1642 411 1644 1326 1606) (1607 1643 1645 1646 1327 1017) (66 1608 1640 1328)
 (1329 1609 1020 1641 1648) (1330 412 1648 1642 1610)
 (1611 1022 1649 1650 1331 1643) (1648 1332 126 1612 1644)
 (1025 1645 1613 1649 1652 1333) (413 1646 1614 1650 1652 1334)
 (1027 1647 1651 1653 1615 1335 1654) (41 1616 1640 1336)
 (1337 1617 1641 1030 1656) (1338 1656 1642 414 1618)
 (1032 1643 1619 1657 1658 1339) (1620 1340 1656 127 1644)
 (1035 1645 1621 1657 1660 1341) (1646 415 1622 1658 1660 1342)
 (1037 1647 1623 1659 1661 1662 1343) (25 1624 1640 1344)
 (1345 1625 1664 1641 1040) (1346 1626 1642 1664 416)
 (1665 1666 1347 1643 1042 1627) (1664 1348 1644 1628 128)
 (1665 1668 1349 1645 1045 1629) (1666 1668 1350 1646 417 1630)
 (1667 1669 1670 1351 1647 1047 1631) (1664 67 1632 1648 1352)
 (1633 1665 1672 1353 1649 1050) (1634 1666 1672 1354 1650 418)
 (1667 1673 1674 1355 1635 1651 1052) (1668 1672 1356 129 1652 1636)
 (1637 1673 1676 1357 1653 1669 1055) (1670 1674 1676 1358 419 1654 1638)
 (1057 1639 1671 1675 1677 1678 1359 1655) (6 1600 1360) (1361 1601 1060 1680)
 (1680 1362 420 1602) (1681 1682 1363 1061 1603) (130 1364 1604 1680)
 (1681 1605 1684 1365 1063) (1682 1684 421 1366 1606)
 (1367 1607 1064 1683 1685 1686) (1680 68 1608 1368) (1369 1066 1609 1681 1688)
 (1370 1688 1682 422 1610) (1067 1611 1683 1689 1690 1371)
 (1684 131 1372 1612 1688) (1373 1069 1685 1689 1692 1613)
 (1374 1614 1686 423 1690 1692) (1070 1615 1375 1687 1691 1693 1694)
 (1680 42 1616 1376) (1377 1617 1696 1681 1072) (1378 1618 1696 1682 424)
 (1697 1698 1619 1683 1073 1379) (1684 132 1380 1620 1696)
 (1697 1700 1075 1621 1381 1685) (1698 1700 1686 425 1622 1382)
 (1699 1701 1623 1383 1076 1687 1702) (1680 26 1624 1384)
 (1385 1625 1078 1681 1704) (1386 1626 1704 1682 426)
 (1705 1706 1683 1079 1387 1627) (1684 1388 133 1628 1704)
 (1705 1389 1708 1685 1081 1629) (1706 1708 1630 1686 427 1390)
 (1707 1709 1710 1391 1687 1082 1631) (1688 1704 1632 69 1392)
 (1393 1633 1705 1712 1689 1084) (1394 1634 1706 1712 1690 428)
 (1395 1707 1635 1713 1714 1691 1085) (1396 1708 1712 1636 134 1692)
 (1637 1709 1713 1716 1397 1693 1087) (1398 1710 1714 1716 429 1694 1638)
 (1399 1639 1711 1715 1717 1718 1695 1088) (1680 1640 13 1400)
 (1401 1090 1641 1681 1720) (1402 1720 1682 430 1642)
 (1091 1643 1683 1721 1722 1403) (1684 1720 1404 135 1644)
 (1093 1645 1405 1685 1721 1724) (1406 1646 1686 1722 1724 431)
 (1094 1647 1407 1687 1723 1725 1726) (1688 1720 1648 70 1408)
 (1649 1096 1409 1689 1721 1728) (1650 1410 1722 1690 432 1728)
 (1729 1730 1097 1651 1411 1723 1691) (1724 1728 1412 136 1692 1652)
 (1729 1732 1725 1099 1653 1413 1693) (433 1730 1732 1694 1414 1726 1654)
 (1731 1733 1415 1100 1695 1655 1727 1734) (1696 1720 43 1656 1416)
 (1697 1736 1102 1657 1721 1417) (1698 1736 434 1722 1658 1418)
 (1699 1737 1738 1103 1659 1723 1419) (1700 1736 1660 1724 137 1420)
 (1701 1737 1421 1740 1725 1105 1661) (435 1740 1702 1738 1662 1422 1726)
 (1703 1739 1741 1742 1106 1663 1423 1727) (1720 1704 27 1664 1424)
 (1425 1665 1705 1744 1108 1721) (1426 436 1666 1706 1744 1722)
 (1427 1707 1667 1745 1746 1109 1723) (1668 1708 1744 1428 138 1724)
 (1669 1709 1745 1748 1111 1429 1725) (437 1430 1710 1746 1748 1726 1670)
 (1431 1671 1711 1747 1749 1750 1112 1727) (1672 1432 1712 1744 71 1728)
 (1729 1713 1433 1745 1673 1752 1114) (1730 438 1714 1434 1752 1746 1674)
 (1731 1435 1747 1715 1753 1754 1115 1675) (1732 1436 1676 1748 1716 1752 139)
 (1733 1677 1437 1749 1753 1717 1756 1117)
 (1734 439 1438 1678 1750 1754 1756 1718)
 (1751 1735 1679 1758 1439 1719 1755 1757 1118) (3 1600 1440)
 (1441 1601 1760 1120) (1442 1602 1760 440) (1761 1122 1443 1603 1762)
 (140 1444 1604 1760) (1761 1125 1764 1445 1605) (441 1762 1764 1446 1606)
 (1763 1765 1127 1607 1447 1766) (1760 72 1608 1448) (1449 1130 1609 1761 1768)
 (1450 1610 1768 1762 442) (1763 1769 1770 1451 1132 1611)
 (1764 1452 141 1612 1768) (1765 1769 1453 1772 1613 1135)
 (1766 1770 443 1772 1454 1614) (1767 1771 1773 1774 1615 1137 1455)
 (1760 44 1616 1456) (1457 1617 1140 1761 1776) (1458 1776 444 1762 1618)
 (1763 1459 1777 1778 1619 1142) (1764 1460 142 1620 1776)
 (1765 1777 1780 1621 1145 1461) (1766 445 1778 1780 1462 1622)
 (1463 1767 1779 1781 1782 1623 1147) (1760 28 1624 1464)
 (1465 1625 1150 1761 1784) (1466 1784 446 1762 1626)
 (1763 1785 1786 1467 1627 1152) (1628 1764 1468 143 1784)
 (1155 1765 1469 1785 1788 1629) (1766 447 1630 1786 1788 1470)
 (1157 1767 1471 1787 1789 1790 1631) (73 1784 1768 1632 1472)
 (1473 1633 1160 1769 1785 1792) (1474 1634 1770 448 1786 1792)
 (1793 1794 1475 1162 1771 1635 1787) (144 1476 1772 1636 1788 1792)
 (1793 1796 1477 1165 1773 1637 1789) (1794 1796 1478 1774 449 1790 1638)
 (1795 1797 1479 1639 1775 1167 1791 1798) (1760 1640 14 1480)
 (1481 1170 1641 1761 1800) (1482 1642 1800 1762 450)
 (1763 1801 1802 1483 1172 1643) (145 1764 1484 1800 1644)
 (1765 1801 1485 1804 1645 1175) (1766 1802 1804 1486 1646 451)
 (1767 1803 1805 1806 1647 1487 1177) (74 1768 1648 1800 1488)
 (1649 1801 1808 1489 1769 1180) (1650 1802 1808 1490 452 1770)
 (1771 1491 1809 1810 1651 1803 1182) (146 1804 1772 1808 1492 1652)
 (1185 1773 1805 1809 1812 1653 1493) (1806 1774 1810 1812 453 1494 1654)
 (1187 1495 1807 1811 1813 1775 1655 1814) (1776 1656 45 1800 1496)
 (1190 1801 1777 1657 1816 1497) (1802 1778 1658 454 1816 1498)
 (1192 1803 1779 1817 1818 1499 1659) (147 1660 1804 1780 1816 1500)
 (1501 1195 1805 1781 1817 1820 1661) (1806 1662 1782 455 1818 1820 1502)
 (1197 1807 1503 1783 1819 1821 1822 1663) (1784 1664 29 1800 1504)
 (1505 1665 1801 1200 1785 1824) (1506 1666 1802 456 1786 1824)
 (1825 1826 1507 1803 1667 1202 1787) (1668 1804 148 1508 1788 1824)
 (1825 1828 1509 1805 1205 1669 1789) (1826 1828 1510 1806 457 1790 1670)
 (1827 1829 1511 1671 1807 1207 1791 1830) (75 1672 1512 1808 1824 1792)
 (1793 1825 1832 1513 1809 1673 1210) (1794 1826 1514 1832 1810 1674 458)
 (1795 1833 1834 1515 1827 1811 1212 1675) (1828 149 1832 1676 1516 1812 1796)
 (1797 1833 1517 1836 1677 1813 1829 1215)
 (1798 1834 1836 1518 1678 1814 459 1830)
 (1217 1831 1799 1835 1837 1838 1679 1519 1815) (7 1680 1760 1520)
 (1521 1681 1220 1761 1840) (1522 460 1840 1762 1682)
 (1763 1221 1683 1841 1842 1523) (1684 1764 1524 150 1840)
 (1765 1223 1841 1844 1685 1525) (1766 1842 1844 1526 461 1686)
 (1527 1767 1224 1843 1845 1846 1687) (1688 1768 76 1840 1528)
 (1769 1226 1841 1689 1848 1529) (1770 1842 1690 1848 1530 462)
 (1771 1227 1843 1849 1850 1531 1691) (1532 151 1772 1844 1848 1692)
 (1229 1773 1693 1845 1849 1852 1533) (1774 1694 1846 1850 1852 1534 463)
 (1230 1775 1535 1847 1851 1853 1854 1695) (1776 1696 1840 46 1536)
 (1537 1697 1777 1232 1841 1856) (1538 1778 1698 1842 464 1856)
 (1857 1858 1539 1843 1699 1233 1779) (1540 1700 1844 152 1780 1856)
 (1541 1857 1860 1701 1235 1781 1845) (465 1858 1860 1542 1846 1702 1782)
 (1859 1861 1543 1703 1862 1236 1783 1847) (1784 1704 1840 30 1544)
 (1864 1545 1841 1705 1238 1785) (466 1864 1546 1842 1706 1786)
 (1865 1866 1547 1843 1239 1787 1707) (1548 1864 153 1708 1844 1788)
 (1865 1549 1868 1709 1845 1241 1789) (467 1866 1868 1550 1710 1846 1790)
 (1867 1869 1870 1711 1551 1847 1242 1791) (77 1864 1712 1848 1552 1792)
 (1793 1713 1865 1872 1553 1849 1244) (1794 468 1714 1866 1872 1554 1850)
 (1795 1867 1715 1873 1874 1555 1851 1245) (1556 1796 154 1868 1872 1716 1852)
 (1797 1869 1873 1876 1717 1557 1853 1247)
 (469 1798 1870 1874 1876 1558 1854 1718)
 (1559 1799 1871 1875 1877 1878 1719 1855 1248) (1720 1800 1840 15 1560)
 (1250 1801 1841 1721 1880 1561) (470 1802 1842 1722 1880 1562)
 (1251 1803 1843 1881 1882 1563 1723) (1564 155 1804 1844 1880 1724)
 (1253 1725 1805 1845 1881 1884 1565) (471 1806 1726 1846 1882 1884 1566)
 (1254 1807 1567 1847 1883 1885 1886 1727) (78 1880 1808 1848 1568 1728)
 (1569 1729 1256 1809 1881 1849 1888) (1570 1730 472 1810 1850 1882 1888)
 (1889 1890 1571 1257 1731 1811 1883 1851) (1732 1812 156 1572 1884 1852 1888)
 (1889 1892 1733 1885 1259 1813 1573 1853)
 (1890 1892 1574 473 1886 1814 1854 1734)
 (1891 1893 1575 1735 1260 1855 1815 1887 1894) (1736 1816 47 1880 1576 1856)
 (1857 1896 1577 1262 1737 1817 1881) (1858 474 1896 1578 1738 1882 1818)
 (1859 1897 1898 1579 1263 1739 1819 1883) (1580 1896 1740 157 1860 1820 1884)
 (1861 1897 1581 1900 1741 1265 1885 1821)
 (1862 1898 475 1900 1582 1742 1886 1822)
 (1863 1823 1899 1901 1902 1743 1266 1583 1887) (1864 31 1744 1880 1584 1824)
 (1825 1745 1865 1904 1585 1268 1881) (1826 1746 1866 476 1904 1586 1882)
 (1827 1867 1747 1905 1906 1587 1269 1883) (1588 1828 1868 158 1904 1748 1884)
 (1829 1869 1905 1908 1749 1271 1589 1885)
 (1830 477 1870 1906 1908 1590 1886 1750)
 (1591 1831 1871 1907 1909 1910 1751 1272 1887)
 (79 1832 1592 1872 1752 1904 1888) (1889 1905 1833 1873 1753 1912 1593 1274)
 (1890 1906 1834 1912 478 1874 1754 1594)
 (1891 1835 1907 1275 1875 1913 1914 1595 1755)
 (1596 1908 1892 1836 159 1876 1912 1756)
 (1893 1277 1837 1597 1877 1913 1909 1916 1757)
 (1894 1838 479 1758 1878 1914 1916 1598 1910)
 (1911 1895 1839 1918 1599 1879 1915 1917 1278 1759) NIL (1920 1280) (1920 640)
 (1921 1281 1922) (1920 480) (641 1924 1922) (1920 320) (1921 1282 1926)
 (642 1922 1926) (1927 1928 1283 1923) (1920 160) (1930 1922 643)
 (1924 481 1930) (1931 1932 1925 644) (1920 80) (1934 1921 1284)
 (645 1934 1922) (1935 1936 1285 1923) (1924 482 1934) (646 1925 1936 1938)
 (1934 321 1926) (1927 1935 1940 1286) (1928 647 1936 1940)
 (1287 1941 1929 1937 1942) (1934 161 1930) (1931 1936 648 1944)
 (1932 1944 1938 483) (1945 1933 649 1946 1939) (1920 32) (1921 1948 1296)
 (1948 1922 660) (1297 1949 1923 1950) (1924 1948 488) (1950 1925 1952 661)
 (1948 324 1926) (1927 1298 1954 1949) (1928 1950 1954 662)
 (1929 1951 1299 1955 1956) (1948 164 1930) (1931 663 1958 1950)
 (1932 489 1952 1958) (664 1933 1960 1953 1959) (1934 82 1948)
 (1949 1935 1300 1962) (1950 665 1936 1962) (1301 1951 1937 1963 1964)
 (1952 490 1938 1962) (1966 666 1953 1939 1964) (325 1962 1954 1940)
 (1941 1963 1968 1302 1955) (1942 1964 667 1968 1956)
 (1965 1969 1970 1303 1943 1957) (1958 1944 1962 165) (1959 1972 1945 668 1964)
 (1966 1960 491 1946 1972) (1967 669 1973 1974 1947 1961) (1920 8)
 (1921 1976 1320) (1976 1922 690) (1321 1977 1923 1978) (1924 1976 500)
 (1978 1925 1980 691) (1976 330 1926) (1927 1322 1982 1977)
 (1928 1982 1978 692) (1929 1979 1323 1983 1984) (1976 170 1930)
 (1931 693 1986 1978) (1932 501 1980 1986) (694 1933 1988 1981 1987)
 (85 1934 1976) (1977 1935 1324 1990) (1978 695 1936 1990)
 (1325 1979 1937 1991 1992) (1980 502 1938 1990) (1994 696 1981 1939 1992)
 (331 1982 1990 1940) (1941 1996 1991 1326 1983) (1996 1942 1992 697 1984)
 (1993 1997 1998 1327 1943 1985) (1986 1944 1990 171) (1987 2000 1945 698 1992)
 (1994 1988 503 1946 2000) (1995 2001 2002 1947 1989 699) (1976 33 1948)
 (1949 1977 2004 1336) (1950 2004 1978 710) (1337 1951 2005 1979 2006)
 (2004 508 1980 1952) (1981 711 1953 2006 2008) (2004 334 1954 1982)
 (1338 2005 1983 1955 2010) (2010 1984 712 2006 1956)
 (2007 1985 2011 2012 1957 1339) (1958 2004 1986 174) (1959 2014 713 1987 2006)
 (1988 509 1960 2014 2008) (1961 714 2009 2015 2016 1989) (87 2004 1962 1990)
 (2018 1340 2005 1991 1963) (2018 1992 2006 715 1964)
 (1965 1993 2007 2019 2020 1341) (2008 1966 510 2018 1994)
 (1967 1995 716 2009 2020 2022) (1996 2010 1968 335 2018)
 (1997 2011 1969 2019 1342 2024) (1970 1998 717 2012 2020 2024)
 (2025 2026 1971 1999 2013 2021 1343) (2018 175 2000 2014 1972)
 (2001 2028 1973 718 2015 2020) (2028 1974 511 2016 2022 2002)
 (2029 2030 1975 719 2017 2003 2023) (1920 4) (1921 2032 1360) (740 1922 2032)
 (1361 2033 1923 2034) (2032 340 1926) (1927 1362 2036 2033)
 (1928 2036 741 2034) (2037 1929 2035 1363 2038) (2032 180 1930)
 (1931 2034 742 2040) (1934 2032 90) (2033 2042 1935 1364) (2034 1936 743 2042)
 (1365 2035 2044 1937 2043) (341 2042 2036 1940) (1941 2043 2037 1366 2046)
 (1942 2044 2038 2046 744) (1367 1943 2039 2045 2047 2048) (2042 1944 181 2040)
 (745 2041 2044 1945 2050) (2032 34 1948) (1949 2033 2052 1376)
 (1950 2052 2034 752) (1377 1951 2053 2035 2054) (2052 2036 344 1954)
 (1378 2056 2037 1955 2053) (753 2056 2054 2038 1956)
 (2055 2057 2058 1379 2039 1957) (2052 1958 2040 184) (2041 754 1959 2060 2054)
 (2052 2042 92 1962) (2043 1380 2053 2062 1963) (755 2044 2062 2054 1964)
 (1965 2055 2063 2064 1381 2045) (2062 1968 345 2046 2056)
 (1969 2057 2063 2066 1382 2047) (1970 2058 2064 2066 756 2048)
 (2049 1971 2059 2065 2067 2068 1383) (185 2050 2060 2062 1972)
 (2051 1973 2061 2064 757 2070) (9 2032 1976) (1977 2033 2072 1400)
 (1978 2072 2034 770) (1401 2073 1979 2035 2074) (350 2036 1982 2072)
 (2073 1402 2076 2037 1983) (2074 771 2076 2038 1984)
 (1403 2039 1985 2075 2077 2078) (1986 2072 190 2040) (2041 2074 1987 772 2080)
 (2042 1990 95 2072) (2073 2082 2043 1404 1991) (2082 2074 2044 773 1992)
 (1993 2083 2084 1405 2075 2045) (2076 2082 351 1996 2046)
 (2083 1997 2086 1406 2077 2047) (2084 2086 1998 774 2078 2048)
 (2049 2085 2087 1999 2088 1407 2079) (2082 2050 2080 191 2000)
 (2081 2051 2084 775 2001 2090) (2052 2004 35 2072) (2073 2053 2092 2005 1416)
 (2074 2092 2054 2006 782) (2055 2093 2094 2007 1417 2075)
 (2010 2076 2092 354 2056) (2057 2093 2096 2011 1418 2077)
 (2058 2094 783 2096 2012 2078) (2059 2095 2097 2098 2013 1419 2079)
 (194 2060 2092 2014 2080) (2081 2061 2094 784 2100 2015)
 (97 2018 2092 2062 2082) (2083 2093 2063 2102 2019 1420)
 (2084 2094 2064 785 2102 2020) (2085 2021 2095 2065 2103 2104 1421)
 (2086 2096 2066 2102 355 2024) (2025 2087 2097 2067 2103 2106 1422)
 (786 2026 2088 2098 2068 2104 2106) (2027 2089 2099 2069 2105 2107 2108 1423)
 (2028 2090 195 2100 2070 2102) (2029 2091 787 2101 2071 2104 2110) (1920 2)
 (1921 2112 1440) (2112 1922 800) (1441 2113 1923 2114) (1924 2112 520)
 (801 2114 1925 2116) (2112 360 1926) (1927 1442 2113 2118)
 (2114 1928 2118 802) (2119 1929 1443 2115 2120) (2112 200 1930)
 (1931 2114 803 2122) (521 1932 2116 2122) (1933 804 2117 2123 2124)
 (1934 100 2112) (2113 1935 1444 2126) (2114 1936 805 2126)
 (1445 2115 1937 2127 2128) (522 2116 1938 2126) (2130 2117 806 1939 2128)
 (361 2126 2118 1940) (1941 2127 2132 1446 2119) (1942 2128 2132 807 2120)
 (1447 2121 2129 1943 2133 2134) (201 2122 1944 2126) (2123 2128 1945 2136 808)
 (2130 523 2124 1946 2136) (809 2125 2131 1947 2137 2138) (2112 36 1948)
 (1949 2113 2140 1456) (1950 820 2140 2114) (1457 1951 2141 2115 2142)
 (1952 2116 2140 528) (821 2117 1953 2142 2144) (364 2140 1954 2118)
 (1458 2141 2119 1955 2146) (2142 2146 2120 822 1956)
 (2147 2148 2121 1459 1957 2143) (1958 204 2140 2122) (2150 1959 2123 823 2142)
 (529 1960 2124 2150 2144) (2145 2151 2152 2125 824 1961) (2126 2140 1962 102)
 (2154 1460 2141 2127 1963) (825 2154 2128 2142 1964)
 (1965 2155 2156 2129 1461 2143) (2130 1966 2144 2154 530)
 (2145 1967 2156 2158 2131 826) (2146 1968 365 2132 2154)
 (2147 1969 2155 2160 2133 1462) (2148 1970 2156 2160 2134 827)
 (2149 1463 1971 2157 2161 2162 2135) (2154 2136 205 2150 1972)
 (2151 1973 2156 2164 2137 828) (531 2152 1974 2158 2164 2138)
 (2153 1975 2159 2165 2166 2139 829) (10 2112 1976) (1977 2113 2168 1480)
 (2114 1978 2168 850) (1481 2169 1979 2115 2170) (540 1980 2116 2168)
 (2117 851 2172 1981 2170) (370 2168 1982 2118) (2169 1482 2119 1983 2174)
 (2170 852 2120 2174 1984) (2121 1483 1985 2171 2175 2176) (2122 1986 2168 210)
 (2170 1987 853 2123 2178) (2178 1988 541 2172 2124)
 (2179 2180 1989 2125 854 2173) (105 2168 1990 2126) (2169 1484 2127 1991 2182)
 (2170 2128 2182 855 1992) (1993 2183 2184 1485 2129 2171)
 (1994 2182 2172 542 2130) (1995 2184 2186 2131 856 2173)
 (371 1996 2132 2174 2182) (1997 2183 2188 1486 2133 2175)
 (1998 2184 2188 2134 857 2176) (2177 1999 2185 2189 2190 1487 2135)
 (2178 211 2136 2182 2000) (2179 2184 2001 2192 2137 858)
 (2180 2002 543 2192 2186 2138) (2181 2187 2193 2194 2139 859 2003)
 (37 2004 2140 2168) (2169 2141 2196 2005 1496) (2142 2170 2196 2006 870)
 (2007 2197 2198 1497 2171 2143) (548 2144 2172 2196 2008)
 (2145 871 2009 2198 2200 2173) (2010 2196 2174 374 2146)
 (2147 2011 2197 2202 1498 2175) (2148 872 2012 2198 2202 2176)
 (2177 2149 2013 2199 1499 2204 2203) (2150 2178 2196 2014 214)
 (2179 2151 873 2198 2015 2206) (2180 2152 2016 549 2200 2206)
 (2181 2153 874 2201 2017 2207 2208) (2018 107 2196 2182 2154)
 (2210 2183 2155 2197 2019 1500) (2210 2184 875 2156 2198 2020)
 (2211 2212 2185 2021 2157 2199 1501) (2210 2186 2158 550 2200 2022)
 (2212 2214 2187 876 2159 2201 2023) (2210 2188 2160 2202 375 2024)
 (2025 2211 2216 2189 2161 2203 1502) (2026 2212 2216 877 2190 2162 2204)
 (2027 2213 2217 2218 2191 2163 2205 1503) (2210 2028 2192 2164 215 2206)
 (2212 2029 2220 878 2193 2165 2207) (2214 2030 2220 2194 2166 551 2208)
 (2209 2031 2215 2221 2222 879 2195 2167) (5 2112 2032) (2033 2113 2224 1520)
 (2034 900 2224 2114) (1521 2225 2035 2115 2226) (380 2036 2118 2224)
 (2225 1522 2228 2037 2119) (2226 2228 901 2038 2120)
 (2121 2227 1523 2229 2230 2039) (2122 220 2224 2040) (2041 2226 2123 902 2232)
 (2042 2224 110 2126) (2225 2234 2043 1524 2127) (2226 2044 2234 903 2128)
 (2129 2227 1525 2235 2236 2045) (2234 2132 381 2046 2228)
 (2229 1526 2133 2235 2238 2047) (904 2230 2048 2236 2238 2134)
 (2049 2135 2231 1527 2237 2239 2240) (2050 2232 221 2234 2136)
 (2242 2051 905 2233 2137 2236) (38 2052 2140 2224) (2225 2141 2244 2053 1536)
 (2142 2226 2244 2054 912) (1537 2245 2246 2055 2227 2143)
 (2244 2146 384 2228 2056) (1538 2147 2245 2248 2057 2229)
 (2148 2246 2248 2058 913 2230) (1539 2149 2247 2249 2250 2059 2231)
 (2244 2232 2060 2150 224) (2246 2151 2252 2061 914 2233)
 (2244 2154 2234 2062 112) (1540 2245 2155 2254 2063 2235)
 (2246 2156 2254 2064 915 2236) (1541 2247 2157 2255 2256 2065 2237)
 (2248 385 2254 2160 2066 2238) (1542 2249 2255 2161 2258 2067 2239)
 (2258 2250 2256 2162 2068 916 2240) (2241 1543 2251 2259 2257 2163 2260 2069)
 (225 2242 2252 2254 2164 2070) (2243 2253 2256 2165 2262 2071 917)
 (11 2168 2224 2072) (2073 2169 2264 2225 1560) (2264 2074 2226 2170 930)
 (2265 2227 1561 2266 2075 2171) (2264 2228 2076 390 2174)
 (2229 2265 1562 2268 2077 2175) (931 2230 2266 2268 2078 2176)
 (2177 2270 2231 1563 2269 2267 2079) (2264 2178 2232 230 2080)
 (2081 2179 932 2233 2266 2272) (2082 115 2264 2182 2234)
 (2274 2083 2183 2265 2235 1564) (2274 2084 933 2184 2266 2236)
 (2275 2276 2085 2185 2237 2267 1565) (2274 2086 2188 391 2268 2238)
 (2275 2278 2087 2189 2269 1566 2239) (2276 934 2088 2190 2278 2270 2240)
 (2241 2277 2279 2280 2089 2191 1567 2271) (2242 231 2274 2090 2192 2272)
 (2273 2243 2276 935 2282 2091 2193) (2244 39 2092 2196 2264)
 (2245 1576 2284 2093 2197 2265) (2246 2284 2094 942 2198 2266)
 (2247 1577 2285 2286 2095 2199 2267) (2248 2284 2096 394 2202 2268)
 (2249 1578 2285 2288 2097 2203 2269) (2250 2286 943 2288 2098 2204 2270)
 (2251 2287 2289 2290 2099 2205 1579 2271) (2284 234 2252 2100 2206 2272)
 (2273 2253 2286 944 2292 2101 2207) (2210 117 2274 2284 2254 2102)
 (2275 1580 2285 2211 2255 2294 2103) (2276 2286 2256 945 2212 2294 2104)
 (2213 1581 2287 2257 2295 2296 2105 2277) (2278 2216 2288 2258 395 2294 2106)
 (2279 2217 1582 2289 2259 2295 2298 2107)
 (2280 2218 2290 946 2260 2296 2298 2108)
 (2281 2219 1583 2291 2261 2297 2299 2300 2109)
 (2282 235 2220 2292 2262 2110 2294) (2283 2221 947 2293 2263 2296 2302 2111)
 (1920 1) (1921 2304 1600) (2304 1922 960) (1601 2305 1923 2306)
 (1924 2304 560) (961 2306 1925 2308) (400 2304 1926) (1927 1602 2310 2305)
 (1928 2306 2310 962) (1929 2307 1603 2311 2312) (240 2304 1930)
 (1931 2306 963 2314) (561 1932 2308 2314) (2316 1933 964 2309 2315)
 (1934 2304 120) (2305 1935 1604 2318) (2306 1936 965 2318)
 (1605 2307 1937 2319 2320) (562 2308 1938 2318) (2322 2309 966 1939 2320)
 (401 2318 2310 1940) (1941 2319 2324 1606 2311) (2324 1942 2320 967 2312)
 (1607 2313 2321 1943 2325 2326) (241 2314 1944 2318) (2328 2315 2320 1945 968)
 (2322 563 2316 1946 2328) (969 2317 2323 1947 2329 2330) (40 2304 1948)
 (1949 2305 2332 1616) (2332 1950 980 2306) (1617 1951 2333 2307 2334)
 (2308 2332 1952 568) (981 1953 2334 2309 2336) (2332 404 1954 2310)
 (1618 2333 2311 1955 2338) (2338 2312 2334 982 1956)
 (2339 2340 2313 1619 1957 2335) (2332 1958 244 2314) (1959 2342 2315 983 2334)
 (569 2316 1960 2342 2336) (2337 2343 2344 2317 984 1961) (122 2332 1962 2318)
 (2346 1620 2333 2319 1963) (985 2346 2320 2334 1964)
 (1965 2347 2348 2321 1621 2335) (1966 2336 2322 2346 570)
 (2337 1967 2348 2350 2323 986) (2324 2338 1968 405 2346)
 (2339 1969 2347 2352 2325 1622) (2340 1970 2348 2352 2326 987)
 (2341 1623 1971 2349 2353 2354 2327) (2346 2328 245 2342 1972)
 (2343 1973 2348 2356 2329 988) (2344 1974 2350 2356 2330 571)
 (2345 1975 2351 2357 2358 2331 989) (12 2304 1976) (1977 2305 2360 1640)
 (1978 2360 2306 1010) (1641 2361 1979 2307 2362) (2308 580 1980 2360)
 (2309 1011 2364 1981 2362) (410 2360 1982 2310) (2361 1642 2311 1983 2366)
 (2312 2362 1012 2366 1984) (2313 1643 1985 2363 2367 2368)
 (1986 2360 2314 250) (2362 1987 1013 2315 2370) (2316 2364 1988 581 2370)
 (2371 2372 2365 2317 1014 1989) (2360 125 1990 2318)
 (2361 1644 2319 1991 2374) (2362 2320 2374 1015 1992)
 (1993 2375 2376 1645 2321 2363) (1994 2364 582 2374 2322)
 (1995 2376 2378 2323 1016 2365) (2324 411 1996 2366 2374)
 (1997 2375 2380 1646 2325 2367) (1998 2376 2380 2326 1017 2368)
 (2369 1999 2377 2381 2382 1647 2327) (2370 251 2328 2374 2000)
 (2371 2376 2001 2384 2329 1018) (2372 583 2002 2384 2378 2330)
 (2373 2003 2385 2386 2331 2379 1019) (41 2332 2004 2360)
 (2361 2333 2388 2005 1656) (2362 2388 2334 2006 1030)
 (2007 2389 2390 1657 2363 2335) (2336 2364 2388 588 2008)
 (2337 1031 2009 2390 2392 2365) (2010 2388 2366 414 2338)
 (2339 2011 2389 2394 1658 2367) (2340 1032 2012 2390 2394 2368)
 (2369 2341 2013 2391 1659 2396 2395) (2370 2388 2342 2014 254)
 (2371 2343 1033 2390 2015 2398) (2372 2344 2016 589 2392 2398)
 (2373 2345 1034 2393 2017 2399 2400) (2018 2388 2374 127 2346)
 (2402 2375 2347 2389 2019 1660) (2402 2376 1035 2348 2390 2020)
 (2403 2404 2377 2021 2349 2391 1661) (2402 2378 2350 590 2392 2022)
 (2404 2406 2379 1036 2351 2393 2023) (2402 2380 415 2352 2394 2024)
 (2025 2403 2408 2381 2353 2395 1662) (2026 2404 2408 1037 2382 2354 2396)
 (2027 2405 2409 2410 2383 2355 2397 1663) (2402 2028 2384 2356 2398 255)
 (2404 2029 2412 1038 2385 2357 2399) (2406 2030 2412 591 2386 2358 2400)
 (2401 2031 2407 2413 2414 1039 2387 2359) (6 2304 2032) (2033 2305 2416 1680)
 (2034 2416 1060 2306) (1681 2417 2035 2307 2418) (2416 2036 2310 420)
 (2417 1682 2420 2037 2311) (2418 2420 1061 2038 2312)
 (2313 2419 1683 2421 2422 2039) (2314 2416 260 2040)
 (2041 2418 2315 1062 2424) (2042 2416 2318 130) (2417 2426 2043 1684 2319)
 (2418 2044 2426 1063 2320) (2321 2419 1685 2427 2428 2045)
 (2426 2420 2324 421 2046) (2421 1686 2325 2427 2430 2047)
 (1064 2326 2048 2428 2430 2422) (2049 2327 2423 1687 2429 2431 2432)
 (2050 2424 261 2426 2328) (2434 2051 1065 2425 2329 2428) (2332 42 2052 2416)
 (2417 2333 2436 2053 1696) (2418 2436 2334 2054 1072)
 (1697 2437 2438 2055 2419 2335) (2338 2420 424 2436 2056)
 (1698 2339 2437 2440 2057 2421) (2340 2438 2440 2058 1073 2422)
 (1699 2341 2439 2441 2442 2059 2423) (2424 2060 2436 2342 264)
 (2438 2343 2444 2061 1074 2425) (2346 132 2436 2062 2426)
 (1700 2437 2347 2446 2063 2427) (2438 2348 2446 2064 1075 2428)
 (1701 2439 2349 2447 2448 2065 2429) (2440 2446 2352 2066 425 2430)
 (1702 2441 2447 2353 2450 2067 2431) (2450 2442 2448 2354 2068 1076 2432)
 (2433 1703 2443 2451 2449 2355 2452 2069) (2434 265 2444 2446 2356 2070)
 (2435 2445 2448 2357 2454 2071 1077) (2416 2360 13 2072)
 (2073 2361 2456 2417 1720) (2074 2456 2362 2418 1090)
 (2457 2419 1721 2458 2075 2363) (2420 2076 2456 430 2366)
 (2421 2457 1722 2460 2077 2367) (1091 2422 2458 2460 2078 2368)
 (2369 2462 2423 2459 2461 1723 2079) (2370 2424 2456 270 2080)
 (2081 2371 1092 2425 2458 2464) (2082 2456 2374 135 2426)
 (2466 2083 2375 2457 2427 1724) (2466 2084 1093 2376 2458 2428)
 (2467 2468 2085 2377 2429 2459 1725) (2466 2086 2380 2460 2430 431)
 (2467 2470 2087 2381 2461 1726 2431) (2468 1094 2088 2470 2382 2462 2432)
 (2433 2469 2471 2472 2089 2383 2463 1727) (2434 2466 2090 271 2384 2464)
 (2465 2435 2468 1095 2474 2091 2385) (43 2092 2436 2388 2456)
 (2437 1736 2476 2093 2389 2457) (2438 2476 2094 1102 2390 2458)
 (2439 1737 2477 2478 2095 2391 2459) (434 2440 2476 2096 2394 2460)
 (2441 1738 2477 2480 2097 2395 2461) (2442 2478 1103 2480 2098 2396 2462)
 (1739 2479 2481 2482 2099 2397 2443 2463) (2444 2476 274 2100 2398 2464)
 (2465 2445 2478 1104 2484 2101 2399) (2402 2466 2476 2446 2102 137)
 (2403 1740 2477 2467 2447 2486 2103) (2404 2478 2448 1105 2468 2486 2104)
 (2405 1741 2479 2449 2487 2488 2105 2469) (435 2470 2408 2480 2450 2486 2106)
 (2471 2409 1742 2481 2451 2487 2490 2107)
 (1106 2410 2472 2482 2452 2488 2490 2108)
 (2473 2411 1743 2483 2453 2489 2491 2492 2109)
 (2474 2412 275 2484 2454 2110 2486) (2475 2413 1107 2485 2455 2488 2494 2111)
 (3 2304 2112) (2113 2305 2496 1760) (2114 2496 2306 1120)
 (1761 2497 2115 2307 2498) (2308 2116 2496 600) (1121 2309 2500 2117 2498)
 (2496 2310 2118 440) (2497 1762 2311 2119 2502) (1122 2498 2312 2502 2120)
 (1763 2503 2504 2121 2499 2313) (2122 2496 2314 280)
 (2498 2123 2315 1123 2506) (601 2316 2124 2500 2506)
 (1124 2501 2125 2507 2508 2317) (140 2496 2126 2318)
 (2497 1764 2319 2127 2510) (2498 2320 1125 2510 2128)
 (2321 2499 1765 2511 2512 2129) (2130 2500 2322 2510 602)
 (2501 1126 2323 2512 2514 2131) (441 2324 2132 2502 2510)
 (1766 2503 2511 2516 2325 2133) (1127 2504 2512 2516 2134 2326)
 (2135 1767 2505 2513 2517 2518 2327) (281 2506 2328 2510 2136)
 (1128 2507 2512 2329 2520 2137) (2508 2514 2520 2138 603 2330)
 (1129 2509 2515 2521 2522 2139 2331) (2332 44 2140 2496)
 (2497 2333 2524 2141 1776) (2498 1140 2142 2524 2334)
 (2499 1777 2143 2525 2526 2335) (2336 2524 608 2500 2144)
 (2145 2337 2501 1141 2526 2528) (2146 444 2502 2524 2338)
 (2530 2147 2503 2339 1778 2525) (2530 2340 2504 2148 1142 2526)
 (2531 2532 2341 2505 1779 2149 2527) (2506 284 2150 2524 2342)
 (2534 2343 2507 1143 2526 2151) (609 2534 2344 2508 2152 2528)
 (2529 2535 2536 2153 2509 2345 1144) (2154 2510 2524 142 2346)
 (2538 2155 2511 1780 2525 2347) (2156 2538 2348 2512 1145 2526)
 (2349 2539 2540 2157 2513 1781 2527) (610 2538 2158 2350 2514 2528)
 (2529 2540 2542 2351 2515 2159 1146) (2530 2538 445 2352 2516 2160)
 (2353 2531 2539 2544 2161 2517 1782) (2532 2354 2540 2544 2162 2518 1147)
 (2533 1783 2541 2355 2545 2546 2163 2519) (2164 2538 2356 2520 285 2534)
 (2535 2540 2548 2357 2521 2165 1148) (611 2536 2542 2548 2166 2522 2358)
 (2167 2537 2543 2549 2550 2359 2523 1149) (2360 2496 14 2168)
 (2169 2361 2552 2497 1800) (2170 2498 2552 2362 1170)
 (2499 1801 2553 2554 2171 2363) (2364 620 2172 2500 2552)
 (2501 2173 1171 2554 2556 2365) (450 2502 2552 2174 2366)
 (2503 1802 2175 2553 2558 2367) (2504 1172 2554 2176 2558 2368)
 (2177 2369 2505 1803 2555 2559 2560) (2178 2506 2552 2370 290)
 (2562 2179 2507 2371 1173 2554) (2562 2372 2508 621 2180 2556)
 (2563 2564 2373 2509 1174 2181 2557) (145 2510 2552 2182 2374)
 (2183 2375 1804 2511 2553 2566) (2566 2376 2184 2512 1175 2554)
 (2567 2568 2185 1805 2513 2377 2555) (2566 2186 622 2514 2378 2556)
 (2568 2570 2187 2515 1176 2557 2379) (2380 2566 2188 451 2516 2558)
 (2567 2189 2572 2381 1806 2517 2559) (2568 2572 2190 2382 2518 1177 2560)
 (2561 2569 2573 2574 2383 2191 1807 2519) (2562 291 2566 2384 2520 2192)
 (2385 2563 2568 2576 2193 2521 1178) (2564 2386 2570 623 2576 2194 2522)
 (2565 2571 2387 2577 2578 2195 2523 1179) (2388 2196 45 2524 2552)
 (2580 2389 1816 2553 2197 2525) (1190 2580 2198 2554 2526 2390)
 (2199 2581 2582 2391 1817 2555 2527) (628 2200 2580 2392 2556 2528)
 (2529 1191 2393 2582 2584 2201 2557) (2530 2580 454 2394 2202 2558)
 (2531 2581 2586 1818 2203 2395 2559) (2204 1192 2532 2582 2586 2396 2560)
 (2561 2533 2205 2583 1819 2588 2397 2587) (2562 2534 2398 2580 2206 294)
 (2563 2535 1193 2207 2590 2399 2582) (2564 2536 629 2584 2208 2590 2400)
 (2209 2401 2565 2537 1194 2585 2591 2592) (2210 147 2566 2402 2538 2580)
 (2594 2211 2567 2539 2403 2581 1820) (2594 2404 2568 1195 2540 2212 2582)
 (2595 2596 2405 2569 2541 2583 2213 1821) (2594 2214 2570 2542 630 2584 2406)
 (2596 2215 2407 2571 1196 2543 2585 2598) (2594 2408 2572 2544 455 2586 2216)
 (2595 2600 2217 2573 2545 2409 2587 1822)
 (2596 2600 2218 1197 2574 2546 2410 2588)
 (2597 2601 2602 2219 2575 2547 2589 2411 1823)
 (2594 2220 295 2412 2576 2548 2590) (2596 2221 2604 2413 1198 2577 2549 2591)
 (2598 2604 2222 2414 2578 2550 631 2592)
 (2593 2599 2605 2606 2415 2223 2579 1199 2551) (7 2416 2496 2224)
 (2225 2417 2608 2497 1840) (2608 2226 2498 1220 2418)
 (2609 2499 2419 1841 2610 2227) (460 2420 2228 2502 2608)
 (2503 2609 1842 2612 2421 2229) (1221 2504 2610 2612 2230 2422)
 (2231 2505 2611 1843 2613 2614 2423) (2608 2506 2424 300 2232)
 (1222 2610 2507 2425 2616 2233) (2234 2510 2608 150 2426)
 (2511 2609 1844 2618 2235 2427) (2236 1223 2512 2610 2618 2428)
 (2237 2513 2611 1845 2619 2620 2429) (2516 2430 2612 2618 461 2238)
 (2239 2517 1846 2613 2619 2622 2431) (1224 2518 2240 2614 2620 2622 2432)
 (2241 2433 2519 2615 2624 2621 2623 1847) (2242 2434 2520 301 2616 2618)
 (2626 2243 1225 2435 2617 2521 2620) (2244 2436 46 2524 2608)
 (2628 2437 2609 2245 2525 1856) (2628 2438 1232 2610 2526 2246)
 (1857 2629 2247 2439 2611 2527 2630) (2530 2628 2440 2248 2612 464)
 (1858 2531 2629 2632 2249 2441 2613) (2532 2630 2632 2250 1233 2614 2442)
 (1859 2533 2631 2633 2634 2251 2615 2443) (2628 2534 2252 304 2616 2444)
 (2630 2535 2253 2636 2445 1234 2617) (2628 152 2538 2446 2254 2618)
 (1860 2629 2539 2638 2447 2255 2619) (2630 2540 2638 2448 2256 1235 2620)
 (2449 1861 2631 2541 2639 2640 2257 2621) (465 2632 2638 2544 2450 2258 2622)
 (1862 2633 2451 2639 2545 2642 2259 2623)
 (2642 2634 2452 2640 2546 2260 1236 2624)
 (2625 1863 2635 2643 2641 2547 2644 2453 2261)
 (2626 2636 2638 305 2548 2262 2454) (2627 2263 2637 2640 2549 2646 2455 1237)
 (2608 2456 2552 15 2264) (2553 1880 2609 2457 2648 2265)
 (1250 2554 2648 2610 2266 2458) (2649 2611 1881 2650 2555 2267 2459)
 (2460 470 2612 2648 2268 2558) (2269 2613 2649 1882 2652 2461 2559)
 (1251 2462 2614 2650 2652 2270 2560) (2561 2654 2271 2615 1883 2653 2651 2463)
 (2562 2648 310 2616 2272 2464) (2273 2465 2563 1252 2617 2650 2656)
 (2274 2566 2466 155 2648 2618) (2658 2275 2567 2467 2649 2619 1884)
 (2658 2276 1253 2568 2468 2650 2620) (2659 2660 2469 2569 2621 2277 2651 1885)
 (2658 2278 471 2572 2652 2622 2470) (2659 2471 2279 2573 2653 1886 2623 2662)
 (2660 1254 2472 2280 2574 2662 2654 2624)
 (2625 2661 2663 2664 2281 2575 2473 1887 2655)
 (2626 2658 2282 2576 311 2474 2656) (2657 2627 2660 1255 2666 2283 2577 2475)
 (2628 2284 2580 47 2648 2476) (2629 1896 2285 2668 2477 2581 2649)
 (2630 1262 2668 2478 2286 2582 2650) (2631 1897 2669 2670 2479 2287 2583 2651)
 (2632 474 2668 2480 2288 2586 2652) (2481 2633 1898 2669 2672 2289 2587 2653)
 (2482 2634 2670 1263 2672 2290 2588 2654)
 (2635 2483 2671 2673 2674 2291 2589 1899 2655)
 (2668 2636 2484 2292 314 2590 2656) (2657 2637 2670 1264 2676 2485 2293 2591)
 (2594 2658 2668 157 2638 2294 2486) (2659 2295 1900 2669 2595 2639 2678 2487)
 (2596 2296 2670 2640 1265 2660 2678 2488)
 (2661 1901 2671 2641 2489 2679 2680 2297 2597)
 (2662 2600 475 2672 2642 2678 2490 2298)
 (2663 2601 1902 2673 2643 2679 2682 2299 2491)
 (2492 2664 2602 2680 1266 2644 2674 2682 2300)
 (2665 2301 2603 1903 2675 2645 2681 2683 2684 2493)
 (2666 2604 2494 2676 2646 315 2302 2678)
 (2667 2605 1267 2677 2303 2647 2680 2686 2495))