(NIL NIL (2 1) NIL (2 4) (4 1) (3 6 5) NIL (4 8) (2 8) (5 9 10) NIL (12 8)
 (12 4) (9 14 13) (12 2) (10 13 16) (5 14 16) (17 18 11 15) NIL (20 12) (20 8)
 (21 13 22) (20 2) (24 21 16) (24 10 22) (23 17 25 26) (20 1) (3 24 28) NIL
 (20 30) (12 30) (21 31 32) (8 30) (34 31 22) (34 32 13) (23 35 36 33) (4 30)
 (32 14 38) (34 9 38) (39 40 36 15) (2 30) (24 31 42) (42 32 16) (43 44 25 33)
 (34 10 42) (43 35 46 26) (17 44 36 46) (47 45 37 48 27) (42 5 38)
 (39 18 50 44) (40 46 11 50) (51 52 41 19 48) (30 1) (31 54 28) (6 54 38)
 (3 54 42) (43 57 29 55) (57 7 56 50) NIL (60 20) (60 12) (21 61 62) (60 8)
 (61 64 22) (13 62 64) (23 66 65 63) (60 4) (68 14 62) (68 9 64) (69 70 15 66)
 (60 2) (72 24 61) (72 62 16) (73 25 74 63) (72 64 10) (73 26 65 76)
 (17 76 74 66) (67 77 75 27 78) (72 68 5) (18 80 69 74) (80 70 11 76)
 (78 19 81 82 71) (60 1) (28 61 84) (6 68 84) (3 72 84) (29 73 85 87)
 (7 80 86 87) NIL (60 90) (90 30) (20 90) (91 61 93) (31 93 92) (12 90)
 (96 91 62) (96 32 92) (96 21 93) (97 99 94 63) (98 99 33 95) (90 8)
 (102 91 64) (34 102 92) (102 93 22) (103 105 65 94) (35 104 105 95)
 (96 102 13) (97 103 108 66) (98 36 104 108) (23 99 105 108)
 (67 109 111 100 106) (110 111 37 101 107) (2 90) (91 72 114) (42 114 92)
 (24 93 114) (115 117 73 94) (43 116 117 95) (96 114 16) (115 97 74 120)
 (44 98 120 116) (117 99 25 120) (123 118 100 121 75) (123 45 119 101 122)
 (102 10 114) (115 103 126 76) (46 116 104 126) (117 126 105 26)
 (77 118 127 106 129) (119 47 128 107 129) (17 126 120 108)
 (109 78 127 121 132) (128 110 48 132 122) (123 132 111 129 27)
 (79 112 124 130 133 135) (113 125 49 131 134 135) (90 1) (138 91 84)
 (138 54 92) (138 28 93) (141 139 85 94) (140 141 55 95) (3 138 114)
 (115 139 87 144) (57 116 140 144) (141 117 29 144) (145 147 118 142 88)
 (58 147 119 143 146) NIL (150 90) (150 60) (91 152 151) (150 30) (154 151 92)
 (150 4) (68 152 156) (154 156 38) (150 2) (159 151 114) (72 152 159)
 (115 160 153 161) (154 159 42) (160 155 163 116) (159 5 156) (157 161 80 165)
 (158 163 165 50) (150 1) (138 168 151) (152 168 84) (139 153 169 170)
 (154 54 168) (155 140 169 172) (6 168 156) (157 174 86 170) (158 172 174 56)
 (3 168 159) (160 177 169 144) (161 177 87 170) (145 171 162 179 178)
 (57 172 163 177) (146 173 164 181 178) (7 174 165 177) (89 179 175 183 166)
 (181 59 183 176 167) NIL (60 186) (12 186) (188 187 62) (8 186) (190 187 64)
 (13 188 190) (66 192 191 189) (2 186) (194 72 187) (194 188 16)
 (195 196 74 189) (194 190 10) (195 198 191 76) (17 196 198 192)
 (193 78 197 199 200) NIL (150 202) (202 90) (203 151 204) (60 202)
 (203 152 206) (91 206 204) (205 208 153 207) (202 30) (154 203 210)
 (210 92 204) (205 155 211 212) (20 202) (214 93 204) (214 61 206)
 (208 215 216 94) (214 210 31) (215 212 218 95) (12 202) (96 220 204)
 (220 62 206) (208 97 222 221) (220 210 32) (221 98 212 224) (214 220 21)
 (215 99 226 221) (216 222 226 63) (223 228 217 100 227) (224 218 33 226)
 (230 227 225 219 101) (202 8) (102 232 204) (232 64 206) (208 103 234 233)
 (34 210 232) (233 104 212 236) (214 232 22) (215 233 105 238) (216 234 65 238)
 (239 240 217 235 106) (35 218 236 238) (239 242 219 107 237) (220 232 13)
 (221 233 244 108) (222 234 244 66) (109 223 235 245 246) (36 224 236 244)
 (110 248 225 237 245) (23 244 226 238) (239 111 250 245 227)
 (228 67 246 250 240) (247 251 252 229 112 241) (248 230 242 37 250)
 (249 251 254 231 113 243) (4 202) (203 256 156) (256 68 206) (157 257 258 207)
 (210 256 38) (158 211 260 257) (220 256 14) (262 258 222 69) (39 262 224 260)
 (232 256 9) (265 234 258 70) (40 265 236 260) (262 265 244 15)
 (263 266 268 71 246) (248 41 264 268 267) (2 202) (271 203 159) (271 114 204)
 (205 160 273 272) (271 72 206) (161 275 272 207) (208 115 273 275)
 (209 162 274 276 277) (271 210 42) (279 272 211 163) (279 116 273 212)
 (280 281 274 164 213) (214 271 24) (215 117 283 273) (275 216 283 73)
 (217 118 284 277 285) (43 279 283 218) (287 281 119 219 284) (220 271 16)
 (289 221 273 120) (289 222 275 74) (223 291 277 121 290) (279 44 289 224)
 (281 290 225 293 122) (283 289 25 226) (123 295 290 284 227)
 (228 295 291 285 75) (292 229 297 124 296 286) (287 295 230 45 293)
 (288 294 296 231 299 125) (271 232 10) (233 126 273 301) (234 275 301 76)
 (303 127 235 277 302) (279 46 236 301) (305 281 128 237 302) (283 26 301 238)
 (239 307 284 129 302) (77 240 303 307 285) (304 308 309 130 241 286)
 (287 307 305 242 47) (288 311 306 308 131 243) (17 289 244 301)
 (132 313 290 245 302) (303 78 313 291 246) (247 292 304 133 314 315)
 (313 248 305 48 293) (249 314 294 306 134 317) (295 313 250 307 27)
 (319 251 296 308 314 135) (319 79 252 297 309 315)
 (320 321 253 298 136 310 316) (319 254 299 49 311 317)
 (320 323 255 300 312 137 318) (271 256 5) (272 257 165 325) (275 80 258 325)
 (327 326 259 166 276) (279 325 260 50) (280 329 167 326 261) (262 18 289 325)
 (327 263 331 81 291) (51 264 331 329 293) (325 265 301 11)
 (303 327 266 82 334) (52 305 267 329 334) (19 331 313 268 334)
 (83 332 335 337 269 315) (333 336 337 270 53 317) (202 1) (203 168 340)
 (138 340 204) (205 341 169 342) (84 206 340) (341 170 344 207)
 (208 342 139 344) (171 209 343 345 346) (210 54 340) (341 172 211 348)
 (342 140 212 348) (349 343 173 213 350) (214 28 340) (215 352 141 342)
 (352 216 344 85) (354 217 353 142 346) (352 218 55 348) (350 353 219 143 356)
 (6 256 340) (341 358 257 174) (358 344 258 86) (345 359 360 175 259)
 (358 348 260 56) (349 359 362 176 261) (271 3 340) (341 272 177 364)
 (342 273 364 144) (365 366 343 274 178) (344 275 87 364) (179 365 368 345 276)
 (145 366 368 346 277) (180 367 369 370 278 347) (279 57 364 348)
 (349 280 181 365 372) (146 281 372 366 350) (351 367 182 373 374 282)
 (29 352 283 364) (366 147 376 353 284) (376 368 354 285 88)
 (148 355 370 377 378 286) (287 58 372 376 356) (288 149 357 374 377 380)
 (358 7 325 364) (365 382 359 183 326) (327 89 360 368 382)
 (383 384 328 361 369 184) (382 329 372 59 362) (383 386 330 363 185 373) NIL
 (388 202) (388 186) (388 150) (203 391 389) (388 90) (393 389 204)
 (393 391 151) (205 394 395 392) (388 20) (214 389 397) (393 93 397)
 (399 215 394 398) (388 12) (220 401 389) (390 401 188) (96 393 401)
 (221 394 402 404) (21 401 397) (406 402 226 398) (399 406 99 404)
 (405 400 407 408 227) (388 8) (232 389 410) (390 410 190) (393 410 102)
 (411 394 413 233) (410 397 22) (411 238 415 398) (399 413 105 415)
 (239 400 417 414 416) (410 401 13) (419 411 402 244) (419 412 403 192)
 (419 108 413 404) (405 420 414 245 422) (23 406 419 415) (407 250 424 420 416)
 (417 111 408 422 424) (251 418 409 423 425 426) (388 4) (428 256 389)
 (428 391 156) (430 429 257 392) (428 401 14) (262 429 402 432) (410 9 428)
 (411 265 429 434) (419 432 15 434) (435 436 420 433 268) (388 2) (271 389 438)
 (390 194 438) (391 438 159) (441 272 392 439) (393 438 114) (443 394 273 439)
 (160 441 443 395) (442 274 396 445 444) (24 438 397) (283 447 439 398)
 (399 117 443 447) (449 400 444 284 448) (401 438 16) (289 451 402 439)
 (196 451 403 440) (443 451 120 404) (405 452 290 454 444) (406 451 25 447)
 (295 456 407 452 448) (123 449 408 454 456) (450 455 457 296 409 458)
 (410 10 438) (411 460 439 301) (460 412 198 440) (460 443 126 413)
 (444 461 414 463 302) (447 460 26 415) (465 461 448 307 416)
 (417 449 463 129 465) (450 466 464 418 467 308) (17 419 460 451)
 (452 469 313 420 461) (453 421 462 200 469) (132 469 422 463 454)
 (455 464 470 423 472 314) (465 456 469 27 424) (319 457 466 470 425 474)
 (474 458 467 472 426 135) (320 459 468 473 427 476 475) (428 5 438)
 (429 439 325 478) (441 430 165 478) (442 480 431 479 326) (18 451 432 478)
 (482 452 331 479 433) (460 478 11 434) (435 484 461 479 334)
 (436 19 484 469 482) (437 485 486 483 337 470) (388 1) (488 389 340)
 (391 168 488) (341 489 392 490) (393 488 138) (489 342 394 492)
 (490 395 169 492) (493 343 396 491 494) (28 397 488) (489 496 352 398)
 (399 492 141 496) (497 400 353 498 493) (428 488 6) (489 358 429 500)
 (490 430 500 174) (501 359 431 491 502) (3 438 488) (489 504 439 364)
 (441 490 177 504) (365 442 491 506 505) (504 443 492 144)
 (505 366 444 493 508) (506 508 445 494 178) (495 510 367 507 509 446)
 (504 29 447 496) (497 505 376 512 448) (449 498 147 508 512)
 (513 450 514 509 499 377) (7 500 478 504) (505 382 516 501 479)
 (506 516 183 502 480) (481 383 517 518 503 507) NIL (520 388) (520 202)
 (521 389 522) (520 90) (393 521 524) (524 522 204) (394 525 523 526) (520 60)
 (528 522 206) (91 528 524) (208 529 530 526) (520 30) (210 522 532)
 (524 532 92) (534 533 212 526) (520 20) (521 536 397) (214 536 522)
 (537 538 523 398) (536 524 93) (399 537 540 525) (215 538 540 526)
 (527 400 539 542 541) (528 61 536) (216 529 538 544) (544 530 540 94)
 (542 545 217 546 531) (536 31 532) (538 218 548 533) (534 548 540 95)
 (542 535 219 550 549) (520 12) (521 401 552) (220 522 552) (553 402 523 554)
 (96 524 552) (556 553 525 404) (221 554 556 526) (527 405 557 558 555)
 (528 552 62) (222 529 560 554) (97 530 560 556) (558 223 531 561 562)
 (32 552 532) (564 554 224 533) (534 556 98 564) (535 565 558 566 225)
 (536 21 552) (406 537 568 553) (538 568 226 554) (555 407 539 569 570)
 (556 99 568 540) (572 557 408 569 541) (542 572 558 570 227)
 (571 543 573 574 409 559) (568 544 560 63) (228 545 576 561 570)
 (572 100 546 576 562) (563 229 574 547 577 578) (564 33 548 568)
 (580 230 570 565 549) (550 572 566 101 580) (574 567 231 551 581 582) (520 8)
 (410 521 584) (232 584 522) (411 585 586 523) (102 584 524) (585 413 525 588)
 (233 588 586 526) (527 589 414 587 590) (528 584 64) (529 592 234 586)
 (103 592 530 588) (590 593 235 531 594) (34 584 532) (586 596 236 533)
 (534 104 596 588) (597 535 598 237 590) (536 584 22) (537 585 415 600)
 (600 538 586 238) (602 601 539 587 416) (600 105 540 588)
 (417 589 604 601 541) (542 239 604 602 590) (591 418 543 603 605 606)
 (544 592 65 600) (240 545 593 602 608) (608 604 546 106 594)
 (595 547 606 609 610 241) (35 600 548 596) (597 242 612 602 549)
 (550 598 612 107 604) (606 599 551 613 614 243) (584 552 13) (419 616 585 553)
 (586 616 244 554) (555 420 617 618 587) (556 588 616 108)
 (589 557 617 422 620) (590 558 618 245 620) (621 622 591 423 559 619)
 (592 616 560 66) (624 593 618 561 246) (109 624 620 594 562)
 (563 247 625 626 595 622) (564 36 616 596) (597 248 565 618 628)
 (628 110 566 620 598) (622 249 567 629 630 599) (23 600 568 616)
 (617 632 601 569 424) (618 632 250 602 570) (571 633 634 603 425 619)
 (632 572 111 620 604) (621 573 633 636 605 426) (622 251 574 634 636 606)
 (623 575 635 637 638 607 427) (67 624 608 576 632) (625 252 634 577 640 609)
 (626 112 636 640 610 578) (253 627 579 638 641 642 611) (632 580 628 37 612)
 (254 629 634 581 644 613) (630 113 636 582 644 614)
 (255 631 638 583 645 646 615) (520 4) (428 521 648) (256 648 522)
 (429 649 650 523) (648 528 68) (529 258 650 652) (648 532 38)
 (654 650 260 533) (648 552 14) (656 649 432 553) (262 656 650 554)
 (555 657 651 433 658) (656 69 560 652) (653 263 658 561 660) (39 564 656 654)
 (662 565 655 264 658) (648 584 9) (649 664 585 434) (664 265 586 650)
 (435 665 651 587 666) (664 592 70 652) (653 266 593 666 668) (40 664 654 596)
 (597 670 655 267 666) (664 656 616 15) (657 436 672 617 665)
 (672 666 618 268 658) (437 659 667 673 674 619) (672 668 624 71 660)
 (625 661 269 669 674 676) (662 41 672 670 628) (678 629 663 270 671 674)
 (520 2) (521 438 680) (271 522 680) (681 682 439 523) (680 524 114)
 (681 443 684 525) (682 273 684 526) (527 683 444 685 686) (528 72 680)
 (682 529 275 688) (115 684 530 688) (689 690 531 277 686) (680 532 42)
 (279 682 692 533) (534 116 684 692) (535 281 693 686 694) (536 24 680)
 (681 537 447 696) (283 696 538 682) (697 698 683 539 448) (117 684 540 696)
 (449 697 700 685 541) (542 698 700 284 686) (450 543 687 699 701 702)
 (544 696 73 688) (689 698 545 285 704) (690 118 546 700 704)
 (705 706 547 691 702 286) (43 692 548 696) (287 698 708 693 549)
 (550 708 700 119 694) (288 709 710 551 695 702) (680 552 16) (681 451 553 712)
 (682 289 712 554) (555 713 683 452 714) (556 684 120 712)
 (713 557 716 685 454) (714 716 558 686 290) (455 715 717 718 687 559)
 (712 688 560 74) (689 714 291 561 720) (690 720 716 121 562)
 (563 292 718 721 722 691) (564 712 692 44) (714 565 724 693 293)
 (724 716 566 694 122) (567 294 718 725 726 695) (712 25 568 696)
 (697 713 728 569 456) (295 698 728 714 570) (571 715 457 729 730 699)
 (123 572 716 700 728) (458 573 717 729 732 701) (296 574 718 730 732 702)
 (459 575 719 731 733 734 703) (728 720 576 75 704) (705 297 577 721 730 736)
 (706 722 578 124 732 736) (737 738 707 298 579 723 734) (724 580 45 708 728)
 (740 709 299 581 725 730) (740 710 125 582 726 732)
 (741 742 711 300 583 727 734) (584 10 680) (681 460 585 744) (682 586 301 744)
 (745 746 683 461 587) (744 684 126 588) (589 745 748 685 463)
 (590 748 746 686 302) (591 747 749 750 687 464) (744 688 592 76)
 (303 689 752 593 746) (690 748 127 594 752) (595 754 750 753 304 691)
 (744 692 46 596) (597 746 305 756 693) (756 598 748 128 694)
 (599 750 306 757 758 695) (744 600 26 696) (465 697 601 745 760)
 (698 760 307 602 746) (747 603 466 761 762 699) (748 760 700 129 604)
 (749 605 467 761 764 701) (750 606 308 762 764 702)
 (751 607 468 763 765 766 703) (77 752 608 760 704) (705 753 609 309 762 768)
 (706 754 610 130 764 768) (769 770 707 755 611 310 766) (756 760 708 47 612)
 (772 709 311 757 613 762) (772 710 758 131 614 764)
 (773 774 711 759 312 615 766) (17 744 616 712) (713 469 617 745 776)
 (714 313 776 618 746) (777 778 715 470 747 619) (748 132 716 776 620)
 (621 777 717 780 749 472) (622 778 780 718 750 314)
 (623 779 781 782 751 719 473) (752 78 624 776 720) (753 625 778 784 721 315)
 (626 754 780 784 722 133) (627 755 782 785 786 723 316) (756 724 776 48 628)
 (629 778 788 757 725 317) (630 780 788 726 134 758)
 (727 631 782 789 790 759 318) (760 632 776 27 728) (777 633 761 792 729 474)
 (319 762 778 634 792 730) (731 779 635 793 794 475 763)
 (732 780 636 792 764 135) (796 733 781 637 793 476 765)
 (320 782 734 638 794 796 766) (797 783 639 735 795 477 798 767)
 (79 784 640 792 736 768) (737 769 321 785 641 794 800)
 (770 738 786 642 796 136 800) (801 802 739 322 771 787 643 798)
 (740 644 772 788 49 792) (804 741 323 789 794 645 773)
 (804 742 790 646 796 137 774) (805 324 743 775 791 647 798 806) (648 5 680)
 (681 649 478 808) (682 650 325 808) (809 810 683 479 651) (688 80 808 652)
 (653 327 812 810 689) (654 692 808 50) (810 655 693 329 814) (18 656 808 712)
 (713 482 809 657 816) (714 816 331 658 810) (483 715 659 817 818 811)
 (816 720 81 812 660) (721 813 332 661 818 820) (51 662 724 814 816)
 (815 818 663 725 333 822) (664 808 11 744) (745 809 484 665 824)
 (746 824 666 810 334) (485 747 667 825 826 811) (824 812 752 82 668)
 (753 813 335 669 826 828) (670 824 756 814 52) (815 336 757 826 671 830)
 (824 19 672 816 776) (486 777 817 825 673 832) (778 818 337 826 674 832)
 (833 834 487 779 819 827 675) (83 784 676 820 828 832)
 (677 834 836 785 338 821 829) (678 788 822 53 830 832)
 (834 679 838 789 823 339 831) (520 1) (521 840 488) (840 522 340)
 (489 841 523 842) (138 524 840) (841 844 492 525) (342 844 842 526)
 (527 845 843 493 846) (528 84 840) (842 848 529 344) (139 844 530 848)
 (849 850 531 846 346) (54 532 840) (842 852 348 533) (534 852 844 140)
 (535 853 846 854 350) (536 28 840) (841 856 537 496) (842 352 538 856)
 (497 857 843 539 858) (844 141 540 856) (857 498 860 845 541)
 (542 858 860 353 846) (543 847 499 859 861 862) (544 856 85 848)
 (849 858 545 354 864) (850 860 546 142 864) (865 866 355 547 851 862)
 (852 55 548 856) (868 858 356 853 549) (550 868 860 854 143)
 (869 870 357 551 855 862) (6 648 840) (841 500 649 872) (358 872 650 842)
 (873 874 843 501 651) (872 848 86 652) (653 849 360 876 874) (872 654 852 56)
 (874 655 853 362 878) (3 840 680) (681 841 880 504) (682 880 842 364)
 (505 881 683 843 882) (880 844 684 144) (881 845 508 685 884)
 (366 884 882 686 846) (847 883 885 687 509 886) (880 848 87 688)
 (689 849 368 888 882) (145 690 884 888 850) (851 691 370 889 890 886)
 (57 852 692 880) (853 892 693 882 372) (892 146 884 694 854)
 (695 886 855 374 893 894) (880 856 29 696) (697 857 896 881 512)
 (896 698 376 882 858) (513 897 898 883 699 859) (860 884 147 700 896)
 (897 514 900 701 885 861) (898 900 862 886 377 702)
 (515 901 902 899 703 887 863) (888 896 864 88 704) (705 865 898 904 889 378)
 (706 148 904 900 890 866) (707 902 905 906 867 891 379) (868 58 708 892 896)
 (898 869 908 709 893 380) (900 149 710 908 894 870)
 (381 711 871 909 910 895 902) (880 7 872 808) (809 873 516 881 912)
 (810 912 874 882 382) (517 811 913 914 883 875) (89 876 812 912 888)
 (384 813 877 914 916 889) (59 892 912 814 878) (386 879 914 815 893 918))