(NIL NIL NIL (2 3) NIL (3 5) (2 5) (6 4 7) (1 5) NIL (5 10) (3 10) (11 6 12)
 (2 10) (11 7 14) (4 12 14) (13 15 8 16) (1 10) (11 9 18) NIL (10 20) (5 20)
 (21 11 22) (3 20) (21 12 24) (6 22 24) (23 25 13 26) (2 20) (21 14 28)
 (22 28 7) (29 30 23 15) (4 24 28) (29 32 25 16) (30 8 32 26) (31 33 17 27 34)
 (1 20) (21 18 36) (9 22 36) (23 37 19 38) NIL (20 40) (10 40) (41 21 42)
 (5 40) (41 22 44) (11 42 44) (43 45 23 46) (3 40) (41 24 48) (42 48 12)
 (49 50 43 25) (6 44 48) (49 52 45 26) (50 13 52 46) (51 53 27 47 54) (2 40)
 (41 56 28) (42 14 56) (29 57 43 58) (7 44 56) (57 30 60 45) (58 60 15 46)
 (31 61 59 47 62) (4 56 48) (49 57 32 64) (50 64 16 58) (65 66 51 33 59)
 (8 52 60 64) (65 61 68 53 34) (66 68 54 17 62) (35 55 63 67 69 70) (1 40)
 (41 36 72) (42 72 18) (73 74 43 37) (9 44 72) (73 76 45 38) (74 19 76 46)
 (75 77 39 47 78) NIL (80 40) (80 20) (81 41 82) (80 10) (81 42 84) (21 82 84)
 (83 85 43 86) (80 5) (81 44 88) (82 88 22) (89 90 83 45) (11 84 88)
 (89 92 85 46) (90 23 92 86) (91 93 47 87 94) (80 3) (81 96 48) (82 24 96)
 (49 97 83 98) (12 84 96) (97 50 100 85) (98 100 25 86) (51 101 99 87 102)
 (6 96 88) (89 97 52 104) (90 104 26 98) (105 106 91 53 99) (100 13 92 104)
 (105 101 108 93 54) (106 108 94 27 102) (55 95 103 107 109 110) (80 2)
 (81 112 56) (82 112 28) (57 113 83 114) (84 14 112) (113 58 116 85)
 (29 114 116 86) (59 117 115 87 118) (7 112 88) (89 113 60 120) (90 120 114 30)
 (121 122 91 61 115) (92 15 116 120) (121 117 124 93 62) (122 31 124 94 118)
 (119 123 125 126 95 63) (4 112 96) (97 113 128 64) (98 32 128 114)
 (65 129 99 115 130) (116 100 16 128) (129 66 117 101 132) (130 132 33 102 118)
 (119 131 133 134 103 67) (8 120 128 104) (105 121 68 129 136)
 (106 136 130 34 122) (123 131 137 138 107 69) (132 108 124 17 136)
 (125 133 137 140 109 70) (126 35 134 138 140 110) (127 111 135 139 141 142 71)
 (80 1) (81 144 72) (82 36 144) (73 145 83 146) (18 84 144) (145 74 148 85)
 (146 148 37 86) (75 149 147 87 150) (9 144 88) (89 145 76 152) (90 152 38 146)
 (153 154 91 77 147) (19 92 148 152) (153 149 156 93 78) (154 156 94 39 150)
 (79 95 151 155 157 158) NIL (80 160) (160 40) (81 162 161) (160 20)
 (82 164 161) (41 162 164) (163 165 83 166) (160 10) (84 161 168) (162 168 42)
 (169 170 163 85) (21 164 168) (169 172 165 86) (170 43 172 166)
 (171 173 87 167 174) (160 5) (176 161 88) (162 44 176) (89 177 163 178)
 (22 164 176) (177 90 180 165) (178 180 45 166) (91 181 179 167 182)
 (11 176 168) (169 177 92 184) (170 184 46 178) (185 186 171 93 179)
 (180 23 172 184) (185 181 188 173 94) (186 188 174 47 182)
 (95 183 187 189 190 175) (160 3) (192 161 96) (162 192 48) (97 193 163 194)
 (24 164 192) (193 98 196 165) (49 194 196 166) (99 197 195 167 198)
 (12 192 168) (169 193 100 200) (170 200 194 50) (201 202 171 101 195)
 (196 172 25 200) (201 197 204 173 102) (202 51 204 174 198)
 (199 203 205 206 103 175) (6 192 176) (177 193 208 104) (208 178 52 194)
 (105 209 179 195 210) (196 180 26 208) (209 106 212 181 197)
 (210 212 53 182 198) (199 211 213 214 183 107) (208 13 200 184)
 (185 201 108 209 216) (186 216 210 54 202) (203 211 217 218 187 109)
 (204 212 188 27 216) (205 213 217 220 189 110) (206 55 214 218 220 190)
 (207 191 215 219 221 222 111) (160 2) (224 161 112) (162 224 56)
 (113 225 163 226) (164 224 28) (225 114 228 165) (57 226 228 166)
 (115 229 227 167 230) (14 224 168) (169 225 116 232) (170 226 232 58)
 (233 234 171 117 227) (29 172 228 232) (233 229 236 173 118)
 (234 59 236 174 230) (119 231 235 237 238 175) (7 224 176) (177 225 240 120)
 (178 60 240 226) (121 241 179 227 242) (30 180 228 240) (241 122 244 181 229)
 (242 244 61 182 230) (231 123 243 245 246 183) (232 15 240 184)
 (185 233 124 241 248) (186 242 248 62 234) (235 125 243 249 250 187)
 (244 31 188 236 248) (237 126 245 249 252 189) (238 246 63 250 252 190)
 (239 127 247 251 253 254 191) (4 224 192) (193 225 256 128) (194 226 256 64)
 (129 257 195 227 258) (196 32 228 256) (257 130 260 197 229)
 (65 258 260 198 230) (259 261 199 231 131 262) (232 16 256 200)
 (201 233 132 257 264) (202 234 258 264 66) (259 265 266 203 133 235)
 (204 33 264 236 260) (261 265 205 268 237 134) (262 266 268 206 238 67)
 (263 267 269 270 239 207 135) (8 240 256 208) (209 241 272 257 136)
 (210 68 272 258 242) (259 243 273 274 211 137) (272 212 34 244 260)
 (261 273 276 213 245 138) (262 274 276 214 69 246)
 (215 263 275 277 278 247 139) (272 248 264 17 216) (265 273 249 280 217 140)
 (266 274 280 218 250 70) (267 275 281 282 219 141 251)
 (220 268 35 276 280 252) (221 269 277 281 284 253 142)
 (270 254 278 282 284 222 71) (271 286 143 279 283 285 223 255) (160 1)
 (288 161 144) (162 288 72) (145 289 163 290) (164 36 288) (289 146 292 165)
 (73 290 292 166) (147 293 291 167 294) (18 288 168) (169 289 148 296)
 (170 296 290 74) (297 298 171 149 291) (172 37 292 296) (297 293 300 173 150)
 (298 75 300 174 294) (295 299 301 302 151 175) (9 288 176) (177 289 304 152)
 (178 76 304 290) (153 305 179 291 306) (292 180 38 304) (305 154 293 181 308)
 (306 308 77 182 294) (295 307 309 310 183 155) (19 296 304 184)
 (185 297 156 305 312) (186 312 306 78 298) (299 307 313 314 187 157)
 (308 188 300 39 312) (301 309 313 316 189 158) (302 79 310 314 316 190)
 (303 191 311 315 317 318 159) NIL (160 320) (80 320) (161 322 321) (40 320)
 (162 324 321) (81 324 322) (163 325 326 323) (10 320) (328 321 168)
 (84 322 328) (169 329 323 330) (42 324 328) (329 170 332 325) (330 332 85 326)
 (171 333 331 327 334) (5 320) (336 321 176) (336 322 88) (177 337 323 338)
 (44 324 336) (337 178 340 325) (89 338 340 326) (179 341 339 327 342)
 (11 336 328) (329 337 344 184) (330 344 92 338) (185 345 331 339 346)
 (340 332 46 344) (341 186 348 333 345) (346 348 93 334 342)
 (335 343 347 349 350 187) (3 320) (352 321 192) (352 322 96) (193 353 323 354)
 (352 324 48) (353 194 356 325) (97 354 356 326) (195 357 355 327 358)
 (12 352 328) (329 353 360 200) (330 100 360 354) (201 361 331 355 362)
 (50 332 356 360) (361 202 357 364 333) (362 364 101 334 358)
 (335 359 203 365 366 363) (6 352 336) (337 353 368 208) (354 338 368 104)
 (209 369 339 355 370) (52 340 356 368) (369 210 357 372 341)
 (105 370 372 342 358) (343 359 371 211 373 374) (13 360 368 344)
 (345 361 369 376 216) (370 346 108 376 362) (347 377 371 217 378 363)
 (372 348 364 54 376) (349 365 373 377 218 380) (350 366 374 378 380 109)
 (367 382 351 375 219 381 379) (1 320) (384 321 288) (384 322 144)
 (289 385 323 386) (324 384 72) (385 290 388 325) (145 386 388 326)
 (291 389 387 327 390) (18 384 328) (329 385 392 296) (330 148 392 386)
 (297 393 331 387 394) (74 332 388 392) (393 298 396 333 389)
 (394 396 149 334 390) (335 391 395 397 398 299) (9 384 336) (337 385 400 304)
 (338 386 400 152) (305 401 339 387 402) (340 76 388 400) (401 306 404 341 389)
 (153 402 404 342 390) (343 391 307 403 405 406) (19 392 400 344)
 (345 393 408 401 312) (346 402 156 408 394) (347 409 403 313 410 395)
 (404 348 78 396 408) (397 349 405 409 314 412) (350 398 406 410 412 157)
 (399 414 351 407 315 413 411) NIL (416 320) (416 160) (417 321 418) (80 416)
 (417 322 420) (420 161 418) (419 421 323 422) (416 40) (417 324 424)
 (162 424 418) (419 425 325 426) (81 424 420) (421 425 428 326)
 (422 163 428 426) (423 429 427 327 430) (416 20) (432 164 418) (82 432 420)
 (433 422 165 434) (41 432 424) (433 426 436 166) (436 434 83 428)
 (435 437 430 167 438) (416 10) (417 440 328) (168 440 418) (419 329 441 442)
 (84 440 420) (421 330 441 444) (169 422 444 442) (446 423 445 331 443)
 (42 440 424) (425 441 332 448) (426 448 442 170) (449 450 427 333 443)
 (428 85 444 448) (449 445 452 429 334) (450 171 452 430 446)
 (431 335 447 451 453 454) (21 440 432) (433 442 172 456) (434 444 86 456)
 (457 458 435 173 446) (43 436 456 448) (457 450 460 437 174)
 (458 460 452 438 87) (439 459 461 462 175 454) (416 5) (417 464 336)
 (464 176 418) (419 337 465 466) (464 88 420) (421 338 468 465)
 (177 422 468 466) (469 423 467 339 470) (464 44 424) (425 465 340 472)
 (426 472 466 178) (473 474 427 341 467) (89 468 428 472) (473 469 476 429 342)
 (474 179 476 430 470) (431 343 471 475 477 478) (22 464 432) (433 466 180 480)
 (434 480 468 90) (481 482 435 181 470) (480 436 45 472) (481 474 484 437 182)
 (484 482 91 476 438) (483 485 486 183 478 439) (11 464 440) (441 465 488 344)
 (442 488 466 184) (345 489 443 467 490) (92 468 444 488) (469 346 492 445 489)
 (185 490 492 446 470) (347 493 494 447 471 491) (488 472 46 448)
 (449 473 348 489 496) (450 496 490 474 186) (491 349 497 498 451 475)
 (492 476 452 93 496) (493 350 497 500 453 477) (494 498 500 454 187 478)
 (495 499 501 351 455 479 502) (488 23 480 456) (457 481 188 504 490)
 (504 458 492 94 482) (483 494 505 506 459 189) (484 504 460 47 496)
 (485 498 505 508 461 190) (486 95 500 506 508 462)
 (487 463 507 509 510 191 502) (416 3) (417 512 352) (192 512 418)
 (419 353 513 514) (96 512 420) (421 354 513 516) (193 422 516 514)
 (518 423 517 355 515) (48 512 424) (425 513 356 520) (426 520 514 194)
 (521 522 427 357 515) (97 428 516 520) (521 517 524 429 358)
 (522 195 524 430 518) (431 359 523 525 526 519) (24 512 432) (433 514 196 528)
 (434 516 528 98) (529 530 435 197 518) (49 436 528 520) (529 522 532 437 198)
 (532 530 99 524 438) (199 526 531 533 534 439) (12 512 440) (441 513 536 360)
 (442 536 514 200) (361 537 443 515 538) (100 444 516 536)
 (537 362 517 445 540) (201 538 540 446 518) (519 363 447 539 541 542)
 (50 520 536 448) (449 521 364 537 544) (450 544 538 522 202)
 (545 546 523 365 451 539) (540 452 101 524 544) (545 548 525 366 453 541)
 (546 548 203 526 454 542) (547 549 550 367 527 455 543) (528 25 536 456)
 (457 529 204 552 538) (458 540 102 552 530) (553 554 205 531 459 542)
 (51 460 532 552 544) (546 553 556 206 533 461) (548 554 556 534 103 462)
 (550 555 557 558 207 535 463) (6 512 464) (465 513 560 368) (466 560 514 208)
 (369 561 467 515 562) (468 516 560 104) (561 370 517 469 564)
 (209 562 564 470 518) (519 371 563 565 566 471) (52 520 560 472)
 (473 521 372 561 568) (474 562 568 522 210) (523 563 373 569 570 475)
 (105 476 524 564 568) (525 565 374 569 572 477) (526 211 566 570 572 478)
 (375 527 567 571 573 574 479) (528 26 560 480) (481 529 212 576 562)
 (482 564 576 530 106) (577 578 483 531 213 566) (484 53 532 576 568)
 (577 580 485 533 214 570) (578 580 486 534 107 572)
 (579 581 535 487 215 574 582) (13 536 560 488) (489 537 584 561 376)
 (490 562 584 538 216) (585 586 491 563 377 539) (108 492 540 564 584)
 (585 588 493 565 378 541) (586 588 494 566 217 542)
 (587 589 590 495 567 379 543) (544 584 54 568 496) (545 585 592 497 569 380)
 (546 586 592 498 218 570) (547 587 593 594 499 571 381)
 (548 588 592 500 572 109) (549 589 593 596 501 573 382)
 (550 590 594 596 502 219 574) (551 591 595 597 383 503 575 598)
 (552 576 584 27 504) (577 553 586 600 505 220) (578 554 588 600 506 110)
 (579 555 590 601 602 507 221) (580 556 55 592 600 508)
 (581 557 594 601 604 509 222) (582 558 596 602 604 510 111)
 (583 559 511 603 605 606 223 598) (416 2) (224 608 418) (112 608 420)
 (225 422 609 610) (56 608 424) (609 426 612 226) (113 610 612 428)
 (613 227 611 430 614) (28 608 432) (433 609 228 616) (434 616 610 114)
 (617 618 435 229 611) (57 612 436 616) (617 613 620 437 230)
 (618 115 620 438 614) (231 615 619 621 622 439) (14 608 440) (609 442 624 232)
 (610 444 116 624) (233 625 611 446 626) (624 58 612 448) (625 450 628 613 234)
 (628 626 452 117 614) (615 235 627 629 454 630) (29 624 616 456)
 (457 617 236 625 632) (458 632 626 118 618) (619 237 627 633 634 459)
 (620 628 59 460 632) (621 238 629 633 636 461) (119 622 630 634 636 462)
 (623 239 631 635 637 638 463) (7 608 464) (609 466 640 240) (640 610 468 120)
 (241 641 611 470 642) (612 640 60 472) (641 474 644 613 242)
 (121 642 476 614 644) (643 645 646 615 243 478) (640 30 616 480)
 (481 617 244 648 641) (482 648 618 642 122) (483 649 650 619 643 245)
 (620 644 484 61 648) (485 649 652 621 246 645) (646 650 123 652 622 486)
 (487 647 651 653 654 623 247) (640 624 15 488) (625 490 656 641 248)
 (626 492 656 124 642) (643 494 657 658 627 249) (644 628 656 62 496)
 (645 657 498 660 629 250) (646 500 125 658 660 630)
 (647 659 661 502 631 251 662) (648 31 632 656 504) (649 657 633 664 505 252)
 (650 126 658 664 506 634) (651 659 665 666 507 253 635)
 (508 652 660 63 664 636) (509 653 661 665 668 637 254)
 (654 127 638 662 666 668 510) (511 655 255 663 667 669 670 639) (4 608 512)
 (609 514 672 256) (610 516 672 128) (257 673 611 518 674) (612 672 64 520)
 (673 522 676 613 258) (129 674 676 524 614) (259 677 678 615 675 526)
 (616 672 32 528) (529 617 673 260 680) (530 680 618 674 130)
 (675 261 681 682 619 531) (65 620 532 676 680) (677 262 681 684 621 533)
 (678 682 684 622 131 534) (263 679 683 685 686 623 535) (672 624 16 536)
 (625 538 673 688 264) (626 688 540 132 674) (675 265 689 690 627 542)
 (66 676 628 688 544) (546 677 266 689 692 629) (548 678 690 692 133 630)
 (550 679 267 691 693 694 631) (680 632 33 688 552) (553 268 689 681 696 633)
 (554 690 134 696 634 682) (555 269 691 697 698 635 683)
 (684 556 692 696 67 636) (557 685 270 693 697 700 637)
 (686 558 694 135 698 700 638) (559 687 271 695 699 701 702 639)
 (672 8 640 560) (641 562 673 704 272) (642 704 564 674 136)
 (705 706 643 675 273 566) (644 676 68 704 568) (705 708 677 645 274 570)
 (706 708 646 137 572 678) (707 709 647 679 275 574 710) (680 648 704 34 576)
 (577 705 712 649 681 276) (578 706 650 712 682 138)
 (579 713 714 651 707 277 683) (684 712 652 580 708 69)
 (581 713 653 716 685 278 709) (710 714 716 686 654 139 582)
 (583 711 715 717 718 655 687 279) (688 656 704 17 584)
 (705 689 586 720 657 280) (706 690 588 720 658 140)
 (707 691 590 721 722 659 281) (708 660 720 692 592 70)
 (709 721 594 724 693 282 661) (710 724 722 596 662 141 694)
 (663 711 723 725 598 695 283 726) (712 664 600 35 720 696)
 (697 713 721 665 728 601 284) (714 728 722 666 698 602 142)
 (715 699 723 729 730 603 285 667) (700 604 716 724 728 668 71)
 (605 669 717 725 729 732 701 286) (670 718 606 726 730 732 702 143)
 (607 719 287 703 727 731 733 734 671) (416 1) (417 736 384) (288 736 418)
 (419 385 737 738) (144 736 420) (421 386 740 737) (289 422 740 738)
 (739 423 741 387 742) (72 736 424) (425 737 388 744) (426 738 744 290)
 (745 746 427 389 739) (145 428 744 740) (745 741 748 429 390)
 (746 291 748 430 742) (391 743 747 749 750 431) (36 736 432) (433 738 292 752)
 (434 740 752 146) (753 754 435 293 742) (73 436 752 744) (753 746 756 437 294)
 (754 147 748 438 756) (295 750 755 757 758 439) (18 736 440) (441 737 760 392)
 (442 738 760 296) (393 761 443 739 762) (444 148 760 740)
 (761 394 764 445 741) (297 762 764 446 742) (743 395 447 763 765 766)
 (74 744 760 448) (449 745 396 761 768) (450 746 768 762 298)
 (769 770 747 397 451 763) (768 452 149 764 748) (769 772 749 398 453 765)
 (770 772 299 750 454 766) (771 773 774 751 399 455 767) (752 37 760 456)
 (457 753 776 300 762) (776 458 764 150 754) (777 778 301 755 459 766)
 (776 75 460 768 756) (770 777 780 302 757 461) (772 778 780 758 151 462)
 (774 779 781 782 303 759 463) (9 736 464) (465 737 784 400) (784 466 738 304)
 (401 785 467 739 786) (784 468 740 152) (785 402 788 469 741)
 (305 786 788 470 742) (743 787 403 789 790 471) (784 76 744 472)
 (473 745 404 785 792) (792 474 746 786 306) (747 787 405 793 794 475)
 (153 792 788 476 748) (749 789 406 793 796 477) (750 307 790 794 796 478)
 (407 751 791 795 797 798 479) (784 752 38 480) (481 753 800 308 786)
 (788 482 800 754 154) (801 802 483 755 309 790) (792 800 484 77 756)
 (801 804 485 757 310 794) (802 804 486 758 155 796)
 (803 805 311 487 759 798 806) (784 19 760 488) (489 761 808 785 408)
 (490 762 786 808 312) (809 810 491 787 409 763) (788 808 492 156 764)
 (809 812 493 789 410 765) (810 812 494 790 313 766)
 (811 813 814 495 791 411 767) (792 808 768 78 496) (769 809 816 497 793 412)
 (770 810 816 498 314 794) (771 811 817 818 499 795 413)
 (772 812 816 500 796 157) (773 813 817 820 501 797 414)
 (774 814 818 820 502 315 798) (775 815 819 821 415 503 799 822)
 (800 808 776 39 504) (801 777 810 824 505 316) (802 778 812 824 506 158)
 (803 779 814 825 826 507 317) (804 780 79 816 824 508)
 (805 781 818 825 828 509 318) (806 782 820 826 828 510 159)
 (807 783 511 827 829 830 319 822) NIL (832 416) (832 320) (417 834 833)
 (832 160) (836 833 418) (834 321 836) (419 835 838 837) (832 80) (840 833 420)
 (834 840 322) (421 835 841 842) (836 840 161) (422 837 841 844)
 (838 842 323 844) (845 846 423 839 843) (832 40) (848 833 424) (834 324 848)
 (425 849 835 850) (836 848 162) (849 426 837 852) (850 852 838 325)
 (853 427 839 851 854) (81 840 848) (849 428 841 856) (850 856 842 326)
 (857 858 851 429 843) (856 163 852 844) (845 857 860 853 430)
 (846 860 854 327 858) (431 847 855 859 861 862) (832 10) (864 833 440)
 (834 864 328) (441 865 835 866) (836 864 168) (865 442 837 868)
 (329 866 838 868) (869 443 839 867 870) (840 84 864) (865 444 841 872)
 (330 872 842 866) (873 874 867 445 843) (169 868 872 844)
 (845 873 876 869 446) (846 331 876 870 874) (871 875 877 878 447 847)
 (42 864 848) (849 865 880 448) (850 332 880 866) (449 881 851 867 882)
 (170 852 868 880) (881 450 884 853 869) (882 884 333 854 870)
 (871 451 855 883 885 886) (872 85 880 856) (857 873 452 881 888)
 (858 882 888 334 874) (875 859 883 453 889 890) (171 860 888 876 884)
 (877 885 454 889 861 892) (335 878 886 890 892 862)
 (455 863 879 887 891 893 894) (832 5) (896 833 464) (834 896 336)
 (465 897 835 898) (836 896 176) (897 466 837 900) (337 898 838 900)
 (901 467 839 899 902) (896 840 88) (897 468 841 904) (338 904 842 898)
 (905 906 899 469 843) (177 900 904 844) (845 905 908 901 470)
 (846 339 908 902 906) (903 847 909 910 471 907) (896 44 848) (849 897 912 472)
 (850 340 912 898) (473 913 851 899 914) (178 852 900 912)
 (913 474 901 916 853) (914 916 341 854 902) (903 855 915 917 918 475)
 (89 904 912 856) (857 905 913 476 920) (914 858 920 342 906)
 (907 915 859 921 922 477) (179 860 908 916 920) (909 917 921 861 924 478)
 (343 910 918 922 924 862) (863 911 919 923 925 926 479) (11 896 864)
 (865 897 928 488) (898 866 928 344) (489 929 867 899 930) (868 900 928 184)
 (929 490 901 932 869) (345 930 932 870 902) (871 931 933 934 903 491)
 (92 904 928 872) (873 905 492 929 936) (906 874 936 930 346)
 (931 937 938 875 493 907) (185 876 908 932 936) (933 937 877 940 909 494)
 (934 938 347 940 878 910) (935 939 941 942 495 879 911) (912 928 46 880)
 (881 913 929 944 496) (882 348 944 930 914) (945 931 915 497 946 883)
 (186 884 916 932 944) (933 945 498 948 917 885) (934 349 946 948 886 918)
 (887 935 947 499 949 950 919) (944 920 93 936 888) (937 945 921 500 952 889)
 (922 938 350 946 952 890) (939 947 501 953 954 891 923)
 (924 940 948 952 187 892) (893 941 949 502 953 956 925)
 (942 351 926 950 954 956 894) (503 943 927 951 955 957 958 895) (832 3)
 (960 833 512) (834 960 352) (513 961 835 962) (836 960 192) (961 514 837 964)
 (353 962 838 964) (965 515 839 963 966) (840 960 96) (961 516 841 968)
 (354 968 842 962) (969 970 963 517 843) (193 968 964 844)
 (845 969 972 965 518) (846 355 972 966 970) (519 967 847 973 974 971)
 (48 960 848) (849 961 976 520) (976 850 356 962) (521 977 851 963 978)
 (964 194 852 976) (977 522 980 853 965) (978 980 357 854 966)
 (967 523 855 979 981 982) (97 976 968 856) (857 969 524 977 984)
 (858 984 978 358 970) (971 525 979 859 985 986) (972 980 195 860 984)
 (973 526 861 985 981 988) (359 974 982 986 988 862)
 (863 975 527 983 987 989 990) (12 960 864) (865 961 992 536) (866 992 962 360)
 (537 993 867 963 994) (964 992 868 200) (993 538 996 869 965)
 (361 994 996 870 966) (995 997 871 967 539 998) (968 992 100 872)
 (873 969 540 1000 993) (874 1000 970 994 362) (995 1001 1002 875 541 971)
 (201 972 876 996 1000) (997 1001 877 1004 973 542) (998 1002 363 1004 878 974)
 (999 1003 1005 1006 975 879 543) (992 50 976 880) (881 977 1008 993 544)
 (882 364 994 1008 978) (545 995 979 1009 1010 883) (980 202 884 996 1008)
 (546 997 1009 1012 885 981) (998 365 1010 1012 886 982)
 (547 887 999 1011 1013 1014 983) (1000 984 101 1008 888)
 (548 1001 1009 985 1016 889) (1002 986 366 1010 1016 890)
 (549 1003 1011 1017 1018 891 987) (892 203 1004 1012 1016 988)
 (550 893 1005 1013 1017 1020 989) (1006 367 990 1014 1018 1020 894)
 (551 1007 895 1015 1019 1021 1022 991) (6 960 896) (897 961 1024 560)
 (898 1024 962 368) (561 1025 899 963 1026) (964 1024 900 208)
 (1025 562 1028 901 965) (369 1026 1028 902 966) (1027 1029 903 967 563 1030)
 (968 1024 104 904) (905 969 564 1025 1032) (906 1032 970 1026 370)
 (1027 1033 1034 907 565 971) (209 972 1028 908 1032)
 (1029 1033 909 1036 973 566) (1030 1034 1036 910 974 371)
 (1031 1035 1037 1038 975 911 567) (976 1024 52 912) (913 977 1040 1025 568)
 (914 1040 372 1026 978) (1027 979 1041 1042 915 569) (980 210 1028 916 1040)
 (1029 1041 1044 917 981 570) (1030 1042 1044 373 918 982)
 (919 1031 1043 1045 1046 983 571) (105 1040 1032 984 920)
 (1033 1041 985 1048 921 572) (1034 986 1042 374 1048 922)
 (1035 1043 1049 1050 923 573 987) (924 1036 211 1044 1048 988)
 (925 1037 1045 1049 1052 989 574) (1038 990 1046 375 1050 1052 926)
 (1039 927 575 1047 1051 1053 1054 991) (1024 13 992 928)
 (929 993 1056 1025 584) (930 1056 994 1026 376) (1057 1058 931 585 1027 995)
 (1056 996 1028 932 216) (1057 1060 1029 586 997 933)
 (1058 1060 934 998 377 1030) (1059 1061 999 1031 935 587 1062)
 (1056 1000 1032 108 936) (1057 1064 937 588 1033 1001)
 (1058 1064 938 1034 1002 378) (1059 1065 1066 939 1003 589 1035)
 (1036 1064 1004 1060 217 940) (1061 1065 1005 1068 1037 590 941)
 (1006 1062 1066 1068 942 1038 379) (591 1063 1067 1069 1070 1007 1039 943)
 (1056 1040 1008 54 944) (1057 1009 1041 1072 945 592)
 (1058 1042 1072 946 380 1010) (1073 1059 1043 593 1074 947 1011)
 (1060 948 1072 1044 218 1012) (1061 1073 594 1076 1045 1013 949)
 (1062 1014 1074 1076 950 381 1046) (1015 1063 951 595 1075 1077 1078 1047)
 (952 1064 1016 1072 1048 109) (1065 1073 1017 596 1049 1080 953)
 (1066 1080 1018 1074 1050 954 382) (1067 1019 1075 597 1081 1082 955 1051)
 (1020 1068 1076 1080 219 1052 956) (1084 1021 1069 1077 598 1081 957 1053)
 (1022 1070 958 1078 1082 1084 1054 383)
 (599 1071 1055 1079 959 1083 1085 1086 1023) NIL (1088 416) (1088 320)
 (417 1090 1089) (1088 160) (1092 1089 418) (1090 1092 321)
 (419 1091 1093 1094) (1088 80) (1096 1089 420) (1096 1090 322)
 (421 1097 1091 1098) (1096 161 1092) (422 1097 1093 1100) (1100 1098 323 1094)
 (1095 1101 423 1099 1102) (1088 40) (1104 1089 424) (324 1090 1104)
 (425 1105 1091 1106) (162 1092 1104) (1105 426 1108 1093) (1106 1108 325 1094)
 (1095 427 1109 1107 1110) (81 1096 1104) (1105 428 1097 1112)
 (1106 1112 1098 326) (1113 1114 1107 429 1099) (1112 163 1108 1100)
 (1101 1113 1116 1109 430) (1102 1116 1110 327 1114)
 (1115 1117 1118 431 1103 1111) (1088 10) (1120 1089 440) (1090 1120 328)
 (441 1121 1091 1122) (1120 1092 168) (1121 442 1124 1093) (329 1122 1124 1094)
 (1095 443 1125 1123 1126) (1096 84 1120) (1121 444 1097 1128)
 (330 1128 1098 1122) (1129 1130 1123 445 1099) (169 1124 1128 1100)
 (1101 1129 1132 1125 446) (1102 331 1132 1126 1130)
 (1127 1131 1133 1134 447 1103) (42 1120 1104) (1105 1121 1136 448)
 (1106 332 1136 1122) (449 1137 1107 1123 1138) (170 1108 1136 1124)
 (1137 450 1140 1109 1125) (1138 1140 333 1110 1126)
 (1127 451 1139 1141 1142 1111) (1128 85 1136 1112) (1113 1129 452 1137 1144)
 (1114 1138 1144 334 1130) (1115 1131 1139 453 1145 1146)
 (171 1116 1140 1144 1132) (1117 1133 1141 454 1145 1148)
 (1118 335 1134 1142 1146 1148) (1143 1119 1135 455 1147 1149 1150) (1088 5)
 (1152 1089 464) (1090 1152 336) (465 1153 1091 1154) (1152 1092 176)
 (1153 466 1156 1093) (337 1154 1156 1094) (1095 467 1157 1155 1158)
 (1096 1152 88) (1153 468 1097 1160) (338 1160 1098 1154)
 (1161 1162 1155 469 1099) (177 1156 1160 1100) (1101 1161 1164 1157 470)
 (1102 339 1164 1158 1162) (1159 1163 1165 1166 1103 471) (44 1152 1104)
 (1105 1153 1168 472) (1106 340 1168 1154) (473 1169 1107 1155 1170)
 (178 1108 1156 1168) (1169 474 1172 1109 1157) (1170 1172 341 1110 1158)
 (1159 1171 1173 1174 475 1111) (89 1160 1168 1112) (1113 1161 476 1169 1176)
 (1114 1170 1176 342 1162) (1115 1163 1171 1177 1178 477)
 (179 1116 1176 1164 1172) (1117 1165 1173 1177 1180 478)
 (1118 343 1166 1174 1178 1180) (1119 1167 1175 1179 1181 1182 479)
 (11 1152 1120) (1121 1153 1184 488) (1122 1154 1184 344)
 (489 1185 1123 1155 1186) (1124 1184 1156 184) (1185 490 1188 1125 1157)
 (345 1186 1188 1126 1158) (1187 1189 1127 1159 491 1190) (92 1184 1160 1128)
 (1129 1161 492 1185 1192) (1130 1162 1186 1192 346)
 (1187 1193 1194 1131 493 1163) (185 1132 1192 1164 1188)
 (1189 1193 1133 1196 1165 494) (1190 1194 347 1196 1134 1166)
 (1191 1195 1197 1198 1167 1135 495) (1168 46 1184 1136)
 (1137 1169 1200 1185 496) (1186 1138 348 1200 1170)
 (1201 1187 1171 497 1202 1139) (186 1140 1200 1172 1188)
 (1189 1201 498 1204 1141 1173) (1190 349 1202 1204 1142 1174)
 (1143 1191 1203 499 1205 1206 1175) (1200 1176 93 1192 1144)
 (1193 1201 1177 500 1208 1145) (1178 1194 350 1202 1208 1146)
 (1195 1203 501 1209 1210 1147 1179) (1180 1196 1204 1208 187 1148)
 (1149 1197 1205 502 1209 1212 1181) (1198 351 1182 1206 1210 1212 1150)
 (1207 1199 1151 503 1211 1213 1214 1183) (1088 3) (1216 1089 512)
 (1216 1090 352) (513 1217 1091 1218) (1216 1092 192) (1217 514 1220 1093)
 (353 1218 1220 1094) (1095 515 1221 1219 1222) (1216 1096 96)
 (1217 516 1097 1224) (354 1224 1098 1218) (1225 1226 1219 517 1099)
 (193 1220 1224 1100) (1101 1225 1228 1221 518) (1102 355 1228 1222 1226)
 (519 1223 1227 1229 1230 1103) (1216 48 1104) (1105 1217 1232 520)
 (1106 356 1232 1218) (521 1233 1107 1219 1234) (194 1108 1220 1232)
 (1233 522 1221 1236 1109) (1234 1236 357 1110 1222)
 (1223 523 1235 1237 1238 1111) (97 1224 1232 1112) (1113 1225 1233 524 1240)
 (1234 1114 1240 358 1226) (1115 1227 525 1235 1241 1242)
 (195 1116 1228 1236 1240) (1117 1229 526 1237 1241 1244)
 (1118 359 1230 1238 1242 1244) (1119 527 1231 1239 1243 1245 1246)
 (12 1216 1120) (1121 1217 1248 536) (1218 1122 1248 360)
 (537 1249 1123 1219 1250) (1124 1220 1248 200) (1249 538 1221 1252 1125)
 (361 1250 1252 1126 1222) (1127 1251 1253 1254 1223 539) (100 1224 1248 1128)
 (1129 1225 540 1249 1256) (1226 1130 1256 1250 362)
 (1251 1257 1258 1131 541 1227) (201 1132 1228 1252 1256)
 (1253 1257 1133 1260 1229 542) (1254 1258 363 1260 1134 1230)
 (1255 1259 1261 1262 1135 1231 543) (50 1232 1248 1136)
 (1137 1233 1249 1264 544) (1138 364 1264 1250 1234)
 (545 1251 1235 1265 1266 1139) (202 1140 1236 1252 1264)
 (546 1253 1265 1268 1237 1141) (1254 365 1266 1268 1142 1238)
 (547 1143 1255 1267 1269 1270 1239) (1264 1240 101 1256 1144)
 (548 1257 1265 1241 1272 1145) (1258 366 1242 1266 1272 1146)
 (549 1259 1267 1273 1274 1147 1243) (1244 203 1260 1268 1272 1148)
 (550 1149 1261 1269 1273 1276 1245) (1262 367 1246 1270 1274 1276 1150)
 (551 1263 1247 1271 1275 1277 1278 1151) (6 1216 1152) (1153 1217 1280 560)
 (1218 1154 1280 368) (561 1281 1155 1219 1282) (1156 1220 1280 208)
 (1281 562 1221 1284 1157) (369 1282 1284 1158 1222)
 (1283 1285 1159 1223 563 1286) (104 1224 1280 1160) (1161 1225 564 1281 1288)
 (1226 1162 1282 1288 370) (1283 1289 1290 1163 565 1227)
 (209 1164 1228 1284 1288) (1285 1289 1165 1292 1229 566)
 (1286 1290 1292 1166 1230 371) (1287 1291 1293 1294 1167 1231 567)
 (52 1232 1280 1168) (1169 1233 1296 1281 568) (1170 1282 372 1296 1234)
 (1283 1235 1297 1298 1171 569) (210 1172 1236 1284 1296)
 (1285 1173 1297 1300 1237 570) (1286 1298 1300 373 1174 1238)
 (1175 1287 1299 1301 1302 1239 571) (105 1240 1296 1288 1176)
 (1289 1297 1241 1304 1177 572) (1290 1242 1298 374 1304 1178)
 (1291 1299 1305 1306 1179 573 1243) (1244 1292 211 1300 1304 1180)
 (1181 1293 1301 1305 1308 1245 574) (1294 1246 1302 375 1306 1308 1182)
 (1247 1295 1183 1303 1307 1309 1310 575) (13 1248 1280 1184)
 (1185 1249 1312 1281 584) (1186 1282 1312 1250 376)
 (1313 1314 1283 585 1187 1251) (1188 1312 1252 1284 216)
 (1313 1316 1253 586 1189 1285) (1314 1316 1286 377 1254 1190)
 (1315 1317 1255 1287 1191 587 1318) (108 1312 1256 1288 1192)
 (1313 1320 1193 588 1257 1289) (1314 1320 1194 1258 1290 378)
 (1315 1321 1322 1291 589 1259 1195) (1260 1320 1196 1292 1316 217)
 (1317 1321 1293 1324 1261 590 1197) (1318 1322 1324 1294 1262 1198 379)
 (1319 1263 1323 1325 1326 1295 591 1199) (1264 1312 54 1296 1200)
 (1313 1265 1297 1328 1201 592) (1314 1266 1298 1328 1202 380)
 (1329 1315 1203 593 1330 1299 1267) (1316 1328 1204 218 1268 1300)
 (1317 1329 594 1332 1269 1205 1301) (1318 1330 1332 1302 1270 381 1206)
 (1271 1319 1207 1331 595 1333 1334 1303) (1208 1320 1304 1328 1272 109)
 (1321 1329 1273 596 1305 1336 1209) (1322 1336 1330 1274 1306 1210 382)
 (1323 1275 1331 597 1337 1338 1307 1211) (1276 1324 1308 1332 1336 219 1212)
 (1309 1325 1333 598 1337 1340 1277 1213)
 (1278 1326 1214 1334 1338 1340 1310 383)
 (599 1279 1327 1215 1335 1339 1341 1342 1311) (1088 1) (1344 1089 736)
 (1344 1090 384) (737 1345 1091 1346) (1344 1092 288) (1345 738 1348 1093)
 (385 1346 1348 1094) (1095 739 1349 1347 1350) (1344 1096 144)
 (1345 740 1097 1352) (386 1352 1098 1346) (1353 1354 1347 741 1099)
 (289 1352 1348 1100) (1101 1353 1356 1349 742) (1102 387 1356 1350 1354)
 (743 1351 1355 1357 1358 1103) (1344 72 1104) (1105 1345 1360 744)
 (1106 1360 388 1346) (745 1361 1107 1347 1362) (290 1348 1108 1360)
 (1349 746 1361 1364 1109) (1362 1364 389 1110 1350)
 (1351 747 1363 1365 1366 1111) (145 1360 1352 1112) (1113 1353 1361 748 1368)
 (1114 1368 390 1362 1354) (1115 1355 749 1363 1369 1370)
 (291 1116 1356 1364 1368) (1117 1357 750 1365 1369 1372)
 (1118 391 1358 1366 1370 1372) (1119 1359 751 1367 1371 1373 1374)
 (18 1344 1120) (1121 1345 1376 760) (1122 1376 1346 392)
 (761 1377 1123 1347 1378) (1348 1124 1376 296) (1349 762 1380 1125 1377)
 (393 1378 1380 1126 1350) (1379 1381 1127 1351 763 1382) (1352 148 1376 1128)
 (1129 1353 764 1384 1377) (1130 1384 1378 1354 394)
 (1379 1385 1386 1131 765 1355) (297 1380 1356 1132 1384)
 (1381 1385 1133 1388 1357 766) (1382 1386 395 1388 1134 1358)
 (1383 1387 1389 1390 1359 1135 767) (74 1376 1360 1136)
 (1137 1361 1392 1377 768) (1138 396 1378 1392 1362)
 (769 1379 1363 1393 1394 1139) (298 1364 1140 1380 1392)
 (770 1381 1393 1396 1365 1141) (1382 397 1394 1396 1142 1366)
 (771 1143 1383 1395 1397 1398 1367) (1384 1368 149 1392 1144)
 (772 1385 1393 1369 1400 1145) (1386 398 1370 1394 1400 1146)
 (773 1387 1395 1401 1402 1147 1371) (1372 299 1388 1396 1400 1148)
 (774 1149 1389 1397 1401 1404 1373) (1390 399 1374 1398 1402 1404 1150)
 (775 1391 1151 1399 1403 1405 1406 1375) (9 1344 1152) (1153 1345 1408 784)
 (1154 1408 1346 400) (785 1409 1155 1347 1410) (1408 1348 1156 304)
 (1349 786 1409 1412 1157) (401 1410 1412 1158 1350)
 (1411 1413 1159 1351 787 1414) (1408 1352 152 1160) (1161 1353 1409 788 1416)
 (1410 1162 1416 1354 402) (1411 1417 1418 1163 789 1355)
 (305 1356 1164 1412 1416) (1413 1417 1165 1420 1357 790)
 (1414 1418 1420 1166 1358 403) (1415 1419 1421 1422 1359 1167 791)
 (1408 1360 76 1168) (1169 1361 1409 1424 792) (1410 1170 404 1424 1362)
 (1411 1363 1425 1426 1171 793) (306 1364 1172 1412 1424)
 (1413 1173 1425 1428 1365 794) (1414 1426 1428 405 1174 1366)
 (1175 1415 1427 1429 1430 1367 795) (153 1368 1416 1424 1176)
 (1417 1425 1369 1432 1177 796) (1418 1370 1426 406 1432 1178)
 (1419 1427 1433 1434 1179 797 1371) (1372 1420 307 1428 1432 1180)
 (1181 1421 1429 1433 1436 1373 798) (1422 1374 1430 407 1434 1436 1182)
 (1423 799 1431 1183 1435 1437 1438 1375) (1408 19 1376 1184)
 (1185 1377 1409 1440 808) (1410 1186 1440 1378 408)
 (1441 1442 1187 809 1379 1411) (1380 1188 1412 1440 312)
 (1441 1444 1413 810 1189 1381) (1442 1444 1414 1382 409 1190)
 (1443 1445 1383 1415 1191 811 1446) (1384 156 1416 1440 1192)
 (1441 1448 1193 812 1385 1417) (1442 1448 1418 1386 1194 410)
 (1443 1449 1450 1195 813 1419 1387) (1196 1448 1388 1420 1444 313)
 (1445 1449 1421 1452 1389 814 1197) (1446 1390 1450 1452 1422 1198 411)
 (815 1447 1451 1453 1454 1423 1391 1199) (1392 1424 78 1440 1200)
 (1441 1393 1425 1456 1201 816) (1442 1202 1456 1426 412 1394)
 (1457 1443 1395 817 1458 1203 1427) (1444 1456 1204 314 1396 1428)
 (1445 1457 818 1460 1429 1205 1397) (1446 1458 1460 1430 1398 413 1206)
 (1399 1447 1207 1459 819 1461 1462 1431) (1208 1448 1432 1456 1400 157)
 (1449 1457 1401 1433 820 1464 1209) (1450 1464 1402 1458 1210 1434 414)
 (1451 1435 1459 821 1465 1466 1211 1403) (1212 1452 1436 1460 1464 315 1404)
 (1437 1453 1461 822 1465 1468 1405 1213)
 (1406 1454 1214 1462 1466 1468 1438 415)
 (823 1455 1407 1463 1215 1467 1469 1470 1439) NIL (1472 416) (1472 160)
 (1474 1473 418) (1472 80) (1476 1473 420) (1474 1476 161) (422 1475 1477 1478)
 (1472 40) (1480 1473 424) (1474 1480 162) (1481 426 1475 1482) (81 1476 1480)
 (1481 1484 428 1477) (1482 163 1484 1478) (1483 1485 430 1479 1486) (1472 20)
 (1488 1473 432) (1474 164 1488) (433 1489 1475 1490) (82 1476 1488)
 (1489 434 1492 1477) (1490 1492 165 1478) (435 1493 1491 1479 1494)
 (41 1488 1480) (1481 1489 436 1496) (1482 1496 166 1490)
 (1497 1498 1483 437 1491) (83 1484 1492 1496) (1497 1493 1500 1485 438)
 (1498 1500 1486 167 1494) (1495 1499 1501 1502 1487 439) (1472 10)
 (1504 1473 440) (1474 1504 168) (1505 442 1475 1506) (1476 84 1504)
 (1505 1508 444 1477) (169 1506 1508 1478) (1507 1509 446 1479 1510)
 (42 1504 1480) (1481 1505 1512 448) (1482 1512 1506 170)
 (1513 450 1483 1507 1514) (1508 1484 85 1512) (1513 1509 452 1485 1516)
 (1514 171 1516 1486 1510) (1511 1515 1517 1518 1487 454) (21 1504 1488)
 (1489 1505 1520 456) (1520 1490 172 1506) (457 1521 1491 1507 1522)
 (1508 1492 86 1520) (1521 458 1524 1493 1509) (1522 1524 173 1494 1510)
 (1495 1511 1523 1525 1526 459) (1520 43 1512 1496) (1497 1513 460 1521 1528)
 (1498 1528 1522 174 1514) (1499 1523 1529 1530 461 1515)
 (1516 1524 1500 87 1528) (1501 1517 1525 1529 1532 462)
 (1502 1518 1526 1530 1532 175) (1519 1503 1527 1531 1533 1534 463) (1472 5)
 (1536 1473 464) (1474 1536 176) (1537 466 1475 1538) (1476 1536 88)
 (1537 1540 468 1477) (177 1538 1540 1478) (1539 1541 470 1479 1542)
 (44 1536 1480) (1481 1537 1544 472) (1482 1544 1538 178)
 (1545 474 1483 1539 1546) (89 1540 1484 1544) (1545 1541 476 1485 1548)
 (1546 179 1548 1486 1542) (1543 1547 1549 1550 1487 478) (22 1536 1488)
 (1489 1537 1552 480) (1552 1490 180 1538) (481 1553 1491 1539 1554)
 (1540 90 1492 1552) (1553 482 1556 1493 1541) (1554 1556 181 1494 1542)
 (483 1495 1543 1555 1557 1558) (1552 1544 45 1496) (1497 1545 484 1553 1560)
 (1498 1560 1554 182 1546) (485 1499 1555 1561 1562 1547)
 (1548 1556 91 1500 1560) (486 1501 1549 1557 1561 1564)
 (1502 1550 1558 183 1562 1564) (487 1551 1503 1559 1563 1565 1566)
 (11 1536 1504) (1505 1537 1568 488) (1506 1568 1538 184)
 (1569 490 1507 1539 1570) (1540 92 1508 1568) (1569 1541 492 1509 1572)
 (185 1570 1572 1510 1542) (1571 1573 1511 1543 494 1574) (1568 1544 46 1512)
 (1513 1545 1576 1569 496) (1514 1576 1546 1570 186)
 (1571 1577 1578 1515 498 1547) (1548 1572 1516 93 1576)
 (1573 1577 1517 1580 1549 500) (1574 1578 1580 1518 1550 187)
 (1575 1579 1581 1582 1551 1519 502) (1568 23 1552 1520)
 (1521 1553 1584 1569 504) (1522 188 1570 1584 1554)
 (1571 1555 1585 1586 1523 505) (1556 1572 1524 94 1584)
 (1573 1557 1585 1588 1525 506) (1574 1586 1588 1526 189 1558)
 (1527 1575 1587 1589 1590 1559 507) (1576 1560 1584 47 1528)
 (1577 1585 1561 1592 1529 508) (1562 1578 1586 1592 1530 190)
 (1579 1587 1593 1594 1531 509 1563) (1532 1580 95 1588 1592 1564)
 (1533 1581 1589 1593 1596 1565 510) (1582 1566 1590 1594 1596 1534 191)
 (1583 1535 511 1591 1595 1597 1598 1567) (1472 3) (1600 1473 512)
 (1474 1600 192) (1601 514 1475 1602) (1476 1600 96) (1601 1604 516 1477)
 (193 1602 1604 1478) (1603 1605 518 1479 1606) (48 1600 1480)
 (1481 1601 1608 520) (1482 1608 1602 194) (1609 522 1483 1603 1610)
 (97 1604 1484 1608) (1609 1605 1612 524 1485) (1610 195 1612 1486 1606)
 (1607 1611 1613 526 1487 1614) (24 1600 1488) (1489 1601 1616 528)
 (1616 1490 196 1602) (529 1617 1491 1603 1618) (1604 98 1492 1616)
 (1617 530 1620 1493 1605) (1618 1620 197 1494 1606)
 (1495 1607 1619 531 1621 1622) (49 1616 1608 1496) (1497 1609 532 1617 1624)
 (1498 1624 1618 198 1610) (1499 1619 533 1625 1626 1611)
 (1612 1620 99 1500 1624) (1501 1613 1621 534 1625 1628)
 (199 1502 1614 1622 1626 1628) (535 1615 1503 1623 1627 1629 1630)
 (12 1600 1504) (1505 1601 1632 536) (1506 1632 1602 200)
 (1633 538 1507 1603 1634) (1604 100 1508 1632) (1633 1605 540 1509 1636)
 (201 1634 1636 1510 1606) (1635 1637 1511 1607 542 1638) (1632 50 1608 1512)
 (1513 1609 1640 1633 544) (1514 1640 1610 1634 202)
 (546 1635 1641 1642 1515 1611) (1612 1636 1516 101 1640)
 (548 1637 1641 1517 1644 1613) (1638 1642 203 1644 1518 1614)
 (550 1639 1643 1645 1646 1615 1519) (1632 1616 25 1520)
 (1521 1617 1648 1633 552) (1522 204 1648 1634 1618)
 (1635 553 1619 1649 1650 1523) (1620 1636 1524 102 1648)
 (1637 554 1649 1652 1525 1621) (1638 205 1650 1652 1526 1622)
 (1527 1639 555 1651 1653 1654 1623) (1640 51 1624 1648 1528)
 (1641 556 1649 1625 1656 1529) (1642 206 1650 1626 1656 1530)
 (1643 557 1651 1657 1658 1531 1627) (1532 1644 1652 103 1656 1628)
 (1533 1645 558 1653 1657 1660 1629) (1646 207 1630 1654 1658 1660 1534)
 (1647 1535 559 1655 1659 1661 1662 1631) (6 1600 1536) (1537 1601 1664 560)
 (1538 1664 1602 208) (1665 562 1539 1603 1666) (1604 1664 1540 104)
 (1665 1605 1668 564 1541) (209 1666 1668 1542 1606)
 (1667 1669 1543 1607 566 1670) (1608 1664 52 1544) (1545 1609 1665 1672 568)
 (1546 1672 1610 1666 210) (1667 1673 1674 1547 570 1611)
 (105 1612 1548 1668 1672) (1669 1673 1549 1676 1613 572)
 (1670 1674 1676 1550 1614 211) (1671 1675 1677 1678 1615 1551 574)
 (1664 1616 26 1552) (1553 1617 1665 1680 576) (1554 1680 212 1666 1618)
 (577 1667 1619 1681 1682 1555) (1620 106 1668 1556 1680)
 (578 1669 1681 1684 1557 1621) (1670 1682 1684 213 1558 1622)
 (579 1559 1671 1683 1685 1686 1623) (1672 1624 53 1680 1560)
 (580 1673 1681 1625 1688 1561) (1674 1682 1626 214 1688 1562)
 (581 1675 1683 1689 1690 1563 1627) (1564 1676 1684 1688 107 1628)
 (582 1565 1677 1685 1689 1692 1629) (1678 1630 1686 215 1690 1692 1566)
 (583 1679 1567 1687 1691 1693 1694 1631) (1664 13 1632 1568)
 (1569 1633 1665 1696 584) (1570 1696 1634 1666 216)
 (1697 1698 1571 1635 586 1667) (1636 108 1572 1668 1696)
 (1697 1700 1669 588 1573 1637) (1698 1700 1574 217 1638 1670)
 (1699 1701 1671 1639 1575 590 1702) (1672 1640 1696 54 1576)
 (1697 1704 1577 592 1641 1673) (1698 1704 1578 1674 1642 218)
 (1699 1705 1706 1579 594 1643 1675) (1580 1676 1704 1644 1700 109)
 (1701 1705 1645 1708 1677 596 1581) (1646 1702 1706 1708 1582 1678 219)
 (1703 1707 1709 1710 1647 1679 1583 598) (1680 1648 1696 27 1584)
 (1697 1649 1681 1712 1585 600) (1698 1650 1682 1712 1586 220)
 (1699 1651 1683 1713 1714 1587 601) (1684 1700 1712 1588 1652 110)
 (1701 1589 1713 1716 1685 602 1653) (1702 1714 1716 1590 221 1654 1686)
 (1655 1703 1591 1715 1717 1718 1687 603) (1704 1592 1656 55 1712 1688)
 (1705 1713 1657 1720 1593 1689 604) (1706 1720 1714 1658 1690 1594 222)
 (1707 1715 1691 1721 1722 1595 605 1659) (1596 1692 1708 1716 1720 1660 111)
 (1661 1709 1717 1721 1724 1693 606 1597)
 (1662 1710 1598 1718 1722 1724 1694 223)
 (607 1711 1695 1719 1723 1599 1725 1726 1663) (1472 2) (1728 1473 608)
 (1474 1728 224) (609 1729 1475 1730) (1728 1476 112) (1729 610 1732 1477)
 (225 1730 1732 1478) (611 1733 1731 1479 1734) (1728 56 1480)
 (1481 1729 612 1736) (1730 1482 1736 226) (1737 1738 1483 613 1731)
 (113 1484 1732 1736) (1737 1733 1740 1485 614) (1738 227 1740 1486 1734)
 (615 1735 1739 1741 1742 1487) (1728 28 1488) (1489 1729 1744 616)
 (1490 228 1744 1730) (617 1745 1491 1731 1746) (114 1492 1732 1744)
 (1745 618 1733 1748 1493) (1746 1748 229 1494 1734)
 (1495 1735 619 1747 1749 1750) (57 1736 1744 1496) (1497 1737 1745 620 1752)
 (1746 1498 1752 230 1738) (1499 621 1747 1753 1754 1739)
 (115 1500 1740 1748 1752) (1501 1741 622 1749 1753 1756)
 (231 1502 1742 1750 1754 1756) (1503 1743 623 1751 1755 1757 1758)
 (1728 14 1504) (1505 1729 1760 624) (1730 1506 1760 232)
 (625 1761 1507 1731 1762) (1508 1732 116 1760) (1761 626 1733 1764 1509)
 (233 1762 1764 1510 1734) (1511 1765 1766 1735 1763 627) (58 1736 1760 1512)
 (1513 1737 628 1761 1768) (1738 1514 1768 1762 234)
 (1763 1769 1770 1515 629 1739) (1516 117 1764 1740 1768)
 (1765 1769 1517 1772 1741 630) (1766 1770 235 1772 1518 1742)
 (1767 1771 1773 1774 1743 1519 631) (29 1744 1760 1520)
 (1521 1745 1761 1776 632) (1522 236 1762 1776 1746)
 (1763 1747 1777 1778 1523 633) (1764 1524 1748 118 1776)
 (1765 1525 1777 1780 1749 634) (1766 237 1778 1780 1526 1750)
 (1527 1767 1779 1781 1782 1751 635) (1776 59 1752 1768 1528)
 (1769 1777 1753 1784 1529 636) (1754 1770 238 1778 1784 1530)
 (1771 1779 1785 1786 1531 637 1755) (1756 119 1772 1780 1784 1532)
 (1533 1773 1781 1785 1788 1757 638) (1774 239 1758 1782 1786 1788 1534)
 (1775 1535 639 1783 1787 1789 1790 1759) (7 1728 1536) (1537 1729 1792 640)
 (1730 1538 1792 240) (641 1793 1539 1731 1794) (1540 1732 1792 120)
 (1793 642 1733 1796 1541) (241 1794 1796 1542 1734)
 (1795 1797 1543 1735 643 1798) (60 1736 1792 1544) (1545 1737 644 1793 1800)
 (1738 1546 1794 1800 242) (1795 645 1801 1802 1547 1739)
 (121 1548 1740 1796 1800) (1797 646 1801 1549 1804 1741)
 (1798 1802 1804 1550 1742 243) (647 1799 1803 1805 1806 1743 1551)
 (30 1744 1792 1552) (1553 1745 1808 1793 648) (1554 1794 244 1808 1746)
 (1795 649 1747 1809 1810 1555) (122 1556 1748 1796 1808)
 (1797 650 1809 1812 1749 1557) (1798 1810 1812 245 1558 1750)
 (1559 1799 651 1811 1813 1814 1751) (1808 1752 61 1800 1560)
 (1801 652 1809 1753 1816 1561) (1754 1802 1810 246 1816 1562)
 (1803 653 1811 1817 1818 1563 1755) (1756 123 1804 1812 1816 1564)
 (1565 1805 654 1813 1817 1820 1757) (1806 1758 1814 247 1818 1820 1566)
 (1567 1807 655 1815 1819 1821 1822 1759) (1760 15 1792 1568)
 (1569 1761 1824 1793 656) (1570 1794 1824 1762 248)
 (1825 1826 1571 1795 1763 657) (1764 1572 124 1796 1824)
 (1825 1828 1765 1797 658 1573) (1826 1828 1798 1766 249 1574)
 (1827 1829 1767 1799 1575 659 1830) (1824 1768 62 1800 1576)
 (1825 1801 1832 1577 1769 660) (1826 1770 1578 1832 1802 250)
 (1827 1833 1834 1803 661 1579 1771) (1772 1832 1580 125 1828 1804)
 (1829 1833 1581 1836 1773 662 1805) (1830 1834 1836 1806 1582 1774 251)
 (1831 1835 1837 1838 1807 1583 663 1775) (1824 31 1776 1808 1584)
 (1825 1777 1840 1585 1809 664) (1826 1810 1840 1586 1778 252)
 (1827 1811 1779 1841 1842 1587 665) (1828 126 1812 1840 1588 1780)
 (1829 1813 1589 1841 1844 1781 666) (1830 1782 1842 1844 1814 253 1590)
 (1783 1831 1591 1843 1845 1846 1815 667) (1832 1592 1784 1840 63 1816)
 (1817 1833 1841 1785 1848 1593 668) (1786 1834 1848 1842 1818 1594 254)
 (1835 1843 1849 1850 1819 669 1595 1787) (1596 1836 127 1844 1848 1820 1788)
 (1597 1837 1821 1845 1849 1852 1789 670)
 (1838 1598 1846 1850 1790 1852 1822 255)
 (1839 671 1847 1791 1851 1599 1853 1854 1823) (4 1728 1600)
 (1601 1729 1856 672) (1730 1602 1856 256) (673 1857 1603 1731 1858)
 (1604 1732 1856 128) (1857 674 1733 1860 1605) (257 1858 1860 1606 1734)
 (675 1861 1607 1735 1859 1862) (64 1736 1856 1608) (1609 1737 676 1857 1864)
 (1738 1610 1864 1858 258) (1859 677 1865 1866 1611 1739)
 (129 1860 1612 1740 1864) (1861 678 1865 1613 1868 1741)
 (259 1862 1866 1868 1614 1742) (679 1863 1867 1869 1870 1743 1615)
 (32 1744 1856 1616) (1617 1745 1872 1857 680) (1872 1618 260 1858 1746)
 (1859 681 1747 1873 1874 1619) (1860 130 1620 1748 1872)
 (1861 682 1873 1876 1749 1621) (261 1862 1874 1876 1622 1750)
 (1623 1863 683 1875 1877 1878 1751) (65 1872 1864 1752 1624)
 (1865 684 1873 1753 1880 1625) (1754 262 1866 1874 1880 1626)
 (1867 685 1875 1881 1882 1627 1755) (1756 1868 131 1876 1880 1628)
 (1629 1869 686 1877 1881 1884 1757) (263 1870 1758 1878 1882 1884 1630)
 (1631 1871 687 1879 1883 1885 1886 1759) (1856 1760 16 1632)
 (1633 1761 1888 1857 688) (1634 1888 1762 1858 264)
 (1889 1890 1635 1859 1763 689) (1764 1860 1636 132 1888)
 (1889 1892 1765 1861 690 1637) (1890 1892 1862 265 1766 1638)
 (1891 1893 1767 1863 691 1639 1894) (1864 66 1888 1768 1640)
 (1889 1865 1896 1641 1769 692) (1890 1866 1896 1642 1770 266)
 (1891 1897 1898 1643 693 1867 1771) (1892 1896 1868 1644 133 1772)
 (1893 1897 1645 1900 1773 694 1869) (1894 1898 267 1900 1870 1646 1774)
 (1895 1899 1901 1902 1871 1647 695 1775) (1872 1888 1776 33 1648)
 (1889 1777 1904 1649 1873 696) (1890 1874 268 1904 1650 1778)
 (1891 1875 1779 1905 1906 1651 697) (1652 1892 1904 1876 1780 134)
 (1893 1877 1905 1908 1781 698 1653) (1894 1782 269 1906 1908 1654 1878)
 (1783 1895 1907 1909 1910 1879 699 1655) (1896 1784 1904 1880 1656 67)
 (1881 1897 1905 1785 1912 1657 700) (1786 1898 1912 270 1906 1882 1658)
 (1899 1907 1913 1914 1659 701 1883 1787) (1660 1900 1908 135 1912 1884 1788)
 (1661 1901 1909 1913 1916 1789 702 1885)
 (1902 271 1662 1910 1914 1790 1916 1886)
 (1663 1903 703 1911 1791 1915 1917 1918 1887) (8 1792 1856 1664)
 (1665 1793 1920 1857 704) (1666 1794 1920 1858 272)
 (705 1921 1667 1922 1859 1795) (1860 1920 1668 1796 136)
 (1921 706 1924 1861 1797 1669) (1922 1924 1862 1798 273 1670)
 (707 1925 1799 1863 1923 1671 1926) (1864 1920 68 1800 1672)
 (1921 708 1865 1928 1673 1801) (1922 1866 1928 1674 274 1802)
 (1803 1923 709 1929 1930 1675 1867) (1676 1928 1868 1924 137 1804)
 (1925 710 1929 1677 1932 1805 1869) (1926 1930 1932 1870 1678 275 1806)
 (711 1927 1933 1931 1679 1934 1807 1871) (1872 1920 1808 34 1680)
 (1921 1809 712 1936 1681 1873) (1922 1874 1936 1682 1810 276)
 (1923 713 1875 1937 1938 1683 1811) (1684 1924 1812 1936 1876 138)
 (1925 714 1813 1937 1940 1877 1685) (1926 1814 1938 1940 277 1686 1878)
 (1815 1927 715 1939 1941 1942 1879 1687) (1928 1816 1936 1880 1688 69)
 (1881 1929 716 1937 1817 1944 1689) (1818 1930 1944 1938 278 1882 1690)
 (1819 1931 717 1939 1945 1946 1691 1883) (1692 1932 1940 1944 139 1884 1820)
 (1693 1933 718 1941 1945 1948 1821 1885)
 (1934 1694 1942 279 1946 1822 1948 1886)
 (719 1695 1935 1887 1943 1947 1949 1950 1823) (1888 1920 1824 17 1696)
 (1697 1825 720 1889 1921 1952) (1698 1826 1890 1922 280 1952)
 (1953 1954 1699 1891 721 1827 1923) (1892 1828 1700 1924 140 1952)
 (1953 1956 1925 1829 1893 722 1701) (1954 1956 1894 1830 1926 281 1702)
 (1955 1957 1927 1895 1831 723 1703 1958) (1832 1896 1928 1704 70 1952)
 (1953 1897 1705 1929 1960 1833 724) (1954 1898 1930 1960 1706 1834 282)
 (1835 1955 1931 1961 1962 1707 725 1899) (1956 1932 1960 1900 1708 141 1836)
 (1957 1961 1837 1964 1933 1709 726 1901)
 (1958 1962 1964 1902 1710 283 1838 1934)
 (1959 1963 1965 1711 1839 1966 1903 727 1935) (1712 35 1904 1840 1936 1952)
 (1953 1841 728 1968 1713 1905 1937) (1954 1906 1968 1714 1842 1938 284)
 (1955 1970 1907 1969 1843 1715 1939 729) (1956 1716 1844 1940 1908 1968 142)
 (1717 1957 1845 1909 1969 1972 1941 730)
 (1958 1846 1942 1970 1972 1910 285 1718)
 (1943 1959 1847 1971 1973 1974 1911 731 1719)
 (1848 1944 1968 1912 1960 1720 71) (1913 1945 1961 1969 1849 1976 1721 732)
 (1850 1946 1962 1976 1970 1914 1722 286)
 (1851 1947 1963 1971 1977 1978 1723 733 1915)
 (1972 1948 1964 1724 1976 1916 143 1852)
 (1853 1965 1725 1973 1977 1980 1949 734 1917)
 (1726 1980 1966 1918 1974 1978 1854 1950 287)
 (1981 735 1727 1967 1919 1975 1979 1951 1982 1855) (1472 1) (1984 1473 736)
 (1474 1984 288) (1985 738 1475 1986) (1476 1984 144) (1985 740 1477 1988)
 (289 1986 1988 1478) (1987 1989 742 1479 1990) (72 1984 1480)
 (1481 1985 1992 744) (1482 1986 1992 290) (1993 746 1483 1987 1994)
 (145 1484 1988 1992) (1993 1989 748 1485 1996) (1994 291 1996 1486 1990)
 (1991 1995 1997 750 1487 1998) (36 1984 1488) (1489 1985 2000 752)
 (1490 292 2000 1986) (753 2001 1491 1987 2002) (146 1492 1988 2000)
 (2001 754 2004 1493 1989) (2002 2004 293 1494 1990)
 (1495 1991 755 2003 2005 2006) (73 1992 2000 1496) (1497 1993 756 2001 2008)
 (1498 2002 2008 294 1994) (1499 2003 757 2009 2010 1995)
 (2004 147 1500 1996 2008) (1501 1997 2005 758 2009 2012)
 (295 1502 1998 2006 2010 2012) (759 1999 1503 2007 2011 2013 2014)
 (18 1984 1504) (1505 1985 2016 760) (1506 1986 2016 296)
 (2017 762 1507 1987 2018) (1508 148 1988 2016) (2017 1989 764 1509 2020)
 (297 2018 2020 1510 1990) (2019 2021 1511 1991 766 2022) (74 1992 2016 1512)
 (1513 1993 2024 2017 768) (1514 1994 2018 2024 298)
 (770 2019 2025 2026 1515 1995) (1516 149 2024 1996 2020)
 (772 2021 2025 1517 2028 1997) (2022 2026 299 2028 1518 1998)
 (774 2023 2027 2029 2030 1999 1519) (2000 37 2016 1520)
 (1521 2001 2032 2017 776) (1522 300 2032 2018 2002)
 (2019 777 2003 2033 2034 1523) (2032 1524 150 2004 2020)
 (2021 778 2033 2036 1525 2005) (2022 301 2034 2036 1526 2006)
 (1527 2023 779 2035 2037 2038 2007) (2032 75 2008 2024 1528)
 (2025 780 2033 2009 2040 1529) (2026 302 2034 2010 2040 1530)
 (2027 781 2035 2041 2042 1531 2011) (1532 2028 2036 151 2040 2012)
 (1533 2029 782 2037 2041 2044 2013) (2030 303 2014 2038 2042 2044 1534)
 (2031 1535 783 2039 2043 2045 2046 2015) (9 1984 1536) (1537 1985 2048 784)
 (1538 1986 2048 304) (2049 786 1539 1987 2050) (1540 2048 1988 152)
 (2049 1989 788 1541 2052) (305 2050 2052 1542 1990)
 (2051 2053 1543 1991 790 2054) (76 2048 1992 1544) (1545 1993 2056 2049 792)
 (1546 1994 2056 2050 306) (2051 2057 2058 1547 794 1995)
 (153 2052 1548 1996 2056) (2053 2057 1549 2060 1997 796)
 (2054 2058 2060 1550 1998 307) (2055 2059 2061 2062 1999 1551 798)
 (2048 2000 38 1552) (1553 2001 2064 2049 800) (2064 1554 308 2050 2002)
 (801 2051 2003 2065 2066 1555) (2052 154 1556 2004 2064)
 (802 2053 2065 2068 1557 2005) (2054 2066 2068 309 1558 2006)
 (803 1559 2055 2067 2069 2070 2007) (2056 2064 2008 77 1560)
 (804 2057 2065 2009 2072 1561) (2058 2066 2010 310 2072 1562)
 (805 2059 2067 2073 2074 1563 2011) (2012 2060 2068 2072 155 1564)
 (806 1565 2061 2069 2073 2076 2013) (2062 2014 2070 311 2074 2076 1566)
 (807 2063 1567 2071 2075 2077 2078 2015) (19 2016 2048 1568)
 (1569 2017 2080 2049 808) (2080 1570 2018 2050 312)
 (2081 2019 1571 2082 810 2051) (2052 2080 1572 156 2020)
 (2081 2084 2021 812 1573 2053) (2082 2084 2054 313 2022 1574)
 (2083 2085 2055 2023 1575 814 2086) (2056 2080 2024 78 1576)
 (2081 2088 1577 816 2025 2057) (2082 2088 1578 2058 2026 314)
 (2083 2089 2090 1579 818 2027 2059) (1580 2084 2088 2060 2028 157)
 (2085 2089 1581 2092 2029 2061 820) (2092 2086 2090 2030 2062 1582 315)
 (2087 2091 2093 2094 2031 2063 1583 822) (2064 2080 2032 39 1584)
 (2081 2033 2065 2096 1585 824) (2082 2034 2066 2096 1586 316)
 (2035 2083 2067 2097 2098 1587 825) (2084 2096 1588 2068 158 2036)
 (2085 2097 2100 1589 826 2037 2069) (2086 2098 2100 2070 2038 317 1590)
 (2039 2087 1591 2099 2101 2102 2071 827) (2088 1592 2040 79 2096 2072)
 (2089 2097 2041 2073 2104 1593 828) (2090 2104 2098 2042 2074 1594 318)
 (2091 2043 2099 2105 2106 1595 829 2075) (1596 2092 2044 2100 2104 2076 159)
 (1597 2093 2077 2101 2105 2108 2045 830)
 (2046 2094 1598 2102 2106 2108 2078 319)
 (831 2095 2079 2103 2107 1599 2109 2110 2047))