(NIL NIL NIL (3 2) NIL (3 5) (2 5) (6 7 4) (1 5) NIL (10 5) (3 10) (11 6 12)
 (2 10) (11 7 14) (4 12 14) (8 13 15 16) (1 10) (11 9 18) NIL (20 10) (20 3)
 (12 21 22) (20 2) (24 21 14) (24 4 22) (25 26 23 16) (20 1) (18 21 28) NIL
 (30 20) (30 10) (31 21 32) (30 3) (31 22 34) (12 32 34) (35 36 23 33) (30 2)
 (24 31 38) (38 32 14) (25 39 33 40) (4 38 34) (35 42 26 39) (36 40 42 16)
 (41 37 44 27 43) (30 1) (31 28 46) (18 32 46) (47 48 29 33) NIL (30 50)
 (20 50) (51 31 52) (10 50) (51 32 54) (52 21 54) (55 56 53 33) (50 5)
 (11 58 54) (3 50) (51 60 34) (60 52 22) (35 61 53 62) (12 60 54) (55 36 61 64)
 (56 62 23 64) (65 66 57 37 63) (58 6 60) (59 68 13 64) (2 50) (51 38 70)
 (24 52 70) (53 71 39 72) (70 14 54) (55 74 71 40) (56 25 74 72)
 (41 73 57 76 75) (58 7 70) (74 59 78 15) (4 60 70) (42 61 71 80) (80 26 62 72)
 (73 81 43 63 82) (74 16 80 64) (65 81 75 44 84) (66 76 27 84 82)
 (45 67 77 83 85 86) (68 8 78 80) (17 84 69 79 88) (1 50) (51 90 46) (90 52 28)
 (47 91 53 92) (90 18 54) (55 48 91 94) (56 92 29 94) (95 96 57 49 93)
 (58 9 90) (59 98 19 94) NIL (100 50) (30 100) (51 102 101) (100 20)
 (52 104 101) (102 31 104) (103 53 105 106) (100 10) (108 101 54) (102 108 32)
 (55 103 109 110) (108 21 104) (56 109 105 112) (112 110 33 106)
 (107 113 57 111 114) (100 5) (58 116 101) (11 116 108) (117 59 109 118)
 (100 3) (60 120 101) (102 120 34) (103 61 121 122) (120 104 22)
 (124 62 105 121) (35 124 122 106) (107 123 125 126 63) (108 12 120)
 (109 128 121 64) (36 110 128 122) (65 123 129 111 130) (124 128 23 112)
 (113 66 125 129 132) (132 114 37 126 130) (131 133 134 115 67 127) (6 116 120)
 (68 117 136 121) (136 13 118 128) (137 69 129 119 138) (100 2) (140 70 101)
 (140 102 38) (142 141 103 71) (24 104 140) (141 144 105 72) (142 144 39 106)
 (107 73 143 145 146) (140 108 14) (74 141 109 148) (148 142 110 40)
 (75 150 143 149 111) (148 25 144 112) (113 149 76 152 145)
 (41 114 150 152 146) (115 147 151 153 154 77) (7 140 116) (156 141 117 78)
 (148 118 15 156) (149 158 157 79 119) (140 4 120) (141 160 121 80)
 (42 142 160 122) (123 81 143 161 162) (124 26 144 160) (82 125 161 145 164)
 (162 164 43 126 146) (147 163 83 166 127 165) (148 128 160 16)
 (149 84 161 129 168) (162 150 44 168 130) (131 151 163 85 169 170)
 (132 27 152 168 164) (172 133 153 165 86 169) (172 134 45 154 166 170)
 (171 173 174 135 155 167 87) (156 8 136 160) (157 176 161 137 88)
 (17 158 176 168 138) (89 177 178 139 159 169) NIL (180 100) (180 50)
 (181 101 182) (180 20) (184 181 104) (184 52 182) (183 185 186 105) (180 10)
 (188 181 108) (188 54 182) (183 189 109 190) (184 188 21) (185 192 189 112)
 (56 186 190 192) (113 193 187 191 194) (180 5) (181 116 196) (58 196 182)
 (183 197 117 198) (11 188 196) (197 200 189 118) (198 59 200 190)
 (199 201 119 191 202) (180 3) (204 181 120) (204 60 182) (183 205 206 121)
 (184 22 204) (124 185 205 208) (186 62 206 208) (207 125 187 209 210)
 (204 188 12) (212 205 189 128) (212 206 190 64) (213 214 207 129 191)
 (212 208 23 192) (193 132 213 216 209) (194 210 216 214 66)
 (133 195 211 215 217 218) (204 6 196) (197 220 205 136) (198 68 206 220)
 (199 222 207 221 137) (212 200 13 220) (213 224 201 221 138)
 (214 69 202 222 224) (203 139 215 223 225 226) (180 2) (140 181 228)
 (228 70 182) (183 141 230 229) (184 228 24) (185 229 144 232) (230 186 232 72)
 (231 187 233 145 234) (228 188 14) (148 229 189 236) (74 230 190 236)
 (149 238 231 237 191) (236 25 232 192) (193 237 152 233 240)
 (238 194 76 240 234) (195 153 235 239 241 242) (228 7 196) (197 156 229 244)
 (198 230 78 244) (246 199 245 231 157) (236 200 15 244) (237 158 201 245 248)
 (246 238 202 79 248) (203 239 159 247 249 250) (204 4 228) (252 205 229 160)
 (230 252 206 80) (231 253 254 207 161) (252 26 208 232) (164 253 233 209 256)
 (82 234 254 256 210) (235 255 257 258 211 165) (252 212 236 16)
 (260 213 237 168 253) (238 84 214 254 260) (255 261 262 239 215 169)
 (256 260 27 216 240) (172 217 257 261 264 241) (258 262 264 242 86 218)
 (173 259 263 265 266 243 219) (252 220 8 244) (268 221 245 176 253)
 (246 268 222 254 88) (255 177 223 269 270 247) (17 260 224 268 248)
 (178 261 225 269 272 249) (89 262 270 272 226 250)
 (227 251 179 263 271 273 274) (180 1) (90 276 182) (184 28 276)
 (186 92 277 278) (18 188 276) (280 190 277 94) (280 278 29 192)
 (279 194 281 282 96) (9 276 196) (198 98 284 277) (280 200 19 284)
 (281 99 202 285 286) NIL (50 288) (20 288) (289 52 290) (10 288) (289 292 54)
 (292 21 290) (56 293 294 291) (3 288) (289 60 296) (296 290 22)
 (297 298 62 291) (296 292 12) (297 293 300 64) (298 294 23 300)
 (66 299 301 295 302) (2 288) (289 70 304) (24 290 304) (305 306 291 72)
 (304 292 14) (74 305 293 308) (25 306 294 308) (76 307 309 295 310)
 (296 4 304) (312 297 305 80) (26 298 306 312) (82 307 314 299 313)
 (308 312 300 16) (313 84 309 301 316) (316 310 27 314 302)
 (311 315 317 318 303 86) NIL (320 288) (180 320) (100 320) (322 323 181)
 (30 320) (102 323 325) (20 320) (321 290 327) (184 322 327) (323 104 327)
 (329 185 324 330) (31 325 327) (330 332 326 106) (320 5) (322 334 196)
 (116 323 334) (197 335 324 336) (3 320) (321 296 338) (204 322 338)
 (338 323 120) (341 205 340 324) (338 325 34) (341 326 343 122) (338 22 327)
 (328 345 339 298) (345 329 340 208) (345 124 330 341) (347 331 342 209 348)
 (35 345 332 343) (350 126 348 333 344) (338 6 334) (335 220 340 352)
 (336 341 136 352) (353 354 337 221 342) (2 320) (321 304 356) (228 322 356)
 (140 323 356) (359 229 358 324) (356 325 38) (142 359 326 361) (24 356 327)
 (328 363 357 306) (363 329 358 232) (363 330 359 144) (366 365 331 360 233)
 (363 332 361 39) (368 366 362 333 146) (356 7 334) (335 244 358 370)
 (336 370 359 156) (371 372 337 245 360) (338 4 356) (312 339 374 357)
 (252 374 340 358) (359 374 341 160) (376 253 342 377 360) (42 374 361 343)
 (379 162 362 377 344) (345 363 26 374) (346 381 314 375 364)
 (381 376 347 256 365) (164 381 348 366 377) (383 384 257 367 349 378)
 (379 381 43 350 368) (380 351 386 369 166 384) (370 8 374 352)
 (353 268 371 376 388) (354 388 176 377 372) (389 390 269 355 373 378) (1 320)
 (392 322 276) (392 325 46) (392 28 327) (329 393 395 278) (47 395 394 332)
 (392 9 334) (335 393 284 398) NIL (400 320) (400 180) (322 402 401) (400 50)
 (404 402 182) (30 400) (325 401 406) (51 404 406) (400 20) (401 409 327)
 (184 402 409) (411 329 403 410) (404 52 409) (411 186 413 405) (31 409 406)
 (415 410 332 407) (408 415 413 53) (400 5) (418 401 334) (402 418 196)
 (335 419 403 420) (58 404 418) (198 405 420 422) (400 1) (392 401 424)
 (424 402 276) (393 426 403 425) (424 404 90) (426 405 428 277) (424 406 46)
 (430 425 394 407) (408 91 428 430) (424 28 409) (425 395 433 410)
 (411 433 426 278) (412 434 427 396 435) (413 433 92 428) (279 414 435 437 429)
 (47 433 415 430) (431 439 434 416 397) (439 432 437 93 417) (424 9 418)
 (425 442 419 398) (442 426 420 284) (399 443 427 444 421) (442 98 428 422)
 (423 446 429 285 444) NIL (448 400) (448 320) (449 401 450) (448 180)
 (449 402 452) (322 450 452) (403 453 451 454) (448 50) (449 456 404)
 (456 452 182) (458 405 457 453) (448 20) (449 409 460) (460 450 327)
 (461 462 451 410) (184 452 460) (411 461 464 453) (329 464 462 454)
 (455 412 463 465 466) (52 456 460) (461 413 457 468) (464 186 458 468)
 (469 470 414 465 459) (448 10) (188 452 472) (472 456 54) (473 474 190 458)
 (472 21 460) (473 476 464 192) (56 476 474 468) (470 475 477 478 194) (448 5)
 (480 449 418) (480 450 334) (481 482 419 451) (480 452 196) (481 420 453 484)
 (335 482 484 454) (455 483 485 421 486) (58 456 480) (488 481 457 422)
 (198 484 458 488) (423 489 490 485 459) (11 480 472) (473 200 484 492)
 (474 59 492 488) (475 490 202 493 494) (448 3) (338 496 450) (204 496 452)
 (340 497 498 454) (60 456 496) (206 498 458 500) (496 22 460)
 (345 462 497 502) (502 464 208 498) (504 347 503 466 499) (502 500 62 468)
 (501 470 504 506 210) (12 496 472) (473 212 498 508) (508 474 500 64)
 (501 509 475 214 510) (502 476 23 508) (509 512 504 477 216)
 (66 512 510 478 506) (507 511 513 514 479 218) (480 6 496) (516 482 497 352)
 (220 516 484 498) (353 517 518 499 486) (516 488 68 500) (501 518 490 222 520)
 (516 13 492 508) (509 518 224 493 522) (510 520 69 522 494)
 (495 511 521 523 524 226) (448 2) (356 450 526) (228 452 526)
 (358 528 527 454) (456 70 526) (530 230 458 528) (24 526 460)
 (363 462 532 527) (464 232 532 528) (529 365 533 466 534) (530 72 532 468)
 (470 531 536 534 234) (526 14 472) (473 236 538 528) (474 530 538 74)
 (539 475 238 531 540) (538 25 476 532) (539 542 477 240 534)
 (542 76 478 540 536) (479 242 537 541 543 544) (480 7 526) (546 482 527 370)
 (244 546 484 528) (371 529 547 548 486) (488 546 78 530) (246 531 490 550 548)
 (538 492 15 546) (539 548 248 493 552) (540 552 550 79 494)
 (495 551 553 554 541 250) (4 496 526) (374 497 527 556) (252 556 498 528)
 (529 557 376 499 558) (530 80 556 500) (501 531 254 558 560) (502 26 532 556)
 (557 503 533 381 562) (558 562 504 256 534) (383 559 563 564 535 505)
 (562 82 560 506 536) (507 258 561 564 566 537) (538 16 556 508)
 (509 260 539 558 568) (510 84 568 540 560) (511 262 561 569 570 541)
 (562 512 27 542 568) (513 264 564 569 572 543) (514 566 570 572 86 544)
 (545 515 266 567 571 573 574) (546 556 8 516) (517 388 547 557 576)
 (518 548 576 558 268) (577 578 549 389 559 519) (576 520 560 550 88)
 (578 580 551 561 270 521) (17 568 576 522 552) (578 582 553 272 523 569)
 (89 580 582 554 524 570) (581 583 584 555 274 525 571) (448 1) (424 449 586)
 (392 450 586) (425 588 587 451) (586 452 276) (587 426 590 453)
 (393 588 590 454) (455 589 427 591 592) (586 90 456) (594 587 457 428)
 (594 277 458 590) (595 596 591 429 459) (586 28 460) (461 433 587 598)
 (462 588 395 598) (463 434 589 599 600) (464 590 598 278)
 (435 465 599 591 602) (602 600 592 466 396) (467 593 601 603 604 436)
 (594 92 598 468) (469 595 599 437 606) (279 470 596 606 602)
 (471 597 603 438 607 608) (586 18 472) (473 280 590 610) (474 610 594 94)
 (611 612 475 596 281) (610 476 598 29) (602 611 282 477 614)
 (96 612 614 478 606) (613 615 616 479 283 608) (480 9 586) (618 481 442 587)
 (618 588 482 398) (589 443 619 620 483) (618 484 590 284)
 (619 591 444 485 622) (399 620 592 622 486) (445 621 623 624 593 487)
 (488 98 618 594) (626 489 619 595 446) (626 596 490 622 285)
 (447 623 627 628 597 491) (610 19 492 618) (611 630 622 493 286)
 (626 612 99 630 494) (495 613 287 628 631 632))