(NIL NIL (1 2) NIL (2 4) (1 4) (5 3 6) NIL (4 8) (1 8) (9 6 10) NIL (8 12)
 (4 12) (13 9 14) (2 12) (5 14 16) (1 12) (13 10 18) (14 18 6) (15 11 19 20)
 (3 16 18) (22 17 7 20) NIL (12 24) (8 24) (25 13 26) (4 24) (25 14 28)
 (9 26 28) (27 29 15 30) (2 24) (25 16 32) (5 28 32) (33 17 29 34) (1 24)
 (25 36 18) (26 10 36) (27 37 38 19) (6 28 36) (37 40 29 20) (40 11 30 38)
 (21 41 39 31 42) (3 36 32) (22 44 33 37) (7 44 34 40) (41 23 45 46 35) NIL
 (24 48) (12 48) (49 25 50) (8 48) (49 26 52) (13 50 52) (51 53 27 54) (4 48)
 (49 28 56) (50 56 14) (57 58 51 29) (9 52 56) (57 60 53 30) (58 15 60 54)
 (59 61 31 55 62) (2 48) (49 32 64) (50 64 16) (65 66 51 33) (5 64 56)
 (57 65 68 34) (58 17 68 66) (59 69 67 35 70) (1 48) (49 36 72) (50 18 72)
 (73 74 51 37) (10 52 72) (73 76 53 38) (74 76 54 19) (75 77 39 55 78)
 (6 72 56) (57 73 80 40) (58 80 74 20) (41 81 59 75 82) (76 60 11 80)
 (77 42 81 84 61) (21 82 84 62 78) (43 79 83 85 63 86) (3 72 64) (65 73 44 88)
 (66 88 74 22) (89 90 67 45 75) (7 68 88 80) (81 89 92 69 46) (82 23 92 70 90)
 (47 71 83 91 93 94) NIL (48 96) (24 96) (97 49 98) (12 96) (97 50 100)
 (25 98 100) (99 101 51 102) (8 96) (97 52 104) (98 104 26) (105 106 99 53)
 (13 100 104) (105 108 101 54) (106 27 108 102) (107 109 55 103 110) (4 96)
 (97 112 56) (98 28 112) (57 113 99 114) (14 100 112) (113 58 116 101)
 (114 116 29 102) (59 117 115 103 118) (9 112 104) (105 113 60 120)
 (106 120 30 114) (121 122 107 61 115) (116 15 108 120) (121 117 124 109 62)
 (122 124 110 31 118) (63 111 119 123 125 126) (2 96) (97 128 64) (98 32 128)
 (65 129 99 130) (16 100 128) (129 66 132 101) (130 132 33 102)
 (67 133 131 103 134) (5 128 112) (113 129 68 136) (114 136 34 130)
 (137 138 115 69 131) (17 116 132 136) (137 133 140 117 70)
 (138 140 118 35 134) (119 71 135 139 141 142) (1 96) (97 144 72) (98 36 144)
 (73 145 99 146) (100 18 144) (145 74 148 101) (146 148 37 102)
 (75 149 147 103 150) (144 10 104) (105 145 76 152) (106 152 38 146)
 (153 154 107 77 147) (148 108 19 152) (153 149 156 109 78)
 (154 156 110 39 150) (151 155 157 158 79 111) (6 144 112) (113 145 160 80)
 (114 160 146 40) (81 161 115 147 162) (148 116 160 20) (161 82 164 117 149)
 (41 162 164 118 150) (151 163 83 165 166 119) (160 152 11 120)
 (121 153 84 168 161) (122 162 168 154 42) (155 163 85 169 170 123)
 (21 156 124 164 168) (157 165 86 169 172 125) (43 158 166 170 172 126)
 (87 159 167 171 173 174 127) (3 144 128) (129 145 176 88) (130 44 176 146)
 (89 177 131 147 178) (22 132 148 176) (177 90 180 133 149)
 (178 180 45 134 150) (179 181 182 151 135 91) (176 7 160 136)
 (137 161 177 92 184) (178 138 184 46 162) (179 185 186 163 139 93)
 (164 23 140 180 184) (181 185 188 165 141 94) (182 47 186 188 166 142)
 (183 187 189 190 143 167 95) NIL (96 192) (48 192) (193 97 194) (24 192)
 (193 98 196) (49 194 196) (195 197 99 198) (12 192) (193 100 200) (194 200 50)
 (201 202 195 101) (25 196 200) (201 204 197 102) (202 51 204 198)
 (203 205 103 199 206) (8 192) (193 208 104) (194 52 208) (105 209 195 210)
 (26 196 208) (209 106 212 197) (210 212 53 198) (107 213 211 199 214)
 (13 208 200) (201 209 108 216) (202 216 54 210) (217 218 203 109 211)
 (27 204 212 216) (217 213 220 205 110) (218 220 206 55 214)
 (111 207 215 219 221 222) (4 192) (193 224 112) (194 224 56) (113 225 195 226)
 (28 196 224) (225 114 228 197) (57 226 228 198) (115 229 227 199 230)
 (14 224 200) (201 225 116 232) (202 232 226 58) (233 234 203 117 227)
 (228 204 29 232) (233 229 236 205 118) (234 59 236 206 230)
 (231 235 237 238 207 119) (9 224 208) (209 225 240 120) (210 60 240 226)
 (121 241 211 227 242) (228 212 30 240) (241 122 244 213 229)
 (242 244 61 214 230) (231 243 245 246 215 123) (240 15 232 216)
 (217 233 124 248 241) (218 242 248 62 234) (235 243 249 250 219 125)
 (236 220 248 31 244) (237 245 249 252 221 126) (238 63 246 250 252 222)
 (239 223 247 251 253 254 127) (2 192) (193 256 128) (194 256 64)
 (129 257 195 258) (196 32 256) (257 130 260 197) (65 258 260 198)
 (131 261 259 199 262) (16 256 200) (201 257 132 264) (202 264 258 66)
 (265 266 203 133 259) (204 33 260 264) (265 261 268 205 134)
 (266 67 268 206 262) (263 267 269 270 207 135) (5 256 224) (225 257 272 136)
 (226 68 272 258) (137 273 227 259 274) (260 228 34 272) (273 138 261 229 276)
 (274 276 69 230 262) (231 263 275 277 278 139) (17 264 272 232)
 (233 265 140 273 280) (234 280 274 70 266) (235 275 281 282 141 267)
 (276 236 268 35 280) (237 269 277 281 284 142) (238 71 270 278 282 284)
 (239 271 279 283 285 286 143) (1 192) (193 288 144) (194 288 72)
 (145 289 195 290) (36 196 288) (289 146 292 197) (73 290 292 198)
 (147 293 291 199 294) (288 18 200) (201 289 148 296) (290 202 296 74)
 (297 298 203 149 291) (204 37 292 296) (297 293 300 205 150)
 (298 75 300 206 294) (151 207 295 299 301 302) (10 288 208) (209 289 304 152)
 (210 76 304 290) (153 305 211 291 306) (212 292 38 304) (305 154 293 308 213)
 (306 308 77 214 294) (307 309 310 215 155 295) (296 304 19 216)
 (217 297 156 305 312) (218 312 306 78 298) (307 313 314 157 219 299)
 (220 300 308 39 312) (309 313 221 316 158 301) (310 314 316 79 302 222)
 (311 315 317 318 159 223 303) (6 288 224) (225 289 320 160) (290 226 320 80)
 (161 321 227 291 322) (228 292 320 40) (321 162 293 324 229)
 (81 322 324 230 294) (231 323 163 325 326 295) (20 296 320 232)
 (233 297 164 321 328) (298 234 328 322 82) (235 323 165 329 330 299)
 (41 236 300 324 328) (237 325 166 329 332 301) (238 83 326 330 332 302)
 (327 239 167 331 333 334 303) (304 11 320 240) (241 305 321 336 168)
 (242 84 322 336 306) (337 338 307 323 243 169) (324 42 244 308 336)
 (337 340 309 325 245 170) (338 340 310 85 326 246)
 (339 341 327 311 247 171 342) (21 336 312 328 248) (337 344 313 329 249 172)
 (338 344 314 86 330 250) (339 345 346 315 251 173 331)
 (43 252 344 316 340 332) (341 345 253 348 317 333 174)
 (342 346 348 318 254 87 334) (255 343 347 349 350 319 175 335) (3 288 256)
 (257 289 352 176) (290 258 352 88) (177 353 259 291 354) (44 260 292 352)
 (353 178 293 356 261) (89 354 356 262 294) (179 263 355 357 358 295)
 (22 296 352 264) (265 297 180 353 360) (298 266 354 360 90)
 (181 267 355 361 362 299) (356 268 45 300 360) (182 269 357 361 364 301)
 (270 358 362 91 364 302) (183 271 359 363 365 366 303) (7 320 352 272)
 (273 321 368 353 184) (274 354 92 368 322) (369 370 185 355 275 323)
 (324 276 46 356 368) (369 372 357 186 325 277) (370 372 326 358 93 278)
 (371 373 327 187 374 359 279) (368 23 328 360 280) (369 376 188 361 329 281)
 (370 376 330 362 282 94) (371 331 377 378 189 363 283)
 (284 332 47 376 372 364) (373 377 285 380 190 365 333)
 (334 374 378 380 286 366 95) (375 379 381 382 191 287 367 335) NIL (192 384)
 (96 384) (385 193 386) (48 384) (385 194 388) (97 386 388) (387 389 195 390)
 (12 384) (385 392 200) (386 100 392) (201 393 387 394) (50 388 392)
 (393 202 396 389) (394 396 101 390) (203 397 395 391 398) (4 384)
 (385 400 224) (386 400 112) (225 401 387 402) (400 388 56) (401 226 404 389)
 (113 402 404 390) (227 405 403 391 406) (14 400 392) (393 401 408 232)
 (394 408 116 402) (233 409 395 403 410) (58 404 396 408) (405 234 412 397 409)
 (410 412 117 398 406) (407 235 413 414 399 411) (2 384) (385 416 256)
 (386 416 128) (257 417 387 418) (388 416 64) (417 258 420 389)
 (129 418 420 390) (259 421 419 391 422) (16 416 392) (393 417 424 264)
 (394 132 424 418) (265 425 395 419 426) (66 396 420 424) (425 266 428 397 421)
 (426 428 133 398 422) (423 427 429 430 399 267) (5 416 400) (401 417 432 272)
 (402 418 432 136) (273 433 403 419 434) (404 68 420 432) (433 274 436 405 421)
 (137 434 436 406 422) (407 423 275 435 437 438) (17 424 432 408)
 (409 425 440 433 280) (410 434 140 440 426) (411 441 435 281 442 427)
 (436 412 70 428 440) (429 413 437 441 282 444) (414 430 438 442 444 141)
 (431 446 415 439 283 445 443) (1 384) (385 448 288) (386 448 144)
 (289 449 387 450) (388 448 72) (449 290 452 389) (145 450 452 390)
 (291 453 451 391 454) (448 18 392) (393 449 456 296) (394 148 456 450)
 (297 457 395 451 458) (74 396 456 452) (457 298 460 397 453)
 (458 460 149 398 454) (399 462 455 459 461 299) (6 448 400) (401 449 464 320)
 (402 450 464 160) (321 465 403 451 466) (464 404 452 80) (465 322 468 405 453)
 (161 466 468 406 454) (467 469 470 407 323 455) (464 20 456 408)
 (409 457 472 465 328) (472 410 164 466 458) (467 473 474 411 329 459)
 (468 82 472 412 460) (469 473 476 413 330 461) (470 474 476 414 165 462)
 (471 475 477 478 415 331 463) (3 448 416) (417 449 480 352) (480 418 450 176)
 (353 481 419 451 482) (480 420 452 88) (481 354 484 421 453)
 (177 482 484 422 454) (423 483 355 485 486 455) (480 22 456 424)
 (425 457 488 481 360) (488 426 180 482 458) (427 489 483 361 490 459)
 (484 90 488 428 460) (429 485 489 362 492 461) (181 430 486 490 492 462)
 (431 494 487 363 493 491 463) (480 7 464 432) (433 465 496 481 368)
 (434 496 466 482 184) (369 497 467 498 483 435) (468 484 92 436 496)
 (497 370 500 469 485 437) (498 500 470 185 486 438)
 (371 501 439 471 499 487 502) (488 496 23 472 440) (497 504 473 376 489 441)
 (498 504 474 188 490 442) (499 377 506 475 505 443 491)
 (500 504 476 444 492 94) (501 505 378 508 477 445 493)
 (502 506 508 189 478 494 446) (503 507 509 510 479 447 379 495) NIL (384 512)
 (192 512) (513 385 514) (96 512) (513 386 516) (193 514 516) (515 517 387 518)
 (48 512) (513 388 520) (514 520 194) (521 522 515 389) (97 516 520)
 (521 524 517 390) (522 195 524 518) (523 525 391 519 526) (12 512)
 (513 528 392) (514 528 200) (393 529 515 530) (516 528 100) (529 394 532 517)
 (201 530 532 518) (395 533 531 519 534) (50 528 520) (521 529 396 536)
 (522 530 536 202) (537 538 523 397 531) (524 101 536 532)
 (537 533 540 525 398) (538 203 540 526 534) (539 541 542 527 399 535) (8 512)
 (514 544 208) (516 544 104) (209 545 518 546) (52 544 520) (545 522 548 210)
 (105 546 524 548) (547 211 549 526 550) (13 544 528) (545 530 552 216)
 (546 532 108 552) (217 553 547 534 554) (548 552 54 536) (553 538 556 549 218)
 (554 540 109 550 556) (542 551 555 557 558 219) (4 512) (513 560 400)
 (514 560 224) (401 561 515 562) (560 516 112) (561 402 564 517)
 (225 562 564 518) (403 565 563 519 566) (560 56 520) (521 561 404 568)
 (522 568 562 226) (569 570 523 405 563) (113 564 524 568)
 (569 565 572 525 406) (570 227 572 526 566) (407 527 567 571 573 574)
 (14 560 528) (529 561 576 408) (530 576 562 232) (409 577 531 563 578)
 (116 564 532 576) (565 410 580 533 577) (233 578 580 534 566)
 (579 581 582 411 567 535) (58 576 568 536) (537 569 412 577 584)
 (538 584 578 570 234) (539 585 586 413 579 571) (580 572 540 117 584)
 (541 585 588 414 581 573) (582 586 235 588 574 542)
 (543 583 587 589 590 415 575) (9 560 544) (545 562 592 240) (592 546 564 120)
 (241 593 547 566 594) (60 592 548 568) (593 242 596 549 570)
 (121 594 572 550 596) (551 595 243 597 598 574) (592 15 576 552)
 (553 578 600 593 248) (580 554 124 600 594) (582 555 601 595 249 602)
 (596 600 556 62 584) (586 557 597 601 250 604) (588 558 598 602 604 125)
 (590 559 606 599 603 605 251) (2 512) (513 608 416) (514 608 256)
 (417 609 515 610) (516 608 128) (609 418 612 517) (257 610 612 518)
 (419 613 611 519 614) (64 608 520) (521 609 420 616) (522 610 616 258)
 (617 618 523 421 611) (129 524 616 612) (617 613 620 525 422)
 (618 259 620 526 614) (423 615 619 621 622 527) (16 608 528) (529 609 624 424)
 (530 610 624 264) (425 625 531 611 626) (532 132 624 612)
 (625 426 628 533 613) (265 626 628 534 614) (615 427 627 629 630 535)
 (66 616 624 536) (537 617 428 625 632) (538 618 632 626 266)
 (539 619 429 627 633 634) (632 540 133 628 620) (541 621 430 629 633 636)
 (542 267 622 630 634 636) (543 623 431 631 635 637 638) (5 608 560)
 (561 609 640 432) (562 610 640 272) (433 641 563 611 642) (640 564 612 136)
 (641 434 644 565 613) (273 642 644 566 614) (643 645 646 615 435 567)
 (640 68 616 568) (569 617 436 641 648) (648 570 618 642 274)
 (643 649 650 619 437 571) (137 648 644 572 620) (645 649 652 621 438 573)
 (646 650 652 622 275 574) (647 651 653 654 623 439 575) (17 624 640 576)
 (577 625 656 641 440) (656 578 626 642 280) (579 643 657 658 627 441)
 (644 656 580 140 628) (581 645 657 660 629 442) (646 658 660 630 281 582)
 (583 647 659 661 662 631 443) (648 656 632 70 584) (585 657 649 664 633 444)
 (586 658 664 634 650 282) (587 659 665 666 635 445 651)
 (588 652 660 664 636 141) (653 589 661 665 668 637 446)
 (654 590 662 666 283 668 638) (591 655 447 663 667 669 670 639) (1 512)
 (513 672 448) (514 672 288) (449 673 515 674) (672 516 144) (673 450 676 517)
 (289 674 676 518) (451 677 675 519 678) (672 72 520) (521 673 452 680)
 (522 680 674 290) (681 682 523 453 675) (145 676 524 680)
 (681 677 684 525 454) (682 291 684 526 678) (455 527 679 683 685 686)
 (672 18 528) (529 673 688 456) (530 688 674 296) (457 689 531 675 690)
 (148 532 688 676) (689 458 692 533 677) (297 690 692 534 678)
 (691 693 694 679 459 535) (74 680 688 536) (537 681 689 460 696)
 (538 696 682 690 298) (539 697 698 691 683 461) (684 692 540 149 696)
 (693 697 700 541 685 462) (542 698 700 299 686 694)
 (543 695 699 701 702 463 687) (672 10 544) (545 674 704 304) (546 704 676 152)
 (305 705 547 678 706) (76 548 704 680) (705 306 708 549 682)
 (153 706 708 684 550) (307 551 707 709 710 686) (704 688 19 552)
 (553 690 705 712 312) (554 692 156 712 706) (694 313 555 707 713 714)
 (708 556 712 78 696) (314 557 709 698 713 716) (700 157 558 710 714 716)
 (315 702 559 711 715 717 718) (6 672 560) (561 673 720 464) (562 720 674 320)
 (465 721 563 675 722) (676 720 564 160) (721 466 724 565 677)
 (321 722 724 566 678) (467 725 567 723 679 726) (680 720 80 568)
 (569 681 468 728 721) (570 722 728 682 322) (723 469 729 730 571 683)
 (161 684 572 724 728) (725 470 729 573 732 685) (726 730 732 686 323 574)
 (471 727 731 733 734 575 687) (688 720 20 576) (577 689 736 721 472)
 (578 736 722 690 328) (579 473 723 737 738 691) (164 692 580 724 736)
 (693 474 737 740 581 725) (726 738 740 694 329 582)
 (695 727 475 739 741 583 742) (82 696 736 728 584) (585 476 737 697 729 744)
 (586 698 730 738 744 330) (587 477 739 745 746 731 699)
 (700 732 740 165 744 588) (589 701 478 733 741 745 748)
 (702 734 590 742 746 331 748) (479 591 735 703 743 747 749 750)
 (720 704 11 592) (593 705 752 722 336) (594 724 752 706 168)
 (337 753 726 754 707 595) (752 84 596 708 728) (753 338 756 730 709 597)
 (754 756 732 598 169 710) (755 757 599 339 734 711 758) (21 736 712 752 600)
 (753 760 344 713 601 738) (754 760 740 714 602 172)
 (755 345 762 761 742 603 715) (604 760 756 86 744 716)
 (757 761 346 764 605 746 717) (758 762 764 718 748 173 606)
 (759 763 765 766 750 607 347 719) (3 672 608) (609 673 768 480)
 (610 768 674 352) (481 769 611 675 770) (676 612 768 176)
 (769 482 772 613 677) (353 770 772 614 678) (615 483 771 773 774 679)
 (680 88 768 616) (617 681 769 484 776) (770 618 776 682 354)
 (619 771 485 777 778 683) (177 684 620 772 776) (621 773 486 777 780 685)
 (622 355 774 778 780 686) (487 623 775 779 781 782 687) (22 688 768 624)
 (625 689 769 784 488) (770 626 784 690 360) (785 786 691 771 627 489)
 (692 628 180 772 784) (785 788 693 629 773 490) (786 788 694 774 361 630)
 (787 789 631 695 775 491 790) (90 696 776 784 632) (785 792 697 777 633 492)
 (786 792 698 362 634 778) (787 793 794 699 635 493 779)
 (788 181 792 700 780 636) (789 793 637 796 701 781 494)
 (790 794 796 702 638 363 782) (791 795 797 798 703 639 495 783)
 (7 720 768 640) (641 721 769 800 496) (770 642 800 722 368)
 (497 643 723 801 802 771) (724 644 772 800 184) (498 645 801 804 773 725)
 (369 646 802 804 774 726) (499 647 727 803 805 806 775) (728 92 776 800 648)
 (500 649 801 729 808 777) (370 650 730 802 808 778)
 (501 651 803 809 810 779 731) (652 185 732 804 808 780)
 (502 653 733 805 809 812 781) (371 654 734 806 810 812 782)
 (503 735 655 807 811 813 814 783) (23 736 784 800 656)
 (785 737 801 504 657 816) (786 802 376 658 738 816)
 (817 818 787 505 803 659 739) (788 660 188 804 740 816)
 (817 820 789 506 661 805 741) (818 820 790 377 806 742 662)
 (819 821 743 791 507 663 807 822) (664 792 744 808 94 816)
 (817 824 793 508 745 809 665) (818 824 794 378 746 810 666)
 (819 825 826 795 509 747 667 811) (748 824 796 189 820 668 812)
 (828 821 825 669 813 797 510 749) (822 750 826 379 828 798 670 814)
 (823 799 827 829 830 511 671 751 815) NIL (832 512) (832 192) (833 514 834)
 (832 96) (833 516 836) (193 834 836) (837 838 835 518) (832 48) (833 840 520)
 (194 834 840) (841 522 835 842) (97 840 836) (837 841 524 844)
 (838 195 844 842) (839 843 845 526 846) (832 24) (834 196 848) (98 848 836)
 (849 838 197 850) (49 848 840) (849 842 852 198) (850 99 844 852)
 (851 853 846 199 854) (832 12) (833 856 528) (856 834 200) (857 530 835 858)
 (856 100 836) (837 857 532 860) (201 838 860 858) (839 859 861 534 862)
 (50 856 840) (841 857 864 536) (842 864 858 202) (865 538 843 859 866)
 (860 844 101 864) (865 861 540 845 868) (866 203 868 846 862)
 (542 863 867 869 870 847) (25 856 848) (849 858 204 872) (850 860 102 872)
 (873 874 851 205 862) (872 51 852 864) (873 866 876 853 206)
 (876 874 868 854 103) (207 855 875 877 878 870) (832 8) (833 880 544)
 (834 880 208) (545 881 835 882) (104 880 836) (837 546 884 881)
 (209 838 884 882) (883 839 885 547 886) (52 880 840) (841 881 548 888)
 (842 882 888 210) (889 890 843 549 883) (105 844 888 884)
 (889 885 892 845 550) (890 211 892 846 886) (847 551 887 891 893 894)
 (26 880 848) (849 882 212 896) (850 884 896 106) (897 898 851 213 886)
 (852 53 896 888) (897 890 900 853 214) (900 898 107 892 854)
 (899 901 902 855 215 894) (13 880 856) (857 881 904 552) (904 858 882 216)
 (553 905 859 883 906) (904 860 108 884) (905 554 908 861 885)
 (217 906 908 862 886) (555 909 910 863 887 907) (904 888 54 864)
 (865 889 556 905 912) (912 866 890 906 218) (907 557 913 914 867 891)
 (908 912 868 109 892) (909 558 913 916 869 893) (910 914 916 870 219 894)
 (911 915 917 559 871 895 918) (904 27 896 872) (873 897 220 920 906)
 (920 874 908 110 898) (899 910 921 922 875 221) (900 920 876 55 912)
 (901 914 921 924 877 222) (902 111 916 922 924 878)
 (903 879 923 925 926 223 918) (832 4) (833 928 560) (928 834 224)
 (929 562 835 930) (928 112 836) (837 929 564 932) (225 838 932 930)
 (839 933 566 931 934) (928 56 840) (841 929 936 568) (930 842 936 226)
 (937 570 843 931 938) (113 844 932 936) (937 933 572 845 940)
 (938 227 940 846 934) (935 939 941 942 847 574) (928 28 848) (849 930 228 944)
 (850 932 944 114) (945 946 851 229 934) (57 852 944 936) (945 938 948 853 230)
 (946 115 940 948 854) (231 942 855 947 949 950) (14 928 856) (857 929 952 576)
 (930 858 952 232) (953 578 859 931 954) (116 860 932 952)
 (953 933 580 861 956) (233 954 956 862 934) (582 935 863 955 957 958)
 (58 936 952 864) (865 937 953 960 584) (938 866 960 954 234)
 (961 962 586 939 867 955) (956 868 117 940 960) (961 964 588 941 869 957)
 (962 964 235 942 870 958) (963 965 966 590 943 871 959) (944 29 952 872)
 (873 945 236 968 954) (874 968 956 118 946) (969 970 237 947 875 958)
 (59 876 948 968 960) (962 969 972 238 949 877) (964 970 972 950 119 878)
 (966 971 973 974 239 951 879) (9 928 880) (881 929 976 592) (930 882 976 240)
 (593 977 883 931 978) (884 932 976 120) (977 594 933 980 885)
 (241 978 980 886 934) (935 979 595 981 982 887) (60 936 976 888)
 (889 937 596 977 984) (938 890 984 978 242) (939 979 597 985 986 891)
 (121 892 940 980 984) (941 981 598 985 988 893) (942 243 982 986 988 894)
 (599 943 983 987 989 990 895) (976 944 30 896) (897 945 244 992 978)
 (946 898 980 992 122) (993 994 899 947 245 982) (992 900 61 948 984)
 (993 996 901 949 246 986) (994 996 902 950 123 988)
 (995 997 951 903 247 990 998) (15 952 976 904) (905 953 977 1000 600)
 (954 906 1000 978 248) (1001 1002 907 979 601 955) (124 908 956 980 1000)
 (1001 1004 909 981 602 957) (1002 1004 910 982 249 958)
 (1003 1005 1006 911 983 603 959) (984 960 62 1000 912)
 (961 1001 1008 913 985 604) (962 1002 1008 914 250 986)
 (963 1003 1009 1010 915 987 605) (964 1004 1008 916 988 125)
 (965 1005 1009 1012 917 989 606) (966 1006 1010 1012 918 251 990)
 (967 1007 1011 1013 607 919 991 1014) (968 1000 992 31 920)
 (993 969 1002 1016 921 252) (994 970 1004 1016 922 126)
 (995 971 1006 1017 1018 923 253) (996 972 63 1008 1016 924)
 (997 973 1010 1017 1020 925 254) (998 974 1012 1018 1020 926 127)
 (927 999 975 1014 1019 1021 1022 255) (832 1) (833 1024 672) (834 1024 288)
 (1025 674 835 1026) (144 1024 836) (837 1025 676 1028) (289 838 1028 1026)
 (1027 839 1029 678 1030) (72 1024 840) (841 1025 1032 680) (842 1026 1032 290)
 (1033 682 843 1027 1034) (145 844 1028 1032) (1033 1029 684 845 1036)
 (1034 291 1036 846 1030) (847 1038 1031 1035 1037 686) (36 1024 848)
 (849 1026 292 1040) (850 1028 1040 146) (1041 1042 851 293 1030)
 (73 852 1040 1032) (1041 1034 1044 853 294) (1042 147 1036 854 1044)
 (1043 1045 1046 855 295 1038) (1024 18 856) (857 1025 1048 688)
 (858 1026 1048 296) (1049 690 859 1027 1050) (148 860 1028 1048)
 (1049 1029 692 861 1052) (297 1050 1052 862 1030)
 (694 1051 1053 1054 863 1031) (74 1032 1048 864) (865 1033 1056 1049 696)
 (866 1034 1050 1056 298) (698 1051 1057 1058 867 1035)
 (868 149 1056 1036 1052) (700 1053 1057 1060 869 1037)
 (1054 1058 1060 870 299 1038) (702 1055 1059 1061 1062 871 1039)
 (1040 37 1048 872) (873 1041 300 1064 1050) (874 1064 1052 150 1042)
 (1043 1054 1065 1066 875 301) (1064 75 876 1056 1044)
 (1045 1058 1065 1068 877 302) (1046 151 1060 1066 1068 878)
 (1047 879 1067 1069 1070 303 1062) (10 1024 880) (881 1025 1072 704)
 (882 1026 1072 304) (705 1073 883 1027 1074) (884 1072 1028 152)
 (1073 706 1076 885 1029) (305 1074 1076 886 1030)
 (1075 1077 887 707 1031 1078) (76 1072 1032 888) (889 1033 708 1073 1080)
 (890 1034 1080 1074 306) (1075 1081 1082 709 891 1035)
 (153 1076 892 1036 1080) (1077 1081 893 1084 710 1037)
 (307 1078 1082 1084 1038 894) (1079 1083 1085 1086 895 711 1039)
 (1072 1040 38 896) (897 1041 308 1088 1074) (1076 898 1042 1088 154)
 (899 309 1078 1043 1089 1090) (1080 1088 900 77 1044)
 (1045 310 1082 1089 1092 901) (902 155 1084 1090 1092 1046)
 (311 1047 903 1086 1091 1093 1094) (1048 1072 19 904) (905 1049 1096 1073 712)
 (1096 906 1050 1074 312) (1075 907 1097 713 1098 1051)
 (1076 156 908 1096 1052) (1077 1053 909 1097 714 1100)
 (1078 313 910 1054 1098 1100) (1079 1055 1102 911 1099 1101 715)
 (1080 1096 1056 78 912) (1057 1081 913 1097 716 1104)
 (1058 1082 914 314 1098 1104) (1105 1106 1083 1059 915 1099 717)
 (1084 157 916 1100 1060 1104) (1105 1108 1085 1061 917 1101 718)
 (1106 1108 315 1086 918 1102 1062) (1107 1109 919 1087 719 1063 1103 1110)
 (1088 1096 1064 39 920) (1112 316 1089 1065 921 1098)
 (1112 158 1090 1066 922 1100) (1113 1114 317 1102 1091 923 1067)
 (1068 1112 79 1092 924 1104) (1106 1113 925 1116 318 1093 1069)
 (1108 1114 1116 159 1070 1094 926) (1110 1115 1117 1118 319 927 1095 1071)
 (6 1024 928) (929 1025 1120 720) (930 1026 1120 320) (1121 722 931 1027 1122)
 (1120 932 1028 160) (1121 1029 724 933 1124) (321 1122 1124 934 1030)
 (726 935 1123 1125 1126 1031) (1120 80 1032 936) (937 1033 1128 1121 728)
 (938 1034 1128 1122 322) (730 939 1123 1129 1130 1035)
 (161 1124 940 1036 1128) (732 941 1125 1129 1132 1037)
 (942 323 1126 1130 1132 1038) (734 943 1127 1131 1133 1134 1039)
 (1120 40 1040 944) (945 1041 324 1136 1122) (1124 946 1042 1136 162)
 (1137 1138 1043 947 325 1126) (81 1128 948 1136 1044)
 (1137 1140 1045 949 326 1130) (1138 1140 1046 163 950 1132)
 (1139 1141 951 1047 327 1134 1142) (1120 20 1048 952) (953 1049 1144 1121 736)
 (954 1144 1050 1122 328) (1145 1146 1051 738 1123 955)
 (1124 164 1144 956 1052) (1145 1148 1053 740 1125 957)
 (1146 1148 1054 1126 329 958) (1147 1149 1150 1055 742 1127 959)
 (1128 82 1144 1056 960) (961 1145 1152 1057 744 1129)
 (962 1146 1152 1058 330 1130) (963 1147 1153 1154 1059 746 1131)
 (964 1148 1152 1060 165 1132) (965 1149 1153 1156 1061 748 1133)
 (966 1150 1154 1156 1062 331 1134) (967 1151 1155 1157 1158 1063 750 1135)
 (41 1136 1144 1064 968) (1137 969 1146 1160 1065 332)
 (1138 970 1148 166 1160 1066) (1139 971 1150 1161 1162 1067 333)
 (1140 972 1152 83 1160 1068) (1141 973 1154 1161 1164 1069 334)
 (1142 974 1156 167 1162 1164 1070) (1143 975 335 1163 1165 1166 1071 1158)
 (1120 1072 11 976) (977 1073 1168 1121 752) (978 1168 1074 1122 336)
 (753 1169 1075 1170 1123 979) (1076 1124 1168 980 168)
 (1169 754 1172 1077 981 1125) (337 1170 1172 1078 1126 982)
 (755 1173 983 1079 1171 1127 1174) (1080 1128 1168 84 984)
 (1169 756 1176 1081 1129 985) (1170 1176 1082 1130 986 338)
 (1171 757 1177 1178 1083 987 1131) (1172 1176 1084 1132 169 988)
 (1173 758 1177 1133 1180 1085 989) (339 1174 1178 1180 1086 990 1134)
 (759 1175 1179 1181 1182 1087 991 1135) (1136 42 1168 1088 992)
 (993 1137 340 1170 1184 1089) (994 1172 1138 1184 1090 170)
 (995 341 1174 1139 1185 1186 1091) (1140 1176 1184 1092 85 996)
 (1141 342 1178 1185 1188 1093 997) (998 1180 1186 1188 1094 171 1142)
 (343 1143 1182 1187 1189 1190 1095 999) (21 1144 1096 1168 1000)
 (1169 760 1001 1145 1192 1097) (1170 344 1002 1146 1192 1098)
 (1171 761 1003 1193 1194 1099 1147) (172 1148 1004 1172 1192 1100)
 (1173 762 1149 1193 1196 1101 1005) (1174 345 1006 1150 1194 1196 1102)
 (1175 763 1151 1007 1195 1197 1198 1103) (1176 1152 86 1192 1008 1104)
 (1105 1153 1177 764 1009 1193 1200) (1106 1154 1178 1010 346 1194 1200)
 (1201 1202 1107 1179 765 1155 1011 1195) (1108 1180 1156 1196 173 1012 1200)
 (1201 1204 1109 1181 766 1157 1013 1197)
 (1202 1204 1110 347 1182 1014 1198 1158)
 (1203 1205 1015 1111 1183 767 1159 1199 1206) (43 1112 1160 1184 1016 1192)
 (1208 1113 348 1185 1161 1017 1194) (1208 1114 1186 1162 1018 1196 174)
 (1209 1210 1115 349 1187 1163 1019 1198) (1020 1208 1116 1188 87 1164 1200)
 (1202 1209 1021 1212 1117 350 1189 1165)
 (1204 1210 1212 1118 1022 1190 1166 175)
 (1206 1023 1211 1213 1214 1119 351 1191 1167) NIL (1216 832) (1216 512)
 (833 1218 1217) (1216 384) (513 1218 1220) (1216 192) (834 1217 1222)
 (1218 1222 514) (1219 835 1223 1224) (385 1220 1222) (1226 1221 515 1224)
 (1216 96) (1228 1217 836) (1218 516 1228) (837 1219 1229 1230) (1220 1228 386)
 (1221 517 1230 1232) (193 1228 1222) (838 1229 1223 1234) (1234 1230 518 1224)
 (1225 839 1236 1235 1231) (1226 387 1234 1232) (1233 1227 1236 1238 519)
 (1216 48) (1240 1217 840) (1218 1240 520) (841 1241 1219 1242) (1220 388 1240)
 (521 1242 1221 1244) (194 1222 1240) (1241 842 1246 1223) (522 1242 1246 1224)
 (1225 843 1243 1247 1248) (1226 1244 389 1246) (1250 1227 1245 523 1248)
 (97 1228 1240) (1241 844 1229 1252) (1242 524 1252 1230)
 (1253 1243 845 1254 1231) (1244 1252 390 1232) (1233 1245 525 1254 1256)
 (1234 195 1252 1246) (1258 1235 1253 846 1247) (1254 1258 1236 526 1248)
 (1249 1237 1255 1259 1260 847) (1258 1250 1238 391 1256)
 (1251 1239 1257 1260 1262 527) (1216 12) (1264 1217 856) (1218 1264 528)
 (857 1265 1219 1266) (1220 1264 392) (529 1266 1221 1268) (1264 1222 200)
 (1265 858 1270 1223) (530 1270 1266 1224) (1225 859 1267 1271 1272)
 (393 1226 1268 1270) (1274 1227 1269 531 1272) (1264 1228 100)
 (1265 1276 860 1229) (1266 532 1230 1276) (1277 1267 861 1278 1231)
 (394 1268 1276 1232) (1233 1269 533 1278 1280) (201 1234 1276 1270)
 (1282 1235 1277 862 1271) (1282 1278 1236 534 1272)
 (1237 1273 1279 1283 1284 863) (1274 395 1282 1238 1280)
 (1239 1275 1281 1284 1286 535) (50 1264 1240) (1241 1265 1288 864)
 (1242 1288 1266 536) (865 1289 1243 1267 1290) (1268 1244 1288 396)
 (537 1269 1292 1245 1290) (202 1288 1246 1270) (1289 866 1271 1247 1294)
 (538 1294 1272 1290 1248) (1249 1273 867 1291 1295 1296)
 (1250 1292 397 1294 1274) (1298 1251 1275 539 1293 1296) (1276 1252 101 1288)
 (1289 1277 1300 868 1253) (1290 1300 540 1254 1278)
 (1301 1302 1255 1279 869 1291) (1292 1300 1280 398 1256)
 (541 1302 1304 1257 1281 1293) (1258 203 1300 1294 1282)
 (1301 1306 1259 1283 870 1295) (542 1306 1260 1284 1296 1302)
 (1297 1303 1307 1308 1261 1285 871) (1298 1304 1306 1262 1286 399)
 (1299 543 1305 1308 1310 1263 1287) (1216 8) (1312 1217 880) (1218 1312 544)
 (881 1313 1219 1314) (1312 1222 208) (1313 882 1316 1223) (545 1314 1316 1224)
 (1225 883 1317 1315 1318) (1312 1228 104) (1313 884 1229 1320)
 (546 1320 1230 1314) (1321 1322 1315 885 1231) (209 1234 1316 1320)
 (1321 1235 1324 1317 886) (1322 547 1236 1318 1324)
 (1237 1319 1323 1325 1326 887) (1312 52 1240) (1241 1313 1328 888)
 (1242 548 1328 1314) (889 1329 1243 1315 1330) (210 1316 1246 1328)
 (1329 890 1332 1317 1247) (1330 1332 549 1318 1248)
 (1249 1319 1331 1333 1334 891) (105 1328 1252 1320) (1321 1329 892 1253 1336)
 (1322 1330 1336 1254 550) (1255 1323 1331 1337 1338 893)
 (1258 211 1324 1332 1336) (1259 1325 1333 1337 1340 894)
 (551 1260 1326 1334 1338 1340) (1261 1327 1335 1339 1341 1342 895)
 (13 1312 1264) (1265 1313 1344 904) (1266 1344 1314 552)
 (905 1345 1267 1315 1346) (1344 1316 1270 216) (1345 906 1348 1317 1271)
 (553 1346 1348 1318 1272) (1347 1349 1350 1319 1273 907) (1344 1276 108 1320)
 (1321 1345 908 1277 1352) (554 1352 1278 1346 1322)
 (1347 1353 1354 1323 909 1279) (217 1282 1348 1324 1352)
 (1349 1353 1356 1325 910 1283) (1350 1354 555 1356 1326 1284)
 (1351 1355 1357 1358 1327 1285 911) (1344 1328 54 1288)
 (1289 1329 1360 1345 912) (1290 1360 556 1346 1330)
 (1361 1347 913 1362 1331 1291) (218 1348 1332 1294 1360)
 (1349 1361 914 1364 1333 1295) (1350 557 1362 1364 1334 1296)
 (1297 1351 1363 915 1365 1366 1335) (1360 1352 1300 109 1336)
 (1301 1353 1361 916 1368 1337) (1302 1354 558 1362 1368 1338)
 (1303 1355 1363 917 1369 1370 1339) (1306 1356 1364 1368 219 1340)
 (1307 1357 1365 918 1369 1372 1341) (1308 1358 559 1366 1370 1372 1342)
 (919 1309 1359 1367 1371 1373 1374 1343) (1216 4) (1376 1217 928)
 (1218 1376 560) (929 1377 1219 1378) (1220 1376 400) (561 1378 1221 1380)
 (1376 1222 224) (1377 930 1382 1223) (562 1378 1382 1224)
 (1225 931 1379 1383 1384) (401 1226 1380 1382) (1386 1227 1381 563 1384)
 (1228 1376 112) (1377 932 1229 1388) (1378 564 1230 1388)
 (1389 1379 933 1390 1231) (402 1380 1388 1232) (1233 1381 565 1390 1392)
 (225 1234 1388 1382) (1394 1235 1389 934 1383) (1390 1394 1236 566 1384)
 (1237 935 1385 1391 1395 1396) (1386 403 1394 1238 1392)
 (1239 1387 1393 1396 1398 567) (56 1376 1240) (1241 1377 1400 936)
 (1242 1378 1400 568) (937 1401 1243 1379 1402) (404 1244 1400 1380)
 (569 1381 1404 1245 1402) (226 1400 1246 1382) (1401 938 1383 1247 1406)
 (1402 570 1384 1406 1248) (1249 1385 939 1403 1407 1408)
 (1250 1404 405 1406 1386) (1410 1251 1387 571 1405 1408) (113 1252 1400 1388)
 (1401 1389 1412 940 1253) (1412 1402 572 1254 1390)
 (1413 1414 1255 941 1391 1403) (1412 1392 1404 406 1256)
 (1414 1416 1257 1405 1393 573) (1258 227 1412 1406 1394)
 (1413 1418 1259 942 1395 1407) (1414 1418 1260 1396 574 1408)
 (1409 1415 1419 1420 1261 943 1397) (1410 407 1416 1418 1262 1398)
 (1411 1417 1420 1422 1263 1399 575) (14 1376 1264) (1265 1377 1424 952)
 (1424 1266 1378 576) (953 1425 1267 1379 1426) (1424 1268 1380 408)
 (577 1381 1428 1269 1426) (1424 1382 1270 232) (1425 954 1383 1271 1430)
 (578 1384 1426 1430 1272) (1273 1385 1427 1431 1432 955)
 (409 1274 1428 1430 1386) (579 1387 1429 1432 1434 1275) (116 1424 1276 1388)
 (1425 1389 1436 956 1277) (1436 1426 580 1278 1390)
 (957 1391 1427 1279 1437 1438) (1428 410 1436 1392 1280)
 (1393 581 1281 1429 1438 1440) (233 1282 1436 1430 1394)
 (1442 1283 1395 1431 1437 958) (1442 582 1284 1432 1438 1396)
 (1443 1444 1397 959 1433 1285 1439) (1442 411 1286 1434 1398 1440)
 (1441 1444 1287 583 1399 1435 1446) (1424 58 1400 1288)
 (1289 1401 1448 1425 960) (1290 1402 1426 1448 584)
 (961 1449 1450 1427 1291 1403) (1428 1448 412 1292 1404)
 (585 1293 1452 1429 1450 1405) (234 1448 1430 1294 1406)
 (962 1449 1454 1295 1431 1407) (586 1454 1450 1432 1296 1408)
 (1297 1409 963 1451 1455 1456 1433) (1298 1410 1452 413 1454 1434)
 (1299 587 1453 1411 1456 1458 1435) (1412 1436 1300 117 1448)
 (964 1413 1449 1460 1301 1437) (1302 1450 588 1460 1438 1414)
 (965 1303 1415 1451 1461 1462 1439) (1304 1416 1452 414 1460 1440)
 (1441 1305 1453 589 1417 1462 1464) (1442 1306 235 1454 1460 1418)
 (1443 966 1307 1455 1461 1466 1419) (1444 1420 590 1456 1462 1466 1308)
 (1445 967 1309 1421 1457 1463 1467 1468) (1446 1310 415 1422 1458 1464 1466)
 (1447 1423 1459 1311 591 1465 1468 1470) (9 1376 1312) (1313 1377 1472 976)
 (1314 1378 1472 592) (977 1473 1315 1379 1474) (1472 1316 1382 240)
 (1473 978 1476 1317 1383) (593 1474 1476 1318 1384)
 (1475 1477 1478 1319 1385 979) (1472 120 1388 1320) (1321 1473 980 1389 1480)
 (1322 1480 1390 1474 594) (1475 1481 1482 1323 1391 981)
 (241 1394 1476 1324 1480) (1477 1481 1484 1325 1395 982)
 (1478 1482 1484 1326 595 1396) (1479 1483 1485 1486 1327 1397 983)
 (1472 60 1400 1328) (1329 1401 1473 1488 984) (1330 1488 596 1474 1402)
 (1475 1489 1490 1331 985 1403) (242 1476 1332 1406 1488)
 (1477 1489 1492 1333 986 1407) (1478 1490 1492 597 1334 1408)
 (1409 1479 1491 1493 1494 1335 987) (121 1480 1412 1488 1336)
 (1413 1481 1489 1496 1337 988) (1414 1482 1490 598 1496 1338)
 (1415 1483 1491 1497 1498 1339 989) (1418 1484 243 1492 1496 1340)
 (1419 1485 1493 1497 1500 1341 990) (1420 1486 1494 599 1498 1500 1342)
 (1421 1487 1343 1495 1499 1501 1502 991) (1472 15 1424 1344)
 (1345 1425 1473 1504 1000) (1346 1504 1426 1474 600)
 (1505 1506 1347 1001 1475 1427) (1476 1348 1504 1430 248)
 (1505 1508 1477 1002 1431 1349) (1506 1508 1350 1432 601 1478)
 (1507 1509 1351 1479 1003 1433 1510) (1436 1480 124 1504 1352)
 (1505 1512 1353 1004 1481 1437) (1506 1512 1354 1482 602 1438)
 (1507 1513 1514 1355 1005 1483 1439) (1442 1356 1512 1484 1508 249)
 (1443 1509 1513 1357 1516 1485 1006) (1444 1510 1514 1516 1358 1486 603)
 (1445 1511 1517 1515 1487 1518 1007 1359) (1488 1448 1504 62 1360)
 (1505 1489 1449 1520 1361 1008) (1506 1490 1450 1520 1362 604)
 (1521 1507 1451 1491 1009 1522 1363) (1508 1454 1520 1364 1492 250)
 (1509 1455 1521 1010 1524 1493 1365) (1510 1456 1522 1524 1366 605 1494)
 (1367 1511 1011 1457 1523 1525 1526 1495) (1512 1368 1520 1460 1496 125)
 (1513 1521 1497 1012 1461 1528 1369) (1514 1528 1522 1462 1498 1370 606)
 (1515 1523 1013 1463 1529 1530 1371 1499) (1500 1516 1524 1528 1466 251 1372)
 (1373 1517 1525 1014 1529 1467 1532 1501)
 (1532 1518 1502 1526 1530 1468 1374 607)
 (1015 1533 1519 1503 1527 1531 1469 1534 1375) (1216 2) (1218 1536 608)
 (1220 1536 416) (609 1537 1221 1538) (1536 1222 256) (1537 610 1540 1224)
 (417 1226 1540 1538) (1227 1539 1541 611 1542) (1536 1228 128)
 (1537 612 1230 1544) (418 1544 1538 1232) (1233 1545 1539 613 1546)
 (257 1234 1540 1544) (1545 1548 1236 1541 614) (1546 419 1548 1238 1542)
 (615 1543 1547 1549 1550 1239) (1536 64 1240) (1537 1242 1552 616)
 (1538 1244 420 1552) (617 1553 1539 1245 1554) (258 1540 1246 1552)
 (1553 618 1556 1541 1248) (1250 1556 421 1542 1554)
 (1251 1543 619 1555 1557 1558) (129 1552 1252 1544) (1545 1553 620 1254 1560)
 (1546 1554 1560 422 1256) (1257 1547 621 1555 1561 1562)
 (1258 259 1548 1560 1556) (1260 1549 622 1557 1561 1564)
 (423 1262 1550 1558 1562 1564) (1263 1551 623 1559 1563 1565 1566)
 (16 1536 1264) (1537 1266 1568 624) (1538 1268 1568 424)
 (625 1569 1539 1269 1570) (1568 1540 1270 264) (1569 626 1572 1541 1272)
 (425 1274 1572 1542 1570) (1571 1573 1574 1543 1275 627) (1568 1276 132 1544)
 (1545 1569 628 1278 1576) (426 1576 1546 1570 1280)
 (1571 1577 1578 1547 1281 629) (265 1282 1572 1548 1576)
 (1573 1577 1580 1549 1284 630) (1574 1578 427 1580 1550 1286)
 (1287 1575 1579 1581 1582 1551 631) (66 1552 1568 1288)
 (1553 1290 1569 1584 632) (1554 1584 1292 428 1570)
 (1571 1585 1586 1555 633 1293) (266 1572 1556 1294 1584)
 (1573 1585 1588 1557 634 1296) (1298 1574 429 1586 1588 1558)
 (1299 1575 1587 1589 1590 1559 635) (1576 1300 133 1584 1560)
 (1302 1577 1585 1592 1561 636) (1304 1578 430 1586 1592 1562)
 (1305 1579 1587 1593 1594 1563 637) (1306 267 1580 1588 1592 1564)
 (1308 1581 1589 1593 1596 1565 638) (1582 431 1310 1590 1594 1596 1566)
 (1583 1311 639 1591 1595 1597 1598 1567) (5 1536 1376) (1537 1378 1600 640)
 (1538 1600 1380 432) (641 1601 1539 1381 1602) (1600 1540 1382 272)
 (1601 642 1604 1541 1384) (433 1386 1604 1542 1602)
 (1603 1605 1606 1543 1387 643) (1544 1600 1388 136) (1545 1601 644 1390 1608)
 (434 1602 1608 1546 1392) (1603 645 1609 1610 1547 1393)
 (273 1394 1548 1604 1608) (1605 646 1609 1612 1549 1396)
 (1606 1610 1612 1550 435 1398) (647 1607 1611 1613 1614 1551 1399)
 (1552 1600 68 1400) (1553 1402 1616 1601 648) (1554 1404 1616 436 1602)
 (1603 649 1617 1618 1555 1405) (274 1556 1406 1604 1616)
 (1605 650 1617 1620 1557 1408) (1410 1606 1618 1620 437 1558)
 (1411 1607 651 1619 1621 1622 1559) (137 1608 1412 1616 1560)
 (1414 1609 652 1617 1624 1561) (1416 1610 1618 438 1624 1562)
 (1417 1611 653 1619 1625 1626 1563) (1418 1612 275 1620 1624 1564)
 (1420 1613 654 1621 1625 1628 1565) (1614 1422 1622 439 1626 1628 1566)
 (1423 1615 655 1623 1627 1629 1630 1567) (17 1568 1600 1424)
 (1569 1426 1632 1601 656) (1570 1428 1602 1632 440)
 (1633 1634 1571 1603 657 1429) (1604 1572 1430 1632 280)
 (1633 1636 1573 658 1432 1605) (1634 1636 1574 441 1434 1606)
 (1635 1637 1575 1607 659 1435 1638) (1608 1436 140 1632 1576)
 (1633 1640 1577 1609 660 1438) (1634 1640 1610 1578 442 1440)
 (1441 1635 1641 1642 1579 661 1611) (1442 1636 1640 1580 281 1612)
 (1444 1637 1641 1581 1644 1613 662) (1638 1642 1644 1614 1582 443 1446)
 (1447 1639 1643 1645 1646 1615 1583 663) (1616 1584 70 1632 1448)
 (1633 1617 1450 1648 1585 664) (1634 1618 1452 1648 1586 444)
 (1635 1453 1619 1649 1650 1587 665) (1636 1620 1454 1648 1588 282)
 (1637 1621 1456 1649 1652 1589 666) (1638 1650 1458 1652 1590 445 1622)
 (1591 1639 1459 1651 1653 1654 1623 667) (1640 1592 1648 1460 1624 141)
 (1641 1649 1625 1462 1656 1593 668) (1656 1642 1464 1650 1626 1594 446)
 (1643 1657 1651 1465 1658 1595 669 1627) (1628 1644 1652 1656 1466 283 1596)
 (1660 1597 1645 1653 1657 1468 1629 670)
 (1646 1470 1654 1598 1658 1660 1630 447)
 (1471 1647 671 1599 1655 1659 1661 1662 1631) (1216 1) (1664 1217 1024)
 (1218 1664 672) (1025 1665 1219 1666) (1220 1664 448) (673 1666 1221 1668)
 (1664 1222 288) (1665 1026 1670 1223) (1666 674 1670 1224)
 (1225 1027 1667 1671 1672) (449 1226 1668 1670) (1674 1227 1669 675 1672)
 (1228 1664 144) (1665 1028 1229 1676) (1666 676 1676 1230)
 (1677 1667 1029 1678 1231) (450 1668 1676 1232) (1233 1669 677 1678 1680)
 (289 1234 1676 1670) (1682 1235 1677 1030 1671) (1678 1682 1236 678 1672)
 (1683 1684 1237 1031 1673 1679) (1682 1674 451 1238 1680)
 (1681 1684 1686 1239 679 1675) (72 1664 1240) (1241 1665 1688 1032)
 (1666 1242 1688 680) (1033 1689 1243 1667 1690) (1244 1668 1688 452)
 (681 1669 1692 1245 1690) (290 1688 1246 1670) (1689 1034 1671 1247 1694)
 (1690 682 1672 1694 1248) (1249 1691 1695 1696 1673 1035)
 (1250 1692 453 1694 1674) (1251 1693 1696 1698 683 1675) (145 1252 1676 1688)
 (1689 1677 1036 1253 1700) (1690 684 1700 1254 1678)
 (1255 1691 1701 1702 1037 1679) (1700 1680 1692 454 1256)
 (1681 1257 1693 1702 1704 685) (1258 291 1700 1694 1682)
 (1683 1259 1695 1701 1706 1038) (1684 1260 1696 1702 1706 686)
 (1685 1261 1697 1703 1707 1708 1039) (1686 1262 1698 455 1704 1706)
 (1687 1263 1699 1705 1708 1710 687) (1664 18 1264) (1265 1665 1712 1048)
 (1666 1266 1712 688) (1049 1713 1267 1667 1714) (1268 1668 1712 456)
 (689 1669 1716 1269 1714) (1670 1712 1270 296) (1713 1050 1671 1271 1718)
 (690 1714 1672 1718 1272) (1715 1719 1720 1273 1051 1673)
 (457 1274 1716 1718 1674) (691 1717 1720 1722 1275 1675) (148 1276 1676 1712)
 (1713 1677 1052 1277 1724) (1714 692 1278 1724 1678)
 (1715 1053 1725 1726 1279 1679) (458 1680 1724 1716 1280)
 (1681 693 1726 1728 1281 1717) (297 1282 1724 1718 1682)
 (1683 1719 1725 1054 1730 1283) (1684 694 1720 1726 1730 1284)
 (1685 1721 1727 1731 1732 1285 1055) (1686 1722 1728 1730 1286 459)
 (1687 695 1723 1729 1732 1734 1287) (74 1688 1712 1288)
 (1289 1689 1736 1713 1056) (1690 1290 1714 1736 696)
 (1715 1691 1057 1737 1738 1291) (1736 1292 1692 1716 460)
 (1717 697 1693 1738 1740 1293) (298 1718 1736 1294 1694)
 (1719 1695 1058 1737 1742 1295) (1720 698 1696 1738 1742 1296)
 (1297 1721 1697 1059 1739 1743 1744) (1298 1722 1698 1740 461 1742)
 (1746 1299 1723 1699 1741 699 1744) (1300 149 1700 1724 1736)
 (1748 1301 1725 1060 1701 1737) (1748 1302 700 1726 1702 1738)
 (1749 1750 1303 1727 1061 1703 1739) (1748 1304 1728 1704 1740 462)
 (1750 1752 1305 701 1729 1705 1741) (1748 1306 1730 1706 299 1742)
 (1749 1754 1307 1731 1062 1707 1743) (1750 1754 1308 702 1732 1708 1744)
 (1745 1751 1755 1756 1309 1733 1063 1709) (1746 1752 1754 1310 1734 1710 463)
 (1747 1753 1756 1758 703 1311 1735 1711) (10 1664 1312) (1313 1665 1760 1072)
 (1666 1314 1760 704) (1073 1761 1315 1667 1762) (1316 1670 1760 304)
 (1761 1074 1764 1317 1671) (705 1762 1764 1318 1672)
 (1075 1319 1763 1765 1766 1673) (152 1676 1760 1320)
 (1321 1761 1076 1677 1768) (1322 1762 1678 1768 706)
 (1077 1323 1763 1769 1770 1679) (305 1682 1324 1768 1764)
 (1683 1078 1325 1765 1769 1772) (1684 1326 707 1766 1770 1772)
 (1685 1079 1327 1767 1771 1773 1774) (76 1688 1760 1328)
 (1329 1689 1776 1761 1080) (1330 1762 708 1776 1690)
 (1777 1778 1081 1691 1331 1763) (306 1332 1694 1776 1764)
 (1777 1780 1082 1695 1333 1765) (1778 1780 1696 709 1766 1334)
 (1779 1781 1335 1083 1697 1767 1782) (153 1700 1776 1768 1336)
 (1777 1784 1084 1769 1701 1337) (1778 1784 710 1770 1338 1702)
 (1779 1785 1786 1085 1703 1339 1771) (307 1780 1784 1772 1706 1340)
 (1781 1785 1341 1788 1086 1707 1773) (1782 1786 1788 1774 711 1708 1342)
 (1783 1787 1789 1790 1087 1343 1709 1775) (1712 1760 19 1344)
 (1345 1713 1792 1761 1096) (1792 1346 1714 1762 712)
 (1347 1715 1793 1794 1763 1097) (1792 1348 1718 1764 312)
 (1349 1719 1793 1796 1765 1098) (1350 1720 1794 1796 1766 713)
 (1351 1721 1795 1797 1798 1767 1099) (1792 156 1768 1724 1352)
 (1353 1725 1793 1800 1769 1100) (1354 1726 714 1794 1800 1770)
 (1355 1727 1795 1801 1802 1771 1101) (313 1356 1730 1796 1800 1772)
 (1357 1731 1797 1801 1804 1773 1102) (1358 1732 1798 1802 715 1804 1774)
 (1359 1733 1103 1799 1803 1805 1806 1775) (1792 1736 78 1776 1360)
 (1777 1793 1361 1737 1104 1808) (1778 1794 1362 1738 716 1808)
 (1105 1809 1779 1810 1363 1795 1739) (1780 1796 314 1364 1742 1808)
 (1809 1106 1812 1781 1365 1797 1743) (1810 1812 1782 1798 1744 717 1366)
 (1745 1811 1813 1367 1783 1107 1799 1814) (1748 1784 1368 157 1800 1808)
 (1809 1108 1749 1816 1785 1801 1369) (1810 1750 1816 1786 1802 1370 718)
 (1811 1109 1751 1817 1818 1787 1371 1803) (1804 1816 1754 315 1788 1812 1372)
 (1813 1110 1817 1805 1755 1820 1789 1373)
 (1820 1814 1818 1756 1790 1374 1806 719)
 (1111 1815 1821 1819 1757 1822 1791 1375 1807) (6 1664 1376)
 (1377 1665 1824 1120) (1666 1378 1824 720) (1121 1825 1379 1667 1826)
 (1824 1380 1668 464) (721 1669 1828 1381 1826) (1670 1824 1382 320)
 (1825 1122 1671 1383 1830) (722 1672 1830 1826 1384)
 (1385 1827 1123 1831 1832 1673) (465 1386 1828 1830 1674)
 (723 1387 1829 1832 1834 1675) (1824 1388 1676 160) (1825 1677 1124 1389 1836)
 (1836 1826 724 1390 1678) (1391 1827 1125 1837 1838 1679)
 (1828 466 1680 1836 1392) (1681 725 1393 1829 1838 1840)
 (321 1394 1836 1830 1682) (1842 1683 1395 1126 1831 1837)
 (1842 1684 726 1396 1832 1838) (1843 1844 1685 1397 1127 1833 1839)
 (1842 467 1686 1398 1834 1840) (1841 1844 1687 727 1399 1835 1846)
 (1824 80 1688 1400) (1401 1689 1848 1825 1128) (1690 1402 1848 1826 728)
 (1849 1850 1691 1827 1129 1403) (468 1828 1404 1692 1848)
 (729 1850 1852 1693 1829 1405) (322 1848 1830 1406 1694)
 (1849 1854 1695 1831 1130 1407) (730 1854 1696 1832 1850 1408)
 (1409 1851 1855 1856 1697 1833 1131) (1410 469 1852 1854 1698 1834)
 (1411 731 1853 1856 1858 1699 1835) (161 1836 1412 1700 1848)
 (1413 1849 1860 1701 1132 1837) (1414 1850 732 1860 1702 1838)
 (1415 1851 1861 1862 1703 1133 1839) (470 1416 1852 1860 1704 1840)
 (1841 1417 1853 733 1862 1864 1705) (1842 1418 1854 323 1860 1706)
 (1843 1419 1855 1861 1866 1707 1134) (1844 1420 734 1856 1862 1866 1708)
 (1845 1421 1857 1863 1867 1868 1709 1135) (1846 471 1422 1858 1864 1866 1710)
 (1847 735 1859 1423 1865 1868 1870 1711) (1824 20 1712 1424)
 (1425 1713 1872 1825 1144) (1426 1714 1872 1826 736)
 (1873 1874 1715 1145 1827 1427) (1828 1872 1428 1716 472)
 (1874 1876 1717 737 1429 1829) (1718 1872 1830 1430 328)
 (1873 1431 1719 1146 1831 1878) (1874 1878 1720 1432 738 1832)
 (1875 1879 1880 1721 1147 1833 1433) (1876 1878 473 1722 1834 1434)
 (1877 1880 1882 1723 739 1435 1835) (1836 164 1436 1724 1872)
 (1873 1148 1837 1884 1725 1437) (1874 1884 1726 1438 740 1838)
 (1875 1149 1885 1886 1727 1439 1839) (1876 474 1884 1728 1440 1840)
 (1441 1841 1877 1886 1888 1729 741) (1442 1878 1842 1884 1730 329)
 (1443 1879 1885 1843 1150 1890 1731) (1844 1732 1880 1886 1890 1444 742)
 (1845 1881 1887 1891 1892 1733 1151 1445) (1446 1882 475 1888 1890 1734 1846)
 (743 1847 1883 1889 1892 1894 1735 1447) (82 1848 1736 1872 1448)
 (1873 1449 1152 1849 1896 1737) (1874 1450 744 1896 1738 1850)
 (1875 1451 1153 1897 1898 1739 1851) (1876 476 1452 1896 1852 1740)
 (1877 1453 1853 745 1898 1900 1741) (1878 1454 1854 1896 330 1742)
 (1879 1855 1154 1455 1897 1902 1743) (1880 1856 1898 746 1456 1902 1744)
 (1745 1857 1881 1457 1155 1899 1903 1904) (1746 1858 1882 477 1458 1900 1902)
 (1906 1747 1883 1859 1459 747 1901 1904) (1460 1748 1884 1860 165 1896)
 (1908 1749 1885 1156 1861 1897 1461) (1908 1750 1886 1462 1898 748 1862)
 (1909 1863 1751 1887 1157 1463 1899 1910) (1908 1752 1464 478 1888 1864 1900)
 (1910 1912 1753 1901 1889 1865 1465 749) (1908 1754 1890 1866 1466 331 1902)
 (1909 1914 1755 1891 1158 1467 1867 1903)
 (1468 1910 1914 1756 1892 1868 750 1904)
 (1905 1911 1469 1915 1916 1757 1893 1159 1869)
 (1906 1912 1914 1758 479 1470 1894 1870)
 (1907 1916 1913 1471 1918 1759 751 1895 1871) (1824 1760 11 1472)
 (1473 1761 1920 1825 1168) (1474 1762 1920 1826 752)
 (1169 1475 1763 1921 1922 1827) (1476 1920 1830 1764 336)
 (1170 1477 1921 1924 1765 1831) (753 1478 1922 1924 1766 1832)
 (1171 1479 1923 1925 1926 1767 1833) (1836 168 1920 1768 1480)
 (1172 1481 1921 1928 1769 1837) (754 1482 1922 1928 1770 1838)
 (1173 1483 1923 1929 1930 1771 1839) (337 1842 1484 1924 1928 1772)
 (1843 1174 1485 1925 1929 1932 1773) (755 1844 1486 1926 1930 1932 1774)
 (1845 1175 1487 1927 1931 1933 1934 1775) (1848 84 1920 1776 1488)
 (1777 1921 1176 1849 1489 1936) (1778 756 1490 1850 1922 1936)
 (1937 1938 1779 1177 1851 1923 1491) (338 1780 1924 1854 1492 1936)
 (1937 1940 1781 1178 1855 1925 1493) (1938 1940 757 1782 1856 1926 1494)
 (1939 1941 1495 1783 1179 1857 1927 1942) (1784 1496 1860 1928 169 1936)
 (1937 1944 1785 1180 1929 1861 1497) (1938 758 1944 1786 1862 1498 1930)
 (1939 1945 1946 1787 1181 1863 1931 1499) (339 1932 1944 1788 1940 1866 1500)
 (1941 1945 1501 1948 1789 1182 1867 1933)
 (1942 759 1946 1948 1790 1502 1868 1934)
 (1943 1949 1947 1503 1950 1791 1183 1869 1935) (21 1872 1792 1920 1504)
 (1505 1921 1952 1793 1873 1192) (1506 1794 760 1874 1952 1922)
 (1507 1875 1923 1953 1954 1795 1193) (1508 1878 344 1924 1952 1796)
 (1797 1509 1879 1953 1956 1925 1194) (1510 1880 761 1954 1956 1926 1798)
 (1799 1511 1881 1955 1957 1958 1927 1195) (1928 1512 1884 1952 1800 172)
 (1513 1885 1953 1929 1960 1801 1196) (1514 1960 1886 762 1954 1802 1930)
 (1515 1887 1955 1961 1962 1931 1197 1803) (1932 345 1516 1890 1956 1960 1804)
 (1933 1517 1891 1957 1961 1964 1805 1198)
 (763 1518 1806 1892 1958 1962 1964 1934)
 (1199 1519 1893 1807 1959 1963 1965 1966 1935) (1520 1952 86 1896 1936 1808)
 (1809 1953 1521 1937 1897 1968 1200) (1938 1954 764 1810 1522 1898 1968)
 (1201 1969 1811 1970 1955 1939 1523 1899) (1812 346 1940 1524 1956 1902 1968)
 (1969 1202 1972 1941 1813 1957 1525 1903)
 (1970 1972 1942 765 1958 1814 1526 1904)
 (1905 1203 1973 1527 1815 1943 1971 1959 1974)
 (1908 1944 1816 1960 1528 173 1968) (1969 1204 1909 1976 1817 1945 1961 1529)
 (1970 1910 1976 1946 766 1962 1530 1818)
 (1971 1205 1911 1977 1978 1819 1531 1963 1947)
 (1964 1976 1914 347 1820 1972 1532 1948)
 (1973 1206 1977 1949 1915 1980 1821 1533 1965)
 (1980 1974 1978 1916 1950 767 1534 1822 1966)
 (1975 1207 1981 1979 1917 1982 1823 1535 1951 1967) (3 1664 1536)
 (1537 1666 1984 768) (1538 1668 1984 480) (769 1985 1539 1669 1986)
 (1540 1670 1984 352) (1985 770 1988 1541 1672) (481 1674 1988 1542 1986)
 (1543 771 1987 1989 1990 1675) (176 1676 1984 1544) (1545 1985 772 1678 1992)
 (1546 1986 1680 1992 482) (1681 1547 1987 773 1993 1994)
 (353 1682 1548 1988 1992) (1684 1549 1989 774 1993 1996)
 (1686 1550 483 1990 1994 1996) (775 1687 1551 1991 1995 1997 1998)
 (88 1688 1984 1552) (1553 1690 2000 1985 776) (1554 484 1692 2000 1986)
 (2001 2002 1693 1987 1555 777) (354 1556 1694 1988 2000)
 (2001 2004 1989 1696 1557 778) (2002 2004 1698 485 1558 1990)
 (2003 2005 1559 1699 1991 779 2006) (177 2000 1700 1992 1560)
 (2001 2008 1993 1702 1561 780) (2002 2008 1704 486 1994 1562)
 (2003 2009 2010 1705 1563 781 1995) (1996 2008 355 2004 1706 1564)
 (2005 2009 1565 2012 1708 1997 782) (2006 2010 2012 1566 1710 487 1998)
 (2007 2011 2013 2014 1711 1567 783 1999) (22 1712 1984 1568)
 (1569 1714 2016 1985 784) (1570 1986 1716 2016 488)
 (785 1571 1717 2017 2018 1987) (1572 2016 1718 1988 360)
 (786 1573 1720 2017 2020 1989) (1574 1722 2018 2020 1990 489)
 (787 1575 1723 2019 2021 2022 1991) (1992 180 2016 1724 1576)
 (788 1577 1726 2017 2024 1993) (1578 490 1728 2018 2024 1994)
 (789 1579 1729 2019 2025 2026 1995) (1580 1730 2020 2024 361 1996)
 (790 1581 1732 2021 2025 2028 1997) (1582 2022 2026 491 2028 1998 1734)
 (2023 791 1583 1735 2027 2029 2030 1999) (90 1736 2016 2000 1584)
 (2001 2017 792 1585 1738 2032) (2002 1740 2018 1586 492 2032)
 (2033 2034 2003 793 1587 2019 1741) (2004 2020 1588 362 1742 2032)
 (2033 2036 2005 794 2021 1589 1744) (1746 2036 2006 2034 2022 493 1590)
 (2035 2037 1591 2007 795 1747 2023 2038) (1748 181 2008 1592 2024 2032)
 (2033 1750 2040 2009 796 2025 1593) (2034 1752 2010 2040 2026 1594 494)
 (2035 1753 2042 2011 797 2041 2027 1595) (2036 2040 1754 2012 363 1596 2028)
 (2044 2037 2041 1597 1756 2013 798 2029)
 (2038 2042 2044 2014 1598 1758 2030 495)
 (2039 799 2043 2045 2046 2015 1759 2031 1599) (7 1824 1984 1600)
 (1601 1826 2048 1985 800) (2048 1602 1986 1828 496)
 (2049 1603 801 2050 1987 1829) (2048 1604 1830 1988 368)
 (1605 2049 802 2052 1989 1832) (497 1606 2050 2052 1990 1834)
 (1607 2051 803 2053 2054 1991 1835) (2048 1836 184 1992 1608)
 (1609 2049 804 2056 1993 1838) (498 1610 2050 2056 1994 1840)
 (1841 1611 2051 805 2057 2058 1995) (369 1842 1612 2052 2056 1996)
 (1844 1613 2053 806 2057 2060 1997) (499 1846 1614 2054 2058 2060 1998)
 (807 1847 1615 2055 2059 2061 2062 1999) (2048 1848 92 2000 1616)
 (2001 2049 1850 1617 808 2064) (2002 500 2050 1852 1618 2064)
 (2065 2066 2003 1853 2051 1619 809) (370 2004 1620 1854 2052 2064)
 (2065 2068 2005 2053 1856 1621 810) (2066 2068 501 2006 1858 2054 1622)
 (2067 2069 1623 2007 1859 2055 811 2070) (2008 185 1624 1860 2056 2064)
 (2065 2072 2009 2057 1862 1625 812) (2066 502 2072 2010 1864 2058 1626)
 (2067 2073 2074 2011 1865 1627 813 2059) (371 1628 2072 2012 2068 1866 2060)
 (2069 2073 2061 2076 2013 1868 1629 814)
 (2070 503 2074 2076 2014 1630 1870 2062)
 (2071 815 2075 1631 2077 2078 2015 1871 2063) (2048 23 1872 2016 1632)
 (1633 1874 2080 2017 2049 816) (1634 1876 2050 504 2080 2018)
 (817 1635 1877 2019 2081 2082 2051) (1636 1878 376 2020 2080 2052)
 (818 1637 1880 2081 2084 2021 2053) (1638 505 1882 2082 2084 2054 2022)
 (819 2055 1639 1883 2083 2085 2086 2023) (188 1640 2024 1884 2080 2056)
 (820 1641 1886 2081 2057 2088 2025) (1642 2088 506 1888 2082 2058 2026)
 (821 1643 1889 2083 2089 2090 2059 2027) (2028 377 1644 1890 2084 2088 2060)
 (822 2061 1645 1892 2085 2089 2092 2029)
 (507 1646 2062 2086 2090 2092 2030 1894)
 (1895 823 1647 2063 2087 2091 2093 2094 2031) (2080 1648 1896 2032 94 2064)
 (2065 2081 824 1649 2033 1898 2096) (2066 2082 508 1650 2034 1900 2096)
 (2097 2098 2067 825 1651 2083 1901 2035) (2036 378 2068 1652 2084 1902 2096)
 (2097 2100 2069 826 2037 2085 1653 1904)
 (1906 2100 2070 2098 509 2086 2038 1654)
 (1655 1907 2101 2039 2071 827 2099 2087 2102)
 (1908 1656 2040 2072 189 2088 2096) (2097 1910 2073 2041 2104 828 2089 1657)
 (2098 2042 1912 2074 2104 510 2090 1658)
 (2043 1913 2106 2075 829 2099 2105 2091 1659)
 (2092 2076 2104 1914 379 2044 2100 1660)
 (2108 2101 2105 2093 1916 2045 830 1661 2077)
 (2102 2106 2108 2078 511 2046 1662 1918 2094)
 (2103 831 2107 2109 2110 1919 2047 1663 2079 2095) NIL (2112 1216) (2112 832)
 (2113 1217 2114) (2112 512) (1218 2113 2116) (833 2116 2114)
 (1219 2117 2118 2115) (2112 384) (1220 2113 2120) (513 2120 2116)
 (2121 1221 2117 2122) (2112 192) (2113 2124 1222) (2124 834 2114)
 (2125 1223 2115 2126) (514 2116 2124) (2125 2128 2117 1224)
 (2128 835 2118 2126) (1225 2129 2127 2119 2130) (385 2124 2120)
 (1226 2132 2121 2125) (515 2132 2122 2128) (2129 1227 2133 2134 2123)
 (2112 96) (2113 1228 2136) (2136 2114 836) (2137 2138 1229 2115)
 (516 2116 2136) (2137 2140 2117 1230) (837 2138 2140 2118)
 (2139 2141 1231 2119 2142) (386 2120 2136) (2137 2144 2121 1232)
 (2140 517 2122 2144) (1233 2145 2141 2123 2146) (193 2124 2136)
 (2137 1234 2148 2125) (838 2148 2126 2138) (1235 2149 2139 2127 2150)
 (2148 2140 518 2128) (2129 2149 1236 2141 2152) (2130 839 2152 2142 2150)
 (1237 2131 2143 2151 2153 2154) (2148 387 2132 2144)
 (2145 2149 2156 2133 1238) (2146 2156 2134 519 2152)
 (1239 2135 2147 2153 2157 2158) (2112 48) (2113 2160 1240) (2160 2114 840)
 (1241 2161 2115 2162) (2116 2160 520) (2161 1242 2164 2117)
 (841 2162 2164 2118) (1243 2165 2163 2119 2166) (388 2120 2160)
 (2161 1244 2121 2168) (521 2164 2122 2168) (2169 2165 1245 2123 2170)
 (194 2124 2160) (2161 2172 2125 1246) (842 2172 2126 2162)
 (2163 2173 1247 2127 2174) (522 2164 2172 2128) (2129 2173 2176 2165 1248)
 (2130 843 2176 2166 2174) (1249 2177 2178 2131 2167 2175) (2132 389 2172 2168)
 (2169 1250 2173 2180 2133) (2170 523 2180 2134 2176)
 (2177 1251 2181 2182 2135 2171) (97 2160 2136) (2137 2161 1252 2184)
 (2138 844 2184 2162) (2185 2186 2139 1253 2163) (524 2140 2164 2184)
 (2185 2165 2188 2141 1254) (2186 2188 845 2142 2166)
 (1255 2187 2189 2190 2143 2167) (2184 2168 390 2144)
 (2145 2169 2185 2192 1256) (2146 2188 525 2192 2170)
 (1257 2189 2193 2194 2147 2171) (195 2148 2172 2184)
 (2185 1258 2173 2196 2149) (2174 2186 2196 2150 846)
 (1259 2197 2198 2151 2187 2175) (2196 2188 2176 526 2152)
 (2177 1260 2189 2197 2200 2153) (2178 2190 2198 847 2200 2154)
 (2179 1261 2191 2199 2201 2202 2155) (2196 2156 2180 391 2192)
 (2181 1262 2193 2197 2204 2157) (2182 527 2194 2200 2204 2158)
 (2183 1263 2195 2201 2205 2206 2159) (2112 24) (2208 2114 848) (2124 196 2208)
 (849 2209 2126 2210) (98 2208 2136) (2209 2138 2212 850) (2210 2148 197 2212)
 (2211 851 2213 2150 2214) (49 2208 2160) (2209 2162 852 2216)
 (2210 2172 198 2216) (2217 2218 2211 853 2174) (99 2212 2216 2184)
 (2217 2186 2220 2213 854) (2218 2196 2214 199 2220)
 (855 2198 2215 2219 2221 2222) (2112 12) (2113 2224 1264) (2224 2114 856)
 (1265 2225 2115 2226) (2224 2116 528) (2225 1266 2228 2117)
 (857 2226 2228 2118) (1267 2229 2227 2119 2230) (2224 2120 392)
 (2225 1268 2121 2232) (529 2228 2122 2232) (2233 2229 1269 2123 2234)
 (2224 2124 200) (2225 2236 2125 1270) (858 2236 2126 2226)
 (2227 2237 1271 2127 2238) (530 2236 2228 2128) (2129 2237 2240 2229 1272)
 (2130 859 2240 2230 2238) (2241 2242 1273 2131 2231 2239) (393 2236 2132 2232)
 (2233 1274 2244 2133 2237) (2234 531 2244 2134 2240)
 (2241 2245 2246 1275 2135 2235) (2224 100 2136) (2137 2225 1276 2248)
 (2248 2138 860 2226) (2249 2250 2139 1277 2227) (2248 2228 2140 532)
 (2249 2229 2252 2141 1278) (2250 2252 861 2142 2230)
 (2251 2253 2254 1279 2143 2231) (2248 394 2232 2144)
 (2145 2233 2256 2249 1280) (2256 2146 2252 533 2234)
 (2257 2253 1281 2258 2147 2235) (201 2236 2148 2248)
 (2237 1282 2260 2149 2249) (2250 2260 2150 2238 862)
 (2251 1283 2261 2262 2151 2239) (2252 2260 2240 534 2152)
 (2241 2253 1284 2261 2264 2153) (2242 2254 863 2262 2264 2154)
 (2243 2255 1285 2263 2265 2266 2155) (2244 2260 395 2156 2256)
 (2245 2257 2261 1286 2268 2157) (2246 2258 2264 2268 2158 535)
 (2247 2259 1287 2265 2269 2270 2159) (50 2224 2160) (2161 2225 2272 1288)
 (2162 2272 2226 864) (1289 2273 2163 2227 2274) (2272 2228 2164 536)
 (2229 1290 2273 2276 2165) (865 2274 2276 2166 2230)
 (2275 2277 2278 2231 1291 2167) (2272 2232 396 2168)
 (2169 2233 2273 1292 2280) (537 2170 2276 2280 2234)
 (2277 2281 2282 2171 1293 2235) (202 2236 2172 2272)
 (2273 2237 2284 2173 1294) (2274 866 2284 2174 2238)
 (2275 2285 2286 2175 1295 2239) (538 2240 2276 2284 2176)
 (2177 2241 2277 2285 2288 1296) (2178 2278 2242 2286 2288 867)
 (1297 2179 2279 2243 2287 2289 2290) (2244 2180 397 2284 2280)
 (1298 2181 2281 2285 2292 2245) (539 2182 2282 2288 2292 2246)
 (1299 2183 2247 2283 2289 2293 2294) (2272 2248 101 2184)
 (2185 2249 2273 1300 2296) (2274 2186 868 2296 2250)
 (2275 1301 2187 2297 2298 2251) (540 2252 2188 2276 2296)
 (2277 1302 2189 2253 2297 2300) (2278 2190 2254 869 2298 2300)
 (2279 1303 2255 2191 2299 2301 2302) (2296 2256 2280 398 2192)
 (2257 1304 2281 2193 2297 2304) (541 2258 2282 2194 2300 2304)
 (2305 2306 1305 2283 2259 2195 2301) (2260 203 2196 2284 2296)
 (2308 1306 2285 2197 2297 2261) (2308 870 2286 2262 2298 2198)
 (2309 2199 1307 2287 2263 2299 2310) (2308 542 2200 2288 2264 2300)
 (2309 2312 1308 2289 2265 2201 2301) (2310 2312 2290 871 2266 2202 2302)
 (2311 2313 2314 1309 2291 2203 2267 2303) (2204 2308 2292 399 2268 2304)
 (2305 2309 2205 2316 1310 2293 2269) (2306 543 2312 2316 2270 2294 2206)
 (2307 2313 2317 2318 1311 2207 2295 2271) (25 2224 2208) (2209 2226 2320 872)
 (2210 2236 204 2320) (873 2321 2211 2238 2322) (2320 2212 102 2248)
 (2321 874 2324 2213 2250) (2322 2324 2260 205 2214)
 (2323 2325 2326 2215 875 2262) (51 2272 2320 2216) (2217 2274 876 2321 2328)
 (2218 2328 2284 206 2322) (2286 2323 2329 2330 2219 877)
 (2328 2220 2324 103 2296) (2325 2329 2298 2332 2221 878)
 (2308 207 2326 2330 2332 2222) (2310 2223 2327 2331 2333 2334 879) (2112 8)
 (2113 2336 1312) (2336 2114 880) (1313 2337 2115 2338) (2336 2116 544)
 (2337 1314 2340 2117) (881 2338 2340 2118) (1315 2341 2339 2119 2342)
 (2336 2124 208) (2337 1316 2125 2344) (882 2344 2126 2338)
 (2345 2346 2339 1317 2127) (545 2344 2340 2128) (2129 2345 2348 2341 1318)
 (2130 883 2348 2342 2346) (1319 2343 2131 2349 2350 2347) (2336 104 2136)
 (2137 2337 2352 1320) (2352 2138 884 2338) (1321 2353 2139 2339 2354)
 (2340 546 2140 2352) (2353 1322 2356 2141 2341) (2354 2356 885 2142 2342)
 (2343 1323 2143 2355 2357 2358) (209 2352 2148 2344)
 (2345 2353 1324 2149 2360) (2346 2360 2354 2150 886)
 (2347 1325 2355 2151 2361 2362) (2356 2360 547 2348 2152)
 (2349 1326 2361 2357 2153 2364) (2350 2358 887 2362 2154 2364)
 (2351 2366 1327 2359 2363 2365 2155) (2336 52 2160) (2161 2337 2368 1328)
 (2162 2368 2338 888) (1329 2369 2163 2339 2370) (2340 2368 2164 548)
 (2369 1330 2372 2165 2341) (889 2370 2372 2166 2342)
 (2371 2373 2374 2343 1331 2167) (2368 210 2172 2344)
 (2345 2369 1332 2173 2376) (2370 890 2376 2174 2346)
 (2371 2377 2378 2347 1333 2175) (2376 2348 549 2372 2176)
 (2177 2373 2377 2380 2349 1334) (2178 2374 2378 2380 2350 891)
 (2179 2375 2379 2381 2382 2351 1335) (105 2368 2352 2184)
 (2185 2353 2369 2384 1336) (2370 2186 892 2384 2354)
 (2371 2187 2385 2386 2355 1337) (2356 2188 2372 550 2384)
 (2373 2189 2385 2388 2357 1338) (2374 2190 2386 2388 2358 893)
 (2375 2191 2387 2389 2390 2359 1339) (211 2196 2376 2384 2360)
 (2377 2385 2197 2392 2361 1340) (2378 2386 2198 2392 2362 894)
 (2379 2387 2199 2393 2394 2363 1341) (551 2380 2388 2392 2364 2200)
 (2381 2393 2389 2201 2396 2365 1342) (2382 2390 2394 2202 2396 2366 895)
 (2383 2398 1343 2391 2203 2397 2395 2367) (26 2336 2208) (2209 2338 2400 896)
 (2210 212 2400 2344) (897 2346 2211 2401 2402) (106 2212 2400 2352)
 (2401 898 2404 2213 2354) (2402 2404 213 2214 2360)
 (899 2405 2406 2403 2215 2362) (2368 53 2400 2216) (2217 2370 900 2401 2408)
 (2218 2408 214 2402 2376) (2403 901 2409 2378 2410 2219)
 (2408 107 2220 2404 2384) (2405 902 2409 2412 2386 2221)
 (2406 2410 2412 215 2392 2222) (2407 903 2411 2413 2414 2394 2223)
 (13 2336 2224) (2225 2337 2416 1344) (2226 2416 2338 904)
 (1345 2417 2227 2339 2418) (2340 2228 2416 552) (2417 1346 2420 2229 2341)
 (905 2418 2420 2230 2342) (1347 2343 2419 2421 2422 2231) (2344 2236 2416 216)
 (2345 2417 1348 2237 2424) (906 2424 2238 2418 2346)
 (1349 2347 2419 2425 2426 2239) (553 2424 2348 2420 2240)
 (2241 1350 2349 2421 2425 2428) (2242 907 2350 2422 2426 2428)
 (2243 1351 2351 2423 2427 2429 2430) (2352 108 2416 2248)
 (2249 2353 2417 2432 1352) (2250 908 2432 2418 2354)
 (2433 2434 1353 2251 2419 2355) (2356 554 2252 2420 2432)
 (2433 2436 1354 2253 2421 2357) (2434 2436 909 2254 2422 2358)
 (2435 2437 2423 1355 2255 2359 2438) (217 2432 2260 2424 2360)
 (2433 2440 1356 2425 2261 2361) (2434 2440 910 2262 2426 2362)
 (2435 2441 2442 1357 2263 2363 2427) (2428 2440 555 2436 2264 2364)
 (2437 2441 2365 2444 1358 2265 2429) (2438 2442 2444 911 2430 2266 2366)
 (2439 2443 2445 2446 1359 2431 2267 2367) (2416 2368 54 2272)
 (2273 2369 2417 2448 1360) (2370 2274 2448 2418 912)
 (2449 2275 2371 1361 2450 2419) (2276 2372 2420 2448 556)
 (2373 2449 1362 2452 2421 2277) (2278 913 2450 2452 2422 2374)
 (2279 2375 1363 2451 2453 2454 2423) (218 2284 2424 2448 2376)
 (2377 2285 2449 1364 2456 2425) (2450 2378 2286 914 2456 2426)
 (2379 2287 2451 1365 2457 2458 2427) (2380 557 2288 2452 2456 2428)
 (2381 2289 2453 1366 2457 2460 2429) (2382 2290 915 2454 2458 2460 2430)
 (1367 2383 2291 2455 2459 2461 2462 2431) (2384 109 2432 2448 2296)
 (2433 2449 2385 1368 2297 2464) (2434 2386 2450 916 2298 2464)
 (2465 2466 2435 2451 2387 1369 2299) (2436 558 2388 2452 2300 2464)
 (2465 2468 2437 2453 2389 1370 2301) (2466 2468 2438 917 2454 2302 2390)
 (2467 2469 2391 2439 2455 1371 2303 2470) (2308 2440 2392 2456 219 2464)
 (2465 2309 2472 2441 2457 2393 1372) (2466 2310 2472 2442 918 2458 2394)
 (2467 2311 2473 2474 2443 2459 1373 2395) (2468 2460 2312 2444 559 2472 2396)
 (2469 2313 2397 2476 2445 2473 2461 1374)
 (2470 2314 2476 2446 2398 919 2474 2462)
 (2471 2315 2477 2478 2447 2399 1375 2475 2463) (27 2400 2416 2320)
 (2321 2401 2480 2418 920) (2322 220 2480 2424 2402)
 (2403 2481 2482 2323 921 2426) (2404 2324 2480 110 2432)
 (2434 2405 2481 2484 2325 922) (2406 2440 2482 2484 2326 221)
 (2407 2442 2483 2485 2486 2327 923) (2408 2448 2480 55 2328)
 (2409 2481 2450 2488 2329 924) (2410 2488 2482 2456 2330 222)
 (2411 2483 2490 2489 2458 2331 925) (2412 111 2484 2488 2332 2464)
 (2466 2413 2485 2489 2492 2333 926) (2472 2414 2486 2490 2492 2334 223)
 (2474 2415 2335 2487 2491 2493 2494 927) (2112 2) (2113 2496 1536)
 (2116 2496 608) (1537 2497 2117 2498) (2120 2496 416) (2497 1538 2500 2121)
 (609 2498 2500 2122) (1539 2501 2499 2123 2502) (2124 2496 256)
 (2497 1540 2125 2504) (610 2504 2498 2128) (2129 2505 2499 1541 2506)
 (417 2132 2500 2504) (2505 2501 2508 2133 1542) (2506 611 2508 2134 2502)
 (2503 1543 2507 2509 2510 2135) (128 2496 2136) (2137 2497 2512 1544)
 (2498 2140 2512 612) (1545 2513 2499 2141 2514) (418 2500 2512 2144)
 (2145 1546 2513 2501 2516) (2146 2516 613 2502 2514)
 (2503 1547 2515 2147 2517 2518) (257 2148 2512 2504)
 (2505 2513 1548 2149 2520) (2506 2520 2514 614 2152)
 (2507 1549 2521 2515 2153 2522) (2516 419 2156 2508 2520)
 (2509 1550 2517 2521 2524 2157) (615 2510 2518 2522 2524 2158)
 (1551 2511 2519 2523 2525 2526 2159) (64 2496 2160) (2161 2497 2528 1552)
 (2498 2164 2528 616) (1553 2529 2499 2165 2530) (2528 420 2500 2168)
 (2169 1554 2532 2501 2529) (617 2170 2532 2502 2530)
 (2531 2533 2534 2503 1555 2171) (258 2172 2528 2504)
 (2505 2529 1556 2173 2536) (618 2530 2536 2506 2176)
 (2177 2531 2537 2538 2507 1557) (2180 421 2508 2532 2536)
 (2181 2537 2540 2509 1558 2533) (2534 2538 619 2540 2510 2182)
 (2183 2535 2539 2541 2542 2511 1559) (129 2512 2528 2184)
 (2185 2513 2544 2529 1560) (2514 2530 2188 2544 620)
 (2531 2189 2545 2546 2515 1561) (2544 2516 422 2532 2192)
 (2545 2533 2193 2548 2517 1562) (2534 2546 621 2194 2548 2518)
 (2535 2547 2195 2549 2550 2519 1563) (2544 259 2196 2536 2520)
 (2537 2545 2197 2552 2521 1564) (2538 2200 622 2546 2552 2522)
 (2539 2553 2547 2201 2554 2523 1565) (2524 423 2540 2548 2552 2204)
 (2205 2541 2549 2553 2556 2525 1566) (2542 623 2526 2550 2554 2556 2206)
 (2543 2207 2551 2527 2555 2557 2558 1567) (32 2496 2208) (2210 260 2560 2504)
 (130 2212 2560 2512) (2561 2562 261 2214 2520) (65 2528 2560 2216)
 (2561 2218 2564 262 2536) (2562 131 2220 2564 2544)
 (2563 2565 2566 263 2552 2222) (16 2496 2224) (2225 2497 2568 1568)
 (2498 2228 2568 624) (1569 2569 2499 2229 2570) (2568 424 2500 2232)
 (2233 1570 2572 2501 2569) (625 2234 2572 2502 2570)
 (1571 2503 2571 2573 2574 2235) (2568 2236 2504 264)
 (2505 2569 1572 2237 2576) (626 2570 2506 2576 2240)
 (2241 1573 2507 2577 2578 2571) (425 2576 2244 2508 2572)
 (2245 1574 2573 2509 2577 2580) (2246 2574 2510 2578 627 2580)
 (2247 1575 2575 2579 2581 2511 2582) (2568 132 2512 2248)
 (2249 2513 2584 2569 1576) (2514 2252 2584 2570 628)
 (1577 2571 2253 2515 2585 2586) (426 2584 2516 2572 2256)
 (1578 2573 2257 2517 2585 2588) (2574 2258 629 2518 2586 2588)
 (1579 2575 2259 2519 2587 2589 2590) (265 2584 2260 2576 2520)
 (1580 2577 2585 2261 2521 2592) (2264 2578 630 2586 2522 2592)
 (2593 2594 1581 2579 2265 2587 2523) (2268 427 2580 2588 2524 2592)
 (2593 2596 2525 1582 2581 2269 2589) (2594 2596 2270 2582 631 2526 2590)
 (2595 2597 2598 1583 2271 2583 2527 2591) (66 2528 2568 2272)
 (2273 2529 2600 2569 1584) (2600 2530 2276 2570 632)
 (2531 2277 2601 2602 2571 1585) (2600 428 2572 2532 2280)
 (2533 2601 2281 2604 2573 1586) (2534 2282 2604 2574 2602 633)
 (2535 2283 2605 2606 2575 1587 2603) (2600 266 2284 2576 2536)
 (2537 2285 2608 2577 2601 1588) (2538 2608 2578 2602 634 2288)
 (2609 2539 2289 2610 2579 1589 2603) (2540 2604 429 2580 2608 2292)
 (2605 2541 2609 2612 2581 1590 2293) (2606 2542 2610 2612 2582 635 2294)
 (1591 2295 2543 2611 2613 2607 2583 2614) (2600 2544 133 2584 2296)
 (2601 1592 2545 2585 2616 2297) (636 2602 2546 2616 2586 2300)
 (2603 2617 2547 1593 2618 2587 2301) (2604 430 2548 2616 2588 2304)
 (2305 2605 2549 2617 1594 2620 2589) (2306 2606 2550 2618 2620 637 2590)
 (2307 2607 2622 2551 2619 2621 1595 2591) (2308 267 2552 2608 2616 2592)
 (2593 2309 2609 2617 2553 1596 2624) (2594 2312 2610 2618 2554 638 2624)
 (2625 2626 2595 2313 2611 2619 1597 2555) (2620 2596 2316 431 2612 2556 2624)
 (2625 2628 2597 2621 2317 2613 2557 1598)
 (2626 2628 2598 2318 2558 2614 2622 639)
 (2627 2629 2630 2599 2319 1599 2623 2615 2559) (2560 33 2568 2320)
 (2561 2322 268 2632 2576) (2562 2324 2632 134 2584)
 (2563 2633 2634 269 2326 2592) (2600 2632 67 2564 2328)
 (2565 2633 2636 270 2608 2330) (2566 2634 2636 135 2616 2332)
 (2567 2635 2637 2638 271 2334 2624) (2112 1) (2113 2640 1664) (2640 2114 1024)
 (1665 2641 2115 2642) (2640 2116 672) (2641 1666 2644 2117)
 (1025 2642 2644 2118) (1667 2645 2643 2119 2646) (2640 2120 448)
 (2641 1668 2121 2648) (673 2644 2122 2648) (2649 2645 1669 2123 2650)
 (2640 2124 288) (2641 2652 2125 1670) (1026 2652 2126 2642)
 (2643 2653 1671 2127 2654) (674 2652 2644 2128) (2129 2653 2656 2645 1672)
 (2130 1027 2656 2646 2654) (2657 2658 2131 2647 1673 2655)
 (449 2652 2132 2648) (2649 1674 2660 2653 2133) (2650 675 2660 2134 2656)
 (2657 2661 2662 2135 1675 2651) (2640 144 2136) (2137 2641 1676 2664)
 (2138 2664 1028 2642) (2665 2666 2139 1677 2643) (676 2644 2140 2664)
 (2665 2645 2668 2141 1678) (2666 2668 1029 2142 2646)
 (2667 2669 2670 2143 2647 1679) (450 2664 2648 2144)
 (2145 2649 2672 2665 1680) (2146 2672 2668 677 2650)
 (1681 2669 2673 2674 2147 2651) (289 2652 2148 2664)
 (2653 1682 2676 2149 2665) (2666 2676 2150 2654 1030)
 (1683 2667 2677 2678 2151 2655) (2676 2668 2656 678 2152)
 (2657 1684 2669 2677 2680 2153) (2658 2670 2678 1031 2680 2154)
 (2659 1685 2671 2679 2681 2682 2155) (2660 2676 451 2156 2672)
 (2661 1686 2673 2677 2684 2157) (2662 2674 679 2680 2684 2158)
 (1687 2663 2675 2681 2685 2686 2159) (2640 72 2160) (2161 2641 2688 1688)
 (2162 2688 2642 1032) (1689 2689 2163 2643 2690) (2688 2644 2164 680)
 (2645 1690 2689 2692 2165) (1033 2690 2692 2166 2646)
 (2691 2693 2167 1691 2647 2694) (2688 2648 452 2168)
 (2169 2649 2689 1692 2696) (681 2170 2692 2696 2650)
 (2693 2697 2698 1693 2171 2651) (290 2652 2172 2688)
 (2689 2653 2700 2173 1694) (2690 1034 2700 2174 2654)
 (2691 2701 2702 1695 2175 2655) (682 2656 2692 2700 2176)
 (2177 2657 2693 2701 2704 1696) (2178 2694 2658 2702 2704 1035)
 (2705 2179 2695 2659 2703 1697 2706) (2660 2180 453 2700 2696)
 (2661 2697 2701 1698 2708 2181) (2182 2698 2704 2708 683 2662)
 (2183 2663 2699 2705 1699 2709 2710) (145 2688 2664 2184)
 (2185 2665 2689 1700 2712) (2690 2186 1036 2712 2666)
 (2691 2187 1701 2713 2714 2667) (684 2668 2188 2692 2712)
 (2693 2189 2669 1702 2713 2716) (2694 2190 2670 2714 2716 1037)
 (2695 2671 2191 1703 2715 2717 2718) (2712 2672 2696 454 2192)
 (2673 2697 2193 1704 2713 2720) (2674 2698 2194 2716 685 2720)
 (2721 2722 2699 2675 2195 1705 2717) (2676 291 2196 2700 2712)
 (2724 2701 2197 2677 2713 1706) (2724 2702 2198 2714 1038 2678)
 (2725 2199 2703 2679 1707 2715 2726) (2724 2200 2704 2680 2716 686)
 (2725 2728 2705 2681 2201 1708 2717) (2726 2728 2706 2682 2202 2718 1039)
 (2727 2729 2730 2707 2203 1709 2683 2719) (2204 2708 2724 455 2684 2720)
 (2721 2725 2205 2732 2709 2685 1710) (2722 2728 2732 2686 2710 2206 687)
 (2723 2729 2733 2734 2207 1711 2711 2687) (2640 36 2208) (2209 2642 2736 1040)
 (2210 2652 292 2736) (1041 2737 2211 2654 2738) (146 2212 2736 2664)
 (2737 1042 2740 2213 2666) (2738 2740 2676 293 2214)
 (1043 2739 2741 2742 2215 2678) (73 2688 2736 2216) (2217 2690 2737 1044 2744)
 (2218 2700 2744 294 2738) (1045 2702 2739 2745 2746 2219)
 (147 2220 2744 2740 2712) (1046 2741 2745 2714 2748 2221)
 (2724 2742 295 2746 2748 2222) (2726 1047 2743 2747 2749 2750 2223)
 (2640 18 2224) (2225 2641 2752 1712) (2226 2752 2642 1048)
 (1713 2753 2227 2643 2754) (2644 2228 2752 688) (2645 1714 2756 2229 2753)
 (1049 2754 2756 2230 2646) (2755 2757 2231 1715 2647 2758)
 (2648 456 2752 2232) (2233 2649 1716 2753 2760) (689 2234 2756 2760 2650)
 (2757 2761 2762 1717 2235 2651) (2652 2236 2752 296)
 (2753 2653 2764 2237 1718) (1050 2754 2764 2238 2654)
 (2755 1719 2765 2766 2239 2655) (690 2656 2764 2756 2240)
 (2241 2657 2757 1720 2765 2768) (2242 2758 2658 1051 2766 2768)
 (2243 2759 1721 2659 2767 2769 2770) (457 2660 2244 2764 2760)
 (2661 2761 1722 2765 2772 2245) (691 2246 2762 2768 2772 2662)
 (2247 2663 2763 2769 2773 2774 1723) (2664 148 2752 2248)
 (2249 2665 1724 2753 2776) (2250 2754 1052 2776 2666)
 (2755 2251 1725 2777 2778 2667) (2668 692 2252 2756 2776)
 (2757 2253 2669 1726 2777 2780) (2758 1053 2254 2670 2778 2780)
 (2759 2255 2671 1727 2779 2781 2782) (458 2672 2776 2760 2256)
 (2673 2761 1728 2257 2777 2784) (693 2674 2762 2258 2780 2784)
 (2785 2786 2763 2675 1729 2259 2781) (297 2676 2260 2764 2776)
 (2788 2765 1730 2677 2777 2261) (2788 2766 1054 2262 2778 2678)
 (2789 2263 2767 1731 2679 2779 2790) (2788 694 2264 2768 2680 2780)
 (2789 2792 2769 2681 1732 2265 2781) (2790 2792 1055 2770 2682 2266 2782)
 (2791 2793 2794 2771 1733 2267 2683 2783) (2268 2788 2772 459 2684 2784)
 (2785 2789 2269 2796 2773 1734 2685) (2786 695 2792 2796 2686 2774 2270)
 (2787 1735 2793 2797 2798 2271 2775 2687) (74 2688 2752 2272)
 (2273 2689 2800 2753 1736) (2690 2274 2754 2800 1056)
 (2275 2755 2801 2802 2691 1737) (2276 2692 2800 2756 696)
 (2693 2277 2801 2804 2757 1738) (2694 2758 1057 2802 2804 2278)
 (2695 2759 2803 2805 2806 1739 2279) (460 2696 2800 2760 2280)
 (2281 2761 2801 2697 2808 1740) (697 2282 2808 2804 2762 2698)
 (2699 2763 2805 2809 2810 1741 2283) (298 2284 2700 2764 2800)
 (2765 2285 2701 2801 2812 1742) (2702 2802 2766 2286 1058 2812)
 (2767 2803 2703 2287 2813 2814 1743) (698 2704 2804 2288 2812 2768)
 (2705 2769 2289 2805 2816 2813 1744) (2770 2290 1059 2806 2706 2814 2816)
 (1745 2817 2807 2818 2771 2291 2707 2815) (2292 2708 2772 2808 2812 461)
 (1746 2820 2773 2709 2809 2293 2813) (2820 699 2710 2774 2810 2816 2294)
 (2817 1747 2821 2711 2295 2775 2811 2822) (2712 149 2800 2776 2296)
 (1748 2824 2777 2801 2713 2297) (2824 2714 2802 1060 2778 2298)
 (1749 2715 2825 2826 2803 2779 2299) (2716 2780 2824 700 2804 2300)
 (2781 1750 2825 2301 2828 2805 2717) (2718 2826 2828 2302 1061 2806 2782)
 (2807 1751 2827 2829 2830 2719 2303 2783) (2824 2304 2808 2784 462 2720)
 (2305 2721 1752 2825 2832 2809 2785) (2722 2306 2786 2828 701 2832 2810)
 (2787 1753 2829 2307 2833 2834 2723 2811) (2308 2824 2724 2788 299 2812)
 (2725 2825 1754 2836 2789 2309 2813) (2726 2826 2310 2836 1062 2814 2790)
 (2727 2791 2311 1755 2837 2838 2827 2815) (2312 2728 2828 702 2792 2836 2816)
 (2817 2313 1756 2829 2793 2729 2837 2840)
 (2818 2314 2840 2830 2730 2838 1063 2794)
 (2819 2731 2795 1757 2831 2839 2841 2842 2315)
 (2820 2732 2796 2316 2832 2836 463) (2844 2821 2797 2733 1758 2833 2837 2317)
 (2734 2822 2798 703 2318 2834 2840 2844)
 (2823 2799 2835 1759 2319 2841 2845 2846 2735) (2736 37 2752 2320)
 (2321 2737 2754 2848 1064) (2848 2322 300 2764 2738)
 (2849 2850 2739 2766 2323 1065) (2848 2324 2740 150 2776)
 (2849 2852 2325 2741 2778 1066) (2850 2852 2788 2326 301 2742)
 (2851 2853 2327 2854 2743 1067 2790) (2848 75 2744 2800 2328)
 (2849 2856 2802 2745 2329 1068) (2850 2856 2746 2330 2812 302)
 (2851 2857 2858 2814 2331 1069 2747) (2852 2748 151 2856 2824 2332)
 (2853 2857 2333 2860 2826 2749 1070) (2854 2858 2860 2750 2836 2334 303)
 (2855 2859 2861 2862 2838 2335 1071 2751) (2640 10 2336) (2337 2641 2864 1760)
 (2338 2864 2642 1072) (1761 2865 2339 2643 2866) (2864 2644 2340 704)
 (2645 1762 2868 2341 2865) (1073 2866 2868 2342 2646)
 (2343 2867 1763 2869 2870 2647) (2864 2652 304 2344)
 (2345 2865 1764 2653 2872) (2346 2872 2866 2654 1074)
 (2347 2867 1765 2873 2874 2655) (705 2868 2348 2872 2656)
 (2657 2349 2869 1766 2873 2876) (2658 1075 2350 2870 2874 2876)
 (2659 1767 2351 2871 2875 2877 2878) (2864 2664 152 2352)
 (2353 2665 2880 2865 1768) (2880 2354 1076 2866 2666)
 (2881 2882 2667 2867 2355 1769) (2868 706 2668 2356 2880)
 (2881 2884 2669 2357 2869 1770) (2882 2884 1077 2670 2870 2358)
 (2883 2885 2359 2671 2871 1771 2886) (305 2872 2676 2880 2360)
 (2881 2888 2873 2677 2361 1772) (2882 1078 2888 2678 2874 2362)
 (2883 2889 2890 2679 2363 1773 2875) (2364 2888 707 2884 2680 2876)
 (2885 2889 2365 2892 2681 2877 1774) (2886 1079 2890 2892 2878 2682 2366)
 (2887 2891 2893 2894 1775 2683 2367 2879) (2864 2688 76 2368)
 (2369 2689 2896 2865 1776) (2690 2370 2896 2866 1080)
 (1777 2371 2691 2897 2898 2867) (2868 708 2372 2692 2896)
 (1778 2693 2897 2900 2869 2373) (2374 1081 2898 2900 2870 2694)
 (1779 2375 2695 2899 2901 2902 2871) (2872 306 2896 2700 2376)
 (1780 2377 2701 2897 2904 2873) (2378 2702 2898 1082 2904 2874)
 (1781 2379 2703 2899 2905 2906 2875) (2380 2704 2900 709 2904 2876)
 (1782 2381 2705 2901 2905 2908 2877) (1083 2382 2706 2902 2906 2908 2878)
 (1783 2383 2707 2903 2907 2909 2910 2879) (153 2880 2896 2712 2384)
 (2881 2897 1784 2385 2713 2912) (2882 2898 1084 2386 2714 2912)
 (2913 2914 2883 1785 2899 2387 2715) (2884 2900 2388 710 2716 2912)
 (2913 2916 2885 1786 2901 2389 2717) (2914 2916 2886 1085 2902 2718 2390)
 (2915 2917 2903 2887 1787 2391 2719 2918) (307 2724 2888 2392 2904 2912)
 (2913 2725 2920 2889 1788 2905 2393) (2914 2726 2920 2890 1086 2906 2394)
 (2915 2727 2921 2922 2891 1789 2395 2907) (2916 2728 2908 2892 2920 711 2396)
 (2917 2729 2397 2924 2893 1790 2921 2909)
 (2918 2730 2924 2894 1087 2398 2922 2910)
 (2911 2919 2731 2925 2926 2895 1791 2923 2399) (2864 2736 38 2400)
 (2401 2737 2928 2866 1088) (2872 2402 2928 308 2738)
 (2929 2403 1089 2930 2739 2874) (154 2928 2404 2740 2880)
 (2882 2405 2929 1090 2932 2741) (309 2406 2888 2930 2932 2742)
 (2407 2890 2931 1091 2933 2934 2743) (2928 2896 2744 77 2408)
 (2409 2929 2898 1092 2936 2745) (310 2410 2904 2930 2936 2746)
 (2411 2931 1093 2938 2937 2906 2747) (155 2412 2932 2936 2748 2912)
 (2914 2413 2933 1094 2937 2940 2749) (311 2920 2414 2934 2938 2940 2750)
 (1095 2922 2415 2935 2939 2941 2942 2751) (2864 2752 19 2416)
 (2417 2753 2944 2865 1792) (2418 2754 2944 2866 1096)
 (2945 2946 2755 2867 1793 2419) (2868 2944 2420 2756 712)
 (2945 2948 2757 1794 2421 2869) (2946 2948 2758 2870 1097 2422)
 (2947 2949 2423 2759 1795 2871 2950) (2872 2944 312 2764 2424)
 (2945 2952 2765 2873 1796 2425) (2946 2952 2766 1098 2874 2426)
 (2947 2953 2954 2767 1797 2427 2875) (2428 2952 2768 2948 713 2876)
 (2949 2953 2429 2956 2769 1798 2877) (2950 2954 2956 2878 2770 1099 2430)
 (2951 2955 2957 2958 2771 2431 1799 2879) (2880 2944 156 2776 2432)
 (2433 2945 2881 2960 1800 2777) (2946 2434 2960 2778 1100 2882)
 (2435 2883 2961 2962 1801 2779 2947) (2884 2960 2436 714 2780 2948)
 (2885 2961 2964 2437 1802 2949 2781) (2950 2962 2964 2886 1101 2782 2438)
 (2887 2951 2439 2963 2965 2966 1803 2783) (2788 2888 313 2952 2440 2960)
 (2789 2441 2961 2889 2953 2968 1804) (2790 2954 2968 2890 2962 2442 1102)
 (2791 2955 2891 2963 2969 2970 1805 2443) (2956 2792 2892 2444 2964 2968 715)
 (2445 2793 2957 2893 2965 2969 2972 1806)
 (2894 2794 2958 2446 2966 2970 2972 1103)
 (2447 2795 2959 2895 2967 2971 2973 2974 1807) (2944 2896 2800 78 2448)
 (2945 2801 2897 2449 1808 2976) (2946 2802 2450 1104 2898 2976)
 (1809 2977 2947 2978 2899 2451 2803) (2948 2452 2804 2900 716 2976)
 (2977 1810 2980 2949 2901 2805 2453) (1105 2978 2980 2950 2806 2454 2902)
 (1811 2981 2807 2951 2979 2455 2903 2982) (2952 314 2456 2904 2812 2976)
 (2977 1812 2984 2953 2905 2457 2813) (2978 1106 2954 2984 2906 2458 2814)
 (2979 1813 2985 2986 2955 2459 2907 2815) (2980 2460 2984 2956 2908 717 2816)
 (2817 2981 1814 2985 2461 2988 2957 2909)
 (2818 1107 2982 2986 2988 2958 2910 2462)
 (2819 2983 1815 2987 2989 2990 2959 2463 2911) (2824 157 2960 2912 2464 2976)
 (2465 2977 1816 2825 2913 2992 2961) (2466 1108 2978 2826 2992 2962 2914)
 (2467 1817 2827 2915 2993 2994 2963 2979) (2980 2828 2992 2916 2468 2964 718)
 (2917 1818 2829 2993 2996 2965 2469 2981)
 (1109 2982 2830 2994 2996 2966 2918 2470)
 (2471 2919 1819 2831 2995 2997 2998 2967 2983)
 (2920 315 2984 2472 2836 2968 2992) (2473 1820 2993 2921 2985 2837 3000 2969)
 (1110 2474 3000 2922 2994 2838 2986 2970)
 (2475 1821 2987 2995 2839 3001 3002 2971 2923)
 (2476 2924 2988 2996 3000 2840 2972 719)
 (2477 2989 2925 1822 3001 2997 2841 3004 2973)
 (1111 2926 2990 2478 2998 3002 2842 3004 2974)
 (2479 2991 2927 3006 1823 2999 2843 3005 3003 2975) (2944 2928 2848 39 2480)
 (2849 2946 1112 2929 2481 3008) (2850 2952 316 2482 2930 3008)
 (3009 3010 2851 1113 2954 2931 2483) (2852 158 2960 2932 2484 3008)
 (3009 3012 2853 1114 2962 2933 2485) (3010 3012 2854 317 2486 2968 2934)
 (3011 3013 2487 2855 1115 2935 2970 3014) (2856 2488 79 2936 3008 2976)
 (3009 2978 3016 2857 1116 2937 2489) (3010 2984 2858 3016 318 2938 2490)
 (3011 3017 2986 2859 1117 3018 2491 2939) (2492 3016 2860 159 2992 3012 2940)
 (3013 3017 2493 3020 2861 1118 2994 2941)
 (3014 3018 3020 2862 319 2494 3000 2942)
 (2495 3015 3019 3021 3022 2863 1119 3002 2943) (3 2640 2496)
 (2497 2641 3024 1984) (2498 2644 3024 768) (1985 3025 2499 2645 3026)
 (2648 2500 3024 480) (2649 1986 3028 2501 3025) (769 2650 3028 2502 3026)
 (2503 1987 3027 3029 3030 2651) (2652 352 3024 2504)
 (2505 3025 1988 2653 3032) (2506 3026 2656 3032 770)
 (2657 2507 3027 1989 3033 3034) (481 2660 2508 3028 3032)
 (2661 2509 3029 1990 3033 3036) (2662 2510 771 3030 3034 3036)
 (1991 2663 2511 3031 3035 3037 3038) (2664 176 3024 2512)
 (2513 2665 3040 3025 1992) (2514 2668 772 3040 3026)
 (3041 3042 2669 3027 2515 1993) (482 2516 3040 3028 2672)
 (3041 3044 2673 2517 1994 3029) (3042 3044 2674 773 2518 3030)
 (3043 3045 2519 2675 3031 1995 3046) (353 3040 2676 3032 2520)
 (3041 3048 3033 2677 2521 1996) (3042 3048 2680 774 3034 2522)
 (3043 3049 3050 2681 2523 1997 3035) (2524 3048 3036 483 3044 2684)
 (3045 3049 2525 3052 3037 2685 1998) (3046 3050 3052 2526 775 3038 2686)
 (3047 3051 3053 3054 2687 2527 1999 3039) (2688 88 3024 2528)
 (2529 2689 3056 3025 2000) (2530 3026 2692 3056 776)
 (2001 2531 2693 3057 3058 3027) (484 2532 3056 3028 2696)
 (2002 2533 2697 3057 3060 3029) (2534 2698 3058 3060 3030 777)
 (2003 2535 2699 3059 3061 3062 3031) (354 2700 3056 3032 2536)
 (2004 2537 2701 3057 3064 3033) (2538 2704 778 3058 3064 3034)
 (2005 2539 2705 3059 3065 3066 3035) (2708 2540 3060 485 3064 3036)
 (2006 2541 2709 3065 3061 3068 3037) (2542 3062 3066 779 3068 3038 2710)
 (3063 2007 2543 2711 3067 3069 3070 3039) (177 2712 3056 3040 2544)
 (3041 3057 2008 2545 2713 3072) (3042 2716 3058 2546 780 3072)
 (3073 3074 3043 2009 2547 3059 2717) (3044 2548 486 2720 3060 3072)
 (2721 3073 3076 3045 2010 3061 2549) (3074 3076 3046 2722 3062 781 2550)
 (2723 3077 2551 3047 2011 3075 3063 3078) (2724 3048 2552 355 3064 3072)
 (3073 2725 3080 3049 2012 3065 2553) (3074 2728 3050 3080 3066 2554 782)
 (3075 2729 3082 3051 2013 3081 3067 2555) (3076 3080 2732 3052 3068 487 2556)
 (3077 3081 3053 3084 2733 2014 2557 3069)
 (2734 3078 3082 3084 3054 2558 3070 783)
 (3079 3083 3085 3086 3055 2015 2559 3071 2735) (44 2736 3024 2560)
 (2561 2738 356 3088 3032) (3088 2562 2740 3040 178)
 (2563 3048 3089 3090 357 2742) (89 2564 3088 3056 2744)
 (2565 3089 3092 358 3064 2746) (179 2566 3090 3092 2748 3072)
 (2567 3080 3091 3093 3094 359 2750) (22 2752 3024 2568)
 (2569 2753 3096 3025 2016) (3096 2570 3026 2756 784)
 (2757 2571 2017 3027 3097 3098) (3096 3028 2572 2760 488)
 (2761 2573 2018 3029 3097 3100) (785 2762 2574 3030 3098 3100)
 (2763 2575 2019 3031 3099 3101 3102) (3096 3032 360 2764 2576)
 (2765 2577 3097 2020 3033 3104) (786 2768 2578 3098 3034 3104)
 (3105 3106 2769 2579 2021 3035 3099) (3100 2580 2772 489 3036 3104)
 (3105 3108 3037 2773 2022 2581 3101) (3106 787 3108 3102 2582 3038 2774)
 (3107 3109 2023 2583 3039 2775 3103 3110) (3096 3040 180 2776 2584)
 (3041 3112 2777 3097 2024 2585) (3042 788 3112 3098 2586 2780)
 (3043 3113 3114 2025 2587 2781 3099) (2588 3112 3044 490 3100 2784)
 (2785 3045 3113 3101 3116 2026 2589) (2786 789 3046 3114 3116 2590 3102)
 (2787 3047 3115 3117 3118 3103 2027 2591) (2788 3112 3048 361 2592 3104)
 (2593 3105 2789 3049 3120 3113 2028) (2594 790 3106 3114 2792 3120 3050)
 (2595 2793 3115 3107 3121 3122 2029 3051) (3108 2796 3116 3052 2596 491 3120)
 (2597 3053 2797 3117 3121 3124 3109 2030)
 (2798 3110 791 3118 3054 3122 3124 2598)
 (2599 3111 3119 3055 3123 3125 2799 2031 3126) (3096 90 2800 3056 2600)
 (3057 2601 2801 3128 3097 2032) (792 2602 3058 2804 3128 3098)
 (2033 2603 3059 2805 3129 3130 3099) (3100 2604 2808 3060 3128 492)
 (2034 2605 3129 3061 2809 3132 3101) (793 2606 3062 3130 2810 3132 3102)
 (2035 2607 3134 3063 3131 3133 2811 3103) (3064 2608 3128 362 2812 3104)
 (3105 2036 2609 3129 3065 2813 3136) (3106 794 2610 3066 3130 3136 2816)
 (2817 3137 3107 2037 3138 2611 3131 3067) (2820 3068 2612 3108 3132 493 3136)
 (3137 3140 2821 2038 3133 2613 3109 3069)
 (3138 3140 3110 795 3070 2614 3134 2822)
 (3139 3141 3111 2823 2039 3071 2615 3135 3142) (181 3112 2616 2824 3128 3072)
 (3073 2040 2825 3144 3113 3129 2617) (3074 796 3144 3114 2828 3130 2618)
 (3075 2041 3146 3115 2829 3145 3131 2619) (3076 3144 3116 2832 3132 2620 494)
 (3077 3145 2042 3148 3117 3133 2833 2621)
 (3078 3146 3148 797 3118 2622 2834 3134)
 (3079 2043 3149 3150 3119 2835 2623 3147 3135)
 (3080 3144 3120 2836 363 2624 3136) (2625 3137 3081 2044 3152 3121 3145 2837)
 (2626 3138 3082 798 3152 3122 3146 2840)
 (3139 3083 2045 2627 3153 3154 3123 2841 3147)
 (3140 3084 3152 2628 3148 3124 2844 495)
 (3141 3149 3085 2046 3153 3156 3125 2629 2845)
 (3142 3086 799 3150 3154 3156 3126 2846 2630)
 (2631 3143 3151 2047 3155 3157 3087 3127 2847 3158) (3088 2848 45 3096 2632)
 (2850 2633 3089 3160 364 3104) (2852 182 3112 2634 3090 3160)
 (2854 2635 3120 3091 3161 3162 365) (3160 2856 2636 3092 3128 91)
 (2858 2637 3093 3161 3164 366 3136) (183 3144 2860 2638 3094 3162 3164)
 (2862 2639 3152 3095 3163 3165 3166 367))