(NIL NIL (2) (2) (3 4) (5) (3 4 1) (6 7) (5 1) (9 8) (10) (11) (12) (13) (14)
 (12) (15 16) (15 16) (17 18) (18) (19 20) (21) (21) (23) (22 24) (19 20)
 (26 23) (27 24) (25 28) (28 22) (29 30) (31) (25 30) (33 29) (34 32) (35) (36)
 (36) (38) (37 39) (40) (40) (42) (38) (44 40) (41 45) (46) (47) (43 47) (47)
 (50) (42 50 48) (49 51 52) (53) (53) (54 55) (56) (57) (57) (59) (60) (58 61)
 (62) (63) (64) (63) (65 66) (66) (65 66) (67 68 69) (70) (71) (71) (73 72)
 (74) (75) (74) (75 77) (78) (76 79) (80) (81) (82) (80) (82 84) (83 85) (86)
 (87) (88) (89) (90) (90) (92) (91 92) (94) (93 94) (94) (97) (97 96) (98 99)
 (100 95) (101) (102) (101) (103 104) (105) (103 104) (107) (107) (106 109)
 (110) (108 111) (112) (113) (112) (113 115) (114 116) (115) (117 118) (119)
 (120) (121) (122) (122) (124) (123 125) (126) (123 125) (121) (129 126 128)
 (130 127) (129 128) (132 126) (133) (134 127) (131 135) (136) (136) (138)
 (138) (136) (140 141) (142) (139 143) (137 139 143) (145) (146 144) (146 144)
 (148) (147 149) (150) (150) (150) (153 151) (154) (153 152) (153 152)
 (155 156 157) (158) (158) (160) (160) (162) (161 163) (161 163 159) (161 163)
 (163 159) (164 166 167) (168) (169 165) (170) (169) (170 172) (171 172)
 (173 174) (173 174) (175 176) (177) (178) (179) (179) (180 181) (182) (183)
 (183) (183) (185 186) (187 184) (188) (187 184) (190) (188 191) (188 191)
 (193 189) (193) (193 189) (194 196 192) (195 197) (195 197) (199) (200) (201)
 (199) (202 203 198) (204) (205) (206) (207) (208) (204) (210 207) (209 210)
 (211 212) (213) (214) (215) (211 212) (217 216) (217 216) (218 219) (220)
 (221) (222) (223) (224) (225) (225) (225) (226 227 228) (226 227 228)
 (229 230) (231) (232) (233) (234) (235) (233) (233) (236 237 238)
 (236 237 238) (240) (241 239) (239 240) (241 243) (244) (245) (245)
 (242 246 247) (248) (249) (250) (251) (252) (253) (254) (255) (256) (254)
 (258 255) (257 259) (260) (259 256) (261 262) (263) (264) (265) (266) (266)
 (266) (267 269) (270) (268 271) (272) (273) (274) (273) (274 276) (275 277)
 (278) (279) (280) (278) (282 280) (283) (281 284) (284) (281 286) (287) (288)
 (285 287) (290 288) (289 291) (290 288) (289 293) (289 293) (291 295)
 (292 296) (297) (298) (299 294) (300) (301) (302) (301) (304) (304) (299 294)
 (305 306 307 303) (305 307) (308 309) (308 309) (310 311) (312) (313) (314)
 (315) (316) (317) (318) (317) (318 320) (319 320) (321 322) (319 320)
 (321 322 324) (323 324) (325 326) (327) (328) (326) (330 328) (330 328)
 (329 332) (331 332) (334) (329 334) (335 336) (337) (333 335 336) (338 339)
 (340) (338 339) (340 342) (343) (341 344) (343) (345 346) (347) (348) (347)
 (349 350) (351) (352) (353) (353) (355) (355) (355) (356 358) (354 359)
 (357 360) (360) (361 362) (363) (364) (357 360) (362 366) (363 366)
 (364 367 368) (363 366) (370 368) (369 371) (372 365) (371 364 367) (365 374)
 (372 375) (373 375) (377) (378 376) (379) (379) (380 381) (382) (382)
 (378 376) (385 383) (386) (386) (388 384) (387 388) (390 384) (389 391) (392)
 (389 391) (394) (394 392) (395 396) (397) (393 398) (399) (400) (400)
 (401 402) (403) (404) (405) (406) (405) (406 408) (406 408) (410 407)
 (409 411) (409 410 407) (413) (412 414) (411 413) (415 416) (417) (418) (419)
 (420) (421) (421) (420) (423 424) (422 424) (425 426) (427) (428) (428) (430)
 (430) (432) (431 432) (433 434 429) (435) (436) (437) (435) (436 439)
 (437 439) (441) (442) (443 438) (444 440) (445) (445) (446 447) (448) (448)
 (449 450) (451) (452) (453) (453) (454 455) (456) (457) (457) (452)
 (458 459 460) (461) (462) (463) (464) (465) (462) (465 467) (466 468) (469)
 (466 468) (470 471) (471) (473 472) (473) (475 472) (476) (473) (474 476 478)
 (477 479) (480) (481) (482) (481) (483 484) (485) (486) (487) (488) (487)
 (489 490) (491) (491) (492 493) (494) (494) (495 496) (495 496) (498)
 (497 499))