(NIL (1) (2) (3) (3) (5) (6) (4 6) (4 6) (9 7) (10 8) (11) (12) (9 7 8) (13 14)
 (15) (16) (17) (18) (19) (15) (18 21) (20 22) (19 21) (23 24) (23 24) (26)
 (26) (25 28) (27 29) (25 26) (28 31) (29 31) (33 27 32) (34 30) (34 30)
 (33 27) (36 37) (35 38) (39) (40) (41) (42) (42) (42) (44 45) (46) (47)
 (43 48) (46) (50 47) (43 51) (51 48) (49 53) (49 52 53) (52 53) (55 56) (57)
 (58 54) (59) (60) (60) (61 62) (63) (63) (65 64) (65) (66 67) (65 64) (68 69)
 (68 69) (71) (70 72) (73) (74) (73) (75 76) (77) (78) (79) (78) (81) (82 79)
 (83 80) (84) (84) (86) (85 87) (88) (89) (85 87) (91) (89 92) (90 93) (90 92)
 (93 95) (96) (97) (97) (99) (98 100 94) (101) (102) (103) (103) (105 104)
 (105) (106 107) (108) (109) (110) (111) (112) (113) (114) (114) (116)
 (115 117) (115 117) (119) (118 119) (119) (121 122 120) (123) (124) (125)
 (126) (125) (127 128) (129) (130) (131) (132) (133) (134) (133) (135 136)
 (137) (138) (139) (139) (140 141) (141) (141) (143 144) (145 142) (145 142)
 (146 147) (146 147) (148 149) (150) (150) (151 152) (150) (154 151 152)
 (153 155) (154 152) (156 157) (158) (159) (160) (161) (161) (160) (164)
 (162 165) (163 166) (163 165) (166 168) (167 168) (163 164) (170 171) (172)
 (172) (174) (169 175) (173 175) (169 177) (178) (179) (180 176) (181) (182)
 (182) (184) (185 183) (186) (186) (185) (187 189) (188 189) (191) (190 192)
 (193) (193) (194 195) (196) (197) (198) (198) (196) (201 199 200) (202) (202)
 (203 204) (205) (206) (207) (208) (209) (208) (210 211) (211) (209 213)
 (210 214) (212 215) (216) (217) (218) (216) (215) (218 221) (220 222) (223)
 (219 224) (219 224) (225 226) (226) (226) (227 228 229) (229) (225 228 231)
 (230 232) (233) (234) (230 232) (234 236) (235 237) (237) (239) (238 239)
 (241) (242 240) (243) (242 240) (244 245) (246) (246) (247 248) (249) (250)
 (251) (252) (253) (254) (255) (255) (257) (257) (258 259 256) (260) (260)
 (262) (261 263) (264) (265) (265) (266 267) (268) (269) (270) (271) (272)
 (273) (274) (275) (276) (277) (278) (277) (279 280) (281) (282) (283) (282)
 (284 285) (285) (287) (284 288) (284 287) (289 290) (287) (291 292) (291 292)
 (293 294) (286 295) (293 294) (297 296) (298) (297) (299 300) (301) (302)
 (301) (303 304) (305) (303 304) (305 307) (305 307) (306 308 309)
 (306 308 309) (306 309) (308 312) (310 311 312) (314) (313 315) (313 315)
 (317) (318) (316 319) (320) (321) (321) (322 323) (321) (325) (324 326) (327)
 (322 323 326) (329 328) (330) (331) (332) (333) (334) (334) (336) (335 336)
 (337 338) (339) (340) (341) (338) (341 343) (344) (342 344) (345 346)
 (345 346) (348) (349) (347 350) (351) (347 350) (347 350) (353 354 352) (355)
 (356) (357) (358) (358) (359 360) (360) (362) (361 363) (364) (365) (365)
 (367) (366 368) (369) (370) (371) (372) (371) (374) (373 375) (376) (377)
 (378) (379) (380) (381) (382) (383) (379) (385 383) (385 384) (387) (388)
 (388) (386 390) (391) (389 392) (393) (394) (395) (395) (397) (396 398) (399)
 (400) (399) (402) (403) (404) (401 405) (406) (407) (408) (409) (410) (411)
 (412) (413) (414) (411) (414 416) (417) (418) (417 415) (409) (419 421)
 (420 422) (423) (423) (425 424) (426) (427) (426) (428 429) (430) (431) (432)
 (433) (434) (435) (436) (437) (438) (439) (440) (441) (441) (441) (443 444)
 (442 445) (442 445) (445) (446 448) (449) (450 447) (450 447) (450 447)
 (451 453) (453) (451 452 455) (455) (457 456) (458 454) (454 455)
 (457 460 456) (459 460) (461 462) (463) (464) (465) (464) (467) (465 467)
 (466 468 469) (467) (468 469 471) (470 472) (473) (474) (475) (475) (476 477)
 (476 477) (479) (478 480) (480) (481 482) (483) (484) (482 478) (484 486)
 (485 487) (485 487) (489 488) (490) (489) (490 492) (493) (491 494) (495)
 (495) (497) (495) (497 499))