(NIL (1) NIL (3 2) (3 2) (3 2) (4 5 6) (2) (4 5 6 8) (9) (9 7) (9) (10 11 12)
 (13) (11 12) (13 15) (14 16) (14 15) (18) (17 19) (20) (17 19) (22) (21 23)
 (24) (25) (25) (27) (28) (29) (30) (26 31) (30) (33 32) (34) (33 26 31)
 (34 36) (35 37) (38) (39) (40) (41) (36 32) (43 40) (44) (42 44) (46) (42 43)
 (45 47 48) (45 48) (49 50) (49 50) (51 52) (49 50) (53 54) (55) (56) (57) (55)
 (58 59) (60) (61) (62) (61) (63 64) (65) (66) (67) (66) (67 69) (68 70) (71)
 (72) (73) (72) (75) (76) (74 77) (78) (79) (76) (81 78) (82 80) (82 80) (84)
 (82 80) (85 86) (87) (83 87) (89) (90) (91) (92) (93) (94 88) (95) (95)
 (97 96) (98) (99) (99) (101) (102) (102) (101) (105 103) (106 100) (107)
 (105 100 104) (109 103) (108 110) (111) (111) (113) (114) (115 112) (115 112)
 (116 117) (117) (117) (116 119 120) (116 119 120) (121 122 118) (123) (124)
 (124) (123) (126 127) (125 128) (129) (130) (131) (130) (131 133) (132 134)
 (133) (135 136) (135 136) (137 138) (138) (139 140) (139 140) (141 142) (143)
 (144) (145) (145) (146 147) (148) (149) (150) (150) (151 152) (153) (150)
 (154 155) (155 151 152) (154 157) (156 158) (154 157) (156 160) (159 160)
 (162) (161 162) (164) (165) (163 165) (167) (168) (169 166) (170) (171) (170)
 (170) (172 173 174) (172 174) (175 176) (177) (178) (177) (179 180) (178 180)
 (182) (181 183) (184) (185) (186) (187) (187) (189) (190) (188 191) (192)
 (193) (194) (194) (196) (197) (198) (198) (199 200) (201 195) (202) (203)
 (204) (205) (206) (207) (206) (206) (209 210 208) (210 207) (209 212 208)
 (211 213) (214) (215) (214) (217 216) (217 216) (218 219) (218 219) (221)
 (221) (222 223) (224) (220 224) (226) (225 227) (228) (229) (229) (226)
 (230 231 232) (233) (234) (234) (235 236) (237) (238) (239) (240) (239) (242)
 (242 240) (236) (243 245) (241 244 246) (247) (241 244 246) (249) (250 247)
 (250 248) (251 252) (252) (252) (253 255) (254 256) (257) (258) (258)
 (259 260) (261) (259 260) (262 263) (264) (264) (265 266) (267) (261 263)
 (267 269) (268 269) (270 271) (272) (273) (274) (274) (275 276) (275 276)
 (278) (277 279) (280) (279) (282 280) (281 283) (284) (285) (281 283)
 (286 287) (288) (289) (290) (289) (292) (291 293) (294) (295) (296) (297)
 (297) (299) (295) (300 301) (300 301) (302 303) (303) (305 298 304) (305 304)
 (305 304) (306 307 308) (309) (306 308) (309 311) (307 311) (313 310 312)
 (314) (315) (316) (317) (318) (319) (320) (321) (322) (323) (322) (325) (325)
 (327) (324 328) (329) (323 328) (329 331) (330 332) (333 326) (334) (335)
 (333 326) (337 336) (338) (339) (340) (340) (340) (341 343) (344) (345)
 (342 344) (346 347) (348) (349) (349) (350 351) (350 351) (351) (353 354)
 (354 350) (355 356 352) (357) (358) (358) (360) (361 359) (362) (363) (364)
 (365) (364) (367) (366 368) (369) (365 368) (370 371) (372) (373) (374) (375)
 (372) (377 376) (377 375) (379) (379 376) (378 381) (380 382) (382) (382)
 (385) (385 380) (387) (386 388 383) (389 384) (390) (389) (391 392) (393)
 (393) (395) (394 396) (393) (395 398) (394 395 398) (397 400) (401)
 (397 399 400) (401 403) (397 399 400) (403 405) (402 406) (404 407) (408)
 (409) (407) (411 408) (412) (410 413) (413) (410 415) (414 415) (417 416)
 (409 411) (417 419 416) (420) (418 421) (422) (423) (421) (425 424) (425)
 (427 424) (426 428) (429) (429) (431) (429) (433 430 431) (434 432)
 (433 430 432) (434 436) (435 437) (438) (439) (440) (441) (442) (442) (444)
 (445) (445) (447) (446 447) (449 443 448) (450) (451) (450) (452 453) (454)
 (454) (455 456) (457) (458) (459) (460) (461) (455 456) (461 463) (464)
 (462 464) (466) (465 467) (468) (466) (469 470) (471) (472) (473) (474) (473)
 (476) (477) (474 478) (475 479) (475 479) (481) (475 479) (482 483) (484)
 (485) (486 480) (487) (488) (489) (490) (491) (492) (493) (493) (495) (496)
 (497 494) (498) (498))