(NIL (1) (2) (3) (1) (2 5) (4 6) (4 6) (7 8) (9) (10) (11) (12) (13) (14) (15)
 (12) (17 13) (17 16) (19) (18 20) (21) (22) (21) (24) (24) (25 26 23) (27)
 (28) (29) (28) (30 31) (32) (32) (34) (35) (33 36) (37) (38) (38) (40) (41 39)
 (42) (42) (44) (43 45) (46) (47) (48) (49) (50) (47) (49 52) (53) (51 53) (55)
 (54 56) (56) (58 54) (59) (57 60) (61) (62) (63) (63) (65 64) (66) (67) (68)
 (69) (69) (70 71) (72) (73) (74) (73) (74 76) (77) (75 78) (75 78) (77)
 (81 79) (82) (82) (83 84 80) (85) (86) (87) (85) (89 88) (90) (90) (92) (93)
 (91 93) (95) (94 96) (97) (98) (99) (100) (101) (102) (102) (101) (105)
 (106 103 104) (107) (108) (108) (107) (108 111) (112) (112) (113 114 109)
 (115 110) (116) (117) (115 110) (118 119) (118 119) (118 119) (121 122)
 (121 122 120) (124) (122) (125 126) (127) (123 128) (123 128) (130) (129 130)
 (131 132) (133) (133) (135) (136) (134 136) (138) (139) (137 140) (137 140)
 (141 142) (137 140) (143 144) (145) (146) (147) (148) (149) (147) (151)
 (149 152) (153 150) (148 152) (155 149) (153 155) (156 157 150) (158) (159)
 (154 160) (161) (162) (163) (164) (165) (162) (164 167) (166 167) (166 167)
 (169 170) (171) (172) (172 168) (173 174) (175) (176) (175) (177 178) (179)
 (180) (181) (179) (182 183) (184) (185) (186) (185) (187 188) (189) (189)
 (191) (192) (193 190) (194) (195) (190 192) (196 197) (198) (198) (198)
 (201 200) (202) (203 199) (203) (204 205) (206) (207) (202) (209 207) (210)
 (211) (212) (213 208) (214) (213) (212 208) (217 214) (218) (218 216)
 (219 220 215) (221) (222) (223) (223) (225) (225 224) (227) (226 228) (227)
 (225 224) (229 231) (230 232) (226 230 231) (234 232) (233 234) (234 229)
 (236 237) (235 238) (235 238) (240) (241) (242) (242) (244 239) (243 245)
 (244 239) (246 247) (248) (249) (250) (251) (252) (251) (250) (253 255)
 (253 255) (257 254) (257) (259 254) (258 260) (261) (262 256) (262 256) (262)
 (265 256) (266) (267 263) (268) (269) (269) (267) (272 271 264) (272 269 264)
 (273 274) (275 270) (273 274 270) (275 277) (276 277) (276 277) (280)
 (281 278) (281 279) (282 283) (282 283) (285) (282 283) (284 285 287)
 (284 287) (289) (290 285) (290 285) (291 292 286 288) (293) (293) (290 286)
 (291 292 296) (297 293) (298 294 295) (299) (300) (301) (301) (303) (304)
 (302 303) (305 306) (307) (308) (307) (307) (311) (309 312) (313 310)
 (313 310) (315) (316) (314 317) (314 317) (319) (318 320) (315) (314 317 322)
 (323 318 320) (321 324) (325) (323 320) (325 327) (328) (329) (330) (329 326)
 (332) (333) (331 334) (331 334) (336) (337) (338) (339) (338 335) (341)
 (340 342) (343) (344) (344) (345 346) (347) (348) (349) (350) (351) (352)
 (351) (354) (354 352) (355 356) (354 352) (354 352) (353 357) (360 359)
 (361 358) (362) (361 358) (364) (362 365) (366) (363 367) (363 366) (361)
 (369 370 367) (371 368) (372) (373) (373) (375) (376) (377 374) (378)
 (377 374) (378 380) (379 381) (382) (382) (383 384) (385) (383 384) (386 387)
 (388) (388) (390) (391) (391) (389 390) (394) (393 395) (396 392) (397) (397)
 (399) (398 400) (401) (401) (400) (402 404) (402 404) (406) (407) (405 407)
 (409) (410 403) (411 408) (412) (413) (412) (413 415) (414 415) (417 416)
 (417 416) (418 419) (420) (421) (422) (419) (423 424) (423 424) (426)
 (425 427) (420 424) (425 426 429) (427 430) (428 431) (431) (433 428)
 (428 430) (434 435) (436 432) (434 435) (438) (436 439) (440) (441 437) (442)
 (443) (443) (444 445) (446) (447) (448) (449) (448) (448) (450 452) (453)
 (450 451 452) (453 455) (454 456) (457) (458) (454 456) (459 460) (461) (462)
 (458 460) (461 464) (465 463) (463 464) (462 464) (465 467 468) (469)
 (466 470) (465 467 468) (466 470 472) (473 471) (474) (475) (476) (477) (476)
 (478 479) (480) (481) (478 479) (482 483) (484) (484) (486) (485 486)
 (485 486) (489 487) (490 488) (491) (490 488) (493) (492 494) (495) (496)
 (497) (495) (498 499))