(NIL (1) (1) (2 3) (4) (4) (6) (5 6) (7 8) (7 8) (7 8) (7 8) (9 11 12) (10 13)
 (14) (15) (15) (17 16) (18) (19) (19) (21) (20 22) (23) (23) (25) (26 24) (27)
 (28) (27) (29 30) (31) (32) (33) (34) (35) (34) (36 37) (38) (39) (39) (39)
 (41 42) (43) (44 40) (45) (46) (47) (46) (45) (50 48) (50 48) (52) (51 53)
 (54) (51 53) (51 52) (57 55) (49 58) (58) (60) (59 61) (59 61 56) (62 63)
 (62 63) (65 64) (66) (67) (68) (69) (70) (71) (72) (71) (73 74) (75) (76) (77)
 (78) (79) (80) (81) (82) (81) (82 84) (83 85) (81) (83 85 87) (88) (89) (89)
 (86 87) (91 92) (89 92) (90 93 94) (95) (94) (97 95) (98) (99 96) (100) (100)
 (101 102) (103) (103) (105) (105) (107) (107) (101 102) (108 110)
 (106 109 111 104) (106 109 111 104) (113) (114) (115) (114) (116 117)
 (118 112) (119) (120) (121) (122) (121) (124) (123 124) (123) (127 124)
 (128 125 126) (127 126) (125 130) (128 130) (131 129 132) (133) (131 132)
 (129 135) (133 136) (137) (138 134) (138) (140 134) (141) (142) (143)
 (139 144) (145) (139 140) (145 147) (145 147) (148 149) (146 150) (148 149)
 (151 152) (153) (154) (154) (155 156) (154) (155 156 158) (159) (157 160)
 (161) (162) (163) (163) (165) (165) (164 167) (168) (169 166) (170) (166 168)
 (171 172) (173) (174) (175) (173) (177 175) (178) (179) (179) (180 181 176)
 (182) (183) (184) (185) (186) (187) (188) (189) (190) (190) (192) (189)
 (194 192) (193 195 191) (195) (197 191) (196 198) (199) (200) (201) (201)
 (203) (202 204) (205) (204) (202 207) (208) (209) (206 208) (210 211)
 (209 211) (212 213) (214) (215) (212 213) (217 214) (218 215) (219) (220)
 (220) (222 216) (221 223) (221 222) (225 224) (226) (225 224) (228) (229)
 (227 230) (231) (231) (233 232) (234) (235) (235) (237) (238) (236 239) (240)
 (241) (242) (240) (242 244) (243 245) (246) (246) (248) (249) (247 248) (251)
 (250 252) (253) (249 252) (253 255) (254 255) (257 256) (257) (258 259) (260)
 (260) (261 262) (263) (264) (263) (265 266) (267) (268) (267) (268 270) (271)
 (271) (273 269) (273 269) (275 272) (276) (277) (274 277) (279) (279) (281)
 (282 280) (283) (281 278 280) (284 285) (284 285) (287) (286 287) (289) (289)
 (291 288) (290 292) (293) (293) (294 295) (294 295) (294 295) (298) (297 299)
 (300) (301 296) (301) (299) (304 301 296) (305 302 303) (306) (307) (308)
 (309) (310) (310) (311 312) (312) (314 311) (313 315) (311 312) (316 317)
 (318) (319) (316 317) (321 318) (322 320) (322 319) (323 324) (325) (326)
 (326) (328) (329) (330) (331) (332) (333) (332 327) (333 335) (336) (337)
 (338 334) (339) (339) (341) (342) (338) (339 344) (345 343) (345 343)
 (346 347) (348) (349) (350) (340 351) (352) (351) (354 352) (353 355) (355)
 (353 357) (358) (353 357) (359 360) (361) (359 360) (361 363 356)
 (361 363 356) (364 365) (366) (362 367) (362 366) (369 368) (366)
 (369 371 368) (370 372) (373) (374) (375) (376) (377) (377) (379) (379) (379)
 (378 380 382) (378 382) (383 384) (380 381 384) (386 383) (387) (385 388)
 (389) (390) (391) (391) (393 392) (394) (395) (396) (395) (396 398) (399)
 (397 400) (401) (401) (403) (399) (402 403 405) (406) (406) (406)
 (409 404 407 408) (409 404 408) (411) (410 411) (413) (414) (415) (412 415)
 (417 416) (417 416) (419) (417 416) (419 421) (418 420 421) (422 423) (424)
 (425) (426) (427) (425) (427 429) (430) (428 431) (428 430) (429)
 (434 428 430) (433 434) (435 436 431) (437) (438) (438) (440 432) (441 439)
 (440) (442 443) (443 439 432) (444 445) (444 445) (447) (447) (449)
 (450 446 448) (451) (452) (451) (451) (453 454 455) (456) (456) (457 458)
 (459) (458) (457 461) (459 461) (459 461) (460 462 463 464) (460 463 464)
 (465 466) (467) (468) (469) (468) (470 471) (472) (473) (474) (475) (475)
 (474) (476 478) (479) (477 479) (481) (482 480) (482 480) (483 484) (485)
 (485) (487) (486 487) (489 488) (485) (491 486 488) (490 492) (493) (494)
 (494) (495 496) (497) (498) (498))