(NIL NIL (2) (3) (4 1) (5) (6) (7) (8) (8) (7) (10 11) (11 8) (13) (9 10 14)
 (12 15) (16) (17) (17) (18 19) (20) (21) (21) (23) (24) (22 23) (26 24)
 (25 27) (28) (28) (29 30) (29 30) (32) (32) (28) (34 35 31) (36) (33 37) (38)
 (39) (40) (39) (33 34 35) (42 43) (41 42 43) (45) (44 46) (47) (46) (49 48)
 (50) (50) (51 52) (51) (54) (55 53) (51) (54 57 52) (56 58) (59) (56 58) (61)
 (60 62) (61) (63 64) (65) (66) (67) (68) (69) (70) (71) (71) (71) (73 74 72)
 (73 74 72) (75 76) (76) (75 78) (78) (79 80) (77 80) (81 82) (83) (84) (84)
 (86) (85 87) (88) (89) (90) (91) (90) (92 93) (94) (94) (95 96) (97) (98) (97)
 (99 100) (99 100) (102) (101 103) (103) (105 104) (105) (107) (108 104)
 (106 109) (110) (111) (111) (113) (110) (115 111) (115 111) (114 115)
 (118 112) (116 119) (117 118) (121 116 119) (122) (123 120) (124) (125) (125)
 (127) (128) (129 126) (127) (130 131) (132) (129 131) (133 134) (135) (136)
 (136) (137 138) (139) (140) (141) (142) (141) (142 144) (145 143) (146) (147)
 (148) (149) (149) (150 151) (149) (153 150) (154 152) (155) (155) (157) (157)
 (156 159) (159) (161 158 160) (162) (163) (164) (163) (165 166) (167) (168)
 (169) (169) (171) (172) (170 173) (174) (175) (176) (176) (178) (177 179)
 (177 178) (179 181) (180 181) (182 183) (183) (185 182) (186) (187) (188 184)
 (188) (189 190) (191) (192) (191) (194 192) (195) (195) (197) (193 198) (199)
 (200) (201 196) (202) (201 196) (199) (203 205) (206) (204 206) (207 208)
 (207 208) (210) (211) (211) (211) (214) (213 215) (212 216) (209 217) (218)
 (209 212 213 215) (219 220) (221) (222) (220) (222 224) (225) (226) (227)
 (227 223) (228 229) (230) (231) (232) (233) (231) (234 235) (236) (237) (238)
 (239) (240) (237) (242 238) (241 242) (241 242) (243 244 245) (246) (247)
 (247) (249 248) (246) (249 251) (252) (253) (251) (254 255 248) (250 256)
 (256) (257 258) (259) (260) (257 258) (261 262) (263) (263) (265) (266) (267)
 (268) (269 264) (270) (271) (272) (273) (274) (273) (274 276) (277) (278)
 (275 279) (275 279) (281 280) (282) (283) (284) (285) (286) (285) (287 288)
 (289) (290) (290) (292) (291 293) (294) (291 293) (295 296) (297) (298) (299)
 (299) (301) (302) (303) (300 304) (303) (300 303) (305 307) (306 308)
 (305 306 307) (309 310) (309 310) (311 312) (313) (314) (315) (316) (315)
 (317 318) (319) (320) (321) (321) (319) (322 323 324) (325) (326) (326) (328)
 (329) (330 327) (331) (327 328) (330 333) (331 334) (335) (336) (337 332)
 (337) (339 332) (338 340) (337) (338 339 342) (340 343) (338 340 342)
 (345 341 344) (346) (347) (348) (348) (349 350) (349 350) (352) (351 352)
 (353 354) (355) (356) (357) (348) (358 359) (360) (361) (362) (362) (364)
 (364) (363 365 366) (367) (368) (369) (366) (363 365 366) (370 372)
 (369 371 372) (370 374) (375) (376) (377 373) (377 373) (377 373) (377)
 (379 380 381) (381 373) (378 381) (384) (385 382) (385 382) (387)
 (386 388 383) (389) (390) (391) (392) (391) (393 394) (390) (395 396) (397)
 (397) (398 399) (400) (401) (400) (402 403) (398 399) (402 405) (404 406)
 (407) (407) (407) (409 410) (411 408) (412) (412) (413 414) (415) (415) (417)
 (413 414) (419) (418 419) (420 421 416) (422) (423) (422) (425) (425)
 (427 423) (427) (428 429 424) (428 429 424) (431) (426 430 431) (433 432)
 (434) (435) (435) (436 437) (433) (438 439) (440) (438 439) (441 442) (443)
 (444) (445) (446) (446) (448) (449 447) (450) (451) (451) (452 453) (452 453)
 (454 455) (456) (457) (457) (458 459) (460) (461) (460) (461 463) (464)
 (465 462) (462 464) (466 467) (462 463) (466 467 469) (468 470) (471) (472)
 (471) (474) (475 472) (473 476) (477) (478) (479) (479) (481) (481 480)
 (481 480) (481 480) (482 483 485) (482 483 485) (486 487) (486 487)
 (489 484 488) (490) (491) (492) (493) (494) (495) (496) (497) (498) (497))