(NIL NIL (1) (3) (1) (5) (6 3) NIL (8 4) (9) (9) (11) (11 2) (9) (2 14) (8 6 4)
 (8) NIL (18 3) (5 19 2) (18 2) (9 17 21) (19 6 22) (22) (22) (10 11 7 15 25)
 (23 26) (19 26) (27 28) (5 10 12 25) (16 30 28) (19 30 15) (24 13 30)
 (33 23 20) (34 31) (17 5 21 14) (35 29) (37 36 32) (38) (39) (40) (39) (39)
 (43 40) (41 42 44) (39) (43 46) (46) (41 43 48) (43 46) (50) (51 48) (52)
 (51 45 48) (54 47) (42 51 44 48) (49 52 54 56) (45 56) (49 58 54) (59 47) (59)
 (58 47) (49 56) (57 63) (51 47) (65 62) (63 66) (66 61) (66) (65 53 62)
 (70 59) (57 71 61) (57 70 55) (62) (70 61 74 69) (66 60 61 74) (76 75) (77)
 (78) (79 71 67) (58) (59 55 81) (82 79 64 71) (82 79 64) (82 71 66) (83 85)
 (86) (84 87 68) (85 75) (72 85 84 68) (90 73 89) (90 73) (92 67) (91 93)
 (93 87) (91 95) (95) (91 80 97) (91 97) (91 93) (92 83 67) (98 99 101 88)
 (102) (100 102) (90 67 73) (91 105) (80 99 100 106) (96 107) (108) (104 106)
 (110 103) (109 111) (111) (111) (102 105) (108 113 115) (116) (116) (118 112)
 (119) (115) (121 120) (115) (123 117) (96 100 88) (122 125 124) (114 126)
 (116) (112 128) (94 125 129) (119 130) (118 130 124) (121 132) (119 132)
 (134 126) (133 135) (127 136) (137) (131 134) (121 134) (120 140) (141 127)
 (141 135) (131 143 114) (144 137) (145) (145 138) (147) (145 138)
 (143 114 139) (141) (151 148 142) (144 151 138) (149 153) (154 152 139)
 (155 146) (156) (154) (158 142) (147 158 142) (148 149 153) (155 161)
 (162 156) (163 150) (164) (164) (166) (164) (166 168) (169) (170) (160 168)
 (163 150) (170 173 160) (173) (169 175) (176) (177 170) (178 157) (179 159)
 (180) (174 176) (159 160 176) (155 150 161) (171 157 182 184) (185) (186 180)
 (185 178 165 183) (188) (188 181) (190) (187 188) (172 188) (185 183)
 (194 190) (181 184) (172 165 196) (188 196) (193 194 198) (190 199) (198)
 (187 198) (180 184) (203 200 189 192) (202 203 197 191) (203 197 190 199 192)
 (195 206) (207) (204 207) (209 205) (202 207) (202 207) (212)
 (201 204 213 167) (201 213 189) (204 215) (210 216) (209 211 216)
 (209 205 215) (211 215 191) (210 220 214 208) (220 205) (201 212 205)
 (221 223) (218 219 224) (208 223 167 200) (217 211 223 167) (218 227 224)
 (219 228) (228 222) (230) (231) (219 231) (233) (233) (230) (226 236) (237)
 (233 237) (239) (240) (234 239) (233 236) (235 243 232) (244 239)
 (225 241 245 242) (246) (243 238 240) (241 245 248) (247 248))