(NIL NIL (1) (2) NIL (5) NIL (7) (8) (4 9 3) (9 1) (7) (3 9 12) (4 12 5)
 (14 11 13) (15) (8 12 6) (14 3) (10 18) (17 19) (18) (21 11) (22 19) (9 18)
 (15 24 10) (16 17 25) (26) (26 22) (28) (26) (26 21 19) (21 24 16) (20 23 32)
 (30 32) (22 15 6 19) (24 35 23) (36 17) (20 30 36) (35 17) (16 39) (40 25)
 (28 41 23) (42 36 32) (29 40 31 33) (28 40) (41 45 32) (29 45 42 33)
 (37 34 31 47) (24 39) (41 49 45) (50 33) (51 48) (27 30 51 37 46) (51 38)
 (50 30) (34 37 38 55) (29 50) (57 36 34) (27 51 58 56) (58 53 38) (58 51 48)
 (52 61) (43 62 46 54) (60 62) (43 54 55 64) (62 46 56) (27 38 62) (67 53 56)
 (67 53 56) (43 67) (59 60 70) (71 64) (69 72) (73 44) (73 68 63) (68 72)
 (66 72) (73 77) (65 75 78) (74 79) (80) (79) (82 80) (79) (84) (83 85) (86)
 (81 86) (86) (76 85 80) (90 87) (82 84) (92 88) (65 77) (90 92 86 94) (91 95)
 (96) (96) (98) (89 95 87) (89 91 94) (81 85 94) (93 94 87) (89 103) (91 104)
 (105) (106 100 102) (107) (106 95) (98 109) (99 109) (105 102)
 (97 107 110 112) (113) (113 108 111) (105 102) (109 107 116 101) (97 99 117)
 (114 99 117) (113 99 117) (116 109 99 100 101) (113 121) (114 117 122) (123)
 (124) (122 111 120) (115 126) (122 115 117) (122 118) (129) (122 108)
 (131 128 119 120) (124 132) (133 118 127) (129 134) (133) (130 131) (137 136)
 (131 124) (139 132 127) (121 108) (113 141 118) (137 142 136)
 (137 125 142 128) (138 140 144) (145) (140 141 135) (122 141 119)
 (148 133 118) (138 139 149) (125 142 150) (145 147 151) (152) (143 127 150)
 (140 148 135) (145 155 149) (155 136) (145 148 134) (147 157 158 143)
 (159 151) (160 152) (153 146 156 161) (162) (146 160 154) (161 164) (161)
 (161) (162 164 167) (146 167 154) (169) (153 169) (153 169) (172) (169)
 (174 156 170 171) (162 174 166) (173 176 170) (176) (178 171) (175 165 179)
 (172 180) (163 181) (181) (183) (184) (184 168) (183) (186 187 182) (169)
 (172 189 165 168 171) (173 190 180) (185 191) (189 182) (172 189 174 166 164)
 (194 187) (189 163 166 175) (196 180) (187 197) (198) (194 198) (185 195 200)
 (186 200 193) (183 191 197 177) (196 192 194) (196 190 187 184) (186 198 205)
 (195 177 206) (207 192 199) (192 200 206) (195 200 199 206) (202 210 208 201)
 (211 204) (197 205 182) (213 209) (213 210 201) (195 192 205) (214 216 215)
 (215 177 216) (214 204 218) (202 219 203 217) (218 193) (221 217)
 (188 214 218) (221 223 204) (222 223) (223 208 203) (202 221 226 204) (227)
 (220 228) (229) (226 212) (230 231) (231) (233 229) (222 234)
 (235 232 225 224) (232 234) (225 234) (233 224) (233 220 228) (230 240)
 (232 240) (239 242) (233) (244 239 236 238 241 242) (244 232 238) (246) (246)
 (247 248 235) (249 236 241))