(NIL NIL (1) (2) (4) (5) NIL (7 4) (7 1 5) (9) (1 8) (5 11) (12) (10 13)
 (3 9 11) (15) (16) (10 17) (6 18 14) (7 4) (15 6 20 14) (12 20) (20) (12 23)
 (21 19 23) (3 10 11 23) (26 16 12) (26 16) (24 28) (26 17) (24 28 18 30)
 (6 30 13) (22 24 18 32) (32 28 18) (24 27 34 14) (22 27 34 21) (32 29 21)
 (22 37) (27 28 18 14) (36 39) (33 40 31) (41) (25 37 42) (38 43) (41)
 (37 36 39 19) (33 40 46) (47 41) (48) (49 38) (49 38) (25 51) (52) (51)
 (52 54) (25 51) (56 42) (54 56) (49 38) (57 43 59 35 53) (38 35 46) (51 61)
 (62 56) (25 61) (63 55 64) (65 43) (60 54 63 64) (43 62 64) (59 68 54) (69 53)
 (57 68) (50 44 71 66) (71 63) (71) (50 59 52 44 74) (45 75 60 70 72) (67 76)
 (76) (58 67 78) (79) (66 75) (75 53 72) (58 82) (81 82 69) (45 73 84) (83 85)
 (86 80) (77 86 79) (85 58 77) (73 58 84 76) (90 83) (75 54) (92 78)
 (73 93 83 84 77) (85 94 80) (84 93) (93 88) (97 96) (97 91 87 96)
 (89 97 91 96) (100) (97 95 96) (93 85 79) (99 101 103 95) (104) (105)
 (106 102) (107) (106 102) (109) (98 110) (111) (111) (113) (98 106) (98 106)
 (105) (98 107 117) (115 109 118) (98 117 102) (89 98 91 103) (121 110 119)
 (122 108 120) (122) (123 124) (124 108 111) (122 116) (127) (122 111)
 (129 123 124) (129 123 127) (131) (132 126) (132 125) (113 134 126 112)
 (128 134 112) (129 116 126) (137 112) (113 137 120) (138 139 136)
 (114 123 139) (132 141) (133 125 142 138) (133 142) (144 136) (132 141 112)
 (146) (138 147 134 128) (148 142) (130 147) (147 125) (138 134 151 142) (152)
 (153 130 133) (154 149 144) (155) (155 143 136) (154 140 150) (158 135)
 (156 159 143) (158 135) (161) (161) (163 156 157) (163 157) (161 156 157)
 (158 135) (148 167 144) (168) (153 130) (145 161 170) (162 171 148) (172 166)
 (169 173 165) (164 174 160) (175) (176) (176) (178) (170 164 159) (177 180)
 (181) (181) (179 181) (177 180) (185) (185) (179 181 187) (177 180) (178 189)
 (186 188 190) (191) (182 191) (186 190) (186 189) (195 182 191) (196) (196)
 (186 189 181) (197 199 184) (187 199 184) (199 191) (202 183 184) (203 200)
 (201 204) (203) (195 206) (203 197) (194 208) (201 209) (210 207)
 (193 210 206) (212 198) (212 198 207) (214) (205 215) (216) (217 192) (216)
 (219 192) (214) (221 215) (205 222 192) (218 223) (222 200) (225 205) (226)
 (225 219) (228 192) (226 211 228 213 192) (227 229 230) (220 231) (220 231)
 (220 223 228) (206 208) (221 235 205) (229 220 213 236) (233 237 224)
 (217 211 235) (233 239) (240 224) (241 238) (226 236 213 239 192) (218 243)
 (244 224) (233 245) (245 232) (245 240) (241 248 232) (249 234 247))