(NIL (1) (2) (2) (2) (5) (3 4 6) (6) (7 8) (9) (9) (10 11) (12) (13) (13)
 (14 15) (16) (17) (18) (18) (17) (19 20 21) (19 20 21) (22 23) (22 23) (25 24)
 (26) (26) (28) (25 24) (27 30) (27 28 30) (31 32) (29 32) (33 34) (33 34) (36)
 (37) (37) (39) (35 38 40) (35 38 40) (35 38 40) (41 42 43) (44) (45) (46) (47)
 (48) (46) (49 50) (51) (52) (52) (52) (53 55) (54 56) (53 55) (58) (58 54 56)
 (60) (59 61) (62) (63) (63) (57 65 64) (66) (67) (67) (69) (68 70) (71) (72)
 (73) (71) (73 75) (76) (77) (74 78) (78) (79 80) (81) (82) (83) (84) (85) (85)
 (84) (86 87 88) (89) (90) (91) (91) (93) (94) (92 94) (95 96) (97) (95 96)
 (96) (97 100) (98 101) (99 102) (98 99 100) (103 104) (105) (106) (103 104)
 (108) (107 109) (110) (111) (112) (113) (112) (113 115) (115) (113 115) (118)
 (117 119) (114 120) (121) (122 116) (123) (124) (125) (126) (125) (127 128)
 (129) (130) (131) (130) (133) (132 134) (135) (135) (137 136) (138) (139)
 (138) (141) (139 141) (140 143) (142 144) (140 143) (146) (147 144) (145 148)
 (145 148))