(NIL NIL (2 1) (2) (4 1) (3 5) (4) (7 6) (7 6) (9) (10 8) (11) (12) (12) (12)
 (14 15) (15) (17 14) (18 13 16) (17 14) (18 20 13 16) (17 13 16) (21 22) (23)
 (20 22) (25 19 23) (26) (27 24) (28) (29) (30) (30) (29) (33 30) (34 31 32)
 (35) (36) (36) (38) (37 39) (40) (41) (42) (43) (42) (42) (44 45 46) (47) (47)
 (49 48) (50) (50) (52) (52) (53 54) (55) (51 56) (57) (56) (51 56) (59 60)
 (61) (61) (58 62 63) (64) (65) (66) (66) (68) (69) (66) (67 68 71) (69 72)
 (69 72) (74) (74 70) (75 76) (73 75 76) (77 78) (79) (80) (81) (81) (83) (84)
 (85) (83) (87) (86 88) (89 82) (82 86 87) (89 91) (90 92) (93) (93) (94 95)
 (96) (97) (96) (97 99) (100) (99) (101 102) (98 102) (103 104) (101 104)
 (106 103) (105 107) (105 106) (107 109) (108 110) (111) (112) (113) (114)
 (112) (115 116) (117) (117) (119) (119) (121 118) (122) (123) (124 120) (125)
 (123 120) (126 127) (128) (129) (130) (131) (129) (132 133) (134) (134) (134)
 (137 135) (138) (139) (139 136) (140 141) (140 141) (142 143) (144) (145)
 (146) (147) (148) (148))