(NIL NIL (2) (1) (3 4) (5) (6) (6) (8 7) (2) (8 10) (10 5) (8 12) (11 13 7)
 (14) (9 14) (15 16) (17) (18) (19) (20) (21) (22) (23) (24) (24) (25 26) (27)
 (27) (29) (30) (30) (31 32) (33) (34) (35 28) (36) (37) (36) (37 39) (39)
 (41 38 40) (38 39) (38 39) (41 44) (43 45) (42 43 45) (47) (48) (49 46) (50)
 (50) (52) (50) (51 53 54) (55) (56) (57) (58) (59) (59) (60 61) (62) (63) (64)
 (65) (66) (67) (68) (69) (69) (71) (67) (73 70 71) (74) (75) (76 72) (77) (78)
 (79) (80) (80) (82) (82) (84) (81 85) (81 85) (86 87) (83 88) (89) (90) (91)
 (92) (93) (93) (95) (94 96) (94 95) (98) (97 99) (100) (97 99) (101 102) (103)
 (104) (103) (105 106) (101 102) (105 106 108) (107 109) (107 109) (107 109)
 (107 109) (113 111 112) (114 110) (115) (116) (117) (116) (117 119) (120)
 (118 120) (118 120) (118 120) (121 124) (125) (122 123 126) (127) (128) (129)
 (130) (130) (129) (132 133) (134) (131 135) (136) (137) (136) (135) (138 140)
 (137 139 140) (141 142) (143) (144) (145) (143) (146 147) (146 147) (148 149))