(NIL (1) (2) (3) (4) (5) (6) (4) (6 8) (7 8) (9 10) (9) (12 11) (12 11) (14)
 (13 15) (16) (17) (18) (17) (18 20) (21) (19 22) (19 22) (23 24) (23 24) (21)
 (25 26 27) (28) (29) (29) (29) (30 31 32) (33) (33) (33) (35 36) (34 37)
 (34 35 36) (38 39) (40) (41) (42) (43) (44) (45) (45) (46 47) (48) (48)
 (49 50) (51) (47) (53 48) (51 54) (52 54) (56) (57 55) (58) (59) (60) (61)
 (62) (63) (64) (64) (62) (66 67) (65 68) (68) (65 70) (69 71) (69 71) (73)
 (74 72) (75) (75) (76 77) (78) (79) (74 72) (81 79) (82 80) (82) (83 84) (85)
 (86) (86) (83 84) (89 87) (90) (90) (89 87) (90 93) (91 94) (95 88) (92 96)
 (97) (98) (97) (98 100) (101) (99 102) (103) (104) (105) (104) (105 107) (108)
 (106 108) (109 110) (111) (112) (113) (114) (115) (115) (117) (117)
 (116 118 119) (120) (120) (122) (123) (119) (123 125) (126) (121 127)
 (124 128) (129) (130) (131) (132) (133) (134) (134) (135 136) (136) (138)
 (139) (137 140) (137 139) (140 142) (138 135) (141 143 144) (145) (146) (147)
 (148) (149))