(NIL (1) NIL (3) (4) (5 1) (6) (7) (8) (9) (6) (9 11) (12) (13) (13) (14 15)
 (12) (15) (18 17) (18 2 14) (20 19 16) (10 21) (20 17) (10 23) (24 19 16)
 (25 22) (10 19 20) (22 27) (24 28) (27) (30 22) (31 25 28) (32 29) (32 29 26)
 (30 29) (33 34 35) (30 26) (31 37 28) (33 38) (36 38) (39 40) (36 37) (42 40)
 (42 38) (44 39 40) (43 45) (43 45) (41 46 47) (47) (41 49) (41 49 46) (46 47)
 (51 52) (50 53) (50 53) (55) (56 54 48) (55 48) (41 49 52) (59 56) (60 48)
 (61) (58 62) (57 63) (64) (58 60) (65 66) (57 58 59) (67 68) (69) (70) (71)
 (72) (71) (67 68) (74 75) (76) (76) (78 72) (77 79) (78 72) (81 80) (73 82)
 (83) (84) (84) (86) (85 86) (86) (89 85 87) (90) (91 88) (92) (91) (89 87 88)
 (90 95) (94 95) (97 96) (98 93) (99) (97 92) (99 101) (100 102) (102)
 (100 104) (105) (105) (106 107 103) (106 103) (109 108) (109 107) (110 111)
 (112) (109 108) (114 111) (114 111) (115 116) (116) (116 110) (117 118 119)
 (120) (113 120) (122) (121 122) (124) (125) (123 125) (123 124) (125 128)
 (129) (129 127) (131 126) (129 126) (132 133) (130 133) (135 127) (136)
 (126 128) (138 134) (138 133) (138 131 136) (137 141 132 140) (141)
 (132 140 143) (142 144) (137 134 144) (146 142) (146) (146 142) (141)
 (145 150) (147 151) (139 148 147 150) (153) (154) (155 149 151) (145 155)
 (157 149) (154 152) (156 157 159) (158 160) (161) (161) (163) (162 164) (164)
 (162 163) (165 167) (165 167) (169) (169 166) (171) (171) (171 168)
 (170 173 174) (172 175) (175) (177) (172 174) (178 179) (180 176) (181) (182)
 (183) (184) (183) (185 186) (186) (188 184) (187 189) (190) (191) (188 184)
 (186) (194 190) (193 194 187) (193 194 187) (197 196 189) (198 191) (195 199)
 (200) (199) (201 202 192) (198) (204 192) (195 204 191) (202 206)
 (201 205 207) (203 205 206) (209 208) (210) (210) (212) (211 213) (214)
 (209 208) (213 216) (217 214) (218) (219) (220) (221) (220) (220) (224)
 (223 225 222 215) (222 215 224) (225 227) (228) (227) (229 230 223) (226 231)
 (232) (226 227) (234 232) (235) (233 236) (237) (237) (238 239) (237)
 (241 238) (237) (242 243) (241 243 239) (245 240) (246 242) (239) (248 242)
 (248 242) (247 250) (250) (251 252 244) (253) (249 254) (250 243) (251 256)
 (255 256) (258) (259) (257 258) (261) (262) (259 263) (260 262) (265 263)
 (259 262) (265 267 263) (267 264) (266 269) (270) (271) (272) (268 270)
 (274 272) (275) (276) (266 269) (275 278) (279) (276 280) (273 276 279)
 (268 278) (273 283 276 280) (282 284) (281 285) (281 282 283) (277 287) (288)
 (285 287) (290 286 288) (289 291) (290 286) (293 277) (291 294) (295)
 (291 293) (289 297) (297 292 296) (297 292))