(NIL NIL (2) (2) (3) (5) (1 6) (4) (4) (6 9) (7 9) (11) (12 10) (13) (11)
 (8 15) (16 12 10) (12 16) (11) (19 12 16) (17 18 19 13) (7 9) (19 13 8 15 22)
 (20 13 22) (13 22 16) (25 21) (26 24) (26 23 24) (25 20 14) (25 18) (27 28 30)
 (29 31) (27 29 30) (33 32) (34) (34) (36) (35 37) (36) (38 39) (40) (41) (42)
 (43) (44) (45) (42) (44 47) (42) (41) (50 44 47) (51 45) (52 48) (49 53 46)
 (51 45 48) (49 52 46 55) (53 56) (57) (58 54) (59) (57) (58 61 54) (54 56)
 (61 63) (59 64) (65 60) (64) (65 67 60 62) (59 64) (69) (65 60 70) (67 71)
 (66 72) (66 62 70) (74 72) (75) (66 70) (74 77 72) (76 77) (77) (73 80)
 (73 75 68 80) (81 82 78) (83) (84 79) (84) (86 79) (84 79) (84 79) (89) (90)
 (91 85 87) (90) (90) (94 87 88) (92 95) (92 95) (97) (97 93) (98 99) (100)
 (99) (99) (100 102 103) (104) (105 101) (106 96) (105 101) (100 103) (105 109)
 (105 109 96) (111) (107 110 112) (107 108 110 111) (114 112) (114) (113 116)
 (116) (114 112) (116 119) (118 120) (121 115 117) (121) (113 121) (122 124)
 (123 125) (115 124 123) (123 124) (126 128) (129) (129) (127 128) (132 125)
 (131 133) (134) (130 135) (132 126) (137 134) (137 131) (139 135) (140) (141)
 (141) (138 143) (130 143 138) (140 136) (146 142) (145 146) (140 136)
 (145 147 149) (148 149 144) (151) (146 149 142 144) (153 152) (153 150 151)
 (154 155) (154 155) (156 157) (155 152) (159) (157 160) (159) (162) (163 156)
 (164) (165 157) (161 166) (165 157) (168 158 160) (161 165) (170 166)
 (171 158 167 168) (172) (172) (170 158) (169 172 175) (176) (177) (177 174)
 (179 173) (180) (174 176) (169 166 175) (178 181 183) (178 174 183)
 (185 180 182) (186 184) (187) (188) (189) (189) (189) (187) (193 191)
 (193 190 191) (195) (196) (197) (198) (197) (197) (196) (194 197 202)
 (201 203 200 199 192) (186) (194 197 205 202) (204 206) (207) (207) (209 208)
 (202 205 199 200) (211 204 206) (212 207) (210 212) (204 205) (210 212 215)
 (216) (217 213) (217 213) (219 214) (214 216) (221) (218 222) (217 222)
 (219 221) (225 220 223) (225 218 220) (225 222) (227 228 224) (225 220) (230)
 (227 231) (227 231 223 224) (233 229) (234 232) (226 234) (235 236) (237)
 (238) (238) (240) (240) (242) (243) (237) (241 243 245) (244 246 239) (247)
 (248) (249) (247) (251) (247) (252 253 248) (254) (250 252 253) (255 256)
 (257) (253) (250 251 259) (250 251 259) (258 261) (262) (257 261) (262 264)
 (265 260) (264) (267 262) (268) (267 260 263) (266 270) (266 268 270)
 (269 272) (273) (274 271) (275) (275) (271 272) (277 278) (276 279) (279)
 (279) (281 282 276) (283) (282 280) (282 280) (283 285 286) (283 286)
 (287 288) (289) (290) (290 284) (292) (293) (290 284) (295) (294 296)
 (291 294 296) (298) (298))