(NIL (1) (2) (3) (3) NIL (6 2) (7) (3 8) (8) (9 10 5) (7) (12) (9 13) (12)
 (13 5 15) (4 16) (9 15) (18 16) (10 19 4) (10 19 4) (17 11 19 14) (21 22)
 (20 23) (20 23) (25) (26) (26) (26) (29) (30 24) (27 30) (27 28 30) (33 31 32)
 (33 31 32) (34 35) (35) (37) (37) (36 39) (40) (41) (35) (41 43) (44) (41 43)
 (44 46) (47) (46) (49 45 38) (50 47) (49 42 45 38 47) (45 38 46) (50 53)
 (52 53) (50 53 47) (56 55 48) (52 56) (57 51 54) (59) (60 58) (60) (62 58)
 (63) (60) (63 65) (66 61) (64 67) (67) (67) (65) (64 67 71) (72) (73 68 70)
 (74) (74) (70 72) (74 77) (78) (78) (80) (81 75 76 69 79) (82) (83) (83) (85)
 (86) (84 87) (83) (89 88) (89 84 86) (89 88) (90 92) (93) (91 94) (94) (94)
 (97) (98 95) (99) (98 95) (101 96) (100 102) (103) (104) (105) (105) (104)
 (108) (105 108) (108) (111) (105 112) (113 110) (113 107 110) (115)
 (114 116 109) (117) (118) (106 118) (116) (121 106 118) (116 109) (122 123)
 (124 119 120) (123 117) (122 126) (124 127) (128 119 120) (129) (125 128)
 (131) (125 127) (131 133) (131 133) (129 134 135) (136) (132 135)
 (138 130 136) (137 139) (140) (140) (141 142) (142) (144) (145 141) (144)
 (147 141) (148) (146 149 143) (148) (151) (149 143 152) (151 143) (154 150)
 (145 154 149) (155 156 152) (157) (158) (155 156 152) (160) (161 159) (162)
 (153 163) (164) (153 159 160) (163 166) (165 166) (168) (168) (170) (171)
 (170) (169 172 173 167) (172 173 167) (175) (169 175) (177) (172 173)
 (178 179) (179 174 176) (169 179 176) (182) (183) (178 184) (185)
 (185 180 181) (187) (188) (186 189) (186 189) (191) (192) (192) (194 190)
 (195) (196) (188) (193 197 198) (199) (200) (201) (202) (203) (204) (205)
 (206) (204) (204) (209 207) (210 208) (211) (212) (213) (210) (214 215)
 (213 215) (217) (210 208) (219 216) (218 220) (220) (218 222) (218 220)
 (222 224) (225 221) (226 223) (225) (228 221 223) (229) (226 229) (229) (232)
 (233 231) (233 226) (234 235) (230 232) (234 237) (236 238) (234 237)
 (235 238 240) (227 238 240) (242 235) (242 236) (244) (243 245) (241 243 245)
 (245) (243) (249 239 247) (248 249 246) (241 251) (252) (250 251) (254) (255)
 (256 253) (257) (258) (259) (258) (259 261) (249 247) (263 257) (260 264)
 (259 264) (266 262) (261 264) (268 260) (269 262) (270) (268 262) (272)
 (267 272) (265 266 272) (273 275 271) (275 271) (267 277) (278) (274 276 278)
 (280) (275 269) (273 282 267 277) (274 283 279) (284) (284 280) (285 286)
 (285 286) (284) (289 285 286) (290) (281 291) (292 287 288) (293) (294) (295)
 (296) (281 291 287) (297 298) (299))