(NIL NIL (2) (2) (3 4 1) (5) (6) (7) (8) (9) (8) (10 11) (12) (13) (14) (15)
 (16) (17) (18) (19) (20) (21) (20) (22 23) (24) (25) (25) (27) (27) (26 28 29)
 (30) (31) (31) (33 32) (34) (35) (36) (37) (38) (36) (39 40) (41) (42) (43)
 (44) (42) (45 46) (45 46) (47 48) (49) (49) (50 51) (52) (53) (54) (55) (56)
 (57) (58) (59) (58) (61) (60 62) (63) (64) (65) (66) (66) (68) (69) (69)
 (67 71) (70 72) (73) (74) (75) (76) (77) (78) (77) (78 80) (79 80) (81 82)
 (79 80) (81 82 84) (81 84) (85 86) (83 87) (83 87) (89 88) (90) (91) (92) (93)
 (94) (95) (96) (97) (98) (99) (100) (101) (98) (101 103) (102 104) (104) (106)
 (105 106) (108) (107 108) (109 110) (111) (112) (113) (114) (114) (115 116)
 (117) (118) (119) (117) (121 120) (121 120) (123) (123) (124 125) (122 126)
 (124 125) (127 128) (129) (130) (131) (132) (133) (131) (132 135) (133 135)
 (137 136) (138) (139 134) (138 134) (141) (142) (140 143) (144) (144)
 (145 146) (147) (148) (148) (150) (149 151) (152) (153) (154) (155) (156)
 (157) (158) (159) (158) (161 160) (162) (163) (164) (165) (166) (165)
 (166 168) (169 167) (169) (170 171) (172) (173) (173) (174 175) (176) (177)
 (178) (179) (178) (180 181) (182) (183) (183) (185) (186) (186 184) (186)
 (188 189) (187 190) (191) (192) (193) (194) (195) (195) (197) (196 198) (199))