(NIL NIL NIL (3 2 1) (2) (5 4) (6) (6) (8) (9) (8) (10 11) (12 7) (12 7)
 (13 14) (15) (16) (17) (16) (18) (20 19) (21) (22) (23) (24) (25) (25) (27)
 (27) (29) (26 28 30) (26 30) (31 32) (33) (28 32) (35 31) (34 36) (37) (34 36)
 (38 39) (40) (41) (42) (43) (44) (44) (45 46) (47) (48) (49) (49) (51) (50 52)
 (53) (54) (54) (55 56) (55 56) (57 58) (59) (58) (57 61) (59 61) (60 61)
 (63 64) (65 62) (66) (67) (68) (69) (70) (70) (72) (73 71) (73 71) (74 75)
 (76) (77) (78) (79) (78) (81 80) (82) (83) (82) (84 85) (86) (85) (87 88) (89)
 (90) (91) (91) (92 93) (91) (93 95) (94 96) (97) (94 96) (98 99) (100) (101)
 (102) (102) (103 104) (104) (106 103) (107) (105 107) (108 109) (109)
 (108 111) (112) (113 110) (114) (114) (115 116) (117) (118) (119) (120) (121)
 (122) (123) (124) (125) (126) (127) (128) (128) (129 130) (131) (132) (132)
 (133 134) (134) (135 136) (133 136) (137 138) (139) (140) (141) (142) (142)
 (144) (143 144) (143 144) (147) (148) (146 149) (150) (151) (145 152) (151)
 (153 154) (155) (155) (157) (156 157) (158 159) (160) (161) (161) (163) (164)
 (165) (166) (166) (162 168) (169 167) (170) (171) (172) (172) (171) (173 175)
 (174 176) (177) (178) (179) (180) (181) (181) (182 183) (184) (185) (186)
 (187) (187) (188 189) (190) (191) (188 189) (193 190) (194 191) (195)
 (196 192) (197) (198) (199))