(NIL NIL (2 1) (3) (4) (5) (6) (4) (5 8) (7 8) (9 10) (11) (9 7) (13 12) (14)
 (15) (16) (17) (18) (19) (20) (21) (22) (23) (24) (25) (26) (27) (28) (29)
 (29) (30 31) (32) (32) (33 34) (35) (35) (36 37) (38) (39) (40) (41) (42) (41)
 (44) (42 45) (43 46) (47) (47) (49) (50) (51) (52 48) (53) (53) (55) (54 56)
 (57) (58) (59) (60) (60) (61 62) (63) (64) (65) (66) (67) (68) (69) (70) (71)
 (72) (73) (72) (74 75) (76) (77) (78) (79) (80) (81) (79) (82 83) (82 83) (85)
 (84 86) (87) (88) (89) (90) (88) (91 92) (91 92) (94) (95) (93 96) (97) (97)
 (98 99) (100) (101) (102) (102) (103 104) (105) (106) (107) (108) (109) (109)
 (109) (110 111 112) (113) (114) (115) (116) (117) (117) (118 119) (120) (121)
 (122) (123) (124) (124) (125 126) (125 126) (127 128) (127 128) (130)
 (129 131) (129 130) (131 133) (134) (135) (132 136) (137) (138) (139) (140)
 (141) (142) (143) (144) (145) (145) (146 147) (148) (148) (149 150) (151)
 (151) (153 152) (154) (149 150) (154 156) (157) (156 152) (157 159)
 (155 158 160) (161) (162) (163) (164) (165) (166) (167) (168) (169) (169)
 (170 171) (172) (173) (174) (175) (176) (177) (178) (179) (180) (181) (182)
 (183) (183) (185 184) (186) (187) (188) (189) (190) (191) (192) (193) (194)
 (195) (196) (197) (198) (199))