(NIL NIL (2 1) (3) (4) (5) (2 1) (6 7) (8) (9) (8) (10 11) (12) (13) (14) (15)
 (16) (13) (17 18) (19) (20) (21) (22) (23) (23) (25 24) (23) (26 27) (28) (29)
 (30) (31) (30) (33 32) (34) (34) (35 36) (37) (38) (38) (39 40) (41) (42) (43)
 (44) (45) (46) (47) (48) (49) (50) (51) (50) (52 53) (54) (55) (56) (57) (58)
 (59) (58) (60 61) (62) (62) (63 64) (65) (66) (63 64) (67 68) (66) (70 69)
 (71) (71) (73 72) (74) (75) (76) (76) (77 78) (79) (80) (81) (82) (82) (83 84)
 (83 84) (86) (85 86) (87 88) (87 88) (89 90) (91) (92) (93) (92) (94 95) (96)
 (97) (96) (98 99) (100) (100) (102) (103) (101 103) (105 104) (106) (106)
 (107 108) (109) (110) (111) (112) (112) (113 114) (115) (116) (117) (118)
 (119) (120) (121) (121) (122 123) (124) (125) (126) (127) (126) (129 128)
 (130) (131) (132) (131) (133 134) (133 134) (136) (137 135) (138) (139) (140)
 (141) (142) (143) (143) (145 144) (146) (147) (148) (149) (150) (151) (152)
 (153) (154) (154) (155 156) (157) (158) (159) (157) (161 160) (162) (163)
 (164) (164) (166) (165 166) (167 168) (169) (170) (171) (172) (173) (173)
 (173) (175 176) (177) (178 174) (174 176) (179 180) (179 180) (178 180)
 (181 182 183) (184) (185) (186) (185) (187 188) (189) (190) (191) (192) (193)
 (194) (195) (196) (197) (198) (199) (200) (201) (202) (203) (203) (204 205)
 (206) (207) (208) (209) (210) (211) (212) (213) (214) (215) (215) (217 216)
 (218) (219) (219) (220 221) (222) (223) (224) (224) (225 226) (227) (228)
 (229) (228) (230 231) (229 231) (233 232) (233 232) (234 235) (236) (237)
 (238) (239) (239) (241 240) (242) (242) (243 244) (244) (245 246) (245 246)
 (247 248) (249) (250) (251) (252) (252) (253 254) (255) (255) (257 256) (258)
 (259) (260) (261) (262) (263) (264) (265) (266) (267) (267) (269) (268 270)
 (268 270) (271 272) (273) (274) (275) (276) (277) (278) (279) (279) (281 280)
 (281 280) (282 283) (284) (285) (286) (285) (286 288) (289 287) (290) (291)
 (292) (293) (294) (295) (296) (297) (298) (299) (300) (301) (302) (303) (304)
 (305) (306) (305) (307 308) (309) (310) (311) (312) (313) (313) (314 315)
 (316) (317) (318) (319) (320) (321) (322) (323) (324) (325) (326) (327) (328)
 (329) (330) (331) (332) (333) (334) (335) (336) (337) (337) (338 339) (340)
 (341) (341) (343) (342 344) (345) (345) (346 347) (348) (348) (348)
 (349 350 351) (352) (353) (354) (355) (356) (357) (358) (359) (360) (361)
 (362) (362) (364) (363 365) (366) (367) (368) (369) (370) (371) (372) (371)
 (372 374) (373 375) (373 374) (377 375) (378 376) (379) (380) (381) (382)
 (380) (381 384) (385 383) (386) (387) (388) (389) (390) (391) (392) (393)
 (394) (395) (396) (397) (398) (399) (400) (401) (402) (403) (403) (404 405)
 (406) (407) (408) (409) (410) (411) (410) (411 413) (413) (414 415) (412 416)
 (417) (418) (419) (420) (421) (421) (422 423) (424) (425) (426) (427) (428)
 (429) (430) (430) (431 432) (433) (434) (435) (434) (437) (436 438) (439)
 (436 438) (441 440) (441 440) (442 443) (442 443) (445) (444 446) (445)
 (447 448) (449) (450) (450) (451 452) (453) (454) (455) (456) (457) (458)
 (457) (459 460) (461) (461) (462 463) (464) (465) (466) (467) (468) (468)
 (469 470) (471) (471) (473) (473 472) (474 475) (476) (477) (478) (477) (480)
 (479 480) (482) (481 483) (484) (485) (485) (487) (486 488) (489) (490) (491)
 (492) (493) (494) (495) (494) (497 496) (498) (499))