(NIL (1) (1) (2) (4 3) (5) (6) (6) (6) (9 7 8) (9 7 8) (11) (10 12) (10 12)
 (13 14) (15) (15) (17 16) (18) (19) (20) (20) (21 22) (23) (24) (25) (26) (26)
 (27 28) (27 28) (29 30) (31) (32) (33) (34) (35) (36) (37) (38) (38) (39 40)
 (41) (42) (43) (44) (45) (44) (46 47) (48) (48) (49 50) (51) (52) (52) (54)
 (53 55) (56) (56) (57 58) (59) (60) (61) (62) (63) (64) (65) (66) (67) (68)
 (69) (70) (71) (72) (73) (74) (75) (76) (77) (78) (79) (79) (81 80) (82) (83)
 (84) (85) (86) (87) (88) (89) (90) (91) (92) (93) (94) (95) (96) (93) (98 96)
 (97 99) (100) (101) (102) (103) (104) (105) (106) (107) (105) (108 109) (110)
 (111) (112) (113) (114) (115) (116) (117) (118) (119) (119) (121 120) (122)
 (123) (124) (125) (126) (127) (128) (129) (130) (131) (132) (133) (134) (135)
 (136) (137) (138) (138) (140) (139 141) (139 141) (142 143) (143) (145 142)
 (146 144) (147) (148) (149) (150) (151) (152) (153) (154) (155) (155)
 (156 157) (158) (159) (160) (159) (162) (163 160) (161 164) (165) (166) (167)
 (167) (169 168) (169 168) (170 171) (172) (170 171) (173 174) (175) (175)
 (177) (178 176) (178 176) (179 180) (181) (179 180) (182 183) (184) (185)
 (186) (187) (188) (189) (190) (191) (192) (193) (194) (195) (196) (197) (198)
 (199) (200) (201) (201) (201) (202 203 204) (205) (205) (206 207) (206 207)
 (209 208) (210) (211) (212) (213) (214) (215) (216) (217) (218) (219) (220)
 (220) (221 222) (223) (224) (224) (225 226) (227) (228) (228) (229 230) (231)
 (232) (233) (234) (235) (236) (237) (238) (239) (239) (241) (242 240) (243)
 (243) (242 240) (244 246) (245 247) (248) (249) (250) (251) (252) (253) (254)
 (255) (256) (257) (258) (258) (259 260) (261) (262) (263) (264) (265) (264)
 (265 267) (266 267) (269) (270) (268 271) (272) (273) (274) (275) (276) (277)
 (278) (279) (280) (281) (282) (282) (284) (284) (283 286) (285 287) (288)
 (289) (289) (291) (290 292) (293) (294) (295) (296) (296) (297 298) (299)
 (300) (301) (302) (303) (302) (305 304) (306) (306) (307 308) (309) (309)
 (310 311) (312) (312) (313 314) (315) (315) (317) (318) (319) (320) (321 316)
 (322) (322) (323 324) (325) (326) (327) (328) (328) (329 330) (331) (332)
 (329 330) (332 334) (333 335) (336) (336) (337 338) (338) (339 340) (341)
 (342) (342) (343 344) (345) (346) (347) (348) (348) (350) (349 351) (352)
 (353) (354) (355) (356) (357) (358) (359) (360) (361) (361) (362 363) (364)
 (365) (366) (367) (368) (369) (370) (370) (371 372) (373) (374) (374)
 (375 376) (377) (378) (379) (380) (381) (382) (383) (384) (385) (384)
 (385 387) (386 388) (389) (390) (389) (392) (393 391) (394) (395) (396) (395)
 (396 398) (397 399) (397 399) (401) (402) (402 400) (404) (403 405) (406)
 (407) (407) (409 408) (410) (411) (411) (412 413) (414) (415) (416) (416)
 (417 418) (419) (420) (421) (422) (423) (422) (425 424) (426) (427) (428)
 (429) (430) (429) (431 432) (433) (434) (435) (436) (436) (438) (437 439)
 (440) (441) (442) (440) (442 444) (445) (443 446) (443 446) (447 448) (449)
 (450) (451) (452) (453) (454) (454) (452) (457 455 456) (458) (458) (459 460)
 (461) (462) (462) (463 464) (463 464) (465 466) (465 466) (467 468) (469)
 (470) (471) (472) (472) (474) (473 475) (476) (477) (478) (479) (480) (481)
 (480) (481 483) (482 484) (485) (486) (487) (488) (489) (490) (491) (491)
 (491) (492 494) (492 494) (493 495 496) (497) (498) (499))