(NIL (1) (2) (3) (4) (5) (6) (7) (8) (9) (10) (11) (11) (12 13) (14) (15) (16)
 (17) (18) (19) (20) (21) (21) (22 23) (24) (25) (26) (27) (28) (29) (30) (31)
 (32) (33) (34) (35) (36) (37) (38) (39) (40) (40) (42) (41 43) (44) (44) (46)
 (46) (45 48) (49 47) (50) (50) (51 52) (53) (54) (55) (56) (57) (58) (59) (59)
 (61) (60 62) (63) (64) (63) (65 66) (67) (65 66) (68 69) (70) (71) (72) (73)
 (74) (75) (76) (77) (77) (78 79) (80) (81) (82) (83) (84) (85) (86) (87) (88)
 (89) (90) (90) (91 92) (93) (93) (94 95) (96) (97) (98) (99) (99) (101)
 (100 102) (103) (104) (105) (106) (105) (106 108) (106 108) (109 110) (111)
 (112) (113 107) (114) (115) (115) (116 117) (117) (118 119) (118 119)
 (121 120) (122) (123) (123) (124 125) (126) (126) (127 128) (129) (130) (131)
 (132) (133) (134) (135) (136) (137) (137) (138 139) (140) (141) (142) (143)
 (144) (144) (146) (145 147) (148) (149) (150) (151) (152) (153) (154) (155)
 (156) (157) (158) (159) (160) (161) (162) (162) (164) (165) (163 166) (167)
 (168) (169) (170) (170) (171 172) (173) (174) (175) (176) (177) (178) (179)
 (180) (181) (181) (182 183) (184) (185) (186) (187) (187) (186) (188 189 190)
 (188 190) (191 192) (193) (194) (195) (196) (196) (197 198) (199) (200) (201)
 (202) (202) (203 204) (205) (206) (207) (207) (209 208) (210) (211) (212)
 (213) (214) (215) (214) (217) (218 216) (219) (220) (221) (222) (223) (224)
 (225) (226) (226) (227 228) (227 228) (229 230) (231) (232) (233) (234) (235)
 (234) (236 237) (238) (239) (240) (239) (242 240) (241 243) (244) (245) (246)
 (247) (248) (248) (249 250) (249 250) (252) (253) (251 254) (255) (256) (257)
 (258) (259) (260) (260) (261 262) (263) (264) (265) (266) (266) (267 268)
 (269) (270) (270) (269) (273 271 272) (274) (275) (276) (277) (278) (279)
 (279) (281 280) (282) (282) (282) (285) (283 286) (284 287) (288) (289) (290)
 (290) (292) (291 293) (294) (295) (296) (297) (298) (296) (299 300) (301)
 (302) (303) (303) (305 304) (306) (307) (308) (309) (310) (311) (311) (313)
 (314 312) (313 312) (315 316) (317) (318) (318) (319 320) (321) (322) (323)
 (322) (323 325) (324 326) (327) (328) (329) (330) (331) (332) (333) (332)
 (334 335) (336) (336) (337 338) (339) (340) (341) (342) (342) (343 344) (345)
 (346) (347) (348) (348) (349 350) (351) (352) (353) (354) (355) (356) (357)
 (357) (358 359) (360) (361) (362) (362) (363 364) (365) (366) (367) (368)
 (369) (370) (371) (370) (371 373) (372 374) (375) (376) (377) (378) (379)
 (380) (379) (381 382) (383) (383) (385 384) (385 384) (386 387) (388) (389)
 (390) (390) (391 392) (393) (394) (395) (396) (397) (398) (399) (399) (401)
 (402 400) (403) (404) (405) (406) (407) (408) (409) (409) (410 411) (412)
 (413) (414) (415) (416) (417) (418) (419) (420) (421) (420) (422 423) (424)
 (425) (426) (427) (428) (428) (430) (429 431) (429 431) (433 432) (433 432)
 (434 435) (436) (437) (438) (439) (439) (441 440) (442) (443) (444) (445)
 (446) (447) (448) (449) (450) (451) (452) (451) (453 454) (455) (456) (457)
 (458) (459) (460) (461) (462) (463) (464) (465) (466) (466) (467 468) (469)
 (470) (471) (472) (471) (474 472) (473 475) (476) (477) (478) (479) (480)
 (481) (482) (483) (484) (485) (486) (486) (487 488) (489) (487 488) (490 491)
 (492) (493) (494) (494) (495 496) (497) (498) (499))