(NIL NIL (1 2) NIL (1 4) NIL (4 6) (2 6) (1 6) (7 5 9) (8 3 9) NIL (6 12)
 (4 12) (13 7 14) (2 12) (13 8 16) NIL (12 18) (6 18) (19 13 20) (4 18)
 (19 14 22) (7 20 22) (21 23 15 24) (2 18) (19 16 26) (8 20 26) (21 27 17 28)
 (1 18) (20 9 30) (5 22 30) (10 24 31 32) (3 26 30) (34 11 28 31) NIL (18 36)
 (12 36) (37 19 38) (6 36) (37 20 40) (13 38 40) (39 41 21 42) (2 36)
 (37 26 44) (38 44 16) (45 46 39 27) (8 40 44) (45 48 41 28) (46 17 48 42)
 (47 49 29 43 50) (1 36) (37 52 30) (52 9 40) (53 41 54 31) (3 52 44)
 (45 34 53 56) (48 11 54 56) (57 58 35 49 55) NIL (36 60) (18 60) (61 37 62)
 (12 60) (61 38 64) (19 62 64) (63 65 39 66) (6 60) (61 40 68) (62 68 20)
 (69 70 63 41) (13 64 68) (69 72 65 42) (70 21 72 66) (71 73 43 67 74) (4 60)
 (62 22 76) (14 64 76) (77 78 23 66) (7 76 68) (77 70 80 24) (80 78 15 72)
 (79 81 74 25 82) (2 60) (61 84 44) (62 26 84) (45 85 63 86) (16 64 84)
 (85 46 88 65) (86 88 27 66) (47 89 87 67 90) (8 84 68) (69 85 48 92)
 (70 92 28 86) (93 94 71 49 87) (88 17 72 92) (93 89 96 73 50) (94 96 74 29 90)
 (51 75 91 95 97 98) (1 60) (61 100 52) (62 100 30) (101 63 53 102) (9 100 68)
 (69 101 54 104) (70 102 31 104) (105 106 71 103 55) (5 100 76) (77 108 102 32)
 (10 108 80 104) (33 106 81 110 109) (3 100 84) (85 112 101 56) (86 112 102 34)
 (57 113 87 103 114) (112 104 11 92) (93 58 116 105 113) (94 35 116 114 106)
 (115 117 118 59 95 107) NIL (60 120) (36 120) (121 61 122) (18 120)
 (121 62 124) (37 122 124) (123 125 63 126) (12 120) (121 64 128) (122 128 38)
 (129 130 123 65) (19 124 128) (129 132 125 66) (130 39 132 126)
 (131 133 67 127 134) (6 120) (121 136 68) (122 40 136) (69 137 123 138)
 (20 124 136) (137 70 140 125) (138 140 41 126) (71 141 139 127 142)
 (13 136 128) (129 137 72 144) (130 144 42 138) (145 146 131 73 139)
 (140 21 132 144) (145 141 148 133 74) (146 148 134 43 142)
 (75 135 143 147 149 150) (4 120) (121 152 76) (22 124 152) (77 153 125 154)
 (14 152 128) (129 78 156 153) (156 154 132 23) (157 79 133 155 158)
 (7 152 136) (137 153 80 160) (154 140 24 160) (161 81 155 141 162)
 (160 15 156 144) (145 161 164 157 82) (164 162 148 158 25)
 (149 83 159 163 165 166) (2 120) (121 168 84) (122 168 44) (85 169 123 170)
 (26 124 168) (169 86 172 125) (45 170 172 126) (87 173 171 127 174)
 (16 168 128) (129 169 88 176) (130 176 170 46) (177 178 131 89 171)
 (172 132 27 176) (177 173 180 133 90) (178 47 180 134 174)
 (175 179 181 182 135 91) (8 168 136) (137 169 184 92) (138 48 184 170)
 (93 185 139 171 186) (172 140 28 184) (185 94 188 141 173)
 (186 188 49 142 174) (175 187 189 190 143 95) (184 17 176 144)
 (145 177 96 192 185) (146 186 192 50 178) (179 187 193 194 147 97)
 (180 148 192 29 188) (181 189 193 196 149 98) (182 51 190 194 196 150)
 (183 151 191 195 197 198 99) (1 120) (121 100 200) (122 52 200)
 (201 202 123 101) (124 30 200) (201 204 125 102) (202 204 53 126)
 (203 205 103 127 206) (9 200 136) (137 201 208 104) (138 208 54 202)
 (105 209 139 203 210) (204 140 31 208) (209 106 212 141 205)
 (210 212 142 55 206) (207 211 213 214 143 107) (5 200 152) (153 201 108 216)
 (154 204 216 32) (217 205 155 109 218) (208 10 216 160) (161 209 220 110 217)
 (33 162 212 220 218) (222 213 163 221 219 111) (3 200 168) (169 201 224 112)
 (170 224 202 56) (113 225 171 203 226) (34 172 224 204) (225 114 228 173 205)
 (57 226 228 174 206) (115 229 230 175 227 207) (224 208 11 184)
 (185 209 225 116 232) (186 232 210 226 58) (227 117 233 234 211 187)
 (212 35 188 228 232) (229 118 233 236 213 189) (230 234 236 59 190 214)
 (119 231 235 237 238 191 215) NIL (240 120) (240 60) (241 121 242) (240 36)
 (241 122 244) (61 242 244) (243 245 123 246) (240 18) (241 124 248)
 (242 248 62) (249 250 243 125) (37 244 248) (249 252 245 126) (250 63 252 246)
 (251 253 127 247 254) (240 12) (241 256 128) (242 64 256) (129 257 243 258)
 (38 244 256) (257 130 260 245) (258 260 65 246) (131 261 259 247 262)
 (19 256 248) (249 257 132 264) (250 264 66 258) (265 266 251 133 259)
 (39 252 260 264) (265 261 268 253 134) (266 268 254 67 262)
 (135 255 263 267 269 270) (240 6) (241 272 136) (242 272 68) (137 273 243 274)
 (40 244 272) (273 138 276 245) (69 274 276 246) (139 277 275 247 278)
 (20 272 248) (249 273 140 280) (250 280 274 70) (281 282 251 141 275)
 (276 252 41 280) (281 277 284 253 142) (282 71 284 254 278)
 (279 283 285 286 255 143) (13 272 256) (257 273 288 144) (258 72 288 274)
 (145 289 259 275 290) (276 260 42 288) (289 146 292 261 277)
 (290 292 73 262 278) (279 291 293 294 263 147) (288 21 280 264)
 (265 281 148 296 289) (266 290 296 74 282) (283 291 297 298 267 149)
 (284 268 296 43 292) (285 293 297 300 269 150) (286 75 294 298 300 270)
 (287 271 295 299 301 302 151) (240 4) (241 304 152) (242 304 76)
 (153 305 243 306) (304 22 248) (249 154 308 305) (77 250 308 306)
 (251 307 309 155 310) (14 304 256) (257 305 156 312) (258 312 306 78)
 (313 314 259 157 307) (312 308 23 264) (265 313 316 309 158)
 (266 79 316 310 314) (311 315 317 318 159 267) (7 304 272) (273 305 320 160)
 (274 80 320 306) (161 321 275 307 322) (320 308 24 280) (281 162 324 309 321)
 (282 324 81 310 322) (311 283 323 325 326 163) (320 15 312 288)
 (289 313 164 328 321) (290 322 328 82 314) (315 323 291 329 330 165)
 (324 316 328 25 296) (317 329 325 297 332 166) (318 83 326 330 298 332)
 (319 334 327 331 333 299 167) (240 2) (241 336 168) (242 336 84)
 (169 337 243 338) (336 244 44) (337 170 340 245) (85 338 340 246)
 (171 341 339 247 342) (336 26 248) (249 337 172 344) (250 344 338 86)
 (345 346 251 173 339) (45 340 252 344) (345 341 348 253 174)
 (346 87 348 254 342) (175 343 347 349 350 255) (16 336 256) (257 337 352 176)
 (258 352 88 338) (177 353 259 339 354) (46 340 260 352) (341 178 356 261 353)
 (354 356 89 262 342) (343 179 355 357 358 263) (352 344 27 264)
 (265 345 180 353 360) (266 360 90 354 346) (347 181 355 361 362 267)
 (348 356 47 268 360) (349 182 357 361 364 269) (350 358 91 362 364 270)
 (351 183 359 363 365 366 271) (8 336 272) (273 337 368 184) (274 368 338 92)
 (185 369 275 339 370) (48 340 276 368) (341 186 372 277 369)
 (93 370 372 278 342) (371 373 279 343 187 374) (368 344 28 280)
 (281 345 188 369 376) (282 376 370 346 94) (371 377 378 283 189 347)
 (372 348 284 49 376) (373 377 285 380 349 190) (374 378 380 286 350 95)
 (375 379 381 382 351 287 191) (368 17 352 288) (289 353 384 369 192)
 (384 290 96 370 354) (371 355 385 386 291 193) (372 356 292 50 384)
 (373 293 385 388 357 194) (374 386 388 294 97 358)
 (295 375 387 389 390 359 195) (376 384 360 29 296) (377 385 361 392 297 196)
 (378 362 386 392 298 98) (379 387 393 394 299 197 363)
 (300 380 51 388 392 364) (301 381 389 393 396 365 198)
 (382 366 390 394 396 302 99) (383 303 199 391 395 397 398 367) NIL (400 240)
 (400 120) (241 402 401) (400 60) (242 404 401) (121 402 404) (403 405 243 406)
 (400 36) (244 401 408) (402 408 122) (409 410 403 245) (61 404 408)
 (409 412 405 246) (410 123 412 406) (411 413 247 407 414) (400 18)
 (416 401 248) (402 124 416) (249 417 403 418) (62 404 416) (417 250 420 405)
 (418 420 125 406) (251 421 419 407 422) (37 416 408) (409 417 252 424)
 (410 424 126 418) (425 426 411 253 419) (420 63 412 424) (425 421 428 413 254)
 (426 428 414 127 422) (255 415 423 427 429 430) (400 12) (432 401 256)
 (402 432 128) (257 433 403 434) (404 64 432) (433 258 436 405)
 (129 434 436 406) (259 437 435 407 438) (38 432 408) (409 433 260 440)
 (410 440 434 130) (441 442 411 261 435) (412 65 436 440) (441 437 444 413 262)
 (442 131 444 414 438) (439 443 445 446 415 263) (19 432 416) (417 433 448 264)
 (418 132 448 434) (265 449 419 435 450) (436 420 66 448) (449 266 437 421 452)
 (450 452 133 422 438) (439 451 453 454 423 267) (39 440 448 424)
 (425 441 268 449 456) (426 456 134 450 442) (443 451 457 458 427 269)
 (452 428 444 67 456) (445 453 457 460 429 270) (446 135 454 458 460 430)
 (447 431 455 459 461 462 271) (400 6) (464 401 272) (402 464 136)
 (273 465 403 466) (464 404 68) (465 274 468 405) (137 466 468 406)
 (275 469 467 407 470) (464 40 408) (409 465 276 472) (410 472 466 138)
 (473 474 411 277 467) (69 468 412 472) (473 469 476 413 278)
 (474 139 476 414 470) (279 471 475 477 478 415) (20 464 416) (417 465 480 280)
 (418 480 140 466) (281 481 419 467 482) (70 468 420 480) (469 282 484 421 481)
 (482 484 141 422 470) (471 283 483 485 486 423) (480 472 41 424)
 (425 473 284 481 488) (426 488 142 482 474) (475 285 483 489 490 427)
 (476 484 71 428 488) (477 286 485 489 492 429) (478 486 143 490 492 430)
 (479 287 487 491 493 494 431) (13 464 432) (433 465 496 288) (434 496 466 144)
 (289 497 435 467 498) (72 468 436 496) (469 290 500 437 497)
 (145 498 500 438 470) (499 501 439 471 291 502) (496 472 42 440)
 (441 473 292 497 504) (442 504 498 474 146) (499 505 506 443 293 475)
 (500 476 444 73 504) (501 505 445 508 477 294) (502 506 508 446 478 147)
 (503 507 509 510 479 447 295) (496 21 480 448) (449 481 512 497 296)
 (512 450 148 498 482) (499 483 513 514 451 297) (500 484 452 74 512)
 (453 501 513 516 485 298) (502 514 516 454 149 486)
 (455 503 515 517 518 487 299) (504 512 488 43 456) (505 513 489 520 457 300)
 (506 514 520 458 150 490) (507 515 521 522 459 301 491)
 (460 508 75 516 520 492) (461 509 517 521 524 493 302)
 (510 494 518 522 524 462 151) (511 463 303 519 523 525 526 495) (400 4)
 (528 401 304) (402 528 152) (305 529 403 530) (528 404 76) (529 306 532 405)
 (153 530 532 406) (307 533 531 407 534) (528 22 416) (417 529 308 536)
 (418 536 530 154) (537 538 419 309 531) (77 532 420 536) (537 533 540 421 310)
 (538 155 540 422 534) (311 535 539 541 542 423) (14 528 432) (433 529 544 312)
 (434 544 156 530) (313 545 435 531 546) (78 532 436 544) (533 314 548 437 545)
 (546 548 157 438 534) (439 535 315 547 549 550) (544 536 23 448)
 (449 537 316 545 552) (450 552 158 546 538) (539 317 547 451 553 554)
 (540 548 79 452 552) (541 318 549 553 453 556) (542 550 159 554 556 454)
 (455 543 319 551 555 557 558) (7 528 464) (465 529 560 320) (466 560 530 160)
 (321 561 467 531 562) (80 532 468 560) (533 322 564 469 561)
 (161 562 564 470 534) (563 565 471 535 323 566) (560 536 24 480)
 (481 537 324 561 568) (482 568 562 538 162) (563 569 570 539 483 325)
 (564 540 484 81 568) (565 569 572 541 485 326) (566 570 572 542 486 163)
 (487 567 571 573 574 543 327) (560 15 544 496) (497 545 576 561 328)
 (576 498 164 562 546) (499 563 577 578 547 329) (564 548 500 82 576)
 (501 577 565 580 549 330) (566 578 580 550 165 502)
 (503 567 579 581 582 551 331) (568 576 552 25 512) (577 569 513 584 553 332)
 (578 570 514 584 554 166) (571 515 579 585 586 555 333)
 (572 83 580 584 516 556) (573 517 585 581 588 557 334)
 (574 582 586 588 558 167 518) (519 575 335 583 587 589 590 559) NIL (592 400)
 (592 240) (593 401 594) (592 120) (402 593 596) (241 596 594)
 (403 597 598 595) (592 60) (593 404 600) (242 594 600) (601 602 405 595)
 (121 596 600) (601 604 597 406) (602 243 604 598) (603 605 407 599 606)
 (592 36) (593 608 408) (244 594 608) (409 609 595 610) (122 596 608)
 (609 410 612 597) (610 612 245 598) (411 613 611 599 614) (61 608 600)
 (601 609 412 616) (602 616 246 610) (617 618 603 413 611) (612 123 604 616)
 (617 613 620 605 414) (618 620 606 247 614) (415 615 619 621 622 607) (592 18)
 (593 624 416) (624 594 248) (417 625 595 626) (124 596 624) (625 418 628 597)
 (249 626 628 598) (419 629 627 599 630) (62 624 600) (601 625 420 632)
 (602 632 626 250) (633 634 603 421 627) (628 604 125 632)
 (633 629 636 605 422) (634 251 636 606 630) (631 635 637 638 423 607)
 (37 624 608) (609 625 640 424) (640 610 252 626) (425 641 611 627 642)
 (628 612 126 640) (641 426 644 613 629) (642 644 253 614 630)
 (631 643 645 646 615 427) (640 63 632 616) (617 633 428 641 648)
 (618 648 642 254 634) (635 643 649 650 619 429) (636 644 620 127 648)
 (637 645 649 652 621 430) (638 255 646 650 652 622)
 (639 623 647 651 653 654 431) (592 12) (593 656 432) (656 594 256)
 (433 657 595 658) (596 656 128) (657 434 660 597) (257 658 660 598)
 (435 661 659 599 662) (64 656 600) (601 657 436 664) (602 658 664 258)
 (665 666 603 437 659) (129 604 660 664) (665 661 668 605 438)
 (666 259 668 606 662) (439 663 667 669 670 607) (38 656 608) (609 657 672 440)
 (610 260 672 658) (441 673 611 659 674) (130 612 660 672)
 (673 442 676 613 661) (674 676 261 614 662) (663 443 675 677 678 615)
 (664 65 672 616) (617 665 444 673 680) (618 674 680 262 666)
 (667 445 675 681 682 619) (131 620 680 668 676) (669 446 677 681 684 621)
 (670 678 263 682 684 622) (671 447 679 683 685 686 623) (19 656 624)
 (625 657 688 448) (626 658 688 264) (449 689 627 659 690) (628 132 660 688)
 (689 450 692 629 661) (265 690 692 630 662) (691 693 631 663 451 694)
 (664 66 688 632) (633 665 452 689 696) (634 666 690 696 266)
 (691 697 698 635 453 667) (636 133 696 668 692) (693 697 637 700 669 454)
 (694 698 700 638 670 267) (695 699 701 702 671 639 455) (39 672 688 640)
 (641 673 704 689 456) (690 642 268 704 674) (691 675 705 706 643 457)
 (644 704 134 676 692) (693 705 708 645 677 458) (694 706 708 646 269 678)
 (647 695 707 709 710 679 459) (680 696 704 67 648) (697 705 681 712 649 460)
 (698 706 712 650 682 270) (699 707 713 714 651 461 683)
 (684 700 135 708 712 652) (653 701 709 713 716 685 462)
 (702 686 710 714 716 654 271) (655 703 463 711 715 717 718 687) (592 6)
 (593 720 464) (720 594 272) (465 721 595 722) (720 596 136) (721 466 724 597)
 (273 722 724 598) (467 725 723 599 726) (720 68 600) (601 721 468 728)
 (722 602 728 274) (729 730 603 469 723) (137 604 724 728)
 (729 725 732 605 470) (730 275 732 606 726) (727 471 731 733 734 607)
 (720 40 608) (609 721 736 472) (610 276 736 722) (473 737 611 723 738)
 (138 612 724 736) (737 474 725 740 613) (738 740 277 614 726)
 (727 475 739 741 742 615) (69 728 736 616) (617 729 737 476 744)
 (738 618 744 278 730) (731 477 739 745 746 619) (139 620 732 740 744)
 (733 478 741 745 748 621) (279 734 742 746 748 622)
 (479 735 743 747 749 750 623) (20 720 624) (625 721 752 480) (722 626 752 280)
 (481 753 627 723 754) (140 628 724 752) (753 482 725 756 629)
 (281 754 756 630 726) (755 757 758 727 483 631) (70 728 752 632)
 (633 729 484 753 760) (730 634 760 754 282) (755 761 762 635 485 731)
 (756 636 141 732 760) (757 761 637 764 733 486) (758 762 283 764 638 734)
 (759 763 765 766 639 735 487) (736 41 752 640) (641 737 753 768 488)
 (642 284 768 754 738) (755 739 769 770 643 489) (756 644 740 142 768)
 (645 757 769 772 741 490) (758 285 770 772 646 742)
 (647 759 771 773 774 743 491) (768 71 744 760 648) (761 769 745 776 649 492)
 (746 762 286 770 776 650) (763 771 777 778 651 493 747)
 (748 764 772 143 776 652) (653 765 773 777 780 749 494)
 (766 287 750 774 778 780 654) (767 751 655 775 779 781 782 495) (13 720 656)
 (657 721 784 496) (722 658 784 288) (497 785 659 723 786) (660 724 784 144)
 (785 498 725 788 661) (289 786 788 662 726) (787 789 663 727 499 790)
 (72 728 784 664) (665 729 500 785 792) (730 666 786 792 290)
 (787 501 793 794 667 731) (145 668 732 788 792) (789 502 793 669 796 733)
 (790 794 796 670 734 291) (503 791 795 797 798 671 735) (784 736 42 672)
 (673 737 800 785 504) (674 786 292 800 738) (787 505 739 801 802 675)
 (146 676 740 788 800) (789 506 801 804 741 677) (790 802 804 293 678 742)
 (679 791 507 803 805 806 743) (744 73 800 792 680) (793 508 801 745 808 681)
 (746 794 802 294 808 682) (795 509 803 809 810 683 747)
 (748 796 804 808 147 684) (685 797 510 805 809 812 749)
 (798 750 806 295 810 812 686) (799 751 511 807 811 813 814 687)
 (21 752 784 688) (689 753 816 785 512) (690 786 816 754 296)
 (817 818 787 691 755 513) (148 692 756 788 816) (817 820 757 789 514 693)
 (818 820 790 758 297 694) (695 819 821 759 791 515 822) (760 816 74 792 696)
 (817 793 824 697 761 516) (818 762 824 698 794 298)
 (819 825 826 795 517 699 763) (764 824 700 820 149 796)
 (821 825 797 828 765 701 518) (822 826 828 798 702 766 299)
 (823 827 829 830 799 703 519 767) (768 800 816 43 704)
 (817 769 832 705 801 520) (818 802 832 706 770 300)
 (819 707 771 833 834 803 521) (820 708 804 832 772 150)
 (821 709 805 833 836 773 522) (822 774 834 836 806 301 710)
 (711 775 823 835 837 838 807 523) (824 808 75 832 776 712)
 (809 825 833 777 840 713 524) (778 826 840 834 810 714 302)
 (827 835 841 842 811 525 715 779) (780 840 828 836 812 716 151)
 (813 829 837 717 841 844 781 526) (830 718 838 842 782 844 814 303)
 (831 719 527 839 783 843 845 846 815) (592 4) (593 848 528) (848 594 304)
 (529 849 595 850) (848 596 152) (849 530 852 597) (305 850 852 598)
 (531 853 851 599 854) (848 76 600) (601 849 532 856) (850 602 856 306)
 (857 858 603 533 851) (153 604 852 856) (857 853 860 605 534)
 (858 307 860 606 854) (855 535 859 861 862 607) (848 22 624) (625 849 864 536)
 (626 308 864 850) (537 865 627 851 866) (154 628 852 864)
 (865 538 853 868 629) (866 868 309 630 854) (631 855 539 867 869 870)
 (77 856 864 632) (633 857 865 540 872) (866 634 872 310 858)
 (635 541 867 873 874 859) (155 636 860 868 872) (637 861 542 869 873 876)
 (311 638 862 870 874 876) (543 639 871 875 877 878 863) (14 848 656)
 (657 849 880 544) (850 658 880 312) (545 881 659 851 882) (156 660 852 880)
 (881 546 853 884 661) (313 882 884 662 854) (663 883 885 886 855 547)
 (78 856 880 664) (665 857 548 881 888) (858 666 888 882 314)
 (883 889 890 667 549 859) (884 668 157 860 888) (885 889 669 892 861 550)
 (886 890 315 892 670 862) (887 891 893 894 671 863 551) (864 23 880 688)
 (689 865 881 896 552) (690 316 896 882 866) (691 883 897 898 867 553)
 (884 692 868 158 896) (885 693 897 900 869 554) (886 317 898 900 870 694)
 (887 695 899 901 902 871 555) (896 79 872 888 696) (697 897 889 904 873 556)
 (698 318 890 898 904 874) (699 899 905 906 875 557 891)
 (892 700 900 159 904 876) (701 893 901 905 908 877 558)
 (894 319 702 902 906 908 878) (895 703 903 879 907 909 910 559) (7 848 720)
 (721 849 912 560) (850 722 912 320) (561 913 723 851 914) (724 852 912 160)
 (913 562 853 916 725) (321 914 916 726 854) (915 917 727 855 563 918)
 (80 856 912 728) (729 857 564 913 920) (858 730 914 920 322)
 (915 565 921 922 731 859) (161 732 860 916 920) (917 566 921 733 924 861)
 (918 922 924 734 862 323) (567 919 923 925 926 735 863) (912 864 24 752)
 (753 865 928 913 568) (754 914 324 928 866) (915 569 755 929 930 867)
 (162 756 868 916 928) (757 570 929 932 869 917) (918 930 932 325 870 758)
 (759 919 571 931 933 934 871) (872 81 928 920 760) (761 572 929 921 936 873)
 (762 936 930 326 922 874) (923 573 931 937 938 875 763)
 (924 764 932 936 163 876) (765 925 574 933 937 940 877)
 (926 766 934 327 938 940 878) (927 575 935 767 939 941 942 879)
 (15 880 912 784) (785 881 944 913 576) (786 914 944 882 328)
 (945 946 915 787 577 883) (164 788 884 916 944) (945 948 885 578 917 789)
 (946 948 918 886 329 790) (947 949 887 919 791 579 950) (888 944 82 920 792)
 (945 952 793 921 889 580) (946 952 794 890 922 330)
 (947 891 953 954 923 581 795) (892 924 952 796 948 165)
 (949 953 925 956 893 582 797) (894 950 954 956 926 798 331)
 (951 955 957 958 927 799 583 895) (896 928 944 25 816)
 (817 929 960 897 584 945) (946 818 960 930 898 332)
 (819 899 961 962 931 585 947) (820 960 900 932 948 166)
 (949 933 821 961 964 901 586) (950 962 964 934 902 333 822)
 (903 951 823 963 965 966 935 587) (824 952 936 83 960 904)
 (825 953 961 937 968 905 588) (826 968 906 962 954 938 334)
 (907 955 963 969 970 939 589 827) (956 940 828 964 968 908 167)
 (941 957 590 965 969 972 909 829) (910 958 830 966 970 972 942 335)
 (959 591 967 831 971 973 974 943 911) (592 2) (976 594 336) (976 596 168)
 (337 977 598 978) (976 84 600) (977 602 980 338) (169 978 604 980)
 (339 981 606 979 982) (976 44 608) (977 610 340 984) (170 612 984 978)
 (985 986 979 341 614) (85 980 984 616) (985 618 988 981 342)
 (986 171 620 988 982) (983 343 987 989 990 622) (976 26 624) (977 626 992 344)
 (172 628 992 978) (345 993 979 630 994) (86 980 992 632) (993 634 996 981 346)
 (994 996 636 173 982) (983 347 638 995 997 998) (45 984 992 640)
 (985 642 993 348 1000) (986 644 1000 174 994) (987 349 995 646 1001 1002)
 (87 988 996 1000 648) (989 350 997 1001 650 1004) (1004 175 990 998 1002 652)
 (351 1006 991 999 1003 1005 654) (16 976 656) (977 658 1008 352)
 (978 660 1008 176) (353 1009 979 662 1010) (88 980 1008 664)
 (1009 666 1012 981 354) (177 1010 1012 668 982) (1011 1013 1014 983 670 355)
 (46 984 1008 672) (985 674 356 1009 1016) (178 676 1016 1010 986)
 (1011 1017 1018 987 357 678) (1016 988 89 1012 680)
 (1013 1017 1020 989 358 682) (1014 1018 179 1020 990 684)
 (1015 1019 1021 1022 991 359 686) (992 27 1008 688) (993 690 1009 1024 360)
 (180 692 1024 1010 994) (1011 694 1025 1026 995 361) (1024 1012 996 90 696)
 (1013 698 1025 1028 997 362) (1014 700 181 1026 1028 998)
 (1015 702 1027 1029 1030 999 363) (1024 47 1000 1016 704)
 (1017 1025 706 1032 1001 364) (1018 182 1026 708 1032 1002)
 (1019 1027 710 1033 1034 1003 365) (1020 1028 91 1032 1004 712)
 (1021 1029 1033 714 1036 1005 366) (1036 1022 183 1030 1034 716 1006)
 (1023 1038 1007 1031 1035 1037 718 367) (8 976 720) (977 722 1040 368)
 (978 724 1040 184) (369 1041 979 726 1042) (92 980 1040 728)
 (1041 730 1044 981 370) (185 1042 732 982 1044) (1043 1045 1046 983 371 734)
 (48 984 1040 736) (985 738 372 1041 1048) (186 1042 740 1048 986)
 (1043 373 1049 1050 987 742) (93 988 1048 1044 744)
 (1045 374 1049 1052 989 746) (1046 1050 1052 990 187 748)
 (375 1047 1051 1053 1054 991 750) (1040 992 28 752) (993 754 1056 1041 376)
 (188 1042 756 1056 994) (1043 758 377 1057 1058 995) (94 996 1056 1044 760)
 (1045 762 1057 1060 997 378) (1046 764 1058 1060 189 998)
 (1047 379 766 1059 1061 1062 999) (1000 49 1056 1048 768)
 (1049 380 1057 770 1064 1001) (1050 1058 772 190 1064 1002)
 (1051 381 1059 774 1065 1066 1003) (776 1052 1060 1064 95 1004)
 (1053 382 1061 1065 778 1068 1005) (1068 1054 1062 191 1066 780 1006)
 (1055 1070 383 1063 1067 1069 782 1007) (17 1008 1040 784)
 (1009 786 1072 1041 384) (1010 1042 788 1072 192)
 (1073 1074 1043 790 1011 385) (96 1072 1012 1044 792)
 (1073 1076 1013 794 386 1045) (1074 1076 1014 796 193 1046)
 (1075 1077 1015 1047 798 387 1078) (1016 1072 50 1048 800)
 (1073 1080 1017 802 388 1049) (1074 1080 1050 804 1018 194)
 (1075 1081 1082 1051 389 806 1019) (1076 1080 1020 1052 808 97)
 (1077 1081 1021 1084 1053 390 810) (1078 1082 1084 1022 1054 195 812)
 (1079 1083 1085 1086 1055 1023 391 814) (1024 1056 1072 29 816)
 (1073 818 1057 1088 1025 392) (1074 820 1026 1088 1058 196)
 (1075 822 1027 1089 1090 1059 393) (1076 824 1088 1028 98 1060)
 (1077 826 1089 1092 1029 394 1061) (1078 828 1090 1092 1030 197 1062)
 (1031 1079 830 1091 1093 1094 1063 395) (1080 1064 51 1088 1032 832)
 (1081 1089 834 1065 1096 1033 396) (1082 1096 1090 836 1066 1034 198)
 (1083 1091 838 1097 1098 1067 397 1035) (1068 1084 1092 1096 840 1036 99)
 (1037 1085 1093 1097 842 1100 1069 398)
 (1100 1086 1070 1094 1098 844 1038 199)
 (1039 1087 1102 399 1095 1099 1101 846 1071) (592 1) (1104 596 200)
 (1104 100 600) (201 1105 604 1106) (1104 52 608) (1105 202 1108 612)
 (1106 1108 101 616) (203 620 1109 1107 1110) (1104 30 624) (1105 204 628 1112)
 (1106 1112 102 632) (1113 1114 1107 636 205) (1112 1108 53 640)
 (1113 1116 644 1109 206) (1114 1116 1110 103 648)
 (207 1111 1115 652 1117 1118) (9 1104 720) (1105 1120 724 208)
 (1106 1120 104 728) (209 1121 1107 732 1122) (1120 1108 54 736)
 (1121 210 740 1109 1124) (105 1122 1124 1110 744)
 (1123 1125 1126 211 1111 748) (1120 1112 31 752) (1113 212 756 1128 1121)
 (106 1128 1122 1114 760) (1123 1129 1130 764 213 1115) (1124 1116 1128 55 768)
 (1125 1129 1132 772 214 1117) (1126 1130 1132 776 107 1118)
 (1127 1131 1133 1134 215 780 1119) (5 1104 848) (1105 1136 852 216)
 (1106 108 1136 856) (217 1137 1107 860 1138) (1136 1112 32 864)
 (1113 218 868 1140 1137) (1114 1140 109 1138 872)
 (1139 1141 1142 219 876 1115) (1136 1120 10 912) (1121 220 916 1144 1137)
 (1122 1138 1144 110 920) (1123 924 1139 1145 1146 221) (33 1140 1128 1144 928)
 (1129 932 1141 1145 1148 222) (1130 1142 936 1146 1148 111)
 (1131 1143 1147 940 1149 1150 223) (3 1104 976) (1105 978 1152 224)
 (1106 980 1152 112) (225 1153 1107 982 1154) (1152 1108 56 984)
 (1153 986 1156 1109 226) (113 1154 988 1156 1110)
 (1155 1157 1158 227 990 1111) (34 1112 1152 992) (1113 994 1153 228 1160)
 (1154 114 996 1160 1114) (1155 229 1161 1162 998 1115)
 (57 1116 1156 1160 1000) (1157 230 1161 1164 1002 1117)
 (115 1158 1162 1164 1004 1118) (231 1159 1163 1165 1166 1006 1119)
 (1152 1120 11 1040) (1121 1042 1153 1168 232) (1154 116 1044 1168 1122)
 (1123 1046 233 1155 1169 1170) (58 1124 1156 1168 1048)
 (1157 1050 1169 1172 234 1125) (117 1126 1052 1170 1172 1158)
 (1127 1159 235 1054 1171 1173 1174) (35 1128 1160 1168 1056)
 (1129 236 1169 1058 1176 1161) (118 1130 1170 1060 1176 1162)
 (1131 237 1171 1062 1177 1178 1163) (1164 1132 59 1172 1064 1176)
 (1133 1165 238 1173 1177 1066 1180) (1180 119 1134 1166 1174 1178 1068)
 (239 1167 1182 1135 1175 1179 1181 1070))