(NIL NIL (1 2) NIL (2 4) (1 4) (5 3 6) NIL (4 8) (2 8) (9 5 10) (1 8) (9 6 12)
 (3 10 12) (11 13 7 14) NIL (8 16) (4 16) (17 9 18) (2 16) (17 10 20) (5 18 20)
 (19 21 11 22) (1 16) (17 12 24) (18 24 6) (25 26 19 13) (3 20 24)
 (25 28 21 14) (26 7 28 22) (27 29 15 23 30) NIL (16 32) (8 32) (33 17 34)
 (4 32) (33 18 36) (9 34 36) (35 37 19 38) (1 32) (33 40 24) (34 12 40)
 (25 41 35 42) (6 36 40) (41 26 44 37) (42 44 13 38) (27 45 43 39 46) NIL
 (32 48) (16 48) (49 33 50) (8 48) (49 34 52) (17 50 52) (51 53 35 54) (4 48)
 (49 36 56) (50 56 18) (57 58 51 37) (9 52 56) (57 60 53 38) (58 19 60 54)
 (59 61 39 55 62) (2 48) (50 20 64) (10 52 64) (65 66 21 54) (5 64 56)
 (65 58 68 22) (66 11 60 68) (67 69 62 23 70) (1 48) (49 72 40) (50 72 24)
 (41 73 51 74) (12 52 72) (73 42 76 53) (25 74 76 54) (43 77 75 55 78)
 (6 72 56) (57 73 44 80) (58 80 74 26) (81 82 59 45 75) (76 60 13 80)
 (81 77 84 61 46) (82 27 84 62 78) (83 85 86 63 47 79) (3 72 64) (65 74 28 88)
 (66 76 14 88) (89 90 67 29 78) (88 7 68 80) (89 82 92 69 30) (90 84 70 15 92)
 (86 91 93 94 31 71) NIL (96 48) (96 32) (97 49 98) (96 16) (97 50 100)
 (33 98 100) (99 101 51 102) (96 8) (97 52 104) (98 104 34) (105 106 99 53)
 (17 100 104) (105 108 101 54) (106 35 108 102) (107 109 55 103 110) (96 4)
 (97 112 56) (98 36 112) (57 113 99 114) (18 100 112) (113 58 116 101)
 (114 116 37 102) (59 117 115 103 118) (9 112 104) (105 113 60 120)
 (106 120 38 114) (121 122 107 61 115) (116 19 108 120) (121 117 124 109 62)
 (122 124 110 39 118) (63 111 119 123 125 126) (96 2) (97 128 64) (100 20 128)
 (65 129 101 130) (10 128 104) (105 66 129 132) (130 108 21 132)
 (133 67 109 131 134) (5 128 112) (113 129 68 136) (130 116 22 136)
 (137 69 131 117 138) (11 132 136 120) (121 137 140 133 70)
 (138 124 140 134 23) (125 71 135 139 141 142) (96 1) (97 144 72) (98 144 40)
 (73 145 99 146) (144 100 24) (145 74 148 101) (41 146 148 102)
 (75 149 147 103 150) (144 12 104) (105 145 76 152) (106 152 146 42)
 (153 154 107 77 147) (25 148 108 152) (153 149 156 109 78)
 (154 43 156 110 150) (111 151 155 157 158 79) (6 144 112) (113 145 160 80)
 (114 44 160 146) (81 161 115 147 162) (26 116 160 148) (161 82 164 117 149)
 (162 164 45 118 150) (83 165 119 163 151 166) (160 152 13 120)
 (121 153 161 84 168) (122 168 46 162 154) (163 85 169 170 123 155)
 (156 27 124 164 168) (165 86 169 125 172 157) (166 170 172 158 47 126)
 (87 167 171 173 174 127 159) (3 144 128) (129 145 176 88) (130 176 28 148)
 (89 177 131 149 178) (176 132 14 152) (153 90 177 180 133)
 (178 180 156 29 134) (91 179 181 182 135 157) (7 160 176 136)
 (137 161 177 92 184) (138 184 164 30 178) (165 93 179 185 186 139)
 (180 140 184 15 168) (169 94 181 185 188 141) (172 31 182 186 188 142)
 (173 95 183 187 189 190 143) NIL (96 192) (48 192) (97 194 193) (16 192)
 (100 193 196) (194 196 50) (197 198 195 101) (8 192) (200 193 104)
 (194 52 200) (105 201 195 202) (17 200 196) (197 201 108 204) (198 204 54 202)
 (205 199 109 203 206) (4 192) (208 193 112) (194 208 56) (113 209 195 210)
 (18 208 196) (197 209 116 212) (198 212 210 58) (213 199 117 211 214)
 (9 208 200) (201 209 216 120) (216 202 60 210) (121 217 203 211 218)
 (212 19 204 216) (217 213 124 205 220) (218 220 214 206 62)
 (215 219 221 222 207 125) (2 192) (224 193 128) (194 224 64) (129 225 195 226)
 (20 224 196) (197 130 225 228) (65 198 228 226) (230 199 229 131 227)
 (10 224 200) (201 225 132 232) (202 232 226 66) (233 234 203 133 227)
 (204 21 228 232) (233 229 236 205 134) (234 67 236 206 230)
 (207 231 235 237 238 135) (5 224 208) (209 225 240 136) (210 68 240 226)
 (137 241 211 227 242) (228 212 22 240) (241 138 229 213 244)
 (242 244 69 214 230) (215 231 243 245 246 139) (11 232 240 216)
 (217 233 140 241 248) (218 248 70 242 234) (219 243 249 250 141 235)
 (244 220 236 23 248) (221 237 245 249 252 142) (222 71 238 246 250 252)
 (223 239 247 251 253 254 143) (1 192) (256 193 144) (194 256 72)
 (145 257 195 258) (256 24 196) (197 257 148 260) (198 260 258 74)
 (261 199 149 259 262) (256 12 200) (201 257 264 152) (202 76 264 258)
 (153 265 203 259 266) (25 260 204 264) (265 261 156 205 268)
 (266 262 268 206 78) (263 267 269 270 207 157) (6 256 208) (209 257 272 160)
 (210 272 258 80) (161 273 211 259 274) (26 212 260 272) (273 261 164 213 276)
 (82 274 276 214 262) (165 215 263 275 277 278) (272 264 13 216)
 (217 265 280 273 168) (218 84 274 280 266) (169 219 275 281 282 267)
 (268 27 220 276 280) (221 172 269 277 281 284) (86 270 222 278 282 284)
 (173 271 223 279 283 285 286) (3 256 224) (225 257 288 176) (226 288 258 88)
 (177 289 227 259 290) (28 260 228 288) (289 178 292 229 261)
 (89 290 292 230 262) (291 293 231 263 179 294) (288 264 14 232)
 (233 265 289 180 296) (290 234 296 266 90) (291 297 298 235 181 267)
 (268 236 29 292 296) (293 297 237 300 269 182) (294 298 91 300 238 270)
 (295 299 301 302 271 239 183) (288 7 272 240) (241 273 289 304 184)
 (290 242 92 304 274) (291 275 305 306 243 185) (276 244 292 30 304)
 (277 293 305 308 245 186) (294 93 306 308 246 278)
 (247 295 307 309 310 279 187) (280 296 304 15 248) (297 305 281 312 249 188)
 (298 94 306 282 312 250) (299 307 313 314 251 189 283)
 (252 300 31 308 312 284) (253 301 309 313 316 285 190)
 (302 95 286 310 314 316 254) (303 191 311 315 317 318 287 255) NIL (320 192)
 (96 320) (321 193 322) (320 48) (321 194 324) (97 324 322) (195 325 326 323)
 (320 32) (98 328 322) (49 328 324) (99 329 326 330) (320 16) (321 332 196)
 (332 100 322) (197 333 334 323) (50 332 324) (333 198 325 336)
 (336 101 326 334) (337 338 199 335 327) (33 332 328) (340 329 102 334)
 (51 340 330 336) (338 341 103 331 342) (320 8) (321 344 200) (344 322 104)
 (201 345 323 346) (324 52 344) (345 202 348 325) (105 346 348 326)
 (203 349 347 327 350) (34 328 344) (106 352 329 346) (348 53 330 352)
 (353 354 107 350 331) (17 332 344) (345 204 333 356) (346 108 334 356)
 (357 347 205 358 335) (348 54 356 336) (337 357 349 206 360)
 (338 360 109 350 358) (339 359 361 362 207 351) (35 340 356 352)
 (353 364 341 110 358) (354 364 342 55 360) (355 343 362 365 366 111) (320 4)
 (321 368 208) (368 322 112) (209 369 323 370) (368 324 56) (369 210 372 325)
 (113 370 372 326) (211 373 371 327 374) (36 328 368) (114 376 329 370)
 (57 372 330 376) (377 378 115 374 331) (18 332 368) (369 380 212 333)
 (380 370 116 334) (381 371 213 382 335) (380 58 372 336) (337 381 373 214 384)
 (338 384 117 374 382) (385 386 339 215 375 383) (380 340 37 376)
 (377 388 341 118 382) (378 59 388 342 384) (386 389 390 343 119 379)
 (9 368 344) (345 369 392 216) (346 392 370 120) (217 393 347 371 394)
 (372 60 348 392) (393 218 396 349 373) (121 394 396 350 374)
 (219 397 398 375 395 351) (376 392 38 352) (353 122 400 377 394)
 (354 396 61 400 378) (355 398 401 402 379 123) (380 19 356 392)
 (393 381 220 357 404) (394 124 404 358 382) (359 395 221 405 406 383)
 (404 384 396 62 360) (385 361 397 222 405 408) (386 362 398 406 408 125)
 (387 363 223 399 407 409 410) (364 388 404 39 400) (389 365 401 406 412 126)
 (390 366 63 402 408 412) (391 367 403 410 413 414 127) (320 2) (321 416 224)
 (416 322 128) (225 417 323 418) (324 416 64) (417 226 420 325)
 (129 418 420 326) (227 421 419 327 422) (332 20 416) (417 228 333 424)
 (130 424 334 418) (425 426 419 229 335) (65 420 424 336) (337 425 428 421 230)
 (338 131 428 422 426) (339 231 423 427 429 430) (10 416 344) (345 417 432 232)
 (346 132 432 418) (233 433 347 419 434) (66 348 420 432) (433 234 436 349 421)
 (434 436 133 350 422) (423 235 435 437 438 351) (356 21 432 424)
 (425 433 236 357 440) (426 434 440 358 134) (359 427 237 435 441 442)
 (67 428 440 436 360) (361 429 238 437 441 444) (362 430 438 135 442 444)
 (363 431 239 439 443 445 446) (5 416 368) (369 417 448 240) (370 418 448 136)
 (241 449 371 419 450) (372 68 420 448) (449 242 452 373 421)
 (137 450 452 374 422) (451 453 454 423 243 375) (380 22 448 424)
 (425 449 244 381 456) (138 450 456 382 426) (451 457 458 427 245 383)
 (456 428 69 452 384) (385 453 457 460 429 246) (386 454 458 460 430 139)
 (387 455 459 461 462 431 247) (11 432 448 392) (393 433 464 449 248)
 (450 394 140 464 434) (451 395 465 466 435 249) (396 464 70 436 452)
 (453 397 465 468 437 250) (454 398 466 468 438 141)
 (455 399 467 469 470 439 251) (404 456 464 23 440) (457 465 405 472 441 252)
 (458 466 406 472 442 142) (459 467 407 473 474 443 253)
 (408 460 71 468 472 444) (461 473 469 409 476 445 254)
 (462 470 410 474 476 446 143) (463 478 255 471 411 477 475 447) (320 1)
 (321 480 256) (480 322 144) (257 481 323 482) (324 480 72) (481 258 484 325)
 (145 482 484 326) (259 485 483 327 486) (328 480 40) (146 488 329 482)
 (73 484 330 488) (489 490 147 486 331) (332 480 24) (481 260 333 492)
 (492 482 148 334) (493 483 261 494 335) (74 484 492 336) (337 493 485 262 496)
 (338 496 149 486 494) (339 263 487 495 497 498) (41 340 492 488)
 (489 500 341 150 494) (490 75 500 342 496) (343 491 498 501 502 151)
 (12 480 344) (345 481 504 264) (346 504 482 152) (265 505 347 483 506)
 (76 348 484 504) (505 266 485 349 508) (153 506 508 350 486)
 (487 267 507 509 510 351) (42 488 504 352) (353 154 489 512 506)
 (354 508 77 512 490) (513 514 355 491 155 510) (25 356 492 504)
 (505 493 268 357 516) (506 156 358 516 494) (517 518 359 269 495 507)
 (508 496 78 516 360) (517 520 361 270 497 509) (518 520 362 498 157 510)
 (519 521 522 363 271 499 511) (43 364 500 516 512) (513 518 524 365 501 158)
 (514 520 524 366 502 79) (515 522 525 526 367 503 159) (6 480 368)
 (369 481 528 272) (370 528 482 160) (273 529 371 483 530) (372 484 528 80)
 (529 274 485 373 532) (161 530 532 374 486) (487 275 531 533 534 375)
 (44 488 528 376) (377 162 489 536 530) (81 378 532 536 490)
 (163 491 534 537 538 379) (26 380 492 528) (529 493 276 381 540)
 (530 164 382 540 494) (495 531 277 541 542 383) (540 82 496 532 384)
 (385 497 533 278 541 544) (386 165 498 534 542 544)
 (545 546 387 279 499 535 543) (388 45 500 540 536) (548 389 166 501 537 542)
 (83 548 390 502 538 544) (546 549 391 167 503 539 550) (504 13 528 392)
 (393 505 552 529 280) (394 530 552 506 168) (553 554 395 531 281 507)
 (84 396 508 532 552) (553 556 397 533 282 509) (169 554 556 398 534 510)
 (555 557 558 399 535 283 511) (552 512 46 536 400) (513 170 560 401 554 537)
 (514 85 556 560 402 538) (515 171 558 561 562 403 539) (540 27 404 516 552)
 (517 553 564 405 284 541) (518 554 172 564 406 542)
 (519 555 565 566 407 285 543) (86 520 556 564 408 544)
 (545 521 557 565 568 409 286) (546 522 173 558 566 568 410)
 (547 523 559 567 569 570 411 287) (548 524 560 564 47 412)
 (549 525 174 561 566 572 413) (550 87 526 562 568 572 414)
 (551 527 563 175 570 573 574 415) (3 480 416) (417 481 576 288)
 (418 576 482 176) (289 577 419 483 578) (576 420 484 88) (577 290 580 485 421)
 (177 578 580 422 486) (291 581 423 487 579 582) (576 28 492 424)
 (425 577 292 493 584) (426 584 578 494 178) (579 293 585 586 427 495)
 (89 584 580 428 496) (581 294 585 588 429 497) (582 586 588 430 498 179)
 (295 583 587 589 590 431 499) (576 504 14 432) (433 505 592 577 296)
 (592 434 180 578 506) (579 297 593 594 435 507) (580 90 436 508 592)
 (581 298 593 596 437 509) (582 594 596 181 438 510)
 (583 299 595 597 598 439 511) (584 592 516 29 440) (517 585 300 593 600 441)
 (518 586 594 182 600 442) (519 587 301 595 601 602 443)
 (520 91 588 596 600 444) (521 589 302 597 601 604 445)
 (522 590 598 183 602 604 446) (523 591 303 599 603 605 606 447)
 (7 528 576 448) (449 529 608 577 304) (450 530 608 578 184)
 (609 610 451 579 305 531) (580 92 452 532 608) (609 612 581 306 533 453)
 (610 612 582 534 185 454) (611 613 455 583 307 535 614) (584 608 540 30 456)
 (609 616 457 585 308 541) (610 616 458 586 186 542)
 (611 617 618 459 309 587 543) (616 612 460 588 93 544)
 (545 613 617 461 620 589 310) (546 614 618 620 462 590 187)
 (547 615 619 621 622 591 463 311) (592 608 552 15 464)
 (609 593 553 624 465 312) (610 594 554 624 466 188)
 (611 555 595 625 626 467 313) (612 556 94 624 596 468)
 (613 597 557 625 628 469 314) (614 558 626 628 470 189 598)
 (471 615 559 627 629 630 599 315) (616 472 31 624 564 600)
 (617 625 601 565 632 473 316) (618 632 626 566 602 474 190)
 (619 627 567 633 634 475 317 603) (632 476 620 95 628 568 604)
 (477 621 633 629 569 636 605 318) (622 606 630 634 570 636 478 191)
 (479 623 638 319 631 571 637 635 607) NIL (640 320) (640 96) (641 322 642)
 (640 48) (324 641 644) (97 644 642) (643 645 326 646) (640 32) (328 641 648)
 (98 648 642) (643 649 329 650) (49 648 644) (645 649 652 330) (646 99 652 650)
 (647 653 651 331 654) (640 16) (332 641 656) (656 100 642) (643 657 334 658)
 (50 656 644) (645 657 660 336) (646 660 101 658) (338 647 661 659 662)
 (33 656 648) (649 657 340 664) (650 664 102 658) (665 666 651 341 659)
 (660 51 652 664) (665 661 668 653 342) (666 668 654 103 662)
 (343 663 667 669 670 655) (640 8) (672 641 344) (104 672 642)
 (643 346 673 674) (52 672 644) (645 673 348 676) (105 646 676 674)
 (675 647 677 350 678) (34 672 648) (649 673 680 352) (650 674 680 106)
 (353 681 651 675 682) (652 53 676 680) (681 354 684 653 677)
 (682 107 684 654 678) (355 679 683 685 686 655) (17 672 656) (657 673 356 688)
 (658 108 688 674) (675 689 659 358 690) (660 54 676 688) (689 677 692 661 360)
 (690 692 109 662 678) (691 693 694 362 663 679) (35 680 688 664)
 (665 681 364 689 696) (666 690 696 110 682) (691 697 698 365 667 683)
 (668 692 696 55 684) (693 697 700 366 669 685) (694 698 700 111 670 686)
 (695 699 701 702 367 671 687) (640 4) (704 641 368) (112 704 642)
 (643 370 705 706) (56 704 644) (645 705 372 708) (113 646 708 706)
 (710 647 709 374 707) (36 704 648) (649 705 712 376) (650 712 706 114)
 (377 713 651 707 714) (57 652 708 712) (713 378 709 653 716)
 (714 115 716 654 710) (711 715 717 718 379 655) (18 704 656) (657 705 380 720)
 (658 116 720 706) (721 722 659 382 707) (58 660 708 720) (721 709 724 661 384)
 (722 724 117 662 710) (386 711 663 723 725 726) (712 37 720 664)
 (665 713 388 721 728) (666 728 118 722 714) (389 715 723 667 729 730)
 (724 59 668 716 728) (390 717 725 729 669 732) (718 726 119 730 732 670)
 (671 391 719 727 731 733 734) (9 704 672) (673 705 736 392) (674 736 706 120)
 (737 394 675 707 738) (60 676 708 736) (737 709 396 677 740)
 (121 738 740 678 710) (739 741 742 711 398 679) (736 712 38 680)
 (681 713 744 737 400) (682 738 744 714 122) (739 745 746 715 401 683)
 (684 61 716 740 744) (741 745 748 717 402 685) (742 746 748 718 123 686)
 (743 747 749 750 719 403 687) (19 720 736 688) (689 721 404 737 752)
 (690 738 124 752 722) (739 691 753 754 723 406) (724 692 62 740 752)
 (693 753 756 725 408 741) (742 754 756 726 125 694)
 (695 743 755 757 758 727 410) (728 744 752 39 696) (697 753 745 760 729 412)
 (698 760 754 746 730 126) (747 755 761 762 731 413 699)
 (748 700 63 756 760 732) (701 749 757 761 764 733 414)
 (750 702 758 762 764 734 127) (751 703 759 735 763 765 766 415) (640 2)
 (768 641 416) (128 768 642) (643 418 769 770) (64 768 644) (645 769 420 772)
 (129 646 772 770) (647 771 773 422 774) (20 768 656) (657 769 776 424)
 (658 776 770 130) (777 426 659 771 778) (65 772 660 776) (777 773 428 661 780)
 (778 131 780 662 774) (775 779 781 430 663 782) (10 768 672) (673 769 784 432)
 (784 674 132 770) (785 434 675 771 786) (772 66 676 784) (785 773 436 677 788)
 (786 788 133 678 774) (775 787 789 438 679 790) (784 776 21 688)
 (689 777 792 785 440) (690 792 786 134 778) (691 779 787 794 793 442)
 (780 788 67 692 792) (796 693 781 789 793 444) (694 782 790 135 794 796)
 (695 783 798 791 795 797 446) (5 768 704) (705 769 800 448) (706 800 770 136)
 (801 450 707 771 802) (772 708 68 800) (801 773 452 709 804)
 (137 802 804 710 774) (803 805 454 775 711 806) (800 776 22 720)
 (721 777 808 801 456) (722 808 778 802 138) (803 809 458 779 723 810)
 (780 804 724 69 808) (812 805 809 460 781 725) (806 810 812 782 726 139)
 (807 811 813 462 783 814 727) (800 11 784 736) (737 785 816 801 464)
 (738 140 802 816 786) (739 818 803 817 466 787) (788 804 740 70 816)
 (741 817 468 789 805 820) (806 818 820 790 141 742)
 (743 807 819 821 470 791 822) (808 792 816 23 752) (817 809 472 753 824 793)
 (818 810 754 824 794 142) (811 755 819 826 825 474 795)
 (812 71 756 824 820 796) (828 813 757 825 821 476 797)
 (814 822 826 828 798 143 758) (759 815 830 823 827 829 478 799) (640 1)
 (832 641 480) (832 144 642) (643 482 833 834) (832 72 644) (645 833 836 484)
 (145 646 836 834) (837 647 835 486 838) (832 40 648) (649 833 840 488)
 (650 840 834 146) (489 841 651 835 842) (73 836 652 840) (837 490 841 844 653)
 (842 147 844 654 838) (839 491 845 846 843 655) (832 24 656) (657 833 492 848)
 (658 848 148 834) (849 850 659 835 494) (74 836 660 848) (849 837 852 661 496)
 (850 852 149 662 838) (839 663 498 851 853 854) (41 848 840 664)
 (665 841 849 500 856) (666 856 150 850 842) (843 851 667 501 857 858)
 (75 668 844 852 856) (845 853 502 857 669 860) (846 854 151 858 860 670)
 (855 671 847 503 859 861 862) (832 12 672) (673 833 864 504) (674 864 834 152)
 (865 506 675 835 866) (76 836 676 864) (865 837 508 677 868)
 (153 866 868 678 838) (867 869 870 839 679 510) (42 864 840 680)
 (681 841 872 865 512) (682 872 866 842 154) (513 867 873 874 843 683)
 (868 844 684 77 872) (514 869 873 876 845 685) (870 874 876 846 155 686)
 (515 871 875 877 878 847 687) (25 864 848 688) (689 849 516 880 865)
 (690 156 866 880 850) (691 518 867 881 882 851) (868 852 692 78 880)
 (693 520 881 884 853 869) (870 882 884 854 157 694)
 (695 871 522 883 885 886 855) (872 43 856 880 696) (697 524 881 873 888 857)
 (698 888 882 874 858 158) (699 525 883 889 890 859 875)
 (700 876 884 888 860 79) (877 701 526 885 889 892 861)
 (878 702 886 890 892 862 159) (879 703 527 887 891 893 894 863) (6 832 704)
 (705 833 896 528) (706 896 834 160) (897 530 707 835 898) (896 836 708 80)
 (897 837 532 709 900) (161 898 900 710 838) (899 901 711 839 534 902)
 (896 840 44 712) (713 841 897 904 536) (898 714 904 842 162)
 (899 905 906 715 537 843) (81 844 716 900 904) (901 905 717 908 845 538)
 (163 902 906 908 718 846) (903 907 909 910 847 719 539) (26 848 896 720)
 (721 849 897 540 912) (898 722 164 912 850) (899 851 913 914 723 542)
 (82 852 724 900 912) (901 913 916 853 725 544) (165 902 914 916 726 854)
 (546 727 903 915 917 918 855) (856 45 912 904 728) (548 905 913 857 920 729)
 (166 906 914 920 730 858) (549 907 915 921 922 731 859)
 (83 860 908 916 920 732) (550 733 909 917 921 924 861)
 (167 910 862 918 922 924 734) (551 911 735 919 923 925 926 863)
 (896 864 13 736) (737 865 897 928 552) (898 738 928 866 168)
 (929 930 739 554 867 899) (84 740 900 868 928) (929 932 869 556 741 901)
 (930 932 902 870 169 742) (931 933 871 903 743 558 934) (872 904 46 928 744)
 (929 905 936 745 560 873) (930 936 906 170 746 874)
 (931 937 938 747 561 875 907) (748 85 936 876 932 908)
 (933 937 749 940 909 562 877) (934 938 171 940 910 750 878)
 (935 939 941 942 911 563 879 751) (27 880 912 928 752)
 (929 881 944 753 913 564) (930 754 172 882 944 914)
 (931 883 915 945 946 755 566) (932 86 916 756 944 884)
 (933 757 945 948 885 568 917) (934 886 173 946 948 918 758)
 (887 935 759 947 949 950 919 570) (760 936 920 944 47 888)
 (921 937 945 889 952 761 572) (938 952 174 946 762 922 890)
 (939 947 953 954 763 573 891 923) (764 87 940 948 952 892 924)
 (925 941 765 949 953 956 893 574) (942 175 766 950 894 954 956 926)
 (943 575 895 951 767 955 957 958 927) (3 832 768) (769 833 960 576)
 (770 960 834 176) (961 578 771 835 962) (836 772 960 88) (961 837 580 773 964)
 (177 962 964 774 838) (963 965 582 839 775 966) (848 28 960 776)
 (777 849 968 961 584) (778 962 968 850 178) (963 969 586 779 851 970)
 (89 852 780 964 968) (972 965 969 588 781 853) (966 970 972 782 179 854)
 (967 971 973 590 783 974 855) (960 864 14 784) (785 865 976 961 592)
 (786 962 180 976 866) (963 978 867 977 594 787) (964 90 788 868 976)
 (869 980 977 596 789 965) (966 978 980 181 790 870)
 (871 967 979 981 598 791 982) (976 880 29 968 792) (977 969 600 881 984 793)
 (882 970 978 182 984 794) (971 883 979 986 985 602 795)
 (972 91 884 980 984 796) (988 973 885 985 981 604 797)
 (974 982 183 986 988 798 886) (887 975 990 983 987 989 606 799)
 (7 896 960 800) (801 897 992 961 608) (898 802 962 992 184)
 (993 610 963 994 803 899) (92 804 900 964 992) (993 612 901 965 996 805)
 (994 996 966 902 185 806) (995 997 967 903 998 807 614) (992 912 30 968 808)
 (993 1000 809 616 913 969) (994 1000 810 914 970 186)
 (995 1001 618 971 915 1002 811) (812 1000 972 93 996 916)
 (1004 997 1001 973 620 813 917) (998 1002 1004 974 814 918 187)
 (999 1003 1005 622 975 1006 815 919) (976 992 928 15 816)
 (929 977 1008 817 993 624) (994 978 1008 818 930 188)
 (931 1010 819 1009 626 979 995) (996 932 94 980 1008 820)
 (933 981 1012 1009 628 821 997) (998 934 1010 1012 982 189 822)
 (823 999 935 1011 1013 630 983 1014) (1000 824 31 1008 984 944)
 (1009 1001 1016 945 985 632 825) (946 1002 1016 1010 986 826 190)
 (1003 947 1011 1018 1017 634 987 827) (828 1004 948 95 1012 1016 988)
 (1020 989 1005 1013 1017 949 636 829) (1006 830 1014 1018 1020 990 191 950)
 (951 1007 1022 831 1015 1019 1021 638 991) NIL (1024 640) (1024 320)
 (1025 641 1026) (1024 192) (321 1028 1026) (1024 96) (1030 1025 642)
 (1030 1026 322) (643 1031 1032 1027) (1028 193 1030) (1029 1032 1034 323)
 (1024 48) (1025 1036 644) (1036 324 1026) (645 1037 1038 1027) (1028 1036 194)
 (1029 325 1038 1040) (97 1030 1036) (646 1031 1037 1042) (1042 1032 326 1038)
 (647 1044 1033 1043 1039) (1042 195 1034 1040) (1041 1044 327 1035 1046)
 (1024 32) (1025 1048 648) (328 1026 1048) (649 1049 1027 1050) (1030 1048 98)
 (1049 650 1031 1052) (1050 1052 1032 329) (1053 651 1033 1051 1054)
 (49 1036 1048) (1049 652 1037 1056) (1050 1056 1038 330)
 (1057 1058 1051 653 1039) (1042 99 1052 1056) (1057 1043 1060 1053 654)
 (1058 1060 1044 1054 331) (1055 1045 1059 1061 1062 655) (1024 16)
 (1025 1064 656) (332 1026 1064) (657 1065 1027 1066) (1028 1064 196)
 (1066 1029 1068 333) (1030 100 1064) (1065 658 1031 1070) (1066 1032 334 1070)
 (659 1033 1067 1071 1072) (197 1068 1034 1070) (1074 1069 335 1035 1072)
 (50 1036 1064) (1065 660 1037 1076) (1066 1076 1038 336)
 (1077 1067 661 1078 1039) (198 1068 1076 1040) (1041 337 1069 1078 1080)
 (1042 1076 101 1070) (1082 1043 1077 662 1071) (1082 338 1044 1078 1072)
 (1073 1079 1083 1084 1045 663) (1082 1074 199 1046 1080)
 (339 1081 1084 1075 1047 1086) (33 1064 1048) (1049 1065 1088 664)
 (1050 340 1088 1066) (665 1089 1051 1067 1090) (1052 1088 102 1070)
 (1089 666 1092 1053 1071) (1090 1092 341 1054 1072)
 (1073 1055 1091 667 1093 1094) (51 1076 1088 1056) (1057 1089 668 1077 1096)
 (1090 1058 1096 342 1078) (1079 1059 1091 669 1097 1098)
 (1082 1060 1092 103 1096) (1083 1061 1093 670 1097 1100)
 (343 1084 1062 1094 1098 1100) (1095 1085 1063 671 1099 1101 1102) (1024 8)
 (1025 1104 672) (1104 1026 344) (673 1105 1027 1106) (1028 1104 200)
 (345 1106 1029 1108) (1030 1104 104) (1105 674 1031 1110) (346 1032 1110 1106)
 (675 1033 1107 1111 1112) (201 1108 1034 1110) (1114 347 1109 1035 1112)
 (1036 52 1104) (1105 676 1037 1116) (1106 348 1038 1116)
 (1117 1107 677 1118 1039) (202 1108 1116 1040) (1041 1109 349 1118 1120)
 (105 1042 1116 1110) (1122 1043 1117 678 1111) (1118 1122 1044 350 1112)
 (1123 1124 1045 679 1113 1119) (1114 203 1122 1046 1120)
 (1121 1124 1126 1047 1115 351) (34 1104 1048) (1049 1105 1128 680)
 (1128 1050 1106 352) (681 1129 1051 1107 1130) (106 1052 1110 1128)
 (1129 682 1132 1053 1111) (353 1130 1132 1054 1112)
 (1055 1131 1133 1134 1113 683) (1128 1116 53 1056) (1057 1129 684 1117 1136)
 (1058 1136 1130 1118 354) (1059 1137 1138 685 1131 1119)
 (1132 1122 107 1060 1136) (1123 1061 1133 1137 1140 686)
 (355 1124 1062 1134 1138 1140) (1125 1135 1139 1141 1063 687 1142)
 (17 1104 1064) (1065 1105 1144 688) (1144 1066 356 1106)
 (689 1145 1067 1107 1146) (1144 1068 204 1108) (357 1148 1069 1109 1146)
 (1144 108 1070 1110) (1145 690 1111 1071 1150) (1146 1112 1150 358 1072)
 (1073 691 1113 1147 1151 1152) (1074 1148 205 1150 1114)
 (1154 1075 359 1115 1149 1152) (1144 1076 54 1116) (1145 1117 692 1077 1156)
 (1146 1118 1078 1156 360) (1157 1158 1079 693 1147 1119)
 (1148 1156 1120 206 1080) (1121 1158 1160 1081 361 1149)
 (1082 1156 109 1150 1122) (1123 1157 694 1162 1083 1151)
 (1124 1158 362 1084 1162 1152) (1153 1125 695 1159 1163 1164 1085)
 (1154 1126 1160 1162 1086 207) (1155 1127 1161 363 1164 1166 1087)
 (1144 35 1128 1088) (1089 1129 1168 1145 696) (1090 364 1146 1168 1130)
 (697 1131 1169 1170 1091 1147) (1132 1168 1092 110 1150)
 (698 1133 1169 1172 1093 1151) (365 1134 1170 1172 1094 1152)
 (1153 699 1135 1171 1173 1174 1095) (1156 1136 1168 55 1096)
 (1169 1157 700 1137 1176 1097) (1158 1138 366 1170 1176 1098)
 (1159 701 1139 1171 1177 1178 1099) (1172 1162 111 1140 1176 1100)
 (1163 702 1141 1177 1173 1180 1101) (1164 367 1174 1178 1180 1102 1142)
 (1175 1165 703 1143 1179 1181 1182 1103) (1024 4) (1025 1184 704)
 (1184 1026 368) (705 1185 1027 1186) (1028 1184 208) (369 1186 1029 1188)
 (1030 1184 112) (1185 706 1031 1190) (370 1032 1190 1186)
 (707 1033 1187 1191 1192) (209 1188 1034 1190) (1194 371 1189 1035 1192)
 (1036 1184 56) (1185 708 1037 1196) (1186 372 1038 1196)
 (1197 1187 709 1198 1039) (210 1188 1196 1040) (1041 1189 373 1198 1200)
 (113 1042 1196 1190) (1202 1043 1197 710 1191) (1198 1202 1044 374 1192)
 (711 1193 1045 1199 1203 1204) (1194 211 1202 1046 1200)
 (1195 1047 1201 1204 1206 375) (36 1184 1048) (1049 1185 1208 712)
 (1050 1186 1208 376) (713 1209 1051 1187 1210) (114 1052 1190 1208)
 (1209 714 1212 1053 1191) (377 1210 1212 1054 1192)
 (1055 1193 715 1211 1213 1214) (57 1196 1208 1056) (1057 1209 716 1197 1216)
 (1058 1210 1216 1198 378) (1217 1218 1059 717 1199 1211)
 (1202 115 1060 1216 1212) (1217 1220 1061 718 1203 1213)
 (1218 1220 1062 1204 379 1214) (1219 1221 1222 719 1205 1063 1215)
 (18 1184 1064) (1065 1185 1224 720) (1224 1066 380 1186)
 (721 1225 1067 1187 1226) (212 1224 1068 1188) (381 1228 1069 1189 1226)
 (1224 116 1070 1190) (1225 722 1191 1071 1230) (1226 1192 1230 382 1072)
 (1073 1193 1227 1231 1232 723) (1074 1228 213 1230 1194)
 (1075 1195 1229 1232 1234 383) (1224 58 1076 1196) (1225 1197 724 1077 1236)
 (1236 1226 1198 1078 384) (1079 1227 1199 1237 1238 725)
 (1228 1236 1200 214 1080) (385 1081 1229 1201 1238 1240)
 (1082 1236 117 1230 1202) (1083 1231 1203 1237 726 1242)
 (386 1084 1232 1204 1238 1242) (727 1085 1233 1205 1239 1243 1244)
 (215 1086 1234 1206 1240 1242) (387 1087 1235 1207 1241 1244 1246)
 (1224 1208 37 1088) (1089 1209 1248 1225 728) (1248 1090 388 1226 1210)
 (1249 1250 1227 1091 729 1211) (1248 1092 1230 118 1212)
 (1249 1252 1231 1093 730 1213) (1250 1252 389 1232 1094 1214)
 (1251 1253 1254 1233 1095 731 1215) (1236 1248 59 1216 1096)
 (1217 1249 1256 1237 1097 732) (1250 390 1256 1218 1238 1098)
 (1251 1257 1258 1219 1239 1099 733) (1220 1256 1252 119 1242 1100)
 (1221 1257 1260 1253 1243 1101 734) (1254 391 1258 1260 1244 1102 1222)
 (1255 1223 1259 1261 1262 1103 1245 735) (9 1184 1104) (1105 1185 1264 736)
 (1106 1186 1264 392) (737 1265 1107 1187 1266) (1264 1108 1188 216)
 (393 1189 1268 1109 1266) (1264 1190 1110 120) (1265 738 1191 1111 1270)
 (394 1270 1192 1266 1112) (739 1193 1267 1271 1272 1113)
 (217 1114 1268 1270 1194) (1195 1269 1272 1274 1115 395) (1264 60 1116 1196)
 (1265 1197 740 1117 1276) (1266 396 1118 1276 1198)
 (741 1199 1267 1277 1278 1119) (218 1200 1276 1268 1120)
 (1121 397 1201 1269 1278 1280) (121 1122 1276 1270 1202)
 (1282 1123 742 1203 1271 1277) (1282 1124 398 1204 1272 1278)
 (1283 1284 1125 743 1205 1273 1279) (1282 1126 219 1206 1274 1280)
 (1281 1284 1286 1127 399 1207 1275) (1264 1208 38 1128)
 (1129 1209 1288 1265 744) (1130 1288 1210 1266 400)
 (745 1290 1131 1289 1267 1211) (122 1288 1132 1270 1212)
 (1289 746 1292 1133 1271 1213) (1290 1292 1134 401 1272 1214)
 (747 1293 1294 1135 1273 1291 1215) (1276 1288 1216 61 1136)
 (1217 1289 748 1296 1137 1277) (1218 402 1290 1296 1138 1278)
 (1219 1291 749 1297 1298 1139 1279) (1282 1220 1292 1296 1140 123)
 (1283 1221 1293 750 1297 1300 1141) (1284 1222 1294 1298 403 1300 1142)
 (1285 1223 1295 1299 1301 751 1143 1302) (1264 19 1224 1144)
 (1145 1225 1304 1265 752) (1146 1304 404 1266 1226)
 (1227 753 1267 1305 1306 1147) (220 1228 1148 1268 1304)
 (1229 1269 405 1306 1308 1149) (1304 1270 124 1150 1230)
 (1231 754 1271 1305 1310 1151) (1232 406 1272 1306 1310 1152)
 (1153 1233 755 1273 1307 1311 1312) (1154 221 1234 1274 1308 1310)
 (1314 1155 1235 407 1275 1309 1312) (1236 1276 1156 62 1304)
 (1316 1157 756 1237 1305 1277) (1316 1158 1238 408 1306 1278)
 (1317 1318 1159 757 1239 1307 1279) (1316 1160 222 1240 1308 1280)
 (1281 1318 1320 1161 1241 409 1309) (1282 1316 1162 1242 125 1310)
 (1283 1317 1322 1163 758 1243 1311) (1284 1318 1322 1164 410 1244 1312)
 (1313 1285 1319 1323 1324 1165 759 1245) (1314 1286 1320 1322 1166 223 1246)
 (1315 1287 1321 1324 1326 1167 411 1247) (1304 1288 1248 39 1168)
 (1249 1289 1328 1169 760 1305) (1250 1290 1328 1170 1306 412)
 (1251 1291 1329 1330 1171 761 1307) (1252 1292 1328 1172 126 1310)
 (1253 1293 1329 1332 1173 762 1311) (1254 1294 1330 1332 1174 413 1312)
 (1313 1255 1295 1331 1333 1334 1175 763) (1316 1256 63 1328 1176 1296)
 (1329 1317 1257 1297 1336 1177 764) (1318 1298 1258 1330 1336 1178 414)
 (1319 1259 1299 1331 1337 1338 1179 765) (1322 1260 1300 1332 1336 1180 127)
 (1323 1261 1301 1337 1333 1340 1181 766)
 (1324 1262 1334 1338 1340 1182 415 1302)
 (1303 1325 1263 1183 1335 1339 1341 1342 767) (1024 2) (1025 1344 768)
 (1344 1026 416) (769 1345 1027 1346) (1028 1344 224) (417 1346 1029 1348)
 (1030 1344 128) (1345 770 1031 1350) (418 1032 1350 1346)
 (771 1033 1347 1351 1352) (225 1348 1034 1350) (1354 419 1349 1035 1352)
 (1344 1036 64) (1345 1356 772 1037) (1346 1356 420 1038)
 (1357 1347 773 1358 1039) (226 1356 1348 1040) (1041 1349 421 1358 1360)
 (129 1042 1356 1350) (1362 1043 1357 774 1351) (1362 1044 422 1358 1352)
 (775 1353 1045 1359 1363 1364) (1354 227 1046 1362 1360)
 (423 1355 1047 1361 1364 1366) (1344 20 1064) (1065 1345 1368 776)
 (1066 1368 1346 424) (777 1369 1067 1347 1370) (1348 1068 228 1368)
 (425 1349 1372 1069 1370) (130 1368 1070 1350) (1369 778 1351 1071 1374)
 (426 1352 1374 1370 1072) (1073 1353 779 1371 1375 1376)
 (1074 1372 229 1374 1354) (1378 1075 1355 1373 427 1376) (65 1356 1076 1368)
 (1369 1357 780 1077 1380) (1380 1370 428 1078 1358)
 (1381 1382 1079 781 1359 1371) (1380 1372 1360 230 1080)
 (1382 1384 1081 429 1361 1373) (1082 131 1380 1374 1362)
 (1381 1386 1083 782 1363 1375) (1382 1386 1084 430 1364 1376)
 (1377 1383 1387 1388 1085 783 1365) (1378 231 1384 1386 1086 1366)
 (1379 1385 1388 1390 431 1087 1367) (10 1344 1104) (1105 1345 1392 784)
 (1106 1392 1346 432) (785 1393 1107 1347 1394) (1392 1348 1108 232)
 (433 1349 1396 1109 1394) (1392 132 1110 1350) (1393 786 1351 1111 1398)
 (434 1352 1394 1398 1112) (1353 1395 787 1399 1400 1113)
 (233 1114 1396 1398 1354) (1355 435 1397 1400 1402 1115) (66 1356 1116 1392)
 (1393 1357 788 1117 1404) (1404 1394 436 1118 1358)
 (1359 1395 789 1405 1406 1119) (1396 234 1360 1404 1120)
 (1121 1361 437 1397 1406 1408) (1122 1404 133 1398 1362)
 (1410 1123 1363 790 1399 1405) (1410 1124 1364 438 1400 1406)
 (1411 1412 1125 1365 791 1401 1407) (1410 1126 235 1366 1402 1408)
 (1409 1412 439 1127 1367 1403 1414) (1392 1368 21 1144)
 (1145 1369 1416 1393 792) (1146 1416 1394 1370 440)
 (1417 1418 1395 793 1147 1371) (1396 1372 1148 236 1416)
 (1149 1420 1397 1418 441 1373) (1416 1398 1150 1374 134)
 (1417 1422 1151 1399 794 1375) (1418 1422 1400 442 1152 1376)
 (1153 1377 1419 1423 1424 1401 795) (1154 1378 1420 237 1422 1402)
 (1155 1421 1379 1424 1426 1403 443) (1380 1404 67 1156 1416)
 (1381 1417 1428 1157 796 1405) (1158 1418 1428 444 1406 1382)
 (1159 1383 1419 1429 1430 797 1407) (1160 1384 1420 238 1428 1408)
 (1409 1161 1421 1385 1430 1432 445) (1410 1162 1422 1428 135 1386)
 (1411 1163 1423 798 1429 1434 1387) (1164 1388 1424 1412 1430 1434 446)
 (1413 1165 1389 1425 1431 1435 1436 799) (1414 1166 239 1390 1426 1432 1434)
 (1415 1391 1427 1167 1433 1436 1438 447) (5 1344 1184) (1185 1345 1440 800)
 (1186 1440 1346 448) (801 1441 1187 1347 1442) (1348 1188 1440 240)
 (449 1349 1444 1189 1442) (1440 1190 1350 136) (1441 802 1351 1191 1446)
 (450 1352 1446 1442 1192) (803 1447 1448 1193 1443 1353)
 (241 1194 1444 1446 1354) (451 1445 1448 1450 1195 1355) (1356 1196 68 1440)
 (1441 1357 804 1197 1452) (1442 1452 452 1198 1358)
 (1443 805 1453 1454 1359 1199) (242 1452 1360 1444 1200)
 (1361 1445 1454 1456 1201 453) (137 1202 1452 1446 1362)
 (806 1447 1453 1363 1458 1203) (454 1448 1454 1204 1458 1364)
 (807 1449 1455 1459 1460 1365 1205) (1450 1456 1458 243 1206 1366)
 (1207 455 1451 1457 1460 1462 1367) (1368 1440 22 1224)
 (1225 1369 1441 1464 808) (1226 1464 1442 1370 456)
 (1443 809 1227 1465 1466 1371) (1444 1372 1228 244 1464)
 (1445 457 1229 1466 1468 1373) (138 1464 1230 1446 1374)
 (1447 810 1231 1465 1470 1375) (1448 458 1232 1466 1470 1376)
 (1377 1449 811 1233 1467 1471 1472) (1378 1450 1234 245 1468 1470)
 (1474 1379 459 1235 1469 1451 1472) (1380 1236 69 1452 1464)
 (1476 1381 812 1453 1237 1465) (1476 1382 460 1454 1238 1466)
 (1477 1478 1383 813 1455 1239 1467) (1476 1384 1456 246 1240 1468)
 (1478 1480 1385 461 1457 1241 1469) (1476 1386 1458 1242 139 1470)
 (1477 1482 1387 814 1459 1243 1471) (1478 1482 1388 462 1460 1244 1472)
 (1473 1479 1483 1484 1389 815 1461 1245) (1474 1480 1482 1390 1462 247 1246)
 (1475 1481 1484 1486 1391 463 1463 1247) (11 1392 1440 1264)
 (1265 1393 1441 1488 816) (1266 1488 1394 1442 464)
 (1489 1443 1395 817 1490 1267) (1396 1268 1444 1488 248)
 (1445 465 1490 1492 1397 1269) (1446 140 1270 1488 1398)
 (1271 1447 1489 818 1494 1399) (1490 1272 1448 466 1494 1400)
 (1449 1491 1401 819 1495 1496 1273) (1450 1492 1494 1402 249 1274)
 (1451 467 1493 1496 1498 1275 1403) (1404 1452 1276 70 1488)
 (1277 1453 1489 820 1500 1405) (1454 1406 1490 468 1500 1278)
 (1455 1491 821 1279 1501 1502 1407) (1456 1492 250 1500 1280 1408)
 (1281 1409 1457 469 1493 1502 1504) (1282 1410 1458 1494 1500 141)
 (1506 1283 1411 1459 822 1495 1501) (1506 1284 1460 470 1496 1412 1502)
 (1507 1508 1413 1461 823 1497 1285 1503) (1506 1286 1462 1414 1498 251 1504)
 (1505 1508 471 1287 1415 1463 1499 1510) (1416 1488 1464 23 1304)
 (1512 1417 1489 1465 824 1305) (1512 1418 472 1490 1466 1306)
 (1513 1514 1419 1491 825 1307 1467) (1308 252 1512 1420 1492 1468)
 (1309 1516 1421 1493 1514 473 1469) (142 1512 1422 1310 1494 1470)
 (1513 1518 1423 1471 1495 826 1311) (1514 1518 1424 1496 474 1312 1472)
 (1313 1473 1515 1519 1520 1425 1497 827) (1314 1474 1516 1518 1426 1498 253)
 (1475 1517 1315 1520 1522 1427 1499 475) (1316 1512 71 1428 1500 1476)
 (1317 1513 1524 1429 1477 828 1501) (1478 1514 1524 1430 476 1502 1318)
 (1319 1479 1515 1525 1526 1431 829 1503) (1480 1516 1524 1432 1320 254 1504)
 (1505 1321 1517 1481 1526 1528 1433 477) (1506 1322 1518 1524 1482 1434 143)
 (1507 1483 1519 830 1525 1530 1435 1323)
 (1484 1324 1520 1508 1526 1530 1436 478)
 (1509 1485 1325 1521 1527 1531 1532 1437 831)
 (1510 1486 1326 1522 1528 1530 1438 255)
 (1511 1487 1523 1327 1529 1532 1534 479 1439) (1024 1) (1025 1536 832)
 (1536 1026 480) (833 1537 1027 1538) (1028 1536 256) (481 1538 1029 1540)
 (1030 1536 144) (1537 834 1031 1542) (482 1032 1542 1538)
 (835 1033 1539 1543 1544) (257 1540 1034 1542) (1546 483 1541 1035 1544)
 (1036 1536 72) (1537 1548 836 1037) (1548 1538 484 1038)
 (1549 1539 837 1550 1039) (1548 258 1540 1040) (1041 1541 485 1550 1552)
 (145 1042 1548 1542) (1554 1043 1549 838 1543) (1554 1044 1550 486 1544)
 (839 1545 1045 1551 1555 1556) (1546 259 1554 1046 1552)
 (487 1547 1047 1553 1556 1558) (40 1536 1048) (1049 1537 1560 840)
 (1050 1560 1538 488) (841 1561 1051 1539 1562) (146 1052 1542 1560)
 (1561 842 1564 1053 1543) (489 1562 1564 1054 1544)
 (1055 1545 843 1563 1565 1566) (73 1560 1548 1056) (1057 1561 844 1549 1568)
 (1058 1568 1562 1550 490) (1569 1570 1059 845 1551 1563)
 (1564 1554 147 1060 1568) (1569 1572 1061 846 1555 1565)
 (1570 1572 491 1062 1556 1566) (1571 1573 1574 847 1557 1063 1567)
 (24 1536 1064) (1065 1537 1576 848) (1066 492 1576 1538)
 (849 1577 1067 1539 1578) (1540 260 1068 1576) (493 1580 1069 1541 1578)
 (1576 148 1070 1542) (1577 850 1543 1071 1582) (1582 1578 1544 494 1072)
 (1073 1545 1579 1583 1584 851) (1074 1580 261 1582 1546)
 (1075 1547 1581 495 1584 1586) (1548 74 1076 1576) (1577 1549 852 1077 1588)
 (1578 1588 1550 1078 496) (1079 1579 1551 1589 1590 853)
 (1580 1552 1588 262 1080) (1553 1081 1581 497 1590 1592)
 (1082 1588 149 1582 1554) (1083 1583 1555 1589 854 1594)
 (1084 1584 498 1556 1590 1594) (855 1085 1585 1557 1591 1595 1596)
 (263 1086 1586 1558 1592 1594) (1587 1087 499 1559 1593 1596 1598)
 (41 1576 1560 1088) (1089 1561 1600 1577 856) (1090 500 1600 1578 1562)
 (1601 1602 1579 1091 857 1563) (1564 1600 1092 150 1582)
 (1601 1604 1583 1093 858 1565) (1602 1604 1584 501 1094 1566)
 (1603 1605 1606 1585 1095 859 1567) (1588 75 1568 1600 1096)
 (1569 1601 1608 1589 1097 860) (1602 1608 1570 1590 1098 502)
 (1571 1609 1610 1603 1591 1099 861) (1572 1608 1604 151 1594 1100)
 (1605 1609 1612 1573 1595 1101 862) (1606 1610 1612 503 1596 1102 1574)
 (1607 1575 1611 1613 1614 1103 1597 863) (12 1536 1104) (1105 1537 1616 864)
 (1106 1616 1538 504) (865 1617 1107 1539 1618) (1540 1616 1108 264)
 (505 1541 1620 1109 1618) (1616 1542 1110 152) (1617 866 1543 1111 1622)
 (506 1544 1622 1618 1112) (867 1545 1619 1623 1624 1113)
 (265 1114 1620 1622 1546) (1547 1621 1624 1626 1115 507) (76 1548 1116 1616)
 (1617 1549 1628 868 1117) (1618 1628 508 1118 1550)
 (869 1551 1619 1629 1630 1119) (266 1620 1552 1628 1120)
 (1121 1553 1621 509 1630 1632) (153 1122 1628 1622 1554)
 (1634 1123 870 1555 1623 1629) (1634 1124 1630 1556 1624 510)
 (1635 1636 1125 871 1557 1625 1631) (1634 1126 267 1558 1626 1632)
 (1633 1636 1638 1127 1559 1627 511) (42 1616 1560 1128)
 (1129 1561 1617 1640 872) (1130 1640 1562 1618 512)
 (873 1642 1131 1641 1619 1563) (1564 154 1132 1622 1640)
 (1641 874 1644 1133 1623 1565) (513 1642 1644 1134 1624 1566)
 (875 1645 1646 1135 1625 1643 1567) (1640 1628 1568 77 1136)
 (1569 1641 876 1648 1137 1629) (1570 514 1642 1648 1138 1630)
 (1571 1643 877 1649 1650 1139 1631) (1634 1572 1644 1648 1140 155)
 (1635 1573 1645 878 1649 1652 1141) (515 1636 1574 1646 1650 1652 1142)
 (1637 1575 1647 1651 1653 879 1143 1654) (25 1616 1576 1144)
 (1145 1577 1617 1656 880) (1146 516 1656 1618 1578)
 (1579 881 1619 1657 1658 1147) (268 1620 1148 1656 1580)
 (517 1581 1621 1658 1660 1149) (1656 156 1150 1622 1582)
 (1583 882 1623 1657 1662 1151) (518 1584 1624 1658 1662 1152)
 (1153 1585 883 1625 1659 1663 1664) (1154 269 1586 1626 1660 1662)
 (1666 1155 519 1587 1627 1661 1664) (1588 1628 1156 78 1656)
 (1668 1157 884 1589 1657 1629) (1668 1158 520 1590 1658 1630)
 (1669 1670 1159 885 1591 1659 1631) (1668 1160 270 1592 1660 1632)
 (1633 1670 1672 1161 521 1593 1661) (1634 1668 1162 1594 157 1662)
 (1635 1669 1674 1163 886 1595 1663) (1636 1670 522 1164 1674 1596 1664)
 (1665 1637 1671 1675 1676 1165 887 1597) (1666 1638 1672 1674 1166 271 1598)
 (1667 1639 1673 523 1676 1678 1167 1599) (1640 43 1600 1656 1168)
 (1601 1641 1680 1169 888 1657) (1602 1642 524 1680 1170 1658)
 (1603 1643 1681 1682 1171 889 1659) (1604 1644 1680 1172 158 1662)
 (1605 1645 1681 1684 1173 890 1663) (1606 525 1646 1682 1684 1174 1664)
 (1665 1607 1647 1683 1685 1686 1175 891) (1668 1608 1648 1176 1680 79)
 (1649 1669 1609 1681 1688 1177 892) (1670 1682 1610 526 1650 1688 1178)
 (1671 1611 1651 1683 1689 1690 1179 893) (1674 1612 1652 1684 1688 1180 159)
 (1675 1613 1685 1689 1653 1692 1181 894)
 (1676 1614 527 1686 1690 1692 1182 1654)
 (1655 1677 1615 1183 1687 1691 1693 1694 895) (6 1536 1184)
 (1185 1537 1696 896) (1186 1696 1538 528) (897 1697 1187 1539 1698)
 (1540 1188 1696 272) (529 1541 1700 1189 1698) (1696 1542 1190 160)
 (1697 898 1543 1191 1702) (530 1544 1698 1702 1192)
 (899 1703 1704 1193 1699 1545) (273 1194 1700 1702 1546)
 (1701 1704 1706 1195 531 1547) (1548 1196 1696 80) (1697 1549 900 1197 1708)
 (1708 1698 532 1198 1550) (1699 901 1709 1710 1551 1199)
 (1708 274 1552 1700 1200) (1553 1701 1710 1712 1201 533)
 (161 1202 1708 1702 1554) (902 1703 1709 1555 1714 1203)
 (1704 1710 1204 1714 1556 534) (903 1705 1711 1715 1716 1557 1205)
 (1706 1712 1714 275 1206 1558) (535 1207 1707 1713 1716 1718 1559)
 (1560 44 1696 1208) (1209 1561 1697 1720 904) (1210 1720 1562 1698 536)
 (1699 905 1721 1722 1211 1563) (1564 162 1212 1702 1720)
 (1703 906 1721 1724 1213 1565) (1704 1566 537 1722 1724 1214)
 (1705 907 1215 1723 1725 1726 1567) (81 1720 1568 1708 1216)
 (1217 1569 908 1709 1721 1728) (1218 1570 1710 538 1722 1728)
 (1729 1730 1219 909 1571 1711 1723) (163 1572 1714 1220 1724 1728)
 (1729 1732 1573 910 1715 1221 1725) (1730 1732 1222 1716 539 1726 1574)
 (1731 1733 1223 1575 911 1717 1727 1734) (26 1576 1696 1224)
 (1225 1577 1697 1736 912) (1226 540 1698 1736 1578)
 (1699 1737 1738 1227 913 1579) (276 1228 1700 1736 1580)
 (1701 1738 1740 1229 541 1581) (1702 164 1230 1736 1582)
 (1703 1737 1742 1583 914 1231) (1704 1738 1742 1584 1232 542)
 (1585 1705 1739 1743 1744 1233 915) (1586 1706 1740 1742 1234 277)
 (1707 1741 1587 1744 1746 1235 543) (82 1236 1708 1736 1588)
 (1737 1709 916 1589 1748 1237) (1738 1710 1748 1590 544 1238)
 (1239 1739 1711 1749 1750 1591 917) (1240 1740 1712 1748 278 1592)
 (545 1741 1713 1593 1750 1752 1241) (165 1742 1714 1748 1594 1242)
 (1743 1715 1749 918 1754 1243 1595) (546 1596 1744 1716 1750 1754 1244)
 (919 1245 1745 1717 1751 1755 1756 1597) (1598 1746 1718 279 1752 1754 1246)
 (547 1747 1247 1719 1753 1756 1758 1599) (1600 45 1720 1736 1248)
 (1249 1601 1737 920 1721 1760) (1250 548 1602 1738 1722 1760)
 (1761 1762 1251 1739 1603 921 1723) (1604 166 1742 1252 1724 1760)
 (1761 1764 1605 1743 1253 922 1725) (1762 1764 549 1254 1744 1726 1606)
 (1763 1765 1255 1607 1745 923 1727 1766) (83 1608 1256 1748 1728 1760)
 (1729 1761 1768 1257 1609 1749 924) (1730 550 1762 1258 1768 1750 1610)
 (1731 1769 1770 1259 1763 1751 925 1611) (1260 1732 167 1768 1612 1764 1754)
 (1765 1769 1261 1772 1613 1733 1755 926)
 (1766 551 1770 1772 1262 1614 1756 1734)
 (1767 1735 1771 1773 1774 1615 1263 1757 927) (1616 13 1696 1264)
 (1265 1617 1697 1776 928) (1266 1776 1698 1618 552)
 (929 1699 1619 1777 1778 1267) (1776 1620 1268 1700 280)
 (1701 553 1778 1780 1621 1269) (1702 1776 1270 1622 168)
 (930 1271 1703 1777 1782 1623) (1704 554 1272 1778 1782 1624)
 (931 1705 1625 1779 1783 1784 1273) (1706 1780 1782 1626 281 1274)
 (1707 555 1781 1784 1786 1275 1627) (84 1628 1276 1708 1776)
 (932 1277 1709 1777 1788 1629) (556 1710 1630 1778 1788 1278)
 (933 1711 1779 1279 1789 1790 1631) (1712 1780 282 1788 1280 1632)
 (1281 1633 557 1713 1781 1790 1792) (1282 1634 169 1714 1782 1788)
 (1794 1283 934 1635 1715 1783 1789) (1794 1636 558 1284 1716 1784 1790)
 (1795 1796 1637 935 1717 1785 1285 1791) (1794 1286 1638 1718 1786 283 1792)
 (1793 1796 1287 1639 559 1719 1787 1798) (1720 1776 1640 46 1288)
 (1800 1289 936 1777 1641 1721) (1800 1290 560 1778 1642 1722)
 (937 1802 1291 1801 1779 1723 1643) (1644 1800 170 1292 1782 1724)
 (1645 1801 938 1804 1293 1783 1725) (1802 1804 1294 1646 561 1784 1726)
 (939 1805 1806 1647 1295 1785 1803 1727) (85 1800 1648 1296 1788 1728)
 (1729 1649 1801 940 1808 1297 1789) (1730 1650 1802 562 1808 1298 1790)
 (1731 1803 941 1651 1809 1810 1299 1791) (1794 1732 171 1804 1808 1300 1652)
 (1795 1733 1805 942 1809 1812 1653 1301)
 (1796 1734 1806 1810 563 1812 1302 1654)
 (1797 1303 1735 1807 1811 1813 943 1655 1814) (27 1656 1776 1736 1304)
 (1737 944 1777 1657 1816 1305) (1658 1738 1778 564 1816 1306)
 (1739 945 1779 1817 1818 1307 1659) (1308 1740 1660 1780 1816 284)
 (1661 1741 565 1781 1818 1820 1309) (172 1742 1662 1782 1816 1310)
 (1743 946 1311 1783 1817 1822 1663) (1744 566 1784 1818 1312 1822 1664)
 (1313 1665 1745 947 1785 1819 1823 1824) (1314 1666 1746 1786 1820 285 1822)
 (1826 1315 1667 1747 567 1787 1821 1824) (1316 86 1668 1748 1816 1788)
 (1828 1669 948 1749 1817 1317 1789) (1828 1670 1750 568 1818 1790 1318)
 (1829 1319 1671 949 1751 1819 1791 1830) (1828 1672 1320 1752 1820 286 1792)
 (1793 1830 1832 1321 1753 1673 569 1821) (1794 1828 1322 173 1674 1754 1822)
 (1795 1829 1834 1323 950 1755 1675 1823)
 (1796 1676 1830 1834 1324 570 1756 1824)
 (1825 1797 1831 1325 1835 1836 1677 951 1757)
 (1826 1798 1832 1834 1326 1678 1758 287)
 (1827 1799 1833 1836 1838 1679 1327 571 1759) (1800 1680 47 1816 1328 1760)
 (1761 1681 1801 1840 1329 952 1817) (1762 1682 1802 1840 1330 1818 572)
 (1763 1803 1683 1841 1842 1331 953 1819) (1764 1804 174 1840 1332 1684 1822)
 (1765 1805 1841 1333 1844 1685 954 1823)
 (1766 1806 1686 1842 1844 1334 573 1824)
 (1825 1335 1767 1807 1843 1845 1846 1687 955)
 (1828 87 1768 1336 1808 1688 1840) (1841 1829 1769 1809 1689 1848 1337 956)
 (1830 1842 1770 1848 1810 1690 1338 574)
 (1831 1771 1843 1811 1849 1850 1339 957 1691)
 (1692 1834 1772 175 1812 1848 1844 1340)
 (1341 1835 1773 1813 1849 1845 1852 1693 958)
 (1836 1774 1694 1814 1850 1852 1342 575 1846)
 (1847 1837 1775 1854 959 1815 1851 1853 1343 1695) (3 1536 1344)
 (1345 1537 1856 960) (1346 1856 1538 576) (961 1857 1347 1539 1858)
 (1540 1856 1348 288) (577 1541 1860 1349 1858) (1856 1542 1350 176)
 (1857 962 1543 1351 1862) (578 1544 1862 1858 1352)
 (963 1863 1864 1353 1859 1545) (289 1354 1860 1862 1546)
 (579 1861 1864 1866 1355 1547) (1548 1856 1356 88) (1857 1549 1868 964 1357)
 (1858 1868 580 1358 1550) (1859 965 1869 1870 1551 1359)
 (290 1860 1552 1868 1360) (1553 1861 1870 1872 1361 581)
 (177 1362 1868 1862 1554) (966 1863 1869 1555 1874 1363)
 (582 1864 1870 1874 1556 1364) (967 1865 1871 1875 1876 1557 1365)
 (291 1866 1872 1874 1366 1558) (1367 583 1867 1873 1876 1878 1559)
 (1576 28 1856 1368) (1369 1577 1857 1880 968) (1370 1880 1578 1858 584)
 (1859 969 1579 1881 1882 1371) (1580 1860 1372 292 1880)
 (1861 585 1581 1882 1884 1373) (178 1880 1374 1862 1582)
 (1863 970 1583 1881 1886 1375) (1864 586 1584 1882 1886 1376)
 (1377 1865 971 1585 1883 1887 1888) (1378 293 1866 1586 1884 1886)
 (1890 1379 1867 1587 1885 587 1888) (89 1588 1868 1380 1880)
 (1892 1381 972 1869 1589 1881) (1892 1382 588 1870 1590 1882)
 (1893 1894 1383 973 1871 1591 1883) (1892 294 1384 1872 1592 1884)
 (1894 1896 1385 589 1873 1593 1885) (1892 1386 1874 179 1594 1886)
 (1893 1898 1387 974 1875 1595 1887) (1894 1898 1388 590 1876 1596 1888)
 (1889 1895 1899 1900 1389 975 1877 1597) (1890 295 1896 1898 1390 1878 1598)
 (1891 1897 1900 1902 591 1391 1879 1599) (1856 1616 14 1392)
 (1393 1617 1857 1904 976) (1858 1394 1904 1618 592)
 (1905 1859 1619 977 1906 1395) (1904 1620 1396 1860 296)
 (1861 593 1906 1908 1621 1397) (1904 180 1398 1862 1622)
 (1399 1863 1905 978 1910 1623) (1864 1400 594 1910 1624 1906)
 (1865 1907 1625 979 1911 1912 1401) (297 1866 1908 1910 1626 1402)
 (1867 595 1909 1912 1914 1403 1627) (90 1628 1404 1868 1904)
 (1405 1869 1905 980 1916 1629) (1870 1630 1906 596 1916 1406)
 (1871 1907 981 1407 1917 1918 1631) (1408 298 1872 1908 1916 1632)
 (1409 1633 1873 597 1909 1918 1920) (1410 1634 1874 181 1910 1916)
 (1922 1411 1635 1875 982 1911 1917) (1922 1636 1876 598 1912 1412 1918)
 (1923 1924 1637 1877 983 1913 1413 1919) (1922 1414 299 1638 1878 1914 1920)
 (1921 1924 599 1639 1415 1879 1915 1926) (1904 1880 1656 29 1416)
 (1928 1417 1905 1881 984 1657) (1928 1418 600 1906 1882 1658)
 (1929 1930 1419 1907 985 1883 1659) (1884 1928 1420 1908 300 1660)
 (1885 1932 1421 1909 1930 601 1661) (1928 1422 1886 1910 1662 182)
 (1929 1934 1423 1663 1911 986 1887) (1930 1934 1424 1912 602 1664 1888)
 (1665 1889 1931 1935 1936 1425 1913 987) (1890 1666 1932 301 1934 1426 1914)
 (1891 1933 1667 1936 1938 1427 1915 603) (1892 1928 91 1428 1668 1916)
 (1669 1929 1940 1429 1893 988 1917) (1894 1930 1940 1430 604 1918 1670)
 (1671 1895 1931 1941 1942 1431 989 1919) (1932 1896 1672 302 1940 1432 1920)
 (1921 1673 1933 1897 1942 1944 1433 605) (1922 1898 1934 1940 183 1674 1434)
 (1923 1675 1899 1935 1941 1946 1435 990)
 (1676 1900 1936 1924 1942 1946 1436 606)
 (1925 1901 1677 1937 1943 1947 1948 1437 991)
 (1926 1902 303 1678 1938 1944 1946 1438)
 (1927 1679 1939 1903 1945 1948 1950 607 1439) (1856 7 1696 1440)
 (1441 1697 1857 1952 992) (1442 1952 1698 1858 608)
 (993 1953 1443 1954 1859 1699) (1860 1444 1952 1700 304)
 (609 1954 1956 1701 1861 1445) (1702 1952 1446 1862 184)
 (1953 994 1703 1863 1447 1958) (610 1954 1958 1864 1704 1448)
 (995 1959 1960 1449 1955 1865 1705) (1956 1958 1450 1706 305 1866)
 (611 1957 1707 1960 1962 1451 1867) (92 1868 1452 1708 1952)
 (1953 996 1709 1453 1869 1964) (1954 612 1710 1964 1454 1870)
 (1955 997 1965 1966 1711 1455 1871) (1956 1456 1964 1872 306 1712)
 (1873 1713 1957 1966 1968 1457 613) (1958 1874 1964 1458 185 1714)
 (998 1959 1965 1875 1970 1459 1715) (614 1960 1966 1970 1716 1876 1460)
 (999 1961 1967 1971 1972 1877 1717 1461) (1970 1962 1968 1718 307 1462 1878)
 (1463 615 1963 1719 1969 1972 1974 1879) (1880 1736 1952 30 1464)
 (1953 1000 1737 1881 1976 1465) (1954 616 1738 1882 1976 1466)
 (1955 1001 1739 1977 1978 1467 1883) (1468 1740 308 1976 1884 1956)
 (1957 617 1469 1741 1978 1980 1885) (1958 1742 1886 1976 186 1470)
 (1959 1002 1743 1471 1977 1982 1887) (1960 618 1744 1978 1472 1982 1888)
 (1473 1889 1961 1003 1745 1979 1983 1984) (1474 1890 1962 1746 309 1980 1982)
 (1986 1475 619 1891 1747 1981 1963 1984) (1892 1964 93 1476 1748 1976)
 (1988 1477 1004 1965 1749 1977 1893) (1988 1894 620 1966 1750 1978 1478)
 (1989 1479 1895 1005 1967 1751 1979 1990) (1988 1896 1480 1968 310 1752 1980)
 (1990 1992 1481 621 1969 1897 1753 1981) (1988 1482 1970 1898 1754 187 1982)
 (1989 1994 1483 1006 1971 1755 1899 1983)
 (1484 1990 1994 1900 622 1972 1756 1984)
 (1985 1991 1901 1995 1996 1485 1007 1973 1757)
 (1986 1992 1994 1902 1486 1974 311 1758)
 (1987 1487 1996 1998 1903 1993 623 1975 1759) (1904 1776 1952 15 1488)
 (1953 1777 1905 2000 1489 1008) (1954 1778 2000 1490 624 1906)
 (2001 1955 1907 1009 2002 1491 1779) (1956 312 2000 1908 1780 1492)
 (1957 625 2002 2004 1781 1493 1909) (1958 2000 1782 1910 188 1494)
 (1783 1959 2001 1010 2006 1911 1495) (2002 1960 626 1912 2006 1496 1784)
 (1961 2008 2003 1785 1011 2007 1913 1497) (1962 1786 2004 2006 1914 313 1498)
 (1963 1915 627 2005 2008 2010 1787 1499) (1500 1788 1964 94 2000 1916)
 (1501 1965 1917 2001 1012 2012 1789) (1790 1966 1502 2002 628 2012 1918)
 (1503 1967 2003 1013 1791 2013 2014 1919) (2012 1504 1968 2004 314 1920 1792)
 (1505 1793 1921 1969 629 2005 2014 2016) (1922 1506 1794 1970 2006 2012 189)
 (2018 1507 1795 1971 1014 2007 2013 1923)
 (2018 1796 1972 630 2008 1924 2014 1508)
 (2019 2020 1797 1973 1015 2009 1925 1509 2015)
 (2018 1926 1798 1974 2010 315 2016 1510)
 (2017 2020 1799 1927 631 1975 1511 2011 2022) (1928 1976 31 2000 1512 1816)
 (2024 1513 2001 1929 1977 1016 1817) (2024 1930 632 2002 1978 1514 1818)
 (2025 2026 1515 1979 2003 1017 1819 1931) (316 2024 1516 1932 1980 2004 1820)
 (1981 2028 1933 1517 2005 2026 633 1821) (2024 1518 1934 190 1822 2006 1982)
 (1983 2025 2030 1935 1519 2007 1018 1823)
 (1520 2026 2030 1936 2008 634 1984 1824)
 (1825 1937 1985 2027 2031 2032 1521 2009 1019)
 (1986 1522 2028 2030 1938 2010 317 1826)
 (1987 2029 1827 2032 2034 1523 2011 635 1939)
 (1988 2024 95 1828 2012 1940 1524) (1829 2025 2013 2036 1941 1525 1020 1989)
 (1990 2026 1830 2036 1942 636 2014 1526)
 (1831 1991 2027 2037 2038 1943 1527 1021 2015)
 (2028 1832 1992 2036 1528 1944 318 2016)
 (2017 1833 2029 1945 1993 2038 2040 1529 637)
 (2018 1994 1834 2030 2036 1530 1946 191)
 (2019 1995 1947 1022 2037 2031 2042 1531 1835)
 (1948 1836 1996 2032 2020 2038 2042 1532 638)
 (2021 1533 1837 2033 2039 1997 2043 2044 1949 1023)
 (2022 1998 1534 2034 2040 2042 1838 1950 319)
 (2023 1535 1999 2035 639 1839 2041 2044 2046 1951))