(NIL NIL (1 2) NIL (2 4) (1 4) (5 3 6) NIL (4 8) (2 8) (9 5 10) (1 8) (9 6 12)
 (3 10 12) (11 13 7 14) NIL (8 16) (4 16) (17 9 18) (2 16) (17 10 20) (5 18 20)
 (19 21 11 22) (1 16) (17 12 24) (18 24 6) (25 26 19 13) (3 20 24)
 (25 28 21 14) (26 7 28 22) (27 29 15 23 30) NIL (16 32) (8 32) (33 17 34)
 (4 32) (33 18 36) (9 34 36) (35 37 19 38) (2 32) (33 20 40) (34 40 10)
 (41 42 35 21) (5 36 40) (41 44 37 22) (42 11 44 38) (43 45 23 39 46) (1 32)
 (33 48 24) (34 12 48) (25 49 35 50) (6 36 48) (49 26 52 37) (50 52 13 38)
 (27 53 51 39 54) (3 48 40) (41 49 28 56) (42 56 14 50) (57 58 43 29 51)
 (52 7 44 56) (57 53 60 45 30) (58 60 46 15 54) (31 47 55 59 61 62) NIL (32 64)
 (16 64) (65 33 66) (4 64) (65 36 68) (66 68 18) (69 70 67 37) (2 64)
 (65 72 40) (66 20 72) (41 73 67 74) (5 72 68) (69 73 44 76) (70 76 22 74)
 (77 71 45 75 78) NIL (64 80) (32 80) (81 65 82) (16 80) (81 66 84) (33 82 84)
 (83 85 67 86) (8 80) (82 88 34) (17 88 84) (35 89 86 90) (4 80) (81 92 68)
 (82 36 92) (69 83 93 94) (18 84 92) (70 93 85 96) (96 37 86 94)
 (97 98 71 95 87) (9 88 92) (100 89 38 94) (19 100 90 96) (98 101 39 91 102)
 (2 80) (81 104 72) (82 104 40) (73 105 83 106) (20 84 104) (105 74 108 85)
 (41 106 108 86) (75 109 107 87 110) (10 88 104) (42 112 89 106)
 (108 21 90 112) (113 114 43 110 91) (5 92 104) (105 116 76 93) (106 44 94 116)
 (117 107 77 118 95) (116 108 22 96) (97 117 109 78 120) (98 120 45 110 118)
 (119 121 122 99 79 111) (116 11 100 112) (113 124 101 46 118)
 (114 124 102 23 120) (115 122 125 126 47 103) (1 80) (82 128 48) (128 84 24)
 (49 129 86 130) (12 88 128) (129 50 132 89) (25 130 132 90)
 (51 133 131 91 134) (6 92 128) (129 52 94 136) (26 136 130 96)
 (137 98 131 53 138) (132 100 13 136) (137 133 140 101 54) (138 27 140 102 134)
 (103 135 139 141 142 55) (3 128 104) (129 106 144 56) (28 130 108 144)
 (57 145 131 110 146) (144 132 14 112) (113 58 148 133 145)
 (114 148 29 134 146) (115 135 147 149 150 59) (144 7 116 136)
 (137 145 60 118 152) (138 146 152 30 120) (122 139 147 153 154 61)
 (140 124 152 15 148) (125 141 149 153 156 62) (126 31 142 150 154 156)
 (143 127 151 155 157 158 63) NIL (80 160) (64 160) (161 81 162) (32 160)
 (161 82 164) (65 162 164) (163 165 83 166) (16 160) (161 84 168) (162 168 66)
 (169 170 163 85) (33 164 168) (169 172 165 86) (170 67 172 166)
 (171 173 87 167 174) (8 160) (161 88 176) (34 164 176) (177 89 165 178)
 (17 176 168) (169 177 180 90) (180 178 35 172) (181 179 173 182 91) (4 160)
 (161 92 184) (162 184 68) (185 186 163 93) (164 36 184) (185 188 165 94)
 (69 186 188 166) (187 189 95 167 190) (18 184 168) (169 185 192 96)
 (186 170 192 70) (97 193 171 187 194) (172 37 188 192) (193 98 189 196 173)
 (194 71 196 174 190) (195 197 198 175 99 191) (9 184 176) (177 185 100 200)
 (178 188 38 200) (201 189 179 101 202) (19 180 200 192) (193 201 204 181 102)
 (202 204 196 182 39) (197 203 205 206 183 103) (2 160) (161 208 104)
 (162 208 72) (105 209 163 210) (208 164 40) (209 106 212 165) (73 210 212 166)
 (107 213 211 167 214) (208 20 168) (169 209 108 216) (170 216 210 74)
 (217 218 171 109 211) (41 212 172 216) (217 213 220 173 110)
 (218 75 220 174 214) (175 215 219 221 222 111) (10 208 176) (177 209 224 112)
 (178 212 224 42) (113 225 179 213 226) (224 180 21 216) (217 114 228 181 225)
 (228 226 43 220 182) (115 229 230 227 183 221) (5 208 184) (185 209 116 232)
 (186 232 76 210) (233 234 187 117 211) (44 212 188 232) (233 213 236 189 118)
 (234 236 77 190 214) (119 235 237 238 215 191) (232 216 22 192)
 (193 217 240 233 120) (194 240 78 234 218) (195 121 235 241 242 219)
 (220 236 196 45 240) (197 122 237 241 244 221) (198 238 242 244 79 222)
 (199 123 239 243 245 246 223) (232 11 224 200) (201 225 124 233 248)
 (202 248 236 46 226) (227 125 203 237 249 250) (248 228 204 23 240)
 (229 205 126 241 249 252) (230 206 47 244 250 252)
 (231 127 245 207 251 253 254) (1 160) (161 256 128) (256 164 48)
 (129 257 165 258) (256 24 168) (169 130 257 260) (49 258 260 172)
 (261 131 173 259 262) (256 12 176) (177 257 132 264) (178 264 258 50)
 (265 266 179 133 259) (25 260 180 264) (265 261 268 181 134)
 (266 51 268 182 262) (135 263 267 269 270 183) (6 256 184) (185 257 272 136)
 (52 258 188 272) (137 273 259 189 274) (26 272 260 192) (193 138 273 276 261)
 (274 276 196 53 262) (197 263 139 275 277 278) (272 264 13 200)
 (201 265 273 140 280) (202 280 54 274 266) (203 141 275 281 282 267)
 (27 204 268 276 280) (205 269 142 277 281 284) (206 270 278 55 282 284)
 (271 143 279 207 283 285 286) (3 256 208) (209 257 288 144) (258 288 212 56)
 (145 289 259 213 290) (260 28 288 216) (217 146 292 261 289)
 (57 290 220 262 292) (291 293 294 263 147 221) (288 264 14 224)
 (225 265 148 296 289) (226 296 290 266 58) (227 297 298 267 291 149)
 (292 268 228 29 296) (229 297 300 269 150 293) (294 298 300 270 59 230)
 (231 295 299 301 302 271 151) (7 272 288 232) (233 273 304 289 152)
 (60 274 236 304 290) (291 237 305 306 275 153) (292 276 30 304 240)
 (305 293 241 308 277 154) (308 294 306 244 278 61)
 (295 307 309 310 279 245 155) (296 280 304 15 248) (297 305 281 312 249 156)
 (282 298 306 312 250 62) (299 307 313 314 251 157 283)
 (252 300 31 308 312 284) (253 301 309 313 316 285 158)
 (302 286 310 314 316 254 63) (255 303 159 311 315 317 318 287) NIL (320 160)
 (320 80) (321 161 322) (320 64) (321 162 324) (81 322 324) (323 325 163 326)
 (320 32) (321 164 328) (322 328 82) (329 330 323 165) (65 324 328)
 (329 332 325 166) (330 83 332 326) (331 333 167 327 334) (320 16)
 (321 336 168) (322 84 336) (169 337 323 338) (66 324 336) (337 170 340 325)
 (338 340 85 326) (171 341 339 327 342) (33 336 328) (329 337 172 344)
 (330 344 86 338) (345 346 331 173 339) (67 332 340 344) (345 341 348 333 174)
 (346 348 334 87 342) (175 335 343 347 349 350) (320 8) (321 352 176)
 (322 88 352) (177 353 323 354) (34 352 328) (329 178 356 353) (330 356 89 354)
 (331 355 357 179 358) (17 352 336) (337 353 180 360) (338 360 90 354)
 (361 362 339 181 355) (360 35 356 344) (345 361 364 357 182)
 (346 364 358 91 362) (183 366 359 347 365 363) (320 4) (321 368 184)
 (322 92 368) (185 369 323 370) (324 368 68) (369 186 372 325) (370 372 93 326)
 (187 373 371 327 374) (36 368 328) (329 369 188 376) (330 376 94 370)
 (377 378 331 189 371) (69 332 372 376) (377 373 380 333 190)
 (378 380 334 95 374) (335 375 379 381 382 191) (18 368 336) (337 369 384 192)
 (338 384 370 96) (193 385 339 371 386) (70 340 372 384) (385 194 373 341 388)
 (97 386 388 342 374) (387 389 343 195 375 390) (376 37 384 344)
 (345 377 196 385 392) (346 386 392 378 98) (387 197 393 394 347 379)
 (71 348 380 388 392) (389 198 393 349 396 381) (390 394 396 382 99 350)
 (199 391 395 397 398 383 351) (9 368 352) (353 369 400 200) (354 100 400 370)
 (201 401 355 371 402) (356 38 400 376) (377 202 404 357 401)
 (378 404 101 358 402) (203 403 405 406 359 379) (19 384 400 360)
 (361 385 204 401 408) (362 402 408 102 386) (387 205 403 409 410 363)
 (364 404 408 39 392) (393 206 405 409 412 365) (394 406 103 410 412 366)
 (395 207 407 411 413 414 367) (320 2) (321 416 208) (322 416 104)
 (209 417 323 418) (416 324 72) (417 210 420 325) (105 418 420 326)
 (211 421 419 327 422) (416 40 328) (329 417 212 424) (330 424 418 106)
 (425 426 331 213 419) (73 420 332 424) (425 421 428 333 214)
 (426 107 428 334 422) (423 427 429 430 335 215) (416 20 336) (337 417 432 216)
 (432 338 108 418) (217 433 339 419 434) (420 74 340 432) (433 218 436 341 421)
 (434 436 109 342 422) (423 435 437 438 343 219) (41 432 424 344)
 (345 425 220 433 440) (346 440 434 110 426) (427 435 441 442 347 221)
 (428 436 75 348 440) (429 437 441 444 349 222) (430 438 442 444 350 111)
 (431 351 439 443 445 446 223) (10 416 352) (353 417 448 224) (354 448 418 112)
 (225 449 355 419 450) (448 42 356 424) (425 226 449 452 357)
 (113 426 452 358 450) (227 453 454 427 451 359) (448 432 21 360)
 (361 433 449 228 456) (450 362 456 434 114) (451 229 457 458 435 363)
 (43 364 452 456 440) (453 230 457 460 441 365) (115 454 458 460 442 366)
 (455 231 459 461 462 443 367) (5 416 368) (369 417 464 232) (370 116 464 418)
 (233 465 371 419 466) (76 420 372 464) (465 234 468 373 421)
 (466 468 117 374 422) (423 235 467 469 470 375) (424 44 464 376)
 (377 425 465 236 472) (466 378 472 118 426) (427 237 467 473 474 379)
 (428 380 77 468 472) (429 238 469 473 476 381) (119 430 470 474 476 382)
 (431 239 471 475 477 478 383) (432 464 22 384) (385 433 465 480 240)
 (466 386 480 434 120) (481 482 387 467 241 435) (436 388 468 78 480)
 (481 484 389 242 469 437) (482 484 390 121 470 438)
 (483 485 471 391 243 439 486) (480 440 45 472 392) (481 488 393 473 244 441)
 (482 488 394 122 442 474) (483 489 490 395 245 443 475)
 (476 488 396 484 79 444) (485 489 477 492 397 246 445)
 (486 490 123 492 398 446 478) (487 491 493 494 399 479 247 447)
 (11 448 464 400) (401 449 465 496 248) (466 402 124 496 450)
 (451 467 497 498 403 249) (496 404 452 46 472) (453 497 500 405 473 250)
 (454 125 498 500 406 474) (455 499 501 502 407 251 475) (456 480 496 23 408)
 (481 457 497 504 409 252) (482 458 126 498 504 410)
 (483 459 499 505 506 411 253) (488 460 47 500 504 412)
 (489 461 501 505 508 413 254) (490 462 127 502 506 508 414)
 (491 463 415 503 507 509 510 255) (320 1) (321 512 256) (322 512 128)
 (257 513 323 514) (512 48 328) (329 258 513 516) (129 330 516 514)
 (331 517 259 515 518) (512 24 336) (337 513 260 520) (514 338 520 130)
 (521 522 339 261 515) (49 516 520 344) (345 521 524 517 262)
 (346 131 524 518 522) (263 519 523 525 526 347) (512 12 352) (353 513 528 264)
 (354 132 528 514) (265 529 355 515 530) (50 356 516 528) (529 266 517 532 357)
 (530 532 133 358 518) (519 267 531 533 534 359) (25 520 528 360)
 (361 521 529 268 536) (530 362 536 134 522) (523 269 531 537 538 363)
 (51 364 524 532 536) (525 270 533 537 540 365) (135 526 534 538 540 366)
 (527 271 535 539 541 542 367) (6 512 368) (369 513 544 272) (514 370 544 136)
 (273 545 371 515 546) (52 516 544 376) (377 274 545 517 548)
 (137 378 548 518 546) (547 549 550 519 275 379) (26 520 544 384)
 (385 521 276 545 552) (522 386 552 546 138) (387 553 554 523 547 277)
 (552 524 53 548 392) (549 393 556 525 553 278) (550 394 139 556 526 554)
 (551 395 557 558 527 279 555) (528 13 544 400) (401 529 545 560 280)
 (402 140 546 560 530) (547 531 561 562 403 281) (548 404 532 54 560)
 (549 405 561 564 533 282) (550 141 562 564 406 534)
 (407 551 563 565 566 535 283) (560 27 536 552 408) (553 561 537 568 409 284)
 (538 554 142 562 568 410) (555 563 569 570 411 285 539)
 (540 556 564 55 568 412) (413 557 565 569 572 541 286)
 (558 143 542 566 570 572 414) (559 287 567 415 571 573 574 543) (3 512 416)
 (417 513 576 288) (514 418 576 144) (289 577 419 515 578) (56 516 576 424)
 (425 290 580 517 577) (145 426 580 518 578) (579 581 582 519 427 291)
 (28 520 576 432) (433 521 292 577 584) (522 434 578 584 146)
 (579 293 585 586 523 435) (57 584 524 580 440) (581 294 585 588 525 441)
 (582 586 588 526 147 442) (295 583 587 589 590 527 443) (576 528 14 448)
 (449 529 592 577 296) (450 578 148 592 530) (451 297 579 593 594 531)
 (58 452 532 580 592) (453 298 593 596 533 581) (582 594 596 149 534 454)
 (455 583 299 595 597 598 535) (592 536 29 584 456) (457 300 593 585 600 537)
 (458 600 594 150 586 538) (587 301 595 601 602 539 459)
 (588 460 596 600 59 540) (589 461 302 597 601 604 541)
 (590 462 598 151 602 604 542) (463 591 303 599 603 605 606 543)
 (7 544 576 464) (465 545 608 577 304) (466 578 608 546 152)
 (609 610 579 547 305 467) (608 60 548 580 472) (609 612 549 306 473 581)
 (610 612 550 153 474 582) (611 613 551 583 307 475 614) (608 552 30 584 480)
 (481 609 616 553 585 308) (482 610 586 616 554 154)
 (611 617 618 587 483 309 555) (612 588 616 556 488 61)
 (613 489 557 620 589 617 310) (614 490 620 558 590 618 155)
 (615 491 621 622 591 559 311 619) (592 608 560 15 496)
 (609 561 624 497 312 593) (610 594 624 498 562 156)
 (611 595 625 626 499 563 313) (612 624 564 596 62 500)
 (613 597 625 628 565 314 501) (614 626 628 598 566 157 502)
 (567 615 627 629 630 599 503 315) (616 568 31 624 504 600)
 (617 601 625 569 632 505 316) (618 632 570 626 602 506 158)
 (571 619 627 633 634 603 317 507) (508 572 620 628 632 604 63)
 (605 509 621 629 633 636 573 318) (574 622 510 630 634 636 606 159)
 (511 623 319 631 635 637 638 607 575) NIL (640 320) (640 160) (321 642 641)
 (640 80) (322 644 641) (161 642 644) (643 645 323 646) (640 64) (324 641 648)
 (642 648 162) (649 650 643 325) (81 644 648) (649 652 645 326)
 (650 163 652 646) (651 653 327 647 654) (640 32) (656 641 328) (642 164 656)
 (329 657 643 658) (82 644 656) (657 330 660 645) (658 660 165 646)
 (331 661 659 647 662) (65 656 648) (649 657 332 664) (650 664 166 658)
 (665 666 651 333 659) (660 83 652 664) (665 661 668 653 334)
 (666 668 654 167 662) (335 655 663 667 669 670) (640 16) (672 641 336)
 (642 672 168) (337 673 643 674) (644 84 672) (673 338 676 645)
 (169 674 676 646) (339 677 675 647 678) (66 672 648) (649 673 340 680)
 (650 680 674 170) (681 682 651 341 675) (652 85 676 680) (681 677 684 653 342)
 (682 171 684 654 678) (679 683 685 686 655 343) (33 672 656) (657 673 688 344)
 (658 172 688 674) (345 689 659 675 690) (676 660 86 688) (689 346 677 661 692)
 (690 692 173 662 678) (679 691 693 694 663 347) (67 680 688 664)
 (665 681 348 689 696) (666 696 174 690 682) (683 691 697 698 667 349)
 (692 668 684 87 696) (685 693 697 700 669 350) (686 175 694 698 700 670)
 (687 671 695 699 701 702 351) (640 8) (704 641 352) (642 704 176)
 (353 705 643 706) (88 644 704) (705 354 708 645) (177 706 708 646)
 (355 709 707 647 710) (34 704 656) (657 705 356 712) (658 712 706 178)
 (713 714 659 357 707) (708 660 89 712) (713 709 716 661 358)
 (714 179 716 662 710) (663 711 715 717 718 359) (17 704 672) (673 705 720 360)
 (674 180 720 706) (361 721 675 707 722) (708 676 90 720) (721 362 724 677 709)
 (722 724 181 678 710) (679 711 723 725 726 363) (720 35 712 688)
 (689 713 364 728 721) (690 722 728 182 714) (715 723 691 729 730 365)
 (716 692 728 91 724) (717 693 729 725 732 366) (718 183 726 730 732 694)
 (695 719 727 731 733 734 367) (640 4) (736 641 368) (642 736 184)
 (369 737 643 738) (644 92 736) (737 370 740 645) (185 738 740 646)
 (371 741 739 647 742) (68 736 648) (649 737 372 744) (650 738 744 186)
 (745 746 651 373 739) (652 93 744 740) (745 741 748 653 374)
 (746 187 748 654 742) (743 747 749 750 655 375) (36 736 656) (657 737 752 376)
 (658 188 752 738) (377 753 659 739 754) (660 752 94 740) (753 378 756 661 741)
 (754 756 189 662 742) (743 755 757 758 663 379) (69 744 752 664)
 (665 745 380 753 760) (666 754 760 190 746) (747 755 761 762 667 381)
 (668 756 760 95 748) (749 757 761 764 669 382) (750 758 762 764 670 191)
 (751 671 759 763 765 766 383) (18 736 672) (673 737 768 384) (674 738 768 192)
 (385 769 675 739 770) (676 740 768 96) (769 386 772 677 741)
 (193 770 772 678 742) (387 773 679 743 771 774) (70 744 768 680)
 (681 745 388 769 776) (776 682 746 770 194) (771 389 777 778 683 747)
 (97 772 684 776 748) (773 390 777 685 780 749) (195 774 778 780 686 750)
 (391 775 779 781 782 751 687) (752 37 768 688) (689 753 784 769 392)
 (784 690 196 770 754) (771 393 755 785 786 691) (772 98 692 784 756)
 (773 394 785 788 693 757) (197 774 786 788 694 758)
 (695 775 395 787 789 790 759) (776 784 71 760 696) (777 396 785 761 792 697)
 (762 198 778 786 792 698) (779 397 787 793 794 699 763)
 (764 780 99 788 792 700) (701 781 398 789 793 796 765)
 (199 782 766 790 794 796 702) (783 703 399 791 795 797 798 767) (9 736 704)
 (705 737 800 400) (800 706 738 200) (401 801 707 739 802) (800 708 100 740)
 (801 402 804 709 741) (201 802 804 710 742) (803 805 711 743 403 806)
 (800 752 38 712) (713 753 404 808 801) (714 754 802 808 202)
 (803 809 810 715 755 405) (804 716 101 808 756) (805 809 812 717 757 406)
 (806 810 203 812 718 758) (407 807 811 813 814 719 759) (800 19 768 720)
 (721 769 816 801 408) (722 204 802 816 770) (803 771 817 818 723 409)
 (772 804 724 102 816) (773 805 817 820 725 410) (806 205 818 820 726 774)
 (775 807 819 821 822 727 411) (808 784 816 39 728) (817 809 785 824 729 412)
 (786 810 206 818 824 730) (811 787 819 825 826 731 413)
 (812 820 788 103 824 732) (813 789 825 821 828 733 414)
 (814 207 822 826 828 734 790) (791 815 735 823 827 829 830 415) (640 2)
 (832 641 416) (642 832 208) (417 833 643 834) (644 832 104) (833 418 836 645)
 (209 834 836 646) (419 837 835 647 838) (72 832 648) (649 833 420 840)
 (650 834 840 210) (841 842 651 421 835) (105 652 836 840)
 (841 837 844 653 422) (842 211 844 654 838) (423 839 843 845 846 655)
 (40 832 656) (657 833 848 424) (658 212 848 834) (425 849 659 835 850)
 (106 660 836 848) (849 426 852 661 837) (850 852 213 662 838)
 (839 427 851 853 854 663) (73 840 848 664) (665 841 428 849 856)
 (666 850 856 214 842) (843 429 851 857 858 667) (107 668 856 844 852)
 (845 430 853 857 860 669) (846 854 215 858 860 670)
 (847 431 855 859 861 862 671) (20 832 672) (673 833 864 432) (674 834 864 216)
 (433 865 675 835 866) (108 676 836 864) (865 434 868 677 837)
 (217 866 868 678 838) (867 869 679 839 435 870) (74 840 864 680)
 (681 841 436 865 872) (682 842 866 872 218) (867 873 874 683 437 843)
 (684 109 872 844 868) (869 873 685 876 845 438) (870 874 876 686 846 219)
 (871 875 877 878 847 687 439) (41 848 864 688) (689 849 880 865 440)
 (866 690 220 880 850) (867 851 881 882 691 441) (692 880 110 852 868)
 (869 881 884 693 442 853) (870 882 884 694 221 854)
 (695 871 883 885 886 855 443) (75 856 872 880 696) (873 881 857 888 697 444)
 (874 882 858 888 698 222) (875 883 889 890 699 445 859)
 (860 876 884 888 700 111) (701 877 885 889 892 861 446)
 (878 862 886 890 892 702 223) (879 703 447 887 891 893 894 863) (10 832 704)
 (705 833 896 448) (706 834 896 224) (449 897 707 835 898) (708 896 836 112)
 (897 450 900 709 837) (225 898 900 710 838) (451 901 711 839 899 902)
 (42 848 896 712) (713 849 452 897 904) (714 850 904 898 226)
 (899 453 905 906 715 851) (113 900 716 852 904) (901 454 905 908 717 853)
 (227 902 906 908 718 854) (455 903 907 909 910 719 855) (864 21 896 720)
 (721 865 912 897 456) (912 722 228 898 866) (899 457 867 913 914 723)
 (900 114 912 724 868) (869 458 913 916 725 901) (229 902 914 916 726 870)
 (871 903 459 915 917 918 727) (904 912 43 880 728) (913 905 460 881 920 729)
 (230 882 906 914 920 730) (907 461 883 915 921 922 731)
 (115 908 916 920 732 884) (909 462 917 921 885 924 733)
 (231 910 918 922 924 734 886) (919 911 463 887 923 925 926 735) (5 832 736)
 (737 833 928 464) (738 834 928 232) (465 929 739 835 930) (116 740 836 928)
 (929 466 932 741 837) (233 930 932 742 838) (931 933 743 839 467 934)
 (928 76 840 744) (745 841 468 936 929) (746 842 936 930 234)
 (931 937 938 747 469 843) (932 748 117 844 936) (933 937 749 940 845 470)
 (934 938 235 940 750 846) (935 939 941 942 847 751 471) (928 44 848 752)
 (753 849 944 929 472) (754 236 944 930 850) (931 851 945 946 755 473)
 (932 756 118 852 944) (933 945 948 757 474 853) (934 237 946 948 758 854)
 (759 935 947 949 950 855 475) (936 856 77 944 760) (937 945 857 952 761 476)
 (938 238 946 858 952 762) (939 947 953 954 763 477 859)
 (860 119 940 948 952 764) (765 941 949 953 956 861 478)
 (942 239 862 950 954 956 766) (943 479 951 767 955 957 958 863)
 (928 864 22 768) (769 865 960 929 480) (770 866 960 930 240)
 (481 961 771 867 962 931) (932 772 868 960 120) (961 482 964 773 869 933)
 (962 964 934 241 870 774) (483 965 871 935 775 963 966) (936 872 960 78 776)
 (961 484 968 777 873 937) (962 968 778 242 938 874)
 (963 485 969 970 779 875 939) (780 964 968 121 940 876)
 (965 486 969 781 972 877 941) (972 966 970 878 942 782 243)
 (487 967 971 973 974 879 943 783) (944 880 45 960 784)
 (961 881 945 488 976 785) (962 882 946 976 786 244)
 (883 963 489 947 977 978 787) (948 964 122 976 788 884)
 (965 490 977 980 789 885 949) (966 978 980 245 950 886 790)
 (887 967 491 979 791 981 982 951) (968 792 888 976 79 952)
 (969 492 977 889 953 793 984) (970 984 978 890 246 954 794)
 (971 493 891 979 985 986 795 955) (796 123 972 892 980 984 956)
 (797 973 494 957 981 985 988 893) (894 974 798 982 247 986 988 958)
 (495 975 990 959 983 799 989 987 895) (928 11 896 800) (801 897 992 929 496)
 (802 992 898 930 248) (993 994 803 899 931 497) (900 124 992 804 932)
 (993 996 805 498 901 933) (994 996 934 249 902 806)
 (995 997 903 935 807 499 998) (944 992 904 46 808) (993 1000 809 945 905 500)
 (994 1000 810 946 906 250) (995 1001 1002 811 947 501 907)
 (812 1000 908 125 996 948) (997 1001 813 1004 909 949 502)
 (998 1002 1004 814 910 950 251) (503 999 1003 1005 1006 911 815 951)
 (960 992 912 23 816) (961 913 993 1008 817 504) (994 914 962 1008 818 252)
 (995 915 963 1009 1010 819 505) (964 996 126 1008 820 916)
 (997 965 1009 1012 821 506 917) (998 918 1010 1012 822 253 966)
 (967 999 823 1011 1013 1014 919 507) (1000 824 47 976 920 1008)
 (1009 1001 977 921 1016 825 508) (978 1002 1016 1010 922 826 254)
 (1003 979 1011 1017 1018 827 509 923) (828 1004 127 1012 980 1016 924)
 (829 1005 981 1017 1013 1020 925 510) (1006 926 982 1018 1020 830 255 1014)
 (983 1007 511 1015 1019 831 1021 1022 927) (640 1) (1024 641 512)
 (642 1024 256) (513 1025 643 1026) (644 1024 128) (1025 514 1028 645)
 (257 1026 1028 646) (515 1029 1027 647 1030) (48 1024 656) (657 1025 516 1032)
 (658 1032 1026 258) (1033 1034 659 517 1027) (129 1028 660 1032)
 (1033 1029 1036 661 518) (1034 259 1036 662 1030)
 (519 1031 1035 1037 1038 663) (24 1024 672) (673 1025 1040 520)
 (1040 674 260 1026) (521 1041 675 1027 1042) (1028 130 676 1040)
 (1041 522 1044 677 1029) (1042 1044 261 678 1030)
 (679 1031 523 1043 1045 1046) (49 1040 1032 688) (689 1033 524 1041 1048)
 (690 1048 1042 262 1034) (1035 525 1043 691 1049 1050)
 (1036 1044 131 692 1048) (1037 526 693 1049 1045 1052)
 (263 1038 1046 1050 1052 694) (695 1039 527 1047 1051 1053 1054) (12 1024 704)
 (705 1025 1056 528) (706 1056 1026 264) (529 1057 707 1027 1058)
 (1028 132 708 1056) (1057 530 1060 709 1029) (265 1058 1060 710 1030)
 (1059 1061 711 1031 531 1062) (1056 50 1032 712) (713 1033 532 1064 1057)
 (714 1064 1034 1058 266) (1059 1065 1066 715 533 1035)
 (1036 1060 716 133 1064) (1061 1065 717 1068 1037 534)
 (1062 1066 267 1068 718 1038) (1063 1067 1069 1070 1039 719 535)
 (25 1056 1040 720) (721 1041 1072 1057 536) (722 268 1072 1058 1042)
 (1059 1043 1073 1074 723 537) (1044 1060 724 134 1072)
 (1061 1073 1076 725 1045 538) (1062 269 1074 1076 726 1046)
 (727 1063 1075 1077 1078 1047 539) (1064 51 1048 1072 728)
 (1065 1073 1049 1080 729 540) (1066 1050 270 1074 1080 730)
 (1067 1075 1081 1082 731 541 1051) (732 135 1068 1076 1080 1052)
 (733 1069 1077 1081 1084 1053 542) (1070 271 1054 1078 1082 1084 734)
 (1071 735 543 1079 1083 1085 1086 1055) (6 1024 736) (737 1025 1088 544)
 (738 1088 1026 272) (545 1089 739 1027 1090) (1028 1088 740 136)
 (1089 546 1092 741 1029) (273 1090 1092 742 1030)
 (547 1093 743 1031 1091 1094) (1032 1088 52 752) (753 1033 1089 548 1096)
 (754 1096 1034 1090 274) (1091 549 1097 1098 1035 755)
 (137 1036 756 1092 1096) (1093 550 1097 1100 1037 757)
 (1094 1098 1100 1038 275 758) (551 1095 1099 1101 1102 1039 759)
 (26 1040 1088 768) (769 1041 1089 1104 552) (770 1104 276 1090 1042)
 (771 553 1091 1105 1106 1043) (1044 138 1092 772 1104)
 (1093 554 1105 1108 1045 773) (774 1106 1108 277 1046 1094)
 (775 1095 555 1107 1109 1110 1047) (1096 1048 53 1104 784)
 (1105 1097 556 785 1112 1049) (786 1098 1106 278 1112 1050)
 (1099 557 1107 787 1113 1114 1051) (139 1100 788 1112 1108 1052)
 (1101 558 1109 1113 789 1116 1053) (1102 1110 279 1114 1116 1054 790)
 (1111 1103 559 791 1115 1117 1118 1055) (1088 1056 13 800)
 (801 1057 1089 1120 560) (802 1120 1058 1090 280)
 (1121 1122 803 1091 561 1059) (140 1092 804 1120 1060)
 (1121 1124 1093 562 1061 805) (1122 1124 806 1062 281 1094)
 (1123 1125 1063 1095 807 563 1126) (1096 1064 1120 54 808)
 (1121 1128 809 1097 1065 564) (1122 1128 810 1098 1066 282)
 (1123 1129 1130 811 1099 565 1067) (812 1100 1128 1068 141 1124)
 (1125 1129 1069 1132 1101 566 813) (1126 1130 1132 814 1102 283 1070)
 (1127 1131 1133 1134 1071 1103 567 815) (27 1072 1104 1120 816)
 (1105 1073 1121 1136 817 568) (1122 1106 1136 818 284 1074)
 (1123 1107 1137 1138 819 569 1075) (1124 142 1136 820 1076 1108)
 (1125 821 1137 1140 1109 1077 570) (1126 1078 1138 1140 822 285 1110)
 (1079 1127 823 1139 1141 1142 1111 571) (1128 824 1080 1136 55 1112)
 (1137 1129 1113 1081 1144 825 572) (1130 1144 1082 1138 1114 826 286)
 (1131 1115 1139 1145 1146 827 573 1083) (828 1116 1132 143 1140 1144 1084)
 (1085 1133 1141 1145 1148 1117 574 829)
 (1086 1134 830 1142 1146 1148 1118 287)
 (1135 1119 1143 1147 831 1149 1150 1087 575) (3 1024 832) (833 1025 1152 576)
 (834 1152 1026 288) (577 1153 835 1027 1154) (1028 1152 836 144)
 (1153 578 1156 837 1029) (289 1154 1156 838 1030)
 (1155 1157 839 1031 579 1158) (1032 1152 56 848) (849 1033 1153 580 1160)
 (1154 850 1160 1034 290) (1155 581 1161 1162 1035 851)
 (145 1036 852 1156 1160) (1157 582 1161 1164 1037 853)
 (291 1158 1162 1164 1038 854) (583 1159 1163 1165 1166 1039 855)
 (1040 1152 28 864) (865 1041 1153 1168 584) (1154 866 292 1168 1042)
 (867 585 1155 1169 1170 1043) (1044 146 868 1156 1168)
 (1157 586 1169 1172 1045 869) (293 1158 1170 1172 1046 870)
 (871 1159 587 1171 1173 1174 1047) (57 1048 1160 1168 880)
 (1169 1161 588 881 1176 1049) (294 1170 1162 882 1176 1050)
 (1163 589 883 1171 1177 1178 1051) (1164 147 884 1176 1052 1172)
 (1165 590 1173 1177 885 1180 1053) (295 1166 1174 1178 1180 1054 886)
 (887 1167 591 1175 1179 1181 1182 1055) (1152 1056 14 896)
 (897 1057 1153 1184 592) (1154 898 1184 1058 296)
 (1185 1186 899 1059 593 1155) (148 900 1156 1184 1060)
 (1185 1188 1157 594 1061 901) (1186 1188 1158 297 1062 902)
 (1187 1189 1063 1159 595 903 1190) (58 1064 1160 1184 904)
 (1185 1192 905 1065 1161 596) (1186 298 1192 1162 1066 906)
 (1187 1193 1194 907 1163 597 1067) (908 1192 1068 1164 1188 149)
 (1189 1193 1165 1196 1069 909 598) (1190 1194 299 1196 1166 910 1070)
 (1191 1195 1197 1198 1167 911 1071 599) (1072 29 1184 1168 912)
 (1185 1073 1169 1200 913 600) (1186 914 300 1200 1170 1074)
 (1187 1075 1201 1202 915 601 1171) (916 1188 1200 1076 150 1172)
 (1189 1201 1204 1173 1077 602 917) (1190 1078 301 1202 1204 1174 918)
 (919 1079 1191 1203 1205 1206 1175 603) (1192 1176 1200 1080 920 59)
 (1193 1201 1081 1177 1208 921 604) (1082 1194 1208 302 1202 922 1178)
 (1195 1179 1203 1209 1210 923 605 1083) (924 1196 1180 1204 151 1208 1084)
 (1181 1197 925 1205 1209 1212 1085 606)
 (1086 1198 303 926 1206 1210 1212 1182)
 (607 927 1199 1087 1207 1211 1213 1214 1183) (1152 7 1088 928)
 (929 1089 1153 1216 608) (1154 930 1216 1090 304)
 (609 1217 931 1218 1091 1155) (1092 932 1156 1216 152)
 (1217 610 1220 1093 1157 933) (1218 1220 1158 305 1094 934)
 (611 1221 1095 1159 1219 935 1222) (1096 60 1160 1216 944)
 (1217 612 1224 1097 945 1161) (1218 1224 1162 946 306 1098)
 (1219 613 1225 1226 1099 947 1163) (1164 1224 1100 948 153 1220)
 (1221 614 1225 1165 1228 1101 949) (1222 1226 1228 1166 1102 307 950)
 (615 1223 1227 1229 1230 1167 1103 951) (1216 1104 1168 30 960)
 (961 1169 1217 616 1232 1105) (962 1218 1232 1170 308 1106)
 (963 617 1219 1233 1234 1107 1171) (964 1232 1108 154 1172 1220)
 (965 618 1233 1236 1109 1173 1221) (1222 1234 1236 309 1174 1110 966)
 (1111 1223 619 1235 1237 1238 1175 967) (1224 1176 1232 1112 976 61)
 (1233 1225 620 977 1177 1240 1113) (1234 1226 1240 978 310 1114 1178)
 (1227 621 1235 979 1241 1242 1115 1179) (980 1180 1228 1236 1240 155 1116)
 (1181 1229 622 981 1241 1237 1244 1117)
 (1230 1118 1238 311 1242 1244 1182 982)
 (623 983 1231 1119 1239 1243 1245 1246 1183) (1120 1184 1216 15 992)
 (993 1121 1185 1217 624 1248) (994 1186 1218 312 1122 1248)
 (1249 1250 995 1219 625 1123 1187) (1220 1124 996 156 1188 1248)
 (1249 1252 1189 626 997 1221 1125) (1250 1252 1190 1126 313 998 1222)
 (1251 1253 1127 1223 627 1191 999 1254) (1192 1128 1224 1000 62 1248)
 (1249 1193 1256 1001 1129 628 1225) (1250 1256 1002 1130 1194 1226 314)
 (1251 1257 1258 1227 1131 1195 629 1003) (1004 1256 1132 1196 1228 1252 157)
 (1253 1257 1197 1260 1133 1005 630 1229)
 (1006 1254 1134 1258 1260 1198 1230 315)
 (1255 1199 1259 1261 1007 1231 1262 1135 631) (1200 1008 31 1232 1136 1248)
 (1249 1137 1201 1233 1264 1009 632) (1202 1250 1234 1264 1010 316 1138)
 (1251 1235 1265 1266 1011 633 1139 1203) (1012 1264 1204 1140 158 1236 1252)
 (1013 1253 1265 1268 1205 634 1237 1141)
 (1254 1266 1268 1206 1142 317 1014 1238)
 (1143 1255 1267 1269 1270 1239 1207 635 1015)
 (1256 1144 1264 1208 1240 1016 63) (1257 1265 1145 1209 1241 1272 1017 636)
 (1266 1258 1272 1146 1210 1242 1018 318)
 (1259 1147 1211 1267 1273 1274 1243 637 1019)
 (1148 1260 1212 1020 1272 1244 159 1268)
 (1213 1261 1021 1269 1273 1276 1149 638 1245)
 (1022 1150 1262 1246 1270 1274 1276 1214 319)
 (639 1215 1023 1263 1151 1271 1275 1277 1278 1247) NIL (1280 640) (1280 320)
 (1281 641 1282) (1280 160) (642 1281 1284) (321 1284 1282)
 (643 1285 1286 1283) (1280 80) (1281 644 1288) (322 1282 1288)
 (1289 1290 645 1283) (161 1284 1288) (1289 1292 1285 646) (1290 323 1292 1286)
 (1291 1293 647 1287 1294) (1280 64) (1281 1296 648) (324 1282 1296)
 (649 1297 1283 1298) (162 1284 1296) (1297 650 1300 1285) (1298 1300 325 1286)
 (651 1301 1299 1287 1302) (81 1296 1288) (1289 1297 652 1304)
 (1290 1304 326 1298) (1305 1306 1291 653 1299) (1300 163 1292 1304)
 (1305 1301 1308 1293 654) (1306 1308 1294 327 1302)
 (655 1303 1307 1309 1310 1295) (1280 32) (1281 1312 656) (1312 1282 328)
 (657 1313 1283 1314) (164 1284 1312) (1313 658 1316 1285) (329 1314 1316 1286)
 (659 1317 1315 1287 1318) (82 1312 1288) (1289 1313 660 1320)
 (1290 1320 1314 330) (1321 1322 1291 661 1315) (1316 1292 165 1320)
 (1321 1317 1324 1293 662) (1322 331 1324 1294 1318)
 (1319 1323 1325 1326 663 1295) (65 1312 1296) (1297 1313 1328 664)
 (1328 1298 332 1314) (665 1329 1299 1315 1330) (1316 1300 166 1328)
 (1329 666 1332 1301 1317) (1330 1332 333 1302 1318)
 (1319 1331 1333 1334 1303 667) (1328 83 1320 1304) (1305 1321 668 1329 1336)
 (1306 1336 1330 334 1322) (1323 1331 1337 1338 1307 669)
 (1324 1332 1308 167 1336) (1325 1333 1337 1340 1309 670)
 (1326 335 1334 1338 1340 1310) (1327 1311 1335 1339 1341 1342 671) (1280 16)
 (1281 1344 672) (1344 1282 336) (673 1345 1283 1346) (1284 1344 168)
 (1345 674 1348 1285) (337 1346 1348 1286) (675 1349 1347 1287 1350)
 (84 1344 1288) (1289 1345 676 1352) (1290 1346 1352 338)
 (1353 1354 1291 677 1347) (169 1292 1348 1352) (1353 1349 1356 1293 678)
 (1354 339 1356 1294 1350) (679 1351 1355 1357 1358 1295) (66 1344 1296)
 (1297 1345 1360 680) (1298 340 1360 1346) (681 1361 1299 1347 1362)
 (170 1300 1348 1360) (1361 682 1364 1301 1349) (1362 1364 341 1302 1350)
 (1351 683 1363 1365 1366 1303) (1352 85 1360 1304) (1305 1353 684 1361 1368)
 (1306 1362 1368 342 1354) (1355 685 1363 1369 1370 1307)
 (171 1308 1368 1356 1364) (1357 686 1365 1369 1372 1309)
 (1358 1366 343 1370 1372 1310) (1359 687 1367 1371 1373 1374 1311)
 (33 1344 1312) (1313 1345 1376 688) (1314 1346 1376 344)
 (689 1377 1315 1347 1378) (1316 172 1348 1376) (1377 690 1380 1317 1349)
 (345 1378 1380 1318 1350) (1379 1381 1319 1351 691 1382) (1352 86 1376 1320)
 (1321 1353 692 1377 1384) (1322 1354 1378 1384 346)
 (1379 1385 1386 1323 693 1355) (1324 173 1384 1356 1380)
 (1381 1385 1325 1388 1357 694) (1382 1386 1388 1326 1358 347)
 (1383 1387 1389 1390 1359 1327 695) (67 1360 1376 1328)
 (1329 1361 1392 1377 696) (1378 1330 348 1392 1362)
 (1379 1363 1393 1394 1331 697) (1332 1392 174 1364 1380)
 (1381 1393 1396 1333 1365 698) (1382 1394 1396 1334 349 1366)
 (1335 1383 1395 1397 1398 1367 699) (1368 1384 1392 87 1336)
 (1385 1393 1369 1400 1337 700) (1386 1394 1400 1338 1370 350)
 (1387 1395 1401 1402 1339 701 1371) (1372 1388 175 1396 1400 1340)
 (1341 1389 1397 1401 1404 1373 702) (1390 1374 1398 1402 1404 1342 351)
 (1343 1391 703 1399 1403 1405 1406 1375) (1280 8) (1281 1408 704)
 (1408 1282 352) (705 1409 1283 1410) (1408 1284 176) (1409 706 1412 1285)
 (353 1410 1412 1286) (707 1413 1411 1287 1414) (1408 88 1288)
 (1289 1409 708 1416) (1290 1416 1410 354) (1417 1418 1291 709 1411)
 (177 1412 1292 1416) (1417 1413 1420 1293 710) (1418 355 1420 1294 1414)
 (711 1415 1419 1421 1422 1295) (34 1408 1312) (1313 1409 1424 712)
 (1314 1424 356 1410) (713 1425 1315 1411 1426) (178 1412 1316 1424)
 (1413 714 1428 1317 1425) (1426 1428 357 1318 1414)
 (1319 1415 715 1427 1429 1430) (1424 1416 89 1320) (1321 1417 716 1425 1432)
 (1322 1432 358 1426 1418) (1323 717 1427 1433 1434 1419)
 (1420 1428 179 1324 1432) (1325 1421 718 1429 1433 1436)
 (1326 1422 1430 359 1434 1436) (1327 1423 719 1431 1435 1437 1438)
 (17 1408 1344) (1345 1409 1440 720) (1346 1440 1410 360)
 (721 1441 1347 1411 1442) (180 1412 1348 1440) (1413 722 1444 1349 1441)
 (361 1442 1444 1350 1414) (1443 1445 1351 1415 723 1446) (1440 1416 90 1352)
 (1353 1417 724 1441 1448) (1354 1448 1442 1418 362)
 (1443 1449 1450 1355 725 1419) (1444 1420 1356 181 1448)
 (1445 1449 1357 1452 1421 726) (1446 1450 1452 1358 1422 363)
 (1447 1451 1453 1454 1423 1359 727) (1440 35 1424 1376)
 (1377 1425 1456 1441 728) (1456 1378 364 1442 1426)
 (1379 1443 1457 1458 1427 729) (1444 1428 1380 182 1456)
 (1381 1445 1457 1460 1429 730) (1446 1458 1460 1430 365 1382)
 (1383 1447 1459 1461 1462 1431 731) (1448 1456 1432 91 1384)
 (1385 1457 1449 1464 1433 732) (1386 1458 1464 1434 366 1450)
 (1387 1459 1465 1466 1435 733 1451) (1388 1452 183 1460 1464 1436)
 (1453 1389 1461 1465 1468 1437 734) (1454 1390 1462 1466 1468 1438 367)
 (1455 1391 735 1463 1467 1469 1470 1439) (1280 4) (1281 1472 736)
 (1472 1282 368) (737 1473 1283 1474) (1472 1284 184) (1473 738 1476 1285)
 (369 1474 1476 1286) (739 1477 1475 1287 1478) (1472 92 1288)
 (1289 1473 740 1480) (1290 1480 1474 370) (1481 1482 1291 741 1475)
 (185 1476 1292 1480) (1481 1477 1484 1293 742) (1482 371 1484 1294 1478)
 (743 1479 1483 1485 1486 1295) (1472 68 1296) (1297 1473 1488 744)
 (1298 1488 372 1474) (745 1489 1299 1475 1490) (186 1476 1300 1488)
 (1477 746 1492 1301 1489) (1490 1492 373 1302 1478)
 (1479 747 1491 1493 1494 1303) (1488 1480 93 1304) (1305 1481 748 1489 1496)
 (1306 1496 374 1490 1482) (1483 749 1491 1497 1498 1307)
 (1484 1492 187 1308 1496) (1485 750 1493 1497 1500 1309)
 (1486 1494 375 1498 1500 1310) (1487 751 1495 1499 1501 1502 1311)
 (1472 36 1312) (1313 1473 1504 752) (1314 1504 1474 376)
 (753 1505 1315 1475 1506) (1476 1316 188 1504) (1477 754 1508 1317 1505)
 (377 1506 1508 1318 1478) (1507 1509 1319 1479 755 1510) (1504 1480 94 1320)
 (1321 1481 756 1505 1512) (1322 1512 1506 1482 378)
 (1507 1513 1514 1323 757 1483) (1508 1484 1324 189 1512)
 (1509 1513 1325 1516 1485 758) (1510 1514 1516 1326 1486 379)
 (1511 1515 1517 1518 1487 1327 759) (69 1504 1488 1328)
 (1329 1489 1520 1505 760) (1520 1330 380 1506 1490)
 (1507 1491 1521 1522 1331 761) (1508 1492 1332 190 1520)
 (1333 1509 1521 1524 1493 762) (1510 1522 1524 1334 381 1494)
 (1335 1511 1523 1525 1526 1495 763) (1512 1520 1496 95 1336)
 (1513 1521 1497 1528 1337 764) (1498 1514 1522 1528 1338 382)
 (1515 1523 1529 1530 1339 765 1499) (1340 1516 1524 1528 1500 191)
 (1341 1517 1525 1529 1532 1501 766) (1518 1502 1526 1530 1532 1342 383)
 (1343 1519 767 1527 1531 1533 1534 1503) (18 1472 1344) (1345 1473 1536 768)
 (1346 1536 1474 384) (769 1537 1347 1475 1538) (1536 1476 1348 192)
 (1477 770 1537 1540 1349) (385 1538 1540 1350 1478)
 (1351 771 1541 1542 1479 1539) (1536 1480 96 1352) (1353 1481 1537 772 1544)
 (1538 1354 1544 1482 386) (1539 773 1545 1546 1355 1483)
 (193 1484 1356 1540 1544) (1541 774 1545 1357 1548 1485)
 (387 1542 1546 1548 1358 1486) (1543 775 1547 1549 1550 1487 1359)
 (1536 70 1488 1360) (1361 1489 1537 1552 776) (1538 1362 388 1552 1490)
 (1539 777 1491 1553 1554 1363) (194 1492 1364 1540 1552)
 (1541 778 1553 1556 1493 1365) (389 1542 1554 1556 1366 1494)
 (1367 1543 779 1555 1557 1558 1495) (97 1496 1544 1552 1368)
 (1545 780 1553 1497 1560 1369) (390 1498 1546 1554 1560 1370)
 (1547 781 1555 1561 1562 1371 1499) (195 1372 1548 1556 1560 1500)
 (1373 1549 782 1557 1561 1564 1501) (391 1550 1502 1558 1562 1564 1374)
 (783 1375 1559 1551 1563 1565 1566 1503) (1536 1504 37 1376)
 (1377 1505 1537 1568 784) (1538 1378 1568 1506 392)
 (1569 1570 1379 1507 785 1539) (1508 1380 1540 196 1568)
 (1569 1572 1541 786 1509 1381) (1570 1572 1542 393 1510 1382)
 (1571 1573 1383 1511 1543 787 1574) (98 1512 1544 1568 1384)
 (1569 1576 1385 1545 1513 788) (1570 394 1514 1576 1546 1386)
 (1571 1547 1577 1578 1387 789 1515) (1572 197 1576 1516 1548 1388)
 (1573 1577 1549 1580 1517 1389 790) (1574 1578 395 1580 1550 1390 1518)
 (1575 1579 1581 1582 1519 1391 791 1551) (71 1520 1552 1568 1392)
 (1569 1521 1584 1393 792 1553) (1570 1394 396 1584 1554 1522)
 (1571 1523 1585 1586 1395 1555 793) (1572 198 1396 1584 1524 1556)
 (1573 1397 1585 1525 1588 1557 794) (1574 397 1526 1586 1588 1558 1398)
 (1399 1575 1559 1587 1589 1590 1527 795) (1576 1560 1584 99 1528 1400)
 (1577 1561 1585 1529 1592 1401 796) (1530 1578 1592 398 1586 1402 1562)
 (1563 1579 1587 1593 1594 1403 797 1531) (1404 1564 199 1580 1588 1592 1532)
 (1565 1581 1589 1405 1593 1596 1533 798)
 (1582 399 1406 1590 1594 1596 1566 1534)
 (1583 1407 799 1591 1567 1595 1597 1598 1535) (9 1472 1408)
 (1409 1473 1600 800) (1410 1600 1474 400) (801 1601 1411 1475 1602)
 (1476 1412 1600 200) (1477 802 1604 1413 1601) (401 1602 1604 1414 1478)
 (1603 1605 1415 1479 803 1606) (1480 100 1600 1416) (1417 1481 804 1601 1608)
 (1418 1602 1608 1482 402) (1603 805 1609 1610 1419 1483)
 (201 1484 1420 1604 1608) (1605 806 1609 1421 1612 1485)
 (1606 1610 1612 1422 1486 403) (807 1607 1611 1613 1614 1487 1423)
 (1600 1504 38 1424) (1425 1505 1616 1601 808) (1426 1602 404 1616 1506)
 (1603 809 1507 1617 1618 1427) (1508 202 1428 1604 1616)
 (1605 810 1617 1620 1429 1509) (1606 1618 1620 405 1430 1510)
 (1511 1607 811 1619 1621 1622 1431) (1512 101 1616 1608 1432)
 (1513 812 1617 1609 1624 1433) (1514 1610 1618 406 1624 1434)
 (1611 813 1619 1625 1626 1435 1515) (1612 203 1516 1620 1624 1436)
 (1613 1517 814 1621 1625 1628 1437) (1614 1518 1622 407 1626 1628 1438)
 (1615 1519 1623 1627 815 1629 1630 1439) (19 1536 1600 1440)
 (1441 1537 1632 1601 816) (1538 1442 1602 1632 408)
 (1633 1634 1603 1443 817 1539) (1444 1540 204 1604 1632)
 (1633 1636 1541 818 1605 1445) (1634 1636 1606 1542 409 1446)
 (1635 1637 1543 1607 819 1447 1638) (1544 1632 102 1608 1448)
 (1633 1640 1449 1609 1545 820) (1634 1640 1546 1610 1450 410)
 (1635 1547 1641 1642 1611 821 1451) (1548 1612 1640 1452 205 1636)
 (1637 1641 1613 1644 1549 822 1453) (1550 1638 1642 1644 1614 1454 411)
 (1639 1643 1645 1646 1615 1455 823 1551) (1568 1616 1632 39 1456)
 (1569 1617 1648 1457 824 1633) (1634 1618 1648 1458 1570 412)
 (1571 1459 1649 1650 1619 825 1635) (1572 206 1648 1460 1620 1636)
 (1637 1621 1649 1573 1461 1652 826) (1638 1650 1652 1622 1574 413 1462)
 (1463 1575 1639 1651 1653 1654 1623 827) (1464 1576 1640 1648 103 1624)
 (1577 1641 1649 1625 1656 1465 828) (1642 1656 1578 1650 1626 1466 414)
 (1579 1643 1651 1657 1658 1627 829 1467) (1580 1628 1644 207 1652 1656 1468)
 (1645 1581 1653 1657 1469 1660 1629 830)
 (1582 1646 1470 1654 1658 1660 1630 415)
 (1471 1647 831 1655 1659 1661 1662 1631 1583) (1280 2) (1281 1664 832)
 (1664 1282 416) (833 1665 1283 1666) (1664 1284 208) (1665 834 1668 1285)
 (417 1666 1668 1286) (835 1669 1667 1287 1670) (1664 104 1288)
 (1289 1665 836 1672) (1666 1290 1672 418) (1673 1674 1291 837 1667)
 (209 1292 1668 1672) (1673 1669 1676 1293 838) (1674 419 1676 1294 1670)
 (839 1671 1675 1677 1678 1295) (1664 72 1296) (1297 1665 1680 840)
 (1298 420 1680 1666) (841 1681 1299 1667 1682) (210 1300 1668 1680)
 (1681 842 1669 1684 1301) (1682 1684 421 1302 1670)
 (1671 843 1683 1685 1686 1303) (105 1672 1680 1304) (1305 1673 1681 844 1688)
 (1682 1306 1688 422 1674) (1675 845 1683 1689 1690 1307)
 (211 1308 1676 1684 1688) (1677 846 1685 1689 1692 1309)
 (423 1678 1686 1690 1692 1310) (1679 847 1687 1691 1693 1694 1311)
 (1664 40 1312) (1313 1665 1696 848) (1666 1314 1696 424)
 (849 1697 1315 1667 1698) (212 1316 1668 1696) (1697 850 1669 1700 1317)
 (425 1698 1700 1318 1670) (1699 1701 1702 1671 851 1319) (106 1672 1696 1320)
 (1321 1673 852 1697 1704) (1674 1322 1704 1698 426)
 (1699 1705 1706 1323 853 1675) (1324 213 1700 1676 1704)
 (1701 1705 1325 1708 1677 854) (1702 1706 427 1708 1326 1678)
 (1703 1707 1709 1710 1679 1327 855) (73 1680 1696 1328)
 (1329 1681 1697 1712 856) (1330 428 1698 1712 1682)
 (1699 1683 1713 1714 1331 857) (1700 1332 1684 214 1712)
 (1333 1701 1713 1716 1685 858) (1702 429 1714 1716 1334 1686)
 (1335 1703 1715 1717 1718 1687 859) (1712 107 1688 1704 1336)
 (1705 1713 1689 1720 1337 860) (1706 430 1714 1720 1690 1338)
 (1707 1715 1721 1722 1339 861 1691) (1692 1708 1716 215 1720 1340)
 (1341 1709 1717 1721 1724 1693 862) (1710 431 1694 1718 1722 1724 1342)
 (1343 1711 863 1719 1723 1725 1726 1695) (1664 20 1344) (1345 1665 1728 864)
 (1666 1346 1728 432) (865 1729 1347 1667 1730) (1348 1668 1728 216)
 (1729 866 1669 1732 1349) (433 1730 1732 1350 1670)
 (1731 1733 1351 1671 867 1734) (108 1672 1728 1352) (1353 1673 868 1729 1736)
 (1674 1354 1730 1736 434) (1731 869 1737 1738 1355 1675)
 (217 1356 1676 1732 1736) (1733 870 1737 1357 1740 1677)
 (1734 1738 1740 1358 1678 435) (871 1735 1739 1741 1742 1679 1359)
 (74 1680 1728 1360) (1361 1681 1744 1729 872) (1362 1730 436 1744 1682)
 (1731 873 1683 1745 1746 1363) (218 1364 1684 1732 1744)
 (1733 874 1745 1748 1685 1365) (1734 1746 1748 437 1366 1686)
 (1367 1735 875 1747 1749 1750 1687) (1744 1688 109 1736 1368)
 (1737 876 1745 1689 1752 1369) (1738 1746 438 1752 1690 1370)
 (1739 877 1747 1753 1754 1371 1691) (1692 1740 1748 1752 219 1372)
 (1373 1741 878 1749 1753 1756 1693) (1742 1694 1750 439 1754 1756 1374)
 (1743 1375 879 1751 1755 1757 1758 1695) (41 1696 1728 1376)
 (1377 1697 1760 1729 880) (1378 1730 1760 1698 440)
 (1761 1762 1379 1699 1731 881) (220 1380 1700 1732 1760)
 (1761 1764 1701 882 1733 1381) (1762 1764 1734 1702 441 1382)
 (1383 1763 1765 1703 1735 883 1766) (1760 1704 110 1736 1384)
 (1761 1768 1385 1705 884 1737) (1762 1768 1386 442 1738 1706)
 (1763 1769 1770 1739 885 1707 1387) (1708 1768 1388 1764 1740 221)
 (1765 1769 1389 1772 1709 1741 886) (1766 1770 1772 1742 1390 1710 443)
 (1767 1771 1773 1774 1743 1711 1391 887) (1760 75 1712 1744 1392)
 (1761 1713 1745 1776 1393 888) (1762 1746 1714 1776 1394 444)
 (1763 1715 1747 1777 1778 1395 889) (1764 1748 1396 1776 1716 222)
 (1765 1397 1777 1780 1717 1749 890) (1718 1766 1778 1780 1750 445 1398)
 (1399 1719 1767 1779 1781 1782 1751 891) (1768 1720 1776 1752 111 1400)
 (1769 1777 1721 1784 1401 892 1753) (1770 1784 1778 1754 1402 446 1722)
 (1771 1779 1723 1785 1786 1755 893 1403) (1404 1772 1780 1724 1784 1756 223)
 (1757 1405 1773 1781 1785 1788 1725 894)
 (1774 1406 1726 1782 1786 1788 1758 447)
 (1775 1727 1407 895 1783 1787 1789 1790 1759) (10 1664 1408)
 (1409 1665 1792 896) (1666 1410 1792 448) (897 1793 1411 1667 1794)
 (1412 1668 1792 224) (1793 898 1669 1796 1413) (449 1794 1796 1414 1670)
 (899 1797 1415 1671 1795 1798) (112 1672 1792 1416) (1417 1673 900 1793 1800)
 (1674 1418 1800 1794 450) (1795 901 1801 1802 1419 1675)
 (225 1796 1420 1676 1800) (1797 902 1801 1421 1804 1677)
 (451 1798 1802 1804 1422 1678) (903 1799 1803 1805 1806 1679 1423)
 (42 1696 1792 1424) (1425 1697 1808 1793 904) (1808 1426 452 1794 1698)
 (1795 905 1699 1809 1810 1427) (1796 226 1428 1700 1808)
 (1701 906 1809 1812 1429 1797) (453 1798 1810 1812 1430 1702)
 (1703 1799 907 1811 1813 1814 1431) (113 1808 1800 1704 1432)
 (1705 908 1809 1801 1816 1433) (454 1802 1810 1816 1434 1706)
 (1803 909 1811 1817 1818 1435 1707) (227 1708 1804 1812 1816 1436)
 (1805 1709 910 1813 1817 1820 1437) (455 1806 1710 1814 1818 1820 1438)
 (1807 1711 911 1815 1819 1821 1822 1439) (1728 21 1792 1440)
 (1441 1729 1824 1793 912) (1442 1730 1824 1794 456)
 (1825 1826 1443 1731 1795 913) (1796 228 1444 1732 1824)
 (1825 1828 1797 914 1733 1445) (1826 1734 1828 1798 457 1446)
 (1827 1829 1735 1799 915 1447 1830) (1800 114 1824 1736 1448)
 (1825 1832 1449 1737 916 1801) (1826 1832 1450 458 1738 1802)
 (1827 1833 1834 1451 917 1739 1803) (1828 229 1832 1804 1740 1452)
 (1829 1833 1453 1836 1741 918 1805) (1830 1834 459 1836 1806 1454 1742)
 (1831 1835 1837 1838 1743 1455 1807 919) (1808 1824 43 1760 1456)
 (1761 1825 1809 1840 1457 920) (1826 1810 460 1840 1458 1762)
 (1827 1763 1811 1841 1842 1459 921) (1828 230 1764 1460 1840 1812)
 (1765 1813 1829 1841 1844 1461 922) (1766 1830 461 1842 1844 1462 1814)
 (1463 1767 1831 1843 1845 1846 1815 923) (115 1464 1832 1768 1840 1816)
 (1769 1841 1817 1848 1465 924 1833) (1834 1848 462 1842 1818 1466 1770)
 (1835 1843 1850 1849 1771 1467 925 1819) (1848 1468 231 1836 1844 1772 1820)
 (1821 1773 1845 1837 1849 1852 1469 926)
 (1838 463 1470 1774 1846 1850 1852 1822)
 (927 1775 1471 1839 1847 1851 1853 1854 1823) (5 1664 1472)
 (1473 1665 1856 928) (1666 1474 1856 464) (929 1857 1475 1667 1858)
 (1856 1476 1668 232) (1857 930 1669 1860 1477) (465 1858 1860 1478 1670)
 (931 1861 1479 1671 1859 1862) (1856 116 1672 1480) (1481 1673 1857 932 1864)
 (1674 1482 1864 1858 466) (1859 933 1865 1866 1483 1675)
 (233 1860 1484 1676 1864) (1861 934 1865 1485 1868 1677)
 (1862 1866 1868 1486 1678 467) (935 1863 1867 1869 1870 1679 1487)
 (1856 76 1680 1488) (1489 1681 1857 1872 936) (1490 1872 468 1858 1682)
 (1859 937 1683 1873 1874 1491) (234 1860 1492 1684 1872)
 (1861 938 1873 1876 1685 1493) (1862 1874 1876 469 1494 1686)
 (1495 1863 939 1875 1877 1878 1687) (1864 1688 117 1872 1496)
 (1865 940 1873 1689 1880 1497) (1866 1874 470 1880 1690 1498)
 (1867 941 1875 1881 1882 1499 1691) (1692 235 1868 1876 1880 1500)
 (1501 1869 942 1877 1881 1884 1693) (1870 1694 1878 471 1882 1884 1502)
 (1885 1871 943 1879 1883 1503 1886 1695) (1856 44 1696 1504)
 (1505 1697 1857 1888 944) (1506 1888 1698 1858 472)
 (1889 1890 1507 1699 1859 945) (236 1508 1860 1700 1888)
 (1889 1892 1861 946 1509 1701) (1890 1892 1510 1702 473 1862)
 (1891 1893 1703 1863 1511 947 1894) (1864 1704 1888 118 1512)
 (1865 1889 1896 1513 1705 948) (1890 1896 1514 1706 474 1866)
 (1891 1897 1898 1515 949 1867 1707) (1892 1896 1868 237 1516 1708)
 (1517 1893 1897 1709 1900 1869 950) (1894 1898 1900 1518 1870 1710 475)
 (1895 1899 1901 1902 1871 1711 1519 951) (1872 1712 77 1888 1520)
 (1889 1713 1904 1521 1873 952) (1890 1874 1714 1904 1522 476)
 (1891 1715 1875 1905 1906 1523 953) (1524 1892 1876 238 1904 1716)
 (1717 1893 1905 1525 1908 1877 954) (1718 1894 1906 1908 1526 477 1878)
 (1719 1895 1527 1907 1909 1910 1879 955) (119 1896 1720 1904 1880 1528)
 (1881 1897 1905 1721 1912 1529 956) (1898 1912 1906 1882 1530 478 1722)
 (1899 1883 1907 1913 1914 1531 957 1723) (1532 1900 239 1908 1724 1912 1884)
 (1533 1725 1901 1909 1913 1916 1885 958)
 (1902 1534 1726 1910 1914 1916 1886 479)
 (1903 1727 959 1911 1918 1915 1917 1535 1887) (1856 1728 22 1536)
 (1537 1729 1857 1920 960) (1538 1730 1920 1858 480)
 (961 1921 1539 1922 1731 1859) (1920 1860 1540 1732 240)
 (1921 962 1924 1861 1733 1541) (481 1922 1734 1924 1542 1862)
 (1923 1925 1735 1863 963 1543 1926) (1920 1864 120 1736 1544)
 (1865 1921 964 1928 1545 1737) (1922 482 1928 1546 1738 1866)
 (1923 965 1929 1930 1547 1867 1739) (1548 1928 1868 241 1924 1740)
 (1549 1925 966 1929 1741 1932 1869) (483 1926 1930 1932 1550 1870 1742)
 (967 1927 1931 1933 1934 1743 1871 1551) (1920 1872 1744 78 1552)
 (1921 1745 968 1936 1553 1873) (1922 484 1874 1746 1936 1554)
 (1923 969 1747 1875 1937 1938 1555) (1924 1748 1936 242 1876 1556)
 (1925 970 1937 1940 1877 1749 1557) (1750 485 1926 1938 1940 1558 1878)
 (1751 1927 971 1559 1939 1941 1942 1879) (1928 121 1752 1560 1936 1880)
 (1881 1929 972 1937 1753 1944 1561) (486 1930 1944 1938 1882 1562 1754)
 (1931 973 1939 1945 1946 1563 1883 1755) (1884 1932 243 1940 1756 1944 1564)
 (1565 1757 1933 974 1941 1945 1948 1885)
 (487 1934 1566 1758 1942 1946 1948 1886)
 (975 1935 1887 1943 1567 1947 1949 1950 1759) (1920 1888 1760 45 1568)
 (1569 1761 976 1889 1921 1952) (1922 1570 1762 1890 488 1952)
 (1953 1954 1571 1763 1891 1923 977) (1892 1764 1924 244 1572 1952)
 (1953 1956 1925 1765 1893 978 1573) (1954 1766 1894 489 1574 1956 1926)
 (1767 1955 1957 1895 1927 1575 979 1958) (1896 1768 122 1928 1576 1952)
 (1953 1897 1929 1960 1577 1769 980) (1954 1960 1930 490 1578 1770 1898)
 (1955 1961 1962 1579 981 1771 1899 1931) (1580 1960 1900 1956 245 1772 1932)
 (1581 1957 1961 1933 1964 1773 982 1901)
 (1582 1958 1962 491 1964 1934 1902 1774)
 (1959 1963 1903 1965 1966 1935 1775 983 1583) (1904 1936 79 1776 1584 1952)
 (1953 1777 1968 1585 1905 1937 984) (1954 1586 492 1906 1938 1778 1968)
 (1955 1779 1907 1939 1969 1970 1587 985) (1956 1780 1940 1968 1908 1588 246)
 (1957 1781 1909 1972 1969 1589 1941 986)
 (1782 1958 1970 493 1590 1972 1942 1910)
 (1783 1911 1959 1591 1971 1973 1974 1943 987)
 (1944 1960 123 1784 1592 1968 1912) (1913 1945 1961 1969 1785 1976 1593 988)
 (1962 1976 494 1970 1594 1946 1786 1914)
 (1963 1971 1978 1977 1787 1595 989 1915 1947)
 (1596 1976 1964 1972 247 1788 1916 1948)
 (1597 1949 1965 1973 1977 1917 1980 1789 990)
 (1598 1966 495 1918 1790 1974 1978 1980 1950)
 (1919 991 1967 1791 1975 1979 1981 1982 1951 1599) (1856 11 1792 1600)
 (1601 1793 1857 1984 992) (1602 1984 1794 1858 496)
 (993 1985 1603 1986 1795 1859) (1796 1860 1604 1984 248)
 (1985 994 1988 1861 1797 1605) (1986 1988 1798 1606 497 1862)
 (1987 1989 1799 1863 995 1607 1990) (1800 1864 124 1984 1608)
 (1865 1985 996 1992 1609 1801) (1986 1992 1610 498 1802 1866)
 (1987 997 1993 1994 1611 1867 1803) (1612 1992 1804 1988 249 1868)
 (1613 998 1993 1805 1996 1869 1989) (1990 1994 1996 1614 1870 499 1806)
 (1615 999 1991 1995 1997 1998 1807 1871) (1984 1888 1808 46 1616)
 (1889 1809 1000 2000 1617 1985) (1986 1890 1810 2000 1618 500)
 (1987 1001 1811 1891 2001 2002 1619) (1892 1988 2000 1812 1620 250)
 (1989 1002 1893 2001 2004 1621 1813) (1814 1894 2002 2004 501 1622 1990)
 (1895 1991 1003 1623 2003 2005 2006 1815) (1896 1992 125 1624 2000 1816)
 (1897 1993 1004 2001 1817 2008 1625) (1898 2008 2002 502 1994 1626 1818)
 (1819 1995 1005 2003 2009 2010 1627 1899) (1628 1900 2004 2008 251 1820 1996)
 (1629 1997 1006 2005 2009 1901 2012 1821)
 (1902 1998 1822 2006 503 2010 2012 1630)
 (1631 1007 1999 1903 2007 2011 2013 2014 1823) (1920 1824 1984 23 1632)
 (1633 1825 1008 1921 1985 2016) (1922 1634 1826 1986 504 2016)
 (2017 2018 1635 1827 1987 1923 1009) (1828 1924 1988 1636 252 2016)
 (2017 2020 1925 1829 1989 1010 1637) (2018 2020 1926 1638 505 1830 1990)
 (2019 1831 2021 1991 1927 1639 1011 2022) (1992 1832 1928 126 1640 2016)
 (2017 1929 1993 2024 1641 1833 1012) (2018 1994 2024 1930 1642 506 1834)
 (2019 2025 2026 1995 1013 1835 1643 1931) (1836 2024 1644 1996 1932 2020 253)
 (2021 1645 2025 1933 2028 1837 1014 1997)
 (1646 2022 2026 2028 1934 1998 1838 507)
 (1647 2023 2027 2029 2030 1935 1839 1999 1015) (47 2000 1952 1840 1648 2016)
 (1953 1841 2032 1649 2001 2017 1016) (1954 2002 1842 2032 1650 2018 508)
 (2019 1843 2003 1955 2033 2034 1651 1017) (1956 2004 2020 1844 1652 2032 254)
 (1957 1845 2005 2021 2033 2036 1653 1018)
 (1958 2036 2034 1654 2006 1846 509 2022)
 (1847 2023 1959 1655 2035 2037 2038 2007 1019)
 (1960 2024 1848 127 1656 2008 2032) (1961 2009 2025 2033 1849 2040 1657 1020)
 (1962 2026 2040 2034 1850 2010 1658 510)
 (2027 2035 2041 2042 2011 1851 1021 1659 1963)
 (1852 1660 1964 2036 2040 2012 255 2028)
 (1661 1965 2029 2013 2037 2041 2044 1853 1022)
 (1662 1966 2030 1854 2042 2044 2014 511 2038)
 (1663 1023 2031 1855 2039 1967 2043 2045 2046 2015) (1280 1) (1281 2048 1024)
 (2048 1282 512) (1025 2049 1283 2050) (1284 2048 256) (2049 1026 2052 1285)
 (513 2050 2052 1286) (1027 2053 2051 1287 2054) (128 2048 1288)
 (1289 2049 1028 2056) (1290 2056 2050 514) (2057 2058 1291 1029 2051)
 (257 2052 1292 2056) (2057 2053 2060 1293 1030) (2058 515 2060 1294 2054)
 (1031 2055 2059 2061 2062 1295) (48 2048 1312) (1313 2049 2064 1032)
 (2064 1314 516 2050) (1033 2065 1315 2051 2066) (2052 258 1316 2064)
 (2065 1034 2068 1317 2053) (2066 2068 517 1318 2054)
 (1319 2055 1035 2067 2069 2070) (129 2064 2056 1320)
 (1321 2057 1036 2065 2072) (1322 2072 2066 518 2058)
 (1323 1037 2067 2073 2074 2059) (2060 2068 259 1324 2072)
 (1325 2061 1038 2069 2073 2076) (519 1326 2062 2070 2074 2076)
 (1327 2063 1039 2071 2075 2077 2078) (24 2048 1344) (1345 2049 2080 1040)
 (1346 2080 2050 520) (1041 2081 1347 2051 2082) (2052 260 1348 2080)
 (2081 1042 2084 1349 2053) (521 2082 2084 1350 2054)
 (2083 2085 1351 2055 1043 2086) (2080 130 2056 1352)
 (1353 2057 1044 2088 2081) (1354 2088 2058 2082 522)
 (2083 2089 2090 1355 1045 2059) (2060 2084 1356 261 2088)
 (2085 2089 1357 2092 2061 1046) (2086 2090 523 2092 1358 2062)
 (2087 2091 2093 2094 2063 1359 1047) (49 2080 2064 1376)
 (1377 2065 2096 2081 1048) (2096 1378 524 2082 2066)
 (1379 2083 2097 2098 2067 1049) (2068 2084 1380 262 2096)
 (1381 2097 2100 2069 1050 2085) (2086 525 2098 2100 2070 1382)
 (1383 2087 2099 2101 2102 2071 1051) (2096 2088 131 2072 1384)
 (1385 2097 2089 2104 2073 1052) (1386 526 2098 2090 2104 2074)
 (1387 2099 2105 2106 2075 1053 2091) (1388 263 2092 2100 2104 2076)
 (2093 1389 2101 2105 2108 2077 1054) (2094 527 1390 2102 2106 2108 2078)
 (2095 1391 1055 2103 2107 2109 2110 2079) (12 2048 1408) (1409 2049 2112 1056)
 (1410 2112 2050 528) (1057 2113 1411 2051 2114) (2052 2112 1412 264)
 (2113 1058 2116 1413 2053) (529 2114 2116 1414 2054)
 (1059 2117 1415 2055 2115 2118) (2056 2112 132 1416)
 (1417 2057 1060 2113 2120) (1418 2120 2058 2114 530)
 (2115 1061 2121 2122 1419 2059) (265 2060 2116 1420 2120)
 (2117 1062 2121 1421 2124 2061) (2118 2122 2124 1422 2062 531)
 (1063 2119 2123 2125 2126 2063 1423) (2112 50 2064 1424)
 (1425 2065 2128 2113 1064) (1426 2128 532 2114 2066)
 (2115 1065 2067 2129 2130 1427) (2068 266 2116 1428 2128)
 (2117 1066 2129 2132 1429 2069) (2118 2130 2132 533 1430 2070)
 (1431 2119 1067 2131 2133 2134 2071) (2120 2072 133 2128 1432)
 (2121 1068 2129 2073 2136 1433) (2122 2130 2074 534 2136 1434)
 (2123 1069 2131 2137 2138 1435 2075) (1436 267 2124 2132 2136 2076)
 (1437 2125 1070 2133 2137 2140 2077) (2126 2078 2134 535 2138 2140 1438)
 (2127 1439 1071 2135 2139 2141 2142 2079) (25 2112 2080 1440)
 (1441 2081 2144 2113 1072) (1442 2144 2082 2114 536)
 (2145 2146 1443 2083 2115 1073) (2084 268 1444 2116 2144)
 (2145 2148 2117 1074 1445 2085) (2146 2148 1446 537 2086 2118)
 (2147 2149 2087 2119 1075 1447 2150) (2144 2120 2088 134 1448)
 (2145 2152 1449 2089 1076 2121) (2146 2152 1450 2122 2090 538)
 (2147 2123 2153 2154 1451 1077 2091) (2148 2152 2092 269 2124 1452)
 (2149 2153 2093 2156 2125 1078 1453) (2094 2150 2154 2156 1454 2126 539)
 (2151 2155 2157 2158 2095 1455 2127 1079) (2144 51 2096 2128 1456)
 (2145 2097 2129 2160 1457 1080) (2146 2098 2130 2160 1458 540)
 (2147 2099 2131 2161 2162 1459 1081) (2132 2148 1460 270 2160 2100)
 (2149 1461 2161 2164 2133 1082 2101) (2150 2162 2164 1462 541 2102 2134)
 (1463 2103 2151 2163 2165 2166 2135 1083) (1464 135 2152 2104 2160 2136)
 (2137 2161 2105 2168 1465 2153 1084) (2154 2168 2162 2106 2138 1466 542)
 (2155 2163 2139 2169 2170 1467 1085 2107) (2140 1468 2156 271 2164 2168 2108)
 (2109 2157 2165 2169 1469 2172 2141 1086)
 (2110 2158 1470 2166 2170 2172 2142 543)
 (1087 1471 2159 2143 2167 2171 2173 2174 2111) (6 2048 1472)
 (1473 2049 2176 1088) (1474 2176 2050 544) (1089 2177 1475 2051 2178)
 (2052 2176 1476 272) (2177 1090 2180 1477 2053) (545 2178 2180 1478 2054)
 (2179 2181 1479 2055 1091 2182) (2056 2176 136 1480)
 (1481 2057 2177 1092 2184) (2178 1482 2184 2058 546)
 (2179 1093 2185 2186 1483 2059) (273 2060 1484 2180 2184)
 (2181 1094 2185 1485 2188 2061) (547 2182 2186 2188 1486 2062)
 (1095 2183 2187 2189 2190 2063 1487) (2064 2176 52 1504)
 (1505 2065 2177 2192 1096) (2178 1506 548 2192 2066)
 (1507 1097 2179 2193 2194 2067) (2068 274 1508 2180 2192)
 (2181 1098 2193 2196 2069 1509) (549 2182 2194 2196 2070 1510)
 (1511 2183 1099 2195 2197 2198 2071) (137 2072 2184 2192 1512)
 (1513 1100 2193 2185 2200 2073) (550 2186 2200 2194 1514 2074)
 (1515 1101 2195 2201 2202 2075 2187) (2188 1516 275 2196 2200 2076)
 (1517 2189 1102 2197 2201 2204 2077) (551 2190 1518 2198 2202 2204 2078)
 (2191 2206 1103 2199 2203 2205 1519 2079) (26 2176 2080 1536)
 (1537 2081 2177 2208 1104) (2178 1538 2208 2082 552)
 (2209 2210 1539 2179 2083 1105) (2084 276 1540 2180 2208)
 (2209 2212 2181 1106 1541 2085) (2210 2212 2182 553 2086 1542)
 (2211 2213 2087 2183 1543 1107 2214) (138 2088 2184 2208 1544)
 (2209 2216 1545 2089 1108 2185) (2210 2216 2186 554 2090 1546)
 (2211 2217 2218 1547 1109 2187 2091) (1548 2188 2216 2092 2212 277)
 (1549 2213 2217 2189 2220 2093 1110) (2094 2214 2218 555 2220 2190 1550)
 (2215 2219 2221 2222 2191 2095 1111 1551) (2208 2096 53 2192 1568)
 (1569 2193 2209 2224 2097 1112) (1570 2098 2210 556 2224 2194)
 (1571 2211 2195 2225 2226 2099 1113) (2212 2196 2224 2100 1572 278)
 (2213 2228 2225 1573 2197 1114 2101) (2214 557 2226 2228 2198 2102 1574)
 (2103 1575 2227 2229 2230 2199 1115 2215) (2216 139 2200 1576 2224 2104)
 (1577 2217 2225 2201 2232 2105 1116) (1578 2232 558 2226 2106 2218 2202)
 (1579 2227 2219 2233 2234 2107 1117 2203) (2204 1580 2228 2220 279 2232 2108)
 (1581 2205 2221 2229 2233 2236 2109 1118)
 (2110 2222 559 1582 2230 2234 2236 2206)
 (1119 1583 2223 2111 2231 2235 2237 2238 2207) (2176 2112 13 1600)
 (1601 2113 2177 2240 1120) (2178 1602 2240 2114 560)
 (1121 2241 1603 2179 2242 2115) (2116 1604 2180 2240 280)
 (2241 1122 2244 2117 1605 2181) (2242 2244 2182 561 2118 1606)
 (2243 2245 2119 2183 1123 1607 2246) (2120 140 2184 2240 1608)
 (2241 1124 2248 1609 2121 2185) (2242 2248 2186 562 2122 1610)
 (2243 1125 2249 2250 1611 2187 2123) (1612 2248 2124 2244 2188 281)
 (1613 1126 2249 2189 2252 2125 2245) (2246 2250 2252 2190 2126 1614 563)
 (1615 1127 2247 2251 2253 2254 2191 2127) (2240 2128 2192 54 1616)
 (2241 2129 1128 2193 2256 1617) (2242 2130 1618 2256 2194 564)
 (2243 2195 1129 2131 2257 2258 1619) (2244 2196 2256 2132 1620 282)
 (2245 1621 1130 2257 2260 2133 2197) (2246 2258 2260 565 2198 2134 1622)
 (2135 2247 1131 1623 2259 2261 2262 2199) (2248 2200 141 1624 2256 2136)
 (2249 1132 2257 2137 2264 1625 2201) (2250 2264 2258 566 2138 1626 2202)
 (2251 1133 2259 2203 2265 2266 1627 2139) (2204 2252 2140 2260 2264 283 1628)
 (1629 2205 2253 1134 2261 2265 2268 2141)
 (2254 2142 1630 2262 567 2266 2268 2206)
 (1631 1135 2255 2143 2263 2267 2269 2270 2207) (27 2144 2208 2240 1632)
 (1633 2145 2209 2241 1136 2272) (2210 2146 1634 2242 568 2272)
 (2273 2274 1635 2147 2211 2243 1137) (2148 2212 2244 1636 284 2272)
 (2273 2276 2149 1138 1637 2245 2213) (2274 2276 2214 1638 569 2150 2246)
 (2275 2278 2277 2151 2247 1639 1139 2215) (2152 2216 142 1640 2248 2272)
 (2273 2280 1641 2153 1140 2217 2249) (2274 2280 2218 2154 1642 570 2250)
 (2275 2281 2282 2251 1141 2155 2219 1643) (1644 2280 2156 2276 2220 2252 285)
 (2277 1645 2281 2221 2284 2157 2253 1142)
 (1646 2278 2282 2284 2222 2158 2254 571)
 (1647 2279 2283 2285 2286 2255 2223 2159 1143) (2224 2256 55 2160 1648 2272)
 (2273 2161 2225 2257 2288 1649 1144) (2274 2162 1650 2258 2288 2226 572)
 (2275 2163 2227 2259 2289 2290 1651 1145) (2276 2228 2260 2288 2164 1652 286)
 (2229 2277 2289 2292 2165 1653 2261 1146)
 (2278 2292 2290 1654 2230 573 2166 2262)
 (2167 2279 1655 2291 2293 2294 2263 1147 2231)
 (2280 2168 143 1656 2264 2288 2232) (1148 2281 2289 2169 2296 1657 2233 2265)
 (2282 2296 2290 2170 1658 2234 2266 574)
 (2283 2291 2171 2235 2297 2298 2267 1149 1659)
 (2172 1660 2284 2292 2236 2296 2268 287)
 (1661 2237 2285 2269 2297 2293 2300 2173 1150)
 (1662 2286 2174 2270 2294 2298 2300 2238 575)
 (1663 1151 2287 2239 2175 2295 2299 2301 2302 2271) (3 2048 1664)
 (1665 2049 2304 1152) (1666 2304 2050 576) (1153 2305 1667 2051 2306)
 (2052 1668 2304 288) (2305 1154 2308 1669 2053) (577 2306 2308 1670 2054)
 (1155 2309 1671 2055 2307 2310) (2056 144 2304 1672)
 (1673 2057 1156 2305 2312) (1674 2312 2058 2306 578)
 (2307 1157 2313 2314 1675 2059) (289 2060 1676 2308 2312)
 (2309 1158 2313 1677 2316 2061) (579 2310 2314 2316 1678 2062)
 (1159 2311 2315 2317 2318 2063 1679) (2064 56 2304 1696)
 (1697 2065 2320 2305 1160) (2320 1698 580 2306 2066)
 (1699 1161 2307 2321 2322 2067) (2068 290 1700 2308 2320)
 (1701 1162 2321 2324 2069 2309) (581 2310 2322 2324 2070 1702)
 (1703 2311 1163 2323 2325 2326 2071) (145 2312 2072 2320 1704)
 (1705 1164 2321 2313 2328 2073) (582 1706 2322 2328 2074 2314)
 (1707 1165 2323 2329 2330 2075 2315) (291 1708 2316 2324 2328 2076)
 (2317 1709 1166 2325 2329 2332 2077) (583 2318 1710 2326 2330 2332 2078)
 (2319 1711 1167 2327 2331 2333 2334 2079) (2080 28 2304 1728)
 (1729 2081 2336 2305 1168) (1730 2336 2306 2082 584)
 (2337 2338 1731 2083 2307 1169) (2084 292 1732 2308 2336)
 (2337 2340 1733 1170 2309 2085) (2338 2340 2310 585 2086 1734)
 (1735 2339 2341 2087 2311 1171 2342) (2312 146 2088 2336 1736)
 (2337 2344 1737 2089 1172 2313) (2338 2344 1738 586 2090 2314)
 (2339 2345 2346 1739 2091 1173 2315) (2092 293 2344 2316 2340 1740)
 (2341 2345 1741 2348 2093 1174 2317) (2094 2342 2346 587 2348 2318 1742)
 (2343 2347 2349 2350 2319 1743 2095 1175) (57 2320 2096 2336 1760)
 (1761 2337 2321 2352 2097 1176) (1762 2098 2338 588 2352 2322)
 (2339 2099 1763 2353 2354 2323 1177) (2100 1764 294 2340 2352 2324)
 (1765 2341 2353 2356 2325 1178 2101) (2342 589 2354 2356 2326 2102 1766)
 (1767 2103 2343 2355 2357 2358 2327 1179) (2344 2104 2352 147 2328 1768)
 (1769 2353 2329 2360 2105 1180 2345) (1770 2360 590 2354 2106 2346 2330)
 (2347 2355 2107 2361 2362 2331 1181 1771) (2108 295 1772 2356 2360 2348 2332)
 (2333 1773 2357 2349 2361 2364 2109 1182)
 (2110 2350 591 1774 2358 2362 2364 2334)
 (1183 2351 1775 2111 2359 2363 2365 2366 2335) (2112 14 2304 1792)
 (1793 2113 2368 2305 1184) (1794 2368 2306 2114 592)
 (1185 2369 1795 2115 2370 2307) (2308 2368 2116 1796 296)
 (2369 1186 2372 2117 2309 1797) (2370 2372 2310 593 2118 1798)
 (1187 2373 2119 2311 1799 2371 2374) (2312 2368 2120 148 1800)
 (2369 1188 2376 1801 2121 2313) (2370 2376 1802 594 2122 2314)
 (2371 1189 2377 2378 1803 2123 2315) (2124 2376 297 2316 2372 1804)
 (2373 1190 2377 1805 2380 2125 2317) (2374 2378 2380 2318 2126 1806 595)
 (2375 1191 2379 2381 2382 2319 1807 2127) (2320 58 2128 2368 1808)
 (2369 2129 1192 2321 2384 1809) (2370 2130 2322 2384 1810 596)
 (2371 2131 1193 2323 2385 2386 1811) (2132 2372 1812 298 2384 2324)
 (2373 2325 1194 2385 2388 2133 1813) (2374 2386 2388 597 2326 2134 1814)
 (1815 2135 2375 1195 2387 2389 2390 2327) (1816 2376 2136 2384 149 2328)
 (2377 1196 2385 2137 2392 1817 2329) (2378 2392 2386 598 2138 2330 1818)
 (2379 1197 2387 2139 2393 2394 1819 2331) (1820 299 2380 2140 2388 2392 2332)
 (1821 2381 1198 2389 2333 2393 2396 2141)
 (2382 2142 1822 2390 599 2394 2396 2334)
 (1199 1823 2383 2143 2391 2395 2397 2398 2335) (2336 2368 2144 29 1824)
 (1825 2145 2337 2369 1200 2400) (1826 2146 2370 2338 600 2400)
 (2401 2402 1827 2147 2371 2339 1201) (2340 1828 2372 300 2148 2400)
 (2401 2404 2149 2341 1829 1202 2373) (2402 2404 2342 2374 601 2150 1830)
 (2403 1831 2405 2375 2343 1203 2151 2406) (1832 2344 2376 150 2152 2400)
 (2401 2377 2408 1833 2153 1204 2345) (2402 2408 1834 2154 2378 602 2346)
 (2403 2409 2410 1835 1205 2155 2379 2347) (2404 2408 2348 301 2156 1836 2380)
 (2405 2409 2157 2412 2381 1206 2349 1837)
 (2406 2410 2412 2350 2158 1838 2382 603)
 (2407 2411 2413 2414 2351 1839 2383 2159 1207) (2352 1840 2384 59 2160 2400)
 (2401 2161 2353 1841 2385 1208 2416) (2402 2162 2354 2386 2416 1842 604)
 (2403 2163 2387 2355 2417 2418 1843 1209) (2164 2356 2404 302 1844 2388 2416)
 (2405 2357 1845 2389 2417 2420 2165 1210)
 (2406 2390 2418 2420 2358 605 2166 1846)
 (1847 2391 2407 2419 2421 2422 2359 1211 2167)
 (1848 2408 2392 2416 151 2360 2168) (2393 2409 2417 2169 2424 1849 1212 2361)
 (2410 2424 2418 2170 2362 1850 606 2394)
 (2411 2395 2419 2171 2425 2426 1851 1213 2363)
 (2172 2412 303 2420 2424 1852 2396 2364)
 (2173 2413 2421 2365 1853 2425 2428 2397 1214)
 (2414 2174 2366 1854 2426 2428 2398 607 2422)
 (1215 2415 1855 2399 2175 2423 2427 2429 2430 2367) (7 2176 2304 1856)
 (1857 2177 2432 2305 1216) (2178 1858 2432 2306 608)
 (1217 2433 1859 2179 2434 2307) (2308 2432 1860 2180 304)
 (2433 1218 2436 2181 2309 1861) (609 2434 2436 2310 2182 1862)
 (2435 2437 2183 2311 1219 1863 2438) (2312 2432 152 2184 1864)
 (2433 1220 2440 1865 2185 2313) (2434 2440 2186 1866 610 2314)
 (2435 1221 2441 2442 1867 2187 2315) (1868 2440 2316 305 2436 2188)
 (2437 1222 2441 1869 2444 2189 2317) (611 2438 2442 2444 2318 1870 2190)
 (2439 1223 2443 2445 2446 2191 1871 2319) (2320 2432 60 2192 1888)
 (1889 2433 1224 2321 2448 2193) (2434 612 1890 2194 2448 2322)
 (1891 1225 2195 2435 2449 2450 2323) (1892 2196 2436 2448 306 2324)
 (1893 2325 1226 2449 2452 2197 2437) (2198 613 2438 2450 2452 2326 1894)
 (2199 2439 1227 2451 2453 2454 2327 1895) (1896 2440 2200 2448 2328 153)
 (1897 1228 2449 2441 2456 2201 2329) (614 2442 2456 2450 1898 2202 2330)
 (1899 1229 2451 2457 2458 2331 2203 2443) (2204 1900 307 2452 2456 2332 2444)
 (1901 2445 1230 2453 2333 2457 2460 2205)
 (615 2446 1902 2206 2454 2458 2460 2334)
 (1903 1231 2447 2335 2455 2459 2461 2462 2207) (2336 2432 2208 30 1920)
 (1921 2209 2337 2433 1232 2464) (2210 1922 616 2338 2434 2464)
 (2465 2466 1923 2211 2339 2435 1233) (2340 2212 1924 308 2464 2436)
 (2465 2468 2437 2341 1925 1234 2213) (2466 2468 2438 617 2214 1926 2342)
 (1927 2467 2469 2343 2439 2470 1235 2215) (2440 2344 2216 1928 154 2464)
 (2465 2441 2472 1929 2217 1236 2345) (2442 2466 2472 2218 618 1930 2346)
 (2467 2473 2474 1931 1237 2219 2347 2443) (2468 2472 2348 2444 309 2220 1932)
 (2469 2473 2445 2476 2221 1238 2349 1933)
 (2470 2474 619 2476 2446 2350 2222 1934)
 (2471 2475 2477 2478 2447 2223 1935 2351 1239) (1952 2352 2448 2224 61 2464)
 (1953 2449 2353 2225 2465 1240 2480) (1954 2354 2226 620 2480 2450 2466)
 (1955 2227 2451 2467 2481 2482 2355 1241) (2468 2228 2452 1956 2480 2356 310)
 (2229 2469 2357 1957 2481 2484 2453 1242)
 (2230 2470 1958 621 2482 2484 2454 2358)
 (2359 1959 2471 2483 2485 2486 2455 1243 2231)
 (2456 1960 2472 2232 2480 2360 155) (2473 1961 2481 2457 2488 2233 1244 2361)
 (2234 2474 1962 2488 622 2482 2362 2458)
 (1963 2483 2489 2490 2363 1245 2235 2459 2475)
 (1964 2476 2484 2236 311 2488 2364 2460)
 (2492 2461 2477 2485 2365 2489 1965 2237 1246)
 (2478 623 2366 2238 2486 2490 1966 2492 2462)
 (1247 2479 2239 2367 2487 1967 2491 2493 2494 2463) (2368 2432 2240 15 1984)
 (1985 2241 2369 2433 1248 2496) (2434 1986 2242 2370 624 2496)
 (1249 2497 1987 2498 2243 2371 2435) (2372 2244 2436 1988 312 2496)
 (2497 1250 2500 2373 1989 2245 2437) (2498 2246 2500 2438 2374 625 1990)
 (2247 2499 2501 2375 2439 1991 1251 2502) (1992 2376 2440 156 2248 2496)
 (2497 2441 1252 2504 1993 2377 2249) (2498 2504 2442 626 1994 2250 2378)
 (2499 1253 2505 2506 1995 2379 2251 2443) (2500 2504 2380 2252 313 2444 1996)
 (2501 1254 2505 2253 2508 2381 2445 1997)
 (2502 2506 2508 2446 1998 627 2382 2254)
 (1255 2503 2507 2509 2510 2255 2383 2447 1999) (2384 2448 2000 2256 62 2496)
 (2497 2257 1256 2512 2001 2449 2385) (2498 2002 2258 2386 2512 2450 628)
 (2499 1257 2259 2387 2451 2513 2514 2003) (2500 2260 2452 2004 2512 2388 314)
 (2501 1258 2005 2513 2516 2389 2261 2453)
 (2262 2502 2390 2514 2516 629 2454 2006)
 (2263 2391 2503 2007 1259 2515 2517 2518 2455)
 (2456 2008 2504 2264 2512 2392 157) (2393 2457 2505 1260 2513 2265 2520 2009)
 (2506 2520 2514 630 2010 2458 2266 2394)
 (2507 1261 2515 2521 2522 2011 2395 2267 2459)
 (2460 2396 2508 2516 2268 2520 315 2012)
 (2269 2509 1262 2013 2517 2521 2461 2524 2397)
 (2510 2398 2270 2518 631 2522 2014 2524 2462)
 (1263 2511 2399 2463 2519 2015 2523 2525 2526 2271)
 (31 2464 2496 2016 2272 2400) (2017 2273 1264 2401 2465 2497 2528)
 (2466 2018 2274 2402 2498 632 2528) (2529 2530 2019 2403 2275 2499 2467 1265)
 (2404 2276 2468 2500 2020 316 2528) (2529 2532 2405 2277 2501 2021 1266 2469)
 (2530 2278 2470 2406 2022 2532 633 2502)
 (2279 2531 2533 2407 2503 2471 2023 1267 2534)
 (2472 2504 2408 2280 2024 158 2528) (2529 2409 2473 2505 2536 2025 2281 1268)
 (2530 2506 2536 2474 2026 634 2282 2410)
 (2283 2531 2537 2538 2507 2411 1269 2027 2475)
 (2028 2536 2412 2532 2284 317 2476 2508)
 (2533 2537 2285 2540 2413 1270 2477 2509 2029)
 (2534 2538 2540 2478 2510 2286 2414 635 2030)
 (2535 2541 2539 2415 2542 2511 2287 1271 2479 2031)
 (2288 2512 2480 2032 2416 63 2528) (2529 2289 2544 2033 2417 2481 2513 1272)
 (2530 2034 2290 2418 2482 2514 2544 636)
 (2531 2419 2291 2515 2483 2545 2546 2035 1273)
 (2532 2292 2484 2516 2036 2420 2544 318)
 (2533 2293 2485 2517 2037 2545 2548 2421 1274)
 (2294 2534 2422 2038 2546 2548 2486 637 2518)
 (2295 2423 2535 2487 2039 2547 2549 2550 2519 1275)
 (2488 2536 2040 2424 2544 2520 159 2296)
 (2425 2489 2521 2537 2545 2297 2552 2041 1276)
 (2522 2538 2552 2546 2042 2490 2298 638 2426)
 (2539 2547 2427 2554 2553 2299 2523 1277 2043 2491)
 (2428 2552 2540 2548 2300 2524 2492 319 2044)
 (2556 2301 2525 1278 2541 2553 2549 2493 2429 2045)
 (2556 2542 2526 2302 2550 2430 2554 2046 2494 639)
 (1279 2431 2543 2303 2551 2495 2047 2555 2557 2558 2527))