(NIL NIL (1 2) NIL (2 4) (1 4) (5 3 6) NIL (2 8) (1 8) (3 9 10) NIL (8 12)
 (4 12) (2 12) (13 9 15) (14 5 15) (1 12) (13 10 18) (14 6 18) (3 15 18)
 (21 16 11 19) (21 7 17 20) NIL (12 24) (8 24) (25 13 26) (4 24) (25 14 28)
 (2 24) (25 15 30) (26 30 9) (27 16 31 32) (5 28 30) (34 29 17 31) (1 24)
 (25 36 18) (26 10 36) (27 37 38 19) (28 36 6) (29 40 37 20) (3 36 30)
 (21 42 37 31) (42 11 38 32) (33 22 43 44 39) (42 34 7 40) (41 35 23 43 46) NIL
 (24 48) (12 48) (49 25 50) (8 48) (49 26 52) (13 50 52) (51 53 27 54) (4 48)
 (49 28 56) (14 50 56) (51 57 29 58) (2 48) (49 60 30) (50 15 60) (51 61 62 31)
 (9 60 52) (61 64 53 32) (64 16 54 62) (33 65 63 55 66) (5 60 56) (61 34 68 57)
 (68 17 58 62) (35 69 63 59 70) (1 48) (49 36 72) (50 18 72) (73 74 51 37)
 (52 10 72) (73 76 53 38) (74 76 54 19) (75 77 39 55 78) (6 56 72)
 (73 80 57 40) (74 80 58 20) (41 81 75 59 82) (3 60 72) (73 42 84 61)
 (21 74 84 62) (43 85 75 63 86) (76 11 84 64) (65 85 44 77 88) (66 88 86 78 22)
 (87 89 90 67 45 79) (7 68 84 80) (81 85 92 69 46) (82 23 92 70 86)
 (83 71 87 93 94 47) NIL (48 96) (24 96) (97 49 98) (12 96) (97 50 100)
 (25 98 100) (99 101 51 102) (8 96) (97 52 104) (98 104 26) (105 106 99 53)
 (13 100 104) (105 108 101 54) (106 27 108 102) (107 109 55 103 110) (4 96)
 (97 56 112) (98 112 28) (113 114 99 57) (14 100 112) (113 116 101 58)
 (114 29 116 102) (115 117 59 103 118) (2 96) (97 60 120) (98 30 120)
 (121 122 99 61) (15 100 120) (121 124 101 62) (122 124 102 31)
 (123 125 63 103 126) (9 120 104) (105 121 128 64) (106 128 122 32)
 (65 129 107 123 130) (124 16 108 128) (125 66 132 109 129)
 (33 130 132 110 126) (131 133 134 111 67 127) (5 120 112) (113 121 68 136)
 (114 136 122 34) (137 138 115 69 123) (124 116 17 136) (137 125 140 117 70)
 (138 35 140 118 126) (139 141 142 119 71 127) NIL (96 144) (48 144)
 (145 97 146) (24 144) (145 98 148) (49 146 148) (147 149 99 150) (12 144)
 (145 100 152) (146 152 50) (153 154 147 101) (25 148 152) (153 156 149 102)
 (154 51 156 150) (155 157 103 151 158) (8 144) (145 160 104) (146 52 160)
 (105 161 147 162) (26 148 160) (161 106 164 149) (162 164 53 150)
 (107 165 163 151 166) (13 160 152) (153 161 108 168) (154 168 54 162)
 (169 170 155 109 163) (27 156 164 168) (169 165 172 157 110)
 (170 172 158 55 166) (111 159 167 171 173 174) (4 144) (145 176 112)
 (146 56 176) (113 177 147 178) (28 148 176) (177 114 180 149) (178 180 57 150)
 (115 181 179 151 182) (14 176 152) (153 177 116 184) (154 184 58 178)
 (185 186 155 117 179) (29 156 180 184) (185 181 188 157 118)
 (186 188 158 59 182) (119 159 183 187 189 190) (2 144) (145 192 120)
 (146 60 192) (121 193 147 194) (148 30 192) (193 122 196 149) (194 196 61 150)
 (123 197 195 151 198) (15 192 152) (153 193 124 200) (154 200 62 194)
 (201 202 155 125 195) (196 156 31 200) (201 197 204 157 126)
 (202 204 158 63 198) (159 199 203 205 206 127) (9 192 160) (161 193 208 128)
 (162 208 194 64) (129 209 163 195 210) (196 208 164 32) (209 130 212 165 197)
 (65 210 212 166 198) (167 131 213 214 211 199) (200 208 16 168)
 (169 201 209 132 216) (210 170 216 202 66) (211 133 217 218 171 203)
 (33 204 172 212 216) (213 134 217 173 220 205) (214 218 220 206 67 174)
 (215 135 219 221 222 175 207) (5 192 176) (177 193 224 136) (178 68 224 194)
 (137 225 179 195 226) (196 34 180 224) (225 138 228 181 197)
 (226 228 69 182 198) (183 139 227 229 230 199) (200 17 224 184)
 (185 201 225 140 232) (226 186 232 70 202) (141 227 233 234 187 203)
 (204 35 188 228 232) (189 142 229 233 236 205) (206 230 71 234 236 190)
 (143 191 231 235 237 238 207) (1 144) (146 240 72) (148 36 240)
 (73 241 150 242) (240 18 152) (241 154 244 74) (242 156 37 244)
 (246 75 245 158 243) (10 240 160) (241 162 76 248) (242 164 38 248)
 (249 250 243 77 166) (244 248 19 168) (249 170 252 245 78)
 (252 250 172 246 39) (174 247 251 253 254 79) (6 240 176) (241 178 256 80)
 (242 180 256 40) (81 257 243 182 258) (256 20 244 184) (257 186 260 245 82)
 (41 258 188 246 260) (259 261 262 83 247 190) (3 240 192) (241 194 84 264)
 (42 196 264 242) (265 266 243 85 198) (21 244 264 200) (265 202 268 245 86)
 (266 43 204 246 268) (87 267 269 270 247 206) (248 11 264 208)
 (249 210 272 265 88) (250 212 44 272 266) (214 89 267 273 274 251)
 (272 22 252 268 216) (218 269 273 276 90 253) (220 270 274 276 45 254)
 (91 222 271 275 277 278 255) (7 256 264 224) (257 226 92 265 280)
 (258 228 46 280 266) (259 267 93 230 281 282) (280 23 260 268 232)
 (261 269 94 281 234 284) (236 262 270 47 282 284) (263 271 286 95 283 285 238)
 NIL (288 144) (288 96) (289 145 290) (288 48) (289 146 292) (97 290 292)
 (291 293 147 294) (288 24) (289 148 296) (290 296 98) (297 298 291 149)
 (49 292 296) (297 300 293 150) (298 99 300 294) (299 301 151 295 302) (288 12)
 (289 304 152) (290 100 304) (153 305 291 306) (50 292 304) (305 154 308 293)
 (306 308 101 294) (155 309 307 295 310) (25 304 296) (297 305 156 312)
 (298 312 102 306) (313 314 299 157 307) (308 51 300 312) (313 309 316 301 158)
 (314 316 302 103 310) (159 311 315 317 318 303) (288 8) (289 320 160)
 (290 320 104) (161 321 291 322) (292 52 320) (321 162 324 293)
 (105 322 324 294) (163 325 323 295 326) (26 320 296) (297 321 164 328)
 (298 322 328 106) (329 330 299 165 323) (300 53 328 324) (329 325 332 301 166)
 (330 107 332 302 326) (327 331 333 334 167 303) (13 320 304) (305 321 336 168)
 (306 108 336 322) (169 337 307 323 338) (308 336 54 324) (337 170 340 309 325)
 (338 340 109 310 326) (327 339 341 342 311 171) (27 328 336 312)
 (313 329 172 337 344) (314 338 344 110 330) (331 339 345 346 315 173)
 (316 340 344 55 332) (333 341 345 348 317 174) (334 111 342 346 348 318)
 (335 319 343 347 349 350 175) (288 4) (289 352 176) (290 352 112)
 (177 353 291 354) (292 56 352) (353 178 356 293) (113 354 356 294)
 (179 357 355 295 358) (28 352 296) (297 353 180 360) (298 360 354 114)
 (361 362 299 181 355) (300 57 356 360) (361 357 364 301 182)
 (362 115 364 302 358) (359 363 365 366 183 303) (14 352 304) (305 353 368 184)
 (306 116 368 354) (185 369 307 355 370) (356 308 58 368) (369 186 357 309 372)
 (370 372 117 310 358) (359 371 373 374 311 187) (29 360 368 312)
 (313 361 188 369 376) (314 376 118 370 362) (363 371 377 378 315 189)
 (372 316 364 59 376) (365 373 377 380 317 190) (366 119 374 378 380 318)
 (367 319 375 379 381 382 191) (288 2) (289 384 192) (290 384 120)
 (193 385 291 386) (60 292 384) (385 194 388 293) (121 386 388 294)
 (195 389 387 295 390) (384 30 296) (297 385 196 392) (298 392 386 122)
 (393 394 299 197 387) (300 61 388 392) (393 389 396 301 198)
 (394 123 396 302 390) (391 395 397 398 199 303) (15 384 304) (305 385 400 200)
 (306 124 400 386) (201 401 307 387 402) (388 308 62 400) (401 202 389 309 404)
 (402 404 125 310 390) (391 403 405 406 311 203) (392 400 31 312)
 (313 393 204 401 408) (314 408 126 402 394) (395 403 409 410 315 205)
 (404 316 396 63 408) (397 405 409 412 317 206) (398 406 410 412 318 127)
 (399 319 407 411 413 414 207) (9 384 320) (321 385 416 208) (322 416 386 128)
 (209 417 323 387 418) (416 324 388 64) (417 210 389 325 420)
 (129 418 420 326 390) (419 421 327 391 211 422) (416 32 392 328)
 (329 393 212 417 424) (330 418 424 394 130) (419 213 425 426 331 395)
 (65 332 396 420 424) (421 214 425 333 428 397) (131 422 426 428 334 398)
 (215 423 427 429 430 335 399) (416 16 400 336) (337 401 432 417 216)
 (338 418 132 432 402) (419 217 403 433 434 339) (66 340 404 420 432)
 (421 218 433 436 405 341) (133 422 434 436 342 406)
 (343 423 219 435 437 438 407) (33 408 432 424 344) (425 220 433 409 440 345)
 (134 426 410 434 440 346) (427 221 435 441 442 347 411)
 (412 428 67 436 440 348) (349 429 222 437 441 444 413)
 (135 430 414 438 442 444 350) (431 223 439 443 445 446 351 415) (5 384 352)
 (353 385 448 224) (354 448 386 136) (225 449 355 387 450) (68 356 388 448)
 (449 226 389 357 452) (137 450 452 358 390) (451 453 359 391 227 454)
 (34 392 448 360) (361 393 228 449 456) (362 450 456 394 138)
 (451 457 458 363 229 395) (456 364 69 396 452) (453 457 365 460 397 230)
 (454 458 139 460 366 398) (455 459 461 462 367 399 231) (400 17 448 368)
 (369 401 464 449 232) (450 370 140 464 402) (451 403 465 466 371 233)
 (404 372 464 70 452) (453 373 465 468 405 234) (454 141 466 468 374 406)
 (375 455 467 469 470 407 235) (35 408 456 464 376) (457 465 409 472 377 236)
 (458 142 410 466 472 378) (459 467 473 474 379 237 411)
 (412 460 468 71 472 380) (381 461 469 473 476 413 238)
 (462 143 414 470 474 476 382) (463 383 471 475 477 478 239 415) (288 1)
 (289 480 240) (292 480 72) (241 481 293 482) (36 480 296) (297 242 484 481)
 (73 482 300 484) (485 243 301 483 486) (480 18 304) (305 481 244 488)
 (74 308 488 482) (489 245 483 309 490) (484 37 488 312) (313 489 492 485 246)
 (490 75 316 486 492) (487 491 493 494 247 317) (10 480 320) (321 481 496 248)
 (482 324 76 496) (249 497 483 325 498) (496 484 38 328) (329 250 500 485 497)
 (498 332 77 486 500) (487 333 499 501 502 251) (488 496 19 336)
 (337 489 252 497 504) (490 504 340 78 498) (491 499 341 505 506 253)
 (504 492 500 39 344) (493 505 501 345 508 254) (348 494 502 506 508 79)
 (349 495 503 507 509 510 255) (6 480 352) (353 481 512 256) (482 356 512 80)
 (257 513 483 357 514) (512 40 484 360) (361 258 516 485 513)
 (81 514 516 364 486) (259 517 518 487 365 515) (512 20 488 368)
 (369 489 260 513 520) (520 82 372 514 490) (515 261 521 522 491 373)
 (41 520 516 492 376) (517 262 521 524 493 377) (83 518 522 524 494 380)
 (263 519 523 525 526 495 381) (3 480 384) (385 481 528 264) (482 388 84 528)
 (265 529 483 389 530) (528 42 484 392) (393 266 532 485 529)
 (532 530 396 85 486) (487 267 397 531 533 534) (21 528 488 400)
 (401 489 268 529 536) (536 490 404 86 530) (491 269 531 405 537 538)
 (532 536 43 492 408) (493 270 537 533 409 540) (412 87 494 534 538 540)
 (413 495 271 535 539 541 542) (528 496 11 416) (417 497 544 529 272)
 (544 498 420 530 88) (545 546 421 531 273 499) (532 544 44 500 424)
 (545 548 425 274 501 533) (546 548 89 428 502 534)
 (547 549 503 429 275 535 550) (536 22 544 504 432) (545 552 433 537 276 505)
 (546 552 90 436 506 538) (547 553 554 277 437 507 539)
 (548 552 440 45 508 540) (549 553 509 556 278 441 541)
 (550 554 91 556 542 444 510) (551 555 557 558 511 279 445 543) (528 7 512 448)
 (449 513 560 529 280) (514 452 560 92 530) (515 453 561 562 531 281)
 (532 560 516 46 456) (517 457 561 564 533 282) (518 460 93 562 564 534)
 (519 461 563 565 566 535 283) (536 560 23 520 464) (561 521 465 568 537 284)
 (522 94 562 468 568 538) (523 563 469 569 570 539 285)
 (524 472 564 47 568 540) (525 569 565 473 572 541 286)
 (572 526 95 566 570 476 542) (573 527 287 567 571 477 574 543) NIL (576 288)
 (576 144) (289 578 577) (576 96) (290 580 577) (145 578 580) (579 581 291 582)
 (576 48) (292 577 584) (578 584 146) (585 586 579 293) (97 580 584)
 (585 588 581 294) (586 147 588 582) (587 589 295 583 590) (576 24)
 (592 577 296) (578 148 592) (297 593 579 594) (98 580 592) (593 298 596 581)
 (594 596 149 582) (299 597 595 583 598) (49 592 584) (585 593 300 600)
 (586 600 150 594) (601 602 587 301 595) (596 99 588 600) (601 597 604 589 302)
 (602 604 590 151 598) (599 603 605 606 591 303) (576 12) (608 577 304)
 (578 608 152) (305 609 579 610) (100 580 608) (609 306 612 581)
 (153 610 612 582) (307 613 611 583 614) (50 608 584) (585 609 308 616)
 (610 586 616 154) (617 618 587 309 611) (588 101 612 616)
 (617 613 620 589 310) (618 155 620 590 614) (615 619 621 622 591 311)
 (25 608 592) (593 609 624 312) (594 156 624 610) (313 625 595 611 626)
 (596 612 102 624) (625 314 613 628 597) (626 628 157 598 614)
 (599 615 627 629 630 315) (51 616 624 600) (601 617 625 316 632)
 (626 602 632 158 618) (603 627 633 634 317 619) (604 620 628 103 632)
 (605 621 629 633 636 318) (606 159 622 630 634 636)
 (607 623 631 635 637 638 319) (576 8) (640 577 320) (578 640 160)
 (321 641 579 642) (580 640 104) (641 322 644 581) (161 642 644 582)
 (323 645 643 583 646) (52 640 584) (585 641 324 648) (586 648 642 162)
 (649 650 587 325 643) (105 644 588 648) (649 645 652 589 326)
 (650 163 652 590 646) (327 647 651 653 654 591) (26 640 592) (593 641 656 328)
 (656 594 164 642) (329 657 595 643 658) (644 106 596 656)
 (657 330 660 597 645) (658 660 165 598 646) (599 647 331 659 661 662)
 (656 648 53 600) (601 649 332 657 664) (602 664 658 166 650)
 (603 333 659 665 666 651) (652 660 107 604 664) (605 653 334 661 665 668)
 (606 654 662 167 666 668) (607 655 335 663 667 669 670) (13 640 608)
 (609 641 672 336) (610 672 642 168) (337 673 611 643 674) (644 612 108 672)
 (673 338 676 613 645) (169 674 676 614 646) (675 677 615 647 339 678)
 (672 648 54 616) (617 649 340 680 673) (618 680 650 674 170)
 (675 681 682 619 341 651) (652 676 620 109 680) (677 681 621 684 653 342)
 (678 682 684 622 654 171) (679 683 685 686 655 623 343) (672 27 656 624)
 (625 657 688 673 344) (626 172 674 688 658) (675 659 689 690 627 345)
 (660 676 628 110 688) (677 661 689 692 629 346) (678 690 692 630 173 662)
 (631 679 691 693 694 663 347) (680 664 688 55 632) (681 689 665 696 633 348)
 (682 690 696 634 666 174) (683 691 697 698 635 349 667)
 (636 684 111 692 696 668) (637 685 693 697 700 669 350)
 (686 670 694 698 700 638 175) (639 687 351 695 699 701 702 671) (576 4)
 (704 577 352) (578 704 176) (353 705 579 706) (580 704 112) (705 354 708 581)
 (177 706 708 582) (355 709 707 583 710) (56 704 584) (585 705 356 712)
 (586 706 712 178) (713 714 587 357 707) (113 588 708 712)
 (713 709 716 589 358) (714 179 716 590 710) (359 711 715 717 718 591)
 (28 704 592) (593 705 720 360) (594 180 720 706) (361 721 595 707 722)
 (114 596 708 720) (721 362 724 597 709) (722 724 181 598 710)
 (599 711 363 723 725 726) (712 57 720 600) (601 713 364 721 728)
 (602 722 728 182 714) (603 365 723 729 730 715) (115 604 728 716 724)
 (605 717 366 725 729 732) (606 718 726 183 730 732)
 (607 719 367 727 731 733 734) (14 704 608) (609 705 736 368) (610 706 736 184)
 (369 737 611 707 738) (612 116 708 736) (737 370 740 613 709)
 (185 738 740 614 710) (739 741 615 711 371 742) (712 58 736 616)
 (617 713 372 737 744) (618 714 738 744 186) (739 745 746 619 373 715)
 (620 117 744 716 740) (741 745 621 748 717 374) (742 746 748 622 718 187)
 (743 747 749 750 719 623 375) (29 720 736 624) (625 721 752 737 376)
 (738 626 188 752 722) (739 723 753 754 627 377) (628 752 118 724 740)
 (741 725 753 756 629 378) (742 754 756 630 189 726)
 (631 743 755 757 758 727 379) (728 744 752 59 632) (745 753 729 760 633 380)
 (730 746 754 760 634 190) (747 755 761 762 635 381 731)
 (732 748 119 756 760 636) (637 749 757 761 764 733 382)
 (750 734 758 762 764 638 191) (639 751 383 759 763 765 766 735) (576 2)
 (768 577 384) (578 768 192) (385 769 579 770) (580 768 120) (769 386 772 581)
 (193 770 772 582) (387 773 771 583 774) (60 768 584) (585 769 388 776)
 (586 776 770 194) (777 778 587 389 771) (121 772 588 776)
 (777 773 780 589 390) (778 195 780 590 774) (391 775 779 781 782 591)
 (768 30 592) (593 769 784 392) (784 594 196 770) (393 785 595 771 786)
 (772 122 596 784) (785 394 788 597 773) (786 788 197 598 774)
 (599 775 395 787 789 790) (784 776 61 600) (601 777 396 785 792)
 (602 792 786 198 778) (603 397 787 793 794 779) (780 788 123 604 792)
 (605 781 398 789 793 796) (606 782 790 199 794 796)
 (607 783 399 791 795 797 798) (15 768 608) (609 769 800 400) (610 800 770 200)
 (401 801 611 771 802) (772 124 612 800) (801 402 804 613 773)
 (201 802 804 614 774) (803 805 615 775 403 806) (800 776 62 616)
 (617 777 404 808 801) (618 808 778 802 202) (803 809 810 619 405 779)
 (780 804 620 125 808) (805 809 621 812 781 406) (806 810 812 622 782 203)
 (807 811 813 814 783 623 407) (800 784 31 624) (625 785 816 801 408)
 (626 204 802 816 786) (803 787 817 818 627 409) (788 804 628 126 816)
 (805 817 820 629 789 410) (806 818 820 630 205 790)
 (631 807 819 821 822 791 411) (808 792 816 63 632) (809 817 793 824 633 412)
 (810 794 818 824 634 206) (811 819 825 826 635 413 795)
 (636 812 820 824 796 127) (637 813 821 825 828 797 414)
 (814 798 822 826 828 638 207) (639 815 415 823 827 829 830 799) (9 768 640)
 (641 769 832 416) (642 832 770 208) (417 833 643 771 834) (772 832 644 128)
 (833 418 836 645 773) (209 834 836 646 774) (419 837 647 775 835 838)
 (776 832 64 648) (649 777 420 833 840) (650 840 778 834 210)
 (835 421 841 842 651 779) (129 780 836 652 840) (837 422 841 653 844 781)
 (211 838 842 844 654 782) (423 839 843 845 846 783 655) (784 832 32 656)
 (657 785 848 833 424) (658 848 212 834 786) (835 425 787 849 850 659)
 (788 130 836 660 848) (837 426 849 852 661 789) (213 838 850 852 662 790)
 (663 839 427 851 853 854 791) (65 848 840 792 664) (841 428 849 793 856 665)
 (214 842 794 850 856 666) (843 429 851 857 858 667 795)
 (131 668 844 852 856 796) (669 845 430 853 857 860 797)
 (215 846 798 854 858 860 670) (847 671 431 855 859 861 862 799)
 (800 832 16 672) (673 801 864 833 432) (674 864 802 834 216)
 (865 866 675 835 433 803) (132 804 836 676 864) (865 868 837 434 805 677)
 (866 868 678 217 806 838) (867 679 869 807 839 435 870) (864 66 840 808 680)
 (865 872 681 841 809 436) (866 872 218 682 842 810)
 (867 873 874 683 811 437 843) (868 133 872 844 812 684)
 (869 873 813 876 845 438 685) (870 874 219 876 686 846 814)
 (871 875 877 878 815 687 847 439) (33 864 848 816 688)
 (865 817 849 880 689 440) (866 850 220 880 690 818)
 (867 851 881 882 691 441 819) (868 134 692 880 820 852)
 (869 693 881 884 853 821 442) (870 822 221 882 884 694 854)
 (695 823 871 883 885 886 855 443) (696 872 824 880 67 856)
 (873 881 825 857 888 697 444) (826 874 888 222 882 858 698)
 (875 827 883 889 890 699 445 859) (860 135 876 884 888 700 828)
 (829 877 885 701 889 892 861 446) (830 878 223 702 886 890 892 862)
 (447 879 703 863 887 891 893 894 831) (5 768 704) (705 769 896 448)
 (706 896 770 224) (449 897 707 771 898) (772 896 708 136)
 (897 450 900 709 773) (225 898 900 710 774) (451 901 902 775 711 899)
 (776 896 68 712) (713 777 897 452 904) (898 714 904 778 226)
 (899 453 905 906 715 779) (137 780 716 900 904) (901 454 905 717 908 781)
 (902 906 908 718 782 227) (903 455 907 909 910 783 719) (896 34 784 720)
 (721 785 897 912 456) (898 722 228 912 786) (899 457 787 913 914 723)
 (788 138 724 900 912) (901 458 913 916 725 789) (902 914 916 229 726 790)
 (727 903 459 915 917 918 791) (912 792 69 904 728) (905 460 913 793 920 729)
 (906 794 914 230 920 730) (907 461 915 921 922 731 795)
 (732 139 908 916 920 796) (733 909 462 917 921 924 797)
 (910 798 918 231 922 924 734) (911 463 735 919 923 925 926 799)
 (896 800 17 736) (737 801 897 928 464) (898 738 928 802 232)
 (929 930 739 803 465 899) (140 804 740 900 928) (929 932 901 466 805 741)
 (930 932 902 806 233 742) (931 933 743 807 467 903 934) (928 808 904 70 744)
 (929 936 745 809 905 468) (930 936 906 810 746 234)
 (931 937 938 747 907 469 811) (932 936 812 141 908 748)
 (933 937 909 940 813 470 749) (814 934 938 940 910 750 235)
 (935 939 941 942 815 751 471 911) (35 816 912 928 752)
 (929 817 913 944 753 472) (930 754 944 914 236 818)
 (931 819 945 946 755 473 915) (932 142 756 820 944 916)
 (933 757 945 948 917 821 474) (934 822 946 948 918 237 758)
 (759 935 919 947 949 950 823 475) (760 936 920 944 71 824)
 (937 945 825 921 952 761 476) (938 952 826 946 762 922 238)
 (939 923 947 953 954 763 477 827) (764 940 924 143 948 952 828)
 (925 941 478 949 953 956 829 765) (830 942 766 950 954 956 926 239)
 (927 943 479 951 767 955 957 958 831) (576 1) (960 577 480) (578 960 240)
 (481 961 579 962) (960 72 584) (585 482 961 964) (241 586 964 962)
 (965 587 963 483 966) (960 36 592) (593 961 484 968) (594 968 962 242)
 (969 970 595 485 963) (73 968 964 600) (601 969 972 965 486)
 (602 243 972 966 970) (487 967 603 973 974 971) (960 18 608) (609 961 976 488)
 (610 976 244 962) (489 977 611 963 978) (74 976 964 616) (617 490 977 980 965)
 (618 980 245 966 978) (967 619 979 981 982 491) (976 968 37 624)
 (625 969 977 492 984) (626 984 246 978 970) (971 493 979 627 985 986)
 (75 972 980 984 632) (973 494 985 981 633 988) (974 982 247 634 986 988)
 (975 990 495 983 635 989 987) (960 10 640) (641 961 992 496) (642 992 962 248)
 (497 993 643 963 994) (964 76 992 648) (649 498 996 965 993)
 (249 650 996 966 994) (995 997 998 967 651 499) (992 968 38 656)
 (657 969 500 1000 993) (658 1000 994 970 250) (995 1001 1002 971 659 501)
 (996 972 77 1000 664) (997 1001 1004 973 502 665) (998 1002 1004 974 666 251)
 (999 1003 1005 1006 975 503 667) (992 976 19 672) (673 977 1008 993 504)
 (674 252 994 1008 978) (675 995 1009 1010 979 505) (996 980 78 1008 680)
 (997 681 1009 1012 981 506) (998 682 1010 1012 982 253)
 (999 683 1011 1013 1014 983 507) (1000 984 1008 39 688)
 (1009 1001 689 1016 985 508) (1010 1002 690 1016 986 254)
 (1003 691 1011 1017 1018 987 509) (696 1004 1012 1016 988 79)
 (1005 1017 1013 697 1020 989 510) (1006 1014 1018 698 1020 990 255)
 (1007 1022 511 1015 1019 1021 699 991) (6 960 704) (705 961 1024 512)
 (706 1024 962 256) (513 1025 707 963 1026) (1024 964 80 712)
 (713 514 1025 1028 965) (257 714 1028 966 1026) (1027 1029 1030 967 715 515)
 (1024 968 40 720) (721 969 1025 516 1032) (1026 722 1032 970 258)
 (1027 517 1033 1034 971 723) (81 972 1028 1032 728)
 (1029 518 1033 1036 973 729) (259 1030 1034 1036 974 730)
 (519 1031 1035 1037 1038 975 731) (1024 976 20 736) (737 977 1025 1040 520)
 (1026 738 260 1040 978) (739 521 1027 1041 1042 979) (82 980 1028 1040 744)
 (1029 745 522 1041 1044 981) (261 1030 746 1042 1044 982)
 (1031 747 1043 1045 1046 983 523) (41 984 1032 1040 752)
 (1041 1033 524 753 1048 985) (262 1042 1034 754 1048 986)
 (1035 525 755 1043 1049 1050 987) (83 760 1036 1044 1048 988)
 (1037 526 1049 1045 761 1052 989) (263 1038 1046 1050 762 1052 990)
 (1039 1054 527 1047 763 1053 1051 991) (3 960 768) (769 961 1056 528)
 (770 1056 962 264) (529 1057 771 963 1058) (964 84 1056 776)
 (777 530 1057 965 1060) (265 778 1060 966 1058) (1059 1061 1062 967 779 531)
 (42 968 1056 784) (785 969 532 1057 1064) (786 1064 1058 970 266)
 (1059 1065 1066 971 787 533) (1064 972 85 1060 792)
 (1061 1065 1068 973 534 793) (1062 1066 267 1068 974 794)
 (1063 1067 1069 1070 975 535 795) (21 976 1056 800) (801 977 1057 1072 536)
 (802 268 1058 1072 978) (803 1059 1073 1074 979 537) (1060 1072 980 86 808)
 (1061 809 1073 1076 981 538) (1062 810 269 1074 1076 982)
 (1063 811 1075 1077 1078 983 539) (1072 43 984 1064 816)
 (1073 1065 817 1080 985 540) (1074 1066 270 818 1080 986)
 (1067 1075 819 1081 1082 987 541) (87 1068 824 1076 1080 988)
 (1069 1081 1077 825 1084 989 542) (1070 271 1078 1082 826 1084 990)
 (1071 1086 543 1079 1083 1085 827 991) (992 11 1056 832)
 (833 993 1057 1088 544) (834 1088 1058 994 272) (545 1089 835 1090 995 1059)
 (1088 996 88 1060 840) (1089 546 1092 1061 841 997)
 (1090 1092 998 842 273 1062) (1091 1093 1063 999 843 547 1094)
 (1088 1000 44 1064 848) (1089 548 1096 1001 849 1065)
 (1090 1096 1066 274 850 1002) (1091 549 1097 1098 1003 851 1067)
 (1068 1096 89 1004 1092 856) (1093 550 1097 1005 1100 1069 857)
 (1094 1098 1100 1006 1070 275 858) (551 1095 1099 1101 1102 1007 1071 859)
 (1088 22 1008 1072 864) (865 1073 552 1104 1009 1089)
 (866 1090 1010 1104 1074 276) (867 553 1091 1075 1105 1106 1011)
 (1092 872 90 1076 1104 1012) (1093 873 554 1105 1108 1077 1013)
 (1094 874 1106 1108 277 1014 1078) (1079 1095 875 1107 1109 1110 1015 555)
 (1096 1080 1104 45 1016 880) (1105 1097 556 881 1081 1112 1017)
 (1106 1098 1112 882 278 1018 1082) (1099 557 1107 883 1113 1114 1019 1083)
 (1084 1112 91 1100 1108 888 1020) (1021 1101 558 1113 1109 889 1116 1085)
 (1102 1086 1110 279 1114 890 1116 1022)
 (1103 1118 559 1111 1087 891 1117 1115 1023) (7 1024 1056 896)
 (897 1025 1057 1120 560) (1026 898 1120 1058 280)
 (1121 1122 899 1027 1059 561) (92 1028 1060 1120 904)
 (1121 1124 1061 905 562 1029) (1122 1124 1030 906 281 1062)
 (1123 1125 1063 1031 907 563 1126) (1064 1032 46 1120 912)
 (1121 1128 1033 913 1065 564) (1122 1128 1034 914 1066 282)
 (1123 1129 1130 1035 915 565 1067) (1124 1128 1036 93 920 1068)
 (1125 1129 1037 1132 1069 566 921) (1126 1130 1132 1038 1070 922 283)
 (1127 1131 1133 1134 1039 1071 567 923) (23 1040 1072 1120 928)
 (929 1073 1136 1041 1121 568) (930 1122 1136 1042 1074 284)
 (1123 931 1075 1137 1138 1043 569) (1124 936 1044 94 1136 1076)
 (1125 937 1045 1137 1140 1077 570) (1126 938 1138 1140 1046 285 1078)
 (1079 1127 939 1139 1141 1142 1047 571) (1128 1080 1136 47 1048 944)
 (1137 1129 945 1081 1144 1049 572) (1138 1130 1144 946 1050 1082 286)
 (1131 1139 947 1145 1146 1051 573 1083) (1084 1144 1132 95 1140 952 1052)
 (1053 1133 1145 1141 953 1148 1085 574)
 (1134 1086 1142 1146 954 1148 1054 287)
 (1135 1150 575 1143 1087 955 1149 1147 1055) NIL (1152 576) (1152 288)
 (1153 577 1154) (1152 144) (578 1153 1156) (289 1156 1154)
 (579 1157 1158 1155) (1152 96) (1153 580 1160) (290 1154 1160)
 (1161 1162 581 1155) (145 1156 1160) (1161 1164 1157 582) (1162 291 1164 1158)
 (1163 1165 583 1159 1166) (1152 24) (1153 1168 592) (1168 1154 296)
 (593 1169 1155 1170) (148 1156 1168) (1169 594 1172 1157) (297 1170 1172 1158)
 (595 1173 1171 1159 1174) (98 1168 1160) (1161 1169 596 1176)
 (1162 1176 1170 298) (1177 1178 1163 597 1171) (1172 1164 149 1176)
 (1177 1173 1180 1165 598) (1178 299 1180 1166 1174)
 (599 1175 1179 1181 1182 1167) (1152 12) (1153 1184 608) (1184 1154 304)
 (609 1185 1155 1186) (1156 1184 152) (1185 610 1188 1157) (305 1186 1188 1158)
 (611 1189 1187 1159 1190) (100 1184 1160) (1161 1185 612 1192)
 (1162 1192 1186 306) (1193 1194 1163 613 1187) (153 1164 1188 1192)
 (1193 1189 1196 1165 614) (1194 307 1196 1166 1190)
 (1191 615 1195 1197 1198 1167) (25 1184 1168) (1169 1185 1200 624)
 (1170 1200 1186 312) (625 1201 1171 1187 1202) (156 1172 1188 1200)
 (1201 626 1189 1173 1204) (313 1202 1204 1174 1190)
 (1191 1203 627 1205 1206 1175) (1200 1192 102 1176) (1177 1193 628 1201 1208)
 (1178 1208 1202 1194 314) (1195 1203 629 1209 1210 1179)
 (1204 1180 157 1196 1208) (1197 1205 630 1209 1212 1181)
 (1198 1206 1210 315 1212 1182) (631 1199 1207 1211 1213 1214 1183) (1152 8)
 (1153 1216 640) (1216 1154 320) (641 1217 1155 1218) (1216 1156 160)
 (1217 642 1220 1157) (321 1218 1220 1158) (643 1221 1219 1159 1222)
 (1216 104 1160) (1161 1217 644 1224) (1162 1224 1218 322)
 (1225 1226 1163 645 1219) (161 1220 1164 1224) (1225 1221 1228 1165 646)
 (1226 323 1228 1166 1222) (647 1223 1227 1229 1230 1167) (26 1216 1168)
 (1169 1217 1232 656) (1170 1232 1218 328) (657 1233 1171 1219 1234)
 (1220 1172 164 1232) (1221 658 1236 1173 1233) (329 1234 1236 1174 1222)
 (1223 1235 659 1237 1238 1175) (106 1232 1224 1176) (1177 1225 660 1233 1240)
 (1178 1240 1234 1226 330) (1227 1235 661 1241 1242 1179)
 (1236 1228 1180 165 1240) (1229 1237 662 1241 1244 1181)
 (331 1230 1238 1242 1244 1182) (663 1231 1239 1243 1245 1246 1183)
 (13 1216 1184) (1185 1217 1248 672) (1186 1248 1218 336)
 (673 1249 1187 1219 1250) (1248 1220 1188 168) (1221 674 1252 1189 1249)
 (337 1250 1252 1190 1222) (675 1253 1191 1223 1251 1254) (1248 1224 108 1192)
 (1193 1225 676 1249 1256) (1194 1256 1250 1226 338)
 (1251 677 1257 1258 1195 1227) (169 1252 1228 1196 1256)
 (1253 678 1257 1197 1260 1229) (1254 1258 1260 1198 1230 339)
 (679 1255 1259 1261 1262 1231 1199) (1248 27 1232 1200)
 (1201 1233 1264 1249 688) (1202 1264 1250 1234 344)
 (1265 1251 1235 689 1266 1203) (1252 1236 1204 172 1264)
 (1253 1265 690 1268 1237 1205) (1254 1266 1268 1206 345 1238)
 (1207 1255 691 1267 1269 1270 1239) (1256 1264 1240 110 1208)
 (1257 1265 1241 692 1272 1209) (1258 1266 1272 1210 346 1242)
 (1259 1267 693 1273 1274 1211 1243) (1212 1260 1268 1272 1244 173)
 (1213 1261 1269 694 1273 1276 1245) (1262 1246 1270 1274 347 1276 1214)
 (695 1263 1215 1271 1275 1277 1278 1247) (1152 4) (1153 1280 704)
 (1280 1154 352) (705 1281 1155 1282) (1156 1280 176) (1281 706 1284 1157)
 (353 1282 1284 1158) (707 1285 1283 1159 1286) (112 1280 1160)
 (1161 1281 708 1288) (1162 1288 1282 354) (1289 1290 1163 709 1283)
 (177 1284 1164 1288) (1289 1285 1292 1165 710) (1290 355 1292 1166 1286)
 (711 1287 1291 1293 1294 1167) (28 1280 1168) (1169 1281 1296 720)
 (1170 1296 1282 360) (721 1297 1171 1283 1298) (1284 1172 180 1296)
 (1297 722 1300 1173 1285) (361 1298 1300 1174 1286)
 (1287 1299 723 1301 1302 1175) (1296 114 1288 1176) (1177 1289 724 1297 1304)
 (1178 1304 1290 1298 362) (1291 1299 725 1305 1306 1179)
 (1292 1300 1180 181 1304) (1293 1301 726 1305 1308 1181)
 (363 1294 1302 1306 1308 1182) (727 1295 1303 1307 1309 1310 1183)
 (14 1280 1184) (1185 1281 1312 736) (1186 1312 1282 368)
 (737 1313 1187 1283 1314) (1284 1312 1188 184) (1313 738 1316 1189 1285)
 (369 1314 1316 1190 1286) (739 1317 1191 1287 1315 1318) (1288 1312 116 1192)
 (1193 1289 740 1320 1313) (1194 1320 1290 1314 370)
 (1315 741 1321 1322 1195 1291) (185 1292 1196 1316 1320)
 (1317 742 1321 1197 1324 1293) (1318 1322 1324 1198 1294 371)
 (743 1319 1323 1325 1326 1295 1199) (1312 29 1296 1200)
 (1201 1297 1328 1313 752) (1202 1328 1298 1314 376)
 (1329 1315 1299 753 1330 1203) (1300 1316 1204 188 1328)
 (1317 1329 754 1332 1205 1301) (1318 1330 1332 1206 377 1302)
 (1207 1319 755 1331 1333 1334 1303) (1320 1304 118 1328 1208)
 (1321 1329 1305 756 1336 1209) (378 1306 1322 1330 1336 1210)
 (1323 1331 757 1337 1338 1211 1307) (1212 1324 1332 1336 1308 189)
 (1213 1325 1333 758 1337 1340 1309) (1326 1310 1334 1338 379 1340 1214)
 (759 1327 1215 1335 1339 1341 1342 1311) (1152 2) (1153 1344 768)
 (1344 1154 384) (769 1345 1155 1346) (1156 1344 192) (1345 770 1348 1157)
 (385 1346 1348 1158) (771 1349 1347 1159 1350) (120 1344 1160)
 (1161 1345 772 1352) (1162 1346 1352 386) (1353 1354 1163 773 1347)
 (193 1164 1348 1352) (1353 1349 1356 1165 774) (1354 387 1356 1166 1350)
 (775 1351 1355 1357 1358 1167) (1344 30 1168) (1169 1345 1360 784)
 (1170 1346 1360 392) (785 1361 1171 1347 1362) (196 1172 1348 1360)
 (1361 786 1364 1173 1349) (393 1362 1364 1174 1350)
 (1351 787 1363 1365 1366 1175) (122 1352 1360 1176) (1177 1353 788 1361 1368)
 (1178 1354 1362 1368 394) (1355 1363 789 1369 1370 1179)
 (1180 197 1368 1356 1364) (1357 1365 790 1369 1372 1181)
 (395 1358 1366 1370 1372 1182) (791 1359 1367 1371 1373 1374 1183)
 (15 1344 1184) (1185 1345 1376 800) (1186 1346 1376 400)
 (801 1377 1187 1347 1378) (1188 1376 1348 200) (1377 802 1380 1189 1349)
 (401 1378 1380 1190 1350) (1379 1381 1191 1351 803 1382) (124 1376 1352 1192)
 (1193 1353 804 1377 1384) (1194 1354 1378 1384 402)
 (1379 805 1385 1386 1195 1355) (201 1196 1384 1356 1380)
 (1381 806 1385 1197 1388 1357) (1382 1386 1388 1198 1358 403)
 (807 1383 1387 1389 1390 1359 1199) (1360 1376 31 1200)
 (1201 1361 1392 1377 816) (1202 1362 1378 1392 408)
 (1393 1379 1363 817 1394 1203) (204 1204 1392 1364 1380)
 (1381 1393 818 1396 1205 1365) (1382 1394 1396 1206 409 1366)
 (1207 1383 1395 819 1397 1398 1367) (1392 1368 1384 126 1208)
 (1385 1393 1369 820 1400 1209) (1386 1400 410 1394 1370 1210)
 (1387 1395 821 1401 1402 1211 1371) (1372 1388 1396 1400 1212 205)
 (1213 1389 1397 822 1401 1404 1373) (1390 1374 1398 1402 411 1404 1214)
 (1399 1391 1215 823 1403 1405 1406 1375) (9 1344 1216) (1217 1345 1408 832)
 (1218 1346 1408 416) (833 1409 1219 1347 1410) (1220 1408 1348 208)
 (1409 834 1412 1221 1349) (417 1410 1412 1222 1350)
 (835 1413 1223 1351 1411 1414) (128 1408 1352 1224) (1225 1353 836 1409 1416)
 (1226 1354 1416 1410 418) (1411 837 1417 1418 1227 1355)
 (209 1412 1228 1356 1416) (1413 838 1417 1229 1420 1357)
 (419 1414 1418 1420 1230 1358) (839 1415 1419 1421 1422 1359 1231)
 (32 1408 1360 1232) (1233 1361 1424 1409 848) (1234 1362 1424 1410 424)
 (1425 1411 1363 849 1426 1235) (1412 1236 212 1364 1424)
 (1413 1425 850 1428 1237 1365) (1414 425 1426 1428 1238 1366)
 (1239 1415 1427 851 1429 1430 1367) (1416 130 1424 1368 1240)
 (1417 1425 1369 852 1432 1241) (1418 426 1432 1426 1370 1242)
 (1419 1427 853 1433 1434 1243 1371) (1372 213 1420 1428 1432 1244)
 (1245 1421 1429 854 1433 1436 1373) (427 1422 1374 1430 1434 1436 1246)
 (855 1423 1247 1431 1435 1437 1438 1375) (16 1408 1376 1248)
 (1249 1377 1440 1409 864) (1440 1250 1378 1410 432)
 (865 1441 1251 1379 1442 1411) (1412 1440 1252 1380 216)
 (1441 866 1444 1253 1381 1413) (1442 1444 1414 433 1382 1254)
 (867 1445 1383 1415 1443 1255 1446) (1416 1440 132 1384 1256)
 (1441 868 1448 1257 1385 1417) (1442 1448 1258 434 1418 1386)
 (1443 869 1449 1450 1259 1387 1419) (1444 1448 217 1420 1388 1260)
 (1445 870 1449 1261 1452 1389 1421) (1452 1446 1450 1390 1422 1262 435)
 (871 1447 1263 1453 1454 1391 1423 1451) (33 1440 1424 1392 1264)
 (1441 1393 1425 1456 1265 880) (1442 1426 1394 1456 1266 440)
 (1457 1443 1395 1427 881 1458 1267) (1444 220 1268 1456 1428 1396)
 (1445 1457 882 1460 1269 1397 1429) (1446 1458 1460 1430 441 1398 1270)
 (1399 1447 883 1459 1461 1462 1431 1271) (1272 134 1448 1400 1456 1432)
 (1449 1457 1401 884 1433 1464 1273) (1450 442 1464 1458 1434 1402 1274)
 (1451 1403 1459 885 1465 1466 1275 1435) (1276 1452 221 1404 1460 1464 1436)
 (1277 1453 1437 1461 886 1465 1468 1405)
 (1406 1454 1278 1462 1466 443 1468 1438)
 (1463 1279 1455 1439 887 1467 1469 1470 1407) (5 1344 1280)
 (1281 1345 1472 896) (1282 1346 1472 448) (897 1473 1283 1347 1474)
 (1472 1284 1348 224) (1473 898 1476 1285 1349) (449 1474 1476 1286 1350)
 (899 1477 1287 1351 1475 1478) (1472 136 1352 1288) (1289 1353 1473 900 1480)
 (1290 1354 1480 1474 450) (1475 901 1481 1482 1291 1355)
 (225 1476 1292 1356 1480) (1477 902 1481 1293 1484 1357)
 (451 1478 1482 1484 1294 1358) (903 1479 1483 1485 1486 1359 1295)
 (34 1360 1472 1296) (1297 1361 1473 1488 912) (1298 1362 1488 1474 456)
 (1489 1475 1363 913 1490 1299) (1476 1300 228 1364 1488)
 (1477 1489 914 1492 1301 1365) (1478 457 1490 1492 1302 1366)
 (1303 1479 1491 915 1493 1494 1367) (138 1480 1368 1488 1304)
 (1481 1489 1369 916 1496 1305) (1482 1496 1490 1370 458 1306)
 (1483 1491 917 1497 1498 1307 1371) (1372 1484 1492 229 1496 1308)
 (1309 1485 1493 918 1497 1500 1373) (459 1486 1374 1494 1498 1500 1310)
 (1495 1487 1311 919 1499 1501 1502 1375) (1472 1376 17 1312)
 (1313 1377 1473 1504 928) (1314 1504 1378 1474 464)
 (929 1505 1315 1379 1506 1475) (1476 1316 1380 1504 232)
 (1505 930 1508 1477 1317 1381) (1506 1508 1318 465 1382 1478)
 (931 1509 1383 1479 1319 1507 1510) (1480 140 1384 1504 1320)
 (1505 932 1512 1321 1385 1481) (1506 1512 1322 466 1482 1386)
 (1507 933 1513 1514 1323 1483 1387) (1324 1508 1512 1484 1388 233)
 (1509 934 1513 1389 1516 1485 1325) (1516 1510 1514 1390 1326 1486 467)
 (935 1511 1515 1517 1518 1391 1487 1327) (35 1392 1488 1504 1328)
 (1505 1393 1489 1520 1329 944) (1506 1490 1394 1520 1330 472)
 (1521 1507 1395 1491 945 1522 1331) (1508 1520 1332 1492 236 1396)
 (1509 1521 946 1524 1493 1333 1397) (1510 1522 1524 1334 473 1398 1494)
 (1399 1511 1335 947 1523 1525 1526 1495) (1512 1336 1400 142 1520 1496)
 (1513 1521 1401 948 1528 1337 1497) (1514 474 1522 1498 1402 1338 1528)
 (1499 1515 1523 949 1529 1530 1339 1403) (1340 1516 1404 1524 1528 1500 237)
 (1405 1517 1525 950 1529 1532 1501 1341)
 (1406 1518 1502 1526 1530 475 1532 1342)
 (951 1519 1503 1527 1531 1343 1533 1534 1407) (1152 1) (1153 1536 960)
 (1536 1154 480) (961 1537 1155 1538) (1156 1536 240) (1537 962 1540 1157)
 (481 1538 1540 1158) (963 1541 1539 1159 1542) (36 1536 1168)
 (1169 1537 1544 968) (1544 1170 484 1538) (969 1545 1171 1539 1546)
 (1540 242 1172 1544) (1545 970 1548 1173 1541) (1546 1548 485 1174 1542)
 (1543 971 1549 1550 1175 1547) (1536 18 1184) (1185 1537 1552 976)
 (1186 1552 1538 488) (977 1553 1187 1539 1554) (1540 1188 244 1552)
 (1553 978 1556 1189 1541) (489 1554 1556 1190 1542)
 (1191 1543 1555 979 1557 1558) (1552 1544 37 1200) (1201 1545 1560 1553 984)
 (1560 1202 492 1554 1546) (1547 1555 1561 1203 985 1562)
 (1548 1556 1204 246 1560) (1205 1549 1557 1561 986 1564)
 (493 1550 1206 1562 1564 1558) (1207 1551 1566 1559 987 1565 1563)
 (10 1536 1216) (1217 1537 1568 992) (1218 1568 1538 496)
 (993 1569 1219 1539 1570) (1540 1568 1220 248) (1569 994 1572 1221 1541)
 (497 1570 1572 1222 1542) (995 1573 1223 1543 1571 1574) (1568 1544 38 1232)
 (1233 1545 1576 1569 1000) (1234 500 1576 1570 1546)
 (1571 1001 1578 1547 1577 1235) (1548 250 1236 1576 1572)
 (1573 1577 1002 1580 1549 1237) (1574 1578 1580 1550 501 1238)
 (1575 1579 1581 1582 1551 1239 1003) (1568 1552 19 1248)
 (1249 1553 1584 1569 1008) (1250 1584 1554 1570 504)
 (1585 1251 1571 1009 1586 1555) (1556 1572 1252 252 1584)
 (1253 1585 1010 1588 1557 1573) (1574 1586 1588 1558 505 1254)
 (1255 1575 1011 1587 1589 1590 1559) (1576 1560 1584 39 1264)
 (1585 1577 1016 1265 1592 1561) (1266 1578 1586 1592 1562 508)
 (1579 1267 1593 1587 1017 1594 1563) (1580 1588 1268 1592 1564 254)
 (1581 1589 1269 1593 1018 1596 1565) (1582 1590 1594 1596 509 1566 1270)
 (1271 1583 1598 1591 1019 1597 1595 1567) (6 1536 1280) (1281 1537 1600 1024)
 (1282 1600 1538 512) (1025 1601 1283 1539 1602) (1540 1600 1284 256)
 (1601 1026 1604 1285 1541) (513 1602 1604 1286 1542)
 (1027 1605 1287 1543 1603 1606) (1544 1600 40 1296) (1297 1545 1601 1608 1032)
 (1298 1608 516 1602 1546) (1603 1033 1610 1547 1609 1299)
 (1548 258 1604 1300 1608) (1605 1609 1034 1612 1549 1301)
 (517 1606 1610 1612 1550 1302) (1607 1035 1613 1614 1551 1303 1611)
 (1552 1600 20 1312) (1313 1553 1601 1616 1040) (1314 1616 1554 1602 520)
 (1617 1315 1603 1041 1618 1555) (1556 1604 1316 260 1616)
 (1605 1617 1042 1620 1557 1317) (1318 521 1618 1620 1558 1606)
 (1319 1607 1619 1043 1621 1622 1559) (41 1608 1560 1616 1328)
 (1617 1609 1048 1329 1624 1561) (1330 1610 524 1618 1624 1562)
 (1611 1619 1625 1331 1049 1626 1563) (262 1612 1620 1332 1624 1564)
 (1613 1333 1621 1625 1050 1628 1565) (525 1614 1622 1626 1628 1566 1334)
 (1623 1615 1630 1335 1051 1629 1627 1567) (3 1536 1344) (1345 1537 1632 1056)
 (1346 1632 1538 528) (1057 1633 1347 1539 1634) (1540 1632 1348 264)
 (1633 1058 1636 1349 1541) (529 1634 1636 1350 1542)
 (1059 1637 1351 1543 1635 1638) (42 1632 1544 1360) (1361 1545 1640 1633 1064)
 (1362 532 1634 1640 1546) (1635 1065 1642 1547 1641 1363)
 (1548 266 1364 1636 1640) (1637 1641 1066 1644 1549 1365)
 (1638 1642 1644 1550 533 1366) (1639 1643 1645 1646 1551 1367 1067)
 (21 1632 1552 1376) (1377 1553 1648 1633 1072) (1378 1648 1554 1634 536)
 (1649 1379 1635 1073 1650 1555) (1556 1636 1380 268 1648)
 (1381 1649 1074 1652 1557 1637) (1638 1650 1652 1558 537 1382)
 (1383 1639 1075 1651 1653 1654 1559) (1640 43 1560 1648 1392)
 (1649 1641 1080 1393 1656 1561) (1650 1642 1394 1656 1562 540)
 (1643 1395 1657 1651 1081 1658 1563) (1652 1644 270 1396 1656 1564)
 (1645 1653 1397 1657 1082 1660 1565) (1646 1654 1658 1660 541 1566 1398)
 (1399 1647 1662 1655 1659 1661 1083 1567) (1632 1568 11 1408)
 (1409 1569 1664 1633 1088) (1410 1634 1664 1570 544)
 (1089 1665 1411 1666 1635 1571) (1572 1412 1664 1636 272)
 (1665 1090 1668 1413 1573 1637) (545 1666 1668 1638 1574 1414)
 (1667 1669 1575 1639 1091 1415 1670) (1576 44 1664 1640 1424)
 (1665 1672 1577 1096 1425 1641) (1666 548 1672 1642 1426 1578)
 (1667 1097 1674 1643 1673 1427 1579) (1580 1668 1672 1644 274 1428)
 (1669 1673 1098 1676 1645 1429 1581) (549 1670 1674 1676 1646 1582 1430)
 (1671 1675 1677 1678 1647 1583 1431 1099) (22 1584 1664 1648 1440)
 (1441 1665 1680 1585 1649 1104) (1666 1442 552 1680 1650 1586)
 (1681 1443 1587 1105 1682 1651 1667) (1652 1444 276 1680 1588 1668)
 (1669 1589 1681 1106 1684 1653 1445) (1670 553 1590 1682 1684 1654 1446)
 (1591 1671 1107 1683 1685 1686 1655 1447) (1672 1592 1680 45 1656 1456)
 (1681 1673 1688 1457 1657 1112 1593) (1682 1674 556 1688 1458 1594 1658)
 (1675 1459 1689 1683 1113 1690 1659 1595) (1660 1676 1460 1684 278 1688 1596)
 (1597 1677 1685 1689 1114 1692 1661 1461)
 (557 1678 1598 1686 1690 1692 1662 1462)
 (1463 1679 1694 1599 1687 1115 1693 1691 1663) (7 1600 1632 1472)
 (1473 1601 1696 1633 1120) (1474 1696 1634 1602 560)
 (1121 1697 1475 1698 1635 1603) (1636 1604 1476 1696 280)
 (1697 1122 1700 1605 1637 1477) (1698 1700 1638 1606 561 1478)
 (1123 1701 1607 1639 1699 1479 1702) (1640 1608 1696 46 1488)
 (1697 1704 1609 1128 1489 1641) (1698 1704 1642 1490 564 1610)
 (1699 1129 1706 1643 1705 1491 1611) (1700 1704 1612 1644 1492 282)
 (1645 1701 1705 1130 1708 1613 1493) (1702 1706 1708 1646 1614 565 1494)
 (1703 1707 1709 1710 1647 1615 1495 1131) (1648 23 1616 1696 1504)
 (1505 1697 1712 1617 1649 1136) (1506 1698 1712 1650 1618 568)
 (1713 1507 1619 1137 1714 1651 1699) (1508 1712 1620 1652 1700 284)
 (1701 1713 1138 1716 1621 1653 1509) (1702 1622 1714 1716 1654 569 1510)
 (1623 1511 1139 1703 1715 1717 1718 1655) (1704 1624 1712 47 1656 1520)
 (1713 1705 1720 1521 1657 1144 1625) (1714 1706 1720 1522 1626 1658 572)
 (1707 1523 1721 1715 1145 1722 1659 1627) (1628 1708 1524 1716 1720 1660 286)
 (1661 1709 1717 1525 1721 1146 1724 1629)
 (1710 1630 1718 1722 1724 573 1662 1526)
 (1527 1711 1726 1631 1719 1147 1725 1723 1663))