(NIL NIL (1 2) NIL (2 4) (1 4) (5 3 6) NIL (4 8) (2 8) (9 5 10) (1 8) (9 6 12)
 (3 10 12) (11 13 7 14) NIL (8 16) (4 16) (17 9 18) (2 16) (17 10 20) (5 18 20)
 (19 21 11 22) (1 16) (17 12 24) (18 24 6) (25 26 19 13) (3 20 24)
 (25 28 21 14) (26 7 28 22) (27 29 15 23 30) NIL (16 32) (8 32) (33 17 34)
 (4 32) (33 18 36) (9 34 36) (35 37 19 38) (2 32) (33 20 40) (34 40 10)
 (41 42 35 21) (5 36 40) (41 44 37 22) (42 11 44 38) (43 45 23 39 46) (1 32)
 (33 48 24) (34 12 48) (25 49 35 50) (6 36 48) (49 26 52 37) (50 52 13 38)
 (27 53 51 39 54) (3 48 40) (41 49 28 56) (42 56 14 50) (57 58 43 29 51)
 (7 44 52 56) (57 53 60 45 30) (58 60 46 15 54) (31 47 55 59 61 62) NIL (32 64)
 (16 64) (65 33 66) (8 64) (65 34 68) (17 66 68) (67 69 35 70) (4 64)
 (65 36 72) (66 72 18) (73 74 67 37) (9 68 72) (73 76 69 38) (74 19 76 70)
 (75 77 39 71 78) (2 64) (65 80 40) (66 20 80) (41 81 67 82) (10 68 80)
 (81 42 84 69) (82 84 21 70) (43 85 83 71 86) (5 80 72) (73 81 44 88)
 (74 88 22 82) (89 90 75 45 83) (11 76 84 88) (89 85 92 77 46) (90 92 78 23 86)
 (47 79 87 91 93 94) (1 64) (65 96 48) (66 96 24) (49 97 67 98) (68 12 96)
 (97 50 100 69) (25 98 100 70) (51 101 99 71 102) (6 96 72) (73 97 52 104)
 (74 98 104 26) (105 106 75 53 99) (76 13 104 100) (105 101 108 77 54)
 (106 27 108 78 102) (103 107 109 110 79 55) (3 96 80) (81 97 112 56)
 (82 28 112 98) (57 113 83 99 114) (84 112 14 100) (113 58 116 85 101)
 (114 116 29 86 102) (103 115 117 118 87 59) (7 104 112 88) (89 105 60 113 120)
 (90 114 120 30 106) (107 115 121 122 91 61) (92 116 120 15 108)
 (109 117 121 124 93 62) (110 31 118 122 124 94) (111 95 119 123 125 126 63)
 NIL (64 128) (32 128) (129 65 130) (16 128) (129 66 132) (33 130 132)
 (131 133 67 134) (8 128) (129 68 136) (130 136 34) (137 138 131 69)
 (17 132 136) (137 140 133 70) (138 35 140 134) (139 141 71 135 142) (4 128)
 (129 144 72) (130 36 144) (73 145 131 146) (18 132 144) (145 74 148 133)
 (146 148 37 134) (75 149 147 135 150) (9 144 136) (137 145 76 152)
 (138 152 38 146) (153 154 139 77 147) (148 19 140 152) (153 149 156 141 78)
 (154 156 142 39 150) (79 143 151 155 157 158) (2 128) (129 160 80)
 (130 160 40) (81 161 131 162) (132 20 160) (161 82 164 133) (41 162 164 134)
 (83 165 163 135 166) (10 160 136) (137 161 84 168) (138 168 162 42)
 (169 170 139 85 163) (140 21 164 168) (169 165 172 141 86)
 (170 43 172 142 166) (167 171 173 174 143 87) (5 160 144) (145 161 176 88)
 (146 44 176 162) (89 177 147 163 178) (164 148 22 176) (177 90 165 149 180)
 (178 180 45 150 166) (167 179 181 182 151 91) (11 168 176 152)
 (153 169 92 177 184) (154 184 46 178 170) (171 179 185 186 155 93)
 (180 156 172 23 184) (173 181 185 188 157 94) (174 47 182 186 188 158)
 (175 159 183 187 189 190 95) (1 128) (129 192 96) (130 192 48)
 (97 193 131 194) (132 192 24) (193 98 196 133) (49 194 196 134)
 (99 197 195 135 198) (12 192 136) (137 193 100 200) (138 200 194 50)
 (201 202 139 101 195) (25 196 140 200) (201 197 204 141 102)
 (202 51 204 142 198) (103 199 203 205 206 143) (6 192 144) (145 193 208 104)
 (208 146 52 194) (105 209 147 195 210) (196 26 148 208) (209 106 212 149 197)
 (210 212 53 150 198) (199 107 211 213 214 151) (208 200 13 152)
 (153 201 108 209 216) (154 216 210 54 202) (203 109 211 217 218 155)
 (204 212 27 156 216) (205 110 213 217 220 157) (206 214 55 218 220 158)
 (207 111 215 219 221 222 159) (3 192 160) (161 193 224 112) (162 224 194 56)
 (113 225 163 195 226) (196 164 28 224) (225 114 228 165 197)
 (57 226 228 166 198) (227 229 167 199 115 230) (224 200 14 168)
 (169 201 116 232 225) (170 232 202 226 58) (227 233 234 171 117 203)
 (204 228 172 29 232) (229 233 173 236 205 118) (230 234 236 174 206 59)
 (231 235 237 238 207 175 119) (224 7 208 176) (177 209 240 225 120)
 (178 60 240 226 210) (227 211 241 242 179 121) (212 228 180 30 240)
 (229 241 244 181 122 213) (230 242 244 182 61 214)
 (183 231 243 245 246 215 123) (232 216 240 15 184) (233 241 217 248 185 124)
 (234 242 218 248 186 62) (235 243 249 250 187 125 219)
 (188 236 31 244 248 220) (189 237 245 249 252 221 126)
 (238 222 246 250 252 190 63) (239 127 247 251 253 254 223 191) NIL (128 256)
 (64 256) (257 129 258) (32 256) (257 130 260) (65 258 260) (259 261 131 262)
 (16 256) (257 132 264) (258 264 66) (265 266 259 133) (33 260 264)
 (265 268 261 134) (266 67 268 262) (267 269 135 263 270) (8 256) (257 272 136)
 (258 68 272) (137 273 259 274) (34 260 272) (273 138 276 261) (274 276 69 262)
 (139 277 275 263 278) (17 272 264) (265 273 140 280) (266 280 70 274)
 (281 282 267 141 275) (35 268 276 280) (281 277 284 269 142)
 (282 284 270 71 278) (143 271 279 283 285 286) (4 256) (257 288 144)
 (258 288 72) (145 289 259 290) (36 260 288) (289 146 292 261) (73 290 292 262)
 (147 293 291 263 294) (18 288 264) (265 289 148 296) (266 296 290 74)
 (297 298 267 149 291) (292 268 37 296) (297 293 300 269 150)
 (298 75 300 270 294) (295 299 301 302 271 151) (9 288 272) (273 289 304 152)
 (304 274 76 290) (153 305 275 291 306) (292 276 38 304) (305 154 308 277 293)
 (306 308 77 278 294) (295 307 309 310 279 155) (304 19 296 280)
 (281 297 156 305 312) (282 312 306 78 298) (299 307 313 314 283 157)
 (300 308 284 39 312) (301 309 313 316 285 158) (302 79 310 314 316 286)
 (303 287 311 315 317 318 159) (2 256) (257 320 160) (258 320 80)
 (161 321 259 322) (260 320 40) (321 162 324 261) (81 322 324 262)
 (163 325 323 263 326) (20 320 264) (265 321 164 328) (266 322 328 82)
 (329 330 267 165 323) (41 268 324 328) (329 325 332 269 166)
 (330 83 332 270 326) (167 327 331 333 334 271) (10 320 272) (273 321 336 168)
 (274 84 336 322) (169 337 275 323 338) (42 276 324 336) (337 170 340 277 325)
 (338 340 85 278 326) (327 171 339 341 342 279) (328 21 336 280)
 (281 329 172 337 344) (282 338 344 86 330) (331 173 339 345 346 283)
 (43 284 344 332 340) (333 174 341 345 348 285) (334 342 87 346 348 286)
 (335 175 343 347 349 350 287) (5 320 288) (289 321 352 176) (290 322 352 88)
 (177 353 291 323 354) (292 44 324 352) (353 178 356 293 325)
 (89 354 356 294 326) (355 357 295 327 179 358) (328 22 352 296)
 (297 329 180 353 360) (298 330 354 360 90) (355 361 362 299 181 331)
 (300 45 360 332 356) (357 361 301 364 333 182) (358 362 364 302 334 91)
 (359 363 365 366 335 303 183) (11 336 352 304) (305 337 368 353 184)
 (354 306 92 368 338) (355 339 369 370 307 185) (308 368 46 340 356)
 (357 341 369 372 309 186) (358 370 372 310 93 342)
 (311 359 371 373 374 343 187) (344 360 368 23 312) (361 369 345 376 313 188)
 (362 346 370 376 314 94) (363 371 377 378 315 189 347)
 (348 364 47 372 376 316) (317 365 373 377 380 349 190)
 (366 350 374 378 380 318 95) (319 367 191 375 379 381 382 351) (1 256)
 (257 384 192) (258 384 96) (193 385 259 386) (384 260 48) (385 194 388 261)
 (97 386 388 262) (195 389 387 263 390) (384 24 264) (265 385 196 392)
 (266 392 386 98) (393 394 267 197 387) (49 388 268 392) (393 389 396 269 198)
 (394 99 396 270 390) (199 391 395 397 398 271) (384 12 272) (273 385 400 200)
 (274 400 100 386) (201 401 275 387 402) (50 388 276 400) (389 202 401 404 277)
 (402 404 101 278 390) (391 203 403 405 406 279) (25 400 392 280)
 (281 393 401 204 408) (282 408 102 402 394) (395 205 403 409 410 283)
 (51 284 396 404 408) (397 206 405 409 412 285) (103 398 406 410 412 286)
 (399 207 407 411 413 414 287) (6 384 288) (289 385 416 208) (290 416 386 104)
 (209 417 291 387 418) (388 292 52 416) (389 210 420 293 417)
 (105 418 420 294 390) (419 421 295 391 211 422) (26 416 392 296)
 (297 393 212 424 417) (298 424 418 394 106) (419 425 426 299 213 395)
 (420 396 300 53 424) (421 425 301 428 397 214) (422 426 107 428 302 398)
 (423 427 429 430 399 303 215) (416 400 13 304) (305 401 432 417 216)
 (306 108 418 432 402) (419 403 433 434 307 217) (420 404 308 54 432)
 (421 309 433 436 405 218) (422 109 434 436 310 406)
 (311 423 435 437 438 407 219) (424 27 408 432 312) (425 433 409 440 313 220)
 (426 110 434 410 440 314) (427 435 441 442 315 221 411)
 (316 428 436 55 440 412) (317 429 437 441 444 413 222)
 (430 111 414 438 442 444 318) (319 431 223 439 443 445 446 415) (3 384 320)
 (321 385 448 224) (322 448 386 112) (225 449 323 387 450) (448 388 324 56)
 (389 226 449 452 325) (113 450 452 326 390) (451 453 327 391 227 454)
 (448 392 28 328) (329 393 449 228 456) (450 330 456 394 114)
 (451 229 457 458 331 395) (57 396 332 452 456) (453 230 457 333 460 397)
 (454 458 460 334 398 115) (231 455 459 461 462 399 335) (448 400 14 336)
 (337 401 449 464 232) (450 338 116 464 402) (451 233 403 465 466 339)
 (58 404 340 452 464) (453 234 465 468 405 341) (454 466 468 117 342 406)
 (343 455 235 467 469 470 407) (408 29 464 456 344) (457 236 465 409 472 345)
 (458 466 118 410 472 346) (459 237 467 473 474 347 411)
 (412 460 468 472 59 348) (349 461 238 469 473 476 413)
 (462 414 470 119 474 476 350) (351 463 239 471 475 477 478 415)
 (448 7 416 352) (353 417 449 480 240) (450 354 480 418 120)
 (481 482 355 451 419 241) (420 356 452 60 480) (481 421 484 453 242 357)
 (482 484 454 121 422 358) (483 485 423 455 359 243 486) (424 456 30 480 360)
 (481 488 361 425 244 457) (482 488 458 426 362 122)
 (483 489 490 363 245 459 427) (364 488 428 484 460 61)
 (485 365 489 461 492 429 246) (430 486 490 492 462 366 123)
 (367 487 491 493 494 463 431 247) (432 464 480 15 368)
 (481 433 465 496 369 248) (482 434 370 496 466 124)
 (483 467 435 497 498 371 249) (484 468 496 436 372 62)
 (437 485 497 500 469 373 250) (486 498 500 470 125 438 374)
 (439 487 375 499 501 502 471 251) (488 472 376 31 496 440)
 (489 497 441 504 377 473 252) (490 504 498 442 378 474 126)
 (491 499 475 505 506 379 253 443) (380 492 500 476 504 444 63)
 (381 477 493 501 505 508 445 254) (446 494 382 502 506 508 478 127)
 (383 255 495 447 503 507 509 510 479) NIL (512 256) (512 128) (513 257 514)
 (512 64) (513 258 516) (129 514 516) (515 517 259 518) (512 32) (513 260 520)
 (514 520 130) (521 522 515 261) (65 516 520) (521 524 517 262)
 (522 131 524 518) (523 525 263 519 526) (512 16) (513 528 264) (514 132 528)
 (265 529 515 530) (66 516 528) (529 266 532 517) (530 532 133 518)
 (267 533 531 519 534) (33 528 520) (521 529 268 536) (522 536 134 530)
 (537 538 523 269 531) (532 67 524 536) (537 533 540 525 270)
 (538 540 526 135 534) (271 535 539 541 542 527) (512 8) (513 544 272)
 (514 544 136) (273 545 515 546) (516 68 544) (545 274 548 517)
 (137 546 548 518) (275 549 547 519 550) (34 544 520) (521 545 276 552)
 (522 546 552 138) (553 554 523 277 547) (524 69 548 552) (553 549 556 525 278)
 (554 139 556 526 550) (551 555 557 558 279 527) (17 544 528) (529 545 560 280)
 (530 140 560 546) (281 561 531 547 562) (532 70 548 560) (561 282 564 533 549)
 (562 564 141 534 550) (551 563 565 566 535 283) (35 552 560 536)
 (537 553 284 561 568) (538 562 568 142 554) (555 563 569 570 539 285)
 (540 564 568 71 556) (557 565 569 572 541 286) (558 143 566 570 572 542)
 (559 543 567 571 573 574 287) (512 4) (513 576 288) (514 576 144)
 (289 577 515 578) (576 516 72) (577 290 580 517) (145 578 580 518)
 (291 581 579 519 582) (576 36 520) (521 577 292 584) (578 522 584 146)
 (585 586 523 293 579) (73 524 580 584) (585 581 588 525 294)
 (586 147 588 526 582) (583 295 587 589 590 527) (18 576 528) (529 577 592 296)
 (530 148 592 578) (297 593 531 579 594) (74 532 580 592) (593 298 581 596 533)
 (594 596 149 534 582) (583 299 595 597 598 535) (584 37 592 536)
 (537 585 593 300 600) (594 538 600 150 586) (587 301 595 601 602 539)
 (75 540 588 596 600) (589 302 597 601 604 541) (590 598 151 602 604 542)
 (303 591 599 603 605 606 543) (9 576 544) (545 577 608 304) (578 546 608 152)
 (305 609 547 579 610) (76 548 580 608) (609 306 581 612 549)
 (153 610 612 550 582) (551 611 613 614 583 307) (584 608 38 552)
 (553 585 308 609 616) (586 554 616 610 154) (611 617 618 555 309 587)
 (612 556 77 588 616) (613 617 557 620 589 310) (614 618 620 558 590 155)
 (615 619 621 622 559 591 311) (19 592 608 560) (561 593 609 624 312)
 (562 156 624 610 594) (611 595 625 626 563 313) (612 564 596 78 624)
 (613 625 628 597 565 314) (614 626 628 566 157 598)
 (567 615 627 629 630 599 315) (624 600 616 39 568) (617 625 601 632 569 316)
 (602 618 626 632 570 158) (619 627 633 634 571 317 603)
 (604 620 79 628 632 572) (573 621 629 633 636 605 318)
 (622 606 630 634 636 574 159) (623 607 575 631 635 637 638 319) (512 1)
 (513 640 384) (514 640 192) (385 641 515 642) (516 640 96) (641 386 644 517)
 (193 642 644 518) (387 645 643 519 646) (48 640 520) (521 641 388 648)
 (522 642 648 194) (649 650 523 389 643) (97 524 644 648) (649 645 652 525 390)
 (650 195 652 526 646) (391 647 651 653 654 527) (24 640 528) (529 641 656 392)
 (530 196 656 642) (393 657 531 643 658) (98 532 644 656) (657 394 660 533 645)
 (658 660 197 534 646) (647 395 659 661 662 535) (49 648 656 536)
 (537 649 396 657 664) (538 658 664 198 650) (651 397 659 665 666 539)
 (660 99 540 652 664) (653 398 661 665 668 541) (199 654 662 666 668 542)
 (655 399 663 667 669 670 543) (12 640 544) (545 641 672 400) (546 642 672 200)
 (401 673 547 643 674) (672 548 644 100) (673 402 676 549 645)
 (201 674 676 550 646) (675 677 551 647 403 678) (50 648 672 552)
 (553 649 404 673 680) (554 650 674 680 202) (675 681 682 555 405 651)
 (556 101 680 652 676) (677 681 557 684 653 406) (678 682 203 684 558 654)
 (679 683 685 686 655 559 407) (25 656 672 560) (561 657 688 673 408)
 (562 204 688 674 658) (675 659 689 690 563 409) (688 564 102 660 676)
 (677 689 692 565 661 410) (678 205 690 692 566 662)
 (567 679 691 693 694 663 411) (688 51 664 680 568) (681 689 665 696 569 412)
 (682 206 690 696 570 666) (683 691 697 698 571 413 667)
 (572 103 684 692 696 668) (573 685 693 697 700 669 414)
 (686 207 670 694 698 700 574) (687 575 415 695 699 701 702 671) (6 640 576)
 (577 641 704 416) (578 642 704 208) (417 705 579 643 706) (580 704 644 104)
 (705 418 708 581 645) (209 706 708 582 646) (419 709 583 647 707 710)
 (52 704 648 584) (585 649 420 705 712) (586 650 712 706 210)
 (707 421 713 714 587 651) (105 708 588 652 712) (709 422 713 589 716 653)
 (710 714 716 590 654 211) (423 711 715 717 718 655 591) (26 656 704 592)
 (593 657 720 705 424) (720 594 212 706 658) (707 425 659 721 722 595)
 (708 106 596 660 720) (709 426 721 724 597 661) (710 722 724 213 598 662)
 (599 711 427 723 725 726 663) (712 720 664 53 600) (713 428 721 665 728 601)
 (714 722 214 728 602 666) (715 429 723 729 730 603 667)
 (668 107 716 724 728 604) (605 717 430 725 729 732 669)
 (718 670 726 215 730 732 606) (719 607 431 727 731 733 734 671)
 (672 13 704 608) (609 673 736 705 432) (736 610 674 706 216)
 (737 738 611 675 707 433) (708 736 612 676 108) (737 740 613 709 434 677)
 (738 740 710 678 217 614) (739 741 679 711 615 435 742) (712 736 680 54 616)
 (737 744 617 681 436 713) (738 744 618 682 218 714)
 (739 745 746 619 437 683 715) (740 744 716 109 684 620)
 (741 745 621 748 685 438 717) (742 746 748 718 622 686 219)
 (743 747 749 750 687 719 439 623) (720 736 27 688 624)
 (737 689 721 752 625 440) (738 722 690 752 626 220)
 (739 691 723 753 754 627 441) (740 692 110 628 752 724)
 (741 693 725 753 756 629 442) (694 742 754 756 630 221 726)
 (695 743 631 755 757 758 727 443) (632 744 696 752 55 728)
 (745 753 697 760 633 444 729) (746 760 754 730 634 698 222)
 (747 755 762 761 699 635 445 731) (760 636 748 111 756 700 732)
 (637 749 757 733 761 764 701 446) (750 638 702 758 762 764 734 223)
 (447 751 735 759 639 763 765 766 703) NIL (768 512) (768 256) (513 770 769)
 (768 128) (514 772 769) (257 770 772) (771 773 515 774) (768 32) (776 769 520)
 (770 260 776) (521 777 771 778) (130 772 776) (777 522 780 773)
 (778 780 261 774) (523 781 779 775 782) (768 8) (784 769 544) (770 784 272)
 (545 785 771 786) (772 784 136) (785 546 788 773) (273 786 788 774)
 (547 789 787 775 790) (34 784 776) (777 785 792 552) (778 276 792 786)
 (553 793 779 787 794) (138 780 792 788) (793 554 796 781 789)
 (794 796 277 782 790) (783 791 795 797 798 555) (768 4) (800 769 576)
 (770 800 288) (577 801 771 802) (772 800 144) (801 578 804 773)
 (289 802 804 774) (579 805 803 775 806) (36 800 776) (777 801 808 584)
 (778 292 808 802) (585 809 779 803 810) (146 780 804 808)
 (809 586 812 781 805) (810 812 293 782 806) (783 807 811 813 814 587)
 (9 800 784) (785 801 816 608) (786 802 816 304) (609 817 787 803 818)
 (788 816 804 152) (817 610 820 789 805) (305 818 820 790 806)
 (611 791 807 819 821 822) (808 38 816 792) (793 809 824 817 616)
 (794 818 308 824 810) (617 795 819 825 826 811) (154 796 824 812 820)
 (618 797 821 825 828 813) (798 814 309 822 826 828)
 (619 815 799 823 827 829 830) (768 2) (770 832 320) (772 832 160)
 (321 833 774 834) (40 832 776) (833 778 324 836) (836 162 780 834)
 (837 835 325 782 838) (10 832 784) (833 786 840 336) (840 834 788 168)
 (337 841 835 790 842) (840 42 836 792) (841 794 340 837 844)
 (844 170 796 838 842) (839 843 845 798 846 341) (5 832 800) (833 802 848 352)
 (848 834 804 176) (353 849 835 806 850) (836 848 44 808) (849 810 356 837 852)
 (852 178 812 838 850) (357 839 814 851 853 854) (848 11 840 816)
 (841 818 856 849 368) (856 842 820 850 184) (843 369 851 822 857 858)
 (852 856 844 46 824) (845 372 853 857 826 860) (828 846 854 858 186 860)
 (847 862 373 855 859 861 830) (768 1) (864 769 640) (770 864 384)
 (641 865 771 866) (864 772 192) (865 642 868 773) (385 866 868 774)
 (643 869 867 775 870) (864 48 776) (777 865 872 648) (778 872 388 866)
 (649 873 779 867 874) (194 868 780 872) (869 650 873 876 781)
 (874 876 389 782 870) (783 871 651 877 878 875) (864 12 784) (785 865 880 672)
 (786 880 866 400) (673 881 787 867 882) (868 788 880 200)
 (869 674 881 884 789) (401 882 884 790 870) (675 791 871 883 885 886)
 (50 880 872 792) (793 873 881 888 680) (794 888 404 882 874)
 (681 795 883 889 890 875) (202 876 796 884 888) (682 877 885 797 889 892)
 (798 878 405 886 890 892) (683 879 799 887 891 893 894) (6 864 800)
 (801 865 896 704) (802 896 866 416) (705 897 803 867 898) (868 804 896 208)
 (869 706 900 805 897) (417 898 900 806 870) (707 901 807 871 899 902)
 (872 52 896 808) (809 873 904 897 712) (810 420 898 904 874)
 (899 713 906 811 905 875) (210 876 812 900 904) (901 905 714 908 877 813)
 (421 902 906 908 814 878) (903 907 909 910 879 815 715) (896 880 13 816)
 (817 881 912 897 736) (818 912 898 882 432) (737 899 883 913 914 819)
 (900 884 820 912 216) (738 901 913 916 885 821) (902 433 914 916 822 886)
 (739 823 903 915 917 918 887) (904 888 54 912 824) (744 905 913 889 920 825)
 (906 914 436 920 826 890) (745 907 915 921 922 827 891)
 (828 908 916 920 218 892) (746 909 829 917 921 924 893)
 (910 894 437 918 922 924 830) (747 911 831 919 923 925 926 895) (3 864 832)
 (833 866 928 448) (834 868 928 224) (449 929 835 870 930) (928 872 836 56)
 (929 874 452 837 932) (226 876 932 838 930) (931 933 934 839 878 453)
 (928 880 14 840) (841 882 929 936 464) (930 842 884 936 232)
 (931 937 938 843 465 886) (58 844 932 936 888) (933 937 940 845 468 890)
 (934 938 940 846 234 892) (935 939 941 942 847 469 894) (928 7 896 848)
 (849 898 929 944 480) (930 850 900 944 240) (481 931 902 945 946 851)
 (852 932 944 60 904) (484 933 906 945 948 853) (934 242 908 946 948 854)
 (485 935 910 947 949 950 855) (912 936 944 15 856) (937 496 945 914 952 857)
 (938 248 946 916 952 858) (939 497 947 918 953 954 859)
 (920 940 948 952 860 62) (941 500 949 953 922 956 861)
 (956 942 950 954 250 924 862) (943 958 501 951 955 957 926 863) NIL (960 768)
 (960 512) (961 769 962) (960 256) (770 961 964) (513 964 962)
 (771 965 966 963) (960 128) (961 772 968) (514 962 968) (969 970 773 963)
 (257 964 968) (969 972 965 774) (970 515 972 966) (971 973 775 967 974)
 (960 64) (516 962 976) (258 964 976) (977 978 517 966) (129 976 968)
 (977 970 980 518) (978 259 972 980) (979 981 974 519 982) (960 32)
 (961 984 776) (984 962 520) (777 985 963 986) (260 964 984) (985 778 988 965)
 (521 986 988 966) (779 989 987 967 990) (130 984 968) (969 985 780 992)
 (970 992 986 522) (993 994 971 781 987) (988 972 261 992)
 (993 989 996 973 782) (994 523 996 974 990) (783 991 995 997 998 975)
 (65 984 976) (977 986 524 1000) (978 988 262 1000) (1001 1002 979 525 990)
 (1000 131 980 992) (1001 994 1004 981 526) (1002 1004 996 982 263)
 (983 998 1003 1005 1006 527) (960 16) (1008 962 528) (1008 964 264)
 (529 1009 966 1010) (1008 132 968) (1009 970 1012 530) (265 1010 972 1012)
 (531 1013 974 1011 1014) (66 1008 976) (977 1009 532 1016) (1010 978 1016 266)
 (1017 1018 979 533 1011) (980 133 1012 1016) (1017 1013 1020 981 534)
 (1018 267 1020 982 1014) (1015 1019 1021 1022 983 535) (33 1008 984)
 (1009 986 1024 536) (268 1010 988 1024) (537 1025 1011 990 1026)
 (1012 1024 134 992) (1025 994 1028 1013 538) (1026 1028 996 269 1014)
 (1015 1027 1029 1030 539 998) (67 1016 1024 1000) (1001 1017 1025 540 1032)
 (1026 1002 1032 270 1018) (1019 1027 1033 1034 1003 541)
 (1004 1020 1028 135 1032) (1021 1029 1033 1036 1005 542)
 (1022 271 1030 1034 1036 1006) (1023 1007 1031 1035 1037 1038 543) (960 8)
 (961 1040 784) (1040 962 544) (785 1041 963 1042) (964 1040 272)
 (1041 786 1044 965) (545 1042 1044 966) (787 1045 1043 967 1046)
 (136 1040 968) (969 1041 788 1048) (970 1042 1048 546)
 (1049 1050 971 789 1043) (273 972 1048 1044) (1049 1045 1052 973 790)
 (1050 547 1052 974 1046) (791 1047 1051 1053 1054 975) (68 1040 976)
 (977 1042 548 1056) (978 1044 1056 274) (1057 1058 979 549 1046)
 (137 980 1056 1048) (1057 1050 1060 981 550) (1060 1058 275 1052 982)
 (1059 1061 1062 551 983 1054) (34 1040 984) (985 1041 1064 792)
 (1064 986 1042 552) (793 1065 987 1043 1066) (1064 988 276 1044)
 (1065 794 1068 989 1045) (553 1066 1068 990 1046)
 (795 1069 1070 991 1047 1067) (1064 138 1048 992) (993 1049 796 1065 1072)
 (1072 994 1050 1066 554) (1067 797 1073 1074 995 1051)
 (1068 1072 996 277 1052) (1069 798 1073 1076 997 1053)
 (555 1070 1074 1076 998 1054) (1071 1075 1077 799 999 1055 1078)
 (1064 1056 69 1000) (1001 1057 556 1080 1066) (1080 1002 1068 278 1058)
 (1059 557 1070 1081 1082 1003) (1060 1080 139 1004 1072)
 (1061 558 1074 1081 1084 1005) (1062 1076 279 1082 1084 1006)
 (1063 559 1078 1083 1085 1086 1007) (17 1040 1008) (1009 1042 1088 560)
 (1088 1010 1044 280) (561 1089 1011 1046 1090) (1088 1012 140 1048)
 (1089 562 1092 1013 1050) (281 1090 1052 1014 1092)
 (1091 1093 1094 1015 563 1054) (1088 1056 70 1016) (1017 1057 564 1096 1089)
 (1018 1096 1058 1090 282) (1091 1097 1098 1019 1059 565)
 (1060 1092 1020 141 1096) (1061 1097 1100 1021 566 1093)
 (1094 1098 1100 1022 283 1062) (1095 1063 1099 1101 1102 1023 567)
 (1088 35 1064 1024) (1025 1066 1104 1089 568) (1068 1026 284 1104 1090)
 (1091 1070 1105 1106 1027 569) (1092 1028 142 1104 1072)
 (1093 1105 1074 1108 1029 570) (1094 1108 1106 1076 1030 285)
 (1095 1107 1109 1078 1031 571 1110) (1096 1080 1104 71 1032)
 (1097 1105 1081 1112 1033 572) (1098 1106 1112 1034 1082 286)
 (1099 1107 1113 1114 1035 573 1083) (1036 1100 143 1108 1112 1084)
 (1037 1101 1109 1113 1116 1085 574) (1102 1086 1110 1114 1116 1038 287)
 (1039 1103 575 1111 1115 1117 1118 1087) (960 4) (961 1120 800) (1120 962 576)
 (801 1121 963 1122) (964 1120 288) (1121 802 1124 965) (577 1122 1124 966)
 (803 1125 1123 967 1126) (144 1120 968) (969 1121 804 1128)
 (970 1122 1128 578) (1129 1130 971 805 1123) (289 972 1128 1124)
 (1129 1125 1132 973 806) (1130 579 1132 974 1126)
 (807 1127 1131 1133 1134 975) (72 1120 976) (977 1122 580 1136)
 (978 1124 1136 290) (1137 1138 979 581 1126) (145 980 1136 1128)
 (1137 1130 1140 981 582) (1138 291 1132 982 1140)
 (583 1134 983 1139 1141 1142) (36 1120 984) (985 1121 1144 808)
 (986 1122 1144 584) (809 1145 987 1123 1146) (292 988 1144 1124)
 (1145 810 1148 989 1125) (585 1146 1148 990 1126)
 (1127 811 991 1147 1149 1150) (146 1128 1144 992) (993 1129 812 1145 1152)
 (1146 994 1130 1152 586) (1153 1154 1131 813 995 1147)
 (1152 996 293 1148 1132) (1153 1156 1133 814 997 1149)
 (1154 1156 587 1134 998 1150) (1155 1157 1158 1135 815 999 1151)
 (73 1136 1144 1000) (1001 1137 588 1160 1146) (1160 1002 1148 294 1138)
 (1161 1162 589 1139 1003 1150) (1160 147 1004 1152 1140)
 (1154 1161 1164 590 1141 1005) (1156 295 1162 1164 1142 1006)
 (1158 1163 1165 1166 591 1143 1007) (18 1120 1008) (1009 1122 1168 592)
 (1168 1010 1124 296) (593 1169 1011 1126 1170) (1168 148 1012 1128)
 (1169 594 1172 1013 1130) (297 1170 1132 1014 1172)
 (1015 1171 1134 595 1173 1174) (1168 74 1136 1016) (1017 1137 596 1169 1176)
 (1176 1018 1138 1170 298) (1019 1139 1171 597 1177 1178)
 (1172 1176 1020 149 1140) (1021 1141 598 1177 1173 1180)
 (299 1022 1174 1178 1180 1142) (1175 599 1023 1143 1179 1181 1182)
 (1168 1144 37 1024) (1025 1146 1184 1169 600) (1184 1026 300 1170 1148)
 (1185 1186 1171 1027 601 1150) (1172 1184 1028 150 1152)
 (1185 1154 1188 1173 1029 602) (1186 1156 301 1188 1030 1174)
 (1187 1189 1158 1175 603 1031 1190) (1176 1184 75 1160 1032)
 (1185 1192 1161 1177 1033 604) (1186 1192 1162 302 1178 1034)
 (1187 1193 1194 1163 1035 605 1179) (1036 1192 1164 1188 151 1180)
 (1189 1193 1181 1196 1165 1037 606) (1190 1194 1196 1166 303 1038 1182)
 (1191 1039 1195 1197 1198 1167 607 1183) (9 1120 1040) (1041 1121 1200 816)
 (1042 1122 1200 608) (817 1201 1043 1123 1202) (1200 1044 1124 304)
 (1201 818 1204 1045 1125) (609 1202 1204 1046 1126)
 (1127 1203 819 1205 1206 1047) (1200 152 1128 1048) (1049 1129 820 1208 1201)
 (1050 1130 1202 1208 610) (1131 1203 821 1209 1210 1051)
 (305 1204 1052 1208 1132) (1133 1205 822 1209 1212 1053)
 (611 1134 1206 1210 1212 1054) (823 1135 1207 1211 1213 1214 1055)
 (1200 76 1136 1056) (1057 1137 612 1216 1202) (1058 1138 1216 1204 306)
 (1217 1218 1059 613 1139 1206) (153 1208 1060 1216 1140)
 (1217 1220 1061 614 1141 1210) (1218 1220 1062 307 1142 1212)
 (1219 1221 1063 615 1143 1214 1222) (1200 1144 38 1064)
 (1065 1145 1224 1201 824) (1066 1224 1146 1202 616)
 (1225 1226 1067 1203 825 1147) (308 1204 1224 1068 1148)
 (1225 1228 1069 1205 826 1149) (617 1226 1228 1070 1206 1150)
 (1227 1229 1230 1071 1207 827 1151) (154 1224 1152 1208 1072)
 (1153 1225 1232 1073 1209 828) (1154 1226 1232 1074 618 1210)
 (1155 1227 1233 1234 1075 1211 829) (1156 1228 1232 1076 309 1212)
 (1157 1229 1233 1236 1077 1213 830) (1158 619 1230 1234 1236 1078 1214)
 (1159 1231 1235 1237 831 1079 1215 1238) (1216 1224 1160 77 1080)
 (1217 1161 1226 620 1240 1081) (1218 1162 1228 310 1240 1082)
 (1219 1163 621 1230 1241 1242 1083) (1220 1164 1232 1240 155 1084)
 (1221 1165 622 1234 1241 1244 1085) (1222 1166 1236 311 1242 1244 1086)
 (1223 1167 623 1243 1245 1246 1087 1238) (1200 19 1168 1088)
 (1089 1169 1248 1202 624) (1090 1248 1204 1170 312)
 (1249 1250 1091 625 1171 1206) (1172 1248 156 1092 1208)
 (1249 1252 1093 626 1173 1210) (1250 1252 1094 1174 313 1212)
 (1251 1253 1254 1095 627 1175 1214) (1216 1248 1176 78 1096)
 (1217 1249 1256 1097 628 1177) (1250 1256 1098 1218 314 1178)
 (1251 1257 1258 1099 1219 629 1179) (1252 1256 1100 1220 1180 157)
 (1221 1257 1260 1101 630 1253 1181) (1254 1258 1260 1102 315 1182 1222)
 (1223 1255 1259 1261 1262 1103 631 1183) (1248 1224 1184 39 1104)
 (1185 1249 1226 1264 1105 632) (1250 1186 1228 1264 1106 316)
 (1251 1187 1230 1265 1266 1107 633) (1252 1108 1264 1188 1232 158)
 (1253 1189 1265 1234 1268 1109 634) (1268 1254 1266 1236 1110 317 1190)
 (1191 1255 1267 1269 1238 1111 635 1270) (1112 1256 1192 79 1264 1240)
 (1193 1257 1265 1241 1272 1113 636) (1194 1258 1272 1266 1242 1114 318)
 (1195 1259 1267 1273 1274 1115 637 1243) (1196 1260 1268 1272 1116 1244 159)
 (1261 1117 1197 1269 1273 1276 1245 638)
 (1262 1118 1198 1270 1274 1276 1246 319)
 (1263 1119 1199 1271 639 1275 1277 1278 1247) (960 2) (961 1280 832)
 (1280 964 320) (833 1281 965 1282) (1280 160 968) (969 834 1284 1281)
 (321 1282 972 1284) (1285 835 973 1283 1286) (1280 80 976) (978 1288 1282 322)
 (161 1284 980 1288) (1289 1290 323 982 1286) (1280 40 984) (985 1281 836 1292)
 (1282 988 324 1292) (837 1283 989 1294 1293) (162 1284 1292 992)
 (993 1293 1285 838 1296) (1296 996 325 1286 1294)
 (839 1287 1295 1297 1298 997) (81 1292 1288 1000) (1289 1002 1300 326 1294)
 (1290 163 1004 1300 1296) (327 1291 1298 1301 1302 1006) (1280 20 1008)
 (1010 1304 1282 328) (1284 1012 164 1304) (329 1305 1306 1014 1286)
 (82 1288 1304 1016) (1289 1018 1308 1305 330) (1290 1020 165 1308 1306)
 (331 1022 1310 1307 1309 1291) (41 1304 1292 1024) (1305 1026 332 1294 1312)
 (1306 1028 166 1312 1296) (1313 1314 333 1298 1030 1307)
 (1308 83 1300 1312 1032) (1313 1316 334 1301 1034 1309)
 (1314 1316 167 1302 1036 1310) (1315 1317 1318 335 1303 1038 1311)
 (10 1280 1040) (1041 1281 1320 840) (1282 1320 1044 336)
 (841 1321 1283 1045 1322) (1284 1320 168 1048) (1049 842 1324 1285 1321)
 (337 1322 1324 1052 1286) (1287 843 1325 1326 1053 1323) (1288 1320 84 1056)
 (1289 1058 1328 1322 338) (169 1290 1324 1060 1328)
 (1062 1291 1326 1329 1330 339) (42 1320 1292 1064) (1065 1321 1332 844 1293)
 (1322 1332 1068 1294 340) (1069 1323 845 1295 1333 1334)
 (1332 170 1324 1296 1072) (1297 1325 846 1073 1333 1336)
 (1326 1298 1076 341 1334 1336) (1327 1299 1077 847 1335 1337 1338)
 (1332 1328 1300 85 1080) (1329 1301 342 1082 1340 1334)
 (1084 171 1330 1302 1336 1340) (343 1342 1331 1303 1338 1341 1086)
 (1320 1304 21 1088) (1305 1090 1344 1322 344) (1306 1324 1092 172 1344)
 (1345 1346 1094 1326 345 1307) (1344 1328 1308 86 1096)
 (1345 1348 1098 1329 346 1309) (1346 1348 1100 173 1330 1310)
 (1347 1349 1350 1102 1331 347 1311) (1332 1344 43 1312 1104)
 (1313 1345 1352 1106 1334 348) (1314 1352 174 1108 1336 1346)
 (1315 1353 1354 1347 1110 1338 349) (1348 1352 1316 87 1112 1340)
 (1317 1353 1356 1114 1341 350 1349) (1350 1354 1356 175 1116 1342 1318)
 (1319 1351 1355 1357 1358 351 1118 1343) (5 1280 1120) (1121 1281 1360 848)
 (1360 1282 1124 352) (849 1361 1283 1125 1362) (1360 1284 176 1128)
 (1129 850 1364 1285 1361) (353 1362 1132 1286 1364)
 (1287 1133 1363 851 1365 1366) (1360 1288 88 1136) (1289 1138 1368 1362 354)
 (177 1290 1140 1364 1368) (355 1291 1142 1369 1370 1366) (1360 1292 44 1144)
 (1145 1361 852 1293 1372) (1372 1362 1148 1294 356)
 (1373 1295 1363 853 1149 1374) (1364 178 1296 1372 1152)
 (1153 1297 1365 854 1373 1376) (1156 357 1298 1366 1374 1376)
 (1377 1378 1157 855 1299 1367 1375) (89 1368 1300 1372 1160)
 (1380 358 1162 1301 1369 1374) (1380 1164 179 1302 1370 1376)
 (1378 1381 1382 359 1166 1303 1371) (1360 1304 22 1168)
 (1305 1170 1384 1362 360) (1364 1306 1172 180 1384)
 (361 1386 1385 1174 1307 1366) (1368 90 1308 1384 1176)
 (1385 362 1388 1369 1178 1309) (1386 1388 181 1370 1180 1310)
 (363 1389 1390 1387 1371 1182 1311) (1372 1312 45 1384 1184)
 (1313 1186 1385 364 1392 1374) (1314 1188 1386 1392 182 1376)
 (1378 1315 1190 1387 365 1393 1394) (1316 1192 1388 1392 1380 91)
 (1381 1194 1389 366 1393 1396 1317) (1318 1196 1390 1394 1396 183 1382)
 (1383 1319 1198 1391 1395 1397 367 1398) (1360 11 1320 1200)
 (1201 1321 1400 1361 856) (1322 1204 1362 1400 368)
 (1323 1401 1363 1205 857 1402) (1364 1324 184 1400 1208)
 (1325 1401 1365 1209 858 1404) (1404 1326 369 1366 1402 1212)
 (1213 1327 1406 1367 859 1405 1403) (1368 1328 92 1400 1216)
 (1218 1329 370 1369 1402 1408) (1220 1330 185 1370 1404 1408)
 (1409 1410 1222 1331 371 1371 1406) (1372 1332 1400 46 1224)
 (1412 1225 1333 1401 860 1373) (1412 1228 372 1334 1402 1374)
 (1413 1414 1229 1335 1403 861 1375) (1412 1232 1336 186 1404 1376)
 (1377 1413 1416 1233 1337 1405 862) (1378 1414 1416 1236 373 1338 1406)
 (1379 1415 1417 1418 1237 1407 1339 863) (1412 1380 1240 1340 93 1408)
 (1409 1381 1414 1420 374 1242 1341) (1410 1382 1416 1420 187 1244 1342)
 (1411 1383 1418 1421 1422 375 1246 1343) (1344 1384 1400 23 1248)
 (1345 1250 1385 1424 376 1402) (1346 1252 188 1386 1424 1404)
 (1347 1254 1387 1425 1426 377 1406) (1348 1256 1388 1424 94 1408)
 (1409 1349 1258 1389 1425 1428 378) (1410 1350 1260 1390 1426 1428 189)
 (1411 1351 1262 1391 1427 1429 1430 379) (1412 1352 1264 47 1424 1392)
 (1425 1414 1353 1393 1266 1432 380) (1394 1416 1354 1426 1268 1432 190)
 (1418 1355 1427 1395 1270 1433 1434 381) (1420 1356 1428 1432 1272 1396 95)
 (1357 1421 1429 1433 1274 1397 1436 382)
 (1436 1422 1358 1430 1434 1276 191 1398)
 (1399 1359 1438 1423 1431 1435 1437 1278 383) (960 1) (961 1440 864)
 (1440 962 640) (865 1441 963 1442) (964 1440 384) (1441 866 1444 965)
 (641 1442 1444 966) (867 1445 1443 967 1446) (192 1440 968)
 (969 1441 868 1448) (970 1448 1442 642) (1449 1450 971 869 1443)
 (385 972 1444 1448) (1449 1445 1452 973 870) (1450 643 1452 974 1446)
 (1447 871 1451 1453 1454 975) (96 1440 976) (977 1442 644 1456)
 (978 1444 1456 386) (1457 1458 979 645 1446) (193 980 1456 1448)
 (1457 1450 1460 981 646) (1460 1458 387 1452 982)
 (647 1454 983 1459 1461 1462) (48 1440 984) (985 1441 1464 872)
 (986 1464 1442 648) (873 1465 987 1443 1466) (388 988 1444 1464)
 (1465 874 1445 989 1468) (649 1466 1468 990 1446)
 (1447 875 991 1467 1469 1470) (194 1448 1464 992) (993 1449 876 1465 1472)
 (994 1472 1450 1466 650) (1473 1474 1451 877 995 1467)
 (1468 996 389 1452 1472) (1473 1476 1453 878 997 1469)
 (1474 1476 651 1454 998 1470) (1475 1477 1478 879 1455 999 1471)
 (97 1456 1464 1000) (1001 1457 652 1480 1466) (1002 1468 390 1480 1458)
 (1481 1482 653 1459 1003 1470) (195 1004 1460 1480 1472)
 (1474 1481 1484 654 1461 1005) (1476 391 1482 1484 1462 1006)
 (1478 1483 1485 1486 655 1463 1007) (24 1440 1008) (1009 1442 1488 656)
 (1010 1444 1488 392) (657 1489 1011 1446 1490) (196 1012 1488 1448)
 (1489 658 1492 1013 1450) (393 1490 1452 1014 1492)
 (1015 659 1454 1491 1493 1494) (98 1456 1488 1016) (1017 1457 660 1489 1496)
 (1018 1490 1496 1458 394) (1019 1459 1491 661 1497 1498)
 (1020 197 1460 1492 1496) (1021 1461 662 1497 1493 1500)
 (395 1022 1494 1498 1500 1462) (663 1463 1023 1495 1499 1501 1502)
 (49 1464 1488 1024) (1025 1466 1504 1489 664) (1026 396 1468 1504 1490)
 (1505 1506 1491 1027 665 1470) (1504 1028 198 1492 1472)
 (1505 1474 1508 1493 1029 666) (1506 1508 397 1476 1030 1494)
 (1507 1509 1478 1495 667 1031 1510) (1504 99 1480 1496 1032)
 (1505 1512 1481 1497 1033 668) (1506 1512 1482 398 1498 1034)
 (1507 1513 1514 1483 1499 669 1035) (1036 199 1512 1484 1508 1500)
 (1509 1513 1501 1516 1485 1037 670) (1510 1514 1516 1486 399 1038 1502)
 (1511 1039 1515 1517 1518 1487 671 1503) (12 1440 1040) (1041 1441 1520 880)
 (1042 1520 1442 672) (881 1521 1043 1443 1522) (1520 1044 1444 400)
 (1521 882 1445 1045 1524) (673 1522 1524 1046 1446)
 (1447 883 1523 1525 1526 1047) (1520 200 1448 1048) (1049 1449 884 1521 1528)
 (1050 1522 1450 1528 674) (1451 1523 885 1529 1530 1051)
 (401 1528 1052 1452 1524) (1453 1525 886 1529 1532 1053)
 (675 1454 1526 1530 1532 1054) (887 1455 1527 1531 1533 1534 1055)
 (1520 100 1456 1056) (1057 1457 676 1536 1522) (1058 1524 1458 1536 402)
 (1537 1538 1059 677 1459 1526) (201 1536 1060 1460 1528)
 (1537 1540 1061 678 1461 1530) (1538 1540 1062 403 1462 1532)
 (1539 1541 1063 679 1463 1534 1542) (50 1464 1520 1064)
 (1065 1465 1544 1521 888) (1544 1066 1522 1466 680)
 (1545 1546 1067 1523 889 1467) (1544 404 1068 1468 1524)
 (1545 1548 1069 1525 890 1469) (681 1546 1548 1070 1526 1470)
 (1547 1549 1550 1071 1527 891 1471) (1544 202 1472 1528 1072)
 (1473 1545 1552 1073 1529 892) (1474 1546 1552 1074 682 1530)
 (1475 1547 1553 1554 1075 1531 893) (1476 1548 1552 1076 405 1532)
 (1477 1549 1553 1556 1077 1533 894) (1478 683 1550 1554 1556 1078 1534)
 (1479 1551 1555 1557 895 1079 1535 1558) (1544 1480 101 1536 1080)
 (1537 1481 1546 684 1560 1081) (1538 1482 1548 406 1560 1082)
 (1539 1483 685 1550 1561 1562 1083) (1540 203 1484 1552 1560 1084)
 (1541 1485 686 1554 1561 1564 1085) (1542 1486 1556 407 1562 1564 1086)
 (1543 1487 687 1563 1565 1566 1087 1558) (25 1488 1520 1088)
 (1089 1489 1568 1522 688) (1568 1090 1490 1524 408)
 (1569 1570 1091 689 1491 1526) (204 1568 1092 1492 1528)
 (1569 1572 1093 690 1493 1530) (1570 1572 1094 1494 409 1532)
 (1571 1573 1574 1095 691 1495 1534) (1568 1536 1496 102 1096)
 (1537 1569 1576 1097 692 1497) (1538 1576 1098 1570 410 1498)
 (1571 1577 1578 1099 1539 693 1499) (1540 1576 1100 205 1572 1500)
 (1541 1577 1580 1101 694 1573 1501) (1574 1578 1580 1102 411 1502 1542)
 (1575 1543 1579 1581 1582 1103 695 1503) (1544 1568 51 1504 1104)
 (1505 1569 1546 1584 1105 696) (1570 1506 1548 1584 1106 412)
 (1571 1507 1550 1585 1586 1107 697) (1508 1572 206 1552 1108 1584)
 (1573 1509 1585 1554 1588 1109 698) (1574 1586 1556 1110 1588 413 1510)
 (1511 1575 1587 1589 1558 1111 699 1590) (1112 103 1576 1512 1584 1560)
 (1577 1513 1585 1561 1592 1113 700) (1514 1578 1592 1586 1562 1114 414)
 (1515 1579 1587 1593 1594 1115 701 1563) (1116 1580 207 1588 1592 1564 1516)
 (1565 1517 1589 1593 1596 1117 702 1581)
 (1596 1582 1118 1590 1594 1518 1566 415)
 (1519 703 1119 1583 1591 1595 1597 1598 1567) (6 1440 1120)
 (1121 1441 1600 896) (1122 1600 1442 704) (897 1601 1123 1443 1602)
 (1600 1124 1444 416) (1601 898 1604 1445 1125) (705 1602 1604 1126 1446)
 (899 1605 1127 1447 1603 1606) (1600 208 1448 1128) (1129 1449 1601 900 1608)
 (1130 1608 1450 1602 706) (1603 901 1609 1610 1131 1451)
 (417 1604 1132 1452 1608) (1605 902 1609 1133 1612 1453)
 (707 1606 1610 1612 1134 1454) (903 1607 1611 1613 1614 1135 1455)
 (1600 104 1456 1136) (1137 1457 1616 708 1602) (1138 1616 1604 1458 418)
 (709 1606 1459 1617 1618 1139) (209 1616 1140 1460 1608)
 (710 1610 1617 1620 1461 1141) (419 1612 1618 1620 1142 1462)
 (1463 711 1614 1619 1621 1622 1143) (1600 52 1464 1144)
 (1145 1465 1601 1624 904) (1146 1624 1466 1602 712)
 (1603 905 1625 1626 1147 1467) (420 1604 1148 1468 1624)
 (1605 906 1625 1628 1469 1149) (1606 713 1470 1626 1628 1150)
 (1607 907 1151 1627 1629 1630 1471) (210 1608 1472 1624 1152)
 (1153 1473 1609 908 1625 1632) (1154 1474 1610 714 1626 1632)
 (1633 1634 1155 1611 909 1475 1627) (1156 421 1612 1476 1628 1632)
 (1633 1636 1477 1613 910 1157 1629) (1634 1636 1158 715 1614 1630 1478)
 (1635 1637 1159 1479 1615 911 1631 1638) (105 1616 1480 1624 1160)
 (1640 1161 716 1617 1481 1626) (422 1640 1162 1618 1482 1628)
 (1641 1642 1163 717 1630 1619 1483) (1484 1640 1164 211 1620 1632)
 (1634 1641 1165 1644 1485 718 1621) (1636 423 1642 1644 1166 1486 1622)
 (1638 1643 1645 1646 1487 719 1623 1167) (26 1488 1600 1168)
 (1169 1489 1648 1602 720) (1170 1490 1604 1648 424)
 (1649 1606 1491 721 1650 1171) (212 1648 1172 1492 1608)
 (1610 1649 722 1652 1173 1493) (425 1612 1650 1652 1174 1494)
 (1175 1651 1614 723 1653 1654 1495) (106 1616 1496 1648 1176)
 (1649 1617 1497 724 1656 1177) (1618 426 1656 1650 1498 1178)
 (1619 1651 725 1657 1658 1179 1499) (1500 1620 1652 213 1656 1180)
 (1181 1621 726 1657 1653 1660 1501) (427 1502 1654 1658 1660 1182 1622)
 (727 1623 1183 1655 1659 1661 1662 1503) (1648 1624 1504 53 1184)
 (1185 1505 1649 728 1626 1664) (1186 1506 428 1650 1628 1664)
 (1665 1666 1187 1507 1651 729 1630) (1188 1508 1652 214 1664 1632)
 (1665 1634 1668 1189 1509 1653 730) (1666 1636 1190 429 1668 1654 1510)
 (1667 1669 1191 1511 1670 1655 731 1638) (1640 1192 107 1512 1656 1664)
 (1665 1672 1193 1641 1513 1657 732) (1666 1514 1672 1194 430 1642 1658)
 (1515 1667 1673 1674 1195 1659 733 1643) (1196 1672 1644 1668 215 1660 1516)
 (1645 1669 1673 1197 1676 1517 1661 734)
 (1670 1674 1676 1646 431 1198 1518 1662)
 (1671 1675 1677 1678 1519 735 1647 1199 1663) (1600 1520 13 1200)
 (1201 1521 1601 1680 912) (1202 1522 1680 1602 736)
 (1681 1603 1523 913 1682 1203) (1604 1204 1680 1524 432)
 (1605 1681 914 1684 1205 1525) (737 1606 1682 1684 1206 1526)
 (1207 1607 915 1683 1685 1686 1527) (1608 216 1680 1528 1208)
 (1609 1681 1529 916 1688 1209) (738 1610 1688 1682 1530 1210)
 (1611 1683 917 1689 1690 1211 1531) (1532 1612 433 1684 1688 1212)
 (1213 1613 1685 918 1689 1692 1533) (739 1614 1534 1686 1690 1692 1214)
 (919 1615 1215 1687 1691 1693 1694 1535) (1616 108 1680 1536 1216)
 (1217 1537 740 1617 1682 1696) (1218 434 1538 1618 1684 1696)
 (1697 1698 1219 741 1539 1619 1686) (1540 1620 1220 1688 217 1696)
 (1697 1700 1541 742 1621 1690 1221) (1698 1700 1222 435 1622 1692 1542)
 (1699 1701 743 1543 1223 1623 1694 1702) (1624 1544 1680 54 1224)
 (1704 1225 1681 1545 920 1625) (1704 1226 744 1682 1546 1626)
 (1705 1706 1227 1683 921 1627 1547) (1228 1704 1548 436 1684 1628)
 (1705 1549 1708 1229 1685 922 1629) (745 1706 1708 1230 1550 1686 1630)
 (1707 1709 1710 1551 1231 1687 923 1631) (1704 1552 1688 218 1232 1632)
 (1633 1553 1705 1712 1233 1689 924) (1634 1554 1706 1712 1234 746 1690)
 (1635 1707 1555 1713 1714 1235 1691 925) (1636 1708 1712 1236 1556 437 1692)
 (1637 1709 1713 1716 1557 1237 1693 926)
 (1638 747 1710 1714 1716 1238 1694 1558)
 (1239 1639 1711 1715 1717 927 1559 1695 1718) (1640 1240 1704 109 1560 1696)
 (1697 1641 1706 748 1561 1720 1241) (1698 1642 1708 1720 438 1562 1242)
 (1699 1643 749 1710 1721 1722 1243 1563) (1244 1644 1712 1700 1720 219 1564)
 (1701 1245 1645 750 1714 1721 1724 1565)
 (1702 1646 1566 1716 439 1722 1724 1246)
 (1703 1725 1647 751 1718 1723 1247 1726 1567) (1648 27 1568 1680 1248)
 (1249 1569 752 1649 1682 1728) (1250 1570 1650 1684 440 1728)
 (1729 1730 1251 1571 753 1651 1686) (1652 1572 1252 1688 220 1728)
 (1729 1732 1253 1573 754 1653 1690) (1730 1732 1254 1654 441 1692 1574)
 (1731 1733 1255 1575 755 1655 1694 1734) (1576 1256 110 1656 1696 1728)
 (1729 1697 1736 1257 1577 756 1657) (1730 1698 1258 1736 442 1578 1658)
 (1731 1737 1738 1259 1699 757 1659 1579) (1732 1736 1580 1260 1700 1660 221)
 (1701 1737 1261 1740 1581 758 1733 1661)
 (1702 1738 1740 1262 1582 443 1662 1734)
 (1703 1735 1739 1741 1742 1583 1263 759 1663) (1704 1264 1584 55 1664 1728)
 (1665 1585 1706 1744 1265 760 1729) (1666 1730 1708 1744 1266 1586 444)
 (1731 1587 1710 1745 1746 1267 1667 761) (1268 1668 1712 1588 1732 1744 222)
 (1669 1733 1589 1745 1714 1748 1269 762)
 (1670 1590 1746 1716 1270 1748 445 1734)
 (1735 1671 1271 1747 1749 1718 1591 763 1750)
 (1736 1672 1720 111 1744 1592 1272) (1673 1721 1737 1745 1593 1752 1273 764)
 (1594 1674 1752 1722 1746 1738 1274 446)
 (1675 1723 1739 1747 1753 1754 1275 765 1595)
 (1276 1676 1724 1740 1748 1752 1596 223)
 (1277 1741 1725 1677 1749 1753 1756 1597 766)
 (1678 1742 1598 1750 1754 1756 1726 447 1278)
 (1679 1758 767 1743 1751 1755 1757 1279 1599 1727) (3 1440 1280)
 (1281 1441 1760 928) (1282 1444 1760 448) (929 1761 1283 1445 1762)
 (1284 1448 1760 224) (1449 930 1764 1285 1761) (449 1762 1452 1286 1764)
 (931 1765 1766 1287 1453 1763) (112 1456 1760 1288) (1289 450 1762 1768 1458)
 (225 1290 1460 1768 1764) (451 1766 1769 1770 1291 1462) (1292 1464 1760 56)
 (1465 1761 932 1293 1772) (1468 1762 452 1294 1772)
 (1763 933 1773 1774 1295 1469) (226 1772 1472 1764 1296)
 (1473 1765 934 1773 1776 1297) (1476 453 1766 1774 1776 1298)
 (1477 935 1767 1775 1777 1778 1299) (113 1772 1300 1768 1480)
 (454 1769 1482 1774 1780 1301) (227 1770 1484 1776 1780 1302)
 (455 1771 1486 1778 1781 1782 1303) (1760 28 1488 1304)
 (1305 1490 1762 1784 456) (1306 228 1784 1492 1764)
 (1766 457 1494 1785 1786 1307) (114 1784 1308 1768 1496)
 (1769 458 1785 1498 1788 1309) (1500 229 1770 1786 1788 1310)
 (1790 1771 1502 1787 1789 459 1311) (57 1784 1504 1772 1312)
 (1313 1506 460 1774 1785 1792) (1314 1508 230 1776 1786 1792)
 (1793 1794 1315 1510 461 1778 1787) (1316 1512 115 1780 1788 1792)
 (1793 1796 1317 1514 462 1781 1789) (1794 1796 1318 231 1516 1782 1790)
 (1795 1797 1798 1319 1518 463 1783 1791) (1520 14 1760 1320)
 (1321 1521 1800 1761 936) (1800 1322 1524 1762 464)
 (1763 937 1802 1323 1801 1525) (1800 1764 1324 1528 232)
 (1765 1801 938 1804 1325 1529) (1766 1802 1804 1326 465 1532)
 (1767 939 1805 1806 1327 1533 1803) (1800 1768 116 1536 1328)
 (1538 1769 1802 1808 1329 466) (1540 233 1770 1804 1808 1330)
 (1542 467 1771 1806 1809 1810 1331) (1800 58 1332 1772 1544)
 (1545 940 1773 1801 1812 1333) (468 1802 1548 1774 1812 1334)
 (941 1803 1549 1775 1813 1814 1335) (234 1804 1552 1812 1336 1776)
 (1777 1805 942 1553 1813 1816 1337) (1806 1778 1556 469 1814 1816 1338)
 (1807 1779 1557 943 1815 1817 1818 1339) (1560 1808 1812 117 1780 1340)
 (1809 1781 470 1562 1820 1341 1814) (1820 235 1810 1782 1816 1564 1342)
 (471 1822 1811 1783 1818 1821 1566 1343) (1800 1568 29 1784 1344)
 (1345 1570 1802 472 1785 1824) (1346 236 1804 1572 1786 1824)
 (1825 1826 1347 1574 1806 473 1787) (1348 1576 1808 118 1788 1824)
 (1825 1828 1349 1578 1809 474 1789) (1826 1828 1350 1580 237 1810 1790)
 (1827 1829 1830 1351 1582 1811 475 1791) (1352 1584 1812 59 1792 1824)
 (1793 1825 1832 1353 1586 1814 476) (1826 1794 1354 1832 238 1588 1816)
 (1795 1833 1834 1355 1827 1590 1818 477) (1796 1832 1356 1828 119 1592 1820)
 (1797 1833 1836 1357 1829 1594 1821 478)
 (1830 1834 1836 1358 239 1596 1822 1798)
 (1831 1799 1835 1837 1838 1359 479 1598 1823) (7 1600 1760 1360)
 (1361 1601 1840 1761 944) (1362 1604 1840 1762 480)
 (1841 1763 1605 945 1842 1363) (1840 1608 1364 1764 240)
 (1765 1609 1841 946 1844 1365) (481 1766 1612 1842 1844 1366)
 (1767 1613 1843 947 1845 1846 1367) (1840 1616 120 1768 1368)
 (482 1618 1769 1842 1848 1369) (1770 241 1620 1848 1370 1844)
 (483 1771 1846 1849 1850 1371 1622) (1840 1372 1772 60 1624)
 (1773 1841 948 1625 1852 1373) (484 1852 1774 1842 1628 1374)
 (1853 1775 1843 949 1629 1854 1375) (1376 1776 242 1844 1852 1632)
 (1377 1633 1777 1845 950 1853 1856) (1378 1636 485 1778 1846 1854 1856)
 (1857 1858 1379 1637 951 1779 1847 1855) (1380 1640 1780 1848 121 1852)
 (1860 1381 486 1642 1781 1849 1854) (1860 1382 1644 243 1782 1850 1856)
 (1858 1861 1383 487 1646 1783 1851 1862) (1840 1784 1648 30 1384)
 (1864 1385 488 1650 1785 1842) (1652 1864 1386 244 1786 1844)
 (489 1866 1387 1865 1654 1787 1846) (1864 1388 1848 122 1788 1656)
 (1865 490 1868 1389 1849 1658 1789) (1866 1868 1390 245 1850 1660 1790)
 (491 1869 1870 1391 1662 1851 1867 1791) (1864 1392 1852 61 1792 1664)
 (1793 1666 1865 492 1872 1393 1854) (1794 1668 1866 1872 1394 246 1856)
 (1858 1795 1670 1867 493 1873 1874 1395) (1796 1860 1672 1868 1872 1396 123)
 (1861 1674 1869 494 1873 1876 1397 1797)
 (1862 1676 1870 1874 1876 1398 247 1798)
 (1863 1799 1678 1871 1875 1877 495 1399 1878) (1800 1840 1680 15 1400)
 (1841 1801 952 1681 1880 1401) (1802 496 1842 1684 1880 1402)
 (1803 1881 1843 1685 953 1882 1403) (1804 1688 1844 1880 248 1404)
 (1805 1881 1845 1689 954 1884 1405) (1884 1806 497 1846 1882 1692 1406)
 (1885 1807 1886 1847 955 1693 1883 1407) (1408 1880 1808 1848 124 1696)
 (1409 1698 1809 498 1849 1882 1888) (1410 1700 1810 249 1850 1884 1888)
 (1889 1890 1411 1702 499 1811 1851 1886) (1412 1704 1812 1880 1852 62)
 (1892 1413 1705 1813 1881 956 1853) (1892 1414 1708 500 1814 1882 1854)
 (1893 1894 1415 1709 1815 1883 957 1855) (1892 1416 1712 1816 250 1884 1856)
 (1857 1893 1896 1417 1713 1817 1885 958)
 (1858 1894 1896 1418 1716 501 1818 1886)
 (1859 1895 1897 1898 1419 1717 959 1819 1887)
 (1860 1420 1892 1720 1820 125 1888) (1889 1861 1894 1900 1421 502 1722 1821)
 (1890 1862 1896 1900 1422 251 1724 1822)
 (1891 1863 1898 1901 1902 1423 503 1726 1823) (1864 31 1424 1880 1728 1824)
 (1825 1730 1865 1904 1425 504 1882) (1826 252 1866 1904 1426 1732 1884)
 (1827 1734 1867 1905 1906 1427 505 1886) (1828 1736 1868 1904 1428 126 1888)
 (1889 1829 1738 1869 1905 1908 1429 506)
 (1890 1830 1740 1870 1906 1908 1430 253)
 (1891 1831 1742 1871 1907 1909 1910 1431 507)
 (1892 1832 1872 1904 1432 1744 63) (1905 1894 1833 1873 1746 1912 1433 508)
 (1896 1834 1874 1748 1912 1434 254 1906)
 (1898 1835 1907 1875 1750 1913 1914 1435 509)
 (1912 1900 1908 1836 1876 1752 1436 127)
 (1837 1901 1877 1913 1754 1916 1437 510 1909)
 (1916 1902 1838 1878 1914 1756 1438 255 1910)
 (1911 1439 1903 1918 1839 1879 1915 1917 1758 511))