(NIL NIL NIL (3) (1 4 2) (3 2) NIL (7) NIL (9 5) (9 2) (8 11) (1 8 11) (13)
 (5 13 6) (15) (14 6) (10 17) (12 18) (19) (19 16) (15 17) (16 22) (22 18)
 (12 24) (24) (23 26) (12 26 16) (24 21) (18) (20 30 16) (31 22) (29 31)
 (20 27 21) (33 25 34) (27 31) (33 25 36) (35 37) (38 28) (39) (38) (41 39)
 (35 28) (43 38) (42 44) (45 32 40) (46) (47) (48) (48) (49 50) (51) (48)
 (51 53) (45) (55 53) (55 54) (57) (57) (59 56) (60) (61 52) (61) (61 52) (64)
 (65) (61) (60 52) (65 68) (58 69 62) (70) (66 71) (66 68) (73 70) (74 67) (75)
 (76 63) (74 71) (76 78) (78 63) (77 78) (58 66 68) (82 77 79) (83) (74 67 82)
 (81 85) (85 71) (86 87) (87 72) (89 84) (89 86 79) (90 91 88 80) (92) (92)
 (85 79) (80 95 72) (92 96) (91 96) (98 93) (98 94) (92 95) (98 101 94)
 (84 95 80) (99 103) (94 104) (100 104) (97 106 102) (102 104) (94 104)
 (107 108 109) (107 109) (111) (107 109) (113 111) (105 114 110) (105 113 108)
 (115 116) (81 103 87) (113 108 118 112) (110 119) (114 120) (120) (122 115)
 (114 122) (105 120) (115 120) (122 126) (125 127) (123 116 125 127) (125 126)
 (130 123 117) (129 130) (105 114 119) (121 130 133 117 127) (134 128)
 (123 124 135) (122 133 130) (137 116 127) (138 131 132 128) (139 134)
 (121 139) (138 131 134) (139 124 142) (131 133) (129 144 136) (145 141)
 (145 140) (145 141 142) (148) (149) (150) (146 151) (152) (146 151) (151)
 (146 155) (153 155) (146 155) (158) (159 143) (157 160) (161) (147 158 152)
 (154 163) (161 164) (165) (166) (167) (154 147 158 152) (169 165) (170)
 (171 156 168) (172) (171 166) (170 168) (173 174 175) (176) (162 176) (176)
 (179) (177 178 179) (180 181) (181) (182 183) (184) (183) (186 180) (186)
 (188) (182 183) (190) (186 190) (187 189 191 192) (190) (185 194 192) (195)
 (196) (197) (197 189) (193 197) (187 196 189 191) (201 198) (193 202)
 (193 201) (204 198 200) (204) (202 206) (207 200) (205 208) (209) (209 199)
 (211) (205 208) (210 213 199) (207) (211 215) (216) (217 213) (210 203 218)
 (219) (219 212) (205 215) (203 222 211 214) (221 223) (224) (212 222 220)
 (226 214) (227 224) (226 224) (227 229) (230) (219 212 222) (220 223 232)
 (225 233) (234 231) (234 227) (235 228 236) (236 229) (228 238) (235 239)
 (240) (239 231) (242 237) (243 240) (242 237) (243 245 240) (237 239)
 (245 247) (228 238) (241 249 243 245) (250 244 247) (250 248) (252) (244 253)
 (244 252) (249 248) (250 244 256) (257 251 252) (258) (257 251 253) (258 260)
 (261) (259 246 262) (259 262) (246 255 262) (265 259) (261) (267 246)
 (265 268) (266 269 264) (268 255) (267 254) (270 263 272) (259 267 255)
 (266 269 254 274) (275 264) (275 263 272) (273 277 271) (278) (276 277 271)
 (280) (273 281) (282 278) (283) (284) (282 279) (284 286) (287) (288) (289)
 (290) (287) (291 292) (282 278) (294 287) (281 278) (296 288)
 (291 292 285 296) (297 298) (299) (299 293) (297 298) (302) (281 279)
 (298 304) (305 301 303 295) (306) (297 295 304) (308 300 301) (305 309) (310)
 (305 309) (311 312) (306 311 312) (307 310 312) (315 311) (314 316) (316)
 (314 318) (314 316) (313 317 318 320) (321) (320) (323 318) (324 319)
 (321 324) (326) (324 317 319) (318 320) (329) (321 330) (321 330 328)
 (330 324 319) (333 332 325) (333 332 325 326) (331 335 327) (322 325 326 330)
 (337 336) (321 330) (339 327 328) (337 340 335) (338 341) (342) (342) (344)
 (322 340) (338 334 346) (347) (346 342) (349) (345 348 350) (348 350)
 (345 352) (353) (353 343) (347 349 343) (356 351) (357) (353 358) (353 356)
 (345 356 348) (361) (362 355) (363) (362 352) (362 359) (363 366)
 (365 367 360) (355 366) (361 355 358) (370 367) (354 360 364 365 367 370)
 (370 363) (373 366) (361 350) (371 375) (369 354 364 374 376)
 (354 376 373 360) (354 373 376) (378 372 379) (378 379) (380 381 368)
 (374 382) (383) (369 378 365) (385) (377 383 386) (387) (377 384 386)
 (385 382) (390) (384 391) (387 391) (393) (394) (394) (396 392) (395 396 392)
 (374 391) (384 388 399) (396 400) (401 389) (377 383 386 390)
 (403 388 398 399) (395 397 403 399) (389 405 398) (405 398) (407)
 (389 404 408) (409 402) (410) (411) (412 406) (413) (414) (415) (416)
 (389 407) (418 414) (418 404 408) (420 415) (421) (417 422) (423) (417 421)
 (425) (421) (425 427) (428) (419 429) (430 423) (431 424) (422 430) (429 422)
 (433 434 432) (435) (434 419 423) (430 437) (433 438 424) (426 438 432) (440)
 (435) (442) (441 443) (444) (440 442) (439 436 443 446) (445 447) (447) (449))