(NIL NIL NIL (3 2) (1 4) (3 2) (6) (6) (1 7 8) (5 9) (8) (10 11) (8) (12 13)
 (10 13) (9 13) (4 16) (17 12) (18) (19) (20) (4 16) (21 14 22) (18 14) (24 22)
 (12 16) (25 26) (26 24 22) (28 27 20 15) (28 20) (29 30 23) (30 15 23) (28 23)
 (25 26 15) (34 27 20) (35 32) (34 21) (37 23) (38 31 32) (39) (33 39)
 (25 26 21) (42 37 32) (43 40) (44) (36 44) (36 44) (33 42 36 39) (41 44 48)
 (27 37 30) (41 50 45 47) (50 43 48) (41 50 48 45 47) (53 49) (50 44)
 (55 45 47) (33 56) (41 52 57 46) (57 46) (59 49) (51 53 60) (58 54 61) (58 60)
 (63 53) (64) (64 62) (66) (60) (68 65 54) (68 64 61) (54 70) (66 70) (67 72)
 (73) (73) (73) (74 76) (75 77) (74 76) (78 79) (69 80) (76) (65 82 80) (83)
 (81 84) (83) (82 80) (83 87 71) (84 87) (89) (85 87 71) (83 87) (91 92)
 (90 93) (94 88) (83 87) (90 85 96) (89 96 86 88) (98 85) (90 91 92 98)
 (90 85 98) (90 85 98) (93 102) (90 91 86 96) (102 104) (105 99 100 101) (106)
 (97 107 95) (97 105 94) (106 109) (107 110) (108 111) (107 110 95) (110 95)
 (114) (113 115 108) (115 108 103) (116 117 111) (118) (119) (117) (121 116)
 (122) (122 120 112) (124) (113 121) (123 125 126) (126) (122 128) (129 123)
 (130) (130 111) (118 128) (129 133 127) (132 134) (125 128) (132 134 136)
 (130 133 136) (138 131 134) (139) (137 140 135) (141) (141) (132 140)
 (143 144) (142 144) (137 140) (147 141 144) (148) (149) (149) (146 148 143)
 (152) (152) (145 154) (155 149) (155 151) (155 151) (158) (154 151) (156 160)
 (153 161 159) (161 158) (158 160) (163 164 150) (165) (162 166) (164 157)
 (163 168) (169) (153 169 166 159) (169 165 159) (172) (173 167) (174)
 (170 175) (175) (162 150 168) (178 176) (170 175 178) (178 176) (178 171 174)
 (177 180 181 182) (182) (177 180 182 176) (170 182 175) (186) (185 187) (188)
 (189) (188 183) (190 191) (191 184) (193 192) (194 179) (195) (196) (195)
 (198) (198) (195) (194) (202 196 200) (203) (204 197) (205) (201 206 199)
 (207) (207) (205) (201 205) (211 208) (202 199) (212 213) (214) (213 207)
 (216) (215 216) (209 218) (218) (210 211 216) (209 221 215) (218 222)
 (217 219 223) (217 219 222) (218 222) (226 223) (227) (217 226 219 220)
 (229 224) (230) (227 231) (225 232) (225 231) (227 231) (226 223) (236 232)
 (237) (234 238) (236 229) (225 228 240) (233 240) (241 242) (233 235 240)
 (233 228 236) (241 234 245 238 242) (235 246 239) (247) (248) (243 248)
 (243 247) (249 250 251 244) (249 250 251 244) (253) (254) (251 244) (254 256)
 (255 256) (258 252) (257 259) (258) (257 252 261) (262) (261) (263 264)
 (265 259) (259 263 264) (257 252 261) (268 264) (266 260 269) (270) (271)
 (272) (272) (274) (275) (270) (267 277) (278) (273 274 279) (273 278)
 (273 275 278) (278) (273 274 277) (282 284) (283 285 280) (284 267 276)
 (286 287) (288) (288) (288) (281 289 291 290) (282 287) (293 285 279)
 (281 283 294) (289 295) (292 296) (290 294) (298 292) (299) (300)
 (281 290 291 293) (302 296) (303) (301 304) (305) (306) (297 307) (301 304)
 (297 304) (299 310) (307 311) (308 312) (311) (314 312) (313 315) (305 314)
 (317 307 309) (306 310) (308 319) (317 320 309 312) (309 319 311)
 (315 309 319) (323 320) (321 324 316) (324 317) (322 326) (313 321 327)
 (323 317 320) (329 324) (322 316 326 330) (331 318 327) (321 332) (330)
 (316 318 334 328) (325 335) (331 336) (335) (335) (329 325 328) (337 340)
 (339 341) (333 342) (338 341) (339 332 344) (340) (346 339 336) (347 343)
 (337 347 333) (338 349) (331 347) (342 351 350) (345 333 351) (338 331 347)
 (354 348 352) (353 355) (355 344) (353 357) (358) (356 359) (360)
 (354 348 352) (353 354 348 352) (363 358) (364) (365 360) (364) (362 356 367)
 (368) (361 369) (370 365) (369 360) (372 365) (371 373) (374) (370 372)
 (371 376) (377 366 375) (378) (379) (378) (378) (378) (380 383) (383)
 (385 380) (386) (387 381 382) (386 381 384) (386 382 384) (380 382 383)
 (386 391) (381 392) (388 392 384) (394 390) (394 389) (396) (397 390) (396)
 (389 391) (400) (401 396) (401 397) (403 398) (393 404) (405) (395 406 399)
 (407) (395 406) (402 405) (410) (395 411) (412 406 399) (409 413)
 (395 411 399) (406 415) (416 413 408) (409 417) (413 415) (419 416 408)
 (417 419) (420 421) (418 422) (423) (417 419) (425 420) (426 422) (425 424)
 (425 424) (429 414) (430) (430) (427 432) (433) (434) (435 431) (433)
 (428 437) (435 438 431) (433) (428 431 440) (441 435) (442 438) (443) (443)
 (445) (428 432) (442 447) (434 447) (442 447 439))