(NIL NIL (1) (3) (4) (5) (2 5) (7) (6 7) (7) NIL (11 3) (11 9) (11 2 5) (11 10)
 (14 6) (12 16) (15 16) (17 18) (8 19) (20) (19) (13 20 22) (23) (21 24) (8 22)
 (8 22) (13 27) (8 12 6) (29 23) (26 29) (9 31) (21 31 23) (33 28 30 24) (34)
 (35) (25 33 28 30) (35 37 32) (9 31) (32 33 28 39 24) (35 39) (25 35 39 32)
 (42 40) (42 38) (42 38) (45 40) (45) (47 40) (41 43 36 45) (49) (50 48) (51)
 (52) (50 44 47) (54 46 48) (55) (52 56) (54) (58 51 55) (59 56) (52 54) (61)
 (54) (61 46 63) (58 55 64) (65 62) (66 60) (67) (66 59 56) (65 53) (60 69 70)
 (57 59 53 64) (71 72) (71 72) (74 67) (73 75) (73 75) (73 74) (75 78)
 (68 77 79) (78) (75 68 78) (82 76 77) (83) (83) (81 85) (84 85) (85)
 (81 79 88) (89) (90) (89) (90 92 84) (89 87 80) (94) (90 95) (91 96) (92 96)
 (97 98 93) (98 93) (100) (99 101) (100) (91 103) (102 104) (105 86) (106)
 (106) (106) (105 86) (106 110) (91 100 86) (110 112) (113 109) (114 107)
 (113 108 111) (116 109) (107 116 109) (114 118) (115 118) (110 112)
 (121 115 116) (122) (122) (124) (122) (125 126 119) (121 109 111) (122)
 (127 129) (130 128 120) (131) (123 131) (133) (133) (135) (131) (123 137)
 (137 133) (137 135) (140) (130 123) (136 142 132 138 117) (143) (144)
 (139 144) (146) (147 141 134 145) (147) (147 140) (136 142 134) (151)
 (139 152 141 145) (153) (153 149 150) (155) (146 152) (157 156) (153 157)
 (153 157) (160 150) (161 159) (158 162) (162) (147 160) (161 165 155)
 (166 163) (166 154) (168 148) (163 169) (170 164) (154 163 165 148) (172)
 (170 173) (170 173) (168 173) (173) (176 171 177 174) (170 177) (179 174)
 (180) (181) (176 182) (183 175) (183 171) (184 185) (185 175) (187)
 (167 184 188 178) (167 180 164) (167 180) (179 167 164) (190 171 192 175)
 (183 191 193) (178 184 194) (195 186 188) (189 196) (194) (198 186 188) (199)
 (189 198) (189 196 198) (202) (178 184 188 193) (190 186 192 188) (205 203)
 (199 206) (189 200 205 196) (204 205 201 202 200) (209 206) (210 208 197 207)
 (211) (212) (211) (210) (215) (216) (211 216) (214 215) (209 208 197)
 (219 220 216) (219 220) (217 222) (217 218 222) (213 224) (225) (226) (226)
 (228 221) (229) (228 221) (228 221) (223 232) (233) (232) (233 235) (234 236)
 (227 237) (227 237 231) (234 227 229 235) (239 240) (240) (242 239) (243 230)
 (243) (245) (245 230) (247) (241 238 247) (249 244) (249) (250 251) (252 248)
 (244 247) (252 254) (251 254) (246 256) (257 253) (258) (259) (259 255) (259)
 (262) (258) (264) (265) (266 260 263 255) (266 260 261) (268) (269 262)
 (267 270) (269 263) (267 268) (273) (265 262 255) (275 269) (276 271) (277)
 (276 270 272) (273 278 279) (280) (267 276 270) (282 271) (283 279) (273 284)
 (285) (281 286) (274 286 280) (283 278 279) (281 289 286) (290) (290 287)
 (274 290) (293) (291 294 287) (293 287) (291 296 288) (291 296) (291 296)
 (298 299 292) (300 294) (297 300 294) (299 288) (300 303 295) (302 304)
 (305 301) (305 301) (298 292 303) (306 308) (303 295) (310 301 302 304)
 (309 311) (312) (305 308 311) (314 307) (314) (305 308 310) (317)
 (307 316 318) (313 319) (313 319) (306 315 317) (322 320) (313 322 319)
 (321 324) (325) (321 324) (322 316) (309 328) (309 319 328) (329 330 312)
 (323 331 327) (331 326) (313 330) (323 325 334) (334 327) (321 334)
 (337 323 326 327) (327 328) (323 333 339) (337 340) (332 341 335 336) (341)
 (343 336) (342 344) (338 339 332 336) (346 333) (346 335 344) (346 340)
 (345 349) (348 349) (349 342 344) (347 352) (350 352) (353 354) (355 351)
 (355 351) (356 357) (358) (354 348) (347 351 360) (358 360) (354 347 351)
 (347 352) (353 361 364) (365) (355 364 363 360) (357 366 367) (367)
 (361 369 358) (369 358 368) (369 365 358) (372 366) (370 373) (370 373)
 (369 356) (373 376) (377 359) (378 371 375) (362 371 373 376) (380)
 (377 381 359) (370 380) (378 383 374 375) (383 374 375 382)
 (377 375 383 374 359) (386 382 384) (385 386) (378 388) (379 389) (390)
 (389 384) (392) (393 379) (389) (379 395) (396 392) (393 387 397 390)
 (393 397 391) (388) (393 395 390 400) (401 387) (401 398 399)
 (401 394 398 391) (404) (405) (402 405) (404 399) (403 406 408) (402 404)
 (410 405 408) (411 407) (412) (411 406) (409 411 407) (410) (406 416)
 (413 406 416) (403 412 414 416) (419) (420) (417 421) (422) (409 417 419 418)
 (424) (425 415) (426 422) (426 423) (428) (429) (430) (425 415) (426 421 432)
 (425 423) (434 430) (434 427) (436 430) (433 435 436) (438) (438) (433 436)
 (433 435 436) (433 436) (443 431) (444) (442 445 438) (443 439) (447)
 (446 448) (449 437))