(NIL (1) NIL (3 2) (4) NIL (6 3 2) (7 5) (8) (6 5) (6 4) (9 11) (12) (13 10)
 (10 11) (15 9) (14 16) (17) (16) (19 14) (20) (15 9) (20 22) (22 13 16)
 (14 24) (25 21) (25) (26 27 23) (17 28) (29) (29) (28) (28) (18 27 21 23)
 (26 34) (33 34 29) (33 34 32) (37 29) (35 37) (37 35 29) (40) (41 30 31)
 (36 30 40) (37) (44 40) (41 44 38) (35 44 30 31) (41 44 36) (42 38 47 48)
 (49 43 45) (50 46) (51) (50 46) (53) (53) (55 39) (50) (57 39) (57 51) (59)
 (58 52 60) (61 54) (62 55) (63) (59) (49 43 45 46) (66) (66 61) (68) (69)
 (65 70 64) (67 71) (72) (73) (72) (71 56) (76) (74 75 77) (62 70 56)
 (66 63 56) (80 77 72) (73 77 80) (80 72) (81 82 83) (84) (85) (75 86 79) (87)
 (88) (89 74) (89) (91) (90 92 78) (90 92 78) (94) (95) (94) (97 95) (98 93)
 (99) (74 91) (101 93) (100 102) (103) (104) (105) (104) (105 107) (97 102 95)
 (108 109 96) (101 95) (107 111) (112) (113 109) (106 110 114) (105 114)
 (113 108 109 96) (113 106 109 96) (113 108 96) (106 119) (110 120) (121 116)
 (121) (114 123) (124) (124) (126) (127) (122 125 118 128) (122 128) (118 126)
 (130 115 131) (131 116 125) (115 133 127) (117 134) (122 135) (136 128)
 (129 133 117) (138) (139 135) (132 140) (137 141) (137 141) (142 143) (143)
 (142 143) (145 146 144) (147) (146) (147 149) (150) (148 149) (150 152) (153)
 (145 149) (147 155) (156) (157 151) (154 156) (155) (160) (161 154) (162 157)
 (163) (163) (163 158) (165 166) (166) (163 158) (169) (170 164 166 159)
 (171 168) (169 166 159) (173 167) (174) (172 173) (169 164 165 159)
 (177 170 173) (178 175) (178 174 176) (180 175) (179 181) (182) (179 181)
 (177 173) (185 179 172) (186 184) (187) (187 182) (189) (189) (189) (187 182)
 (193 183) (193 188 190 183) (195 192) (186 183 184) (194 196 197)
 (177 174 176) (194 190 199 192) (182 199) (193 201 188) (197 189 202) (203)
 (204 198) (205 191) (206 200) (207) (207) (209) (210 208) (211) (211)
 (203 200) (210 214 208) (209 214 208) (211 216) (217) (210 216) (219 215)
 (211 214) (221 213) (219 221) (211 214) (221 224) (225) (217 226 219)
 (225 216) (228) (229 223) (217 213 230) (227 231 215) (218 220 232) (220 231)
 (218 227 212 231 220) (234 235) (235 222 232) (237) (233 238) (234 239)
 (234 239) (231 215) (242 236 238) (243) (241 244) (243 239) (241 246) (247)
 (241 246 240) (233 243) (249 250 244 247) (251) (249 250 244 248) (249 250)
 (254) (251 254) (256 245 248) (245 256) (257 258 255) (257 258 253) (258 255)
 (257 258 252 253) (262) (259 260 262) (253 255 256) (265 260) (266 261 264)
 (265 260) (268 262) (267 269 263) (270) (266 269 264) (272) (273) (274)
 (263 272) (267 272) (274 277 271) (278) (275 276 279) (280) (280) (275 278)
 (283 280) (281 284) (283) (286 280) (285 286) (286) (281 282 289)
 (281 282 289) (291 285) (292 287 288) (276 286) (284 294) (290 292 295)
 (293 296) (297) (298) (299) (298) (291 295 287 288) (301 302) (303) (297 302)
 (305 299 303) (305 303) (307) (305 299 301) (309 303) (307 300 310) (311)
 (312) (301 302) (314 309 304) (315 311) (316 312) (306 316) (308 318)
 (308 318) (320) (321 317) (308 318) (306 308 316 312) (324) (325)
 (313 322 326) (321 325 319) (322 328) (322 323 325) (330 327) (331 328) (332)
 (333) (334) (333) (333) (337) (330) (339 333) (340) (329 338 341) (342) (343)
 (335 344) (343 335) (346 336) (347) (347 344) (347) (345 346) (346 344 336)
 (345 347 352) (353) (354 351) (355) (354) (352) (358) (347 359) (354 360)
 (357 359) (362 355 350) (355 357 358) (362 364) (361 348 365) (349 350 366)
 (349 366) (361 363 356 365) (369) (370 348) (371 368) (372 367) (373) (373)
 (373) (376) (377) (377 375) (376) (380) (380) (377 382 375) (381 382 375)
 (374 383 384) (385) (386 379) (385 379) (378 387 388) (379 383 384)
 (378 390 386) (391) (387 388 392) (390) (386 388 390) (374 390) (396)
 (385 394 397) (374 384) (388 398 399 392) (387 400) (401) (401 389) (403)
 (404) (393 402 404) (403) (393 395 397 399) (403 408) (409 405) (402 405 408)
 (411) (409 412 407) (413) (414) (414) (415 416) (417 410 406) (413) (419 415)
 (419 416) (417 421) (418 422) (410 406 422) (420 424) (425 418) (422)
 (425 427) (410 427) (427 423) (420 430) (430) (432 424) (428 432) (426 434)
 (435 429 431) (436) (433 434) (436 438) (429 438) (437 440) (429 438 431)
 (442 440) (437 442 439) (440) (445 436) (446 439) (444 446 443) (426 445)
 (441 445))