(NIL NIL NIL NIL (3) NIL NIL (7) (7 6) (9) (4 3 10) (8 10) (8 9) (7 6)
 (1 11 14) (14) (16 10) (7 6 3) (9 2) (19 17) (20 5 11 13) (1 21) (22) (22)
 (20) (4 25) (15 25 13) (27 5) (22 28) (12 29) (27 5 12) (27) (24 12 32)
 (22 32) (34) (12 32) (30 33 36) (34 33 36) (4 25 5) (19 10 13) (20 40) (34 41)
 (21 31 41) (23 24) (44 35 28 31 18) (45 39 38) (35 44 39) (47 26 40 18 38)
 (37 45 48) (33 44) (31 38 26 50 41) (51 42 48) (37 43 52) (52) (52 29) (55)
 (56 43) (28 50 48) (58) (37 59 54) (60 56 45 43) (61) (61 46) (63) (64) (64)
 (49 63 53) (65 67) (60) (69 57 53 46) (61 70) (71 65) (62 72) (71 65) (70 67)
 (70) (72 76) (77) (60 57 53) (72 79) (79) (81 77) (75 72 76 79) (83) (84 77)
 (62 84) (86 82) (81 68 84 78 80) (86 85 73 88) (89) (84 73) (68 91 77)
 (80 92 66) (93 88) (93 78) (92 66) (92 74 82) (92) (74 86 98) (98 78 82)
 (90 95 98) (101 97) (68 91 86 78) (100 103 97 89) (104) (95 105)
 (99 93 96 105) (106 107) (101 108 87) (109) (101 107 87) (111) (112) (111)
 (110 111) (83 74 73 77 66) (106 99 116 94) (117 102 112) (117) (116 109)
 (114 120 112) (121 115 118) (113 122) (113 122) (121) (124 125) (123 125 119)
 (121 119) (110 128) (129 124) (130 126) (115 128) (132) (133) (130 133)
 (126 135) (131 132) (137) (137 123) (139 133) (139 127) (141 134 135)
 (140 142) (141 136) (141 134 136) (145 140) (146 142) (146) (139) (149 143)
 (148 149 143) (150 151) (152) (152) (154) (154 138 144) (156) (150 151)
 (147 158) (138 151) (160 152) (161) (162 155 144) (163 157) (162 156)
 (165 147 157) (166) (167) (163 166 159) (153 165 157) (161 157) (161 147)
 (170 155 172 158) (173 166) (164 174) (174 167) (159 176) (177) (177 164 168)
 (173 167) (162 172 157) (177 181) (179 181) (178 171 181) (162 172 159)
 (153 185 166) (170 171 167 186) (187 173) (188 163 180 182) (169 189)
 (190 183) (191) (175 192) (189) (194 179) (169 178 189 183) (196) (197 192)
 (179 189 175) (169 185) (200 184) (193 201 196 199) (179 200 182 184)
 (203 191 175) (194 203 197) (204 205) (206) (205) (193 208) (209 199) (210)
 (209 202) (193 195 206 208) (202 205) (201 203 180) (209 195 215 199) (216)
 (217 206) (217 204 198 212) (217 198 214) (220) (217 210) (212 214 207 222)
 (213 223) (224) (223) (217 206) (227) (225 227) (229) (226 227 220) (217 204)
 (202 232 218) (227 232 224) (218 198 234) (211 229 235) (235 231)
 (219 236 237) (211 228 237) (237 221) (229 240) (241 239) (229 240)
 (226 221 229 234) (219 232 221 224) (241 245 244 230 238) (246 228) (240)
 (241 245 243 228 248) (233 211 249 244) (225 248) (233 243 228 248) (249 252)
 (247 253) (254) (247 253) (256 251) (257) (242 258 254) (259 250) (259)
 (236 249 252 244) (256 262 239) (260 261 263) (257 263) (258 250 263)
 (241 252) (261 267) (259 267) (257 267 239) (270 258 254) (271 262 255)
 (270 260 261) (270 260 255) (261 267 263) (266 275) (276) (273 277 272 264)
 (278) (279) (280) (279) (278 274 269) (276 272) (276 265) (285 272) (281 286)
 (274 287) (279 284 286) (289) (280 268 290) (289 283) (281 292) (288 293)
 (281 274 285 268) (271 265 275 255) (280 285 296) (297 269)
 (282 283 298 268 288) (295 293 299) (290 299) (301 293) (287 274 297 268)
 (295 297) (286 304) (305 291 292 298) (304) (289 299 304) (308) (305 291 309)
 (297 293) (302 311) (312 308 307) (305 312 300 307) (282 311 295)
 (315 291 301 304) (305 316 308 303) (290 311 294 307) (311 306 310)
 (313 315 319 318) (320) (314 321) (314 321) (319 312 316) (319 318 300)
 (325 314 315) (326 323) (327) (325 323) (329) (330 316 303) (331 328)
 (302 325) (333 303) (334 317) (334 320 317) (336 328 335) (331 334 322 317)
 (338) (336 339 327 335 324) (340) (337 332 341) (338 332) (337 343 339 324)
 (327 338) (336 345) (346 339) (347 340) (346 328) (333 332) (345 350)
 (351 341) (352) (344 346 353) (351) (344 355 341) (344 348 350 349)
 (337 346 350) (353 348 358) (358 343) (360 347 353) (354 359 361) (362)
 (344 360) (364 352) (364 355 353) (349 366) (365 367 359) (368 361) (369)
 (362 370 356 357) (370) (372) (373 342) (363 373 357 342) (370 357)
 (370 356 357) (369 356 357) (378 371 375) (356 367 357 361) (380)
 (379 381 374 376) (363 381 342 378) (380 375 376) (362 380 342 368)
 (369 363 385) (377 385 372) (387 374 375) (388 384) (389 383) (389 382)
 (389 382) (392) (393) (394) (371 389) (371 388) (379 388)
 (394 397 391 383 398) (396 399))