(NIL NIL NIL NIL NIL (5) (5) NIL (8) (9) (10 1) (11) (5) (13) (10 13) (8 2)
 (12 16 13) (12 14) (2) (8 19) (12 20) (4 7 21) (19) (4 23 14) (3 12 7 23)
 (10 14 3 16 20 23) (15 26 11) (26 1 7) (25 27 28 21) (24 17 29) (22 28)
 (24 28 21) (32 17) (33 29) (34 6) (32 27) (24 26 6 22) (37 18 30) (38 34) (37)
 (32 40) (37 18 30) (42) (38 40 43) (34 44) (36 45) (39 46) (35 45) (48)
 (33 40 43) (42) (51) (52 49) (53 36 31) (54 41 39) (53 41 36) (56)
 (41 51 46 31) (51 46) (41 59) (41 51 45) (61 56) (51) (61 56 63 59) (64)
 (54 64 58 57 47) (61 47 63) (46 63 49) (53 39 63) (69 50 67 57 31)
 (69 50 64 31) (55 71) (57 72) (66 71) (74 55) (75) (70 71 60) (68 77 58)
 (74 78 72) (79 65 73) (55 71) (81 65 47) (68 77 81 73) (62 78 81 72)
 (74 84 73) (75 79 85) (50 48 63) (75 87 82) (70 88 72 60) (89 73) (89 85) (91)
 (83 79 91) (93) (80 93) (91) (80 96) (95 97) (88 72) (80 99 93) (100 92 98)
 (101 76) (89 85 99) (88 86) (104 90 99 93) (101 105) (106) (104 97) (100 108)
 (103 95 109) (110) (76 111 106) (106 109) (104) (94 114 101) (94 114 112)
 (114 107 109) (94 117 110) (94 76 99 104 90 92) (111 114 107 102 119)
 (114 110 107 119) (121) (122 113) (122 120 118) (122 120 113) (125 124 115)
 (121 116) (127) (124 128) (117 125 128) (130) (130 123) (121 112)
 (117 133 125 128) (115 134) (132 135) (136) (131 124 136) (124 136) (139 126)
 (140) (129 137 141) (139) (137 126 143) (136) (131 132 134) (139 146)
 (146 142) (115 134) (137 145 147 149 143) (133 124 115 128) (151 136)
 (145 152) (131 132 135 118) (154 136) (151 155) (156 149) (137 153 146 157)
 (137 147 157) (153 146 156) (129 154 141 152 150) (153 161 142) (157 162 144)
 (158 163) (163) (165) (164 148 166) (163) (159 168) (169 148 165)
 (159 162 148) (138 161) (169 160 172) (165 148 172) (174 169 166) (170 175)
 (174 168 166) (171 170 177 167) (178 176) (178 160) (177 167) (181 180)
 (174 171 170 164) (181 183 175) (184 180) (185 182) (179 186) (186) (188)
 (189 176) (190) (190) (173 190) (188) (185 173) (185 182) (185) (197)
 (195 198 192) (197 173 192) (200) (201 187) (202 191) (179 197)
 (193 196 199 201 204 191) (205) (206) (194 205) (194 205) (209 206)
 (209 203 206) (209) (209 187) (193 194 204 201 199) (209 202 214 207) (214)
 (213 206 216) (217 207) (211 216) (210 219 212) (220 213 207) (219 215)
 (210 219) (223) (212 223) (225 222) (217 223) (220 223 208) (228 215)
 (225 229) (226 221 230) (218 228) (225 232 215 224) (233) (233) (219)
 (218 219) (237 232) (233 226 229 238) (239) (236 240) (238 222 230)
 (242 236 231 240) (227 237 232) (187 214) (245 221 230 232) (242 246 240)
 (235 236 247 231) (241 246) (227 246 240) (241 250) (234 235 251 247)
 (252 248) (249 244 253) (253) (236 245 240) (250 235 256) (257 231)
 (250 235 244 256) (242 251 259) (260 231) (249 260 253) (244 256 252)
 (260 253 263) (254 264) (265) (265 262 255) (265) (266 268 262) (266 268 255)
 (268) (258 271) (243 271) (273 266 261) (274 269) (274 262 272) (276)
 (274 270) (273 255 272) (278 279) (269 280) (281) (282 276) (281 277)
 (276 269 278 279) (282 275 285) (267 286) (284 287) (285 275 277)
 (289 283 286) (275 285) (289 291) (292 287) (293) (283 294) (290 294 288)
 (296) (297) (296) (299) (298 300) (296) (302) (292 288) (301 295 304)
 (294 304) (301 304) (267 291 277 283 286) (290 308 295 304) (306 309)
 (308 284) (290 311 295 306) (308 304) (313 290 295 306) (314 301 302)
 (315 303 312) (298 302 314) (317) (297 313 295) (316 317 319) (314 319)
 (321 320) (314 319 303) (323 309 320) (323 318) (315 325) (307 325) (321 327)
 (324 328) (329 310) (305 315 309 311 328) (329 331 326) (322 331) (330 333)
 (332 334) (335) (324 328) (337 326 334) (338 332) (339 336) (340) (339 335)
 (339 335) (343) (338) (345 336) (346 340 342) (337 326 334) (345 348 343)
 (339 348) (350 343) (340 349 351) (340 350) (353 342 343) (354 351 344)
 (346 355) (355) (357) (353 343) (359) (356 358 360) (361 341 352) (362)
 (346 341 360) (364 356) (345 359) (356 366) (364 356 358 366) (349 366 344)
 (369 358) (369 341 351 360) (348) (372 357 367 352) (369 347 373 360)
 (362 374 370) (370 365 374) (362 374 370) (377 363 371) (345 354 372)
 (377 371 379) (380 368) (370 379 341 367 352) (380 382 375 376) (378 381 383)
 (378 381 382) (370 379 367 368) (386 381) (386 375) (388) (363 389 387) (389)
 (363 388 382 376) (380 392) (393 378 391) (394 390) (393 384) (393 384)
 (388 383) (378 398) (397 389 398))