(NIL (1) NIL NIL (1) NIL NIL (6 1) (8) (6 5) (8) (11 10) (12) (12 9 3) (14)
 (15) (16) (7 17) (13 14) (7 9 12) (20 2) (20) (22 2 16) (21 23) (17 24) (23)
 (22 15) (27 21 23) (26 28 13) (18 28 26 24) (18 19 28) (31) (31) (25 33)
 (34 30) (33 32) (33 26) (37 29 24) (26 31) (39) (25 30 40) (25 33 4 30 39)
 (34 29 42 37) (41 43) (44) (45) (35 38 46) (44 36 38) (48) (44) (4 30 31)
 (35 51 45 48) (52) (53) (35 51 29 32) (42 36 37 55 40) (56) (49 50 57) (50 36)
 (57 59 52) (60) (51 48) (56 62 54) (59 46 63) (47 64) (46 63) (50 66 57) (67)
 (66) (59 69 67) (70) (69 68 61) (65 57 66) (73 68 60 69) (49 56 52 62 47)
 (57 75) (58 76 69) (75) (77 78 72) (45 62) (74 77 71 80) (80 70 64) (82 79)
 (49 56 54 80) (73 76 61 80) (85 72) (81 83 86) (87) (80 72) (89 82 77 71)
 (90 85) (91) (92 84) (74 91 79) (94 87) (90 84 78) (92 96) (97) (98 79)
 (81 98) (97 87) (81 97 79) (83 86 102) (103 87) (96) (105 93 87)
 (103 100 106 88) (81 99 105) (104 100 93 108) (94 109) (109 88)
 (100 93 108 95) (103 101 108) (101 108) (94 108) (103) (101) (115 117 95 88)
 (99 100 117 88) (100 117 103 108 88 95) (120 109) (120) (121 111 122)
 (122 112 109) (122 113 106) (104 125 107 118) (110 116 125) (127)
 (124 126 128) (129 123) (129) (121 111 112 128) (112 127 118) (121 127)
 (123 126 134) (130 132 133 135) (114 136) (135) (138 112 128) (129 135)
 (140 133) (133 134 107 111 124 128) (139 142) (143 136) (140 142)
 (145 130 119) (146 114 143) (140 114 142 136) (148) (137 149 143)
 (142 131 139 136) (149 151 119) (145 151) (153 149 144) (154) (147 155)
 (156 141) (153 148) (141 158) (153 141 150) (154 146 160 152) (155 160)
 (153 146 141 144) (137 155 163) (162 163 157 158) (155 163 160) (147 166)
 (158 166) (153 146 141) (169 152 160 144) (170 155) (161 171 158) (172 167)
 (156 173 159 168) (147 171 158 163) (156 175) (174 176) (177) (162 170)
 (179 173 176) (180) (180) (164 182 168) (164 157 174 182) (180) (185 181 157)
 (180 174) (185 187 184) (188) (189 181) (190) (191) (192) (183 192) (194)
 (195) (186 195 165) (177 179 164 157) (198) (190 199) (178 195 199) (201)
 (202 196 165) (202) (202 200) (201 196) (204 165 206) (188 181 198)
 (178 195 165 208) (204 208) (198 192) (178 211 165) (205 212 197 206)
 (212 197) (204 212) (213 215 207) (210 214 215) (201 209 211 200)
 (178 211 200 186) (193 219 205 214 207) (219) (193 197 203 205 210 215 221)
 (220 222) (222 207) (214 224) (209 217 225) (209 217 220 213 225) (227)
 (211 205 207) (193 229 221 214) (218 213 230 223 226) (217 225 220 213 229)
 (209 229 222) (233 220 224) (234 228 223) (234) (218 227 236) (226 237 223)
 (238 231) (232 238 231 216) (237 223) (241 240) (218 227 236) (243 237 231)
 (241 228 238 244) (245 240) (241 228 238 244) (247 239 232) (247) (249 245)
 (247) (243 228 223) (235 244 252) (241 226 252) (232 235 245 216 249 254)
 (254 239 232) (256 216) (257 250) (258 255) (251 235 246 258) (260 248)
 (242 259 261) (260) (258 235 240) (260 264) (265 248) (265) (259 267)
 (242 267) (269) (251 264) (250 256 240) (269 272) (273 266 268 253 262)
 (273 263) (275 268 262) (266 276 270) (277 271) (276 253 271) (276 270 271)
 (266 280) (276 271) (282) (283 280) (266 282) (274 285) (286) (283 270 287)
 (284 288) (288) (290) (286 279 280) (283 292) (281 293) (283 292 287)
 (285 279) (274 296 280) (296 278 294) (276) (299 292 277) (281 300 296)
 (301 293 278 295 288) (284 302) (283 300 287) (300) (289 305 291 278 295)
 (297 305) (291 307) (308 284) (308 303 304) (298 309 310 306)
 (305 291 294 296) (298 312) (289 313 308) (314 295) (315 310) (306 316)
 (317 311) (318) (319) (313 302) (313 308 303) (321 322 317) (323) (324)
 (324 311) (313 295) (314 310 327) (321 306 315 327) (329 324 318) (330 326)
 (330 328) (331 332) (330 326 319) (329 320) (331 335) (315 310 327) (337 331)
 (338 332 320) (338 335) (340 336) (337) (329 323 342) (331 343 320) (344)
 (345 336) (346) (345 340) (346 348) (325 342) (338 350 320) (332 349 351)
 (346 340 333 351) (330 326 342 320) (345 354 333 335) (355) (338 335 354)
 (355 340 357) (325 358) (334 359) (360 352) (356 341 359)
 (362 339 348 347 351) (345 354 332 350 335) (364 340 357) (353 365 355 341)
 (365 356 349) (339 367 359) (362 365 334 339 349 351) (369 360)
 (353 370 367 352) (369 360) (363 365 360) (364 336) (362 347 374 352)
 (370 375) (374 351 360) (346 339 364) (361 347 364) (364 349 359)
 (369 380 352) (361 369 380) (382 368) (353 363 383 376) (381 384) (385)
 (385 366) (379 387) (377 363 379 382) (389 384) (366 367 375 377 378 380)
 (386 379 391) (381 391 383) (391 368) (361 394) (386 371 395) (395 384)
 (397 381) (397 381) (394 372 389 392))