(NIL NIL NIL NIL (3) NIL (6 2 5) (6) (8) (9) (10) (10 1) (9) (13) (4 3 14) (15)
 (2 11 1 16) (5 17) (2 16) (19 11) (10 15) (14) (5 22) (19 10 23) (19 23)
 (25 17) (23 16) (18 19 27) (27) (19 27) (10 14) (31 28) (31 25 24) (31 24 27)
 (29 11 34) (35 28) (36 33) (36 30) (34) (35 39 25 17) (18 40) (41)
 (31 21 24 18) (26 43) (39 33 44 28) (36 7 45 41) (29 28 44) (18 33 34)
 (38 12 48) (49 46) (37 50) (40 38 48) (29 43 48) (53 32 42 46) (54 50) (51 53)
 (56 42) (53 45 38) (20 58) (42 59) (56 32 59) (61) (59) (32 63) (59 50)
 (55 57 62 65) (51 20 58) (47 67 54) (68) (41 44 48) (52 70 62) (47 57 70 54)
 (61 67 65 72) (55 68 73) (66 74) (52 69 74) (73) (52 77) (77 63) (79 62)
 (77 62) (64 77) (52 69 82 74) (83 78 60) (83 78 81) (78 60 82) (80 86) (78 82)
 (67 72) (89 73) (71 80 86 90) (76 85 91) (79 78 82 89) (93 69 81) (69 86 89)
 (75 85 91 95) (94 96) (97) (98) (97) (100 84) (96) (98 102 92) (103) (104)
 (105 84) (104) (104) (105 108 87) (109) (101 103) (87 103) (106 108 112) (113)
 (88 114 100 109) (113 100) (109 116 101) (99 84 112) (116 118)
 (113 107 110 118) (120) (121 117) (122) (122) (88 124) (114 118) (126 101)
 (122 127) (115 124 127 111) (129 125 128) (126 109 119) (111 120)
 (115 124 132) (126 133) (88 132) (115 135) (136 124) (137 125) (138 134)
 (123 134 138 131) (140 128) (138 134) (130 142) (143) (137) (130 145 134)
 (146) (123 131 147 139) (144 140 148) (149 141) (147 141) (144 147 140)
 (145 141) (138 145 128) (130 131 132) (155 151) (155 148) (150 157) (158 151)
 (149 157 151 154) (160) (161) (153 162 159) (155 141 154) (164 163)
 (164 142 157) (161 158 166) (162 166) (168 167) (152 162 166 156)
 (153 170 158) (171) (171 165 168) (171 163 169) (171) (175) (176) (167 176)
 (171 167) (179 173 176) (153 170) (181 159) (182 176) (177 178 180 183)
 (177 178 183) (185 172 180) (177 178 183) (187) (187) (178 163 181)
 (187 180 190) (191) (178 182) (185 193) (179 174 194) (188 195)
 (189 173 194 169) (185 165 193) (198 192) (172 199 169) (197 200) (201 195)
 (202) (201 186) (204 195) (199 189 174 194) (202 204 206) (186 198 192 197)
 (201 206 208) (209 202) (209 184) (211) (202 212) (212 195) (202 214)
 (204 212) (213 205 216) (210 203 204 211) (218 214) (209 184)
 (210 203 188 212 220) (204 221) (196 221 213) (220) (196 219 215 224)
 (196 210 224) (217 226) (210 224 216) (213 228 205 221 226) (225 228 223)
 (188 228) (217 229 231) (231 223) (196 199 208) (226 231 234 207 215 221)
 (229 234 215 217 219 223) (236) (237) (233 230 207 238) (225 238) (233 237)
 (241 235 240) (241 235 232) (241 207 232) (241 232) (225 243 245 222)
 (246 240) (247) (246 239 240) (249) (250 248) (241 239 240) (252) (249 253)
 (227 254) (242 253 246) (249 242 227 252) (257 255 256) (257 250)
 (257 244 256) (257) (261 253 248) (259 261) (263 255) (251 260 264)
 (244 262 264) (266) (258 251 262 264) (261) (265 269) (266 270) (258 267 271)
 (272) (265 258 269) (274) (266 275 268) (266 274) (273 274 268) (278) (274)
 (273 280) (281) (282 279) (282 275 277 278) (280 272) (276 285 279) (277 286)
 (284 287) (282 287) (289 288) (283 287) (291) (291) (283 287) (294) (291 295)
 (294) (286) (282 298) (299 284 294) (289 299) (297 292 301) (302)
 (302 295 288) (298) (305 284 302 295) (306 293 296) (307) (308) (308)
 (290 308) (307) (312) (313 304) (305 292 301) (315 309 310) (314 316 303)
 (289 305 283) (318) (309 319 311) (305 293 304) (321) (321) (315 323 318 303)
 (322 324 310 320) (314 315 308 323) (323 318 311) (309 327) (327)
 (329 316 300 328) (313 322 319 330) (329 328 317 320) (330 332 325)
 (314 315 327 303) (324 317 334) (333 326 335) (329 326 334) (337 331 320)
 (338 317) (314 323 311) (340 335 319) (341 332 325) (338 333 342) (343)
 (337 342) (337 331 342) (346 336) (342) (339 348 343) (338 341) (350 343)
 (351) (350 343) (353 348) (354 352) (353) (356) (346 355 357) (357 349) (356)
 (354 360 359 336) (354 360 352) (362 344) (362 349 358) (360 346 348 351 344)
 (365 352) (355 363 366) (345 367) (347 367) (345 357 349 367) (370 359)
 (370 359 336) (367 358 359 336) (358 367) (345 364 374) (369 372 375 368)
 (361 376) (376) (378) (374 359) (369 370 380) (345 354 349 366) (361 382 376)
 (378 382) (377 382) (385 373 383) (385 371) (362 365) (361 370 347 364 388)
 (389 387 381 383) (390) (391) (385 380 389) (393 381 373 383) (394 371)
 (377 388) (396 382) (396) (385 378 398) (397 379 373 399 391))