(NIL NIL NIL NIL (3) (5) (6) (6) (1 8) (4 9 7) (4 8) (9 11) (7 12) (2 12) (4 9)
 (15 7) (2 16) (15) (16 18) (10 16 12 18) (18 12 17) (8) (12 22) (23 18 7 14)
 (24) (24) (4 1 8) (7 14) (28 18 13 22) (29 21 25) (10 12) (31 18) (26 32 21)
 (28 31 17) (27 34) (10 11) (19 36) (37 32 34) (33 38) (27 39) (38) (37 20 21)
 (37 20 32 35) (28 19 36 25) (27 42 39 44) (32 27 36 13 34 25) (30 46) (47 41)
 (40 45 48) (49) (35 45 47 41) (20 38 47) (52 40 42 44) (53) (35 45 54) (45 54)
 (50 54) (35 57) (43 57) (35 57) (57) (51 54) (54) (35 57 63) (64 58 59 55)
 (56 65) (56 51 65 61) (51 63 55) (51 55 48) (56 69) (49 43 62 69) (71 70 57)
 (72 60) (43 47 39 44) (74 51 58) (75 65) (70 75 59) (71 77 60 66)
 (73 76 78 67) (78) (80) (73 78) (82) (70 60 66 74) (83 84) (84) (68 82 86 80)
 (76 61 87) (83 84) (89 61) (90 85 80) (91) (91 86) (82 84 76 67) (94 87)
 (85 80) (88 96 95) (97 93) (97 93) (99) (97) (101 93 79) (101 93) (101 99 92)
 (81 104) (105 103) (79 104) (105 107) (81 107) (79 104) (105 110 103) (104)
 (98 107 102 112) (79 104) (114 110 103) (107 115) (116) (81 113 115) (118)
 (115) (105 100 120) (121 98 107) (117 108 109 119 122) (123) (121 107 102)
 (81 120) (113 108 126) (117 127) (124 127) (129) (116 126) (123 131) (132 128)
 (132 128) (131 100 127) (124 135) (106 136 130) (105 131 102) (129 138)
 (130 139 128) (140) (133 141 125 111) (106 124 133 111 138) (138 134)
 (138 123 111) (145 125 135) (146) (145 139) (140 148 143 135) (106 140 148)
 (140 148) (106 147 141 151 144) (138 123 135) (153 141) (154 143 136)
 (154 148 144) (137 147 156) (157 133 150) (157 143) (159 152)
 (137 156 142 152) (161 149) (161 149 158 159) (163) (162 164) (165) (162 163)
 (164 167) (156) (169 165 167 160) (169 162 155 158 160) (171 166) (172)
 (169 155 158 151 159) (162 174) (175) (171 176) (169 166) (178 155 167)
 (179 172 174) (178 172 167) (177 181) (182) (178) (167 184) (185 170 176)
 (184 168) (177 179 187) (188 173) (188 181) (173 190) (182 191) (186 192)
 (185 191) (186 194) (190) (194 196) (193 197) (189 198) (199) (195 199)
 (198 183) (202 189) (198) (204 199) (201 203 205 200) (204) (196 189 192)
 (198 183 208) (208 200) (190) (202 211 180 208) (201 209 204 212)
 (195 211 183) (210 212 214 207) (205 214) (206 216) (209 210 217) (217 212)
 (217) (220) (209 202 216) (218 222 215) (223) (202 216) (225 210)
 (226 220 223) (225 218 212) (228) (229 221 224) (230) (227 213 231)
 (226 213 231) (231) (233 234 232) (234 219) (226 213 230) (237 231) (238)
 (237 232) (236 240) (233 236 240) (229) (243 240) (233 219 244) (243 221 223)
 (235 246 240) (236 247) (241 239 248) (241 244 247) (250)
 (233 234 219 244 246) (241 252 245 248) (241 252) (242 235 254) (220 229 222)
 (244 256 248) (257 238 254) (242 258 250) (258 255) (250 260) (241 257)
 (251 255 256) (253 263) (258 253 262 263) (265) (253 238 263) (267)
 (249 265 268) (268) (249 270) (270) (269 272) (273 261 264) (267 262 239)
 (249 275 261) (273 276) (273 276) (275) (266 276 269 279 271) (280)
 (277 279 264) (282 278) (266 259 283) (274 282) (284 285) (281 286) (287)
 (288) (288) (290) (291) (289 292) (273 275 271 264) (289 290 294) (295)
 (281 284 285 294) (259 294 277 278 280) (297 298) (299 292 295) (284 294)
 (298 292 301 296) (289 290 301) (303) (298 292 304 296) (305 302) (297 306)
 (306 300) (305 302) (309) (298 292 304) (302 311) (297 305 312) (313 308 309)
 (314 293) (313 300) (307 316) (305 300) (293 317 318) (319) (314 320) (321)
 (313 308 318) (309 293 318 313) (306 324 316) (325) (321 326) (310 327) (328)
 (329) (327) (331 310) (308 326) (331 333 328) (323 332 334) (334) (315 336)
 (337) (337 322 332) (339 335) (339 335) (315 317 326) (322 323 332 342 328)
 (342 335) (329 322 337 344) (321 342) (345 346) (346 323) (314 325 323)
 (330 349 335) (340 350) (339 349 335) (346 349 335) (353) (353 348 350 352)
 (347 341 355) (356 343) (353 322) (345 340 358) (359 338 343 348 351 352)
 (347 358 350 352) (361 343) (362 359) (355 341 363 351) (354 364) (365)
 (338 363 351) (363 360) (357 368) (341 368) (370 366) (361 359 343)
 (372 362 356) (373 360) (373 351) (357 375 367) (371 376) (377) (378)
 (369 366 376) (380 374) (371 381) (377 380) (366 376) (382 384) (380 384)
 (363 372 360) (378 387 382 384) (388) (387 382 384) (388 390) (386 391)
 (385 386 391) (393 379) (394) (395) (385 391) (393 397) (394 398 392)
 (386 379 391) (385 400) (400) (402 395 392) (402 394 398 392) (398 400) (391)
 (406 396 398 392) (386 406) (401 394 408 398 402) (389 398 383 408)
 (402 396 398 408) (405 411 389) (411) (404 413) (409 414) (389 399 383 415)
 (405 415 383) (412 413) (403 413 383) (418 419 415) (419 407 399) (398 406)
 (405 422) (379 422) (409 411 405 424) (417 425) (426 419 412 423 407)
 (426 399) (427 428) (418 429) (430 416) (425 419) (426 420 432 416) (433 430)
 (420 422) (426 435 432 416) (436) (433 437) (436 423) (439) (428 437 439)
 (441 410 429) (433 410 441 429) (439 407) (441 444 421 438) (444 440)
 (421 439) (428 421 439) (443 448) (427 448) (450 438) (434 443 451)
 (442 451 445) (434 451 447 440) (449 454) (452 445 454) (453 456) (457 431)
 (457 455) (449 453 456) (460 431) (457 461) (462) (460) (459 464)
 (458 460 455) (466) (466) (467 468) (469 463) (459 468 463) (468 464)
 (463 472) (472) (474) (473 475 469 446) (476) (466 462) (459 476 478)
 (465 479) (479) (481) (465 482 471) (481) (483 484) (478 472) (465 474 478)
 (475 487) (482 470 488) (489 486) (490) (482 488) (484 470 492) (486 488)
 (490 494) (491 485 495) (485 477 494 480) (493 494 471) (490 483 498 477 480)
 (484 487))