(NIL (1) (1) (2 3) (3) (2 5) (4 5) (6 7) (7) (9 8) (10) (10) (6 7) (11 13) (13)
 (12 15) (14 15) (17 12) (18) (19 16) (20) (21) (22) (20) (21 24) (25 23) (25)
 (27 22) (26 28) (22 24) (29 30) (31) (29 30) (33) (33 31) (34 35) (36) (33 32)
 (34 35 38) (36 39) (37 39) (41 40) (37 39) (43 40) (42 44) (36 38) (42 43 46)
 (44 47) (48) (47) (50) (51 45) (49 51) (52 53) (50 48) (53 45 55) (54 56)
 (52 56) (57 58) (59) (59) (61) (60 62) (60 61) (63 64) (65) (64) (61) (68 64)
 (68 63 64) (65 69 70) (67 71) (66 72) (73) (74) (75) (76) (74) (78) (76 79)
 (75 78) (77 78) (81 82 80) (81 82 79) (84) (84) (86) (87 80) (86) (89 83 88)
 (89 80) (91 87) (90 92 85) (93) (93) (90 92) (93 96) (97 94 95) (98) (99)
 (100) (100) (100) (103) (104) (105 102) (105) (106 107 101) (105 101)
 (107 109) (102 110) (108 111) (112) (113) (114) (113) (115 116) (115 116)
 (118) (117 119) (120) (121) (120) (120) (122 123 124) (122 124) (122 124)
 (125 127) (126 128) (126 128) (130) (131) (132) (131) (133 134) (129 135)
 (136) (137) (129 135) (135) (137 140) (141) (141) (139 141) (138 142 144)
 (144) (138 142 146) (138 146) (145 148) (149 143) (150) (147 150) (152)
 (153 151) (154) (154) (149 143) (155 157) (158) (156 159) (160) (161) (159)
 (156 159) (162 163 164) (165) (162 163 164) (167) (165 168) (166 167) (170)
 (169 171) (172) (173) (173) (172) (176) (171) (178 174 175) (178 172)
 (180 175) (177 181 174) (182) (179 181 176) (183 184) (179 181) (186 183 184)
 (185 187) (185 187) (189) (188 190) (189) (188 190 192) (192) (190 192)
 (195 191) (193 196) (197) (198) (194 199) (194 199) (201 200) (201) (202 203)
 (204) (205) (203 200) (206 207) (207) (206 207) (209 210) (211 208) (212)
 (213) (214) (214) (215 216) (217) (214) (217 219) (220) (212) (217 222)
 (220 223) (224) (225) (226 221) (227) (221) (226 229) (228 230) (231) (232)
 (218 233) (232 218) (227 229) (233 235 236) (233 235 236) (237 238) (239)
 (234 240) (241) (241) (242 243) (244) (245) (245) (247) (248) (246 248) (248)
 (246 247) (252) (251 253) (249 250 254) (255) (255) (257) (249 250 252)
 (258 259) (257 259) (258 261) (260 262) (262 256) (259 256) (259) (266 261)
 (265 267 260 264) (266 263) (268 269) (270) (271) (270) (273) (274 271)
 (275 272) (273) (274 277 271) (274 277) (277 271) (279 280) (281 275 272)
 (279 280) (275 283 272) (284) (274 280) (282 285 278 286) (287) (288) (287)
 (276 287) (290 291) (292) (293 288) (294) (289 294) (292) (297 295 296)
 (297 295 296) (299) (300) (300) (301 302) (301 302) (302) (301 302)
 (306 303 304) (298 307) (298 299) (308 309) (307 309) (308 311) (310 312)
 (305 313) (305 311) (315 312) (315) (313 317) (314 316 317) (313 315)
 (319 320) (321) (322 318) (319 320) (324) (325 318) (322 326) (319 320)
 (323 327 328) (329) (327 328) (323 327 328) (330 332) (331 333) (334) (335)
 (336) (334) (338) (339 336) (340) (341) (337 342) (343) (344) (344) (346)
 (347) (345 346) (347 349))