(NIL NIL (2 1) (2) (4 1) (5) (2 1) (3 5 7) (6 8) (9) (4 7) (9 11) (10 12) (13)
 (14) (15) (16) (17) (18) (16) (16) (17 20 21) (18 22) (18 22) (23 24) (25)
 (23 24) (25 19 27) (28) (26 28) (26 27) (30 31) (26 27) (33 29 30) (33 29 32)
 (35) (34 36) (34 36) (38) (37 39) (40) (37 39) (42 40) (40) (41 44 42) (43 45)
 (46) (46) (46) (49 47 48) (50) (51) (52) (50) (53 54) (55) (52 54) (57)
 (58 55) (57 53) (59 60 56) (58 60) (61 62) (63) (61 62) (65) (66 64) (66 64)
 (59 62 56) (67 69) (70) (68 71) (72) (68 71) (74) (75) (75) (73 77) (78)
 (76 79) (80) (80) (81 82) (83) (84) (84) (85 86) (87) (87) (89 88) (90) (91)
 (92) (93) (94) (95) (94) (97) (97 95) (98 99) (100) (100) (102) (103 96)
 (101 104) (101 104) (104) (106 107) (108) (105 109) (105 109) (111) (110 112)
 (113) (114) (115) (113) (117) (115 118) (119) (118) (121 116 119) (122) (122)
 (124 120) (123 125) (126) (126) (123 124 120) (129 126) (130 127)
 (129 127 128) (131 132) (133) (132) (133 135) (134 136) (137) (137) (139)
 (137) (138 139 141) (140 142) (142) (144) (145 140) (146 143) (147) (146 143)
 (149) (150) (147 150) (148 149) (153) (154 151 152) (153) (154 156 150)
 (154 156 151) (158 152) (155 157 159) (155 159) (161 160) (162) (162) (164)
 (165) (162) (167) (166 168) (169) (170 163) (171) (172) (173) (173) (170 163)
 (171 176) (177 174 175) (178) (179) (179) (181) (180 182) (183) (179)
 (185 184) (186) (185 184) (187 188) (189) (190) (191) (192) (191) (194)
 (194 192) (195 196) (195 196) (193 198) (198) (193 197 200) (201) (202 199)
 (202) (204) (203 205) (206) (207) (208) (204) (202) (209 211) (212) (210 213)
 (214) (214) (216) (212) (218 216) (217 218 215) (220) (219 221) (222) (220)
 (219 224) (225 222) (226) (226) (228) (227 229 223) (230) (231) (229)
 (233 230) (234 231) (235) (236) (237 232) (238) (239) (240) (241) (241) (243)
 (244) (242 243) (245 246) (242 243) (247 248) (249) (250) (250) (251 252)
 (253) (254) (254) (254) (257 255 256) (252) (259 255 256) (260) (258 260)
 (261 262) (263) (263) (265 264) (266) (267) (268) (269) (270) (270) (271 272)
 (273) (273) (274 275) (276) (277) (275) (278 279) (277 279) (281 280) (282)
 (281 278) (281) (282 285) (283 284 286) (285 278) (284 286 288) (289) (290)
 (282 288) (291 292 287) (289 292) (289 292) (293 295) (294 296) (296) (298)
 (299 294) (297 300) (291 295 294 287) (301 302) (303) (303) (300 302)
 (306 303) (307 304) (305 308) (306 304) (310) (308 311) (309 312) (309 312)
 (314) (313 315) (314) (313 315 317) (316 318) (319) (320) (321) (322) (323)
 (324) (325) (324) (324) (326 327 328) (329) (330) (321) (332 326 327)
 (331 333) (331 333) (334 335) (336) (337) (336) (330 333) (337 340) (339 341)
 (341) (342 343) (338 343) (345 344) (346) (347) (346) (346))