(NIL (1) NIL (3 2) (2) (3 5) (4 5) (3 2) (7 8) (7 8) (4 8) (9 10 11 6) (12)
 (9 10 11 6) (13 14) (15) (15) (17) (18) (18 16) (19 20) (21) (22) (23) (24)
 (25) (25) (27) (22) (29 23) (28 30) (31) (26 32) (33) (26 31) (34 35) (31)
 (35 37) (34 38) (36 39) (40) (36 39) (33 38) (41 42 43) (44) (45) (46) (47)
 (44) (49 47) (50) (51 48) (52) (53) (54) (55) (56) (57) (57) (59) (60) (61)
 (58 62) (58 62) (64) (65) (64) (66 67) (67 63) (69) (63 64) (68 70 71) (72)
 (73) (73) (74 75) (75) (76 77) (78) (79) (80) (81) (82) (83) (81) (85) (83 86)
 (86) (88) (89) (90 87) (87 88) (92) (91 93) (94) (94) (92 91 84) (97 96)
 (98 95) (99) (99) (100 101) (102) (103) (100 101) (105 102) (106) (105 102)
 (107 108 104) (107 108 103) (109 110) (111) (107 108 103) (113) (114 112)
 (115) (116) (115) (116 118) (119) (120) (121) (121 117) (122 123) (124) (125)
 (126) (124) (128) (129 126) (130 127) (130) (130) (133) (129 127)
 (131 132 133 135) (136) (137 134) (138) (139) (140) (141) (137 134) (142 143)
 (144) (145) (145) (147) (146 148) (149) (150) (147) (150 152) (150 152)
 (153 154 151) (155) (156) (157) (155) (157 159) (160) (161 158) (162) (162)
 (164) (165) (166) (163 164) (168) (166 168) (169 170) (171 167) (171 167)
 (173) (174) (175) (176) (172 176) (178) (179) (180) (177 181) (182) (179)
 (180 184) (185 183) (186) (187) (187) (189) (188 190) (191) (192) (193) (189)
 (194 195) (194 195) (196 197) (196 197) (199) (198 200) (200) (202) (202)
 (203 204) (205 198) (203 204 198) (201 206 207) (208) (206 207) (210)
 (209 211) (212) (213) (214) (215) (214) (217 215) (218) (219) (218 216) (221)
 (219 221) (220 223) (222 224) (225) (225) (227) (228) (228) (228) (225)
 (226 228 232) (229 232) (229 231 232) (226 235) (226 235 234) (236 237) (237)
 (233 236 239) (238 240) (241 230) (242) (243) (244) (243) (244 246) (243)
 (245 246 248) (249 247) (250) (249 247) (251 252) (253) (252) (255) (250 255)
 (257 254) (258) (258) (259 260 256) (260) (259 262 256) (261 262) (264)
 (265 263) (266) (267) (268) (269) (270) (270) (272) (273 271) (272) (268)
 (276 272) (273 275 277) (274 277) (279) (275 280) (281) (282) (283) (284 278)
 (285) (283 278) (284 287) (286 288) (289) (290) (291) (285 288) (292 293)
 (292 293) (295) (294 296) (296) (298 294) (299) (300) (301) (302) (300)
 (297 303 304) (305) (305) (306 307) (308) (309) (310) (310) (312) (310)
 (313 314) (315) (316 311) (315) (318 311) (317 319) (320) (320) (322) (323)
 (324) (321 325) (326) (327) (328) (329) (330) (329) (328) (331 333) (327)
 (331 332 335) (334 336) (333 336) (338 334) (339) (340) (340) (337 342)
 (337 340) (344) (345 341) (346 343) (347) (341 343 344) (348 349))