(NIL (1) (2) (3) (4) (4) (5 6) (7) (8) (8) (9 10) (11) (12) (11) (13 14) (11)
 (13 16) (15 16) (17 18) (19) (20) (21) (22) (23) (24) (25) (26) (27) (27) (29)
 (28 30) (31) (31) (33 32) (34) (35) (36) (37) (37) (38 39) (38 39) (41 40)
 (42) (43) (43) (45) (44 46) (44 46) (47 48) (49) (49) (50 51) (52) (53) (52)
 (53 55) (54 56) (54 55) (58 56) (57 59) (60) (61) (62) (63) (64) (65) (64)
 (66 67) (68) (69) (70) (71) (72) (72) (74) (75) (73 76) (77) (78) (79) (80)
 (81) (81) (82 83) (84) (85) (86) (87) (88) (88) (89 90) (90) (91 92) (93) (94)
 (94) (95 96) (96) (97 98) (97 98) (100) (99 101) (102) (103) (104) (105) (106)
 (106) (108) (107 109) (107 109) (110 111) (112) (113) (114) (113) (114 116)
 (115 117) (118) (119) (119) (121 120) (121 120) (122 123) (124) (125) (126)
 (127) (128) (129) (130) (130) (132) (131 133) (131 133) (134 135) (136) (137)
 (136) (139) (138 140) (141) (142) (142) (143 144) (143 144) (145 146) (147)
 (148) (148) (149 150) (151) (152) (152) (153 154) (155) (156) (157) (158)
 (159) (160) (161) (162) (163) (163) (164 165) (166) (167) (168) (169) (170)
 (170) (171 172) (170) (173 174) (173 174) (176) (177 175) (178) (179) (180)
 (181) (182) (183) (184) (185) (186) (187) (188) (188) (189 190) (189 190)
 (191 192) (193) (193) (194 195) (196) (197) (198) (199) (200) (201) (202)
 (203) (204) (205) (205) (206 207) (207) (209 206) (210 208) (211) (212) (213)
 (214) (215) (216) (217) (217) (218 219) (220) (221) (222) (223) (224) (223)
 (225 226) (226 224) (225 228) (229) (227 230) (231) (232) (231) (233 234)
 (235) (235) (237) (236 238) (239) (240) (241) (242) (243) (244) (245) (243)
 (245 247) (246 248) (249) (250) (251) (252) (253) (254) (255) (256) (257)
 (258) (259) (260) (260) (261 262) (263) (264) (265) (266) (266) (267 268)
 (269) (269) (270 271) (272) (273) (274) (274) (275 276) (277) (277) (278 279)
 (278 279) (281 280) (282) (283) (284) (285) (285) (286 287) (288) (289) (290)
 (291) (292) (293) (294) (292) (295 296) (297) (298) (299))