(NIL (1) NIL (3 1) (4) (3 2) (6 5) (7) (8) (9) (10) (11) (12) (12) (13 14)
 (13 14) (15 16) (15 16) (18) (17 19) (20) (21) (21) (23) (22 24) (25) (26)
 (26) (27 28) (27 28) (29 30) (31) (32) (32) (33 34) (35) (36) (37) (38) (39)
 (40) (41) (42) (43) (44) (45) (46) (47) (48) (49) (50) (48) (51 52) (51 52)
 (51 52) (53 54 55) (53 55) (57 56) (58) (59) (60) (61) (62) (63) (64) (65)
 (64) (66 67) (68) (69) (70) (71) (72) (72) (73 74) (75) (76) (77) (78) (79)
 (80) (81) (82) (83) (84) (85) (86) (87) (88) (89) (90) (91) (92) (93) (94)
 (94) (96) (97 95) (98) (98) (99 100) (101) (102) (103) (104) (105) (105)
 (106 107) (108) (109) (110) (108) (111 112) (113) (114) (115) (116) (117)
 (118) (119) (120) (121) (122) (123) (123) (123) (124 125 126) (127) (128)
 (129) (129) (130 131) (132) (133) (134) (135) (136) (137) (138) (138)
 (139 140) (141) (142) (143) (144) (144) (145 146) (147) (147) (149) (150)
 (151) (148 152) (153) (154) (155) (155) (156 157) (158) (159) (160) (161)
 (161) (162 163) (164) (165) (166) (166) (167 168) (169) (170) (171) (172)
 (172) (174) (173 175) (175) (177 176) (178) (179) (178) (180 181) (180 181)
 (183) (182 183) (185 184) (186) (186) (188) (187 188) (190) (189 191) (192)
 (192) (192) (193 195) (194 196) (196) (197 198) (199) (197 198) (201)
 (201 200) (202 203) (204) (205) (206) (207) (208) (209) (207) (210 211) (212)
 (210 211) (213 214) (215) (213 214) (217 216) (218) (219) (220) (221) (222)
 (223) (223) (225 224) (226) (227) (228) (228) (230) (229 231) (231) (233 232)
 (234) (235) (236) (237) (238) (239) (240) (241) (242) (243) (243) (244 245)
 (246) (247) (248) (249) (250) (251) (252) (253) (254) (255) (256) (257) (258)
 (259) (260) (260) (262) (261 263) (264) (265) (266) (265) (267 268) (269)
 (269) (270 271) (272) (272) (273 274) (275) (276) (277) (275) (278 279) (280)
 (281) (281) (282 283) (284) (285) (286) (287) (288) (286) (290 288) (289 291)
 (292) (293) (294) (295) (296) (297) (298) (299))