(NIL (1) (1) (2 3) (2 3) (5) (4 6) (7) (8) (7) (9 10) (9 10) (11 12) (13) (14)
 (15) (16) (17) (18) (19) (20) (21) (22) (22) (23 24) (25) (26) (27) (28) (27)
 (30) (29 31) (32) (33) (34) (35) (34) (35 37) (36 38) (39) (40) (40) (41 42)
 (43) (43) (44 45) (46) (47) (48) (49) (50) (51) (52) (53) (54) (55) (56) (57)
 (58) (59) (60) (61) (62) (62) (64) (63 64) (66) (65 67) (68) (68) (70) (69 71)
 (72) (72) (74) (73 75) (76) (77) (78) (78) (79 80) (81) (79 80) (81 83) (84)
 (82 85) (86) (87) (88) (89) (90) (90) (91 92) (93) (93) (95) (94 96) (97) (97)
 (98 99) (98 99) (101) (102) (103) (100 104) (105) (106) (106) (108) (109)
 (107 110) (111) (111) (113) (114 112) (115) (116) (116) (117 118) (119) (119)
 (121 120) (122) (122) (123 124) (125) (126) (126) (127 128) (129) (130) (131)
 (132) (133) (134) (135) (136) (137) (137) (136) (138 139 140) (141) (142)
 (143) (144) (144) (142) (145 146 147) (145 146 147) (148 149))