(NIL NIL (2 1) (3) (4) (5) (5) (6 7) (8) (6 7) (9 10) (11) (11) (12 13) (14)
 (15) (16) (17) (18) (19) (20) (21) (22) (23) (24) (25) (26) (27) (28) (29)
 (29) (30 31) (31) (33 32) (34) (35) (36) (37) (38) (39) (40) (41) (42) (43)
 (44) (44) (45 46) (47) (48) (49) (50) (51) (52) (53) (54) (55) (56) (57) (58)
 (59) (60) (61) (61) (62 63) (64) (64) (65 66) (67) (68) (69) (70) (71) (72)
 (73) (74) (75) (75) (76 77) (76 77) (78 79) (80) (80) (81 82) (83) (83) (85)
 (84 86) (87) (88) (89) (89) (91) (90 92) (93) (94) (95) (96) (97) (98) (98)
 (97) (99 100 101) (102) (103) (104) (105) (106) (105) (107 108) (107 108)
 (110) (109 111) (112) (113) (113) (115) (116) (114 117) (114 117) (119) (120)
 (121 118) (122) (122) (124) (123 125) (126) (127) (128) (129) (130) (131)
 (132) (132) (133) (135 134) (135 134) (137) (137) (138 139 136) (140) (141)
 (142) (142) (143 144) (145) (146) (147) (148) (149))