(NIL (1) (2) (3) (4) (4) (5 6) (5 6) (8) (9 7) (10) (11) (12) (13) (14) (15)
 (16) (17) (18) (19) (19) (20 21) (22) (22) (23 24) (25) (26) (26) (27 28) (29)
 (30) (31) (32) (33) (32) (33 35) (34 36) (34 36) (37 38) (39) (40) (41) (42)
 (43) (44) (45) (46) (47) (47) (49 48) (49) (51 48) (50 52) (50 52) (54)
 (53 55) (56) (57) (58) (58) (59 60) (61) (62) (63) (64) (65) (66) (67) (68)
 (69) (69) (71) (70 71) (73) (74 72) (75) (76) (77) (78) (79) (80) (81) (82)
 (83) (84) (85) (86) (87) (88) (89) (90) (91) (92) (92) (94) (93 95) (96) (97)
 (98) (99) (99) (101) (102) (100 103) (104) (105) (106) (107) (108) (109) (110)
 (111) (112) (113) (114) (113) (115 116) (117) (118) (118) (119 120) (121)
 (121) (123) (124) (122 125) (126) (127) (127) (129 128) (130) (131) (132)
 (133) (134) (135) (136) (137) (138) (139) (140) (141) (142) (142) (144) (145)
 (146 143) (147) (148) (149))