(NIL NIL (2 1) (2 1) (3 4) (5) (6) (7) (7) (9 8) (10) (10) (11 12) (13) (14)
 (15) (16) (17) (17) (19) (18 20) (21) (21) (22 23) (24) (24) (25 26) (27) (28)
 (29) (30) (29) (31 32) (33) (34) (35) (36) (37) (38) (39) (40) (40) (40) (43)
 (41 42 44) (45) (45) (46 47) (46 47) (49 48) (50) (50) (51 52) (51 52) (53 54)
 (55) (56) (55) (57 58) (57 58) (59 60) (61) (62) (63) (64) (65) (65) (66 67)
 (68) (69) (70) (70) (72) (73) (74) (75 71) (76) (77) (78) (79) (78) (81 80)
 (82) (83) (84) (85) (86) (87) (88) (88) (90) (89 91) (92) (92) (94) (93 95)
 (96) (93 95) (97 98) (99) (100) (99) (100 102) (101 103) (104) (101 102)
 (105 106) (107) (108) (109) (110) (111) (112) (113) (113) (114 115) (115)
 (114 115) (116 117 118) (119) (119) (121) (122) (123 120) (124) (125) (126)
 (127) (128) (128) (130) (129 131) (132) (133) (134) (135) (135) (137)
 (138 136) (139) (140) (140) (141 142) (143) (144) (145) (146) (147) (147)
 (148 149))