(NIL (1) (2) (3) (3) (4 5) (6) (7) (8) (9) (10) (11) (11) (12 13) (14) (15)
 (16) (17) (18) (19) (20) (20) (21 22) (23) (24) (25) (26) (27) (27) (29)
 (28 30) (31) (32) (33) (34) (35) (36) (37) (37) (38 39) (40) (40) (42) (41 43)
 (44) (45) (46) (47) (48) (49) (50) (51) (52) (53) (54) (54) (56) (57 55) (58)
 (59) (59) (60 61) (62) (63) (64) (64) (65 66) (67) (68) (68) (69 70) (69 70)
 (71 72) (73) (71 72) (74 75) (76) (77) (78) (79) (80) (81) (82) (83) (84) (85)
 (86) (85) (87 88) (89) (90) (91) (91) (93) (91) (92 95) (94 96) (97) (98) (99)
 (100) (101) (102) (103) (103) (105 104) (106) (107) (108) (108) (109 110)
 (111) (112) (113) (114) (115) (116) (117) (118) (119) (117) (121 119) (122)
 (123 120) (124) (124) (125 126) (127) (128) (127) (130 128) (129 131) (132)
 (133) (134) (135) (136) (137) (138) (139) (140) (141) (142) (143) (144) (145)
 (146) (147) (148) (149))