(NIL NIL NIL NIL NIL (5 1) (5 3 2 1) (4 6) (2 8) (8) (10) (10 9) (11 12) (3 13)
 (14) (11 12 7) (16) (17 13) (18 15) (19) (20) (21) (17) (22 23) (21 23) (25)
 (26) (19 23) (26 28) (29) (29 24) (25) (27 32 30) (32 29) (34) (31 35)
 (27 35 24) (27 35 22) (38 24) (31 39 30) (40) (41) (42 33) (43) (44 37)
 (36 45) (43 37) (39) (42 48 33) (49 43) (50 44 37) (51 36) (52 46 47) (52)
 (45 54) (55 47) (53 56) (46 54) (58 55 47) (58 56) (60 53) (60) (60)
 (59 60 53) (57 64) (65) (65 62) (67) (68) (69 63) (69) (70 71) (61 72) (73)
 (74) (75) (75) (75) (78) (77 79) (66 79) (77 78) (81 82 76) (81 82 76) (84)
 (83 84) (84) (66 79 82) (86 88) (89) (90 85 87 80) (90 87) (92) (93) (93)
 (91 95) (93 85) (92 85 80) (98 95) (97 91 99) (100 94) (101) (102) (102) (102)
 (105 96) (102) (107) (105 107 103) (106 109 104) (110) (108 111) (106 109)
 (113) (113 110) (115) (116 108) (113) (114 117 118 111) (119 112) (120)
 (113 112) (122 119) (122 119) (123 124) (125 120) (124 120) (125 127)
 (121 124) (129) (129 126) (131 127) (132) (130 132 128) (130 132 128)
 (133 135) (129 126) (137 133) (137 134) (139 135) (138 139) (141 135) (142)
 (140 142) (144) (145 143 136) (145) (147) (145 136) (146 149) (150)
 (146 148 149) (152) (146 147 149) (153 154 151) (154 148) (154)
 (153 156 157 150) (153 156 157 150) (159 151) (155 158 159) (158 159)
 (162 151) (161 163) (161 163) (165) (166) (164 167 160) (168) (167) (170)
 (169 170) (169 170) (173) (174) (172 175) (171 176) (165) (178 176) (179)
 (171 180) (171 180) (177 182) (183) (177 182) (185 181 184) (186) (187)
 (171 179) (189 181 184) (186 190) (191) (187 190) (193 188) (193 188)
 (193 188 191) (196) (194 197) (198) (195 199) (195 197) (201) (202 200)
 (203 192) (201 192) (203 205) (206) (206) (207 208) (209 204) (210) (210)
 (211 212) (213) (210) (213 215) (216) (217) (217) (219) (220) (211 212 215)
 (213 222) (220 214 223) (221 224) (225) (225) (227) (226 228) (226 228)
 (218 230) (231) (231) (233 232) (233 232) (235) (230) (233 237) (235 237)
 (236 239) (240) (229 238 240) (242) (243) (241 243) (245) (244 246) (241 243)
 (247 248) (249) (250) (234 250) (252) (253) (253) (253) (255 256) (252)
 (258 253) (258) (260 253) (251 261 259 255 256) (257 251 260 254)
 (258 251 256) (260 264) (265 262 263) (266) (262 264) (267 268) (267 268)
 (268 254) (267 271) (272) (259 260 254 255 264) (274 270) (275 272) (274 270)
 (273 277) (273 277 276 269) (279) (280) (279) (281 282) (282) (277 271)
 (273 285) (281 282 286) (284 287) (278 288) (289) (278 288) (291) (289 292)
 (290 283 293) (290 283 293) (289 292) (296) (297) (294 296) (298 299 295)
 (298 299 295) (301) (302) (302) (304) (305 300) (306 303) (307) (308) (309)
 (309) (308) (307) (313 309) (314) (314 310) (316) (315 317 311) (316) (319)
 (315 317 319) (321 312) (322) (323 318) (324) (323 311 320) (323 311)
 (318 327 326) (325 328) (328) (330 324) (331) (329 330) (327 320) (334)
 (332 335) (336) (337 333) (338) (332 335) (329 340) (340 325) (339 342) (343)
 (344) (340 333 336) (346 339) (347 343) (348) (348) (345 349 350) (351) (352)
 (353) (353) (351) (355 356) (355 356) (345 350) (359 351) (360 356 352)
 (353 361 341) (362 357 358) (345 350) (354 364) (355 365 360)
 (364 354 356 341 360) (363 365 367) (357 367) (369) (369 362 365 358) (371)
 (372) (363 373) (374) (366 375) (370 375 368) (375) (370 378) (379 368) (378)
 (381) (380 381) (370 381 376) (384 368) (363 371) (377 386 380 366) (385 387)
 (388) (377 386 383 384) (382 390) (385 391) (388 392) (386 382 383 384)
 (377 385 394) (394 389 390) (395 396 391) (397) (398 392) (398 392) (399 400)
 (398) (402) (402) (402) (393 404 405) (393 403 404 405 400) (401 407)
 (401 405) (409 407) (409 408) (410 411 406) (409 407) (393 403 405 400)
 (412 414) (410 411 414) (412 416) (417 413 415) (417) (417 413 415) (418 420)
 (419 420) (422) (421 423) (421 423) (425) (425) (427) (428) (427 424)
 (421 422) (429 430) (432) (431 432) (434) (435 433) (426 435) (426 435) (438)
 (436 437 439) (440) (441) (442) (437 439) (436 444) (443 445) (446) (447)
 (448) (449))