(NIL (1) (2) (2) (3 4) (1) (3 4) (3 4 6) (8) (8) (10 5) (11) (9 10) (13 7)
 (10 5) (11 7 15) (13 16) (17) (11 14 15) (19) (17 20 12) (17 19) (22) (20 16)
 (21 24 22) (25) (26) (27) (27 23) (27) (26) (28 23) (32 31) (33 18) (34 29)
 (34 30) (33 18) (37) (38) (35 39) (40) (30 40) (35 37) (41 43 30) (41)
 (45 36 44) (46) (42 47) (46) (49 48) (49) (46) (49 42 52 47) (53 48) (51 54)
 (50 51 53) (56) (57) (58 55) (59) (57 54) (61 55) (60 62) (62) (60 64) (65 63)
 (65) (62) (66 68) (69) (68) (69 71) (69 71) (67 71 63) (74) (75 70 72) (75 70)
 (77) (78) (79 72) (73 80) (79 72) (73 77) (81 82 83) (84 76) (85) (82 83 76)
 (85 87) (88) (87) (90 86) (91) (92) (89 93) (92) (93 95) (95 88) (90 86 88)
 (98 94 95) (99) (97 100 96) (101) (89 98 96) (102 103) (104) (105) (106) (107)
 (101 103) (108 109) (110) (110) (110) (113 111) (114 112) (115) (113) (117)
 (115 118) (119) (117 111) (121 118) (122 120) (122 120) (121 120)
 (123 116 125) (126) (126) (124 127 128) (128) (123 125) (130 131 124)
 (131 124 127) (133 128) (134) (129 135) (130 134) (137 132 135) (129 138)
 (139) (132 133) (141 136) (141 135) (138 143) (139 142 144) (145) (146)
 (140 142 143) (139 143 136) (146 140 149) (150) (147 148 151) (147 151)
 (146 140 149) (154 151) (147 148 155) (147 148 155) (157) (156 158) (159 152)
 (156 158 152) (153 161) (162) (163 160) (158) (162 165 160) (163 166) (167)
 (168) (169) (168) (163 165) (172 168) (169 173) (170 171 164 174)
 (170 164 174) (176) (170 174) (178 164) (171 179) (180) (177 180)
 (181 182 175) (183) (183) (185 184) (186) (185 184) (187 188) (186 188)
 (187 190) (191) (192) (189 192) (193 194) (195) (192) (197) (195 197) (197)
 (194 198 200) (201 196) (201 195) (203 196) (203) (202 205 199) (202 203 199)
 (207) (203 199) (209 206 208) (210) (210) (212) (213) (204 212) (211 215)
 (214 216) (217) (214 216) (219) (220) (221) (221) (218 223) (224) (225) (226)
 (227 222) (228) (225 222) (230) (230) (232) (233 229) (233 229) (233 229)
 (236) (234 237) (233 229) (235 239) (234 240) (240) (242 238) (241 243 231)
 (242 238) (241 245) (245 231) (247) (247) (249) (249 244) (245) (249 252 246)
 (243 253 248) (254) (250 255) (256) (256) (250 254) (258 259) (259) (259 255)
 (244 261 262) (262 256) (261 264) (265 251 263) (251 263 264) (265 267) (267)
 (260 269) (257 260 269) (267 260) (257 269 272) (273 268 270) (274 271)
 (268 270 272) (273 266 276) (277) (275 278) (274 278) (271 280) (275 280)
 (277) (275 283 278) (281 283) (285) (286) (282 287 279) (282 285) (282 285)
 (290) (289 291 279) (292 284 287) (293 288) (289 291 287) (295) (292 284 296)
 (297) (297 294) (292 284 296) (299 300) (299 300) (302) (301 303) (298 304)
 (305) (298 301 303) (306 307) (306 307) (309) (310) (308 310) (312) (313)
 (314) (315) (315 311) (317) (317) (315) (320) (321 319) (318 319 320)
 (321 323) (314 311) (322 316 325) (324 326) (324 326) (328) (325 319)
 (330 324 326) (331 328) (329 332) (329 331) (332 334) (333 334 327)
 (333 334 327) (337) (337) (339) (339 336) (340 341) (342) (342) (341)
 (345 338 343 344) (346) (346 335) (348) (348) (346) (347 348 351) (348 351)
 (353 347) (354 349) (353) (356 350) (354 356 352) (355 350 358) (359)
 (349 358) (361) (362) (363) (364) (365 357) (366 359) (363 360) (357 368)
 (361 355) (365 357 370 368) (369 371 366) (372 367) (372) (372) (374 375)
 (369 371 367) (377 376) (377 373 376) (379) (380) (380) (378 381 382) (383)
 (384) (385) (386) (384) (387 388) (383) (389 390) (391) (392) (383) (394 388)
 (387 395) (396 389) (393 397) (396 389) (398 399) (400) (396 391) (401 402)
 (403) (404) (403) (402) (404 406 407) (405 408) (404 406 407) (410 408) (410)
 (409 412) (413) (412 405) (411 414 415) (416) (417) (418) (419) (420) (420)
 (422) (420) (421 424) (425 423) (426) (421 424) (428) (429 423) (427 430)
 (427 429) (430 432) (433) (433 431) (434 435) (430 432) (431 432) (433 438)
 (436 437 439) (435 438) (441 436 437) (442) (443 439) (444) (443) (445 446)
 (447) (448 440) (449))