(NIL NIL NIL (1) (4) (2 5) (6) (3 7) (7) (6) (6) (11) (10 11 8) (13) (8)
 (15 12) (9 11) (17 10 16) (18 13) (19) (18 13) (17 10) (15 22) (22 13)
 (24 20 21 14) (21 24) (25 26) (27 23) (27) (29) (27) (28 31) (30 32) (30 32)
 (33 34) (34) (36) (35 36) (38) (39) (39) (39) (37 39) (42 43) (44) (41 45 40)
 (46) (46) (48) (49 47) (50) (49) (49) (53) (54 47) (53) (51 54 56) (57 52)
 (58) (59) (60 55) (58 55) (57 52) (59 62 63) (64) (61 64) (66) (67) (65 68)
 (69) (70) (65 66) (67 72) (73) (73) (75 69) (74 76 70) (76) (70 78) (78 71)
 (78 71) (81) (81) (74 83 79 82) (84 80) (83 79 80) (81) (85 77 87) (88)
 (89 86) (90) (91) (89) (90 93) (91 94) (95) (85 86 87) (97 94) (98) (97 95)
 (97 95) (98 101) (92 102 96) (99 100 102 96) (104) (105 92) (106) (106) (108)
 (109) (110) (111) (107 111 103) (113) (114) (115 112) (116) (117) (118) (115)
 (107 108) (121 120) (122 119) (123) (123) (123) (122 119) (123 127) (128)
 (128) (123 127) (127) (124 125 132) (129 130 133) (133) (131 135 128) (136)
 (137 134) (129 131 135) (139 126 136) (140) (139 126) (139) (130 141 142 143)
 (144) (138 144) (138 141 143) (147 144) (146 148) (148) (145 150) (150)
 (146 150) (153 149) (145 154) (155 151) (156) (155 152) (158 151) (156 159)
 (160) (156 159) (162) (161 163 157) (164) (161 162 157) (163 166) (166)
 (163 168) (169 165) (169 165) (164 168) (171 172) (170 171 172 167) (173 174)
 (175) (176) (177) (177) (179) (176) (174) (182) (181 183) (177 183) (183 175)
 (186 180 184) (185 186 179 181) (178 179 186) (189) (187 190) (191) (187 190)
 (193 191) (185 194 192) (195) (195 188) (197) (198) (199) (199) (199)
 (202 196) (202) (198) (201 205) (204 206) (203 206 200) (208) (209)
 (201 196 205 204 200) (209 211) (212) (212 207) (213 214) (210 215) (210 215)
 (217 216) (210 214) (217 219 216) (220) (218 221) (220) (223) (224) (225 218)
 (226) (227 221) (228 222) (226 221) (227 230) (229 230) (230) (225 221)
 (234 231) (235 228 222) (233 236) (237) (233 236) (235 228 222) (238 240)
 (240 238 232) (242 239) (241 243) (244) (245) (246) (233 229 240) (248 242)
 (249 247) (246) (249 251) (252 247) (253) (254) (255) (254) (257) (258 256)
 (250 259) (257 250 255) (261 256) (258 262) (257 255) (260 264) (265 263)
 (266) (267) (268) (267) (265 263) (271) (270 272) (273) (274 268) (275)
 (273 269) (277) (278) (275 279) (279) (281 276) (282 280) (281 274) (284 276)
 (275 279) (282 284 286) (282 286 280) (283 287 288) (288) (289 290) (291)
 (292 285) (293) (294) (294) (291 285) (297 295 296) (298) (298) (300)
 (299 301) (300) (300) (302 304) (305) (306) (282 286) (308 302 304) (309)
 (307 309 303) (309) (311 312) (307 308) (314 312) (315) (315 311) (317)
 (313 316 310 318) (318) (318) (315) (321 322 320) (323 319) (322 320)
 (321 322 316 310) (326 319) (326) (322 319) (329 323 327) (329 323 327)
 (331 325) (329 324 325) (331 333) (330 333) (334 335) (336) (337 332) (338)
 (338) (339 340 328) (341) (338) (341 343) (339 343) (337 328) (345 346)
 (347 342) (348 344) (346 341 343) (348 350 344) (337 332 328) (341 343 352)
 (345 350 352) (351 352) (355 349) (354 356) (357) (353 358) (359) (360) (361)
 (361) (363) (361) (363 365) (362 366) (366) (364 368) (362 368) (369 370 367)
 (369 370) (364 366) (369 362 373) (374) (371 374) (376) (377 375)
 (377 372 375) (372 375 376) (380) (372 373) (379 381 382) (371 382 375)
 (378 384) (385 383) (385) (387) (386 388) (387) (386 390) (391) (389 392)
 (393) (388 391) (393 395) (388 391) (397 389) (393 398) (394 399)
 (394 396 399) (401) (394 399) (403 396 400) (401 404) (402 405) (402 405)
 (404) (401 408) (403) (410 408) (410 408) (409 412 407) (413) (414) (415)
 (411 414) (412 405) (418 413) (418 406 415) (418 413) (411 421 419 416)
 (406 422) (417 422) (423 424) (425) (426) (425) (428) (426 428) (430) (431)
 (432) (433) (434) (427 420 429 435) (436) (436) (438) (439) (437 440)
 (437 439) (442 440) (438) (444) (443 445) (441 443 444) (441 444) (446 448)
 (449))