(NIL (1) (2) NIL (4 2) (3 5) (5) (4 2) (4 2) (9 6 7 8) (5 8) (11 6) (11 6)
 (13 7) (14 10) (14 9) (10 16) (17 12 15) (18) (17 12) (20 15) (20 15) (20)
 (18 23) (19 22 24) (25 21) (18 20) (10 16) (28 22 24) (29) (26 30) (31)
 (27 32) (30) (34 32) (33 34) (36) (36) (36) (39) (37 40) (41) (39) (41 43 38)
 (44) (35 45) (46) (47) (48) (49) (42 47) (50 51) (35 44) (49 53) (42 54 50)
 (51 55) (56) (57) (57 52) (52 54) (60) (61) (62) (63 56) (58 64) (59 61)
 (65 66) (66 62) (67 68) (68 64) (61) (67 68 71) (72) (73 69) (69 72)
 (73 75 70) (76) (74 77) (78) (79) (75) (69 71) (81 82 79) (83) (84) (85 80)
 (86) (87) (83) (81 82 80) (90) (91 85) (89 92) (89 90 85) (94 87) (95) (96 88)
 (97 92) (98 93) (98 93) (92 96) (101) (100 102) (96) (99 100 101 104) (92 96)
 (105 106 102) (107 103) (106 100) (105 109 102) (109 102 104) (107 111)
 (108 110 112) (107 109) (113 114) (114) (114 108) (116 117 112) (110 118)
 (116 117) (113 120) (113 116 117) (122 115) (122 120) (115 124) (121 125)
 (126) (123 124 119) (121 128) (129) (130 127) (131) (132) (130) (127 128)
 (129 135) (131 136) (133 136) (134 135) (139 136) (140 133) (137 138 141)
 (142) (143) (137 141) (145 142) (146) (147 144) (147 144) (149) (150) (151)
 (152) (148 152) (152) (155) (156) (155 148) (153 157 158) (159) (160) (161)
 (154 159) (153 154 158) (164 159) (165) (161 163 166) (167) (168) (166)
 (162 165) (170 171 167) (172 168) (173) (169 174) (171 167) (171 167)
 (169 177 173 176) (178 175) (179) (179) (181) (180 181) (183) (184) (180 181)
 (185 186) (187 182) (178) (186 189 184) (187 190) (188 191) (192) (185 190)
 (194 182) (185 189) (194 188 191 196) (197) (198 192) (198) (200 192) (201)
 (195 196 191) (193 203 200) (203 197) (205 199 200) (204 206) (207) (202 208)
 (209) (210) (202 208) (212) (211 212) (213 214) (210 212) (216) (217 213)
 (218 214) (218) (220 214) (221 215) (221 215) (223) (219 224) (225) (226 222)
 (219 224) (228 222) (219 222 223) (225 230) (226 231) (228 232) (227 229 232)
 (234) (233 234) (235 236) (237) (234) (235 239) (240) (233 240) (238 240)
 (242 243) (244) (243) (241 245 246) (247) (247) (249) (250) (242 243)
 (250 252) (253) (254) (255) (256) (257) (258 251) (257 248) (256)
 (259 261 248) (262) (262) (262) (265 260) (265 260 263 264) (267) (268)
 (266 269) (266 269) (271) (266 268) (267) (273 274 272) (275 270) (275)
 (276 277) (276 277) (275 270) (278 280) (281) (282 279) (283) (284) (285)
 (286) (285) (288) (289) (290) (291 287) (291 287) (288) (290 294 287)
 (293 295) (296) (297) (298) (298 292) (294 287) (299 301) (300 302) (303)
 (304) (303) (306) (307) (308 304) (307 304) (310) (305 310) (312)
 (308 311 312) (312) (315 309 311) (316) (313 314 316) (318) (318) (319 320)
 (312) (312) (323 319 320) (321 324 317) (322 325) (326) (324) (324) (329 325)
 (322 330) (331 326) (321 323) (330 333) (334) (335) (331 334) (337 332)
 (337 327 328) (339 335) (339 336) (334 327 328) (338 342) (343 336) (339 344)
 (340 344) (346) (343 335) (348 340 341) (348 340 336) (346 349 350) (345 351)
 (345 347 351) (348 341 344) (353 354 352) (354 350) (353 356 352) (357) (357)
 (359) (357) (361 358) (361 355) (363) (364 359) (365) (363) (361) (366 368)
 (369 358) (370 360) (371 367) (370) (362 373) (362 373) (375 374 367) (376)
 (377 360) (378 371) (371 376) (380 378 372) (381) (380 372) (378 383) (384)
 (381 384) (386) (384) (385 388 381) (387 389) (386 379 389) (382 391)
 (390 392) (392) (382 391) (394 395 390) (394 387 395) (393 397) (397 390)
 (393 399) (388 381) (401 400) (393 401 397) (403) (403 398) (402 405)
 (402 405) (406 407) (407) (409 404) (410 396) (409 404 406) (396 412)
 (410 412) (396 404 407) (411 412 415 408) (414 416) (416) (418 414) (419)
 (418) (421) (422) (419 423) (420 424) (424) (417 424) (423) (421 414)
 (417 421 413) (425 430) (427 428 431) (431) (425 430) (433 426 434 432) (434)
 (435 436) (437 429) (437 429) (436 429) (427 440) (441 438) (442) (441 435)
 (433 427 440) (445 437) (441 445 439) (442 447) (442 447) (449 444 446))