(NIL NIL (1 2) NIL (2 4) (1 4) (5 3 6) NIL (4 8) (2 8) (9 5 10) (1 8) (9 6 12)
 (3 10 12) (11 13 7 14) NIL (8 16) (4 16) (17 9 18) (2 16) (17 10 20) (5 18 20)
 (19 21 11 22) (1 16) (17 12 24) (18 24 6) (25 26 19 13) (3 20 24)
 (25 28 21 14) (26 7 28 22) (27 29 15 23 30) NIL (16 32) (8 32) (33 17 34)
 (4 32) (33 18 36) (9 34 36) (35 37 19 38) (2 32) (33 20 40) (34 40 10)
 (41 42 35 21) (5 36 40) (41 44 37 22) (42 11 44 38) (43 45 23 39 46) (1 32)
 (33 48 24) (34 12 48) (25 49 35 50) (6 36 48) (49 26 52 37) (50 52 13 38)
 (27 53 51 39 54) (3 48 40) (41 49 28 56) (42 56 14 50) (57 58 43 29 51)
 (52 7 44 56) (57 53 60 45 30) (58 60 46 15 54) (31 47 55 59 61 62) NIL (32 64)
 (16 64) (65 33 66) (8 64) (65 34 68) (17 66 68) (67 69 35 70) (2 64)
 (65 72 40) (66 20 72) (41 73 67 74) (10 68 72) (73 42 76 69) (74 76 21 70)
 (43 77 75 71 78) NIL (64 80) (16 80) (81 66 82) (8 80) (81 68 84) (17 82 84)
 (85 86 83 70) (4 80) (18 82 88) (9 88 84) (89 86 19 90) (2 80) (81 92 72)
 (20 82 92) (93 74 83 94) (10 92 84) (85 93 76 96) (86 96 21 94)
 (87 95 97 78 98) (5 92 88) (89 94 22 100) (90 11 96 100) (101 102 91 98 23)
 (1 80) (104 82 24) (104 12 84) (25 86 105 106) (6 104 88) (89 26 108 105)
 (90 108 13 106) (91 107 109 27 110) (3 104 92) (105 94 28 112) (106 96 14 112)
 (113 114 107 29 98) (112 7 108 100) (101 113 116 109 30) (102 116 110 15 114)
 (103 111 115 117 118 31) NIL (120 80) (120 64) (121 81 122) (120 32)
 (65 122 124) (120 16) (121 82 126) (122 126 66) (123 83 127 128) (33 124 126)
 (130 125 67 128) (120 8) (121 132 84) (132 122 68) (85 123 133 134)
 (124 132 34) (125 69 134 136) (17 132 126) (86 133 127 138) (138 134 70 128)
 (129 87 140 139 135) (130 35 138 136) (137 131 140 142 71) (120 4)
 (121 144 88) (124 36 144) (18 144 126) (89 145 147 127) (130 37 146 147)
 (9 132 144) (90 133 145 150) (150 146 38 136) (138 19 147 150)
 (151 139 153 91 148) (149 152 153 142 39) (120 2) (121 156 92) (122 156 72)
 (93 123 157 158) (124 156 40) (73 125 158 160) (156 20 126) (94 157 127 162)
 (74 158 162 128) (129 95 164 163 159) (41 130 162 160) (161 131 164 75 166)
 (10 156 132) (157 96 133 168) (168 76 134 158) (169 170 97 159 135)
 (42 168 160 136) (137 161 172 77 170) (138 168 21 162) (169 139 163 98 174)
 (170 164 140 78 174) (165 171 141 175 176 99) (43 172 142 174 166)
 (143 167 173 79 176 178) (5 156 144) (157 180 145 100) (180 44 146 160)
 (162 180 22 147) (101 163 181 183 148) (149 45 166 183 182) (150 11 180 168)
 (169 102 151 181 186) (186 172 152 46 182) (186 183 153 174 23)
 (103 189 187 154 175 184) (185 188 189 47 155 178) (120 1) (121 192 104)
 (124 192 48) (192 126 24) (105 193 195 127) (49 130 195 194) (12 132 192)
 (193 106 133 198) (50 194 198 136) (25 138 195 198) (201 139 196 107 199)
 (201 51 197 142 200) (6 144 192) (193 204 108 145) (204 194 52 146)
 (26 195 204 147) (205 196 109 207 148) (149 197 53 206 207) (150 204 13 198)
 (210 151 205 110 199) (210 152 206 54 200) (201 210 27 153 207)
 (211 213 111 154 202 208) (209 212 213 155 55 203) (3 156 192)
 (193 216 157 112) (194 56 216 160) (162 195 28 216) (113 217 163 196 219)
 (57 218 219 197 166) (216 198 14 168) (169 114 217 222 199)
 (218 58 172 222 200) (201 219 29 174 222) (115 220 223 225 175 202)
 (221 224 225 178 59 203) (204 7 180 216) (217 205 116 181 228)
 (218 60 228 182 206) (207 228 30 183 219) (220 117 229 231 184 208)
 (185 209 221 230 231 61) (186 228 222 15 210) (187 118 223 229 211 234)
 (188 224 212 230 234 62) (213 31 225 231 234 189)
 (190 119 226 232 235 237 214) (215 191 227 233 236 237 63) NIL (240 120)
 (240 80) (121 242 241) (240 64) (122 244 241) (81 242 244) (243 245 123 246)
 (240 32) (124 248 241) (65 248 244) (249 125 245 250) (240 16) (252 241 126)
 (242 82 252) (243 253 254 127) (66 244 252) (253 256 245 128) (256 83 246 254)
 (129 257 255 247 258) (33 252 248) (130 260 249 253) (67 260 250 256)
 (257 131 261 262 251) (240 8) (132 241 264) (242 264 84) (265 266 243 133)
 (68 244 264) (265 268 245 134) (85 266 268 246) (267 269 135 247 270)
 (34 248 264) (265 272 249 136) (268 69 250 272) (137 273 269 251 274)
 (17 252 264) (265 138 276 253) (86 276 254 266) (139 277 267 255 278)
 (268 276 70 256) (257 277 140 269 280) (258 87 280 270 278)
 (259 279 281 282 141 271) (35 260 276 272) (273 277 284 261 142)
 (274 284 262 71 280) (275 263 281 285 286 143) (240 4) (144 241 288)
 (242 288 88) (289 290 243 145) (248 36 288) (289 292 249 146) (18 252 288)
 (289 253 294 147) (89 290 254 294) (291 296 295 255 148) (260 37 294 292)
 (149 293 261 295 298) (9 288 264) (265 150 300 289) (266 290 300 90)
 (291 267 301 151 302) (292 300 38 272) (273 301 152 293 304) (19 276 294 300)
 (153 277 301 295 306) (306 91 302 278 296) (297 279 303 307 308 154)
 (306 298 284 39 304) (299 305 307 285 310 155) (240 2) (156 241 312)
 (242 312 92) (313 314 243 157) (312 244 72) (313 316 245 158) (93 314 316 246)
 (315 317 159 247 318) (312 248 40) (313 320 249 160) (73 316 250 320)
 (161 321 317 251 322) (20 252 312) (313 162 324 253) (94 324 254 314)
 (163 325 315 255 326) (324 74 316 256) (257 325 164 317 328)
 (258 95 328 318 326) (259 165 319 327 329 330) (41 324 260 320)
 (321 325 332 261 166) (322 75 332 262 328) (263 167 323 329 333 334)
 (10 312 264) (265 313 336 168) (336 266 96 314) (169 337 267 315 338)
 (316 76 268 336) (337 170 340 269 317) (338 340 97 270 318)
 (339 341 342 319 171 271) (336 42 320 272) (273 321 337 172 344)
 (274 340 77 344 322) (275 341 345 346 323 173) (324 276 21 336)
 (337 325 348 277 174) (338 348 326 278 98) (339 175 279 349 350 327)
 (348 328 340 78 280) (341 281 349 352 176 329) (342 282 350 352 330 99)
 (343 283 351 353 354 177 331) (332 43 284 348 344) (345 285 349 356 178 333)
 (346 286 352 356 79 334) (347 287 353 357 358 179 335) (5 312 288)
 (289 313 180 360) (290 360 314 100) (361 362 291 181 315) (44 292 360 320)
 (321 361 364 293 182) (324 360 294 22) (361 325 183 295 366)
 (101 362 326 366 296) (297 327 363 184 367 368) (298 332 45 364 366)
 (185 370 299 333 365 367) (11 300 360 336) (337 186 361 372 301)
 (362 102 372 302 338) (187 373 374 303 339 363) (372 344 364 46 304)
 (188 373 376 305 345 365) (306 372 348 366 23) (373 378 307 349 189 367)
 (103 374 378 308 350 368) (369 190 375 379 380 309 351)
 (370 376 378 310 47 356) (371 191 377 379 382 311 357) (240 1) (384 241 192)
 (242 384 104) (193 385 243 386) (248 384 48) (385 194 388 249) (252 384 24)
 (385 195 253 390) (105 386 254 390) (387 196 391 255 392) (49 260 388 390)
 (197 389 261 391 394) (12 384 264) (265 385 396 198) (266 396 386 106)
 (267 397 387 199 398) (50 388 396 272) (273 397 400 389 200) (25 396 276 390)
 (201 397 277 391 402) (398 107 278 402 392) (279 393 399 403 404 202)
 (394 51 284 402 400) (395 285 401 403 406 203) (6 384 288) (289 385 204 408)
 (290 108 408 386) (409 410 291 205 387) (52 292 388 408) (409 389 412 293 206)
 (26 408 294 390) (409 414 207 295 391) (410 392 109 414 296)
 (297 393 411 208 415 416) (298 412 53 414 394) (209 418 299 395 413 415)
 (300 13 396 408) (409 210 397 301 420) (398 420 302 410 110)
 (211 421 422 303 399 411) (412 400 54 420 304) (212 421 424 305 401 413)
 (306 27 420 414 402) (421 426 307 403 213 415) (422 111 426 308 404 416)
 (417 214 423 427 428 309 405) (418 424 426 310 406 55)
 (419 215 425 427 430 311 407) (3 384 312) (313 385 432 216) (314 432 386 112)
 (217 433 315 387 434) (56 388 432 320) (321 218 436 389 433) (28 324 390 432)
 (433 219 325 438 391) (113 434 438 326 392) (327 393 220 435 439 440)
 (57 394 332 438 436) (395 221 437 439 442 333) (396 14 432 336)
 (337 433 444 397 222) (338 434 444 398 114) (339 399 435 223 445 446)
 (58 400 444 436 344) (345 224 401 437 445 448) (402 348 29 438 444)
 (450 349 225 403 439 445) (450 115 350 404 440 446)
 (451 452 351 226 405 441 447) (450 356 406 442 59 448)
 (449 451 454 227 357 407 443) (7 408 432 360) (361 409 228 433 456)
 (362 434 116 456 410) (457 458 435 229 363 411) (60 364 412 436 456)
 (457 365 460 437 230 413) (414 438 456 366 30) (231 457 462 415 439 367)
 (458 117 462 440 368 416) (369 417 459 463 464 232 441)
 (370 418 460 462 442 61) (371 461 419 463 466 233 443) (372 444 456 15 420)
 (373 457 468 421 234 445) (422 458 118 468 446 374)
 (375 423 459 469 470 235 447) (376 424 460 468 62 448)
 (449 377 461 425 469 472 236) (450 378 462 31 468 426)
 (451 379 463 469 474 237 427) (452 428 380 119 464 470 474)
 (453 381 429 465 471 475 476 238) (454 382 430 466 472 474 63)
 (455 431 467 383 473 475 478 239) NIL (480 240) (480 120) (481 241 482)
 (480 80) (242 481 484) (121 484 482) (243 485 486 483) (480 64) (481 244 488)
 (122 482 488) (489 490 245 483) (81 484 488) (489 492 485 246)
 (490 123 492 486) (491 493 247 487 494) (480 32) (481 248 496) (124 482 496)
 (497 498 249 483) (65 496 488) (489 497 500 250) (490 125 500 498)
 (491 501 499 251 502) (480 16) (481 252 504) (504 482 126) (505 506 253 483)
 (82 484 504) (505 508 485 254) (506 508 486 127) (507 509 255 487 510)
 (66 504 488) (489 505 512 256) (490 512 506 128) (257 513 491 507 514)
 (508 492 83 512) (509 258 516 493 513) (129 514 516 494 510)
 (259 511 515 517 518 495) (33 504 496) (497 505 260 520) (498 520 506 130)
 (521 522 499 261 507) (520 67 500 512) (513 521 524 501 262)
 (514 131 524 502 522) (263 503 515 523 525 526) (480 8) (481 528 264)
 (132 482 528) (265 529 483 530) (484 528 84) (529 266 532 485)
 (530 532 133 486) (267 533 531 487 534) (68 528 488) (489 529 268 536)
 (490 536 134 530) (537 538 491 269 531) (85 492 532 536) (537 533 540 493 270)
 (538 540 494 135 534) (495 535 539 541 542 271) (34 528 496) (497 529 544 272)
 (530 498 544 136) (273 545 499 531 546) (500 69 544 536) (537 274 545 501 548)
 (137 538 548 502 546) (275 549 550 547 503 539) (17 528 504) (505 529 276 552)
 (530 506 552 138) (553 554 507 277 531) (86 508 532 552) (553 533 556 509 278)
 (554 139 556 510 534) (279 555 557 558 511 535) (552 536 70 512)
 (513 537 553 560 280) (514 140 560 554 538) (281 555 561 562 515 539)
 (87 516 540 556 560) (282 557 561 564 517 541) (558 562 564 141 518 542)
 (283 559 563 565 566 519 543) (35 544 552 520) (521 545 284 553 568)
 (522 568 142 554 546) (547 555 285 569 570 523) (568 524 548 71 560)
 (549 286 561 569 572 525) (550 562 143 570 572 526)
 (551 287 563 571 573 574 527) (480 4) (481 576 288) (144 482 576)
 (289 577 483 578) (484 576 88) (577 290 580 485) (578 580 145 486)
 (291 581 579 487 582) (36 576 496) (497 577 292 584) (498 584 146 578)
 (585 586 499 293 579) (18 576 504) (505 577 588 294) (506 588 147 578)
 (507 589 579 295 590) (89 508 588 580) (581 592 509 589 296)
 (590 582 592 510 148) (297 594 593 511 583 591) (584 37 588 520)
 (521 298 596 589 585) (149 522 596 590 586) (299 597 598 587 523 591)
 (9 576 528) (529 577 300 600) (600 530 578 150) (601 602 531 301 579)
 (600 90 532 580) (601 581 604 533 302) (602 151 604 534 582)
 (535 303 603 605 606 583) (600 584 38 544) (545 585 608 601 304)
 (608 546 152 602 586) (547 305 603 609 610 587) (600 19 588 552)
 (553 306 612 589 601) (554 612 153 590 602) (555 613 614 307 603 591)
 (604 612 91 556 592) (593 557 308 605 613 616) (594 606 558 614 616 154)
 (595 309 607 559 615 617 618) (608 612 596 39 568) (597 310 609 613 569 620)
 (598 610 614 155 570 620) (599 311 611 615 571 621 622) (480 2) (481 624 312)
 (156 482 624) (313 625 483 626) (484 624 92) (625 314 628 485)
 (626 628 157 486) (315 629 627 487 630) (72 624 488) (489 625 316 632)
 (490 632 158 626) (633 634 491 317 627) (93 492 628 632) (633 629 636 493 318)
 (634 636 494 159 630) (319 631 635 637 638 495) (40 624 496) (497 625 640 320)
 (498 640 626 160) (321 641 499 627 642) (73 500 640 632) (633 322 644 501 641)
 (161 634 644 502 642) (643 645 646 503 323 635) (20 624 504) (505 625 324 648)
 (506 648 626 162) (649 650 507 325 627) (94 508 628 648) (649 629 652 509 326)
 (650 163 652 510 630) (631 651 653 654 511 327) (74 632 648 512)
 (513 633 656 649 328) (514 650 164 656 634) (651 657 658 515 329 635)
 (95 516 636 652 656) (653 657 660 517 330 637) (165 654 658 660 518 638)
 (655 659 661 662 519 331 639) (41 640 648 520) (521 641 332 649 664)
 (522 650 664 166 642) (643 651 665 666 523 333) (75 524 664 644 656)
 (645 657 665 668 525 334) (646 167 658 666 668 526)
 (647 659 527 667 669 670 335) (10 624 528) (529 625 672 336) (530 672 626 168)
 (337 673 531 627 674) (96 532 628 672) (673 338 629 533 676)
 (169 674 676 534 630) (675 677 535 339 631 678) (76 632 672 536)
 (537 633 340 673 680) (538 674 680 634 170) (675 341 681 682 539 635)
 (680 540 97 636 676) (677 342 681 541 684 637) (678 682 684 638 171 542)
 (343 679 683 685 686 639 543) (42 640 672 544) (545 641 688 673 344)
 (674 546 172 688 642) (675 690 345 547 689 643) (548 77 688 644 680)
 (549 681 346 689 692 645) (550 682 690 692 173 646)
 (551 647 683 691 693 694 347) (648 21 672 552) (553 649 348 673 696)
 (554 674 696 174 650) (675 555 349 697 698 651) (556 696 98 652 676)
 (677 557 653 350 697 700) (678 558 654 175 698 700)
 (679 655 559 351 699 701 702) (696 656 680 78 560) (657 681 352 561 697 704)
 (658 682 562 176 698 704) (705 706 683 659 353 563 699)
 (684 660 564 700 99 704) (705 708 685 354 565 661 701)
 (706 708 686 566 177 702 662) (707 709 567 687 355 663 703 710)
 (43 664 688 696 568) (697 712 689 665 356 569) (666 712 690 570 698 178)
 (699 713 714 691 357 571 667) (668 712 692 79 572 704)
 (705 713 573 716 693 358 669) (706 714 716 670 694 179 574)
 (707 359 715 717 718 575 695 671) (5 624 576) (577 625 720 360)
 (720 578 180 626) (361 721 579 627 722) (720 580 628 100)
 (721 362 629 581 724) (722 724 181 582 630) (583 723 725 726 631 363)
 (720 44 640 584) (585 641 364 721 728) (586 728 722 182 642)
 (643 723 729 730 587 365) (720 588 22 648) (649 721 732 589 366)
 (650 732 590 183 722) (651 723 591 733 734 367) (101 724 652 732 592)
 (593 653 725 368 733 736) (594 654 726 184 734 736)
 (369 737 595 738 655 727 735) (728 732 596 45 664) (370 740 597 729 665 733)
 (185 740 598 730 666 734) (371 741 742 599 731 667 735) (720 11 672 600)
 (601 673 372 721 744) (602 674 722 744 186) (675 373 745 746 603 723)
 (724 102 604 744 676) (677 374 745 748 605 725) (187 678 746 748 606 726)
 (375 679 747 749 750 607 727) (728 744 688 46 608) (689 376 745 752 609 729)
 (188 690 746 752 610 730) (377 747 691 753 754 611 731) (732 744 612 23 696)
 (745 378 756 613 697 733) (189 746 756 614 698 734)
 (747 757 758 615 699 379 735) (103 748 756 616 700 736)
 (737 380 749 757 760 617 701) (738 190 750 758 760 618 702)
 (739 381 751 759 761 762 619 703) (740 712 47 752 756 620)
 (741 713 382 753 757 764 621) (742 191 714 754 758 764 622)
 (743 715 383 755 759 765 766 623) (480 1) (481 768 384) (768 482 192)
 (385 769 483 770) (484 768 104) (769 386 772 485) (193 770 772 486)
 (387 773 771 487 774) (48 768 496) (497 769 388 776) (498 776 770 194)
 (777 778 499 389 771) (24 768 504) (505 769 780 390) (506 195 780 770)
 (507 781 771 391 782) (105 772 508 780) (773 784 509 781 392)
 (784 196 782 510 774) (775 393 783 785 786 511) (49 780 776 520)
 (521 394 788 781 777) (522 788 197 782 778) (779 783 789 790 523 395)
 (12 768 528) (529 769 396 792) (530 792 198 770) (793 794 531 397 771)
 (772 106 532 792) (793 773 796 533 398) (794 796 534 199 774)
 (775 399 535 795 797 798) (792 50 776 544) (545 777 800 793 400)
 (546 800 778 794 200) (801 802 547 779 401 795) (25 792 780 552)
 (553 402 804 781 793) (201 554 804 782 794) (805 806 555 783 403 795)
 (796 804 107 556 784) (805 808 557 785 404 797) (806 808 558 786 202 798)
 (807 809 810 559 787 405 799) (800 804 51 788 568) (801 805 812 789 406 569)
 (802 806 812 790 570 203) (803 407 807 813 814 791 571) (6 768 576)
 (577 769 816 408) (578 204 816 770) (409 817 579 771 818) (108 772 580 816)
 (817 410 820 581 773) (818 820 205 582 774) (775 819 821 822 583 411)
 (776 816 52 584) (585 777 412 824 817) (586 818 824 206 778)
 (779 819 825 826 587 413) (780 26 588 816) (817 781 828 589 414)
 (818 828 590 207 782) (783 819 591 829 830 415) (820 784 109 828 592)
 (593 785 821 416 829 832) (594 786 822 208 830 832)
 (417 833 595 834 787 823 831) (788 828 596 53 824) (418 836 597 789 825 829)
 (209 836 598 790 826 830) (419 837 838 599 791 827 831) (816 792 13 600)
 (601 793 840 420 817) (602 840 794 818 210) (421 841 842 603 819 795)
 (796 820 604 110 840) (422 841 844 605 821 797) (211 842 844 606 822 798)
 (423 843 845 846 607 823 799) (824 840 800 54 608) (801 424 841 848 609 825)
 (802 212 842 848 610 826) (803 425 843 849 850 611 827) (804 27 612 828 840)
 (805 841 426 852 613 829) (213 806 842 852 614 830)
 (807 427 853 854 615 843 831) (111 808 844 852 616 832)
 (833 809 428 845 853 856 617) (834 214 810 846 854 856 618)
 (835 811 429 847 855 857 858 619) (836 812 848 852 55 620)
 (837 813 430 849 853 860 621) (838 215 814 850 854 860 622)
 (839 815 851 431 855 861 862 623) (3 768 624) (625 769 864 432)
 (626 864 770 216) (433 865 627 771 866) (772 864 628 112)
 (865 434 868 629 773) (217 866 868 630 774) (867 869 870 775 435 631)
 (776 864 56 640) (641 777 436 865 872) (642 872 778 866 218)
 (643 873 874 779 867 437) (780 864 28 648) (649 865 876 781 438)
 (650 219 876 782 866) (867 651 877 878 783 439) (113 868 652 876 784)
 (869 877 653 880 785 440) (870 220 878 880 786 654)
 (871 879 881 882 787 655 441) (57 872 788 876 664) (873 877 884 789 665 442)
 (874 221 878 884 790 666) (875 879 885 886 791 667 443) (864 792 14 672)
 (673 793 444 865 888) (674 888 866 222 794) (675 867 889 890 795 445)
 (796 114 676 868 888) (677 889 869 892 797 446) (870 223 890 892 798 678)
 (679 871 447 891 893 894 799) (872 58 800 888 688) (801 873 689 889 448 896)
 (802 874 224 690 890 896) (449 897 803 898 875 691 891) (876 888 804 29 696)
 (450 900 805 877 889 697) (900 806 878 225 890 698)
 (451 901 902 807 879 891 699) (700 808 115 880 900 892)
 (452 901 904 809 893 881 701) (902 882 810 904 702 226 894)
 (453 903 905 906 811 883 703 895) (900 712 812 884 59 896)
 (897 901 454 713 908 813 885) (898 902 714 908 814 227 886)
 (899 455 903 715 909 910 815 887) (864 7 816 720) (721 817 912 865 456)
 (722 228 866 912 818) (867 457 819 913 914 723) (116 820 724 868 912)
 (869 458 913 916 725 821) (870 914 916 229 726 822)
 (727 871 459 915 917 918 823) (872 824 60 912 728) (873 460 913 825 920 729)
 (874 826 914 230 920 730) (875 461 915 921 922 731 827) (876 828 732 30 912)
 (733 877 462 913 924 829) (878 830 914 231 924 734)
 (879 915 463 735 925 926 831) (117 880 916 736 924 832)
 (737 833 464 881 917 925 928) (738 834 882 918 232 926 928)
 (929 930 739 835 465 883 919 927) (836 740 884 920 924 61)
 (932 837 466 885 921 741 925) (932 742 886 233 922 926 838)
 (933 743 839 467 887 923 927 934) (888 840 912 15 744)
 (936 745 913 841 468 889) (936 234 746 914 842 890)
 (937 938 747 915 469 891 843) (748 936 844 118 916 892)
 (937 749 940 845 917 470 893) (938 940 750 846 918 235 894)
 (919 939 941 942 847 751 471 895) (936 848 920 752 62 896)
 (897 849 937 944 753 472 921) (898 850 938 944 754 922 236)
 (899 939 851 945 946 755 473 923) (900 936 31 756 852 924)
 (901 937 757 948 853 474 925) (902 938 948 758 237 926 854)
 (759 903 939 949 950 855 475 927) (904 760 940 119 948 856 928)
 (929 905 941 857 949 952 761 476) (930 906 952 942 950 858 762 238)
 (931 907 943 951 953 954 763 477 859) (764 908 944 932 860 948 63)
 (933 765 909 945 949 956 861 478) (934 910 862 946 950 956 766 239)
 (935 911 947 479 951 767 957 958 863))