(NIL NIL (1 2) NIL (2 4) (1 4) (5 3 6) NIL (4 8) (2 8) (9 5 10) (1 8) (9 6 12)
 (3 10 12) (11 13 7 14) NIL (4 16) (2 16) (5 17 18) (1 16) (17 20 6) (3 18 20)
 (21 22 7 19) NIL (16 24) (8 24) (4 24) (25 17 27) (26 9 27) (1 24) (25 30 20)
 (26 12 30) (6 27 30) (21 28 31 33) (13 29 32 33) NIL (24 36) (16 36)
 (37 25 38) (8 36) (37 26 40) (2 36) (38 18 42) (40 42 10) (1 36) (37 45 30)
 (38 45 20) (39 47 31 46) (40 12 45) (46 41 32 49) (3 45 42) (22 47 43 51)
 (49 51 14 44) NIL (36 54) (24 54) (55 37 56) (16 54) (55 38 58) (25 56 58)
 (57 59 39 60) (8 54) (55 40 62) (26 56 62) (57 63 41 64) (4 54) (56 27 66)
 (17 58 66) (28 60 67 68) (9 62 66) (70 29 64 67) (2 54) (55 72 42) (72 18 58)
 (73 74 59 43) (72 10 62) (73 63 76 44) (5 72 66) (74 19 78 68) (70 11 76 78)
 (1 54) (55 45 81) (56 81 30) (57 82 83 46) (81 58 20) (47 59 85 82)
 (83 31 60 85) (87 48 84 61 86) (81 62 12) (89 82 63 49) (89 83 64 32)
 (90 91 50 65 84) (6 81 66) (93 83 33 67) (21 93 85 68) (69 87 94 95 34)
 (70 89 13 93) (35 71 91 97 94) (72 3 81) (73 82 99 51) (22 74 99 85)
 (52 75 100 101 86) (99 89 76 14) (103 53 90 77 100) (7 99 93 78)
 (95 23 105 101 79) (80 103 97 105 15) NIL (108 54) (108 36) (109 55 110)
 (108 24) (109 56 112) (37 110 112) (111 113 57 114) (108 16) (109 58 116)
 (110 116 38) (117 118 111 59) (25 112 116) (117 120 113 60) (118 39 120 114)
 (119 121 61 115 122) (108 8) (109 62 124) (110 124 40) (125 126 111 63)
 (26 112 124) (125 128 113 64) (126 41 128 114) (127 129 65 115 130) (108 4)
 (109 132 66) (27 112 132) (133 113 134 67) (17 132 116) (117 136 133 68)
 (120 134 28 136) (69 137 121 135 138) (9 132 124) (125 70 140 133)
 (128 29 134 140) (141 71 129 142 135) (108 2) (109 72 144) (110 42 144)
 (73 111 146 145) (144 18 116) (117 74 145 148) (118 146 148 43)
 (119 75 147 149 150) (10 144 124) (125 152 145 76) (126 146 152 44)
 (154 127 153 147 77) (5 144 132) (145 133 156 78) (156 19 148 136)
 (137 158 157 149 79) (152 11 140 156) (80 160 153 141 157) (108 1)
 (109 81 162) (110 162 45) (111 82 163 164) (112 30 162) (83 113 163 166)
 (166 46 114 164) (165 167 168 84 115) (20 162 116) (117 163 85 170)
 (118 47 170 164) (165 119 172 171 86) (166 120 31 170) (87 174 167 121 171)
 (174 168 48 122 172) (169 123 173 88 175 176) (12 162 124) (125 89 178 163)
 (126 178 49 164) (165 127 90 179 180) (166 128 32 178) (91 167 129 179 182)
 (182 168 130 50 180) (169 131 92 181 183 184) (6 132 162) (133 163 93 186)
 (166 134 33 186) (167 188 187 135 94) (21 186 170 136) (137 95 187 171 190)
 (138 174 188 190 34) (189 191 192 175 139 96) (140 13 178 186)
 (97 141 187 179 194) (35 182 194 142 188) (189 195 196 143 183 98) (3 144 162)
 (198 145 99 163) (198 146 164 51) (165 199 200 147 100) (22 198 148 170)
 (171 199 101 149 202) (52 200 172 202 150) (201 203 204 173 151 102)
 (152 198 14 178) (103 206 153 199 179) (200 53 154 206 180)
 (104 201 207 208 181 155) (198 7 156 186) (105 199 187 157 210)
 (190 23 210 202 158) (159 191 106 203 211 212) (160 210 194 15 206)
 (161 107 195 207 211 214) NIL (216 108) (216 54) (109 218 217) (216 36)
 (110 220 217) (55 218 220) (219 221 111 222) (216 24) (112 217 224)
 (218 224 56) (225 226 219 113) (37 220 224) (225 228 221 114) (226 57 228 222)
 (227 229 115 223 230) (216 16) (232 217 116) (218 58 232) (117 233 219 234)
 (38 220 232) (233 118 236 221) (234 236 59 222) (119 237 235 223 238)
 (25 232 224) (225 233 120 240) (226 240 60 234) (241 242 227 121 235)
 (236 39 228 240) (241 237 244 229 122) (242 244 230 61 238)
 (123 231 239 243 245 246) (216 8) (248 217 124) (218 62 248) (125 249 219 250)
 (40 220 248) (249 126 252 221) (250 252 63 222) (127 253 251 223 254)
 (26 248 224) (225 249 128 256) (226 256 64 250) (257 258 227 129 251)
 (41 228 252 256) (257 253 260 229 130) (258 260 230 65 254)
 (131 231 255 259 261 262) (216 4) (132 217 264) (218 66 264) (265 266 219 133)
 (27 264 224) (225 265 268 134) (226 268 67 266) (227 269 267 135 270)
 (17 264 232) (233 265 272 136) (234 266 272 68) (137 273 235 267 274)
 (28 272 268 240) (241 138 276 269 273) (69 242 276 270 274)
 (275 277 278 139 243 271) (9 264 248) (249 265 140 280) (250 266 280 70)
 (281 282 251 141 267) (268 29 280 256) (257 281 284 269 142)
 (258 71 284 270 282) (283 285 286 143 259 271) (216 2) (144 288 217)
 (72 218 288) (219 289 145 290) (288 220 42) (289 146 221 292) (73 292 222 290)
 (293 294 147 291 223) (288 18 232) (233 296 289 148) (234 74 296 290)
 (235 297 291 149 298) (296 236 43 292) (293 297 300 237 150)
 (294 300 75 238 298) (295 299 301 302 239 151) (10 288 248) (249 152 304 289)
 (250 304 76 290) (251 305 153 291 306) (304 292 252 44) (293 305 154 253 308)
 (294 308 254 306 77) (255 295 307 309 310 155) (5 288 264) (265 312 289 156)
 (266 312 290 78) (267 313 291 157 314) (312 296 19 272) (273 313 316 297 158)
 (274 316 298 314 79) (159 317 275 318 299 315) (312 11 304 280)
 (281 160 320 305 313) (80 282 320 306 314) (161 321 322 283 307 315) (216 1)
 (324 217 162) (218 81 324) (219 325 326 163) (324 45 220) (325 328 221 164)
 (328 82 222 326) (165 329 327 223 330) (324 30 224) (225 166 332 325)
 (226 332 83 326) (227 333 167 327 334) (332 46 228 328) (329 333 168 229 336)
 (330 334 336 230 84) (331 335 337 338 169 231) (324 20 232) (233 340 325 170)
 (234 340 326 85) (235 341 327 171 342) (340 236 47 328) (329 341 344 237 172)
 (330 342 344 238 86) (345 331 343 173 346 239) (340 332 31 240)
 (241 174 348 333 341) (87 242 348 334 342) (335 343 175 349 350 243)
 (344 244 48 348 336) (337 345 176 349 352 245) (346 338 88 350 352 246)
 (339 347 177 351 353 354 247) (324 12 248) (249 356 325 178) (250 89 356 326)
 (251 357 327 179 358) (356 252 49 328) (329 357 360 253 180)
 (330 90 254 360 358) (361 362 331 255 181 359) (356 332 32 256)
 (257 182 364 333 357) (258 364 91 334 358) (365 366 335 259 183 359)
 (360 364 260 50 336) (361 365 368 337 184 261) (362 366 368 338 92 262)
 (363 367 369 370 339 185 263) (6 324 264) (265 372 325 186) (266 372 326 93)
 (267 373 327 187 374) (332 372 268 33) (373 333 376 269 188)
 (334 376 270 374 94) (189 335 375 377 378 271) (21 372 340 272)
 (273 190 380 341 373) (95 274 380 342 374) (275 191 375 381 343 382)
 (380 348 376 276 34) (192 277 377 349 384 381) (278 378 382 384 96 350)
 (193 351 279 379 383 385 386) (372 356 13 280) (281 373 388 357 194)
 (282 97 388 358 374) (195 283 375 389 390 359) (35 388 364 284 376)
 (365 196 285 377 389 392) (366 286 378 98 390 392)
 (393 394 367 197 287 379 391) (3 324 288) (198 396 289 325) (396 99 290 326)
 (199 397 327 291 398) (328 396 51 292) (293 329 200 397 400)
 (294 400 398 100 330) (331 399 401 402 295 201) (396 22 296 340)
 (341 404 297 202 397) (404 398 298 101 342) (399 405 406 343 299 203)
 (52 400 344 404 300) (345 401 405 408 301 204) (346 402 406 408 302 102)
 (409 403 347 407 205 410 303) (396 356 304 14) (206 412 305 397 357)
 (103 412 398 306 358) (399 207 413 414 307 359) (400 53 360 412 308)
 (361 401 208 413 416 309) (362 104 402 414 416 310)
 (363 403 209 415 417 418 311) (372 396 7 312) (373 420 313 210 397)
 (105 420 398 314 374) (399 375 211 421 422 315) (404 420 23 380 316)
 (317 405 381 212 421 424) (318 106 406 382 422 424)
 (425 426 319 407 383 213 423) (412 420 388 320 15) (428 321 421 413 214 389)
 (428 107 322 390 414 422) (429 430 323 391 415 215 423) NIL (432 216)
 (432 108) (433 217 434) (432 54) (218 433 436) (109 436 434) (219 437 438 435)
 (432 36) (433 220 440) (110 434 440) (441 442 221 435) (55 436 440)
 (441 444 437 222) (442 111 444 438) (443 445 223 439 446) (432 24)
 (433 448 224) (112 434 448) (225 449 435 450) (56 436 448) (449 226 452 437)
 (450 452 113 438) (227 453 451 439 454) (37 448 440) (441 449 228 456)
 (442 456 114 450) (457 458 443 229 451) (452 57 444 456) (457 453 460 445 230)
 (458 460 446 115 454) (231 455 459 461 462 447) (432 16) (433 464 232)
 (464 434 116) (233 465 435 466) (58 436 464) (465 234 468 437)
 (117 466 468 438) (235 469 467 439 470) (38 464 440) (441 465 236 472)
 (442 472 466 118) (473 474 443 237 467) (468 444 59 472) (473 469 476 445 238)
 (474 119 476 446 470) (471 475 477 478 239 447) (25 464 448) (449 465 480 240)
 (480 450 120 466) (241 481 451 467 482) (468 452 60 480) (481 242 484 453 469)
 (482 484 121 454 470) (471 483 485 486 455 243) (480 39 472 456)
 (457 473 244 481 488) (458 488 482 122 474) (475 483 489 490 459 245)
 (476 484 460 61 488) (477 485 489 492 461 246) (478 123 486 490 492 462)
 (479 463 487 491 493 494 247) (432 8) (433 496 248) (496 434 124)
 (249 497 435 498) (436 62 496) (497 250 500 437) (125 498 500 438)
 (251 501 499 439 502) (40 496 440) (441 497 252 504) (442 504 498 126)
 (505 506 443 253 499) (444 63 500 504) (505 501 508 445 254)
 (506 127 508 446 502) (503 507 509 510 255 447) (26 496 448) (449 497 512 256)
 (450 128 512 498) (257 513 451 499 514) (500 452 64 512) (513 258 501 453 516)
 (514 516 129 454 502) (503 515 517 518 455 259) (41 504 512 456)
 (457 505 260 513 520) (458 520 130 514 506) (507 515 521 522 459 261)
 (516 460 508 65 520) (509 517 521 524 461 262) (510 131 518 522 524 462)
 (511 463 519 523 525 526 263) (432 4) (433 528 264) (132 434 528)
 (265 529 435 530) (436 66 528) (529 266 532 437) (530 532 133 438)
 (267 533 531 439 534) (27 528 448) (449 529 268 536) (450 536 134 530)
 (537 538 451 269 531) (452 536 67 532) (537 533 540 453 270)
 (538 540 454 135 534) (455 535 539 541 542 271) (17 528 464) (465 529 544 272)
 (466 530 544 136) (273 545 467 531 546) (468 532 544 68) (545 274 548 469 533)
 (137 546 548 470 534) (275 549 550 471 547 535) (28 536 544 480)
 (481 537 276 545 552) (552 482 538 546 138) (547 277 553 554 483 539)
 (69 548 484 552 540) (549 278 553 556 485 541) (550 554 556 139 486 542)
 (279 551 555 557 558 487 543) (9 528 496) (497 529 560 280) (560 498 140 530)
 (281 561 499 531 562) (560 70 500 532) (561 282 564 501 533)
 (562 564 141 502 534) (503 283 563 565 566 535) (560 536 29 512)
 (513 537 284 561 568) (514 568 562 142 538) (285 563 515 569 570 539)
 (564 568 71 516 540) (286 517 569 565 572 541) (566 143 570 572 542 518)
 (519 287 567 571 573 574 543) (432 2) (433 288 576) (144 434 576)
 (577 578 289 435) (72 436 576) (577 580 437 290) (578 145 580 438)
 (579 581 291 439 582) (576 42 440) (441 577 584 292) (584 442 146 578)
 (293 585 443 579 586) (580 73 444 584) (585 294 588 445 581)
 (586 588 147 446 582) (295 583 587 589 590 447) (576 18 464) (465 577 296 592)
 (466 592 148 578) (593 594 467 297 579) (580 74 468 592) (593 581 596 469 298)
 (594 596 470 149 582) (471 583 299 595 597 598) (592 584 43 472)
 (473 585 600 593 300) (474 600 586 594 150) (601 602 475 301 587 595)
 (588 75 476 596 600) (601 604 477 302 589 597) (602 604 478 590 151 598)
 (603 605 606 479 303 591 599) (10 576 496) (497 577 304 608) (498 608 578 152)
 (609 610 499 305 579) (580 500 76 608) (609 581 612 501 306)
 (610 153 612 502 582) (503 611 613 614 583 307) (584 44 608 504)
 (505 585 609 616 308) (610 506 154 616 586) (507 617 618 587 309 611)
 (588 508 612 77 616) (509 613 617 620 589 310) (614 510 618 620 590 155)
 (511 619 621 615 591 311 622) (5 576 528) (529 577 312 624) (530 624 156 578)
 (625 626 531 313 579) (580 532 78 624) (625 581 628 533 314)
 (626 628 534 157 582) (583 535 627 629 630 315) (592 19 624 544)
 (545 593 625 632 316) (626 546 632 594 158) (317 633 547 634 595 627)
 (596 548 628 632 79) (633 318 636 549 597 629) (159 634 636 550 598 630)
 (319 637 638 551 635 631 599) (11 608 624 560) (561 609 625 320 640)
 (610 562 640 626 160) (321 641 642 611 563 627) (80 564 612 628 640)
 (322 641 644 613 565 629) (161 642 644 614 566 630)
 (323 643 645 646 615 567 631) (432 1) (433 324 648) (648 434 162)
 (649 650 325 435) (81 436 648) (649 652 437 326) (650 652 438 163)
 (651 653 327 439 654) (45 648 440) (441 649 656 328) (650 442 656 164)
 (329 657 443 651 658) (444 652 82 656) (657 330 653 660 445)
 (165 658 660 446 654) (331 655 659 661 662 447) (30 648 448) (449 649 332 664)
 (650 450 664 166) (665 666 451 333 651) (452 83 652 664) (665 653 668 453 334)
 (666 167 668 454 654) (335 655 455 667 669 670) (46 656 664 456)
 (457 657 665 672 336) (666 458 168 672 658) (673 674 337 659 459 667)
 (668 460 660 84 672) (673 676 338 461 661 669) (674 676 169 462 662 670)
 (675 677 678 339 671 663 463) (20 648 464) (465 649 340 680) (466 680 170 650)
 (681 682 467 341 651) (468 652 85 680) (681 653 684 469 342)
 (682 684 470 171 654) (471 683 685 686 343 655) (47 656 680 472)
 (473 657 681 688 344) (658 474 688 682 172) (689 475 345 690 659 683)
 (688 476 660 684 86) (477 685 689 346 692 661) (686 478 173 690 692 662)
 (691 479 347 693 687 663 694) (664 31 680 480) (481 665 348 681 696)
 (666 482 696 682 174) (683 483 349 697 698 667) (87 484 668 684 696)
 (685 485 350 697 700 669) (686 175 486 698 700 670)
 (487 687 351 699 701 702 671) (696 672 48 688 488) (673 689 697 352 489 704)
 (674 690 176 698 490 704) (705 706 675 691 353 491 699)
 (492 88 692 676 700 704) (705 708 677 701 693 354 493)
 (706 708 678 702 177 694 494) (707 709 710 679 495 695 355 703) (12 648 496)
 (497 649 356 712) (498 712 178 650) (713 714 499 357 651) (89 500 652 712)
 (713 653 716 501 358) (714 716 502 179 654) (503 715 717 718 655 359)
 (656 49 712 504) (505 657 720 713 360) (658 506 714 720 180)
 (361 715 721 722 659 507) (508 660 720 90 716) (362 717 509 721 724 661)
 (718 510 722 724 662 181) (363 719 723 725 511 663 726) (664 32 712 512)
 (513 665 364 713 728) (666 514 714 728 182) (365 715 515 729 730 667)
 (516 91 668 716 728) (366 717 517 729 732 669) (718 518 730 183 732 670)
 (367 719 519 731 733 734 671) (672 720 728 50 520) (673 368 721 729 521 736)
 (674 722 522 730 184 736) (737 738 675 369 723 523 731)
 (676 732 724 92 524 736) (737 740 677 370 525 725 733)
 (738 740 678 526 726 185 734) (739 741 742 679 371 527 727 735) (6 648 528)
 (529 649 372 744) (530 744 186 650) (745 746 531 373 651) (532 652 93 744)
 (745 653 748 533 374) (746 748 534 187 654) (747 749 750 375 655 535)
 (664 744 33 536) (537 665 752 745 376) (666 538 746 752 188)
 (753 747 377 754 539 667) (752 540 668 748 94) (541 749 753 378 756 669)
 (189 750 670 754 756 542) (755 751 379 757 543 671 758) (21 680 744 544)
 (545 681 380 745 760) (546 746 760 682 190) (547 747 381 761 762 683)
 (95 548 760 684 748) (549 749 685 382 761 764) (191 550 750 686 762 764)
 (551 751 687 383 763 765 766) (760 34 752 696 552) (553 753 761 384 697 768)
 (192 554 754 698 762 768) (769 770 555 755 385 699 763)
 (700 556 756 96 764 768) (769 772 701 557 757 386 765)
 (770 772 193 558 702 758 766) (771 773 774 559 767 759 387 703)
 (712 13 744 560) (561 713 388 745 776) (776 562 746 194 714)
 (777 778 747 563 389 715) (776 97 564 716 748) (777 749 780 717 565 390)
 (195 778 780 750 718 566) (779 781 782 719 751 567 391) (35 776 728 752 568)
 (777 784 753 729 569 392) (196 778 784 754 730 570)
 (393 779 785 786 755 571 731) (98 732 780 784 756 572)
 (394 733 781 785 788 757 573) (197 782 734 786 788 758 574)
 (395 783 787 789 575 759 735 790) (3 648 576) (577 649 396 792)
 (650 578 792 198) (793 794 579 397 651) (580 99 652 792) (793 653 796 581 398)
 (794 199 796 582 654) (399 583 655 795 797 798) (792 51 656 584)
 (585 657 800 793 400) (800 586 200 794 658) (801 802 401 659 587 795)
 (796 588 660 100 800) (801 804 402 661 589 797) (802 804 201 590 798 662)
 (803 805 591 403 663 799 806) (792 22 680 592) (593 681 404 793 808)
 (594 808 794 202 682) (809 810 683 405 595 795) (796 596 684 101 808)
 (809 797 812 685 406 597) (810 812 686 203 598 798)
 (811 813 814 407 599 799 687) (52 800 688 808 600) (601 801 809 816 689 408)
 (602 802 810 816 690 204) (817 603 811 803 409 818 691)
 (804 812 816 604 692 102) (605 813 817 410 820 693 805)
 (806 814 205 818 820 694 606) (607 807 411 815 819 821 822 695)
 (792 712 14 608) (609 713 412 793 824) (610 714 824 794 206)
 (611 413 825 826 795 715) (103 796 612 716 824) (613 717 414 825 828 797)
 (614 718 207 826 828 798) (719 615 415 827 829 830 799) (800 53 720 824 616)
 (801 721 617 416 825 832) (802 722 618 208 826 832)
 (833 834 803 723 619 417 827) (104 804 620 724 828 832)
 (833 836 805 725 621 418 829) (834 836 806 209 622 830 726)
 (835 837 623 807 727 419 831 838) (792 7 744 624) (625 745 420 793 840)
 (626 840 794 210 746) (841 842 747 627 421 795) (796 840 105 628 748)
 (841 797 844 749 629 422) (842 844 750 630 211 798)
 (843 845 846 751 423 631 799) (840 808 23 760 632) (633 809 848 841 761 424)
 (634 810 212 848 842 762) (425 635 811 849 850 763 843)
 (844 812 106 848 636 764) (426 637 813 845 849 852 765)
 (638 814 846 850 852 213 766) (427 639 815 851 853 847 767 854)
 (824 840 776 15 640) (428 641 841 777 856 825) (214 642 778 842 856 826)
 (429 843 779 857 858 827 643) (844 107 780 856 828 644)
 (860 430 781 845 857 645 829) (782 646 846 858 215 860 830)
 (431 783 847 647 859 861 862 831))