(NIL NIL (1 2) NIL (2 4) (1 4) (5 3 6) NIL (4 8) (2 8) (9 5 10) NIL (8 12)
 (4 12) (13 9 14) (2 12) (13 10 16) (5 14 16) (15 17 11 18) (1 12) (14 20 6)
 (3 20 16) (7 21 18 22) NIL (8 24) (4 24) (9 25 26) (2 24) (25 28 10) (5 26 28)
 (29 30 11 27) (1 24) (6 26 32) (3 32 28) (33 30 7 34) NIL (24 36) (12 36)
 (8 36) (37 25 39) (38 13 39) (4 36) (37 26 42) (38 14 42) (9 39 42)
 (45 40 27 43) (45 15 41 44) (2 36) (37 48 28) (38 48 16) (10 39 48)
 (29 40 49 51) (17 41 50 51) (5 48 42) (30 49 43 54) (54 50 18 44)
 (45 54 11 51) (46 31 57 55 52) (53 47 56 57 19) (1 36) (37 60 32) (38 60 20)
 (6 60 42) (33 61 63 43) (21 62 63 44) (3 60 48) (34 49 61 66) (66 62 50 22)
 (54 7 63 66) (55 67 69 35 64) (65 68 56 69 23) NIL (36 72) (24 72) (73 37 74)
 (12 72) (73 38 76) (8 72) (73 39 78) (74 78 25) (75 40 79 80) (13 76 78)
 (82 77 41 79) (4 72) (73 84 42) (74 26 84) (75 85 86 43) (76 84 14)
 (77 88 85 44) (9 84 78) (45 90 85 79) (90 27 86 80) (81 46 91 92 87)
 (90 82 15 88) (89 83 47 91 94) (2 72) (73 48 96) (74 96 28) (97 98 75 49)
 (76 16 96) (97 77 100 50) (10 78 96) (97 51 79 102) (29 98 102 80)
 (81 99 104 103 52) (82 100 17 102) (53 106 83 101 103) (5 84 96)
 (97 54 108 85) (30 108 86 98) (55 109 99 87 110) (108 100 18 88)
 (89 109 56 101 112) (90 11 108 102) (109 91 57 103 114) (114 31 92 110 104)
 (105 111 115 116 93 58) (106 114 94 19 112) (107 95 113 115 118 59) (1 72)
 (73 60 120) (74 120 32) (121 122 75 61) (76 20 120) (121 77 124 62) (6 84 120)
 (121 85 126 63) (33 122 86 126) (123 128 127 87 64) (124 21 126 88)
 (89 65 125 127 130) (3 120 96) (97 66 132 121) (98 132 122 34)
 (99 123 133 67 134) (124 132 100 22) (125 68 101 136 133) (132 7 108 126)
 (69 109 138 127 133) (138 35 134 110 128) (129 111 135 139 140 70)
 (130 136 138 23 112) (131 113 139 142 137 71) NIL (144 72) (144 24)
 (145 74 146) (144 8) (145 148 78) (25 148 146) (149 147 150 80) (144 4)
 (145 84 152) (146 26 152) (153 154 147 86) (9 148 152) (153 90 156 149)
 (154 156 27 150) (155 92 157 158 151) (144 2) (145 160 96) (160 146 28)
 (161 98 147 162) (10 148 160) (161 164 149 102) (29 162 164 150)
 (163 165 166 151 104) (5 160 152) (153 161 108 168) (154 168 162 30)
 (169 170 155 163 110) (164 11 156 168) (169 114 172 157 165)
 (170 31 172 158 166) (116 167 171 173 174 159) (144 1) (145 176 120)
 (176 146 32) (177 122 147 178) (6 176 152) (153 177 180 126) (33 154 180 178)
 (155 182 181 179 128) (3 176 160) (161 177 132 184) (162 184 178 34)
 (185 186 163 179 134) (184 7 180 168) (169 138 188 181 185)
 (170 35 188 182 186) (140 190 183 171 189 187) NIL (192 144) (192 72)
 (145 194 193) (192 36) (73 194 196) (192 24) (146 193 198) (194 198 74)
 (195 147 199 200) (37 196 198) (202 197 75 200) (192 12) (194 204 76)
 (38 196 204) (197 205 77 206) (192 8) (148 193 208) (194 78 208)
 (209 210 195 149) (196 39 208) (210 197 212 79) (25 198 208) (209 150 199 214)
 (210 80 214 200) (201 211 215 151 216) (202 212 40 214) (81 218 203 213 216)
 (13 204 208) (82 220 205 210) (220 212 41 206) (221 83 213 222 207) (192 4)
 (224 193 152) (194 84 224) (153 225 195 226) (196 42 224) (226 197 228 85)
 (26 198 224) (225 154 230 199) (226 86 230 200) (201 155 227 231 232)
 (202 228 230 43) (234 203 229 87 232) (14 204 224) (226 236 205 88)
 (236 228 206 44) (89 237 229 238 207) (9 224 208) (209 225 156 240)
 (210 240 226 90) (241 242 211 157 227) (45 212 228 240) (229 91 244 213 242)
 (240 27 214 230) (241 246 158 215 231) (242 92 232 246 216)
 (233 243 247 248 217 159) (218 244 246 234 46) (235 248 245 250 93 219)
 (15 220 236 240) (237 252 221 94 242) (252 47 244 222 238)
 (239 245 95 253 254 223) (192 2) (256 193 160) (194 256 96) (161 257 195 258)
 (196 48 256) (97 258 197 260) (256 198 28) (257 162 262 199) (98 262 258 200)
 (201 163 259 263 264) (202 260 49 262) (266 203 261 99 264) (16 204 256)
 (258 268 100 205) (268 260 206 50) (269 261 101 270 207) (10 256 208)
 (209 257 164 272) (210 272 102 258) (273 274 211 165 259) (260 212 51 272)
 (261 276 213 103 274) (29 272 214 262) (273 263 166 215 278)
 (274 264 104 278 216) (167 265 275 279 280 217) (218 276 278 266 52)
 (105 267 277 280 282 219) (268 220 17 272) (269 106 284 221 274)
 (53 284 276 222 270) (107 271 277 285 286 223) (5 256 224) (225 257 288 168)
 (226 288 108 258) (169 289 227 259 290) (54 260 228 288) (261 109 292 229 290)
 (30 288 230 262) (289 170 263 231 294) (290 264 294 110 232)
 (291 295 296 233 265 171) (234 55 292 294 266) (293 111 296 298 235 267)
 (268 236 18 288) (269 300 237 290 112) (292 300 56 238 270)
 (293 113 301 302 271 239) (288 11 272 240) (241 273 172 289 304)
 (242 304 290 274 114) (291 275 305 306 243 173) (292 276 244 57 304)
 (293 115 306 308 277 245) (31 304 294 246 278) (247 295 305 310 279 174)
 (296 116 306 310 280 248) (297 281 307 311 312 249 175)
 (298 308 310 282 250 58) (299 117 309 312 314 251 283) (300 284 252 19 304)
 (253 301 118 306 316 285) (302 286 308 59 316 254)
 (303 255 309 119 317 318 287) NIL (320 192) (320 144) (321 193 322) (320 72)
 (194 321 324) (145 324 322) (195 325 326 323) (320 36) (196 321 328)
 (73 328 324) (329 197 325 330) (320 24) (321 332 198) (332 146 322)
 (333 199 323 334) (74 324 332) (333 336 325 200) (336 147 326 334)
 (201 337 335 327 338) (37 332 328) (202 340 329 333) (75 340 330 336)
 (337 203 341 342 331) (320 12) (321 204 344) (76 324 344) (345 205 325 346)
 (38 328 344) (345 348 329 206) (346 77 348 330) (347 349 207 331 350) (320 8)
 (321 352 208) (148 322 352) (209 353 323 354) (324 78 352) (353 210 356 325)
 (354 356 149 326) (211 357 355 327 358) (39 328 352) (353 212 329 360)
 (356 330 79 360) (361 357 213 331 362) (25 332 352) (353 364 333 214)
 (354 364 334 150) (355 365 215 335 366) (356 364 80 336) (337 365 368 357 216)
 (338 368 358 151 366) (359 339 367 369 370 217) (364 40 340 360)
 (361 218 372 341 365) (81 362 372 342 368) (363 343 369 373 374 219)
 (13 352 344) (345 353 220 376) (376 346 356 82) (377 357 347 221 378)
 (376 348 41 360) (361 377 380 349 222) (362 83 380 350 378)
 (363 351 379 381 382 223) (320 4) (321 384 224) (384 322 152)
 (225 385 323 386) (324 84 384) (385 226 388 325) (153 386 388 326)
 (227 389 387 327 390) (328 42 384) (385 228 329 392) (388 85 330 392)
 (393 389 229 331 394) (332 26 384) (385 396 333 230) (154 396 334 386)
 (387 397 231 335 398) (388 86 396 336) (337 397 400 389 232)
 (338 155 400 390 398) (391 233 339 399 401 402) (340 396 43 392)
 (393 234 404 341 397) (394 404 342 87 400) (235 343 401 405 406 395)
 (14 384 344) (345 385 236 408) (346 388 408 88) (409 389 347 237 410)
 (348 408 392 44) (393 409 412 349 238) (89 394 412 350 410)
 (395 239 411 413 414 351) (9 384 352) (353 385 416 240) (354 156 416 386)
 (241 417 355 387 418) (90 356 388 416) (417 242 420 357 389)
 (418 420 157 358 390) (419 421 359 391 243 422) (45 392 416 360)
 (361 393 244 417 424) (362 91 420 424 394) (421 425 426 363 245 395)
 (364 27 396 416) (417 397 428 365 246) (418 398 428 366 158)
 (419 429 430 399 367 247) (92 420 428 400 368) (401 421 429 432 369 248)
 (422 402 430 432 370 159) (423 403 431 433 434 371 249) (46 372 428 404 424)
 (405 425 429 436 373 250) (426 432 436 93 374 406)
 (375 427 433 437 438 407 251) (15 408 416 376) (377 409 252 417 440)
 (378 420 440 94 410) (421 441 442 379 253 411) (47 380 440 412 424)
 (425 381 441 444 413 254) (426 414 95 442 444 382)
 (427 383 255 443 445 446 415) (320 2) (321 448 256) (448 322 160)
 (257 449 323 450) (448 324 96) (449 258 452 325) (161 450 452 326)
 (259 453 451 327 454) (48 328 448) (449 260 329 456) (97 452 330 456)
 (457 453 261 331 458) (448 332 28) (449 460 333 262) (162 460 334 450)
 (451 461 263 335 462) (98 452 460 336) (337 461 464 453 264)
 (338 163 464 454 462) (455 265 339 463 465 466) (340 49 460 456)
 (457 266 461 468 341) (458 99 468 342 464) (267 343 465 469 470 459)
 (448 16 344) (345 449 268 472) (346 100 452 472) (473 453 347 269 474)
 (348 472 50 456) (457 473 476 349 270) (458 476 101 350 474)
 (459 271 475 477 478 351) (10 448 352) (353 449 480 272) (354 164 480 450)
 (273 481 355 451 482) (356 452 102 480) (481 274 453 484 357)
 (482 484 165 358 454) (483 485 486 455 275 359) (456 480 51 360)
 (361 457 276 481 488) (362 484 488 103 458) (485 489 490 363 277 459)
 (29 364 460 480) (481 461 492 365 278) (462 482 492 366 166)
 (483 493 494 367 463 279) (492 104 464 484 368) (465 485 493 496 369 280)
 (486 466 494 496 370 167) (487 467 495 497 498 371 281) (492 372 468 488 52)
 (373 489 493 500 469 282) (105 490 496 500 374 470)
 (375 491 497 501 502 471 283) (472 17 480 376) (377 473 284 481 504)
 (474 378 484 504 106) (485 505 506 379 285 475) (53 380 476 504 488)
 (489 381 505 508 477 286) (107 490 478 506 508 382)
 (491 383 479 507 509 510 287) (5 448 384) (385 449 512 288) (450 386 512 168)
 (289 513 387 451 514) (108 388 452 512) (513 290 453 516 389)
 (169 514 516 390 454) (515 517 391 455 291 518) (54 456 512 392)
 (393 457 292 513 520) (394 516 109 520 458) (517 521 522 395 293 459)
 (30 396 460 512) (513 461 524 397 294) (170 514 524 398 462)
 (515 295 525 526 399 463) (464 524 110 516 400) (465 517 296 525 528 401)
 (518 466 526 528 402 171) (519 297 467 527 529 530 403) (55 404 468 524 520)
 (521 298 525 532 469 405) (111 522 528 532 406 470)
 (407 523 529 533 534 471 299) (512 472 18 408) (409 473 300 513 536)
 (474 410 516 536 112) (517 301 537 538 411 475) (56 412 476 536 520)
 (521 413 302 537 540 477) (113 522 478 538 540 414)
 (523 303 479 539 541 542 415) (11 480 512 416) (417 481 544 513 304)
 (418 514 172 544 482) (545 546 515 419 483 305) (114 420 484 516 544)
 (545 548 485 517 306 421) (546 548 518 486 173 422)
 (423 547 549 487 519 307 550) (488 57 544 520 424) (545 521 552 425 489 308)
 (490 548 552 426 115 522) (549 553 554 523 309 427 491) (31 428 492 524 544)
 (545 525 556 493 429 310) (546 556 494 526 430 174)
 (547 557 558 527 431 311 495) (116 556 432 496 548 528)
 (497 549 557 560 433 529 312) (550 530 558 560 434 498 175)
 (551 435 559 499 561 562 531 313) (552 436 556 532 500 58)
 (437 553 557 564 501 314 533) (554 117 502 560 564 534 438)
 (439 503 555 561 565 566 535 315) (504 536 544 19 440)
 (545 537 505 568 441 316) (506 548 568 118 538 442)
 (549 569 570 539 317 443 507) (508 552 59 568 444 540)
 (553 541 445 569 572 509 318) (554 119 446 570 572 542 510)
 (555 447 319 511 571 573 574 543) (320 1) (576 322 176) (576 324 120)
 (177 577 326 578) (60 328 576) (121 578 580 330) (576 332 32)
 (577 178 334 582) (122 582 578 336) (338 179 579 583 584) (580 340 61 582)
 (586 123 581 342 584) (576 20 344) (346 588 124 578) (588 580 348 62)
 (589 581 125 350 590) (6 576 384) (577 386 180 592) (578 388 126 592)
 (593 594 579 181 390) (592 580 63 392) (394 596 581 127 594) (33 396 582 592)
 (593 598 398 583 182) (594 584 128 598 400) (183 585 402 595 599 600)
 (586 596 404 598 64) (129 587 597 406 600 602) (592 588 21 408)
 (410 604 589 594 130) (65 604 596 412 590) (131 591 606 597 605 414)
 (3 576 448) (577 450 608 184) (132 608 452 578) (185 609 579 454 610)
 (66 608 580 456) (581 458 612 133 610) (34 460 582 608) (609 186 462 583 614)
 (610 584 614 134 464) (611 615 616 585 466 187) (612 586 67 468 614)
 (613 135 616 618 587 470) (608 588 22 472) (474 620 589 610 136)
 (68 612 476 590 620) (613 137 621 622 591 478) (608 7 592 512)
 (593 514 188 609 624) (624 138 516 610 594) (611 518 625 626 595 189)
 (612 624 596 69 520) (613 522 139 626 628 597) (624 35 524 598 614)
 (615 526 625 630 599 190) (616 140 528 626 630 600)
 (617 530 627 631 632 601 191) (618 532 628 630 602 70)
 (619 141 629 534 632 634 603) (620 624 604 23 536) (621 142 626 538 636 605)
 (540 622 628 71 636 606) (623 638 629 143 637 542 607))