(NIL NIL (1 2) NIL (2 4) (1 4) (5 3 6) NIL (4 8) (2 8) (9 5 10) (1 8) (9 6 12)
 (3 10 12) (11 13 7 14) NIL (8 16) (4 16) (17 9 18) (2 16) (17 10 20) (5 18 20)
 (19 21 11 22) (1 16) (17 12 24) (18 24 6) (25 26 19 13) (3 20 24)
 (25 28 21 14) (26 7 28 22) (27 29 15 23 30) NIL (16 32) (4 32) (33 18 34)
 (2 32) (33 20 36) (5 34 36) (37 38 35 22) (1 32) (33 40 24) (6 34 40)
 (41 26 35 42) (3 40 36) (37 41 28 44) (38 7 44 42) (39 43 45 30 46) NIL
 (32 48) (16 48) (49 33 50) (8 48) (17 50 52) (4 48) (49 34 54) (50 54 18)
 (51 35 55 56) (9 52 54) (58 53 19 56) (2 48) (49 60 36) (50 20 60)
 (37 51 61 62) (52 60 10) (53 21 62 64) (5 60 54) (38 61 55 66) (62 66 22 56)
 (57 39 68 67 63) (66 58 11 64) (65 59 68 70 23) (1 48) (49 72 40) (50 72 24)
 (41 73 51 74) (52 12 72) (25 74 53 76) (6 54 72) (73 42 78 55) (26 74 78 56)
 (57 43 75 79 80) (58 76 13 78) (82 59 77 27 80) (3 60 72) (73 84 44 61)
 (74 28 62 84) (85 75 45 86 63) (84 76 14 64) (65 77 29 86 88) (66 7 84 78)
 (90 67 85 46 79) (90 86 68 30 80) (81 87 91 92 69 47) (82 90 70 15 88)
 (83 89 92 94 31 71) NIL (48 96) (32 96) (97 49 98) (16 96) (97 50 100)
 (33 98 100) (99 101 51 102) (8 96) (97 52 104) (17 100 104) (105 53 101 106)
 (4 96) (97 108 54) (98 34 108) (99 109 110 55) (18 100 108) (109 112 101 56)
 (112 35 102 110) (57 113 111 103 114) (9 104 108) (58 116 105 109)
 (19 116 106 112) (113 59 117 118 107) (2 96) (97 60 120) (98 120 36)
 (121 122 99 61) (100 20 120) (121 124 101 62) (37 122 124 102)
 (123 125 63 103 126) (10 104 120) (121 128 105 64) (124 21 106 128)
 (65 129 125 107 130) (5 108 120) (121 66 132 109) (38 132 110 122)
 (67 133 123 111 134) (132 124 22 112) (113 133 68 125 136)
 (114 39 136 126 134) (135 137 138 115 69 127) (11 116 132 128)
 (129 133 140 117 70) (130 140 118 23 136) (131 119 137 141 142 71) (1 96)
 (97 144 72) (98 144 40) (73 145 99 146) (144 100 24) (145 74 148 101)
 (41 146 148 102) (75 149 147 103 150) (12 104 144) (145 76 105 152)
 (25 148 106 152) (153 149 77 107 154) (6 108 144) (145 156 109 78)
 (42 156 110 146) (147 157 79 111 158) (26 148 156 112) (113 157 160 149 80)
 (114 43 160 150 158) (81 161 162 115 151 159) (156 116 13 152)
 (153 82 164 117 157) (154 27 164 118 160) (161 83 165 166 119 155) (3 144 120)
 (121 145 84 168) (122 168 44 146) (169 170 123 85 147) (28 148 124 168)
 (169 149 172 125 86) (170 172 45 126 150) (87 171 173 174 151 127)
 (168 152 14 128) (129 153 176 169 88) (130 176 172 29 154)
 (131 89 173 177 178 155) (156 7 132 168) (169 90 180 133 157)
 (170 158 180 134 46) (135 91 181 182 171 159) (180 172 160 30 136)
 (161 137 92 173 181 184) (162 138 174 182 47 184) (163 139 93 175 183 185 186)
 (180 164 140 15 176) (165 141 94 177 181 188) (166 142 31 178 184 188)
 (167 95 179 143 185 189 190) NIL (192 96) (192 48) (193 97 194) (192 32)
 (193 98 196) (49 194 196) (195 197 99 198) (192 16) (193 100 200) (194 200 50)
 (201 202 195 101) (33 196 200) (201 204 197 102) (202 51 204 198)
 (203 205 103 199 206) (192 8) (193 104 208) (194 208 52) (209 210 195 105)
 (17 208 200) (201 209 212 106) (202 53 212 210) (203 213 211 107 214) (192 4)
 (193 108 216) (194 54 216) (217 218 195 109) (196 34 216) (217 220 197 110)
 (218 220 198 55) (219 221 111 199 222) (18 216 200) (201 217 224 112)
 (202 218 224 56) (113 225 203 219 226) (204 35 220 224) (225 114 228 205 221)
 (57 226 228 206 222) (227 229 230 207 115 223) (9 216 208) (209 217 116 232)
 (210 218 232 58) (233 234 211 117 219) (19 212 232 224) (225 233 236 213 118)
 (226 59 236 214 234) (227 235 237 238 215 119) (192 2) (193 240 120)
 (194 60 240) (121 241 195 242) (196 240 36) (241 122 244 197) (242 244 61 198)
 (123 245 243 199 246) (20 240 200) (201 241 124 248) (202 248 62 242)
 (249 250 203 125 243) (37 204 244 248) (249 245 252 205 126)
 (250 252 206 63 246) (207 247 251 253 254 127) (10 240 208) (209 241 256 128)
 (210 256 242 64) (129 257 211 243 258) (212 21 256 248) (249 130 260 213 257)
 (65 250 260 214 258) (259 261 262 131 215 251) (5 240 216) (217 241 132 264)
 (218 264 242 66) (265 266 219 133 243) (38 220 244 264) (265 245 268 221 134)
 (266 67 268 222 246) (135 267 269 270 247 223) (248 22 264 224)
 (225 249 272 265 136) (226 266 68 272 250) (227 137 267 273 274 251)
 (39 228 252 268 272) (229 138 269 273 276 253) (230 270 274 276 69 254)
 (231 139 271 275 277 278 255) (11 256 264 232) (233 257 140 265 280)
 (234 266 280 70 258) (259 267 141 281 282 235) (236 272 280 23 260)
 (261 237 142 273 281 284) (262 238 274 71 282 284)
 (263 143 275 239 283 285 286) NIL (288 192) (288 96) (193 290 289) (288 48)
 (194 292 289) (97 290 292) (291 293 195 294) (288 32) (196 289 296)
 (290 296 98) (297 298 291 197) (49 292 296) (297 300 293 198) (298 99 300 294)
 (299 301 199 295 302) (288 16) (304 289 200) (290 100 304) (201 305 291 306)
 (50 292 304) (305 202 308 293) (306 308 101 294) (203 309 307 295 310)
 (33 304 296) (297 305 204 312) (298 312 102 306) (313 314 299 205 307)
 (308 51 300 312) (313 309 316 301 206) (314 316 302 103 310)
 (207 303 311 315 317 318) (288 8) (320 289 208) (290 104 320)
 (209 321 291 322) (52 292 320) (321 210 324 293) (322 324 105 294)
 (211 325 323 295 326) (17 320 304) (305 321 212 328) (306 328 106 322)
 (329 330 307 213 323) (53 308 324 328) (329 325 332 309 214)
 (330 332 310 107 326) (327 215 311 331 333 334) (288 4) (336 289 216)
 (290 108 336) (217 337 291 338) (292 54 336) (337 218 340 293)
 (338 340 109 294) (219 341 339 295 342) (34 336 296) (297 337 220 344)
 (298 344 110 338) (345 346 299 221 339) (300 344 55 340) (345 341 348 301 222)
 (346 348 302 111 342) (303 343 347 349 350 223) (18 336 304) (305 337 352 224)
 (306 338 352 112) (225 353 307 339 354) (308 340 352 56) (353 226 356 309 341)
 (113 354 356 310 342) (227 357 311 355 343 358) (344 35 352 312)
 (313 345 228 353 360) (360 314 346 354 114) (355 229 361 362 315 347)
 (57 356 316 360 348) (357 230 361 317 364 349) (358 362 364 350 115 318)
 (231 359 363 365 366 319 351) (9 336 320) (321 337 368 232) (368 322 116 338)
 (233 369 323 339 370) (368 58 324 340) (369 234 372 325 341)
 (370 372 117 326 342) (327 235 371 373 374 343) (368 19 352 328)
 (329 353 236 369 376) (330 376 370 118 354) (355 237 371 377 378 331)
 (356 372 59 332 376) (357 238 373 377 380 333) (358 374 119 378 380 334)
 (359 239 375 379 381 382 335) (288 2) (384 289 240) (290 384 120)
 (241 385 291 386) (292 60 384) (385 242 388 293) (121 386 388 294)
 (243 389 387 295 390) (36 384 296) (297 385 244 392) (298 386 392 122)
 (393 394 299 245 387) (300 61 392 388) (393 389 396 301 246)
 (394 123 396 302 390) (391 395 397 398 303 247) (20 384 304) (305 385 400 248)
 (306 124 400 386) (249 401 307 387 402) (308 400 62 388) (401 250 404 309 389)
 (402 404 125 310 390) (391 403 405 406 311 251) (37 392 400 312)
 (313 393 252 401 408) (314 402 408 126 394) (395 403 409 410 315 253)
 (316 404 408 63 396) (397 405 409 412 317 254) (398 406 410 412 318 127)
 (399 319 407 411 413 414 255) (10 384 320) (321 385 416 256) (322 386 416 128)
 (257 417 323 387 418) (324 388 416 64) (417 258 420 325 389)
 (129 418 420 326 390) (259 421 422 391 419 327) (400 21 416 328)
 (329 401 260 417 424) (424 330 402 418 130) (419 261 425 426 403 331)
 (65 420 332 424 404) (421 262 425 428 405 333) (131 422 426 428 406 334)
 (263 423 427 429 430 407 335) (5 384 336) (337 385 432 264) (432 338 132 386)
 (265 433 339 387 434) (432 66 340 388) (433 266 436 341 389)
 (434 436 133 342 390) (391 267 435 437 438 343) (432 38 392 344)
 (345 393 268 433 440) (346 440 434 134 394) (395 269 435 441 442 347)
 (436 440 67 348 396) (397 270 437 441 444 349) (135 398 438 442 444 350)
 (399 271 439 443 445 446 351) (432 400 22 352) (353 401 448 433 272)
 (448 354 402 434 136) (449 450 355 403 273 435) (436 448 356 68 404)
 (449 452 357 274 405 437) (450 452 358 137 438 406)
 (451 453 407 359 275 439 454) (440 448 39 408 360) (449 456 361 441 276 409)
 (450 138 456 362 442 410) (451 457 458 363 277 443 411)
 (452 456 364 69 444 412) (453 457 445 460 365 278 413)
 (454 458 139 460 366 414 446) (455 459 461 462 367 447 279 415)
 (432 11 416 368) (369 417 464 433 280) (370 140 434 464 418)
 (419 435 465 466 371 281) (420 436 372 70 464) (421 437 465 468 373 282)
 (422 141 466 468 438 374) (375 423 467 469 470 439 283) (448 464 424 23 376)
 (449 425 465 472 377 284) (450 426 142 466 472 378)
 (451 427 467 473 474 379 285) (452 428 468 71 472 380)
 (453 429 469 473 476 381 286) (454 430 143 470 474 476 382)
 (455 431 383 471 475 477 478 287) (288 1) (290 480 144) (480 292 72)
 (145 481 294 482) (480 40 296) (481 298 484 146) (73 482 300 484)
 (147 483 485 302 486) (480 24 304) (481 306 148 488) (488 74 308 482)
 (489 490 483 149 310) (41 488 484 312) (489 314 492 485 150)
 (492 490 75 316 486) (487 491 493 494 151 318) (480 12 320) (481 322 496 152)
 (76 482 324 496) (153 497 483 326 498) (25 496 488 328) (489 330 500 497 154)
 (500 490 332 77 498) (491 499 501 502 155 334) (6 480 336) (481 338 156 504)
 (482 340 78 504) (505 506 483 157 342) (504 42 484 344) (505 346 508 485 158)
 (508 506 348 486 79) (487 510 507 509 350 159) (504 26 488 352)
 (489 354 512 505 160) (512 490 356 506 80) (161 513 358 514 491 507)
 (508 512 43 492 360) (513 162 516 362 493 509) (81 514 516 364 494 510)
 (163 517 518 366 495 515 511) (504 496 13 368) (497 370 164 505 520)
 (82 372 506 520 498) (165 521 522 499 374 507) (512 27 500 520 376)
 (513 166 521 524 501 378) (514 83 522 524 502 380)
 (515 167 523 525 526 503 382) (3 480 384) (481 386 528 168) (84 388 528 482)
 (169 529 483 390 530) (484 44 528 392) (529 394 532 485 170)
 (530 532 396 85 486) (487 171 398 531 533 534) (488 28 528 400)
 (489 402 529 172 536) (490 404 536 86 530) (491 173 531 406 537 538)
 (536 492 45 532 408) (493 174 533 537 410 540) (540 87 494 534 538 412)
 (495 542 175 535 539 541 414) (496 528 14 416) (497 418 529 544 176)
 (530 498 420 544 88) (545 546 422 531 177 499) (544 500 29 536 424)
 (545 548 426 178 501 537) (546 548 89 428 502 538)
 (547 549 550 430 179 503 539) (7 504 528 432) (505 434 529 180 552)
 (530 90 436 552 506) (553 554 531 181 438 507) (552 508 532 46 440)
 (553 556 533 182 442 509) (554 91 556 534 444 510)
 (535 555 557 558 183 446 511) (552 512 536 30 448) (513 450 553 560 184 537)
 (514 452 554 92 560 538) (515 454 555 561 562 185 539)
 (516 456 556 560 47 540) (517 458 557 561 564 186 541)
 (518 460 93 558 562 564 542) (519 462 559 563 565 566 187 543)
 (520 544 552 15 464) (545 521 466 553 568 188) (546 522 94 554 468 568)
 (547 523 470 569 570 189 555) (548 472 524 31 560 568)
 (549 525 561 569 474 572 190) (572 550 526 95 562 570 476)
 (551 527 574 563 571 573 478 191) NIL (576 288) (576 192) (577 289 578)
 (576 96) (290 577 580) (193 580 578) (291 581 582 579) (576 48) (577 292 584)
 (194 578 584) (585 586 293 579) (97 580 584) (585 588 581 294)
 (586 195 588 582) (587 589 295 583 590) (576 32) (577 592 296) (196 578 592)
 (297 593 579 594) (98 580 592) (593 298 596 581) (594 596 197 582)
 (299 597 595 583 598) (49 592 584) (585 593 300 600) (586 600 198 594)
 (601 602 587 301 595) (596 99 588 600) (601 597 604 589 302)
 (602 604 590 199 598) (303 599 603 605 606 591) (576 16) (577 608 304)
 (608 578 200) (305 609 579 610) (100 580 608) (609 306 612 581)
 (201 610 612 582) (307 613 611 583 614) (50 608 584) (585 609 308 616)
 (586 616 610 202) (617 618 587 309 611) (612 588 101 616)
 (617 613 620 589 310) (618 203 620 590 614) (615 619 621 622 311 591)
 (33 608 592) (593 609 624 312) (624 594 204 610) (313 625 595 611 626)
 (612 596 102 624) (625 314 628 597 613) (626 628 205 598 614)
 (615 627 629 630 599 315) (624 51 616 600) (601 617 316 625 632)
 (602 632 626 206 618) (619 627 633 634 603 317) (620 628 604 103 632)
 (621 629 633 636 605 318) (622 207 630 634 636 606)
 (623 607 631 635 637 638 319) (576 8) (577 640 320) (640 578 208)
 (321 641 579 642) (580 104 640) (641 322 644 581) (209 642 644 582)
 (323 645 643 583 646) (52 640 584) (585 641 324 648) (586 648 642 210)
 (649 650 587 325 643) (588 105 644 648) (649 645 652 589 326)
 (650 211 652 590 646) (647 651 653 654 327 591) (17 640 608) (609 641 656 328)
 (610 212 656 642) (329 657 611 643 658) (644 612 106 656)
 (657 330 645 613 660) (658 660 213 614 646) (615 647 659 661 662 331)
 (53 648 656 616) (617 649 332 657 664) (618 664 214 658 650)
 (619 659 665 666 333 651) (660 620 652 107 664) (621 653 661 665 668 334)
 (622 215 654 662 666 668) (623 655 663 667 669 670 335) (576 4) (577 672 336)
 (672 578 216) (337 673 579 674) (580 108 672) (673 338 676 581)
 (217 674 676 582) (339 677 675 583 678) (672 54 584) (585 673 340 680)
 (586 680 674 218) (681 682 587 341 675) (676 588 109 680)
 (681 677 684 589 342) (682 219 684 590 678) (679 683 685 686 343 591)
 (672 34 592) (593 673 688 344) (594 220 688 674) (345 689 595 675 690)
 (676 596 110 688) (689 346 692 597 677) (690 692 221 598 678)
 (679 691 693 694 599 347) (688 680 55 600) (601 681 348 696 689)
 (602 690 696 222 682) (683 691 697 698 603 349) (684 604 696 111 692)
 (685 693 697 700 605 350) (686 694 698 700 606 223)
 (687 607 695 699 701 702 351) (18 672 608) (609 673 704 352) (610 704 674 224)
 (353 705 611 675 706) (676 612 704 112) (705 354 708 613 677)
 (225 706 708 614 678) (355 709 615 679 707 710) (680 56 704 616)
 (617 681 356 705 712) (618 712 682 706 226) (707 357 713 714 619 683)
 (113 684 708 620 712) (709 358 713 621 716 685) (227 710 714 716 622 686)
 (359 711 715 717 718 687 623) (704 688 35 624) (625 689 720 705 360)
 (626 720 228 706 690) (707 361 691 721 722 627) (114 708 628 692 720)
 (709 362 721 724 629 693) (229 710 722 724 630 694)
 (631 711 363 723 725 726 695) (57 720 712 696 632) (713 364 721 697 728 633)
 (230 714 722 728 634 698) (715 365 723 729 730 635 699)
 (636 716 115 724 728 700) (637 717 366 725 729 732 701)
 (231 718 702 726 730 732 638) (639 719 367 727 731 733 734 703) (9 672 640)
 (641 673 736 368) (642 736 674 232) (369 737 643 675 738) (676 644 116 736)
 (737 370 740 645 677) (233 738 740 646 678) (739 741 647 679 371 742)
 (58 736 680 648) (649 681 372 737 744) (650 744 738 682 234)
 (739 745 746 651 373 683) (740 684 652 117 744) (741 745 653 748 685 374)
 (742 746 235 748 654 686) (743 747 749 750 687 655 375) (736 19 704 656)
 (657 705 752 737 376) (752 658 236 738 706) (739 707 753 754 659 377)
 (740 708 660 118 752) (709 741 753 756 661 378) (742 237 754 756 662 710)
 (711 743 755 757 758 663 379) (744 752 59 712 664) (713 753 745 760 665 380)
 (746 238 754 760 666 714) (747 755 761 762 667 381 715)
 (716 748 756 119 760 668) (749 717 757 761 764 669 382)
 (750 239 718 758 762 764 670) (751 671 719 759 763 765 766 383) (576 2)
 (577 768 384) (768 578 240) (385 769 579 770) (768 580 120) (769 386 772 581)
 (241 770 772 582) (387 773 771 583 774) (768 60 584) (585 769 388 776)
 (586 776 770 242) (777 778 587 389 771) (121 772 588 776)
 (777 773 780 589 390) (778 243 780 590 774) (391 775 779 781 782 591)
 (768 36 592) (593 769 784 392) (594 784 244 770) (393 785 595 771 786)
 (122 772 596 784) (773 394 788 597 785) (786 788 245 598 774)
 (775 395 787 789 790 599) (784 776 61 600) (601 777 396 785 792)
 (602 792 246 786 778) (779 397 787 793 794 603) (780 788 123 604 792)
 (781 398 789 793 796 605) (782 790 247 794 796 606)
 (783 399 791 795 797 798 607) (768 20 608) (609 769 800 400) (610 800 770 248)
 (401 801 611 771 802) (772 612 124 800) (773 402 804 613 801)
 (249 802 804 614 774) (803 805 615 775 403 806) (800 776 62 616)
 (617 777 404 801 808) (618 808 802 778 250) (803 809 810 619 405 779)
 (804 780 620 125 808) (805 809 621 812 781 406) (806 810 812 622 782 251)
 (807 811 813 814 783 623 407) (37 800 784 624) (625 785 816 801 408)
 (816 626 252 802 786) (803 787 817 818 627 409) (804 788 628 126 816)
 (629 805 817 820 789 410) (806 818 820 630 253 790)
 (631 807 819 821 822 791 411) (808 816 792 63 632) (809 817 793 824 633 412)
 (794 810 818 824 634 254) (811 819 825 826 635 413 795)
 (636 812 820 824 796 127) (637 813 821 825 828 797 414)
 (814 798 822 826 828 638 255) (639 815 415 823 827 829 830 799) (10 768 640)
 (641 769 832 416) (642 832 770 256) (417 833 643 771 834) (832 772 644 128)
 (773 418 833 836 645) (257 834 836 646 774) (419 837 838 775 835 647)
 (832 776 64 648) (649 777 833 420 840) (834 650 840 778 258)
 (835 421 841 842 651 779) (129 780 652 836 840) (837 422 841 653 844 781)
 (259 838 842 844 654 782) (839 423 843 845 846 783 655) (832 800 21 656)
 (657 801 833 848 424) (834 658 260 848 802) (803 425 835 849 850 659)
 (804 130 660 836 848) (837 426 849 852 661 805) (261 838 850 852 662 806)
 (839 807 427 851 853 854 663) (65 808 840 848 664) (809 428 849 841 856 665)
 (262 810 842 850 856 666) (811 429 851 857 858 667 843)
 (131 844 812 852 856 668) (845 813 430 853 857 860 669)
 (263 846 814 854 858 860 670) (815 431 855 847 859 861 862 671) (5 768 672)
 (673 769 864 432) (674 864 770 264) (433 865 675 771 866) (772 676 132 864)
 (773 434 865 677 868) (265 866 868 678 774) (867 679 869 870 775 435)
 (66 776 864 680) (681 777 436 865 872) (682 872 866 778 266)
 (867 873 874 683 437 779) (780 684 133 868 872) (869 873 685 876 781 438)
 (870 874 267 876 686 782) (871 875 877 878 783 687 439) (38 784 864 688)
 (689 785 865 880 440) (690 268 880 866 786) (867 787 881 882 691 441)
 (868 788 692 134 880) (869 693 881 884 789 442) (870 269 882 884 694 790)
 (695 871 883 885 886 791 443) (880 67 792 872 696) (873 881 793 888 697 444)
 (794 874 270 882 888 698) (875 883 889 890 699 445 795)
 (700 135 876 884 888 796) (701 877 885 889 892 797 446)
 (878 271 798 886 890 892 702) (879 703 447 887 891 893 894 799)
 (800 864 22 704) (705 801 865 896 448) (706 896 802 866 272)
 (449 897 707 898 803 867) (804 896 708 868 136) (897 450 900 869 805 709)
 (898 900 870 806 273 710) (899 901 711 807 451 871 902) (808 896 68 872 712)
 (897 452 904 713 873 809) (898 904 714 874 274 810)
 (899 453 875 905 906 715 811) (716 876 904 137 812 900)
 (901 454 905 877 908 813 717) (902 906 908 878 718 275 814)
 (455 903 907 909 910 815 719 879) (896 39 816 880 720)
 (897 817 456 912 721 881) (898 882 912 722 276 818)
 (899 457 819 913 914 723 883) (900 138 724 912 820 884)
 (901 458 913 821 916 885 725) (902 822 914 916 277 886 726)
 (727 903 459 887 915 917 918 823) (728 904 888 912 69 824)
 (905 460 913 825 920 729 889) (826 906 920 914 278 890 730)
 (891 907 461 915 921 922 731 827) (732 892 139 908 916 920 828)
 (893 909 462 921 917 733 924 829) (910 734 918 279 922 924 894 830)
 (911 735 463 919 923 925 926 831 895) (11 832 864 736) (737 833 865 928 464)
 (834 738 928 866 280) (929 930 739 835 465 867) (868 740 836 140 928)
 (929 932 837 741 466 869) (930 932 870 838 281 742)
 (931 933 743 839 871 467 934) (872 840 70 928 744) (929 936 745 873 841 468)
 (930 936 842 874 746 282) (931 875 937 938 747 469 843)
 (748 844 936 876 141 932) (933 937 877 940 845 470 749)
 (846 934 938 940 878 750 283) (935 939 941 942 879 751 471 847)
 (848 928 896 23 752) (897 849 944 753 472 929) (930 898 944 754 850 284)
 (899 851 945 946 755 473 931) (900 142 944 756 852 932)
 (933 901 757 945 948 853 474) (902 854 946 948 758 285 934)
 (759 935 903 947 949 950 855 475) (760 904 936 944 71 856)
 (905 937 945 857 952 761 476) (858 906 952 946 938 762 286)
 (859 907 947 953 954 763 477 939) (860 908 940 143 948 952 764)
 (941 909 949 953 765 956 861 478) (862 910 942 950 954 956 766 287)
 (767 911 943 951 863 955 957 958 479) (576 1) (577 960 480) (580 960 144)
 (481 961 581 962) (72 960 584) (585 482 964 961) (145 962 588 964)
 (965 483 589 963 966) (40 960 592) (593 961 484 968) (146 596 968 962)
 (969 485 963 597 970) (73 964 968 600) (601 969 972 965 486)
 (970 147 604 966 972) (487 967 971 973 974 605) (24 960 608) (609 961 976 488)
 (148 612 976 962) (489 977 963 613 978) (74 964 976 616) (617 490 980 965 977)
 (978 620 149 966 980) (967 491 621 979 981 982) (41 968 976 624)
 (625 969 492 977 984) (970 628 150 984 978) (971 493 979 629 985 986)
 (75 972 984 980 632) (973 494 985 981 633 988) (988 974 982 151 986 636)
 (637 975 495 983 987 989 990) (12 960 640) (641 961 992 496) (962 644 992 152)
 (497 993 963 645 994) (76 992 964 648) (649 498 996 965 993)
 (153 994 652 966 996) (995 997 998 967 653 499) (25 976 992 656)
 (657 977 500 993 1000) (994 154 660 1000 978) (995 1001 1002 979 501 661)
 (1000 980 77 996 664) (997 1001 1004 981 502 665) (998 1002 1004 982 155 668)
 (503 999 1003 1005 1006 983 669) (6 960 672) (673 961 1008 504)
 (156 676 1008 962) (505 1009 963 677 1010) (964 1008 78 680)
 (681 506 1012 965 1009) (1010 684 157 966 1012) (967 685 1011 1013 1014 507)
 (42 968 1008 688) (689 969 508 1009 1016) (970 692 1016 158 1010)
 (971 1011 693 1017 1018 509) (972 1012 1016 79 696)
 (973 1017 1013 697 1020 510) (1020 974 1014 1018 700 159)
 (701 975 1015 1019 1021 1022 511) (26 976 1008 704) (705 977 1024 1009 512)
 (1010 978 708 1024 160) (513 1025 709 1026 1011 979) (80 1012 1024 980 712)
 (1025 514 1028 713 981 1013) (161 1026 1028 716 982 1014)
 (515 1029 983 717 1027 1015 1030) (43 984 1016 1024 720)
 (1025 516 1032 721 1017 985) (162 1026 1032 724 986 1018)
 (1027 517 1033 1034 725 987 1019) (81 1028 1032 1020 728 988)
 (1029 518 1033 989 1036 729 1021) (163 1030 1034 1036 1022 732 990)
 (519 1031 1035 1037 1038 991 733 1023) (992 13 1008 736)
 (737 993 1040 1009 520) (1040 994 164 740 1010) (995 741 521 1041 1042 1011)
 (1040 82 996 1012 744) (997 745 522 1041 1044 1013)
 (165 998 748 1042 1044 1014) (999 523 749 1043 1045 1046 1015)
 (1040 27 1000 1024 752) (1025 1041 1001 524 753 1048)
 (1026 166 1002 1042 756 1048) (1027 1003 525 1043 757 1049 1050)
 (83 1028 1004 760 1044 1048) (1029 1005 526 1049 1045 761 1052)
 (1052 1030 167 1006 1046 1050 764) (1031 1053 1007 527 1047 1051 765 1054)
 (3 960 768) (769 961 1056 528) (1056 962 772 168) (529 1057 963 773 1058)
 (1056 84 964 776) (777 530 1060 965 1057) (169 1058 780 966 1060)
 (1059 1061 1062 967 781 531) (1056 44 968 784) (785 969 532 1064 1057)
 (170 788 1064 1058 970) (1059 1065 1066 971 533 789) (1060 972 85 1064 792)
 (1061 1065 1068 973 534 793) (1062 1066 171 1068 974 796)
 (1063 1067 1069 1070 975 535 797) (1056 28 976 800) (801 977 1072 1057 536)
 (978 172 804 1072 1058) (1059 805 1073 1074 979 537) (1060 980 1072 86 808)
 (1061 809 1073 1076 981 538) (1062 812 173 1074 1076 982)
 (1063 813 1075 1077 1078 983 539) (1064 984 45 1072 816)
 (1073 1065 817 1080 985 540) (1066 174 1074 820 1080 986)
 (1067 1075 821 1081 1082 987 541) (87 1068 1076 1080 824 988)
 (1069 1081 1077 825 1084 989 542) (1084 1070 175 1078 1082 828 990)
 (1085 1071 543 1079 1083 829 1086 991) (1056 992 14 832)
 (833 993 1088 1057 544) (994 836 1088 1058 176) (545 1089 995 837 1090 1059)
 (1060 88 996 1088 840) (1089 546 1092 997 841 1061)
 (1090 1092 998 844 177 1062) (547 1093 999 1063 845 1091 1094)
 (1072 1000 29 1088 848) (1089 1073 548 1096 1001 849)
 (1090 1074 1096 1002 178 852) (1091 549 1097 1098 1003 1075 853)
 (1092 1096 89 1004 1076 856) (1093 550 1097 1100 1005 1077 857)
 (1094 1098 1100 1006 179 1078 860) (1095 551 1099 1101 1102 1007 1079 861)
 (1056 7 1008 864) (865 1009 1104 1057 552) (1010 180 868 1104 1058)
 (1059 869 553 1105 1106 1011) (90 1104 1012 1060 872)
 (1061 873 554 1105 1108 1013) (1062 876 1106 1108 181 1014)
 (1063 555 877 1107 1109 1110 1015) (1064 1104 1016 46 880)
 (1105 1065 556 881 1112 1017) (1066 1106 884 182 1112 1018)
 (1067 557 1107 885 1113 1114 1019) (91 1068 888 1108 1112 1020)
 (1069 558 1113 1109 889 1116 1021) (1116 1070 1110 183 1114 892 1022)
 (1117 1071 559 1111 1115 893 1118 1023) (1072 1104 1024 30 896)
 (897 1025 1073 560 1105 1120) (1026 900 1106 1074 184 1120)
 (1121 1122 1027 901 1107 561 1075) (1108 1028 904 92 1076 1120)
 (1121 1124 1029 905 562 1109 1077) (1122 1124 1030 908 1110 185 1078)
 (1123 1125 1111 1031 909 563 1079 1126) (1032 1112 912 47 1080 1120)
 (1121 1128 1033 913 1081 564 1113) (1122 1128 1034 916 1114 1082 186)
 (1123 1129 1130 1035 565 917 1083 1115) (1116 1128 1036 93 1124 920 1084)
 (1125 1129 1117 1132 1037 566 921 1085)
 (1126 1130 1132 1038 1086 187 924 1118)
 (1127 1131 1133 1134 1039 1119 567 925 1087) (1088 1104 1040 15 928)
 (929 1089 1105 1136 1041 568) (1090 932 1106 1136 1042 188)
 (1091 933 1107 1137 1138 1043 569) (1108 1092 936 94 1136 1044)
 (1093 937 1137 1140 1109 570 1045) (1094 940 1138 1140 1046 189 1110)
 (1111 1095 941 1139 1141 1142 1047 571) (1096 31 1136 1048 944 1120)
 (1121 1137 1097 945 1144 1049 572) (1122 1098 1138 948 1144 1050 190)
 (1123 1099 1139 949 1145 1146 1051 573) (1124 1144 1100 95 1140 952 1052)
 (1125 1101 1145 1141 953 1148 1053 574)
 (1148 1126 1102 1142 1146 956 1054 191)
 (1127 1149 1103 575 1143 1147 957 1150 1055))