(NIL NIL (1 2) NIL (2 4) (1 4) (5 3 6) NIL (4 8) (2 8) (9 5 10) (1 8) (3 10 12)
 (9 6 12) (11 13 7 14) NIL (8 16) (4 16) (17 9 18) (1 16) (17 12 20) (18 20 6)
 (21 22 19 14) (2 16) (17 10 24) (5 18 24) (19 25 11 26) (3 24 20)
 (21 13 28 25) (22 7 28 26) (23 29 15 27 30) NIL (8 32) (4 32) (9 33 34)
 (16 32) (36 17 33) (36 18 34) (37 35 19 38) (2 32) (33 40 10) (5 34 40)
 (41 42 11 35) (36 24 40) (41 37 44 25) (42 44 38 26) (43 45 27 39 46) (1 32)
 (36 48 20) (3 48 40) (28 49 44 50) (33 12 48) (21 49 37 52) (41 50 52 13)
 (29 51 45 54 53) (6 34 48) (49 22 38 56) (42 7 56 50) (57 58 51 46 30)
 (52 35 14 56) (57 23 60 53 39) (58 43 60 54 15) (31 47 55 59 61 62) NIL
 (32 64) (8 64) (65 33 66) (4 64) (65 34 68) (9 66 68) (69 35 67 70) (16 64)
 (65 36 72) (17 72 66) (73 67 37 74) (72 68 18) (69 73 76 38) (70 19 76 74)
 (71 77 39 75 78) (2 64) (65 80 40) (10 66 80) (41 81 67 82) (5 80 68)
 (69 42 84 81) (70 11 84 82) (71 83 85 43 86) (72 24 80) (81 73 44 88)
 (82 25 74 88) (89 90 83 45 75) (84 76 26 88) (89 85 92 77 46) (90 92 78 27 86)
 (47 79 87 91 93 94) (1 64) (72 96 20) (3 96 80) (97 98 28 88) (65 96 48)
 (49 97 73 100) (81 50 100 98) (89 51 101 99 102) (12 66 96) (21 97 74 104)
 (82 104 13 98) (105 90 99 29 106) (100 52 67 104) (105 101 108 53 75)
 (106 83 108 54 102) (103 107 109 110 55 91) (6 96 68) (97 22 76 112)
 (98 7 84 112) (113 114 99 92 30) (69 112 100 56) (57 101 116 77 113)
 (58 116 85 102 114) (103 115 117 118 59 93) (70 112 14 104)
 (105 113 23 78 120) (106 120 86 15 114) (107 31 115 121 122 94)
 (108 71 60 120 116) (109 79 117 121 124 61) (110 118 87 122 124 62)
 (111 95 119 123 125 126 63) NIL (64 128) (32 128) (129 65 130) (16 128)
 (129 72 132) (36 130 132) (131 133 73 134) (8 128) (129 66 136) (130 136 33)
 (137 138 131 67) (17 132 136) (137 140 133 74) (138 37 140 134)
 (139 141 75 135 142) (4 128) (129 144 68) (130 34 144) (69 145 131 146)
 (18 132 144) (145 148 76 133) (146 148 134 38) (149 147 77 150 135)
 (9 144 136) (137 70 145 152) (138 152 35 146) (153 154 139 147 71)
 (148 19 140 152) (153 149 156 141 78) (154 156 142 39 150)
 (79 143 151 155 157 158) (2 128) (129 160 80) (130 160 40) (81 161 131 162)
 (24 132 160) (161 164 133 88) (162 44 134 164) (89 163 165 166 135)
 (10 160 136) (137 82 168 161) (41 138 168 162) (169 170 139 163 83)
 (164 140 25 168) (169 90 172 141 165) (170 172 45 142 166)
 (167 171 173 174 143 91) (5 160 144) (145 161 84 176) (146 176 162 42)
 (177 178 147 85 163) (164 148 26 176) (177 165 92 149 180)
 (178 166 180 150 46) (167 179 181 182 151 93) (176 11 168 152)
 (153 169 184 86 177) (154 43 184 178 170) (171 179 87 185 186 155)
 (172 156 184 27 180) (173 181 185 188 157 94) (174 47 182 186 188 158)
 (175 159 183 187 189 190 95) (1 128) (192 132 20) (3 192 160) (28 193 164 194)
 (129 192 96) (97 193 196 133) (161 98 196 194) (197 99 165 195 198)
 (130 192 48) (49 193 134 200) (162 200 194 50) (201 202 51 195 166)
 (131 100 196 200) (201 197 204 101 135) (202 163 204 102 198)
 (103 199 203 167 205 206) (192 12 136) (21 193 140 208) (194 208 13 168)
 (209 210 195 172 29) (137 208 196 104) (105 197 209 212 141)
 (169 106 212 198 210) (199 107 173 211 213 214) (138 208 52 200)
 (201 209 53 142 216) (170 216 54 210 202) (203 174 211 55 217 218)
 (139 108 204 212 216) (109 205 143 213 217 220) (171 110 206 214 218 220)
 (207 111 215 219 175 221 222) (6 192 144) (193 22 148 224) (194 7 224 176)
 (225 226 195 180 30) (145 224 196 112) (113 197 228 149 225)
 (177 114 228 198 226) (227 229 230 199 115 181) (146 224 200 56)
 (57 201 232 150 225) (178 232 226 202 58) (227 233 234 203 182 59)
 (228 147 116 204 232) (229 233 236 205 117 151) (230 234 236 206 179 118)
 (183 231 235 237 238 207 119) (224 208 14 152) (209 225 23 156 240)
 (210 240 226 15 184) (227 31 241 242 211 188) (153 228 212 240 120)
 (229 241 244 213 121 157) (230 242 244 214 185 122)
 (231 243 245 246 215 123 189) (154 60 240 232 216) (233 241 248 217 61 158)
 (234 242 218 248 186 62) (235 243 249 250 219 190 63)
 (220 236 244 248 155 124) (125 237 245 249 252 221 159)
 (238 222 246 250 187 252 126) (239 127 247 251 191 253 254 223) NIL (256 128)
 (256 8) (257 258 136) (256 64) (257 129 260) (260 66 258) (137 259 261 262)
 (256 32) (65 260 264) (257 130 264) (261 265 131 266) (33 264 258)
 (67 268 265 262) (259 138 268 266) (139 269 263 267 270) (256 16)
 (257 132 272) (17 258 272) (273 259 140 274) (260 272 72) (273 276 261 133)
 (276 274 74 262) (275 278 277 141 263) (36 264 272) (276 73 280 265)
 (273 280 266 134) (277 281 135 267 282) (37 280 268 274) (269 284 281 75 278)
 (270 275 284 282 142) (143 283 271 279 285 286) (256 4) (260 288 68)
 (34 264 288) (69 289 265 290) (18 288 272) (289 276 76 292) (290 280 38 292)
 (77 291 281 294 293) (257 288 144) (145 289 261 296) (146 296 266 290)
 (297 298 147 291 267) (273 292 148 296) (297 293 277 300 149)
 (298 294 300 282 150) (295 299 301 302 283 151) (9 288 258) (289 262 304 70)
 (290 268 35 304) (305 306 71 269 291) (304 19 292 274) (305 278 308 293 78)
 (306 284 294 39 308) (295 79 307 309 310 285) (259 304 296 152)
 (153 297 263 312 305) (154 306 312 270 298) (299 307 271 313 314 155)
 (275 300 156 308 312) (301 309 313 279 316 157) (302 158 310 314 316 286)
 (303 287 311 315 317 318 159) (256 2) (257 320 160) (10 320 258)
 (259 321 322 168) (260 320 80) (161 321 261 324) (262 324 322 82)
 (169 263 325 323 326) (320 264 40) (81 324 265 328) (321 162 266 328)
 (329 330 163 325 267) (41 322 268 328) (329 83 332 269 326)
 (170 323 332 270 330) (327 171 333 334 271 331) (320 24 272) (273 321 164 336)
 (322 336 25 274) (275 337 323 172 338) (276 336 324 88) (337 325 277 340 165)
 (278 340 326 338 90) (327 173 339 341 342 279) (44 336 280 328)
 (89 329 340 281 344) (337 330 344 282 166) (167 331 283 341 345 346)
 (338 332 284 45 344) (333 342 345 91 348 285) (334 174 339 346 348 286)
 (335 175 343 347 349 350 287) (5 320 288) (289 324 84 352) (290 352 328 42)
 (329 353 291 85 354) (352 292 26 336) (353 356 340 92 293)
 (356 354 344 294 46) (355 357 358 295 345 93) (321 352 176 296)
 (297 177 325 353 360) (298 360 354 330 178) (355 361 362 299 179 331)
 (337 180 300 356 360) (357 361 364 301 341 181) (358 362 364 302 182 346)
 (359 363 365 366 303 183 347) (322 11 352 304) (305 353 368 86 326)
 (368 306 43 332 354) (355 333 369 370 307 87) (356 338 308 27 368)
 (357 369 372 309 342 94) (358 47 370 372 310 348) (359 371 373 374 311 349 95)
 (360 368 323 184 312) (327 361 369 185 376 313) (186 362 334 370 376 314)
 (363 335 371 377 378 315 187) (316 364 339 372 376 188)
 (317 365 373 343 377 380 189) (366 350 190 374 378 380 318)
 (367 319 191 375 379 381 382 351) (256 1) (384 20 272) (3 384 320)
 (385 386 28 336) (257 384 192) (273 193 385 388) (321 194 388 386)
 (337 195 389 387 390) (384 12 258) (21 385 392 274) (322 392 13 386)
 (393 338 387 29 394) (259 388 392 208) (275 209 393 396 389)
 (210 323 396 390 394) (391 395 397 211 398 339) (260 384 96) (97 276 385 400)
 (98 324 400 386) (401 402 99 340 387) (261 196 388 400) (401 389 277 404 197)
 (402 404 325 198 390) (199 391 403 405 406 341) (262 392 400 104)
 (105 278 393 401 408) (402 106 408 326 394) (107 403 342 409 410 395)
 (263 212 396 404 408) (397 213 409 405 279 412) (327 398 406 410 412 214)
 (215 343 399 407 411 413 414) (384 264 48) (49 385 280 416) (386 50 416 328)
 (417 418 51 387 344) (100 265 416 400) (401 101 417 281 420)
 (329 402 420 102 418) (419 421 422 103 403 345) (388 416 266 200)
 (201 417 389 282 424) (330 424 418 390 202) (419 391 425 426 203 346)
 (204 404 420 267 424) (421 425 428 205 283 405) (422 426 331 428 206 406)
 (423 427 429 430 207 407 347) (52 268 416 392) (393 417 284 53 432)
 (432 394 332 54 418) (419 395 433 434 55 348) (432 108 269 420 408)
 (421 109 433 436 409 285) (422 333 110 434 436 410)
 (423 111 435 437 438 411 349) (424 432 396 270 216) (425 397 433 440 217 286)
 (426 334 398 434 440 218) (427 399 435 441 442 219 350)
 (412 428 436 271 440 220) (221 429 437 441 444 413 287)
 (430 335 414 438 442 444 222) (445 431 223 439 443 351 446 415) (6 384 288)
 (385 22 292 448) (386 7 448 352) (449 450 387 356 30) (289 400 448 112)
 (113 401 452 293 449) (353 114 450 452 402) (451 453 454 403 115 357)
 (290 416 448 56) (57 417 449 294 456) (354 450 456 418 58)
 (451 358 457 458 419 59) (291 116 420 452 456) (421 295 457 460 117 453)
 (355 454 458 460 118 422) (359 455 459 461 462 119 423) (224 388 448 296)
 (225 449 300 389 464) (226 450 464 390 360) (227 391 364 451 465 466)
 (297 228 404 452 464) (229 301 465 468 405 453) (454 361 466 468 406 230)
 (231 455 365 467 469 470 407) (464 298 424 456 232) (233 302 465 425 472 457)
 (362 472 466 234 458 426) (459 366 467 427 473 474 235)
 (428 299 236 468 460 472) (461 237 429 303 469 473 476)
 (363 462 238 430 470 474 476) (463 431 478 239 471 475 477 367)
 (448 392 14 304) (393 449 23 308 480) (394 450 480 15 368)
 (481 482 451 395 31 372) (305 480 408 452 120) (481 484 453 409 309 121)
 (482 484 454 369 410 122) (483 485 486 455 373 123 411) (480 306 60 456 432)
 (481 488 457 433 310 61) (482 488 458 434 370 62) (483 489 490 459 435 374 63)
 (484 488 460 307 436 124) (485 489 492 461 437 311 125)
 (486 490 492 462 371 438 126) (439 487 491 493 494 463 375 127)
 (480 240 396 464 312) (481 465 397 496 241 316) (482 466 398 496 242 376)
 (483 467 399 497 498 243 380) (484 468 496 244 313 412)
 (485 317 497 500 245 469 413) (486 498 500 470 377 414 246)
 (247 487 499 501 502 471 381 415) (488 472 496 440 314 248)
 (489 497 441 504 249 473 318) (490 504 498 250 474 378 442)
 (491 382 499 443 505 506 475 251) (444 492 500 476 504 315 252)
 (477 253 493 501 505 508 445 319) (494 254 446 502 506 379 508 478)
 (495 447 510 255 503 507 509 383 479) NIL (512 256) (512 128) (257 514 513)
 (512 64) (260 516 513) (129 514 516) (515 517 261 518) (512 32) (65 516 520)
 (264 513 520) (521 265 517 522) (514 520 130) (521 131 524 518)
 (522 515 524 266) (523 525 267 519 526) (512 16) (528 513 272) (514 132 528)
 (273 529 515 530) (72 516 528) (529 276 532 517) (530 532 133 518)
 (277 533 531 519 534) (36 528 520) (521 73 532 536) (529 522 280 536)
 (537 533 523 281 538) (530 524 134 536) (537 540 525 534 135)
 (538 531 540 526 282) (283 527 535 539 541 542) (512 8) (544 513 258)
 (516 66 544) (545 262 517 546) (33 544 520) (521 546 548 67) (545 522 268 548)
 (549 523 269 547 550) (17 544 528) (529 545 552 274) (546 532 74 552)
 (553 278 547 533 554) (37 548 552 536) (537 554 556 549 75)
 (553 538 556 284 550) (551 555 557 558 539 285) (514 544 136)
 (259 545 515 560) (137 546 518 560) (561 562 263 547 519) (138 524 548 560)
 (549 139 564 525 562) (561 550 564 526 270) (551 527 563 565 566 271)
 (530 140 560 552) (275 553 531 561 568) (554 568 141 534 562)
 (555 563 535 569 570 279) (564 556 540 142 568) (557 143 565 570 572 541)
 (558 286 566 569 572 542) (559 543 567 571 573 574 287) (512 4) (576 516 68)
 (576 34 520) (521 69 577 578) (18 576 528) (76 577 580 532) (578 580 38 536)
 (537 581 579 77 582) (576 513 288) (289 577 517 584) (522 584 578 290)
 (585 586 523 579 291) (529 580 292 584) (581 293 588 533 585)
 (538 588 294 586 582) (295 583 587 589 590 539) (514 576 144)
 (145 577 518 592) (146 592 524 578) (593 594 147 525 579) (530 580 148 592)
 (593 581 596 149 534) (594 596 540 150 582) (583 595 597 598 151 541)
 (592 515 584 296) (297 585 600 519 593) (298 600 526 594 586)
 (299 527 595 601 602 587) (588 596 531 300 600) (301 589 597 535 601 604)
 (590 302 598 602 604 542) (591 303 599 603 605 606 543) (9 576 544)
 (577 546 608 70) (578 548 35 608) (609 610 71 549 579) (608 19 580 552)
 (609 554 612 581 78) (612 610 556 582 39) (611 613 614 583 557 79)
 (545 608 584 304) (305 585 547 609 616) (306 616 610 550 586)
 (611 551 617 618 587 307) (553 612 588 308 616) (613 617 555 620 589 309)
 (614 618 620 558 590 310) (615 619 621 622 591 559 311) (608 592 152 560)
 (153 562 624 593 609) (624 154 564 610 594) (611 625 626 595 565 155)
 (612 624 596 156 568) (613 625 628 597 570 157) (614 626 628 598 572 158)
 (615 627 629 630 599 573 159) (561 616 600 624 312) (617 625 601 563 632 313)
 (618 626 566 632 314 602) (619 627 567 633 634 315 603)
 (316 620 628 632 569 604) (317 621 629 633 571 636 605)
 (318 622 606 630 634 636 574) (623 575 319 631 635 637 638 607) (512 1)
 (20 640 528) (640 513 384) (529 385 641 642) (514 640 192) (193 530 644 641)
 (644 642 515 388) (645 531 389 643 646) (516 640 96) (97 641 532 648)
 (642 648 517 400) (401 649 643 533 650) (644 196 518 648)
 (649 645 652 197 534) (652 650 404 646 519) (647 651 653 654 405 535)
 (48 640 520) (49 641 656 536) (521 656 100 648) (537 649 101 657 658)
 (522 656 642 416) (417 538 643 660 657) (660 650 523 420 658)
 (421 651 659 661 662 539) (644 656 524 200) (201 657 540 645 664)
 (652 658 204 525 664) (653 205 659 665 666 541) (664 660 646 526 424)
 (647 425 661 665 668 542) (428 654 527 662 666 668)
 (429 655 663 667 669 670 543) (12 640 544) (21 641 672 552) (545 642 672 392)
 (553 393 643 674 673) (672 546 648 104) (105 554 676 649 673)
 (650 547 676 674 408) (675 677 678 555 409 651) (52 672 548 656)
 (657 673 556 53 680) (658 108 549 680 676) (677 681 557 109 659 682)
 (674 660 680 550 432) (675 681 684 558 433 661) (678 551 682 684 436 662)
 (679 683 685 686 559 437 663) (644 672 208 560) (209 673 688 645 568)
 (561 674 396 646 688) (675 647 397 689 690 569) (652 562 212 688 676)
 (677 653 689 692 213 570) (678 654 690 563 692 412)
 (679 655 691 693 694 571 413) (664 680 564 688 216) (681 689 665 696 217 572)
 (682 692 565 696 666 220) (573 683 693 697 698 667 221)
 (684 690 566 696 668 440) (685 697 691 441 700 669 574)
 (700 686 694 567 698 444 670) (701 687 575 695 699 445 702 671) (6 640 576)
 (641 22 580 704) (577 704 648 112) (113 649 705 581 706) (578 656 704 56)
 (57 657 705 708 582) (658 579 116 708 706) (707 709 710 583 659 117)
 (642 448 704 584) (449 705 643 588 712) (585 650 712 452 706)
 (707 453 713 714 651 589) (586 708 660 712 456) (709 457 716 590 713 661)
 (716 710 714 587 460 662) (711 461 715 717 718 591 663) (644 704 224 592)
 (225 705 596 645 720) (593 706 652 228 720) (707 229 653 721 722 597)
 (594 708 664 720 232) (709 233 721 724 598 665) (710 236 722 595 724 666)
 (711 237 723 725 726 599 667) (712 464 720 646 600) (721 647 713 465 728 604)
 (714 654 722 468 728 601) (715 655 723 469 729 730 605)
 (716 724 728 602 668 472) (717 729 725 473 732 669 606)
 (732 718 726 730 603 476 670) (733 719 607 727 731 477 734 671)
 (704 672 14 608) (673 705 23 612 736) (609 706 736 676 120)
 (737 738 707 677 121 613) (610 708 60 736 680) (737 740 709 614 681 61)
 (738 611 740 710 682 124) (739 741 615 711 683 125 742) (674 712 480 736 616)
 (481 737 675 744 713 620) (738 484 678 744 617 714)
 (739 485 679 745 746 715 621) (684 744 618 716 740 488)
 (741 489 685 748 717 622 745) (748 742 746 619 492 686 718)
 (743 749 747 493 750 687 719 623) (688 720 240 736 624)
 (737 689 752 241 721 628) (738 244 752 625 722 692)
 (739 693 753 754 723 245 629) (740 248 752 626 724 696)
 (741 753 697 756 725 630 249) (742 754 627 756 726 698 252)
 (631 743 755 757 758 727 699 253) (744 632 496 690 728 752)
 (753 745 497 691 760 729 636) (746 754 500 694 760 633 730)
 (747 755 501 695 761 762 731 637) (700 748 760 756 504 634 732)
 (701 749 761 757 505 764 733 638) (764 750 734 758 762 635 508 702)
 (765 751 735 639 759 763 509 766 703) (512 2) (768 513 320) (514 768 160)
 (321 769 515 770) (768 516 80) (769 324 517 772) (161 770 772 518)
 (773 771 325 774 519) (768 40 520) (521 81 772 776) (769 522 776 328)
 (329 777 523 773 778) (162 524 776 770) (777 163 780 525 774)
 (330 771 780 526 778) (775 331 781 782 527 779) (768 24 528) (529 769 784 336)
 (530 164 784 770) (337 785 531 771 786) (532 772 784 88) (785 773 340 533 788)
 (786 788 165 534 774) (775 787 789 790 535 341) (44 776 784 536)
 (537 89 777 788 792) (778 538 785 792 344) (779 793 789 345 794 539)
 (786 540 780 166 792) (167 781 790 793 796 541) (782 787 346 794 796 542)
 (783 798 791 347 797 795 543) (10 768 544) (545 322 769 800) (546 772 800 82)
 (801 802 547 773 326) (41 548 800 776) (777 802 83 804 549)
 (801 778 804 332 550) (803 805 806 551 779 333) (784 25 800 552)
 (553 338 785 801 808) (554 788 808 802 90) (803 809 810 555 789 342)
 (808 556 45 804 792) (805 810 812 557 793 91) (806 809 812 558 794 348)
 (807 811 813 814 559 795 349) (770 168 800 560) (561 801 323 771 816)
 (169 562 816 774 802) (803 327 775 817 818 563) (170 564 780 804 816)
 (805 171 781 818 820 565) (806 782 334 817 820 566)
 (807 335 819 821 783 567 822) (786 816 172 808 568) (809 787 817 339 824 569)
 (810 173 818 790 824 570) (343 811 819 791 825 826 571)
 (796 812 174 820 824 572) (573 813 175 821 826 828 797)
 (814 574 822 825 828 798 350) (815 575 823 799 827 829 830 351) (5 768 576)
 (577 84 772 832) (578 776 832 42) (777 833 579 85 834) (832 580 26 784)
 (833 92 581 788 836) (834 792 582 836 46) (835 837 838 583 793 93)
 (769 352 832 584) (585 353 773 833 840) (778 586 834 840 354)
 (835 841 842 587 355 779) (356 785 588 836 840) (357 841 844 589 789 837)
 (838 842 844 590 794 358) (359 839 843 845 846 591 795) (770 176 832 592)
 (593 177 833 774 848) (594 834 780 848 178) (835 781 179 849 850 595)
 (180 596 848 836 786) (837 849 852 181 790 597) (838 850 852 598 796 182)
 (599 839 851 853 854 183 797) (771 360 848 840 600) (775 361 849 841 856 601)
 (362 842 782 850 856 602) (843 783 851 857 858 603 363)
 (844 364 787 852 856 604) (845 365 853 791 857 860 605)
 (846 606 854 858 860 798 366) (847 367 855 799 859 861 862 607)
 (11 800 832 608) (609 802 833 86 864) (610 43 804 864 834)
 (865 866 611 805 835 87) (612 836 864 27 808) (865 868 837 810 613 94)
 (866 868 614 812 47 838) (867 869 615 839 813 95 870) (801 368 864 840 616)
 (865 803 872 617 369 841) (866 806 872 618 370 842)
 (867 807 873 874 843 371 619) (844 872 809 620 372 868)
 (869 873 845 811 876 621 373) (870 874 876 814 846 374 622)
 (871 875 877 878 847 623 375 815) (184 864 816 848 624)
 (865 849 880 625 818 185) (866 850 880 626 820 186)
 (867 627 881 882 851 821 187) (868 880 628 852 824 188)
 (869 881 884 629 826 853 189) (870 882 884 854 828 190 630)
 (631 871 883 885 886 855 829 191) (632 872 856 880 817 376)
 (873 857 881 377 819 888 633) (378 874 888 882 822 858 634)
 (379 875 883 823 889 890 859 635) (636 860 876 884 888 825 380)
 (861 637 877 885 889 827 892 381) (878 862 886 638 890 892 830 382)
 (639 879 383 887 891 893 894 863 831) (3 640 768) (641 896 28 784)
 (769 386 896 642) (785 897 387 643 898) (770 644 896 194)
 (897 786 195 900 645) (898 771 900 390 646) (899 901 391 647 787 902)
 (98 772 896 648) (649 897 99 788 904) (898 402 904 773 650)
 (899 905 906 651 403 789) (652 900 774 904 198) (901 199 905 908 653 790)
 (902 775 906 908 654 406) (791 903 907 909 910 655 407) (50 656 896 776)
 (657 897 51 912 792) (777 658 912 102 904) (103 905 913 914 659 793)
 (898 778 660 912 418) (419 899 913 916 661 794) (422 906 779 914 916 662)
 (423 907 915 917 918 663 795) (202 780 900 912 664) (901 203 913 920 665 796)
 (908 781 206 914 920 666) (909 207 915 921 922 667 797)
 (902 426 782 916 920 668) (903 427 917 921 924 669 798)
 (910 783 430 918 922 924 670) (911 431 919 799 923 925 926 671)
 (896 672 13 800) (673 897 928 29 808) (801 394 898 928 674)
 (929 930 675 809 395 899) (802 676 904 928 106) (929 932 677 905 810 107)
 (930 803 932 678 906 410) (931 933 934 679 907 411 811) (804 912 54 928 680)
 (929 936 681 812 913 55) (932 805 936 682 110 914)
 (933 937 938 683 813 111 915) (930 806 936 684 434 916)
 (931 937 940 685 814 435 917) (934 807 938 940 686 918 438)
 (439 935 939 941 942 687 815 919) (210 688 900 928 816)
 (929 901 944 689 211 824) (930 902 398 944 817 690)
 (931 903 399 945 946 691 825) (932 908 944 818 692 214)
 (933 909 945 948 693 215 826) (934 910 946 819 948 694 414)
 (935 911 947 949 950 695 827 415) (936 696 944 820 920 218)
 (937 945 921 952 697 219 828) (938 952 948 821 922 698 222)
 (939 949 953 954 699 829 923 223) (924 940 946 822 952 442 700)
 (701 941 947 953 443 956 925 830) (702 942 446 950 823 954 956 926)
 (943 447 703 951 955 957 958 927 831) (896 7 704 832) (705 897 836 30 960)
 (833 114 904 960 706) (961 962 707 837 905 115) (834 708 912 960 58)
 (961 964 709 838 913 59) (962 835 964 710 914 118)
 (963 965 839 711 915 119 966) (898 450 712 960 840) (961 451 968 713 844 899)
 (962 454 968 841 714 906) (963 455 969 970 715 845 907)
 (964 968 842 716 916 458) (965 969 459 972 717 846 917)
 (966 970 843 972 462 718 918) (847 967 971 973 974 719 463 919)
 (226 720 900 960 848) (961 227 901 976 721 852) (962 230 908 976 849 722)
 (963 231 909 977 978 723 853) (964 234 976 850 724 920)
 (965 235 977 980 725 854 921) (966 238 978 851 980 726 922)
 (855 967 239 979 981 982 727 923) (902 968 856 976 466 728)
 (903 969 977 467 984 729 860) (970 910 978 470 984 857 730)
 (971 911 979 471 985 986 731 861) (924 984 972 980 474 858 732)
 (733 973 981 985 475 988 925 862) (974 478 982 734 986 859 988 926)
 (863 975 479 735 983 987 989 990 927) (736 928 960 15 864)
 (737 929 868 31 961 992) (865 962 932 738 122 992)
 (993 994 963 933 739 869 123) (866 740 936 964 62 992)
 (993 996 965 870 937 741 63) (994 867 996 966 938 126 742)
 (995 997 743 967 939 871 127 998) (482 744 968 872 930 992)
 (993 483 1000 745 876 931 969) (994 486 1000 873 746 970 934)
 (995 487 935 1001 1002 971 877 747) (996 1000 874 748 490 940 972)
 (997 1001 749 491 1004 941 878 973) (998 1002 875 1004 942 974 494 750)
 (879 999 1003 1005 1006 975 495 751 943) (752 242 976 944 880 992)
 (993 945 1008 753 243 884 977) (994 978 1008 881 754 948 246)
 (995 979 1009 1010 755 949 247 885) (996 980 1008 882 756 952 250)
 (997 1009 1012 981 886 953 757 251) (998 1010 883 1012 982 954 254 758)
 (759 999 887 1011 1013 1014 983 955 255) (984 946 1000 888 498 760 1008)
 (1001 947 1009 985 499 1016 761 892) (1002 1016 1010 502 986 889 762 950)
 (503 1003 1011 951 1017 1018 987 893 763) (956 1016 1004 1012 506 890 764 988)
 (765 1005 989 1013 1017 507 1020 957 894)
 (1006 990 510 1014 766 1018 891 1020 958)
 (895 1007 511 767 1015 959 1019 1021 1022 991) NIL (1024 256) (1024 128)
 (257 1026 1025) (1024 8) (1028 1025 258) (1026 1028 136) (259 1029 1027 1030)
 (1024 512) (1032 513 1025) (514 1032 1026) (515 1027 1034 1033)
 (1032 1028 544) (545 1029 1036 1033) (1030 1036 1034 560)
 (561 1031 1037 1038 1035) (1024 64) (1032 516 1040) (260 1025 1040)
 (1041 1042 517 1033) (129 1026 1040) (1041 1044 1034 518) (1042 261 1044 1027)
 (1043 1045 519 1035 1046) (66 1028 1040) (1041 546 1036 1048)
 (1029 1042 1048 262) (1049 1050 1043 1037 547) (137 1030 1044 1048)
 (1049 562 1052 1045 1038) (1031 1050 263 1052 1046)
 (1039 1051 1053 1054 563 1047) (1024 32) (1032 1056 520) (65 1056 1040)
 (1041 521 1058 1057) (264 1025 1056) (1057 522 1060 1033) (1042 1060 265 1058)
 (1043 1059 1061 523 1062) (130 1026 1056) (1057 524 1034 1064)
 (1058 131 1044 1064) (1065 525 1059 1045 1066) (1060 1027 266 1064)
 (1065 1068 1061 526 1035) (1066 1068 1046 267 1062)
 (527 1063 1067 1069 1070 1047) (33 1028 1056) (1057 548 1036 1072)
 (1058 1072 67 1048) (1049 1073 1059 549 1074) (1029 1060 268 1072)
 (1073 1037 1076 1061 550) (1050 1076 269 1062 1074)
 (551 1051 1075 1077 1078 1063) (138 1030 1072 1064) (1065 1073 564 1038 1080)
 (1066 139 1052 1080 1074) (1053 1075 565 1081 1082 1067)
 (1031 1068 270 1076 1080) (1039 1077 566 1081 1084 1069)
 (1054 1078 271 1082 1084 1070) (567 1055 1079 1083 1085 1086 1071) (1024 16)
 (1032 1088 528) (1088 1025 272) (529 1089 1033 1090) (132 1026 1088)
 (1089 530 1092 1034) (273 1090 1092 1027) (531 1093 1091 1035 1094)
 (17 1028 1088) (1089 1036 1096 552) (1029 1090 1096 274)
 (553 1097 1091 1037 1098) (1030 1092 140 1096) (1097 1100 1093 1038 568)
 (275 1098 1031 1100 1094) (1099 1101 1095 1039 569 1102) (72 1088 1040)
 (1041 1089 532 1104) (1042 1104 1090 276) (1105 1106 1043 533 1091)
 (1092 1044 133 1104) (1105 1093 1108 1045 534) (1106 277 1108 1046 1094)
 (1095 1107 1109 1110 535 1047) (1048 74 1096 1104) (1105 554 1049 1097 1112)
 (1106 1050 1098 1112 278) (1099 1113 1114 1051 555 1107)
 (1108 141 1112 1052 1100) (1101 1113 1053 1116 1109 570)
 (1102 1114 1116 1110 1054 279) (1103 1115 1117 1118 1055 1111 571)
 (36 1088 1056) (1057 1089 1120 536) (1058 73 1120 1104)
 (537 1105 1059 1121 1122) (1090 280 1060 1120) (1121 538 1091 1124 1061)
 (1106 1124 281 1062 1122) (1107 1123 1125 1126 1063 539) (1120 1092 134 1064)
 (1065 1121 540 1093 1128) (1128 1066 1108 135 1122)
 (1109 1123 1129 1130 1067 541) (1124 1128 1068 282 1094)
 (1095 1125 1129 1132 1069 542) (1110 283 1126 1130 1132 1070)
 (1111 1071 1127 1131 1133 1134 543) (37 1072 1096 1120)
 (1121 1073 556 1097 1136) (1122 1112 1136 75 1074)
 (1113 557 1075 1137 1138 1123) (1098 1124 284 1076 1136)
 (1099 558 1137 1140 1077 1125) (1114 1138 1140 1126 285 1078)
 (1127 1115 559 1139 1141 1142 1079) (1136 1080 1100 142 1128)
 (1101 1137 1081 1144 1129 572) (1116 143 1138 1144 1130 1082)
 (1117 1139 1145 1146 1131 573 1083) (1084 1102 1140 1144 1132 286)
 (1103 1133 1141 1145 1148 1085 574) (1118 1086 1142 1146 1148 1134 287)
 (1135 1119 575 1143 1147 1149 1150 1087) (1024 4) (1032 1152 576)
 (1152 68 1040) (1041 577 1153 1154) (1152 34 1056) (1057 578 1153 1156)
 (69 1058 1156 1154) (1059 1157 579 1155 1158) (18 1152 1088)
 (1089 1153 580 1160) (1154 76 1160 1104) (1105 1161 1155 581 1162)
 (1156 1160 38 1120) (1121 1161 1164 1157 582) (1122 1164 77 1158 1162)
 (583 1159 1163 1165 1166 1123) (1152 1025 288) (1153 1168 1033 584)
 (289 1042 1168 1154) (585 1169 1043 1155 1170) (290 1060 1156 1168)
 (1169 586 1157 1172 1061) (1170 291 1172 1062 1158)
 (1159 587 1171 1173 1174 1063) (1090 292 1168 1160) (1161 1169 1091 588 1176)
 (1170 1106 1176 293 1162) (1107 589 1171 1177 1178 1163)
 (1172 1124 1164 294 1176) (1165 590 1173 1177 1125 1180)
 (295 1166 1174 1178 1180 1126) (1127 591 1167 1175 1179 1181 1182)
 (1152 1026 144) (1153 1184 1034 592) (145 1154 1044 1184)
 (593 1185 1155 1045 1186) (146 1156 1184 1064) (1065 594 1185 1157 1188)
 (1066 147 1188 1158 1186) (1187 1189 1190 1159 595 1067) (148 1092 1184 1160)
 (1161 1185 596 1093 1192) (1162 1108 149 1192 1186)
 (1187 1193 1194 1163 1109 597) (1192 1188 1164 150 1128)
 (1189 1193 1196 1165 598 1129) (1190 1194 1196 1166 151 1130)
 (1191 1195 1197 1198 1167 599 1131) (1168 1027 1184 296)
 (1169 1185 1200 1035 600) (297 1170 1200 1046 1186)
 (1187 1201 1202 1171 601 1047) (298 1068 1172 1188 1200)
 (1189 1201 1204 1173 602 1069) (1190 299 1202 1204 1174 1070)
 (1191 1203 1205 1206 1175 603 1071) (1200 1192 300 1094 1176)
 (1095 1193 1201 1208 1177 604) (1194 301 1110 1202 1208 1178)
 (1195 1111 1203 1209 1210 1179 605) (1180 1196 302 1204 1208 1132)
 (1133 1197 1205 1209 1212 1181 606) (1198 303 1182 1206 1210 1212 1134)
 (1199 1183 1135 1207 1211 1213 1214 607) (9 1152 1028) (1153 1036 1216 608)
 (1154 70 1216 1048) (1049 609 1155 1217 1218) (1156 35 1216 1072)
 (1073 610 1220 1157 1217) (1074 71 1220 1158 1218)
 (1219 1221 1222 1159 611 1075) (19 1160 1216 1096) (1097 1161 612 1217 1224)
 (1162 1218 1224 78 1112) (1219 613 1113 1226 1163 1225)
 (1164 1220 1224 39 1136) (1221 614 1225 1228 1165 1137)
 (1222 1226 1228 1166 79 1138) (615 1223 1227 1229 1230 1167 1139)
 (1029 1168 1216 304) (1169 1217 1232 1037 616) (305 1050 1218 1232 1170)
 (1219 617 1051 1233 1234 1171) (306 1076 1172 1220 1232)
 (1221 618 1233 1236 1173 1077) (1222 1234 307 1236 1078 1174)
 (1079 1223 619 1235 1237 1238 1175) (1098 308 1232 1224 1176)
 (1099 1225 620 1233 1240 1177) (1114 1240 1234 309 1226 1178)
 (1227 621 1235 1241 1242 1179 1115) (1228 1236 1140 310 1240 1180)
 (1229 622 1237 1241 1141 1244 1181) (1230 1238 311 1242 1244 1182 1142)
 (1143 1231 623 1239 1243 1245 1246 1183) (1030 1184 1216 152)
 (1185 1217 1248 1038 624) (153 1186 1052 1248 1218)
 (1249 1250 1187 1053 1219 625) (154 1188 1248 1220 1080)
 (1249 1252 1189 626 1081 1221) (1250 1252 1190 1082 155 1222)
 (1251 1253 1191 1223 627 1083 1254) (156 1100 1248 1224 1192)
 (1249 1101 1256 1193 1225 628) (1250 1256 1194 1116 1226 157)
 (1251 1257 1258 1195 1117 629 1227) (1252 1256 1196 1144 158 1228)
 (1253 1257 1197 1260 1229 630 1145) (1254 1258 1260 1198 1230 1146 159)
 (1255 1259 1261 1262 1231 1199 631 1147) (1031 1200 1248 1232 312)
 (1249 1233 1039 1264 1201 632) (1250 1234 1054 1264 1202 313)
 (1251 1235 1055 1265 1266 1203 633) (1252 1236 1264 1204 314 1084)
 (1253 1237 1265 1268 1205 634 1085) (1254 1266 1268 1238 315 1086 1206)
 (1207 1255 1267 1269 1270 1239 635 1087) (1102 1256 1208 1264 1240 316)
 (1103 1257 1265 1241 1272 1209 636) (1258 1272 1118 1266 1242 1210 317)
 (1259 1119 1267 1273 1274 1211 637 1243) (1148 1260 1268 1272 1212 318 1244)
 (1245 1261 1269 1149 1273 1276 1213 638)
 (1262 1150 1270 1274 1214 1276 1246 319)
 (1263 1151 639 1271 1215 1275 1277 1278 1247) (1024 2) (1280 1025 320)
 (1026 1280 160) (321 1281 1027 1282) (10 1280 1028) (1029 322 1284 1281)
 (1030 1284 1282 168) (1031 1283 1285 323 1286) (1032 1280 768)
 (769 1281 1033 1288) (770 1288 1034 1282) (1289 1290 771 1283 1035)
 (1284 1288 1036 800) (801 1285 1292 1037 1289) (1290 1292 1286 1038 816)
 (1039 1287 1291 1293 1294 817) (80 1280 1040) (1041 1296 772 1288)
 (1281 1042 324 1296) (1289 1297 1043 773 1298) (161 1282 1044 1296)
 (1297 1290 1300 1045 774) (1298 1283 1300 325 1046)
 (775 1291 1299 1301 1302 1047) (1296 82 1284 1048) (1049 802 1292 1297 1304)
 (1050 1304 1285 326 1298) (803 1051 1293 1299 1305 1306)
 (169 1300 1052 1286 1304) (1053 1294 818 1301 1305 1308)
 (327 1287 1054 1302 1306 1308) (1295 819 1055 1303 1307 1309 1310)
 (40 1280 1056) (1057 1312 1288 776) (81 1058 1312 1296)
 (777 1297 1059 1314 1313) (1281 1312 1060 328) (1289 778 1316 1061 1313)
 (329 1298 1316 1062 1314) (1315 1317 1318 779 1299 1063) (162 1312 1282 1064)
 (1065 1290 780 1320 1313) (1066 163 1300 1320 1314)
 (1315 1321 1322 781 1301 1067) (330 1283 1068 1316 1320)
 (1317 1321 1291 1324 782 1069) (1318 1322 331 1324 1302 1070)
 (1319 1323 1325 1326 783 1303 1071) (41 1312 1284 1072)
 (1073 1292 804 1328 1313) (1074 83 1328 1314 1304)
 (1315 805 1329 1330 1075 1305) (1316 332 1076 1285 1328)
 (1317 806 1293 1329 1332 1077) (1318 333 1330 1332 1078 1306)
 (807 1319 1331 1333 1334 1079 1307) (170 1320 1286 1328 1080)
 (1321 1294 1329 820 1336 1081) (1322 171 1330 1336 1082 1308)
 (1323 1331 821 1337 1338 1083 1309) (1287 1324 334 1332 1336 1084)
 (1325 1295 1333 822 1337 1340 1085) (1326 335 1310 1334 1338 1340 1086)
 (823 1327 1087 1335 1339 1341 1342 1311) (24 1280 1088) (1089 1344 1288 784)
 (1281 1090 1344 336) (785 1289 1091 1345 1346) (164 1092 1344 1282)
 (1345 786 1348 1093 1290) (337 1346 1283 1348 1094)
 (1347 1349 1350 1095 1291 787) (1344 1284 25 1096) (1097 1345 1352 1292 808)
 (1098 1352 1285 1346 338) (1099 809 1354 1293 1347 1353)
 (172 1348 1100 1286 1352) (1349 1353 1356 1294 824 1101)
 (1102 1287 1354 1356 339 1350) (1103 1351 1355 1357 1358 1295 825)
 (1296 1344 88 1104) (1105 1297 788 1345 1360) (1106 1360 340 1346 1298)
 (1347 1107 1361 1362 1299 789) (1300 1348 1108 165 1360)
 (1349 1109 1361 1364 1301 790) (1350 1110 1362 1364 341 1302)
 (791 1351 1111 1363 1365 1366 1303) (1360 90 1352 1304 1112)
 (1113 810 1361 1353 1368 1305) (1114 1354 1362 342 1368 1306)
 (811 1115 1363 1369 1370 1307 1355) (1116 1356 173 1364 1368 1308)
 (1117 1357 1365 1369 826 1372 1309) (1358 1118 1366 343 1370 1372 1310)
 (1359 1374 1119 1367 1371 1373 827 1311) (1312 1344 44 1120)
 (1121 1313 1376 1345 792) (89 1122 1376 1360 1314)
 (1377 1378 1315 1361 1123 793) (1316 1376 1124 1346 344)
 (1377 1347 1380 1317 1125 794) (1378 1380 1318 1362 1126 345)
 (1379 1381 1382 1319 1363 1127 795) (1376 1348 1320 166 1128)
 (1377 1349 1384 1321 1129 796) (1378 167 1384 1322 1364 1130)
 (1379 1385 1386 1323 1365 1131 797) (1380 1350 1384 1324 346 1132)
 (1381 1351 1385 1388 1325 1133 798) (1382 1386 1388 1326 1366 347 1134)
 (1383 1387 1389 1390 1327 1135 1367 799) (1376 1352 1328 45 1136)
 (1377 1329 1353 812 1392 1137) (1378 1330 1392 1138 1368 91)
 (1379 813 1331 1393 1394 1139 1369) (1380 1140 1354 1392 1332 348)
 (1381 1355 814 1393 1396 1333 1141) (1382 1394 1396 1142 1370 349 1334)
 (1143 1383 815 1395 1397 1398 1335 1371) (1384 1356 174 1392 1336 1144)
 (1385 1357 1393 1337 1400 1145 828) (1386 1400 175 1394 1338 1146 1372)
 (829 1387 1395 1401 1402 1147 1373 1339) (1148 1388 1358 1396 1400 1340 350)
 (1149 1389 1359 1397 1401 1404 1341 830)
 (1342 1390 1150 1398 1402 1404 1374 351)
 (1391 1151 1375 1399 1403 1405 1406 1343 831) (5 1280 1152)
 (1153 1408 1288 832) (1408 1154 84 1296) (833 1297 1155 1409 1410)
 (1408 42 1156 1312) (1313 834 1409 1412 1157) (1314 1412 85 1158 1410)
 (835 1413 1414 1159 1315 1411) (1408 1344 26 1160) (1161 1345 1409 836 1416)
 (1410 1162 92 1416 1360) (1411 837 1417 1418 1163 1361)
 (1416 1164 1412 46 1376) (1377 1413 838 1417 1420 1165)
 (1378 1414 1418 1420 1166 93) (1379 1415 839 1419 1421 1422 1167)
 (1281 1408 352 1168) (1169 1289 1409 1424 840) (353 1170 1424 1410 1298)
 (1411 841 1299 1425 1426 1171) (354 1172 1412 1316 1424)
 (1413 842 1425 1428 1173 1317) (355 1414 1426 1428 1174 1318)
 (1415 1319 843 1427 1429 1430 1175) (1346 356 1416 1424 1176)
 (1347 1417 844 1425 1432 1177) (357 1362 1418 1426 1432 1178)
 (1419 845 1427 1363 1433 1434 1179) (1380 358 1420 1428 1432 1180)
 (1381 1421 846 1429 1433 1436 1181) (1382 359 1422 1430 1434 1436 1182)
 (1383 847 1423 1431 1435 1437 1438 1183) (1408 1282 176 1184)
 (1185 1290 1409 1440 848) (177 1186 1300 1440 1410)
 (1441 1442 1187 1411 849 1301) (178 1188 1412 1440 1320)
 (1441 1444 1413 1321 850 1189) (1442 1444 1190 1322 179 1414)
 (1443 1445 1415 1191 1323 851 1446) (1348 180 1416 1440 1192)
 (1441 1349 1448 1193 1417 852) (1442 1448 1194 1364 181 1418)
 (1443 1449 1450 1195 1365 853 1419) (1444 1448 1196 1420 1384 182)
 (1445 1385 1197 1452 1421 1449 854) (1446 1386 1452 1198 1422 183 1450)
 (1447 1387 1453 1454 1199 1423 855 1451) (1283 360 1424 1440 1200)
 (1441 1425 1291 1456 1201 856) (1442 1426 361 1456 1202 1302)
 (1443 1427 1457 1458 1203 1303 857) (1444 362 1324 1456 1204 1428)
 (1445 1205 1325 1457 1460 1429 858) (1446 363 1326 1458 1460 1430 1206)
 (1431 1447 1327 1459 1461 1462 1207 859) (1350 1448 364 1456 1432 1208)
 (1351 1449 1457 1433 1464 1209 860) (1450 1464 365 1458 1366 1434 1210)
 (1451 1459 1367 1465 1466 1211 861 1435) (1452 1388 1436 366 1460 1464 1212)
 (1468 1453 1389 1461 1465 1213 1437 862)
 (1390 1454 367 1214 1462 1466 1468 1438)
 (1439 1391 1455 1463 1215 1467 1469 1470 863) (1408 11 1284 1216)
 (1217 1409 1292 1472 864) (1410 1218 1472 86 1304)
 (865 1473 1219 1474 1411 1305) (43 1220 1412 1472 1328)
 (1473 866 1476 1413 1329 1221) (1474 1476 1222 1330 87 1414)
 (1475 1477 1415 1223 867 1331 1478) (1352 1416 1472 27 1224)
 (1473 868 1480 1225 1353 1417) (1474 1480 1418 1368 1226 94)
 (1475 869 1481 1482 1227 1369 1419) (1420 1480 1228 47 1392 1476)
 (1477 870 1481 1229 1484 1421 1393) (1478 1482 1484 1230 1422 1394 95)
 (871 1479 1483 1485 1486 1231 1395 1423) (1472 368 1285 1424 1232)
 (1473 1425 872 1293 1488 1233) (1474 1426 1488 369 1234 1306)
 (1475 873 1427 1489 1490 1235 1307) (1476 1488 370 1236 1332 1428)
 (1477 874 1489 1492 1429 1333 1237) (1478 1334 1490 371 1492 1430 1238)
 (1239 1479 875 1431 1491 1493 1494 1335) (1480 1354 1240 1488 372 1432)
 (1481 1355 876 1489 1433 1496 1241) (1482 1496 1370 1490 373 1242 1434)
 (1483 877 1435 1491 1497 1498 1243 1371) (1436 1484 1396 374 1496 1244 1492)
 (1245 1485 878 1493 1497 1397 1500 1437)
 (1486 1246 1494 375 1498 1500 1438 1398)
 (1399 1439 1487 879 1495 1499 1501 1502 1247) (1472 184 1440 1286 1248)
 (1249 1441 1473 1294 880 1504) (1250 1442 1474 185 1308 1504)
 (1505 1506 1475 1251 881 1309 1443) (1252 1444 1336 186 1476 1504)
 (1505 1508 1445 882 1337 1253 1477) (1506 1508 1478 1338 187 1446 1254)
 (1507 1509 1255 1479 883 1447 1339 1510) (1256 1448 1356 1480 188 1504)
 (1505 1512 1257 1357 1449 884 1481) (1506 1512 1258 1450 1482 1372 189)
 (1507 1513 1514 1483 1451 885 1373 1259) (1260 1512 1452 1484 1508 1400 190)
 (1509 1513 1485 1516 1453 886 1401 1261)
 (1510 1454 1516 1486 1262 1514 1402 191)
 (1511 1455 1515 1517 1518 1487 1263 887 1403) (1287 1488 1264 376 1456 1504)
 (1505 1457 1489 1295 1520 1265 888) (1506 1458 1490 1520 1266 377 1310)
 (1507 1267 1521 1522 1491 889 1311 1459) (1508 1520 1268 378 1340 1460 1492)
 (1509 1341 1269 1521 1524 1461 890 1493)
 (1510 1270 1522 1524 1462 379 1342 1494)
 (1271 1511 1523 1525 1526 1495 1463 891 1343)
 (1272 1512 1496 1358 1520 1464 380) (1513 1359 1521 1465 1497 1528 1273 892)
 (1522 1514 1528 1466 1498 1274 381 1374)
 (1515 1467 1523 1529 1530 1499 893 1275 1375)
 (1468 1516 1500 1524 1528 1404 382 1276)
 (1501 1469 1517 894 1525 1529 1532 1405 1277)
 (1532 1406 1518 1502 1526 1530 1278 1470 383)
 (895 1471 1519 1407 1527 1279 1531 1533 1534 1503) (1024 1) (1032 1536 640)
 (20 1536 1088) (1089 641 1537 1538) (3 1536 1280) (1537 1540 896 1288)
 (1540 1538 28 1344) (1345 897 1539 1541 1542) (1536 1025 384)
 (1537 642 1033 1544) (385 1090 1544 1538) (1545 1546 1091 1539 643)
 (1281 386 1540 1544) (1289 898 1548 1541 1545) (1346 387 1548 1542 1546)
 (1347 1543 1547 1549 899 1550) (1026 1536 192) (1537 644 1034 1552)
 (193 1538 1092 1552) (1553 645 1539 1093 1554) (1552 1282 1540 194)
 (1553 1290 1556 900 1541) (1556 1554 195 1348 1542)
 (901 1543 1555 1557 1558 1349) (1552 388 1027 1544) (1545 1553 646 1035 1560)
 (1546 1560 389 1094 1554) (1095 647 1547 1555 1561 1562)
 (1556 1283 1548 390 1560) (902 1291 1549 1557 1561 1564)
 (1350 391 1550 1558 1562 1564) (1351 903 1551 1559 1563 1565 1566)
 (12 1536 1028) (1537 1568 1036 672) (21 1538 1568 1096)
 (1097 673 1539 1570 1569) (1540 1284 13 1568) (1569 1572 1292 1541 928)
 (1570 1572 29 1542 1352) (929 1571 1573 1574 1543 1353) (1029 1568 1544 392)
 (1545 674 1576 1037 1569) (393 1098 1576 1570 1546)
 (1099 1577 1578 1547 675 1571) (394 1548 1285 1576 1572)
 (930 1573 1577 1549 1580 1293) (1574 1354 395 1580 1550 1578)
 (931 1575 1579 1581 1582 1551 1355) (1568 1030 1552 208)
 (1553 1569 1584 1038 688) (209 1554 1100 1584 1570)
 (1585 1571 1101 689 1586 1555) (210 1556 1584 1286 1572)
 (1573 1294 944 1585 1588 1557) (1574 1356 1586 211 1588 1558)
 (1575 1357 945 1587 1589 1590 1559) (1576 1031 396 1584 1560)
 (1039 1577 1585 690 1592 1561) (1102 1578 397 1586 1592 1562)
 (1103 1579 691 1587 1593 1594 1563) (1287 1580 398 1588 1592 1564)
 (1581 1295 946 1589 1593 1596 1565) (1582 399 1358 1590 1594 1596 1566)
 (1583 947 1359 1591 1595 1597 1598 1567) (96 1536 1040) (1041 1537 1600 648)
 (97 1538 1600 1104) (1105 649 1539 1601 1602) (98 1540 1600 1296)
 (1297 1601 1604 1541 904) (1602 99 1604 1542 1360)
 (1603 1605 1606 1543 905 1361) (1042 1544 1600 400) (1545 650 1043 1601 1608)
 (401 1106 1608 1602 1546) (1603 1609 1610 1107 651 1547)
 (1298 1604 1548 1608 402) (1605 1609 906 1612 1549 1299)
 (1606 1610 1612 1550 1362 403) (1607 907 1613 1614 1551 1363 1611)
 (1600 196 1044 1552) (1553 1601 652 1045 1616) (1554 1616 1108 197 1602)
 (1603 1109 653 1617 1618 1555) (1556 1604 1300 198 1616)
 (1605 908 1617 1620 1557 1301) (1606 199 1618 1620 1558 1364)
 (1607 909 1619 1621 1622 1559 1365) (1608 404 1616 1046 1560)
 (1609 654 1617 1624 1561 1047) (1610 1110 1618 405 1624 1562)
 (1611 655 1619 1111 1625 1626 1563) (1612 1620 1302 1624 1564 406)
 (1613 910 1621 1303 1625 1628 1565) (1614 1622 407 1626 1628 1566 1366)
 (1623 1615 911 1367 1627 1629 1630 1567) (1568 1600 104 1048)
 (1049 1569 1601 676 1632) (105 1570 1632 1602 1112)
 (1633 1634 1571 677 1113 1603) (106 1604 1572 1632 1304)
 (1633 932 1605 1636 1305 1573) (1634 1636 1574 107 1368 1606)
 (1635 1637 1575 1607 1369 933 1638) (1050 1608 1576 1632 408)
 (1633 678 1640 1577 1051 1609) (1634 1578 1640 1114 1610 409)
 (1635 1579 679 1641 1642 1115 1611) (1580 1640 1612 1636 410 1306)
 (1637 934 1641 1581 1644 1613 1307) (1638 1642 1644 1582 1614 1370 411)
 (935 1639 1643 1645 1646 1615 1583 1371) (212 1052 1616 1632 1584)
 (1633 1617 1053 1648 1585 692) (1634 1618 1116 1648 1586 213)
 (1635 1117 1619 1649 1650 1587 693) (1636 1648 1620 1588 214 1308)
 (1652 1637 1649 948 1621 1589 1309) (1638 1650 1652 1590 215 1372 1622)
 (1591 1639 1651 949 1654 1623 1653 1373) (1640 1592 1054 1648 1624 412)
 (1641 1055 1649 1625 694 1656 1593) (1642 1656 1118 1650 1626 1594 413)
 (1643 1119 1651 695 1657 1658 1595 1627) (1596 1644 414 1652 1656 1628 1310)
 (1597 1645 1653 950 1657 1660 1629 1311)
 (1646 1374 1598 1654 1658 1660 1630 415)
 (1375 951 1647 1631 1655 1659 1661 1662 1599) (48 1536 1056)
 (1057 1537 1664 656) (49 1538 1664 1120) (1121 657 1539 1665 1666)
 (50 1540 1664 1312) (1313 1665 1668 1541 912) (1666 51 1668 1542 1376)
 (1377 1667 1669 1670 1543 913) (1058 100 1664 1600) (1601 658 1059 1665 1672)
 (1666 1122 1672 101 1602) (1603 1673 1674 659 1123 1667)
 (1314 1604 1668 102 1672) (1315 1605 1673 1676 914 1669)
 (1378 1606 103 1674 1676 1670) (1379 1607 1671 1675 1677 1678 915)
 (1544 1664 1060 416) (1545 1665 660 1061 1680) (417 1546 1124 1680 1666)
 (1667 1547 1681 1682 661 1125) (1548 418 1316 1668 1680)
 (1669 1549 1681 916 1684 1317) (419 1380 1670 1550 1682 1684)
 (1381 1671 1551 1683 917 1686 1685) (420 1672 1062 1680 1608)
 (1609 1681 1673 662 1063 1688) (421 1674 1610 1682 1126 1688)
 (1127 1675 1683 663 1689 1690 1611) (1676 1318 1612 1684 1688 422)
 (1319 1613 1677 1685 918 1689 1692) (1382 423 1678 1614 1686 1690 1692)
 (919 1383 1679 1615 1687 1691 1693 1694) (1552 1664 200 1064)
 (1065 1553 1665 1696 664) (201 1554 1666 1696 1128)
 (1697 1698 1667 665 1555 1129) (202 1556 1668 1696 1320)
 (1697 1700 1669 1321 1557 920) (1698 1700 1670 1384 203 1558)
 (1699 1701 1702 1671 1385 1559 921) (1066 204 1672 1696 1616)
 (1697 1704 1673 1617 666 1067) (1698 1704 1674 205 1618 1130)
 (1699 1705 1706 1675 1619 1131 667) (1700 1704 1322 1676 206 1620)
 (1701 1705 1323 1708 1677 1621 922) (1702 1386 1708 1678 207 1622 1706)
 (1703 1387 1709 1710 1679 1623 923 1707) (1560 1068 1680 1696 424)
 (1697 1712 1681 1561 668 1069) (1698 425 1712 1682 1562 1132)
 (1699 1133 1713 1714 1683 1563 669) (1700 426 1324 1712 1684 1564)
 (1701 1325 1713 1716 1685 924 1565) (1702 427 1388 1714 1716 1686 1566)
 (1703 1389 1715 1717 1718 1687 925 1567) (1704 1624 428 1712 1688 1070)
 (1705 1713 1689 1720 1625 670 1071) (1706 1720 429 1714 1690 1626 1134)
 (1707 1715 1135 1721 1722 1691 1627 671) (1692 1708 1326 430 1716 1720 1628)
 (1629 1709 1327 1717 1721 1724 1693 926)
 (1710 431 1390 1718 1722 1724 1694 1630)
 (1391 927 1631 1719 1723 1725 1726 1695 1711) (1568 1664 52 1072)
 (1073 1569 1665 1728 680) (1666 1570 1728 53 1136)
 (1729 1730 1571 681 1667 1137) (1728 1572 1668 54 1328)
 (1729 1732 1669 936 1329 1573) (1730 1732 1670 1392 55 1574)
 (1731 1733 1575 1671 937 1393 1734) (1074 108 1672 1728 1632)
 (1633 1729 1736 1673 682 1075) (1730 1736 1674 109 1138 1634)
 (1731 1737 1738 683 1635 1139 1675) (1636 1736 1676 110 1330 1732)
 (1637 1737 938 1740 1677 1331 1733) (1734 1738 1740 1678 111 1394 1638)
 (1639 1735 1739 1741 1742 1679 1395 939) (1576 1076 1680 1728 432)
 (1729 1577 684 1744 1681 1077) (1730 1578 1744 433 1682 1140)
 (1731 1579 685 1745 1746 1683 1141) (1732 1580 1744 434 1332 1684)
 (1733 940 1581 1745 1748 1685 1333) (1734 1582 1746 435 1396 1686 1748)
 (1735 941 1583 1747 1397 1750 1687 1749) (1736 1640 1744 436 1078 1688)
 (1641 686 1745 1737 1079 1752 1689) (1642 1752 1746 437 1142 1738 1690)
 (1643 687 1747 1143 1753 1754 1691 1739) (1740 1644 1748 1334 1752 1692 438)
 (1741 1645 942 1749 1335 1753 1756 1693)
 (1742 1646 1750 439 1754 1756 1694 1398)
 (1399 1743 1647 1751 943 1755 1757 1758 1695) (1584 216 1696 1728 1080)
 (1697 1729 1585 696 1081 1760) (1730 1698 1586 1144 217 1760)
 (1761 1762 1731 1699 697 1587 1145) (1700 1588 1732 1336 218 1760)
 (1761 1764 1701 1589 952 1337 1733) (1762 1764 1702 1590 1400 219 1734)
 (1763 1765 1703 1735 953 1591 1401 1766) (1704 1736 1648 1082 220 1760)
 (1761 1768 1705 1649 1737 698 1083) (1762 1768 1738 1650 1706 1146 221)
 (1763 1707 1769 1770 1739 1651 1147 699) (1740 1768 1708 1652 1764 1338 222)
 (1765 1769 1741 1772 1709 1653 954 1339)
 (1766 1770 1772 1742 1710 1654 1402 223)
 (1767 1771 1773 1774 1743 1711 1655 1403 955) (440 1712 1592 1084 1744 1760)
 (1761 1745 1776 1713 1593 700 1085) (1762 1714 1776 1746 441 1594 1148)
 (1763 1149 1715 1777 1778 1747 1595 701) (1596 1764 1776 1716 1748 442 1340)
 (1765 1341 1777 1780 1717 1749 956 1597)
 (1766 1778 1780 1750 443 1404 1598 1718)
 (1719 1767 1405 1779 1781 1782 1751 957 1599)
 (1768 1752 1776 1720 1656 444 1086) (1769 1753 1777 1721 1784 1657 702 1087)
 (1770 1784 1722 1778 1754 1658 445 1150)
 (1723 1771 1779 1151 1785 1786 1755 1659 703)
 (1660 1756 1772 446 1780 1784 1724 1342)
 (1757 1661 1773 1781 1785 1788 1725 958 1343)
 (1406 1774 1758 1782 1786 1788 1726 447 1662)
 (1407 1775 1663 1783 959 1787 1789 1790 1759 1727) (6 1536 1152)
 (1153 1537 1792 704) (22 1792 1538 1160) (1161 705 1539 1793 1794)
 (7 1540 1792 1408) (1409 1793 1796 1541 960) (1794 1796 1542 30 1416)
 (961 1795 1797 1798 1543 1417) (1154 1600 1792 112) (1601 706 1155 1793 1800)
 (113 1162 1800 1794 1602) (1795 1801 1802 1163 707 1603)
 (1796 1410 1800 1604 114) (962 1411 1605 1801 1804 1797)
 (1606 1418 1804 115 1802 1798) (963 1607 1799 1419 1805 1806 1803)
 (1664 1156 1792 56) (1665 1793 708 1157 1808) (57 1666 1808 1164 1794)
 (1667 709 1165 1795 1809 1810) (1796 58 1412 1668 1808)
 (964 1669 1809 1812 1797 1413) (1670 1420 1810 1812 59 1798)
 (965 1671 1799 1421 1811 1813 1814) (1800 1808 116 1158 1672)
 (710 1159 1673 1809 1801 1816) (1674 1802 1166 1810 117 1816)
 (711 1675 1167 1811 1817 1818 1803) (1676 1414 1804 1812 118 1816)
 (966 1415 1677 1805 1813 1817 1820) (1678 1806 1422 1814 119 1818 1820)
 (967 1679 1807 1815 1819 1821 1822 1423) (1544 448 1792 1168)
 (1169 1545 1824 1793 712) (449 1546 1824 1794 1176)
 (1825 1826 1795 713 1547 1177) (1796 450 1824 1548 1424)
 (1825 1828 1797 968 1549 1425) (1826 451 1828 1798 1550 1432)
 (1827 1829 1830 1799 969 1551 1433) (1800 1170 1824 452 1608)
 (1825 1832 1609 714 1801 1171) (1826 453 1832 1802 1610 1178)
 (1827 1833 1834 1803 1179 715 1611) (1612 454 1832 1804 1426 1828)
 (1829 1805 1833 970 1836 1613 1427) (1830 455 1834 1836 1614 1806 1434)
 (1831 1835 1837 1838 1807 1615 1435 971) (1808 1824 1172 1680 456)
 (1825 1809 716 1840 1681 1173) (1826 1810 457 1840 1682 1180)
 (1827 717 1811 1841 1842 1683 1181) (1828 458 1840 1812 1684 1428)
 (1829 972 1841 1844 1685 1813 1429) (1830 459 1842 1844 1686 1436 1814)
 (1687 1831 973 1843 1845 1846 1815 1437) (1832 460 1688 1840 1174 1816)
 (1833 718 1841 1817 1175 1848 1689) (1834 1848 461 1842 1818 1690 1182)
 (1835 719 1843 1849 1850 1691 1819 1183) (1692 1836 462 1844 1430 1848 1820)
 (1693 1837 974 1845 1431 1849 1852 1821)
 (1694 1838 463 1438 1846 1850 1852 1822)
 (1439 1839 1823 1847 975 1851 1853 1854 1695) (1552 224 1792 1184)
 (1185 1553 1856 1793 720) (225 1554 1856 1794 1192)
 (1857 1858 1795 1193 721 1555) (1796 226 1556 1856 1440)
 (1441 1857 1860 1797 976 1557) (1858 227 1860 1798 1448 1558)
 (1859 1861 1862 1799 1449 977 1559) (1800 1186 228 1856 1616)
 (1857 1187 1864 1801 1617 722) (1858 229 1864 1194 1618 1802)
 (1859 1865 1866 1195 723 1619 1803) (1442 1860 230 1864 1804 1620)
 (1443 1861 1865 1868 1805 978 1621) (1862 231 1450 1868 1806 1622 1866)
 (1863 1451 1869 1870 1807 979 1623 1867) (1808 1856 1188 1696 232)
 (1697 1857 1189 1872 1809 724) (1698 1858 233 1196 1872 1810)
 (1699 1197 1859 1873 1874 1811 725) (1860 234 1872 1812 1700 1444)
 (1861 1873 980 1813 1701 1876 1445) (1702 235 1452 1874 1876 1814 1862)
 (1863 1703 1453 1875 981 1878 1815 1877) (1190 1864 236 1704 1872 1816)
 (1191 1705 1873 1865 726 1880 1817) (1706 1880 237 1198 1874 1866 1818)
 (1707 1199 1875 727 1881 1882 1819 1867) (1708 1446 1868 238 1876 1880 1820)
 (1447 1709 1869 1877 982 1881 1884 1821)
 (1710 1870 239 1454 1878 1882 1884 1822)
 (983 1871 1455 1879 1883 1885 1886 1823 1711) (1560 1856 1824 464 1200)
 (1857 1825 1201 728 1561 1888) (1826 1858 465 1208 1562 1888)
 (1889 1890 1859 1827 729 1209 1563) (1860 1456 466 1828 1564 1888)
 (1889 1892 1829 1457 984 1861 1565) (1890 1892 1830 467 1464 1566 1862)
 (1891 1893 1831 1863 985 1465 1567 1894) (1864 1832 1202 468 1624 1888)
 (1889 1896 1865 1833 1203 1625 730) (1890 1626 1896 1834 469 1866 1210)
 (1891 1897 1898 1835 1867 1211 731 1627) (1892 1896 1836 1868 1458 470 1628)
 (1893 1897 1837 1900 1869 1459 986 1629)
 (1894 1898 1900 1870 1838 471 1466 1630)
 (1895 1899 1901 1902 1839 1871 1467 987 1631) (1840 1204 472 1872 1712 1888)
 (1873 1841 1889 1904 1713 1205 732) (1890 1874 1904 1714 473 1212 1842)
 (1891 1213 1843 1875 1905 1906 1715 733) (1892 1904 1876 1716 474 1460 1844)
 (1893 1461 1905 1908 1877 1845 1717 988)
 (1894 1846 1906 1908 1718 475 1468 1878)
 (1719 1895 1469 1907 1879 1910 1847 1909 989)
 (1896 1880 1720 1904 1206 1848 476) (1905 1897 1881 1849 1207 1912 1721 734)
 (1898 1912 1850 1906 1882 1722 477 1214)
 (1899 1883 1907 1215 1913 1914 1723 1851 735)
 (1884 1724 1900 1908 1462 1912 1852 478)
 (1725 1853 1901 1909 1463 1913 1916 1885 990)
 (1726 1470 1902 1854 1910 1914 1916 1886 479)
 (1471 1903 1887 1911 991 1915 1917 1918 1855 1727) (1792 1568 14 1216)
 (1217 1569 1920 1793 736) (1570 23 1920 1794 1224)
 (737 1921 1571 1922 1225 1795) (1796 1920 1572 15 1472)
 (1473 1921 1924 1797 1573 992) (1922 1924 1798 1480 31 1574)
 (993 1923 1925 1575 1799 1481 1926) (1800 1218 1632 1920 120)
 (1633 738 1219 1928 1801 1921) (1922 1928 1226 1634 1802 121)
 (1635 1929 1930 1227 739 1803 1923) (1474 1636 1928 1804 1924 122)
 (994 1475 1637 1929 1932 1805 1925) (1926 1482 1932 1806 1930 123 1638)
 (995 1639 1927 1931 1933 1934 1807 1483) (60 1920 1808 1220 1728)
 (1729 1921 740 1221 1936 1809) (1922 1730 1228 1936 1810 61)
 (1731 741 1229 1923 1937 1938 1811) (1476 1936 1812 1732 1924 62)
 (996 1733 1937 1940 1813 1925 1477) (1926 1484 1938 1940 1814 63 1734)
 (997 1735 1927 1485 1939 1941 1942 1815) (1222 1928 1736 1936 1816 124)
 (742 1223 1737 1937 1929 1944 1817) (1930 1944 1230 1938 1738 1818 125)
 (743 1931 1231 1939 1945 1946 1819 1739) (1932 1478 1740 1940 1944 1820 126)
 (998 1479 1741 1933 1941 1945 1948 1821)
 (1742 1934 1486 1942 1946 1948 1822 127)
 (999 1487 1743 1935 1943 1947 1949 1950 1823) (1824 1576 480 1920 1232)
 (1921 1825 744 1577 1233 1952) (481 1922 1826 1578 1240 1952)
 (1953 1954 1827 745 1579 1923 1241) (482 1828 1580 1488 1924 1952)
 (1953 1956 1829 1000 1581 1489 1925) (1954 483 1956 1926 1582 1496 1830)
 (1955 1957 1927 1831 1001 1583 1497 1958) (484 1832 1928 1234 1640 1952)
 (1953 1960 1641 746 1833 1929 1235) (1954 485 1642 1930 1960 1834 1242)
 (1955 1961 1962 1835 1931 747 1243 1643) (1956 486 1960 1836 1644 1932 1490)
 (1957 1837 1961 1002 1933 1964 1645 1491)
 (1958 487 1962 1964 1934 1646 1498 1838)
 (1959 1003 1965 1966 1935 1963 1839 1499 1647) (488 1840 1236 1936 1744 1952)
 (1953 1841 1937 748 1968 1745 1237) (1954 1938 489 1968 1746 1244 1842)
 (1955 749 1843 1969 1970 1747 1245 1939) (1956 490 1968 1492 1748 1844 1940)
 (1957 1004 1969 1972 1749 1845 1941 1493)
 (1958 491 1846 1970 1972 1942 1500 1750)
 (1847 1959 1005 1751 1971 1973 1974 1943 1501)
 (1960 492 1752 1968 1944 1238 1848) (1961 750 1969 1849 1945 1239 1976 1753)
 (1962 1976 493 1850 1970 1754 1946 1246)
 (1963 1851 751 1971 1977 1978 1947 1755 1247)
 (1756 1964 1948 494 1972 1494 1976 1852)
 (1757 1949 1965 1006 1973 1495 1977 1980 1853)
 (1758 1502 1966 495 1854 1974 1978 1980 1950)
 (1855 1967 1503 1007 1951 1975 1979 1981 1982 1759) (1584 240 1856 1920 1248)
 (1249 1857 1921 752 1585 1984) (1922 1858 1256 241 1586 1984)
 (1985 1986 1859 1257 1923 753 1587) (1860 242 1588 1504 1924 1984)
 (1505 1985 1988 1861 1008 1589 1925) (1986 1988 1926 1512 243 1590 1862)
 (1987 1989 1927 1863 1513 1009 1591 1990) (1250 1864 1928 1648 244 1984)
 (1985 1251 1992 1865 1649 754 1929) (1986 1992 1930 1866 1650 245 1258)
 (1987 1993 1994 1259 755 1931 1651 1867) (1506 1932 1992 1868 1652 246 1988)
 (1507 1989 1993 1933 1996 1869 1010 1653)
 (1990 1514 1996 1934 1870 1654 247 1994)
 (1991 1515 1997 1998 1935 1011 1871 1655 1995) (1252 1872 248 1936 1760 1984)
 (1761 1937 1253 2000 1873 756 1985) (1762 1986 1260 2000 1938 249 1874)
 (1987 1261 1763 2001 2002 1875 757 1939) (1508 2000 1876 1764 250 1940 1988)
 (1765 2001 1012 1877 1941 1989 1509 2004)
 (1990 1516 2002 2004 1942 1878 251 1766)
 (1879 1991 1517 1767 2003 1013 2006 1943 2005)
 (1254 2000 1992 1944 1768 1880 252) (1255 1769 2001 1945 1993 758 2008 1881)
 (1770 2008 1262 1882 2002 1994 1946 253)
 (1771 1883 1263 2003 759 2009 2010 1947 1995)
 (1948 1510 1772 1996 2004 2008 1884 254)
 (1511 1949 1773 2005 1014 2009 2012 1885 1997)
 (1774 1518 1998 1950 2006 2010 2012 1886 255)
 (1887 2007 1519 1775 1999 1015 2011 2013 2014 1951)
 (1984 496 1264 1592 1952 1888) (1953 1889 1985 1265 760 1593 2016)
 (1986 1954 497 1272 1594 2016 1890) (2017 2018 1987 1891 761 1273 1595 1955)
 (1988 1892 1520 498 1956 1596 2016) (2017 2020 1893 1989 1521 1016 1957 1597)
 (2018 2020 1958 499 1528 1990 1598 1894)
 (2019 2021 1895 1991 1017 1959 1529 1599 2022)
 (1896 1992 1960 1266 500 1656 2016) (2017 2024 1961 1993 1267 1897 1657 762)
 (2018 1658 1962 2024 1898 501 1994 1274)
 (2019 1659 2025 2026 1899 1963 763 1275 1995)
 (1900 2024 1964 1996 1522 2020 502 1660)
 (2021 2025 1997 2028 1965 1901 1523 1018 1661)
 (2022 1902 2026 2028 1998 1966 503 1530 1662)
 (2023 1967 2027 2029 2030 1999 1903 1531 1019 1663)
 (2016 2000 1968 1268 504 1904 1776) (2017 1905 1969 2001 2032 1777 1269 764)
 (1970 2018 2002 2032 1778 505 1276 1906)
 (2019 1277 1779 2033 2034 2003 765 1907 1971)
 (2020 2032 2004 1780 506 1908 1972 1524)
 (2021 1973 2033 2036 1781 1525 1020 2005 1909)
 (2022 2034 1782 1974 1910 507 1532 2036 2006)
 (1911 2023 1533 1783 2035 2037 2038 2007 1975 1021)
 (2032 2024 1912 1784 1270 2008 1976 508)
 (2025 2033 1913 1977 2009 1271 2040 1785 766)
 (2026 2040 1914 2034 2010 1978 1786 509 1278)
 (2027 1915 1979 2035 1279 2041 2042 2011 1787 767)
 (1916 1788 2028 2012 2036 1526 2040 1980 510)
 (1789 1981 2013 2029 2037 1527 2041 2044 1917 1022)
 (1790 2014 1534 2030 1918 2038 2042 2044 1982 511)
 (1919 1983 1535 2031 1791 2039 1023 2043 2045 2046 2015))