(NIL NIL (1 2) NIL (2 4) (1 4) (5 3 6) NIL (4 8) (2 8) (9 5 10) (1 8) (9 6 12)
 (3 10 12) (11 13 7 14) NIL (8 16) (4 16) (17 9 18) (2 16) (17 10 20) (5 18 20)
 (19 21 11 22) (1 16) (17 12 24) (18 24 6) (25 26 19 13) (3 20 24)
 (25 28 21 14) (26 7 28 22) (27 29 15 23 30) NIL (16 32) (8 32) (33 17 34)
 (4 32) (33 18 36) (9 34 36) (35 37 19 38) (2 32) (33 20 40) (34 40 10)
 (41 42 35 21) (5 36 40) (41 44 37 22) (42 11 44 38) (43 45 23 39 46) (1 32)
 (33 48 24) (34 12 48) (25 49 35 50) (6 36 48) (49 26 52 37) (50 52 13 38)
 (27 53 51 39 54) (3 48 40) (41 49 28 56) (42 56 14 50) (57 58 43 29 51)
 (52 7 44 56) (57 53 60 45 30) (58 60 46 15 54) (31 47 55 59 61 62) NIL (32 64)
 (16 64) (65 33 66) (8 64) (65 34 68) (17 66 68) (67 69 35 70) (4 64)
 (65 36 72) (66 72 18) (73 74 67 37) (9 68 72) (73 76 69 38) (74 19 76 70)
 (75 77 39 71 78) (2 64) (65 80 40) (66 20 80) (41 81 67 82) (10 68 80)
 (81 42 84 69) (82 84 21 70) (43 85 83 71 86) (5 80 72) (73 81 44 88)
 (74 88 22 82) (89 90 75 45 83) (11 76 84 88) (89 85 92 77 46) (90 92 78 23 86)
 (47 79 87 91 93 94) (1 64) (65 96 48) (66 96 24) (49 97 67 98) (12 68 96)
 (97 50 100 69) (25 98 100 70) (51 101 99 71 102) (6 96 72) (73 97 52 104)
 (74 104 98 26) (105 106 75 53 99) (100 76 13 104) (105 101 108 77 54)
 (106 27 108 78 102) (103 107 109 110 79 55) (3 96 80) (81 97 112 56)
 (82 28 112 98) (57 113 83 99 114) (100 84 14 112) (113 58 116 85 101)
 (114 116 29 86 102) (103 115 117 118 87 59) (112 7 104 88) (89 105 60 120 113)
 (90 114 120 30 106) (107 115 121 122 91 61) (108 92 120 15 116)
 (109 117 121 124 93 62) (110 31 118 122 124 94) (111 95 119 123 125 126 63)
 NIL (64 128) (32 128) (129 65 130) (16 128) (129 66 132) (33 130 132)
 (131 133 67 134) (8 128) (129 68 136) (130 136 34) (137 138 131 69)
 (17 132 136) (137 140 133 70) (138 35 140 134) (139 141 71 135 142) (4 128)
 (129 144 72) (130 36 144) (73 145 131 146) (18 132 144) (145 74 148 133)
 (146 148 37 134) (75 149 147 135 150) (9 144 136) (137 145 76 152)
 (138 152 38 146) (153 154 139 77 147) (19 140 148 152) (153 149 156 141 78)
 (154 156 142 39 150) (79 143 151 155 157 158) (2 128) (129 160 80)
 (130 160 40) (81 161 131 162) (132 20 160) (161 82 164 133) (41 162 164 134)
 (83 165 163 135 166) (10 160 136) (137 161 84 168) (138 168 162 42)
 (169 170 139 85 163) (140 21 164 168) (169 165 172 141 86)
 (170 43 172 142 166) (167 171 173 174 143 87) (5 160 144) (145 161 176 88)
 (146 44 176 162) (89 177 147 163 178) (164 148 22 176) (177 90 165 149 180)
 (178 180 45 150 166) (167 179 181 182 151 91) (11 168 176 152)
 (153 169 92 177 184) (154 184 46 178 170) (171 179 185 186 155 93)
 (180 156 172 23 184) (173 181 185 188 157 94) (174 47 182 186 188 158)
 (175 159 183 187 189 190 95) NIL (192 128) (192 64) (193 129 194) (192 32)
 (193 130 196) (65 194 196) (195 197 131 198) (192 16) (193 132 200)
 (194 200 66) (201 202 195 133) (33 196 200) (201 204 197 134) (202 67 204 198)
 (203 205 135 199 206) (192 8) (193 208 136) (194 68 208) (137 209 195 210)
 (34 196 208) (209 138 212 197) (210 212 69 198) (139 213 211 199 214)
 (17 208 200) (201 209 140 216) (202 216 70 210) (217 218 203 141 211)
 (212 35 204 216) (217 213 220 205 142) (218 220 206 71 214)
 (143 207 215 219 221 222) (192 4) (193 224 144) (194 224 72) (145 225 195 226)
 (196 36 224) (225 146 228 197) (73 226 228 198) (147 229 227 199 230)
 (18 224 200) (201 225 148 232) (202 226 232 74) (233 234 203 149 227)
 (204 37 232 228) (233 229 236 205 150) (234 75 236 206 230)
 (231 235 237 238 207 151) (9 224 208) (209 225 240 152) (210 76 240 226)
 (153 241 211 227 242) (212 240 38 228) (241 154 244 213 229)
 (242 244 77 214 230) (231 243 245 246 215 155) (19 232 240 216)
 (217 233 156 241 248) (218 242 248 78 234) (235 243 249 250 219 157)
 (220 244 248 39 236) (237 245 249 252 221 158) (238 79 246 250 252 222)
 (239 223 247 251 253 254 159) (192 2) (193 256 160) (194 256 80)
 (161 257 195 258) (196 256 40) (257 162 260 197) (81 258 260 198)
 (163 261 259 199 262) (20 256 200) (201 257 164 264) (202 258 264 82)
 (265 266 203 165 259) (41 204 260 264) (265 261 268 205 166)
 (266 83 268 206 262) (167 263 267 269 270 207) (10 256 208) (209 257 272 168)
 (210 84 272 258) (169 273 211 259 274) (42 212 260 272) (273 170 276 213 261)
 (274 276 85 214 262) (263 171 275 277 278 215) (264 21 272 216)
 (217 265 172 273 280) (218 274 280 86 266) (267 173 275 281 282 219)
 (43 220 280 268 276) (269 174 277 281 284 221) (270 278 87 282 284 222)
 (271 175 279 283 285 286 223) (5 256 224) (225 257 288 176) (226 258 288 88)
 (177 289 227 259 290) (228 44 260 288) (289 178 292 229 261)
 (89 290 292 230 262) (291 293 231 263 179 294) (264 22 288 232)
 (233 265 180 289 296) (234 266 290 296 90) (291 297 298 235 181 267)
 (236 45 296 268 292) (293 297 237 300 269 182) (294 298 300 238 270 91)
 (295 299 301 302 271 239 183) (11 272 288 240) (241 273 304 289 184)
 (290 242 92 304 274) (291 275 305 306 243 185) (244 304 46 276 292)
 (293 277 305 308 245 186) (294 306 308 246 93 278)
 (247 295 307 309 310 279 187) (280 296 304 23 248) (297 305 281 312 249 188)
 (282 298 306 312 250 94) (299 307 313 314 251 189 283)
 (284 300 47 308 312 252) (253 301 309 313 316 285 190)
 (302 286 310 314 316 254 95) (303 255 191 311 315 317 318 287) (192 1)
 (194 320 96) (320 196 48) (97 321 198 322) (320 24 200) (321 202 324 98)
 (49 322 324 204) (325 99 323 206 326) (320 12 208) (321 210 100 328)
 (50 328 212 322) (329 330 323 101 214) (25 328 324 216) (329 218 332 325 102)
 (332 330 51 220 326) (103 327 331 333 334 222) (6 320 224) (321 226 336 104)
 (52 322 228 336) (105 337 323 230 338) (26 336 324 232) (337 234 340 325 106)
 (338 340 236 53 326) (327 107 238 339 341 342) (336 328 13 240)
 (329 242 108 337 344) (330 344 244 54 338) (331 109 339 246 345 346)
 (340 344 27 332 248) (333 110 341 345 250 348) (252 334 342 55 346 348)
 (335 350 111 343 347 349 254) (3 320 256) (321 258 352 112) (322 352 260 56)
 (113 353 323 262 354) (352 324 28 264) (353 266 356 325 114)
 (57 354 268 326 356) (355 357 358 327 270 115) (352 328 14 272)
 (329 274 116 353 360) (360 58 276 354 330) (355 361 362 331 117 278)
 (356 360 332 29 280) (357 361 364 333 118 282) (358 362 364 334 59 284)
 (359 363 365 366 335 119 286) (352 7 336 288) (337 290 368 353 120)
 (60 338 292 368 354) (355 294 369 370 339 121) (356 368 340 30 296)
 (357 298 369 372 341 122) (358 300 370 372 342 61)
 (359 302 371 373 374 343 123) (360 368 344 15 304) (361 369 306 376 345 124)
 (362 370 308 376 346 62) (363 371 310 377 378 347 125)
 (312 364 31 372 376 348) (365 373 377 314 380 349 126)
 (380 366 374 378 316 350 63) (367 382 127 375 379 381 318 351) NIL (384 192)
 (384 128) (193 386 385) (384 64) (194 388 385) (129 386 388) (387 389 195 390)
 (384 32) (196 385 392) (386 392 130) (393 394 387 197) (65 388 392)
 (393 396 389 198) (394 131 396 390) (395 397 199 391 398) (384 16)
 (400 385 200) (386 132 400) (201 401 387 402) (66 388 400) (401 202 404 389)
 (402 404 133 390) (203 405 403 391 406) (33 400 392) (393 401 204 408)
 (394 408 134 402) (409 410 395 205 403) (404 67 396 408) (409 405 412 397 206)
 (410 412 398 135 406) (207 399 407 411 413 414) (384 8) (416 385 208)
 (386 416 136) (209 417 387 418) (68 388 416) (417 210 420 389)
 (137 418 420 390) (211 421 419 391 422) (34 416 392) (393 417 212 424)
 (418 394 424 138) (425 426 395 213 419) (396 69 420 424) (425 421 428 397 214)
 (426 139 428 398 422) (423 427 429 430 399 215) (17 416 400) (401 417 432 216)
 (402 140 432 418) (217 433 403 419 434) (404 420 70 432) (433 218 421 436 405)
 (434 436 141 406 422) (423 435 437 438 407 219) (35 424 432 408)
 (409 425 433 220 440) (434 410 440 142 426) (427 435 441 442 411 221)
 (412 428 436 71 440) (429 437 441 444 413 222) (430 143 438 442 444 414)
 (431 415 439 443 445 446 223) (384 4) (448 385 224) (386 448 144)
 (225 449 387 450) (388 448 72) (449 226 452 389) (145 450 452 390)
 (227 453 451 391 454) (36 448 392) (393 449 228 456) (394 456 450 146)
 (457 458 395 229 451) (73 452 396 456) (457 453 460 397 230)
 (458 147 460 398 454) (231 455 459 461 462 399) (18 448 400) (401 449 464 232)
 (464 402 148 450) (233 465 403 451 466) (452 74 404 464) (465 234 468 405 453)
 (466 468 149 406 454) (455 235 467 469 470 407) (464 456 37 408)
 (409 457 236 465 472) (410 472 466 150 458) (459 237 467 473 474 411)
 (460 468 75 412 472) (461 238 469 473 476 413) (462 470 151 474 476 414)
 (463 239 471 475 477 478 415) (9 448 416) (417 449 480 240) (418 480 450 152)
 (241 481 419 451 482) (452 420 76 480) (481 242 484 421 453)
 (153 482 484 422 454) (483 485 423 455 243 486) (480 456 38 424)
 (425 457 244 488 481) (426 488 458 482 154) (483 489 490 427 245 459)
 (460 484 428 77 488) (485 489 429 492 461 246) (486 490 492 430 462 155)
 (487 491 493 494 463 431 247) (480 19 464 432) (433 465 496 481 248)
 (434 156 482 496 466) (483 467 497 498 435 249) (468 484 436 78 496)
 (485 469 497 500 437 250) (486 498 500 438 157 470)
 (439 487 499 501 502 471 251) (488 472 496 39 440) (489 497 473 504 441 252)
 (490 498 504 442 474 158) (491 499 505 506 443 253 475)
 (444 492 79 500 504 476) (445 493 501 505 508 477 254)
 (494 478 502 506 508 446 159) (447 495 255 503 507 509 510 479) (384 2)
 (512 385 256) (386 512 160) (257 513 387 514) (388 512 80) (513 258 516 389)
 (161 514 516 390) (259 517 515 391 518) (40 512 392) (393 513 260 520)
 (394 520 514 162) (521 522 395 261 515) (81 516 396 520) (521 517 524 397 262)
 (522 163 524 398 518) (263 519 523 525 526 399) (20 512 400) (401 513 528 264)
 (528 402 164 514) (265 529 403 515 530) (516 82 404 528) (529 266 532 405 517)
 (530 532 165 406 518) (519 267 531 533 534 407) (41 528 520 408)
 (409 521 268 529 536) (410 536 530 166 522) (523 269 531 537 538 411)
 (524 532 83 412 536) (525 270 533 537 540 413) (167 526 534 538 540 414)
 (527 271 535 539 541 542 415) (10 512 416) (417 513 544 272) (418 544 514 168)
 (273 545 419 515 546) (516 420 84 544) (545 274 548 421 517)
 (169 546 548 422 518) (547 549 423 519 275 550) (544 42 520 424)
 (425 521 276 552 545) (426 552 522 546 170) (547 553 554 427 277 523)
 (524 548 428 85 552) (549 553 429 556 525 278) (550 554 171 556 430 526)
 (551 555 557 558 527 431 279) (544 528 21 432) (433 529 560 545 280)
 (434 172 546 560 530) (547 531 561 562 435 281) (532 548 436 86 560)
 (549 533 561 564 437 282) (550 173 562 564 438 534)
 (439 551 563 565 566 535 283) (552 43 536 560 440) (553 561 537 568 441 284)
 (538 554 174 562 568 442) (555 563 569 570 443 285 539)
 (444 556 564 87 568 540) (445 557 565 569 572 541 286)
 (558 175 542 566 570 572 446) (447 559 287 567 571 573 574 543) (5 512 448)
 (449 513 576 288) (450 576 514 176) (289 577 451 515 578) (516 576 452 88)
 (577 290 580 453 517) (177 578 580 454 518) (291 581 455 519 579 582)
 (520 576 44 456) (457 521 292 577 584) (458 584 522 578 178)
 (579 293 585 586 459 523) (89 524 580 460 584) (581 294 585 461 588 525)
 (582 586 588 462 526 179) (295 583 587 589 590 527 463) (576 528 22 464)
 (465 529 592 577 296) (466 592 180 578 530) (579 297 531 593 594 467)
 (532 90 580 468 592) (581 298 593 596 469 533) (582 594 596 181 470 534)
 (471 583 299 595 597 598 535) (592 584 536 45 472) (585 300 593 537 600 473)
 (538 586 594 182 600 474) (587 301 595 601 602 475 539)
 (476 588 596 600 91 540) (477 589 302 597 601 604 541)
 (590 542 598 183 602 604 478) (591 479 303 599 603 605 606 543)
 (576 11 544 480) (481 545 608 577 304) (482 608 546 578 184)
 (609 610 483 579 305 547) (548 580 484 92 608) (609 612 581 549 306 485)
 (610 612 486 550 185 582) (611 487 613 551 583 307 614) (608 584 552 46 488)
 (609 616 489 585 553 308) (610 586 616 490 554 186)
 (611 555 617 618 491 309 587) (588 612 616 556 492 93)
 (613 617 557 620 589 310 493) (614 618 620 494 590 187 558)
 (615 619 621 622 559 495 591 311) (608 592 560 23 496)
 (609 561 624 497 312 593) (610 594 624 498 562 188)
 (611 595 625 626 499 563 313) (612 500 624 596 564 94)
 (613 501 565 625 628 597 314) (614 566 626 628 502 189 598)
 (503 567 615 627 629 630 599 315) (504 616 568 47 624 600)
 (601 617 625 569 632 505 316) (570 618 632 626 602 506 190)
 (571 619 627 633 634 507 317 603) (604 620 628 632 508 572 95)
 (573 621 629 509 633 636 605 318) (622 510 574 630 634 636 606 191)
 (623 511 607 631 319 635 637 638 575) (384 1) (640 385 320) (640 388 96)
 (321 641 389 642) (640 48 392) (393 322 641 644) (97 642 396 644)
 (645 323 397 643 646) (640 24 400) (401 641 324 648) (98 404 648 642)
 (649 325 643 405 650) (49 644 648 408) (409 649 652 645 326)
 (650 99 412 652 646) (327 647 651 653 654 413) (640 12 416) (417 641 656 328)
 (100 420 656 642) (329 657 643 421 658) (50 644 656 424) (425 330 657 660 645)
 (658 660 428 101 646) (647 331 429 659 661 662) (25 648 656 432)
 (433 649 657 332 664) (650 436 664 102 658) (651 333 659 437 665 666)
 (51 652 660 664 440) (653 334 665 661 441 668) (668 103 654 662 666 444)
 (445 655 335 663 667 669 670) (6 640 448) (449 641 672 336) (642 452 672 104)
 (337 673 643 453 674) (52 644 672 456) (457 338 673 645 676)
 (105 674 676 460 646) (675 677 678 647 461 339) (26 648 672 464)
 (465 649 340 673 680) (106 468 680 674 650) (675 681 682 651 341 469)
 (680 652 53 676 472) (677 681 684 653 342 473) (678 682 107 684 654 476)
 (679 683 685 686 655 343 477) (656 13 672 480) (481 657 673 688 344)
 (108 484 688 674 658) (675 485 689 690 659 345) (688 676 660 54 488)
 (677 489 689 692 661 346) (678 492 109 690 692 662)
 (679 493 691 693 694 663 347) (688 27 664 680 496) (689 681 497 696 665 348)
 (682 110 690 500 696 666) (683 691 501 697 698 667 349)
 (504 684 692 55 696 668) (685 697 693 505 700 669 350)
 (700 686 111 694 698 508 670) (701 687 351 695 699 509 702 671) (3 640 512)
 (513 641 704 352) (642 516 704 112) (353 705 643 517 706) (56 644 704 520)
 (521 354 708 645 705) (113 706 524 646 708) (355 709 710 647 525 707)
 (28 648 704 528) (529 649 356 705 712) (114 706 532 712 650)
 (707 357 713 714 651 533) (57 652 712 708 536) (709 358 713 716 653 537)
 (710 714 716 654 115 540) (359 711 715 717 718 655 541) (704 656 14 544)
 (545 657 720 705 360) (116 706 548 720 658) (707 549 361 721 722 659)
 (58 660 720 708 552) (709 553 362 721 724 661) (710 556 722 724 117 662)
 (711 363 557 723 725 726 663) (664 29 720 712 560) (721 713 364 561 728 665)
 (714 722 564 118 728 666) (715 365 723 565 729 730 667)
 (568 716 724 728 59 668) (717 366 729 725 569 732 669)
 (732 718 726 119 730 572 670) (733 719 367 727 731 573 734 671)
 (7 672 704 576) (577 673 736 705 368) (674 706 580 736 120)
 (737 738 675 581 707 369) (60 736 676 708 584) (737 740 677 585 370 709)
 (738 740 678 588 121 710) (739 741 679 711 589 371 742) (680 736 30 712 592)
 (737 744 681 593 713 372) (738 744 714 596 682 122)
 (739 745 746 683 373 597 715) (740 744 684 716 600 61)
 (741 745 685 748 717 374 601) (742 746 748 686 718 123 604)
 (743 747 749 750 719 687 375 605) (688 720 736 15 608)
 (609 721 737 752 689 376) (738 612 690 752 722 124)
 (739 613 723 753 754 691 377) (740 616 752 692 62 724)
 (741 617 753 756 693 378 725) (742 620 754 756 694 125 726)
 (695 743 621 755 757 758 727 379) (744 728 31 752 696 624)
 (753 745 625 729 760 697 380) (746 760 754 628 730 698 126)
 (747 755 629 761 762 699 381 731) (732 748 756 760 632 700 63)
 (701 749 761 757 633 764 733 382) (764 750 734 758 762 636 702 127)
 (383 765 751 703 759 763 637 766 735) NIL (768 384) (768 192) (769 385 770)
 (768 128) (386 769 772) (193 772 770) (387 773 774 771) (768 64) (769 388 776)
 (194 770 776) (777 778 389 771) (129 772 776) (777 780 773 390)
 (778 195 780 774) (779 781 391 775 782) (768 32) (769 784 392) (196 770 784)
 (393 785 771 786) (130 772 784) (785 394 788 773) (786 788 197 774)
 (395 789 787 775 790) (65 784 776) (777 785 396 792) (778 792 198 786)
 (793 794 779 397 787) (788 131 780 792) (793 789 796 781 398)
 (794 796 782 199 790) (399 791 795 797 798 783) (768 8) (769 800 416)
 (800 770 208) (417 801 771 802) (772 800 136) (801 418 804 773)
 (209 802 804 774) (419 805 803 775 806) (68 800 776) (777 801 420 808)
 (778 808 802 210) (809 810 779 421 803) (137 780 804 808)
 (809 805 812 781 422) (810 211 812 782 806) (807 423 811 813 814 783)
 (34 800 784) (785 801 816 424) (786 212 816 802) (425 817 787 803 818)
 (138 788 804 816) (817 426 805 789 820) (818 820 213 790 806)
 (807 427 819 821 822 791) (808 69 816 792) (793 809 428 817 824)
 (794 824 214 818 810) (811 429 819 825 826 795) (820 139 796 812 824)
 (813 430 821 825 828 797) (814 822 215 826 828 798)
 (431 815 823 827 829 830 799) (768 4) (769 832 448) (832 770 224)
 (449 833 771 834) (832 772 144) (833 450 836 773) (225 834 836 774)
 (451 837 835 775 838) (832 72 776) (777 833 452 840) (778 840 834 226)
 (841 842 779 453 835) (145 836 780 840) (841 837 844 781 454)
 (842 227 844 782 838) (455 839 843 845 846 783) (832 36 784) (785 833 848 456)
 (786 848 228 834) (457 849 787 835 850) (146 836 788 848)
 (837 458 852 789 849) (850 852 229 790 838) (839 459 851 853 854 791)
 (73 848 840 792) (793 841 460 849 856) (794 856 230 850 842)
 (843 461 851 857 858 795) (844 852 147 796 856) (845 462 853 857 860 797)
 (231 846 854 858 860 798) (847 463 855 859 861 862 799) (9 832 800)
 (801 833 864 480) (802 864 834 240) (481 865 803 835 866) (864 836 804 152)
 (837 482 868 805 865) (241 866 868 806 838) (483 869 807 839 867 870)
 (864 840 76 808) (809 841 484 865 872) (810 872 866 842 242)
 (867 485 873 874 811 843) (153 868 844 812 872) (869 486 873 813 876 845)
 (870 874 876 814 846 243) (487 871 875 877 878 847 815) (864 848 38 816)
 (817 849 880 865 488) (880 818 244 866 850) (867 489 851 881 882 819)
 (868 154 852 820 880) (869 490 881 884 853 821) (870 882 884 245 822 854)
 (823 871 491 883 885 886 855) (872 880 856 77 824) (873 492 881 857 888 825)
 (874 882 246 888 826 858) (875 493 883 889 890 827 859)
 (828 876 884 888 155 860) (829 877 494 885 889 892 861)
 (878 862 886 247 890 892 830) (879 831 495 887 891 893 894 863) (768 2)
 (769 896 512) (896 770 256) (513 897 771 898) (896 772 160) (897 514 900 773)
 (257 898 900 774) (515 901 899 775 902) (896 80 776) (777 897 516 904)
 (898 778 904 258) (905 906 779 517 899) (161 780 900 904)
 (905 901 908 781 518) (906 259 908 782 902) (903 519 907 909 910 783)
 (896 40 784) (785 897 912 520) (786 260 912 898) (521 913 787 899 914)
 (162 788 900 912) (913 522 901 916 789) (914 916 261 790 902)
 (903 523 915 917 918 791) (81 904 912 792) (793 905 913 524 920)
 (914 794 920 262 906) (907 525 915 921 922 795) (163 796 908 916 920)
 (909 526 917 921 924 797) (263 910 918 922 924 798)
 (527 911 919 923 925 926 799) (10 896 800) (801 897 928 544) (898 802 928 272)
 (545 929 803 899 930) (804 900 928 168) (929 546 901 932 805)
 (273 930 932 806 902) (547 933 934 903 931 807) (84 904 928 808)
 (809 905 548 929 936) (906 810 936 930 274) (931 549 937 938 811 907)
 (169 812 908 932 936) (933 550 937 813 940 909) (934 938 940 814 910 275)
 (551 935 939 941 942 815 911) (42 912 928 816) (817 913 929 944 552)
 (818 276 944 930 914) (931 553 915 945 946 819) (170 820 916 932 944)
 (933 554 945 948 917 821) (934 946 948 277 822 918)
 (823 935 555 947 949 950 919) (944 920 85 936 824) (937 556 945 921 952 825)
 (922 938 946 278 952 826) (939 557 947 953 954 827 923)
 (924 171 940 948 952 828) (829 941 558 949 953 956 925)
 (942 926 950 279 954 956 830) (943 559 951 927 955 957 958 831) (5 896 832)
 (833 897 960 576) (898 834 960 288) (577 961 835 899 962) (836 900 960 176)
 (961 578 901 964 837) (289 962 964 838 902) (963 965 839 903 579 966)
 (88 904 960 840) (841 905 580 961 968) (906 842 962 968 290)
 (963 581 969 970 843 907) (177 844 908 964 968) (965 582 969 845 972 909)
 (291 966 970 972 846 910) (583 967 971 973 974 847 911) (44 912 960 848)
 (849 913 976 961 584) (850 962 292 976 914) (963 585 915 977 978 851)
 (178 852 916 964 976) (965 586 977 980 917 853) (293 966 978 980 854 918)
 (855 967 587 979 981 982 919) (89 920 976 968 856) (969 588 977 921 984 857)
 (294 922 970 978 984 858) (971 589 979 985 986 859 923)
 (924 972 179 980 984 860) (861 973 590 981 985 988 925)
 (295 974 926 982 986 988 862) (975 591 983 927 987 989 990 863)
 (11 928 960 864) (865 929 992 961 608) (866 962 992 930 304)
 (609 993 963 994 867 931) (868 992 932 964 184) (993 610 996 933 965 869)
 (994 996 966 305 934 870) (995 997 935 967 611 871 998) (92 992 936 968 872)
 (993 612 1000 873 969 937) (994 1000 874 938 306 970)
 (995 613 939 1001 1002 971 875) (940 972 1000 876 996 185)
 (997 614 1001 973 1004 941 877) (942 998 1002 1004 974 878 307)
 (615 999 1003 1005 1006 975 879 943) (944 992 46 976 880)
 (993 945 616 1008 881 977) (994 978 1008 882 308 946)
 (995 617 883 1009 1010 979 947) (996 1008 884 948 980 186)
 (997 981 618 1009 1012 949 885) (998 1010 1012 309 982 950 886)
 (951 999 619 1011 1013 1014 983 887) (888 1000 984 1008 952 93)
 (1001 620 985 1009 953 1016 889) (1002 1016 954 1010 310 986 890)
 (955 1003 621 1011 1017 1018 987 891) (956 988 1004 1012 1016 187 892)
 (989 1005 622 1013 1017 893 1020 957) (958 1006 894 1014 311 1018 1020 990)
 (895 1007 623 1015 1019 1021 1022 991 959) (768 1) (769 1024 640)
 (1024 770 320) (641 1025 771 1026) (96 1024 776) (777 642 1028 1025)
 (321 778 1028 1026) (1029 779 1027 643 1030) (48 1024 784) (785 1025 644 1032)
 (786 1032 1026 322) (1033 1034 787 645 1027) (97 1032 1028 792)
 (793 1033 1036 1029 646) (794 323 1036 1030 1034)
 (647 1031 1035 1037 1038 795) (12 1024 800) (801 1025 1040 656)
 (802 1040 1026 328) (657 1041 803 1027 1042) (1028 1040 100 808)
 (809 658 1044 1029 1041) (329 810 1044 1030 1042)
 (1031 811 659 1043 1045 1046) (1040 50 1032 816) (817 1033 660 1041 1048)
 (818 1048 1034 1042 330) (1035 1043 819 661 1049 1050)
 (1044 1048 1036 101 824) (1037 1049 1045 662 825 1052)
 (331 1038 1046 1050 826 1052) (663 1039 1054 1047 827 1053 1051) (6 1024 832)
 (833 1025 1056 672) (834 1056 1026 336) (673 1057 835 1027 1058)
 (1028 1056 104 840) (841 674 1060 1029 1057) (337 842 1060 1030 1058)
 (1059 1061 1062 1031 843 675) (1032 1056 52 848) (849 1033 676 1064 1057)
 (850 1064 1034 1058 338) (1059 677 1065 1066 1035 851)
 (105 1060 1036 1064 856) (1061 678 1065 1068 1037 857)
 (1062 1066 1068 1038 339 858) (679 1063 1067 1069 1070 1039 859)
 (1056 1040 13 864) (865 1041 1072 1057 688) (866 1072 1042 1058 344)
 (1073 867 1059 689 1074 1043) (1044 1060 108 1072 872)
 (1061 873 1073 690 1076 1045) (1062 874 1074 1076 1046 345)
 (1063 875 691 1075 1077 1078 1047) (1064 1048 1072 54 880)
 (1073 1065 881 692 1080 1049) (1074 1066 346 882 1080 1050)
 (1067 883 1075 693 1081 1082 1051) (888 1068 109 1076 1080 1052)
 (1069 1081 1077 694 889 1084 1053) (1070 1078 890 1082 347 1084 1054)
 (695 1071 1086 1079 891 1085 1083 1055) (3 1024 896) (897 1025 1088 704)
 (898 1088 1026 352) (705 1089 899 1027 1090) (1028 1088 112 904)
 (905 706 1089 1092 1029) (353 906 1092 1030 1090)
 (1091 1093 1094 1031 907 707) (1032 1088 56 912) (913 1033 1089 708 1096)
 (914 1096 1034 1090 354) (1091 709 1097 1098 1035 915)
 (113 1092 1036 1096 920) (1093 710 1097 1100 1037 921)
 (355 1094 1098 1100 1038 922) (711 1095 1099 1101 1102 1039 923)
 (1088 1040 14 928) (929 1041 1089 1104 720) (930 1104 1042 1090 360)
 (1105 931 1091 721 1106 1043) (1044 1092 116 1104 936)
 (1093 937 1105 722 1108 1045) (1094 361 938 1106 1108 1046)
 (1095 939 1107 723 1109 1110 1047) (58 1096 1048 1104 944)
 (1105 1097 945 724 1112 1049) (946 1098 362 1106 1112 1050)
 (1099 1107 947 725 1113 1114 1051) (1100 952 1108 117 1112 1052)
 (1101 1113 1109 726 953 1116 1053) (363 1102 1110 954 1114 1116 1054)
 (1111 1103 1118 727 955 1117 1115 1055) (1088 7 1056 960)
 (961 1057 1089 1120 736) (962 1120 1058 1090 368)
 (737 1121 963 1059 1122 1091) (1060 1092 120 1120 968)
 (1121 738 1124 1093 969 1061) (1122 1124 1062 970 369 1094)
 (1123 1125 1063 1095 971 739 1126) (1064 1096 60 1120 976)
 (1121 740 1128 1065 977 1097) (1122 1128 1066 978 1098 370)
 (1123 741 1129 1130 1067 979 1099) (1124 1128 1100 1068 984 121)
 (1125 742 1129 1069 1132 1101 985) (1126 1130 1132 1070 1102 371 986)
 (743 1127 1131 1133 1134 1103 1071 987) (1104 1072 1120 15 992)
 (993 1105 1121 1136 1073 752) (994 1106 1122 1136 1074 376)
 (1137 995 1075 1123 753 1138 1107) (1108 1124 1000 1136 1076 124)
 (1125 1001 1137 754 1140 1109 1077) (1126 1002 1138 1140 1078 377 1110)
 (1079 1127 1003 755 1139 1141 1142 1111) (1128 1080 1136 1112 1008 62)
 (1137 1129 1009 1113 756 1144 1081) (1138 1130 1144 378 1010 1114 1082)
 (1131 1011 1139 757 1145 1146 1083 1115) (1084 1144 1132 1140 1016 1116 125)
 (1085 1133 1145 1141 758 1017 1148 1117)
 (1134 1118 1142 1146 1018 379 1148 1086)
 (759 1135 1150 1087 1143 1019 1149 1147 1119))