(NIL NIL (1 2) NIL (2 4) (1 4) (5 3 6) NIL (4 8) (2 8) (9 5 10) (1 8) (9 6 12)
 (3 10 12) (11 13 7 14) NIL (8 16) (4 16) (17 9 18) (2 16) (17 10 20) (5 18 20)
 (19 21 11 22) (1 16) (17 12 24) (18 24 6) (25 26 19 13) (3 20 24)
 (25 28 21 14) (26 7 28 22) (27 29 15 23 30) NIL (16 32) (8 32) (33 17 34)
 (4 32) (33 18 36) (9 34 36) (35 37 19 38) (2 32) (33 20 40) (34 40 10)
 (41 42 35 21) (5 36 40) (41 44 37 22) (42 11 44 38) (43 45 23 39 46) NIL
 (32 48) (16 48) (49 33 50) (8 48) (49 34 52) (17 50 52) (51 53 35 54) (4 48)
 (49 36 56) (50 56 18) (57 58 51 37) (9 52 56) (57 60 53 38) (58 19 60 54)
 (59 61 39 55 62) (2 48) (49 64 40) (50 20 64) (41 65 51 66) (10 52 64)
 (65 42 68 53) (66 68 21 54) (43 69 67 55 70) (5 64 56) (57 65 44 72)
 (58 72 22 66) (73 74 59 45 67) (68 11 60 72) (73 69 76 61 46) (74 76 62 23 70)
 (47 63 71 75 77 78) (1 48) (50 80 24) (12 52 80) (25 81 54 82) (6 80 56)
 (81 58 84 26) (84 82 60 13) (85 27 83 62 86) (3 80 64) (81 66 28 88)
 (82 68 14 88) (89 90 83 29 70) (88 7 84 72) (89 74 92 85 30) (92 90 76 86 15)
 (31 94 87 91 93 78) NIL (48 96) (32 96) (97 49 98) (16 96) (97 50 100)
 (33 98 100) (99 101 51 102) (8 96) (97 52 104) (98 104 34) (105 106 99 53)
 (17 100 104) (105 108 101 54) (106 35 108 102) (107 109 55 103 110) (4 96)
 (97 112 56) (98 36 112) (57 113 99 114) (18 100 112) (113 58 116 101)
 (114 116 37 102) (59 117 115 103 118) (9 112 104) (105 113 60 120)
 (106 120 38 114) (121 122 107 61 115) (116 19 108 120) (121 117 124 109 62)
 (122 124 110 39 118) (63 111 119 123 125 126) (2 96) (97 128 64) (98 128 40)
 (65 129 99 130) (20 100 128) (129 66 132 101) (41 130 132 102)
 (67 133 131 103 134) (10 128 104) (105 129 68 136) (106 136 130 42)
 (137 138 107 69 131) (132 108 21 136) (137 133 140 109 70)
 (138 43 140 110 134) (135 139 141 142 111 71) (5 128 112) (113 129 144 72)
 (114 44 144 130) (73 145 115 131 146) (132 116 22 144) (145 74 148 117 133)
 (146 148 45 118 134) (135 147 149 150 119 75) (144 11 136 120)
 (121 137 76 152 145) (122 146 152 46 138) (139 147 153 154 123 77)
 (140 124 152 23 148) (141 149 153 156 125 78) (142 47 150 154 156 126)
 (143 127 151 155 157 158 79) (1 96) (97 160 80) (160 100 24) (81 161 101 162)
 (160 12 104) (105 82 164 161) (25 162 108 164) (165 83 109 163 166)
 (6 160 112) (113 161 84 168) (26 116 168 162) (169 85 163 117 170)
 (168 164 13 120) (121 169 172 165 86) (170 27 124 166 172)
 (167 171 173 174 87 125) (3 160 128) (129 161 176 88) (28 162 132 176)
 (89 177 163 133 178) (176 164 14 136) (137 90 180 165 177)
 (178 140 29 166 180) (167 141 179 181 182 91) (176 7 168 144)
 (145 169 92 184 177) (170 148 184 30 178) (171 179 149 185 186 93)
 (180 172 184 15 152) (173 185 181 153 188 94) (188 174 31 182 186 156)
 (157 175 183 187 189 190 95) NIL (192 96) (192 48) (193 97 194) (192 32)
 (193 98 196) (49 194 196) (195 197 99 198) (192 16) (193 100 200) (194 200 50)
 (201 202 195 101) (33 196 200) (201 204 197 102) (202 51 204 198)
 (203 205 103 199 206) (192 8) (193 208 104) (194 52 208) (105 209 195 210)
 (34 196 208) (209 106 212 197) (210 212 53 198) (107 213 211 199 214)
 (17 208 200) (201 209 108 216) (202 216 54 210) (217 218 203 109 211)
 (35 204 212 216) (217 213 220 205 110) (218 220 206 55 214)
 (111 207 215 219 221 222) (192 4) (193 224 112) (194 224 56) (113 225 195 226)
 (36 196 224) (225 114 228 197) (57 226 228 198) (115 229 227 199 230)
 (18 224 200) (201 225 116 232) (202 232 226 58) (233 234 203 117 227)
 (228 204 37 232) (233 229 236 205 118) (234 59 236 206 230)
 (231 235 237 238 207 119) (9 224 208) (209 225 240 120) (210 60 240 226)
 (121 241 211 227 242) (228 212 38 240) (241 122 244 213 229)
 (242 244 61 214 230) (231 243 245 246 215 123) (240 19 232 216)
 (217 233 124 248 241) (218 242 248 62 234) (235 243 249 250 219 125)
 (236 220 248 39 244) (237 245 249 252 221 126) (238 63 246 250 252 222)
 (239 223 247 251 253 254 127) (192 2) (193 256 128) (194 256 64)
 (129 257 195 258) (256 196 40) (257 130 260 197) (65 258 260 198)
 (131 261 259 199 262) (256 20 200) (201 257 132 264) (202 264 258 66)
 (265 266 203 133 259) (41 260 204 264) (265 261 268 205 134)
 (266 67 268 206 262) (135 263 267 269 270 207) (10 256 208) (209 257 272 136)
 (210 272 68 258) (137 273 211 259 274) (42 260 212 272) (261 138 276 213 273)
 (274 276 69 214 262) (263 139 275 277 278 215) (272 264 21 216)
 (217 265 140 273 280) (218 280 70 274 266) (267 141 275 281 282 219)
 (268 276 43 220 280) (269 142 277 281 284 221) (270 278 71 282 284 222)
 (271 143 279 283 285 286 223) (5 256 224) (225 257 288 144) (226 288 258 72)
 (145 289 227 259 290) (44 260 228 288) (261 146 292 229 289)
 (73 290 292 230 262) (291 293 231 263 147 294) (288 264 22 232)
 (233 265 148 289 296) (234 296 290 266 74) (291 297 298 235 149 267)
 (292 268 236 45 296) (293 297 237 300 269 150) (294 298 300 238 270 75)
 (295 299 301 302 271 239 151) (288 11 272 240) (241 273 304 289 152)
 (304 242 76 290 274) (291 275 305 306 243 153) (292 276 244 46 304)
 (293 245 305 308 277 154) (294 306 308 246 77 278)
 (247 295 307 309 310 279 155) (296 304 280 23 248) (297 305 281 312 249 156)
 (282 298 306 312 250 78) (299 307 313 314 251 157 283)
 (252 300 47 308 312 284) (253 301 309 313 316 285 158)
 (302 286 310 314 316 254 79) (303 255 159 311 315 317 318 287) (192 1)
 (193 320 160) (194 320 80) (161 321 195 322) (320 24 200) (201 162 321 324)
 (81 202 324 322) (325 203 323 163 326) (320 12 208) (209 321 164 328)
 (210 328 322 82) (329 330 211 165 323) (25 328 324 216) (217 329 332 325 166)
 (218 83 332 326 330) (167 327 331 333 334 219) (6 320 224) (225 321 336 168)
 (226 336 84 322) (169 337 227 323 338) (26 336 324 232) (233 170 337 340 325)
 (234 340 85 326 338) (327 235 339 341 342 171) (336 328 13 240)
 (241 329 337 172 344) (242 344 86 338 330) (331 173 339 243 345 346)
 (27 332 340 344 248) (333 174 345 341 249 348) (334 342 87 250 346 348)
 (335 350 175 343 251 349 347) (3 320 256) (257 321 352 176) (258 352 322 88)
 (177 353 259 323 354) (324 28 352 264) (265 178 356 325 353)
 (89 266 356 326 354) (355 357 358 327 267 179) (352 328 14 272)
 (273 329 180 360 353) (274 360 354 330 90) (355 361 362 331 275 181)
 (356 332 29 360 280) (357 361 364 333 182 281) (358 362 364 334 282 91)
 (359 363 365 366 335 183 283) (7 336 352 288) (289 337 368 353 184)
 (290 92 354 368 338) (291 355 369 370 339 185) (356 340 30 368 296)
 (357 297 369 372 341 186) (358 298 370 372 342 93)
 (359 299 371 373 374 343 187) (360 344 368 15 304) (369 361 305 376 345 188)
 (370 362 306 376 346 94) (363 307 371 377 378 347 189)
 (364 31 372 376 312 348) (365 377 373 313 380 349 190)
 (366 374 378 314 380 350 95) (367 382 191 375 379 381 315 351) NIL (384 192)
 (384 96) (193 386 385) (384 48) (194 388 385) (97 386 388) (387 389 195 390)
 (384 32) (196 385 392) (386 392 98) (393 394 387 197) (49 388 392)
 (393 396 389 198) (394 99 396 390) (395 397 199 391 398) (384 16)
 (400 385 200) (386 100 400) (201 401 387 402) (50 388 400) (401 202 404 389)
 (402 404 101 390) (203 405 403 391 406) (33 400 392) (393 401 204 408)
 (394 408 102 402) (409 410 395 205 403) (404 51 396 408) (409 405 412 397 206)
 (410 412 398 103 406) (207 399 407 411 413 414) (384 8) (416 385 208)
 (386 416 104) (209 417 387 418) (388 52 416) (417 210 420 389)
 (105 418 420 390) (211 421 419 391 422) (34 416 392) (393 417 212 424)
 (394 424 418 106) (425 426 395 213 419) (396 53 420 424) (425 421 428 397 214)
 (426 107 428 398 422) (423 427 429 430 399 215) (17 416 400) (401 417 432 216)
 (402 108 432 418) (217 433 403 419 434) (420 404 54 432) (433 218 421 405 436)
 (434 436 109 406 422) (423 435 437 438 407 219) (35 424 432 408)
 (409 425 220 433 440) (410 440 110 434 426) (427 435 441 442 411 221)
 (436 412 428 55 440) (429 437 441 444 413 222) (430 111 438 442 444 414)
 (431 415 439 443 445 446 223) (384 4) (448 385 224) (386 448 112)
 (225 449 387 450) (448 388 56) (449 226 452 389) (113 450 452 390)
 (227 453 451 391 454) (448 36 392) (393 449 228 456) (394 456 450 114)
 (457 458 395 229 451) (57 452 396 456) (457 453 460 397 230)
 (458 115 460 398 454) (231 455 459 461 462 399) (18 448 400) (401 449 464 232)
 (402 464 116 450) (233 465 403 451 466) (58 452 404 464) (453 234 468 405 465)
 (466 468 117 406 454) (455 235 467 469 470 407) (464 456 37 408)
 (409 457 236 465 472) (410 472 118 466 458) (459 237 467 473 474 411)
 (460 468 59 412 472) (461 238 469 473 476 413) (462 470 119 474 476 414)
 (463 239 471 475 477 478 415) (9 448 416) (417 449 480 240) (418 480 450 120)
 (241 481 419 451 482) (60 452 420 480) (453 242 484 421 481)
 (121 482 484 422 454) (483 485 423 455 243 486) (480 456 38 424)
 (425 457 244 481 488) (426 488 482 458 122) (483 489 490 427 245 459)
 (484 460 428 61 488) (485 489 429 492 461 246) (486 490 492 430 462 123)
 (487 491 493 494 463 431 247) (480 19 464 432) (433 465 496 481 248)
 (496 434 124 482 466) (483 467 497 498 435 249) (484 468 436 62 496)
 (437 485 497 500 469 250) (486 498 500 438 125 470)
 (439 487 499 501 502 471 251) (488 496 472 39 440) (489 497 473 504 441 252)
 (490 498 504 442 126 474) (491 499 505 506 443 253 475)
 (444 492 63 500 504 476) (445 493 501 505 508 477 254)
 (494 478 502 506 508 446 127) (495 447 255 503 507 509 510 479) (384 2)
 (512 385 256) (386 512 128) (257 513 387 514) (512 388 64) (513 258 516 389)
 (129 514 516 390) (259 517 515 391 518) (512 40 392) (393 513 260 520)
 (514 394 520 130) (521 522 395 261 515) (65 396 516 520) (521 517 524 397 262)
 (522 131 524 398 518) (519 263 523 525 526 399) (512 20 400) (401 513 528 264)
 (402 132 528 514) (265 529 403 515 530) (66 404 516 528) (529 266 517 532 405)
 (530 532 133 406 518) (519 267 531 533 534 407) (41 520 528 408)
 (409 521 529 268 536) (530 410 536 134 522) (523 269 531 537 538 411)
 (67 412 524 532 536) (525 270 533 537 540 413) (135 526 534 538 540 414)
 (271 527 535 539 541 542 415) (10 512 416) (417 513 544 272) (514 418 544 136)
 (273 545 419 515 546) (68 420 516 544) (545 274 517 548 421)
 (137 546 548 422 518) (547 549 550 519 275 423) (42 520 544 424)
 (425 521 276 545 552) (522 426 552 546 138) (547 553 554 427 277 523)
 (548 428 69 524 552) (549 553 429 556 525 278) (550 554 139 556 430 526)
 (551 555 557 558 431 527 279) (528 21 544 432) (433 529 545 560 280)
 (434 140 560 546 530) (547 531 561 562 435 281) (548 436 532 70 560)
 (437 549 561 564 533 282) (550 141 562 564 438 534)
 (439 551 563 565 566 535 283) (560 43 536 552 440) (553 561 537 568 441 284)
 (538 554 142 562 568 442) (555 563 569 570 443 285 539)
 (540 556 564 71 568 444) (445 557 565 569 572 541 286)
 (558 143 542 566 570 572 446) (559 447 567 543 571 573 574 287) (5 512 448)
 (449 513 576 288) (514 450 576 144) (289 577 451 515 578) (452 516 576 72)
 (577 290 517 580 453) (145 578 580 454 518) (579 581 455 519 291 582)
 (44 520 576 456) (457 521 292 577 584) (522 458 578 584 146)
 (579 293 585 586 459 523) (73 460 524 580 584) (581 294 585 461 588 525)
 (582 586 588 462 526 147) (295 583 587 589 590 463 527) (576 528 22 464)
 (465 529 592 577 296) (466 578 148 592 530) (579 297 531 593 594 467)
 (74 468 532 580 592) (581 298 593 596 533 469) (582 594 596 149 470 534)
 (471 583 299 595 597 598 535) (536 45 592 584 472) (585 300 593 537 600 473)
 (538 586 594 150 600 474) (587 301 595 601 602 475 539)
 (540 588 596 600 75 476) (477 589 302 597 601 604 541)
 (590 542 598 151 602 604 478) (591 303 599 543 603 605 606 479)
 (11 544 576 480) (481 545 608 577 304) (482 578 608 546 152)
 (609 610 579 483 305 547) (76 484 548 580 608) (609 612 549 306 581 485)
 (610 612 582 550 153 486) (611 613 551 583 307 487 614) (552 608 46 584 488)
 (609 616 489 585 553 308) (610 616 490 554 586 154)
 (611 555 617 618 587 309 491) (556 588 616 492 612 77)
 (613 617 589 620 557 310 493) (558 614 618 620 590 494 155)
 (615 619 621 622 591 495 311 559) (560 592 608 23 496)
 (609 561 624 497 312 593) (610 594 624 498 562 156)
 (611 499 625 626 595 563 313) (612 500 624 564 596 78)
 (613 597 501 625 628 565 314) (614 626 628 598 566 157 502)
 (503 567 615 627 629 630 599 315) (504 616 600 47 624 568)
 (617 601 625 569 632 505 316) (618 632 570 626 602 506 158)
 (571 619 627 633 634 603 317 507) (572 604 620 628 632 508 79)
 (605 621 629 633 509 636 573 318) (574 622 510 630 634 636 606 159)
 (511 623 319 631 635 637 638 607 575) NIL (640 384) (640 192) (641 385 642)
 (640 96) (386 641 644) (193 644 642) (387 645 646 643) (640 48) (641 388 648)
 (194 642 648) (649 650 389 643) (97 644 648) (649 652 645 390)
 (650 195 652 646) (651 653 391 647 654) (640 32) (641 656 392) (196 642 656)
 (393 657 643 658) (98 644 656) (657 394 660 645) (658 660 197 646)
 (395 661 659 647 662) (49 656 648) (649 657 396 664) (650 664 198 658)
 (665 666 651 397 659) (660 99 652 664) (665 661 668 653 398)
 (666 668 654 199 662) (399 663 667 669 670 655) (640 16) (641 672 400)
 (672 642 200) (401 673 643 674) (100 644 672) (673 402 676 645)
 (201 674 676 646) (403 677 675 647 678) (50 672 648) (649 673 404 680)
 (650 680 674 202) (681 682 651 405 675) (676 652 101 680)
 (681 677 684 653 406) (682 203 684 654 678) (679 683 685 686 407 655)
 (33 672 656) (657 673 688 408) (688 658 204 674) (409 689 659 675 690)
 (676 660 102 688) (689 410 692 661 677) (690 692 205 662 678)
 (679 691 693 694 663 411) (688 51 680 664) (665 681 412 689 696)
 (666 696 690 206 682) (683 691 697 698 667 413) (684 692 668 103 696)
 (685 693 697 700 669 414) (686 207 694 698 700 670)
 (687 671 695 699 701 702 415) (640 8) (641 704 416) (704 642 208)
 (417 705 643 706) (644 704 104) (705 418 708 645) (209 706 708 646)
 (419 709 707 647 710) (52 704 648) (649 705 420 712) (650 706 712 210)
 (713 714 651 421 707) (105 652 708 712) (713 709 716 653 422)
 (714 211 716 654 710) (423 711 715 717 718 655) (34 704 656) (657 705 720 424)
 (658 212 720 706) (425 721 659 707 722) (106 660 708 720)
 (721 426 724 661 709) (722 724 213 662 710) (711 427 723 725 726 663)
 (712 53 720 664) (665 713 428 721 728) (666 722 728 214 714)
 (715 429 723 729 730 667) (107 668 728 716 724) (717 430 725 729 732 669)
 (718 726 215 730 732 670) (719 431 727 731 733 734 671) (17 704 672)
 (673 705 736 432) (674 706 736 216) (433 737 675 707 738) (676 108 708 736)
 (737 434 740 677 709) (217 738 740 678 710) (739 741 679 711 435 742)
 (712 54 736 680) (681 713 436 737 744) (682 714 738 744 218)
 (739 745 746 683 437 715) (684 109 744 716 740) (741 745 685 748 717 438)
 (742 746 748 686 718 219) (743 747 749 750 719 687 439) (35 720 736 688)
 (689 721 752 737 440) (738 690 220 752 722) (739 723 753 754 691 441)
 (692 752 110 724 740) (741 753 756 693 725 442) (742 754 756 694 221 726)
 (695 743 755 757 758 727 443) (728 744 752 55 696) (745 753 729 760 697 444)
 (746 754 760 698 730 222) (747 755 761 762 699 445 731)
 (732 748 111 756 760 700) (701 749 757 761 764 733 446)
 (750 734 758 762 764 702 223) (703 751 447 759 763 765 766 735) (640 4)
 (641 768 448) (768 642 224) (449 769 643 770) (768 644 112) (769 450 772 645)
 (225 770 772 646) (451 773 771 647 774) (768 56 648) (649 769 452 776)
 (770 650 776 226) (777 778 651 453 771) (113 652 772 776)
 (777 773 780 653 454) (778 227 780 654 774) (775 455 779 781 782 655)
 (768 36 656) (657 769 784 456) (658 228 784 770) (457 785 659 771 786)
 (114 660 772 784) (785 458 773 788 661) (786 788 229 662 774)
 (775 459 787 789 790 663) (57 776 784 664) (665 777 785 460 792)
 (786 666 792 230 778) (779 461 787 793 794 667) (115 668 780 788 792)
 (781 462 789 793 796 669) (231 782 790 794 796 670)
 (463 783 791 795 797 798 671) (18 768 672) (673 769 800 464) (770 674 800 232)
 (465 801 675 771 802) (116 676 772 800) (801 466 773 804 677)
 (233 802 804 678 774) (803 805 806 775 467 679) (58 776 800 680)
 (681 777 468 801 808) (778 682 808 802 234) (803 809 810 683 469 779)
 (804 684 117 780 808) (805 809 685 812 781 470) (806 810 235 812 686 782)
 (807 811 813 814 687 783 471) (784 37 800 688) (689 785 801 816 472)
 (690 236 816 802 786) (803 787 817 818 691 473) (804 692 788 118 816)
 (693 805 817 820 789 474) (806 237 818 820 694 790)
 (695 807 819 821 822 791 475) (816 59 792 808 696) (809 817 793 824 697 476)
 (794 810 238 818 824 698) (811 819 825 826 699 477 795)
 (796 812 820 119 824 700) (701 813 821 825 828 797 478)
 (814 239 798 822 826 828 702) (815 799 703 823 827 829 830 479) (9 768 704)
 (705 769 832 480) (770 706 832 240) (481 833 707 771 834) (708 772 832 120)
 (833 482 773 836 709) (241 834 836 710 774) (835 837 711 775 483 838)
 (60 776 832 712) (713 777 484 833 840) (778 714 834 840 242)
 (835 485 841 842 715 779) (121 716 780 836 840) (837 486 841 717 844 781)
 (838 842 844 718 782 243) (487 839 843 845 846 719 783) (832 784 38 720)
 (721 785 848 833 488) (722 834 244 848 786) (835 489 787 849 850 723)
 (122 724 788 836 848) (837 490 849 852 789 725) (838 850 852 245 726 790)
 (727 839 491 851 853 854 791) (792 61 848 840 728) (841 492 849 793 856 729)
 (794 842 850 246 856 730) (843 493 851 857 858 731 795)
 (796 844 852 856 123 732) (733 845 494 853 857 860 797)
 (846 798 854 247 858 860 734) (847 799 495 855 859 861 862 735)
 (19 800 832 736) (737 801 864 833 496) (738 834 864 802 248)
 (865 866 835 739 803 497) (124 740 804 836 864) (865 868 805 837 498 741)
 (866 868 838 806 249 742) (743 867 869 807 839 499 870) (808 864 62 840 744)
 (865 841 872 745 809 500) (866 810 872 746 842 250)
 (867 873 874 843 501 747 811) (812 872 748 868 125 844)
 (869 873 845 876 813 749 502) (870 874 876 846 750 814 251)
 (871 875 877 878 847 751 503 815) (816 848 864 39 752)
 (865 817 880 753 849 504) (866 850 880 754 818 252)
 (867 755 819 881 882 851 505) (868 756 852 880 820 126)
 (869 757 853 881 884 821 506) (870 822 882 884 854 253 758)
 (759 823 871 883 885 886 855 507) (872 856 63 880 824 760)
 (857 873 881 825 888 761 508) (826 874 888 882 858 762 254)
 (875 883 889 890 859 509 763 827) (828 888 876 884 860 764 127)
 (861 877 885 765 889 892 829 510) (878 766 886 890 830 892 862 255)
 (879 767 511 887 831 891 893 894 863) (640 2) (641 896 512) (896 642 256)
 (513 897 643 898) (644 896 128) (897 514 900 645) (257 898 900 646)
 (515 901 899 647 902) (64 896 648) (649 897 516 904) (650 904 898 258)
 (905 906 651 517 899) (129 900 652 904) (905 901 908 653 518)
 (906 259 908 654 902) (519 903 907 909 910 655) (40 896 656) (657 897 912 520)
 (912 658 260 898) (521 913 659 899 914) (900 130 660 912)
 (913 522 916 661 901) (914 916 261 662 902) (903 523 915 917 918 663)
 (65 912 904 664) (665 905 524 913 920) (666 920 914 262 906)
 (907 525 915 921 922 667) (908 916 131 668 920) (909 526 917 921 924 669)
 (263 910 918 922 924 670) (911 527 919 923 925 926 671) (20 896 672)
 (673 897 928 528) (674 928 898 264) (529 929 675 899 930) (900 132 676 928)
 (929 530 932 677 901) (265 930 932 678 902) (931 933 679 903 531 934)
 (928 66 904 680) (681 905 532 936 929) (682 936 906 930 266)
 (931 937 938 683 533 907) (908 932 684 133 936) (933 937 685 940 909 534)
 (934 938 267 940 686 910) (935 939 941 942 911 687 535) (41 928 912 688)
 (689 913 944 929 536) (690 268 930 944 914) (931 915 945 946 691 537)
 (916 932 692 134 944) (933 945 948 693 917 538) (934 269 946 948 694 918)
 (695 935 947 949 950 919 539) (936 67 920 944 696) (937 945 921 952 697 540)
 (938 922 270 946 952 698) (939 947 953 954 699 541 923)
 (700 135 940 948 952 924) (701 941 949 953 956 925 542)
 (942 271 926 950 954 956 702) (703 943 543 951 955 957 958 927) (10 896 704)
 (705 897 960 544) (706 960 898 272) (545 961 707 899 962) (900 960 708 136)
 (961 546 964 709 901) (273 962 964 710 902) (547 965 711 903 963 966)
 (904 960 68 712) (713 905 548 961 968) (714 968 906 962 274)
 (963 549 969 970 715 907) (137 908 964 716 968) (965 550 969 717 972 909)
 (966 970 972 718 910 275) (551 967 971 973 974 911 719) (42 912 960 720)
 (721 913 976 961 552) (722 976 276 962 914) (963 553 915 977 978 723)
 (916 138 964 724 976) (965 554 977 980 725 917) (966 978 980 277 726 918)
 (727 967 555 979 981 982 919) (976 968 920 69 728) (969 556 977 921 984 729)
 (970 922 978 278 984 730) (971 557 979 985 986 731 923)
 (732 139 972 980 984 924) (733 973 558 981 985 988 925)
 (974 926 982 279 986 988 734) (975 735 559 983 987 989 990 927)
 (960 928 21 736) (737 929 992 961 560) (738 992 930 962 280)
 (993 994 739 963 561 931) (140 964 740 932 992) (993 996 965 562 933 741)
 (994 996 742 934 281 966) (743 995 997 935 967 563 998) (992 968 936 70 744)
 (993 1000 745 969 937 564) (994 1000 746 970 938 282)
 (995 1001 1002 747 939 565 971) (996 1000 972 940 141 748)
 (997 1001 941 1004 973 749 566) (942 998 1002 1004 750 974 283)
 (999 1003 1005 1006 943 751 975 567) (976 992 43 944 752)
 (993 945 977 1008 753 568) (994 978 1008 754 284 946)
 (995 979 1009 1010 755 569 947) (996 756 142 1008 948 980)
 (997 757 1009 1012 981 949 570) (998 950 1010 1012 758 285 982)
 (759 951 999 1011 1013 1014 983 571) (1000 952 1008 71 984 760)
 (1001 1009 953 985 1016 761 572) (1002 1016 954 1010 986 762 286)
 (1003 955 1011 1017 1018 763 573 987) (1016 988 1004 143 1012 764 956)
 (957 1005 1013 765 1017 1020 989 574) (958 1006 766 1014 1018 1020 990 287)
 (1007 767 991 1015 1019 1021 1022 959 575) (5 896 768) (769 897 1024 576)
 (770 1024 898 288) (577 1025 771 899 1026) (900 1024 772 144)
 (1025 578 1028 773 901) (289 1026 1028 774 902) (579 1029 1030 903 1027 775)
 (904 1024 72 776) (777 905 1025 580 1032) (1026 778 1032 906 290)
 (1027 581 1033 1034 779 907) (145 908 780 1028 1032)
 (1029 582 1033 781 1036 909) (291 1030 1034 1036 782 910)
 (1031 583 1035 1037 1038 911 783) (912 1024 44 784) (785 913 1025 1040 584)
 (1026 786 292 1040 914) (1027 585 915 1041 1042 787) (916 146 788 1028 1040)
 (1029 586 1041 1044 789 917) (293 1030 1042 1044 790 918)
 (791 1031 587 1043 1045 1046 919) (73 920 1032 1040 792)
 (1033 588 1041 921 1048 793) (294 1034 922 1042 1048 794)
 (1035 589 1043 1049 1050 795 923) (796 1036 147 1044 1048 924)
 (797 1037 590 1045 1049 1052 925) (295 1038 926 1046 1050 1052 798)
 (1039 591 799 1047 1051 1053 1054 927) (1024 928 22 800)
 (801 929 1025 1056 592) (1026 802 1056 930 296) (1057 1058 803 931 593 1027)
 (148 804 1028 932 1056) (1057 1060 1029 594 933 805)
 (1058 1060 1030 297 934 806) (1059 1061 807 935 595 1031 1062)
 (74 936 1032 1056 808) (1057 1064 809 937 1033 596)
 (1058 298 1064 1034 938 810) (1059 1065 1066 811 1035 597 939)
 (1060 1064 940 1036 149 812) (1061 1065 1037 1068 941 598 813)
 (1062 1066 299 1068 1038 814 942) (1063 1067 1069 1070 943 815 599 1039)
 (1056 944 45 1040 816) (1057 945 1041 1072 817 600)
 (1058 818 300 1072 1042 946) (1059 947 1073 1074 819 601 1043)
 (1060 820 1072 948 150 1044) (1061 821 1073 1076 1045 949 602)
 (1062 950 301 1074 1076 1046 822) (823 1063 1047 1075 1077 1078 951 603)
 (824 1064 1048 1072 952 75) (1065 1073 953 1049 1080 825 604)
 (954 1066 1080 302 1074 826 1050) (1067 1051 1075 1081 1082 827 605 955)
 (828 1068 1052 1076 151 1080 956) (1084 1053 1069 1077 1081 829 957 606)
 (958 1070 303 830 1078 1082 1084 1054)
 (1055 1071 607 1079 831 1083 1085 1086 959) (1024 11 960 832)
 (833 961 1025 1088 608) (1026 834 1088 962 304) (609 1089 835 1090 963 1027)
 (964 836 1028 1088 152) (1089 610 1092 965 837 1029)
 (1090 1092 1030 305 966 838) (1091 1093 839 967 611 1031 1094)
 (968 76 1032 1088 840) (1089 612 1096 841 969 1033)
 (1090 1096 1034 970 306 842) (1091 613 1097 1098 843 1035 971)
 (844 1096 972 1036 1092 153) (1093 614 1097 1037 1100 973 845)
 (1094 974 1098 1100 1038 846 307) (615 1095 1099 1101 1102 975 847 1039)
 (1088 976 1040 46 848) (1089 977 1041 616 1104 849)
 (1090 850 1104 1042 308 978) (1091 617 979 1105 1106 851 1043)
 (1092 852 1104 980 154 1044) (1093 618 853 1105 1108 981 1045)
 (1094 1106 1108 309 1046 982 854) (855 1095 619 1047 1107 1109 1110 983)
 (856 1096 1048 1104 984 77) (1097 620 1105 985 1049 1112 857)
 (1098 1112 986 1106 310 858 1050) (1099 621 1051 1107 1113 1114 859 987)
 (860 1100 1052 1108 1112 155 988) (1053 1101 861 622 1109 1113 1116 989)
 (990 1102 862 1110 311 1114 1116 1054)
 (1055 1103 623 1111 863 1115 1117 1118 991) (992 1056 1088 23 864)
 (865 993 1057 1089 624 1120) (866 1058 1090 312 994 1120)
 (1121 1122 1091 867 625 995 1059) (996 868 156 1060 1092 1120)
 (1121 1124 1061 626 869 1093 997) (1122 1124 1062 870 998 313 1094)
 (1123 1125 999 1095 871 627 1063 1126) (872 1064 1000 1096 78 1120)
 (1121 1065 1128 873 1001 628 1097) (1122 1128 874 1002 1066 1098 314)
 (1123 1129 1130 1099 1003 1067 629 875) (876 1128 1004 1068 1100 1124 157)
 (1132 1125 1129 1101 1069 1005 630 877)
 (1126 1006 1130 1132 1070 1102 315 878)
 (1127 1071 1131 1133 1134 1103 1007 631 879) (1072 47 1008 880 1104 1120)
 (1121 1009 1073 1105 1136 881 632) (1122 1074 1106 1136 882 316 1010)
 (1123 883 1137 1138 1107 633 1011 1075) (1124 884 158 1012 1136 1076 1108)
 (1125 885 1137 1140 1077 634 1109 1013)
 (1126 886 1138 1140 1078 1014 317 1110)
 (1015 1127 887 1139 1141 1142 1111 1079 635) (888 1128 1112 1136 1080 1016 79)
 (1129 1137 1017 1081 1113 1144 889 636)
 (1138 1130 1144 1018 1082 1114 890 318)
 (1131 1019 1083 1139 1145 1146 1115 637 891)
 (892 1132 1084 1116 1140 1144 1020 159)
 (1117 1085 1133 638 1141 1145 1148 1021 893)
 (1148 1022 1134 1118 1142 1146 894 1086 319)
 (639 1087 1135 1023 1143 895 1147 1149 1150 1119))