(NIL NIL (1 2) NIL (2 4) (1 4) (5 3 6) NIL (4 8) (2 8) (9 5 10) (1 8) (9 6 12)
 (3 10 12) (11 13 7 14) NIL (8 16) (4 16) (17 9 18) (2 16) (17 10 20) (5 18 20)
 (19 21 11 22) NIL (16 24) (8 24) (25 17 26) (4 24) (25 18 28) (9 26 28)
 (27 29 19 30) (2 24) (25 20 32) (26 32 10) (33 34 27 21) (5 28 32)
 (33 36 29 22) (34 11 36 30) (35 37 23 31 38) NIL (24 40) (16 40) (41 25 42)
 (8 40) (41 26 44) (17 42 44) (43 45 27 46) (4 40) (41 28 48) (42 48 18)
 (49 50 43 29) (9 44 48) (49 52 45 30) (50 19 52 46) (51 53 31 47 54) (2 40)
 (41 56 32) (42 20 56) (33 57 43 58) (10 44 56) (57 34 60 45) (58 60 21 46)
 (35 61 59 47 62) (5 56 48) (49 57 36 64) (50 64 22 58) (65 66 51 37 59)
 (11 52 60 64) (65 61 68 53 38) (66 68 54 23 62) (39 55 63 67 69 70) (1 40)
 (12 44 72) (6 72 48) (73 74 52 13) (3 72 56) (73 76 60 14) (74 7 76 64)
 (75 68 77 78 15) NIL (40 80) (16 80) (81 42 82) (8 80) (81 44 84) (17 82 84)
 (85 86 83 46) (4 80) (81 88 48) (18 82 88) (89 50 83 90) (9 88 84)
 (85 89 52 92) (86 19 92 90) (91 87 93 54 94) (2 80) (81 96 56) (82 20 96)
 (97 58 83 98) (10 96 84) (85 97 60 100) (86 100 21 98) (102 87 101 62 99)
 (5 96 88) (89 97 104 64) (90 104 22 98) (105 66 91 99 106) (11 92 100 104)
 (105 101 68 93 108) (106 108 94 23 102) (103 107 109 110 95 70) NIL (112 80)
 (112 40) (113 81 114) (112 24) (41 114 116) (112 16) (113 82 118) (114 118 42)
 (115 83 119 120) (25 116 118) (122 117 43 120) (112 8) (113 124 84)
 (124 114 44) (85 115 125 126) (116 124 26) (117 45 126 128) (17 124 118)
 (86 125 119 130) (130 126 46 120) (121 87 132 131 127) (122 27 130 128)
 (129 123 132 134 47) (112 4) (113 136 88) (114 136 48) (89 137 115 138)
 (116 28 136) (49 138 117 140) (18 118 136) (137 90 142 119) (50 138 142 120)
 (121 91 139 143 144) (122 140 29 142) (146 123 141 51 144) (9 124 136)
 (137 92 125 148) (138 52 126 148) (149 139 93 150 127) (140 148 30 128)
 (129 141 53 150 152) (130 19 148 142) (154 131 149 94 143)
 (150 154 132 54 144) (145 151 155 156 133 95) (146 154 134 31 152)
 (147 153 156 158 55 135) (112 1) (114 160 72) (12 124 160) (73 161 126 162)
 (6 160 136) (161 138 164 74) (162 164 148 13) (165 75 163 150 166) NIL
 (168 112) (168 80) (113 170 169) (168 40) (114 172 169) (81 170 172)
 (171 173 115 174) (168 24) (116 176 169) (41 176 172) (177 117 173 178)
 (168 16) (180 169 118) (170 82 180) (171 181 182 119) (42 172 180)
 (181 184 173 120) (184 83 174 182) (121 185 183 175 186) (25 180 176)
 (122 188 177 181) (43 188 178 184) (185 123 189 190 179) (168 8) (124 169 192)
 (170 192 84) (193 194 171 125) (44 172 192) (193 196 173 126) (85 194 196 174)
 (195 197 127 175 198) (26 176 192) (193 200 177 128) (196 45 178 200)
 (129 201 197 179 202) (17 180 192) (193 130 204 181) (86 204 182 194)
 (131 205 195 183 206) (196 204 46 184) (185 205 132 197 208)
 (186 87 208 198 206) (187 207 209 210 133 199) (27 188 204 200)
 (201 205 212 189 134) (202 212 190 47 208) (203 191 209 213 214 135) (168 4)
 (216 169 136) (170 216 88) (137 217 171 218) (172 216 48) (217 138 220 173)
 (89 218 220 174) (139 221 219 175 222) (176 28 216) (217 140 177 224)
 (49 220 178 224) (225 221 141 179 226) (18 180 216) (217 228 181 142)
 (90 228 182 218) (219 229 143 183 230) (50 220 228 184) (185 229 232 221 144)
 (186 91 232 222 230) (145 233 187 234 223 231) (188 29 228 224)
 (225 146 236 189 229) (226 51 236 190 232) (233 147 237 238 191 227)
 (9 216 192) (193 217 148 240) (240 194 92 218) (241 242 195 149 219)
 (240 196 52 220) (241 221 244 197 150) (242 244 93 198 222)
 (151 243 245 246 223 199) (240 224 30 200) (201 225 248 241 152)
 (248 202 244 53 226) (203 153 245 249 250 227) (240 19 204 228)
 (241 154 252 205 229) (252 242 230 206 94) (207 155 253 254 243 231)
 (244 252 232 54 208) (233 209 156 245 253 256) (234 210 246 254 95 256)
 (235 211 157 247 255 257 258) (236 252 212 31 248) (237 213 158 249 253 260)
 (238 214 55 250 256 260) (239 159 251 215 257 261 262) (168 2) (170 264 96)
 (172 264 56) (97 265 174 266) (176 264 32) (57 266 268 178) (180 20 264)
 (265 98 182 270) (58 270 266 184) (186 99 267 271 272) (33 188 268 270)
 (274 59 269 190 272) (10 264 192) (265 194 100 276) (266 196 60 276)
 (277 267 101 198 278) (34 268 276 200) (202 269 61 278 280) (276 204 21 270)
 (282 277 206 271 102) (278 282 272 62 208) (283 284 103 210 273 279)
 (282 274 35 212 280) (281 284 286 214 63 275) (5 264 216) (265 218 288 104)
 (266 220 288 64) (105 289 267 222 290) (36 268 288 224) (65 226 292 269 290)
 (228 22 288 270) (289 106 230 271 294) (66 290 272 294 232)
 (234 107 295 296 273 291) (274 236 37 294 292) (238 293 296 298 67 275)
 (11 276 288 240) (289 242 108 277 300) (290 244 68 278 300)
 (291 109 246 301 302 279) (280 300 38 292 248) (281 293 250 302 304 69)
 (282 252 294 23 300) (283 110 295 301 254 306) (284 296 302 256 306 70)
 (285 111 297 303 258 307 308) (286 39 298 304 306 260)
 (287 310 299 305 308 262 71) (168 1) (312 169 160) (312 172 72)
 (161 313 173 314) (312 12 192) (193 162 316 313) (73 314 316 196)
 (317 163 197 315 318) (6 312 216) (217 313 164 320) (74 320 220 314)
 (321 165 315 221 322) (320 316 13 240) (241 321 324 317 166)
 (324 322 75 244 318) (323 325 326 245 167 319) (3 312 264) (328 266 76 314)
 (316 276 14 328) (329 330 77 278 318) (328 7 320 288) (329 290 332 78 322)
 (324 330 300 15 332) (326 331 333 334 79 302) NIL (336 168) (336 112)
 (337 169 338) (336 80) (170 337 340) (113 340 338) (171 341 342 339) (336 40)
 (337 172 344) (114 338 344) (345 346 173 339) (81 340 344) (345 348 341 174)
 (346 115 348 342) (347 349 175 343 350) (336 24) (337 176 352) (116 338 352)
 (353 354 177 339) (41 352 344) (345 353 356 178) (346 117 356 354)
 (347 357 355 179 358) (336 16) (337 180 360) (360 338 118) (361 362 181 339)
 (82 340 360) (361 364 341 182) (362 364 342 119) (363 365 183 343 366)
 (42 360 344) (345 361 368 184) (346 368 362 120) (185 369 347 363 370)
 (364 348 83 368) (365 186 372 349 369) (121 370 372 350 366)
 (187 367 371 373 374 351) (25 360 352) (353 361 188 376) (354 376 362 122)
 (377 378 355 189 363) (376 43 356 368) (369 377 380 357 190)
 (370 123 380 358 378) (191 359 371 379 381 382) (336 8) (337 384 192)
 (124 338 384) (193 385 339 386) (340 384 84) (385 194 388 341)
 (386 388 125 342) (195 389 387 343 390) (44 384 344) (345 385 196 392)
 (346 392 126 386) (393 394 347 197 387) (85 348 388 392) (393 389 396 349 198)
 (394 396 350 127 390) (351 391 395 397 398 199) (26 384 352) (353 385 400 200)
 (386 354 400 128) (201 401 355 387 402) (356 45 400 392) (393 202 401 357 404)
 (129 394 404 358 402) (203 405 406 403 359 395) (17 384 360) (361 385 204 408)
 (386 362 408 130) (409 410 363 205 387) (86 364 388 408) (409 389 412 365 206)
 (410 131 412 366 390) (207 411 413 414 367 391) (408 392 46 368)
 (369 393 409 416 208) (370 132 416 410 394) (209 411 417 418 371 395)
 (87 372 396 412 416) (210 413 417 420 373 397) (414 418 420 133 374 398)
 (211 415 419 421 422 375 399) (27 400 408 376) (377 401 212 409 424)
 (378 424 134 410 402) (403 411 213 425 426 379) (424 380 404 47 416)
 (405 214 417 425 428 381) (406 418 135 426 428 382)
 (407 215 419 427 429 430 383) (336 4) (337 432 216) (432 338 136)
 (217 433 339 434) (432 340 88) (433 218 436 341) (137 434 436 342)
 (219 437 435 343 438) (432 48 344) (345 433 220 440) (346 440 434 138)
 (441 442 347 221 435) (89 436 348 440) (441 437 444 349 222)
 (442 139 444 350 438) (439 443 445 446 223 351) (432 28 352) (353 433 448 224)
 (354 140 448 434) (225 449 355 435 450) (49 448 356 440) (441 226 452 357 449)
 (442 452 141 358 450) (443 359 451 453 454 227) (18 432 360) (361 433 228 456)
 (362 456 142 434) (457 458 363 229 435) (90 364 436 456) (457 437 460 365 230)
 (458 460 366 143 438) (439 367 459 461 462 231) (50 440 456 368)
 (369 441 464 457 232) (370 458 464 442 144) (233 465 466 443 371 459)
 (444 91 372 460 464) (465 234 468 445 373 461) (145 466 468 446 374 462)
 (235 469 470 467 447 375 463) (456 448 29 376) (377 449 472 236 457)
 (378 458 472 450 146) (237 473 474 451 379 459) (472 452 51 380 464)
 (465 238 473 476 453 381) (466 147 474 476 454 382)
 (467 239 475 477 478 455 383) (9 432 384) (385 433 480 240) (386 480 148 434)
 (241 481 387 435 482) (436 388 92 480) (481 242 484 389 437)
 (482 484 149 390 438) (439 243 483 485 486 391) (440 480 52 392)
 (393 441 244 481 488) (394 488 150 482 442) (443 245 483 489 490 395)
 (444 484 396 93 488) (445 246 485 489 492 397) (151 446 486 490 492 398)
 (447 247 487 491 493 494 399) (480 448 30 400) (401 449 496 481 248)
 (402 496 450 482 152) (497 498 403 451 249 483) (452 496 404 53 488)
 (497 500 405 250 453 489) (498 500 406 153 454 490)
 (499 501 502 407 251 455 491) (480 19 456 408) (409 457 252 481 504)
 (410 504 458 482 154) (505 506 411 483 253 459) (460 484 412 94 504)
 (505 508 413 485 254 461) (506 155 508 414 486 462)
 (255 507 509 510 415 487 463) (504 488 464 54 416) (465 505 512 417 256 489)
 (466 506 156 512 418 490) (467 507 513 514 419 257 491)
 (468 508 512 420 95 492) (469 509 513 516 421 258 493)
 (470 157 510 514 516 422 494) (471 511 515 517 518 423 259 495)
 (504 496 472 31 424) (497 473 505 520 425 260) (498 506 158 520 426 474)
 (499 507 521 522 427 261 475) (500 476 55 512 520 428)
 (501 477 513 521 524 429 262) (502 478 159 514 522 524 430)
 (503 479 515 431 523 525 526 263) (336 2) (337 528 264) (340 528 96)
 (265 529 341 530) (56 528 344) (345 266 532 529) (97 530 348 532)
 (533 267 349 531 534) (32 528 352) (353 529 268 536) (57 356 536 532)
 (537 269 357 533 538) (20 528 360) (361 529 540 270) (98 364 540 530)
 (541 531 365 542 271) (58 532 540 368) (369 541 544 533 272)
 (99 372 544 534 542) (535 543 545 546 373 273) (33 536 540 376)
 (377 274 548 541 537) (538 59 380 548 544) (539 545 549 550 275 381)
 (10 528 384) (385 529 276 552) (530 388 100 552) (553 277 531 389 554)
 (60 532 552 392) (393 553 556 533 278) (554 396 101 534 556)
 (535 397 555 557 558 279) (34 536 552 400) (401 537 560 553 280)
 (538 404 61 560 556) (281 561 405 562 539 557) (540 21 552 408)
 (409 282 564 541 553) (564 554 412 102 542) (283 565 566 413 543 555)
 (564 544 556 62 416) (545 284 565 568 417 557) (566 103 568 546 420 558)
 (285 567 569 570 547 421 559) (564 35 548 560 424) (561 565 286 572 549 425)
 (562 568 572 550 63 428) (563 287 569 573 574 551 429) (5 528 432)
 (433 529 576 288) (576 530 436 104) (289 577 531 437 578) (576 64 532 440)
 (441 290 580 533 577) (105 578 444 534 580) (535 291 445 579 581 582)
 (576 36 536 448) (449 537 292 577 584) (65 538 452 580 584)
 (539 293 453 586 585 581) (576 540 22 456) (457 577 588 541 294)
 (588 106 460 542 578) (461 543 579 295 589 590) (580 66 544 588 464)
 (465 296 545 581 589 592) (468 107 546 582 590 592)
 (593 594 469 297 547 583 591) (584 588 548 37 472) (596 473 298 549 585 589)
 (596 476 550 586 67 592) (593 597 598 477 299 551 587) (576 11 552 480)
 (481 553 300 577 600) (554 484 108 600 578) (601 602 579 301 485 555)
 (580 600 68 556 488) (601 604 581 302 489 557) (602 604 109 582 492 558)
 (303 603 605 606 583 493 559) (584 600 560 38 496) (497 561 601 608 304 585)
 (562 500 604 608 586 69) (563 501 605 609 610 305 587) (588 600 564 23 504)
 (565 505 601 612 306 589) (566 602 508 110 612 590)
 (567 603 509 613 614 307 591) (568 604 512 612 70 592)
 (593 569 605 513 613 616 308) (594 570 606 111 516 614 616)
 (595 571 607 517 615 617 618 309) (596 572 39 608 612 520)
 (597 573 609 613 521 620 310) (620 598 574 610 616 524 71)
 (599 621 575 611 617 525 622 311) (336 1) (337 624 312) (624 338 160)
 (313 625 339 626) (624 72 344) (345 314 628 625) (161 346 628 626)
 (347 627 629 315 630) (624 12 384) (385 625 316 632) (386 632 626 162)
 (633 634 387 317 627) (73 632 628 392) (393 633 636 629 318)
 (394 163 636 630 634) (638 631 395 637 635 319) (6 624 432) (433 625 640 320)
 (640 434 164 626) (321 641 435 627 642) (640 74 628 440) (441 322 641 644 629)
 (442 644 165 630 642) (323 645 646 443 643 631) (640 632 13 480)
 (481 633 641 324 648) (642 482 648 166 634) (643 325 649 650 483 635)
 (75 636 644 648 488) (645 326 649 652 489 637) (646 650 652 167 490 638)
 (647 327 651 653 654 491 639) (3 624 528) (529 625 656 328) (628 76 532 656)
 (329 629 657 533 658) (632 656 14 552) (553 330 657 660 633)
 (636 658 556 77 660) (557 331 659 661 662 637) (7 640 656 576)
 (577 641 657 332 664) (658 580 644 78 664) (645 333 659 581 665 666)
 (648 660 664 15 600) (601 334 649 661 665 668) (652 604 79 662 666 668)
 (605 653 335 663 667 669 670))