(NIL NIL NIL (3) (3) (3) (1 6) NIL (8 5 6) (9) (2 9) (9) (6) (13 5 7) (2 9 14)
 (15) (15) (13 2 1) (8 13) (18 11) (16 20) (21) (4 21) (21) (21 12) (25 23)
 (26 10 24) (25 4) (28 23 10) (25) (29 30) (17 29 22 26) (20) (33 32 30 24)
 (33 29) (17 35 22) (35 30) (27 36 32 37) (19 38) (19 38 34) (19 27 32 37)
 (34 39 41 31) (41) (33 29) (27 44 22 31) (44) (34 27) (25 33) (48 47 46)
 (49 42) (50 43) (48 19 46) (48 41) (42 53) (53 46) (55 34 38) (40 56)
 (48 41 31) (58 36) (59 50 52 54) (51 60) (55 34 59 45 38) (49 57 54 62)
 (27 37) (64 54 45) (64 62) (64 61 62) (59 64) (68 60) (57 69) (63 68 51 60 65)
 (47 68 62) (72 50 43 52 65) (73 57 61) (66 74) (63 74 67 70) (40 56 60 73)
 (77 75 69) (74 67 77) (75 76 79) (73 61) (40 56 81) (81 76) (81 77 67 69 75)
 (84 78) (85) (86 71) (76 87) (83 87) (63 84) (90 78) (91 70 86) (92) (93)
 (83 93 80) (82 91 87 80) (83 87 79 94) (97) (98 80) (99 96) (89 99) (101)
 (102 100) (82 101) (102 104 96) (103 104) (103 104) (99) (95 96 98) (104 109)
 (102 110 100) (107 108 111) (112) (111) (114 88) (114) (107 116 108)
 (103 116 108) (118) (119) (116) (121 108) (121) (121 107 115) (105 111)
 (107 116 125) (126 112) (106 127 88) (123 127 119) (129 88) (130) (131 128)
 (130) (127) (108 110) (129 134 135 113 122 124) (106 136 130) (137) (138)
 (122 131 117 135 128) (113 124 140) (132 140) (134 142) (139 140)
 (113 131 135) (137 145 132) (146 139 142) (145 120) (139 148 133 142)
 (147 149 143))