(NIL NIL (2) NIL (4) (5 3) (1 4) (2) (1) (8 9) (9 6) (11) (8 11) NIL (14) NIL
 (16 14 10 11) (16 14 4 3 1) (16 10 6) (7 19) (16 11) (13 15 21 10 7) (22) (23)
 (18 23 20) (25) (17 25) (23) (28) (29 17) (30 24 25) (30) (23) (13 21 18)
 (22 34) (26 35) (32 36) (29 34) (7 21) (26 39) (35 12 24 33 39 25) (7 21 17)
 (40 32 42) (26 38 42 24) (12 44 35) (40 27 31 45 36) (37 44) (29 33 19 35 42)
 (32 48 25) (40 49 31 44) (50 47 45) (37 49 31 45) (43 52 47) (50 41 53)
 (50 43 52 46) (55) (43 52) (56 54 57) (58) (27 57 53) (37 49 46) (61 43)
 (62 54 55) (63 56 60) (63 56) (63) (63) (62 54 57 56) (61) (61 51 56)
 (70 63 58 68) (70 69 64 59) (70 58 68) (73 72) (73 69 71) (70 60) (76 71 59)
 (69 77) (67 75 72 78) (66 79) (66 72 78) (81) (73 78) (66 69 76) (84 74)
 (84 72) (67 86 78) (73 86) (88 65) (88 65) (89 90) (83 86) (85 92 89 90)
 (93 79) (86 78) (95 92 90) (84 72 68) (97 87 94 91) (97 75 91) (95 99)
 (100 93) (101) (98 102) (103) (103) (67 101) (80 106 103) (106 82 94) (98 108)
 (109) (101) (67 99 93 95) (98 102 112) (113) (114 107) (115) (114 109)
 (105 117 111) (118) (117) (80 112 100 87) (98 121) (122 111) (107 123)
 (123 118) (115 125 120) (126) (115 125 104) (96 128) (129) (129 126 119)
 (124 110 128) (130 132 120) (123 109 102) (134 128) (132 126 135)
 (127 119 136) (137 133) (137 116) (134 96 126 104) (130 131 116 140)
 (131 132 140) (130 140) (132 143) (137 131 144) (145 141) (138 143) (147 142)
 (116 148) (129 140))