(NIL NIL NIL (3) NIL NIL (4) (6 7) (6) (9) (10 5) (11 4) (11 2) (13) (10 5)
 (10) (11 16) (16) (9) (9 4) (11 20) (21) (22 2 19 12) (18 23) (24) (25)
 (22 1 13 7 12) (27) (28) (16 29 19) (14 19 29) (23 31) (32 30 8 24) (33)
 (15 34) (16 31) (26 31) (37 8) (38 35) (38) (16 8 12 21 14 1) NIL (42 26 33)
 (41 43) (15 44 36) (38 34 45) (34 43 36) (43) (17 34 41 48) (49 35 46) (50)
 (50) (39 52) (40 53 47) (53) (40 55) (55) (53) (45) (59 58) (60 47) (56 60 51)
 (57 62 54) (60 47) (57 64) (65 62) (57 54 64) (64) (56 67 68) (69) (64)
 (61 71 63) (72) (72) (72) (75) (76) (75) (78) (79) (76 80) (75) (66 67 82)
 (82) (65 82) (85 74 76 69 79) (83 86) (70 87) (87) (87) (89 90) (90) (90 77)
 (90 84) (94 88) (89 92 95) (73 91 77 96) (91 96 80) (93 96) (95) (100 93 96)
 (98 99 100) (102) (81 103) (102) (97 105) (105 103) (81 97 107) (102) (81 109)
 (105 110) (111) (112 101) (108 111) (106 114) (73 111 104) (106 116) (111 104)
 (104) (119 114) (119 107 118) (121) (112 120 101 121) (123) (124)
 (115 125 117) (113 125 116) (122 106 127) (126 128) (122 115 127) (129 130)
 (130 128) (129 132) (132) (126 134) (130) (131 132 136) (137) (124)
 (139 126 134) (137 140) (106 139) (137 133 142) (137 142) (133 144) (145 138)
 (146) (137 140 142) (148 143) (145 149 135))