(NIL NIL (2) (3 1) (4) (4) (3 1) (5 6 7) (5 6 7) (9 8) (9 8) (11) (10 12) (13)
 (12) (10 15) (16) (13 15) (17 18) (19 14) (20) (21) (21) (23) (20) (25 24)
 (26 22) (27) (28) (29) (29) (31) (31) (33 30 32) (34) (34) (35 36) (37) (38)
 (39) (38) (41) (42 40) (43) (43) (45) (44 46) (46) (47 48) (47 48) (50)
 (49 50) (51 52) (50) (51 52 54) (55) (53 56) (53 56) (53 56) (59) (57 58 60)
 (61) (61) (61) (61) (65 63 64) (66 62) (65 64) (66 68) (69 62) (69 62) (70 71)
 (71) (73 72) (73 72) (67 75) (67 69) (74 77) (76 78) (79) (74 76 77) (81 79)
 (82) (82 80) (84) (83 85) (85) (83 87) (86 88) (86 88) (85) (90 91) (92)
 (89 93) (92) (95) (89 90 91) (97 93 95) (97 94 96) (99) (98 100) (98 100)
 (102) (101 103) (101 102) (105 103) (105) (107 104) (108) (109) (110) (111)
 (106 108) (113 112) (114) (113 112) (115 116) (117) (118) (119) (120) (121)
 (121) (122 123) (124) (122 123) (125 126) (127) (128) (129) (130) (128)
 (129 132) (131 133) (133) (131 133) (136) (137 134) (137 134) (139) (138 140)
 (141 135) (141) (138 139 135) (141 144) (145) (145) (147 143) (148 142)
 (145 142 143) (146 150) (148 151) (148 151) (153) (154 149 152) (155) (156)
 (157) (155) (157 159) (160) (161) (161 158) (161 158) (162 163 164) (163 164)
 (163 164) (164) (162 166 168) (169 165) (170 167) (165 166 167 168) (171 172)
 (173) (174) (175) (176) (174) (177 178) (179) (179) (181) (181) (183)
 (182 183) (185) (177 178) (187 184) (186 188) (187 182 184) (186 188 190)
 (180 191) (185 190) (193 189 192) (194) (193 188) (194 196) (197) (198) (197)
 (198 200) (200) (201 202 199) (202) (204 199) (201 205) (195 203 206) (207)
 (205) (209 208) (210) (209 208) (212) (211 212) (210 212) (211 215) (216)
 (217 214) (218) (219) (220) (220) (213 222) (221 213 222) (220 213)
 (225 221 222) (226 223) (226) (227 228) (229) (230) (231 224) (231) (233 224)
 (234 232) (234 232) (235 236) (237) (238) (235 236) (240) (240) (242 237)
 (242 239) (243 244) (241 243 244) (243 244) (247) (247) (243 244)
 (249 250 246 248) (250 246 248) (251 252 245) (252) (253 254) (255) (256)
 (257) (255) (258 259) (260) (261) (260) (262 263) (264) (265) (266) (267)
 (264) (268 269) (268 269) (265 269) (268 272) (273) (274) (270 272) (274 276)
 (277) (278) (275 279) (279 271) (279) (282) (281 282) (275 284 283) (285 280)
 (283 284) (287 280) (285 288) (289 286) (289 286) (289) (291 292) (290 293)
 (294) (295) (296) (297) (296) (299))