(NIL NIL NIL (2 1) (3 2) (5) (6 4) (6 4) (7 8) (7 8) (9 10) (7 8) (8)
 (11 12 13) (9 10 13) (15) (14 16) (17) (17) (17) (18 19) (19) (22) (18 23)
 (24) (25) (21 24) (26 27) (27 25) (28 29) (30 20) (30 20) (32) (32) (33 34)
 (35) (36 31) (37) (38) (39) (40) (39) (42) (42 40) (38) (45 40) (43 46) (37)
 (44 46 48) (49) (41 50 43) (51 47) (52) (53) (54) (55) (56) (55) (57 58) (59)
 (60) (59) (57 58) (63) (60 64) (65 62) (65 61) (65 62) (67 68) (66) (68 70 61)
 (67 71) (69 71) (73 72) (74) (75) (76) (73 72) (78) (74 79) (76 80) (81 77)
 (76 79) (82 83) (84) (84) (86) (83 77) (82 88) (89 87) (87 88) (91 85) (90 92)
 (93) (90 91) (95) (94 96) (95) (98 94 96) (99) (97 99) (101) (100 101) (103)
 (100 101) (105 103) (105 104) (106 107 102) (108) (109) (110) (111) (112)
 (110) (114 111) (113 115) (116) (115 112) (116 118) (119) (117 118) (113 114)
 (121 122 120) (122 116) (123 124) (125) (126) (126) (121 124) (127)
 (128 129 130) (130) (132 129) (131 133) (134) (135) (136) (137) (137) (135)
 (137 140) (138 141) (142) (142) (144) (145 143) (146 139) (147) (146 139)
 (146 139) (147 149 150) (151) (148 152) (153) (153) (155) (154 156) (155)
 (154 156 158) (159) (154 158) (155) (161 162 159) (163) (164) (165 160) (166)
 (157 167) (163 157) (169 166) (169 167) (171 168) (172) (170 173) (171)
 (174 175) (176) (176) (177 178) (179) (179) (179) (180 181 182) (183) (176)
 (185 180 181) (186) (185 180 181) (188 182) (189 183) (187 190 184)
 (187 189 184) (190 192) (193) (194 191) (194 191) (196) (195 197) (198) (199)
 (200) (201) (200) (199) (204) (201 203 205) (202 204) (203 205 207) (203 207)
 (209 208) (209 205) (211) (212 206) (213 208) (210 213) (214 215) (216) (216)
 (218) (219) (217 220) (221) (222) (222) (223 224) (224) (226 223) (225 227)
 (228) (229) (228) (231) (230 232) (221) (234 230 232) (235) (233 236) (237)
 (238) (239) (239) (241) (241) (237) (244 240) (243 245) (246) (242 247) (248)
 (249) (247) (251 248) (250 252) (253) (254) (255) (252) (257 256) (257 256)
 (258 259) (260) (260) (262) (261 263) (264) (265) (265) (264) (261 263)
 (267 269) (270) (268 271) (268 271) (273 266) (273 272) (274 275) (276) (275)
 (276 278) (276 278) (280) (281) (282) (281) (282 284) (282 284) (286 279)
 (285 277 286) (287 288) (289) (290) (291) (291) (283 293) (293) (292 294 295)
 (292 295) (297 283) (297 294) (299))