(NIL (1) (2) (3) (4) (5) (4) (6) (6) (6) 
(7) (8 9 11) (7 9) (10) (8 13) (10 12) (8 10) (5 7) (16 17 18) (17) 
(15 20) (15) (14) (16) (11 20 22) (12 17) (16) (21 26) (14 24) (25 27) 
(26 30) (19 21 22 26) (15 17 23 27) (28 33) (34) (25) (24 31) (30) (14 18 26 30) (34) 
(35 39) (5 11) (32 33) (29 35 39) (26) (7) (38 42) (40 47) (31 32 47) (28 30 32 42) 
(41) (41) (44) (44 45) (41) (36 50 51) (51) (30) (49) (29 42 43) 
(53) (37) (15 27) (36 44 49 63) (46 59 60) (4) (45 49 61) (46 53 58 62 66) (55 64 65) (49) 
(48 52 61 68) (24) (55 68) (41) (19 35) (40 45 59 64) (59 68) (61 69) (57 60) (73) 
(50 54 63 67 70) (38) (44) (36 54 73 77 79) (25 32 40) (65) (77) (67 83 85) (71 75) (84 87) 
(48 50 51 72 76) (64) (49 85) (24 45 66) (36 73) (67) (55 88) (76 86) (41 47 63) (48 74 80 82 92) 
(37 96) (50 55 70 74 87) (75 81 98) (37 44 47) (69 92) (59 72 81) (68 92) (107) (89 90) (41 59 72 85) 
(52 63 65 87 97) (105) (94) (78 109) (75 83 101 113) (73 85) (100) (56 59 61 62) (72 83 89) (84 96) 
(46 74) (97 98 101 105) (55 81 87 94 96) (86) (101) (54) (81 82 85) (71 99) (79) (80 84 112) 
(60 101 116 121) (111) (121 132) NIL (61 112) (40 50 90) (51 83 124) (65 129) (62 92 104 106) (128 136 137) 
(80 98) (54 69 76) (113 132) (127 141) (82 126) (72 89 108 126) (80 86 115 120) (28 37 70) (108 145) (78 90 135 142) 
(119 146) (133) (103) (63 120) (54 55 76 77) (148) (114 116 136 151) (56 86 104 136) (84 110 116 126) (61) 
(89 131 154) (117 160) (114 131) (50 148) (51 113 153) (48 49 73 85 121) (105 165) (72 135 158 161) (89 118 122 141) (148 153) 
(47 50) (114 131) (153) (78 140 154) (97 127 137) (57 59 128) (108 120 140 164) (48) (70 135 145 161) (99 105 119) 
(147) (69 131 136) (78 97 99 147) (101 113 139) (146 160) (111 117 129) (179) (81 84) (57 83 93 148 155 162) (149 162) 
(182 187) (52 74 104 138) (106 145 183) (179 181 193) (69 90) (132 146 160) (110 118 143) (46 66 106) (100 194) (108 116 155 165) 
(134 200) (111 131 193) NIL (91 200) (134 162) NIL (63 83 118) (89 121 142 153) (40 82 94) (98 138 152 199) 
(110 114 138 166) (109 180 190 204) (184 206) (90) (102 122 170 193 205) (98 125 162 175) (150) (164 168 174) (70 130 209) (90 146 156) 
(90 126 128 139 141 164 207) (110 130 198 208 220) (74 129) (108 140 191 206 207 211) (75) (117 160 168 199 222) (127 128 170 178 195 212) (149 163) (124 168 211 219) (56 113 191 195 206) 
(97 142 188) (119 169 230) (150 229 231) (100 139 202 225 229) (103 155) (134 234) (179 228) (204 210) (215 220) (103 134 152 182 188 193) 
(167 204 226) (156 177 189) (129 140 178 239) (69 111 207) (159 191) (137 199) (93 184 191 210) (21 36) (114 216) (218) 
(109 186 210 221 222 245) (134 176 193) (44) (117 144 218 245) (93 150 211 248 249) (232) (162 202 203 218) (115 211 214 219) (139 223 232 235 238 255) (142 210) 
(140 206) (163 175 177 197) (102 117 204 219 244 262) (118 199 234 237) (188 253) (150 155 162 171) (123 166 185 186 231 232 238 257 261) (90) (147) (140 159 161 206) 
(56 114 184) (218) (149 172 196 216) (132 142) (159 233 238) (178 194 207) (197 241) (107 110 122 156 205) (52 72 173 181 206) (201 213 223 224) 
(76 101 145 157 166) (141 155 281) (134 169 217 254) (103 149 242 278) (103 108 139 255) (102 194) (102 235) (248 250 275 280) (182 236 242 253 260) (211 217 270) 
(81 203) (140 178 199 256 269 282) (109 195 205 261) (119 178 185 229 239) (104 188) (165 232) (76 225 276) (91 93 102 223 228) (89 177) (147 163 187 201) 
(157 261 294) (191 233 248) (237 247 299) (260 301) (157 226 265 303) (149 156 288) (274 299) (156 199 257 262 268 280 297) (177 202 203) (239) 
(91 113 207) (115 176 203 213 244 283 295) (288) (257) (256 276 306) (186 243 245 315) (300 304) (56 141 205 261 300) (175 190 246 272 309) (210 231) 
(315) (144 185 214 249 275 291) (109 202 277) (140 238 323) (122 149 214 290) (82 102 220) (168) (98 225 299 302) (133 196 314) (119 147 167 173 208) 
(154 158 255 269) (227) (145 188 200 258) (305) (156 187) (212 237 259 265 317 320) (40 123) (175 305 335) (166 241 283 326) (157) 
(102 172 229 269 329) (133 218 249 332) (270) (95 188 241) (87 95 144) (201 267) (95 118 164 192) (236 321) (332) (56 210 237 246) )