(NIL (1) (2) (3) (3) (4) (4 5) (6) (6 7) (9) 
(7 8) (7) (10) (12) (13) (8 10) (13 14) (5 8) (11 12 15) (16) 
(13 20) (14 20) (13 14) (23) (16 18 19 24) (21 23) (22) (15 17 18 21 22) (17 24) (24) 
(11 28) (16) (26 32) (24) (19 33 34) (19 22 30) (3) (29 31) (31) (26 31 34) 
(25 35 40) (15 24 27) (25 33) (29 35) (31 37 44) (26 31 32) (19 37) (39) (35 37 42) (41 47) 
(19 32 39) (26 31 36) (9) (38 43 49 53) (36 43 49) (41 47 48) (42 50) (38 41 51) (31 43 44) (38 42) 
(48 54) (34 42) (49 51 59) (32 34 48) (44 50) (8 24) (50) (30 58) (11 62) (17 49) 
(51 53 64 67) (50 51) (46 61 66) (51 64) (28 62) (47 61 68) (36 63) (44 76) (71) (56 78) 
(45 63 72) (35) (36 78) (50 69 78) (14) (63) (76) (45 61 79) (54) (67 72 73 76) 
(52 71) (4) (77 83 90) (65 83 87) (57 59 62 67) (40 48 60 62) (18 53 69) (90) (43) (39) 
(66) (94) (43 46 51 52 70) (57 65 73) (64 65 78) (56 85 105) (84) (91 92 94 95) (73 101) (82 104 106) 
(64) (87 89 95 99 110) (80 106) (84) (82 91 107) (80) (80 105) (72 85 103 109) (27 48) (82 88 99 101) 
(43 67 96) (50 77) (60 79 113 119) (60 88 115) (82 89 108) (31 70) (46 63 64 65) (45 105 111) (59 69 120) (25 35 36 85 119) 
(57 62 93) (63 112 113 129) (84 98 105 125) (36) (132) (63 114) (39) (75 83 97) (57 122 134) (73) 
(89 95) (117 124) (70 88 113 130) (94 99 121 130) (73 75) (122 133) (133) (141) (79 86 99 104) (50 76 89 134) 
(113 147) (125 142) (146) (101 131 151 152) (107 146) (77 120 149) (66 114 121 124) (36 73 85 89 100 117) (66 67 70) (45 70) 
(108) (102 129) (152) (89 119) (118 131) (82 141 150) (100 132 148 153 156) (60 108 149) (142 155) (101 107 108 121) 
(69 121 123) (103 170) (77 101 138) (91 134) (57 74 102) (96 120 142 149) (152 175) (67 100) (143 159) (115) 
(43) (147) (51 104 140 160) (91 105) (83 107 126 136) (60 94 149 158 160) (139 159 163 167) (56 81) (139) (103 106 169) 
(110 134 140 144 170) (111 140 166 177) (140) (135 191) (75 103 157 169) (118 137) (71 77 158 166) (142) (112 121 127 136) (114 121 123 139 162) 
(174 183) (196) (83 100) (166 172 180 203) (120 154 185) (45 97 147 155 168) (120 148) (86) (81 119 202) (168) 
(84 159 161 171) (120 133) (136 147 156 192) (55 108) (137 184 212) (177 187 212) (107) (206 212) (112 157) (123 164) 
(60 135 147 158 208) (203 211) (147 176) (191 206) (158 171 214) (174 202) (152 153 164 219) (167 199) (88 130 189 217) (121 137 164 189) 
(109 151 156 181) (99 158 203 208) (138 187 215) (136 186 214) (119 174 213) (136 164) (129 171) (55 152) (147) (124 159 191) 
(216 220) (187 205) (45 46 217) (150 186) (163 165 177 190 197 217) (112) (161) (121 197 246) (132 134 173 202 239) (169 228 235) 
(122 135) (116 172 217 234) (142 209) (81 84 112 183) (135 167 173 196) (65 78 145) (253) (161 181) (202 216 221 234) (117 224) 
(80 155) (132 183) (71 126) (114 173 237 256 262) (121 196) (87 176 203) (248 264 266) (98 186 217) (195 249 252 262) (80 85 133 184 236) 
(196 230 250 254) (166 200 234) (152 179) (114 149 184) (41) (59) (165 186) (141 194 215 269) (232 239) (177 204 229) 
(179 191 211 244 259 274) (59) (160) (97 123 139 140 210) (157 273) (122 262) (136 226) (117 274) (118 240) (172 265) 
(100 106 182) (241 271) (138 139 178 250) (114 154 169 193 277 280) (136 187 268) (119 132 170 178 277) (98 102 156 283) (172 180 292) (167 193 238 290) (113 184 283) 
(209 282) (123 160 185 216 279 301) (160 161 171 172 182 219 257) (97) (151 197 204 209 278 293) (63 142 144 170 222) (267) (205 254 277 281 300 303) (74 172 198 231) (131 159 271) 
(105 183) (234) (205 286 291 298) (180 260) (289) (271) (160 198 213) (111 153 174 190 269) (239 291) (165 177 232 278 299) 
(126 139 222 285) (299) (146 182 183 256 297) (173 261) (137 163) (184 200 248 325) (113 124 174 218 246 270) (206 252) (56 108 122 201) (163 168) 
(253) (144 195 255 327) (137) (287 313 323) (139 225) (152) (126 138 159 260 322) (126 162 192 322) (245 269) (267 302) 
(153 193) (192 259 262 288 322) (127) (137 153 321) (74 328) (162 242 268) (141 155 252) (204 314 337) (173 204 313) (278) )