(NIL (1) (2) (3) (4) (4) (6) (5 7) (5 7) (9) 
(8 9) (11) (8) (12 13) (9 13) (14) (11) (14) (10 16) (11 15) 
(16) (19) (15 22) (12 13) (10 14 24) (16) (18 20) (14 20) (15 21) (22 24 27) 
(18 23 28) (23) (24 28) (23 27) (23) (17 25 29 34) (31) (29 31 35) (26 30 37 38) (18 20 35) 
(39) (13) (31 36 40) (17 22) (33 38 43) (43) (46) (26 28 29) (44 46) (41 45) 
(30 31 48) (30) (41 43) (30 45 47) (36 40) (37 49) (21) (29 35) (17 25 33) (46 55) 
(41 43 51) (30 35) (27) (39 42 43 63) (25 35 42 52 57) (61) (47) (39 52) (58) (36 57 59) 
(42 43) (65 66) (72) (46 53 71 73) (60) (31 55 70) (64) (39 67) (41 58 76) (77) 
(62 66 80) NIL (55 66) (42 83) (26) (25 41) (46) (37 40 65) (53) (39) 
(26 46 58 70) (44 54 61 65 80 87) (24 34) (38 91) (46 58 90) (49 76 81 90) (54 69 85) (59 83) (44 72) (92) 
(73 93 96 99) (97 98) (49 84 92) (58 60 99) (67) (79) (56 59 71 83 97) (79) (71 86 89) (104) 
(68 88 104) (93 102) (56 76) (32 76) (70 71 97 98) (66) (71) (40) (90) (71 114) 
(32 112) (74 89 103) (82 90 99 106) (74 84 104 119) (72 91 98) (50) NIL (38 58 60) (64) (53) 
(84 102 104) (74 82 101 109) (62 106) (64 107) (96) (66) (50 54 74 105) (36 42 82) (131) (88 99) 
(84 102) (104 140) (80 83 111) (77) (98 127 144) (130 135) (59 81 105 127) (46 118 130) (74 113 127 129) (80 107 139) 
(68 92 121) (80 94 106 149) (96 134 142) (32 61) (18) (120 122) (32 101 135 144) (50 56 100 121 142) (60 89 146) (142 149) 
(73) (60 95) (111 138 152) (94 103 124 138) (74 103 129) (95 112 122 144 160) (105 143 163) (122 135) (151) (102 153) 
(148 160 165) (44 63 82) (151 165) (164) (89 100 121 128 135 136 148 152) (106 109 135) (30) (97 104 148) (115 145 156) (165) 
(54 110 119 138) (123 171) (50 118 149 156 180) (126 143 168 175 176) (164 166) (125 166) (64 113 123 131 162 178) (95) (134 135 166) (45 62 86 116 143 152) 
(56 117 126 143 146) (113 157) (105 172 178) (100 108 152 170 174) (135 170) (124 141 177 186) (112 167 190) (156 177 197) (132 134) (182) 
(183) (131 176) (200) (67 150 190) (83 109 146) (134 137 179) (147 203) (116 132 135) (45 104) (114 116 175 193 196) 
(151 168 183 206) (155 191 203) (155 211) (146 158 188) (136 145 167) (159) (54 135) (53 158) (52 120 145) (119 155 168) 
(79 94 100 113 116 134) (147 154 185 198) (91) (96 126 137) (107 125 184 198) (62 67 100 149 179 219) (134) (157 204 205) (143 207 227) (155 156) 
(123 126 175) (77 108 177) (85 136 137 143 163 172 220) (116 162 195 229) (157 199) (146) (115 120 134 146 168 175 186) (181 212) (67 88 120 231) (154 171 205 217) 
(203 205 222) (96 160 187 197) (141 156 174) (133 162 194 235) (134) (101 105 118 185) (166 173) (69 147 157) (166 195 200) (94 107 182 209) 
(187 224 228 233 243) (56 115 117 127) (181) (67 108 146 156 160) (140 173 232) (85 86 123 217) (114) (136 141 142 145 163 180 204 223) (128 203 211) (131 144 254) 
(128 202 251) (131 243) (78 112 194 238) (93 115 215 229) (179) (68 214 243) (107 130 138 252) (143 208 246) (108 205) NIL 
(41 48 87) (68 121 146 200 253) (81 108 126 151 158 183 206) (122 162 167) (206 247) (166 239 255 259) (126 203 242 268) (134 187 222) (75 196 201 208) (38) 
(101 196) (171 181 225 267 268 270) (125 267 271 277) (243 257) (116 249 280) (179 255 260 277) (127 165 257) (68 205 256 279) (248) (263) 
(115 141 163 231 235) (277) (137 180 238) (264) (131 162 191 284) (174 175 217 274) (183 263) (75 179 249) (75 210 239 284) (150 155 157 199 222) 
(134 148 197 246 271) (137 212 267 301) (245 300) (171) (117) (122 173 293) (223 293) (107 109 304) (234 277) (210) 
(123 244 269) (89 245) (207 213 299) (161 190 193 275) (78 224 235 310) (147 161 231) (257 283 315) (297) (46) (75 212 260 315) 
(98 105 111) (197 260 268 313) (287) (111 298) (110 117 132 242 321) (237) (119 120 242) (161 212 285 309) (192 252 266) (195 262 322) 
(109 150 160) (117 299) (108 256 265 313) (134 179) (306 307) (29) (303) (140 261 312) (134) (146) 
(120 178 184 189 205) (126 146 169 198 232 323) (221 252 254 263 296 303) (193 214 223 235 272 341) (279 306 314 338) (68 179 245) (223 263) (211 274 319 337) (216 325) (125 224 250) )