(NIL (1) (2) (3) (4) (5) (6) (7) (8) (9) 
(8) (10) (6) (10 13) (11) (12 13) (11 16) (14 15 16) (10) (11 19) 
(11 12 19) (9 13) (16 20 22) (14 20 21) (11 12 22) (16) (16 19 22) (16) (11 14 26) (23) 
(26) (17 24) (22) (15 31 32) (25 28) (23 29 33 34) (25 27 30 36) (37) (12) (23) 
(15 24 27 29) (31) (14) (38) (44) (21 28 30 31) (45) (43 47) (35 37 41) (44) 
(50) (18 50) (52) (47) (18 35 43 51) (52) (3) (37) (35 47) NIL 
(51) (26 30 39) (49 62) (41) (35 37) (56 65) (18 46) (39 53 64) (35 41 48) (29 32 67) 
(67) (38) (41 59 70 71) (59 66 68 69) (65) (20) (64) (56) (66 69 77) (62 76 78) 
(48) (62 70) (64 80) (40 51 75 79) (62 71 79) (61) (63) (61 66) (49 68 71 72) (18 64) 
(53) (70 83) (65 67 69 78) (63 75 89) (77 88 94) (12) (95) (75 96) (94) (18 29 35) 
(60 79) (41 59 81 86 96) (42 49 65 72 83) (39 84 88) (54 55 81) (40 81 101) (104) NIL (70 76) (83 106) 
(42 62 78) (25 76 96) (41 98) (58 83 86 93) (62 68 88) (58 81) (48) (55) (91 97) (109) 
(42 61) (57 67 96 106) (58 85 93) (103) (42 76 97) (40 54 81 88 111) (114) (48 99) (59 66) (53 113) 
(43 97 99) (90) (104) (131) (124 131) (97 103 111 122 127) (107 125 127) (120) (42 54 94) (49 51 73 75) 
(99 109) NIL (40 51) (21 31 112) (104 105 131) (85 137) (112 117 145) (101 109 143) (57 145) (83 115 121) 
(91 115) (85) (102 105 110) (144 150) (59 128) (145) (80 147) (94 102 105 133 142) (113 137) (137) 
(85 120 136 142) (158) (124 151) (99 159) (92 93 102 109) (92 127 129 132 149) (83 143 162) (83 116 138 148) (82) (115 130) 
(105 111 137 163) (127 130) (74 101 104) (108 129) (77) (82 95) (62) (68) (69 118 124 132 134) (113 115 152) 
(88 93) (87 138 157) (111 159) (133 172) (78 133 149) (97 154 180) (74 154) (148 159) (75) (100 102 129 143 146) 
(143) (127 186) (103 175) (124 167) (92 152) (58 103) (140 177) (101 152 160 187) (107 120 140 155 189) (130 166) 
(136 144 167 191) (153) (111 202) (146 161 188 192 203) (144 159) (83 95 109 142) (54 87 193) (40 125 207) (82 114 118 162 186) (55 137 175) 
(73 142 190 191) (122 207) (37) (160 211) (104 152) (93 124 131 148) (137 143 170) (73 138 161 196 215) (168 187 194 201) (134 155 160) 
(39 43 144) (77 172 177) (63 103 178 221) (208) (190) (109 169 185) (92 119 149 186) (122 195 214) (202) (109 123 147 167) 
(118 123 168 217 228) NIL (123 140 191) (120 148 171 179 187 201) (149 174) (60 230) (85 117 188 207) (105 111 118 129 139 148 189) (129 188 192 233) (110 200) 
(155 185 214) (153 155 207 217) (124 231) (61 83 122) (135 184 185 215 243) (118 200 210 213) (148 217) (109) (239) (94) 
(223 243) (133 134 193 204 205) (74 172 206 228) (42 131) (155 204 215 230) (136 243) (96 210) (73 172 234) (181 236) (148 153 161) 
(88) (126 176) (218) (174) (139 193 214 234 248) (120 136 164 209 237 240) (198 246 248) (57 100 229) (101 135 140 176 215) (118 137 223) 
(132 178 218 239) (169 171 250) (91 112 228) (153 194) (249) (74 160 206 216) (196 255 258) (234 241) (151 194 205 263 267) (117 138 186) 
(57 195 196) (59 81 193) (124 255 282) (129 146 155 213) (199 219 259 280) (274) (110 220 269 278) (225 278) (122 141 157 213) (90 157 218) 
(130 154 224 230) (87 137 223 250) (12) (186 287) (141 213 271) (141 219) (185 221) (76 101 116) (225 227) (55 84 135 138) 
(197 207) (164 189 251) (95) (235) (167 181 205 238 266) (104 155) (99 190) (146 279) (95 107 153 184) (225) 
(90 239) (126 203 276) (208 215) (228 266) (162 249 262) (138 176 213 253 276 299) (271 309) (299) (312) (220 307) 
(123 151) (184 275 276) (139 278 284) (210 230 274 294) (226 270 296) (135 285) (242 316 318) (63 83) (145 171 172 256) (124 185 209 259) 
(221 290 320) (326) (57 79 113 151 206) (179 207 284) (146) (128 162 168 229) (249 284) (139 255 301) (92 115 133 320 335) (118 315) 
(125 248 332) (231) (93 119 174) (338) (139 237 245 255 284) (170 272) (177) (220 241) (198 204 208 302) (124 340) )