(NIL (1) (2) (3) NIL (3) (3 5) (7) (8) (4 5 6) 
(4 6) (9 11) (6 8) (4 5) (8 11) (6 7 14) (12 14) (13 15 16 17) (12 14) (15 19) 
(9 10) (7 10) (19) (18 20) (18 19) (25) (6 8 14) (13 22) (20 28) (21 25) 
(22 30) (23 31) (20 26 30) (29) NIL (26) (28 31) (24) (30) (12 15) 
(24 27 30) (16) (20 40) (41) NIL (27 32 33 42) (29) (20 31) (32) (24 39) 
(43) (44) (33 36 49) (35 40) (43 47 53) (28) (40 44) (24 28) (35 41) (48 57) 
(41) (27 49) (35) (41) (37 60) (23 65) (61) (46 50) (68) (29 50 65) 
(42 60) (36 44 48 50) (43 66 69) (11 22 45) (33 42) (54 58 64 66) (36 54 58 59 71) (42 70) (47 53 54 62) (32 75) 
(36 46 59 74) (54 67 72) (29 38 60 62) (51 80) (34 83) (15) (24 42 53) (42 48) (23 60) (34 72) 
(45 87) (86 87) (39 85) (69 70 75 81 93) (32 36) (26 74 78) (65 88) NIL (51 53 54 68 81 90 96) (43 54 68 92) 
(34 38 71 76 81) (43 76 82) (73 102) (59 96) (45 73 90) (94) (32 67 74) (38 55 58 62) (37 67 108) (45 55) 
(34 46 83) (49 67 70 81 86) (34 77 83 88) (63 103 113) (45 57 82) (79 92 102 111) (100 102 115) (99) (109) (51) 
(45 64 65) (116 117 119) (87 88 105 112) (87 103 107) (34 83 104) (82 123) (69 99 100 108 125) (37 45 77) (94 112) (128) 
(55 72 100) (96 114 124) (79 132) (34 76 89) (93 118 123 130) (73 80 100 112 120) (106) (65 89 109 110) (55 82) (26 32) 
(116 134) (54 97 140) (67 73 81 120) (92) (105 125 131) (109) (73 131) (80 124 129) (54 137) (56 70 130) 
(126 144) (38 40 45 90) (54 56 129) (104 134 147) (106) (108 114 154) (97 114 116 117) (98 99 122 157) (40) (93 139) 
(132 136 141) (106 134) (80 90) (80 90 157 162) (17 120) (45 93 103) (10 19) (51 134 151 152 155) (92) (66) 
(99 139 148 165) (99 112) (75 97 110 133 135 150 167) (85 141) (125 167) (98 99) (108 161) (34 95 97 117) (114 154) (89 127 130) 
(160 166 173) (69 107 108 140 160) (155 156) (126 149 179 183) (105 107 122 156) (142 169) (173) (66 140 163) (117 142 159 171 175 187) (43 71 79) 
(79 155) (64) (121 123 137 165 183) (115 179) (141 142 164) (111 138 150) (52 165 183) (55 63 142 191) (141) (154) 
(89 90) (183) (157 189) (192) (92 95 138 149 171) (184) (52 86 166) (162 192 202) (137 181) (104 148 173) 
(178) (177 204 211) (129 169 181 191 206) (28) (197) (104) (173 180 194 195 214) (98 151 188 207) (106 135) (91 144 146 171) 
(217) (34 48 61 92) (160 163 180) (63 90 93 121 175) (51 96 204) (168 170) (84 91 147 188 210) (67 73 159 165) (46 80 216) (97 185) 
(98 223) (130 199) (84 89 224) (77 153 160) (86) (204 216) (118 126) (146 162 213 236) (173) (94 119 161 235) 
(79 156 204 222) (172 227 232) (122 159 240) (71 152) (165 168 200 210 222) (216 227) (62 170) (89 107 150) (212) (121 130 218) 
(127 156) (127 169 203 230 241) (152 160 215 227 228) (244 246 252) (79 163 216) (123 147 233) (111 181) (109 128 142 179 251) (203 228) (62 82 167) 
(126 195 236) (116 121 178 208) (84 138 146 193 203 216) (107 151 233) (200 250) (78 122 167 214) (64 81) (50 81 128 190 204) (169 211) (210) 
(142 160 169 210 260) (114 136 267) (193 228) (71 118) (167 268) (155 169 185) (190 218) (213) (216 245) (105 179 183) 
(184 210 215 252) (260) (38) (193 209 265) (187 260) (148 240) (232) (164 186 262) (170 215 254 280) (80) 
(208 213 261) (119 152 273) (205 206 210 258) (241) (84 282) (102 260) (95) (202) (139) (169 173 202 220 225 247) 
(84) (166 187 243) (237 286) (199 257) (106 189 231) NIL (63 64 115 176) (109 191 232) (106 125 131 214) (160 239) 
(98 161 165 181 261) (13) (121 130 216 260) (168 224 232 263 288) (97 222 276) (164 168 259 287 292 306) (91 181 224 310) (145 230 294) (193) (88 146 170) 
(210) (185) (44 68) (221 308) (137 168 227) (141 244) (228 238 314) (318) (71 124 198) (271 301) 
(254 263) (95 196 209 224 240 258) (138 287) (129 202 324) (219 227 318 333) (141 307 310) (59 111 170) (327) (315 322) (183 201) 
(197) (136 254) (78 84 95 105) (139 145 194 245 268) (218 270 323) (101 213 235 256) (145 209 254) (252 286 309) (108 142 149 233 260) (253) )