(NIL (1) (2) (3) (4) (4) (5 6) (7) (5 6) (6) 
(8 10) (9 10) (12) (6) (7) (13) (16) (11 17) (18) (18) 
(14 19) (14 19) (15 22) (19 20) (21) (19) (22) (19) (21) (20 21) 
(22 25) (27) (20 22 28) (25) (12) (28 31) (32 33 36) (37) (37) (26) 
(23 37) (37) (24 27) (15 20 27) (14 17) (29 44 45) (41 46) (34 45) (41) (23 28 29 44) 
(29 42) (42) (30 36) (52) (24 47 48 52) (49) (47 51 52) (30 46 54) (15 54) (24 51 56) 
(30 39 47) (54) (38) (24 35 40 41 42) (24) (36) (39 46 59) (56 62 64) (49) (39) 
(59 68) (58 69) (20 29 35) (39) (72) (34 50 53 61 69) (50 55 67 71) (23 37 73) (39) (65 68) 
(47 48 50 73) (60 68 69) (38 71 78) (30 48 50 80) (43 46 49 65) (39 40 53 60) (52 65) (43 49 55 64 81 87) (63 78 87) (82 84) 
(36 48) (15 62 87) (83 84) (30 60 67 88) (80) (64 92) (59 61 78) (56) (75 91) (27) 
(68) (29 80) (34 39 45 59) (102) (43 81 90) (44 98) (39 75 95) (35 39 50 75) (35 61 67) (38 53 94 99 104) 
(74 79 81 82 87 106) (101 111) (41) (50 98) (61 111) (30 88) (34 82 96) (72 77 92 101) (88 105) (79 113 118) 
(78 107 120) (43 49 70) (95) (96 102) (34 58 67 95) (94) (55 99) (61 93) (45 63 83 123) (86 126) 
(99 120) (39 84) (76 112) (38 91 125 126) (103 119 128 132) (81 84 85 89 118) (69 97) (121 135) (118 129) (84 96) 
(74 91 116) (103 116 128) (100 110 125) (135) (57 69 74) (105) (120 133) (72 82) (56 109) (126) 
(34 80 97 98 122) (60) (112 131 145) (130 151) (135) (141 143) (83 99 154) (155) (145) (21) 
(150) (119 121) (53 60 116 122) (55 70 104 111) (153) (113 115 135 141) (66 86 101 110 135) (139 141 149 165) (34 38 50) (136 168) 
(90 163) (77 148) (76 144 162 167 168) (29 79) (57 79 85 110) (104 111 122 162) (57 100 108 114 125 158) (77 99 158 160) (169) (97 102 133 138 166) 
(79 82 161) (128 170 179) (44 54 69 152) (145 163 167) (110) (173) (125 133) (57 77 97 129 140) (109 124 140 146) (57 110 128 151) 
(121) (168 176) (97) (66) (27) (113) (136 180) (157 195) (109 124 146) (70 88 105) 
(24 42) (98 128 129 136) (108 170 189) (57 97 98 146 158 195) (115) (108 157 169 176) (122 129 133 152 158 193) (104 153) (51 68 137) (147 175 192 194 196 202) 
(99) (146 154 156 169) (70 85 133 173) (93 96 116) (51 73) (55) (108 172) (111) (139 181 195) (57 146) 
(61 191) (48 75) (117 158 163 206 216) (162 184) (114 160) (26) (114 178) (144 159) (111 131 150) (115 188 224 228) 
(59) (51 63 87) (95 98 184 215) (151 171 181) (147 170 179) (100 182 217) (76 85 90) (217 231) (133 174 194 238) (85 129 211 224) 
(177) (71) (43 84 131) (186 196) (164) (112 131 185 241) (135) (63 104 217) (123 141 159 172 199 209) (70 112 149 152 158) 
(128 132) (159 239) (159 171 199 210) (138) (116 127 247) (133 162 205 209 248 251) (168) (181 183 190 225 242) (165 199 233) (139 177 239) 
(196 203 222) (157 253) (164 167 202 218 234 257) (138 206 226) (97 176) (85 126 127 193 231 265) (208 223) (137 181 227 246) (235 240) (94 109 159 191) 
(257) (189 195 224 235 252 267) (66 103) (227 235) (144 247) (143 172 263) (97 170 172 245 246) (140 190) (164 173 206 261 266) (115 226 255) 
(117 172 188 212 216 237) (249 266) (180 208) (127 259) (157 160 233) (176 225 260) (169 189 195 249) (206 214 222) (193 194 246) (86 140 192 280) 
(228 279 284) (143 201 213) (88 93 191 216) (132 143) (166 171 181 199 204) (134 161 236 237 240 288) (89 223) (287) (70 158 208 238) (57 107 124 140 200) 
(157 268) (187 212 280 300 301) (114 208) (123 127 149 159 174) (215 274 299) (38 111 120) (88) (70 85 214 222) (185 279) (34) 
(247 301) (262) (38 104 121) (125 175 269) (175 186 252) (183 184 228 235 308) (215 287 301) (171 186 194 212 240 277 278 279 303) (266 297 300 310) (238 279 281) 
(166 181 184 185 194) (127 191 193 292) (160 246) (290 312) (116) (166 187 240 325) (181 232 233) (182 204 273) (178 243 312) (313 329) 
(158 226 292 308) (138 168 237 266) (111 155 174 247 307) (239 245) (166 282 309 315) (216 241 280 307) (172) (84 156 310) (89 142 181 191 218 308) (117 127 326) 
(38 99 140 148 265) (177 205 300) (142) (195 197 235 239) NIL (182 229 272) (177 187 314 327) (121 323) (89 204 270 302) (85 138 195 242) )