(NIL (1) (1) (1) (2 3) (4 5) (4 5) (6 7) (8) (8) 
(6 7) (6) (11) (9 12 13) (11) (9) (7 12) (10 14 15 16 17) (15 17) (12 15) 
(19 20) (20) (14 17 22) (18 21) (21 23) (25) (21) (24) (21 23) (22) 
(2) (25 28 29 30) (10 21) (17 30) (28 29) (10 26 27 29 30) (13 21) (35) (31) (27 31 35) 
(26 27 30) (24 36 39 41) (33 38 42) (43) (18 31) (45) (21) (26) (44 46 47 48) (41) 
(41 45) (26 27 32 37) (42) (16 20) (27 29 34 45) (37 40 46) (42) (42 51) (49) (52 58) 
(34 43 50) (49) (61) (35 48 50 58) (43) (44 46) (53 54 58) (17) (23 27 34) (49 58) 
(53 64 66) (37 57 59 62) (63 64 66) NIL (57 65) (50) (56 58 61) (53 60 63 69) (36) (37 63 74) 
(22) (67 73 77) (64 70) (54 72) (77) (32 83) (53) (33 39 79) (51 65) (52 70 74) 
(36) NIL (78 84) (58 79 84) (37 43 57) (71 88 92) (78) (49 54 74) (62) (65 81) 
(55 97) (71 73 92) (37 63 91) (37 63 67) (93 100) (78 84 85) (40 64 90 94) (66 75 105) (65 74 104) (86) 
(87 89 93 104) (65 83) (68 83 93 106) (37 63 86) (73 107) (97 107) NIL (62 71 73) (82 104 112) (103) 
(14) (83) (52 71 98) (55 66) (85 105) (32 82 88) (120) (75) (37) (85 94 95) 
(72 92 99) (131) (32 50 56 95) (116) (66 98 125) (55 104 118) (64 69 92 124 130) (97) (83) (135) 
(32 128) (77 98 115 116) (62 79 119) (40 44 52) (96 98) (77 79) (100 130) (52 69 94 127 141) (126 131 148) (76 99 116 138) 
(135) (53 110) (128 142 143 146 151) (108 122 145) (62 67 73 145) (56 138) (69 81 120 133) (73 112) (104 130 140 141 151) (142 158) 
(126 131) (87 120 145 151) (54 77 114 152) (83 101 151) (32 69) (122 126 129 131 160) (71 110) (56 64) (105) (64 66) 
(6) (87 103 123 147) (115 121 134 155 162 170) (90 147) (53 76 99) (89 149) (106 126) (40 83 101) (100 137) (68 83 136) 
(106 121 153 160) (138 169) (150) (90 135 170) (119 127) (82 163 173) (26) (82 86 162 182) (109 122 164) (181) 
(86 159 166) (82 106 120 155) (60) (181 186) (76 131) (85 112) (173 180) (150 176 195) (57 71) (189) 
(101 104) (98 171) (87 199) (160) (148) (121 134 161) (157 169 206) (196) (69 87 117 123 126 143 147) (125 130 154) 
(83 183) (102 159 160 198) (107 109 138 179 201) (155 165 181) (106 171 207) (93 106 180) (75 80 92 204) (200 211) (73 131) (117 124 197) 
(186) (111) (95 140 200) (113 154) (118 166 209) (55 148) (149 168) (135) (150 165 224) (40 80 180) 
(88) (102 163 215 223) (151 196 228) (146 196) (194) (154 172 216) (118 121 159 182) (136 206) (136 146 233) (118 128 152 187 217) 
(187 201 209) (108 191 220) (57 101 104) (141 142 155 213) (158 163) (82 168 174) (69 96 112) (206 223) (109 121 133 139 169) (142 237) 
(139 196 241) (108 152 209) (191 213) (109) (102 129 176) (110 212) (164) (78 148 231 254) (80 92 172 239) (96 157 166 205 209 212) 
(176 189 192 203) (164 198 254) (117 124 185 233) (224) (111 198) (114 135 157 217 249) (115 134 255) (190 219) (175) (80 127 204 242 257) 
(91 116 130) (107 152) (147 178 188 199) (167 178 235 255) (190 191 230 244 245) (95 155 162) (237 256) (147 195) (235 245) (214 253) 
(131 160 234) (106 174 191) (268) (160 229) (122 148 161) NIL (106 134 155 237 259) (68 212) (156 174 264 288) (138 157 216 241) 
(87 121 168 178 234) (117 210) (129 220 289) (228) (164 173 254 276) (207 291) (177 256 285) (102 189 233 249) (244) (124 133 197 241) 
(179 238) (213) (150 177 259 300) (130) (120 166 184 287) (173 180 299) (140 194) (130 156 170) (131 156 181) (235 244) 
(121 246 257) (181 213 232 292) (108 243 248 274 280) (200 234 250 310) (247 299 305) (253) (131 170 190) (106 138 140 145 175 254) (230 291 293) (156 184 235 284) 
(110 267) (209 217 318) (109 162) (169) (102 107 157) (245) (24) (241 283) (178 210 275 306 311 327) (212 270 279) 
(127 129 314) (184 212 261) (116 213) (190 293) (122 186 238 251 321) (127 278) (119 142 206) (138 221 248 270) (272 310) (109 184 330) 
(286 331 339) (185 190 251 264) (196 202 322) (167 180 184 251) (119 327) (96 262) (202 218 231 254 263 337 340) (154 161 203 233 260) (91 316) (190) )