(NIL (1) (2) (3) (4) (2) (4 6) (4 6) (5 7) (8 9) 
(4) (7 8) (5) (9 11) (10 12) (15) (6) (13 16 17) (14 16) (10 17) 
(12 13 14 17) (15 20 21) (11 15 17) (18 19) (14) (19) (24) (24) (16) (27) 
(30) (24) (31 32) (20 21 29 33) (22) (24 35) (21 24) (25 30 37) (26 34 36 38) (22 26 28 30) 
(28 32) (31) (27 29) (22 23 25 29 32) (34 44) (37 43) (31 35 37 40 43) (2) (35 45) (34) 
(33 40 46) (35) (38 51) (36 42 53) (41 54) (49 55) (28 38 48 49) (33 47 52) (41) (39 53) 
(35 44) (35 48 53) (38) (31 44) (49 51) (14 17) (38 49) (52 63) (56 57 59 62) (34 35) 
(42 47 64) (32 46) (23) (26 45 64) (28 50 67) (36 41 45 58) (39 57 61) (22 28 31) (61 68 70 72) (77) 
(30 32) (50 60) (54 73) (23 60) (50 58 59 71 77) (55 76) (45 51) (62 70) (50 56 73) (60 72) 
(49 53 58) (40 61) (56) (50 56 59 79) (50 72) (42 59 84) (36 57) (28 73) (80 84) (76 92 93) 
(25) (64 69 78 83) (84 87 91 93) (64 66 70 100) (45 61) (91) (14 29) (69) (62 67 79 82) (54 65 77 97 107) 
(58 71 87) (70) (72) (91) (68 84 106 112) (69 106) (65 80 81 100) (91) (75 116 118) (63 84 92 108) 
(42 51) NIL (68 119) (101) (56 66 76 92 99 122) (59 91) (71 94 115) (58 71 80 108 112) (23) (42 70) 
(123) (102 119) (65 95 99 109) (90 92 98 113 129) (77 98 114 130) (66 103 132) (55 77 101 134) (105 126 131) (71 95) (67 128) 
(70) (74) (85 89 104 107 114) (79 85 105) (68 78 105 142) (106 118) (125 134) (65 125 128) (105 127) (56 74 84 92 110) 
(86 126 133 134) (39 74 87 100 112 132) (75 125 146) (28) (67 95 102 144) (55 85) (94 123 137) (69 88 106) (42) (108 121 123) 
(147) (114) (51) (104 120 128 138) (157) (92 128 149) (84 130 144 156) (86 115 154) (8) (80 131) 
(57 96 159) (167) (143 167) (132) (59 117) (54 81) (111 149 151 165 170 173 175) (132 154 164) (127 147 173 178) (41) 
(102 143) (71 146) (82 117 131 152 166) (157 173) (65 100 102 145 160) (165) (92 116) (99 129 132 168 182) (69 83) (107 130 133 139) 
(95 99 141 157 176 183) (76) (130 157) (78 133 140) (73 94 119 120 121) (57 62) (196) (110 153 171 185 188 193) (65 104 159 165) (64 146 161) 
(194) (82 113 117 170) (85 97 136 166) (49) (88 89 133) (98 138 155) (142 171 176 188) (137) (86 118 161 189) (178) 
(132 135 142 149 172 176) (107 115 132 189) (114 120 138 149 204) (134 156 175) (111 142 201 204) (138 177 202) (93 156) (185 213) (99 109 143 202) (99) 
(126 217) (127 133 141 158) (100 115) (112 176 181) (108 135 170) (75 86 222) (62) (127) (109 129 138 159 163) (71 120 199) 
(128 187 220 226) (104 150 159 193 217) (119 143) (89 113 154 156 218) (103 163 193 208 211 213 231) (69 87 135) (86 118 190) (114 168) (139 150 151 156 193 202 226) (153) 
(142 190 239) (190 233) (50 146) (242) (137 159 209 223) (185 197 205 241 243) (65 109 158) (78 109 180 236) (74 93 98 187) (81 155 237) 
(173) (80 168) (245) (178 194) (104 136 180 188 245) (143 178 180 186 200) (72 148 181) (63 65 152) (42 49 70) (95 121 128) 
(135 176 179) (111 159 223 246) (144 178 180 213 224 241) (189 226 238) (174 215 236) (96 264) (114 132 230) (145 176 179 223 240) (82 123) (145) 
(125 191 199 205) (174 231) (216 255) (268) (98 174 247) (146 181 196) (151 161 201 235 238) (275) (188 225) (28 129) 
(205 221) (143 212) (85 92 176) (152 159 212) (268) (276) (163 245) (133 150) (74 273 281 282) (158 234 270 281) 
(90 120 138 221 276) (195 262) (161 265) (197 233 259) (225 230 239 271) (52 69 95 96 220) (213) (135 170 207) (141 157 188) (87 104 245) 
(155 197 222 300) (146 238 265) (77) (152 153 169 254 282 288) (121 143 202 240 259) (40 169) (189 230 305) (120 158 220 223 276) (239) (101 234 238) 
(117 232) (211 233) (173 174 202 277) (208 236 251) (206 289) (117 233 253) (134 156 164 166 219) (102 196 232 247 248) (78 113 121 150 306) (150) 
(120 141 294) (89 215 277) (213) (228 297 299) (288) (156 193 205 280) (201 232 272) (274) (152 173 174 247 266 322) (198 234) 
(119 252) (152 279 287) (134 237 272) (126 294) (169 297) (176 225 282) (187) (304 320) (98 228 247 258) (301 309) 
NIL (170 304) (261) (294 332) (44) (111 147 186 202 318) (194 209 240 318) (127 142) (136 210 234 340) (255 260) )