(NIL (1) (2) (3) (4) (4) (5 6) (7) (5) (7) 
(7) (10) (9 12) (8 11) (14) (15) (13 15) (16 17) (18) (17) 
(19) (21) (12 15) (6) (18 23 24) (20 21 23) (11) (25) (20 24) (17 27) 
(27 28) (18 23 29) (21 27) (22 25 30) (25 32) (10) (26 33) (37) (19 25) (31) 
(35 37 40) (27 39) (34 37) (43) (43) (18) (8) (28 45) (28) (9 10 16) 
(22 41 49) (45 51) (19 23) (25 38) (38) (41) (26 30 36) (31 38) (52) (44 50 56) 
(41 54) (28 44) (19 30) (41 44 47 49) (61) (59 60) (48) (38 45) (43 51 58) (56 58) 
(42 46 60 61 69) (36 39 48 54 66) (59) (20 34) (29 54) (36 73) (46 51 61 63) (48 57 69) (72 76) (58 64 75) 
(59) (26 27 32) (53 55 65 82) (82) (53 69) (47 66 77) (31) (64) (30 83 84) (51 80) 
(81) (61 81) (86) (69) (42 61 79 90) (57 62 81) (73) (50 59 64) (67 79 84 91) (8) 
(67 68 89) (74 75 83) (74 85 93 96) (66 102) (46 55 75 88) (92 94 98) (90) (39 69 83 91 93) (39 103) (42 76 98 102 108) 
(79 80) (55 85) (108 111) (53 71 99) (42 77) (42 58) (92) (79) (70 90 96) (42 77 100) 
(97 107 108) (103) (90 106) (65 114 115) (58 66) (113) (83 95 112) (28) (89 126) (85 92) 
(103 107 124) (54 58 67 91) (75 99 101 120) (76 78 80) (57 87 114) (134) (88 117) (113 127) (104) (106 113) 
(57 82) (82 107 115) (42 68 119) (131) (53 55 56 96) (131 139) (140) (47 101 104) (96 101 113 135) (116 126) 
(131) (98 138) (77 84 97) (42 91 119) (97 98 118 126 133) (122 129 130) (106 107) (89 120 121) (72 105 107 110 112 120 153) (129 146) 
(110 135) (90 133 136 148) (146) (95 143) (48 85 89) (36 46 51 116) (130 152) (163) NIL (101 130 138 139 142 164) 
(160 164 169) (108 120) (123 140 154) (146 152) (87 88 92 160 163) (73 108 148) (142 150 174) (87 162 168 170) (43 54) (107 117 179) 
(39 101 119) (57 106 108 130 169) (83 86 118) (135 136 158) (114 155) (88 98 116 129 133) (120 170) (87 102 127 151 181) (29) (40) 
(90 116) (127 137 150 168) (79 107 166) (181 182) (136) (139 144 179 186) (88 95 158 161 172) (129 132 151) (125 130 140) (83 115 180) 
(109 179 187) (113 141 166) (131 138) (141 170 200) (87 97 148 198 203) (127 182 197) (124 157) (74 136 138 141) (189) (87 151) 
(121 122 131 145 185) (85 120 202) (116 117 159 176 207) (202) (103 123 154 187) (108 124 189) (109 189) (20) (183 212) (187) 
(105 211) (117 132 169 170 190 211) (112 121 142 194 195) (87 114 122 148 186) (169 203) (167 168 176) (62 95 153) (117 189 203) (211) (89 100 225) 
(217 224) (181) (147 151 156) (163) (66) (184 210) (172 199 232) (120) (87 103 179 199) (163 171 205 220 233 239) 
(171 207 233) (135 166 230) (115) (128 194) (229 240) (130 216 242) (70 77 127) (203) (71 117 147 187) (121 152 190 212 246) 
(156 174 196 246) (89 119 174) (177 251) (140 204) (132 241 250) (100) (129 179 193 252) (138 156) (188 192 199 226 236) (249 250) 
(109 132 173) (120 161 171) (194 222 246) (213 224) (206) (141 203 247) (161 205) (138 186 232) (110 122 176 199 250) (177 249) 
(70 131 169) (166 171 227 238) (155 210 213 233 253 256) (164 207) (167 199 273) (174 178 245 263) (141 157 188) (73 74 82) (13) (128 237) 
(107 155 164 173) (148 263) (264) (114 153 208 235) (202 270) (124 185) (95 117 122 176 210) (155 201 204 208 225 257) (149 171 182) (237 242) 
(228 259 263) (155 219) (132 273 285) (215 216 244) (137 167 188 212 265) (111) (109 186 225 243) (183 206 211 230) (216 297) (181 201 255 265) 
(78 154 160 163 200 246 256) (135 193) (292) (136 280 300) (88 141 261 276 286) NIL (213 226 235 249 288) (136 219 275) (150 256) (285) 
(203 264) (165 240 292) (149 263 265) (288 290) (55 132 153) (117 240 248 286 300) (109 138 232 236 292) (204 259 269 306) (155 188 192 193 220 311) (157 162 201 215 225) 
(281 295 304) (289) (283) (123 211 273 300) (266 293) (136 177 220 233 263) (192 240 261 304) (127 287) (237 263) (109 219 242 268) 
(5) (251 279) (184 206 225 272) (308) (265 292) (254 263) (214 215 334) (120 223) (131 194) (129 210 290) 
(78 215 220 266 289 339) (137 188 214 233 268 331) (197 229 252 261 326) (198 227 236 243) (179 302) NIL (89 161) (214 218 221 313) (110 271 292 328) (193 240 304) )