(NIL (1) (2) (3) (3) (5) (3) (4 5) (8) (9) 
(9) (9) (7 12) (1) (1) (6 7) (6 13 15) (13 14) (13 16) (16) 
(10) (17 18) (10 19) (11 20) (11 13 14 20 21) (10 12 24) (22 23) (18 25) (25 27) (29) 
(14 15 19) (31) (30) (21) (25) (14 15 26 34) (29 34) (18 31) (37) (10 11 18 31) 
(34 35) (27 36) (33 38) (37 38) (36) (26 31 37 41) (30 40) (33) (13 26) (22 32 38 41) 
(33 36) (37) (27 50) (53) (43 51) (14 20 34) (43) (30 36 46) (13 26) (39 52 54 57) 
(26 28) (39 45 49 61) (48 51 60) (40 48 56) (32 48 49) (23 34 38 49) (28 49 50) (55 62) (46 50) (27 34) 
(32 42 61) (61) (36) (32 64) (12) (42 43 45 66 69 74) (28 74) (39 54 74) (23) (24 41 47 56 57) 
(55 73) (59 66 71) (12) (45 69) (68 69 79) (60) (28 78) (59 63 87) (40 48 51 62) (44 47 79 87) 
(36 43 53 65) (62 67 76) (57 59 66 68 77) (70 86) (73 93) (26) (29 49 83) (65 67 83) (45 73 79) (44 52 59 68) 
(43 65 84) (85) (42 80 95 98) (72 102) (52 72) (28 84 97) (58 92) (46 57 64 89 100) (93 102) (68 74 96) 
(78 91 92) (54) (98) (44) (75 112) (80) (65 106) (67 73 108) (45 83 88 90) (52 102 103) 
(92) (75 82 92 110) (17 20 31 34) (95) (67 70 80) (47 101 102 105 118) (55 65 90) (42) (42 77 90) (64 69 123) 
(64 66 97 100 123) (123) NIL (78 120) (92 113) (104 122) (52 106) (88 108) (53 82 109) (76 81 94 115) 
(95) (63 75 81 118 134) (101) (73 129 131) (52 73 79) (88 97 110) (67 100 140) (111 135) (44 60 67) (96 111 131 139) 
(115 144) (44 89 111) (42 61 70 77) (36 67 72 114 115) (143) (70 101 137) (113 138) (63 87 96 107 108 125 156) (93 147 151) (84 95 139) 
(58 86 111 113 136) (136) (143 157) (139 158) (81 93) (79 118 121 143 146 157) (78 91 99 124) (109 161) (51 115 153) (133 151) 
(127 156) (78 83) (96 101 111) (134 141 147) (58 150) (60 106 123 152) (88 142) (125 150) (120 159 168) (72 158 173) 
(121 148 151) (150 166) (105) (72 75 81 164) (42 83 165) (103 115) (161) (117 118 148) (130) (104 130 144 180) 
(169) (94 142) (95 146 148 163) (87 104 126) (120 141 154) (76 98 169) (148 164 177 186) (92) (88 156 162) (136 163 181) 
(110) (53 59 84 85 201) (88 118 185) (90 100 112 199) (42 145) (174) (131) (130 169 184) (163 166 201) (160) 
(82 103 148 190) (58 78 104 147 186) (129 149 163 172 204) (148 213) (117 170 207) (162 181) (213) (174 175 212) (102 111 113 154) (58 129 156 192) 
(126 130) (109 119 142 200) (63 130) (153) (130 159 162) (107 212 223) (79) (157 184 187 192) (115 144) (109 183 199) 
(84 167 218) (120 123) (173 228) (119 124 159 182) (186 203 215) (144) (148 150 157) (147 184) (123 126 152 191) (182 203) 
(48 84 125) (118 136 238) (209 210 226) (29) (104 106) (135 154 171 183) (70 102 118) (67 90) (185 190 223) (210) 
(126 135 208 249) (118 191 231) (140 211 230) (122 237) (126 237) (109 143 147 211) (66 163 205) (215 257) (183 213 258) (142 178) 
(89 98 114 141 145 156 183) (256) (143) (146 226) (82 146 220) (51) (114) (168 225 260 265) (85 94 143 229 235 246) (203 262 264) 
(82) (127 139) (93 108 156 176) (182 188) (124 141 145 149 211 221 246) (110 218 227) (143 175 261) (156 162) (215 266 270) (56 68) 
(105 184 217) (160 220) (141 198 202 228 274) (124 244) (230) (209 259) (184 226 284) (94 111 217 224) (115 194) (157 231 244 282) 
(72 205 223) (167 221 245) (182 249) (128 253 284) (82 193 203 280) (244) (163 204 284) (274) (114 119 287) (203 246 247 277) 
(170 263 293) (108 146) (144 267) (242 286 303) (268 269) (191 225 247 261 263 269) (149 258 298) (294) (141 183 200 203 213 291) (121 139 203) 
(91 132 139 157 289) (137 209) (273 284 293) (86 198 201) (179 263 309) (277) (301) (76 183 257) (105 166 186 263 310) (99 174) 
(217 219 304) (155) (43 70 98) (199 222 260) (116 289) (79 176 203) (91 215 271 281 302) (178 191 208 285) (243 280) (189) 
(265 278 330) (200 305) (153 210 264 311 318) (142 172 301) (231 287 317 334) (325) (317) (188 209 242 336) (290) (99 189 259 303) 
(226 325 332) (141 245) (262 273) (245 251) (266 288 334) (281 314) (90 245) (252 309) (200 208 277 301) (149 196 294 336) )