(NIL NIL (2 1) (2) NIL (5 4 1) (6) (3 7) (8) (9) (10) (11) (12) (13) (14) (15)
 (13) (17 16) (17 15) (19 16) (19 16) (21) (17) (18 20 22) (24 23) (24 23) (26)
 (25 27) (25 27) (29) (30) (28 31) (32) (33) (31) (35 32) (34 35) (37) (36 38)
 (39) (40) (41) (42) (36 37) (42 44) (43 45) (46) (43 45) (46 48) (49 47)
 (47 48) (49 51) (50 52) (53) (53) (54 55) (54 55) (57) (57 56) (59) (58 60)
 (61) (62) (58 59) (62 64) (65) (66 63) (67) (68) (63 64) (68 70) (68 70)
 (69 72) (73 71) (74) (74) (76) (77) (75 78) (79) (80) (80) (82) (81 83)
 (81 82) (81 82) (84 86) (84 85 86) (88) (87 88) (83 85 86) (89 91) (90 92)
 (93) (94) (94) (95 96) (97) (95 96) (97 99) (97 99) (98 101) (98 100 101)
 (101) (103 104) (103 104) (106 102) (105 107) (105 107) (108 109) (110) (111)
 (112) (111) (114) (113 115) (116) (117) (118) (119) (117) (121 120) (122)
 (123) (123) (122) (124 125 126) (127) (128) (129) (129) (131) (132) (133)
 (130 134) (135) (136) (137) (138) (136) (139 140) (141) (141) (143) (144)
 (145) (146) (147) (145) (145) (148 149 150) (147 142 150) (148 152) (153 149)
 (154) (155 151) (156) (157) (157) (158 159) (159) (161 160) (162) (161 160)
 (164) (162 165) (166) (163 167) (168) (167) (170 168) (170 163) (169 172)
 (171 173) (171 173) (174 175) (176) (177) (178) (173) (179 180) (181) (182)
 (182) (182) (185 183 184) (186) (187) (188) (189) (189) (190 191) (190 191)
 (193) (194) (195 192) (196) (194 192) (196 198) (199) (197 199) (201 200)
 (202) (202) (204) (205) (205) (207) (208) (209) (210 206) (210 206) (212)
 (203 213 211) (214) (215) (214) (217) (218 216) (217) (219 220) (221) (222)
 (223) (222) (225) (226 223) (227) (228) (229 224) (230) (231) (232) (232)
 (233 234) (235) (236) (236) (235) (238 239) (240) (240) (242 237) (242)
 (241 243 244) (245) (246) (247) (247) (246) (249 250 248) (251) (252) (253)
 (252) (253 255) (253 255) (257) (257) (259 254) (258 259 256) (261) (261 254)
 (262 263) (260 264) (265) (265) (267) (268) (269) (268) (270 271) (272)
 (273 266) (274) (275) (274) (275 277) (276 278) (276 278) (280) (281 279)
 (281) (280) (283 284) (285) (282 284) (286 287) (288) (288) (289 290) (291)
 (292) (293) (294) (295) (296) (296) (298) (297 299) (297 299) (300 301) (302)
 (303) (304) (305) (306) (307) (302) (306 309) (307 310) (311) (312) (313)
 (314 308) (314 308) (316) (316) (315 317 318) (318) (318) (313 308)
 (322 315 317 320) (321 323) (322 319 320) (324 325) (321 322 319 320)
 (323 325 327) (326 328) (329) (330) (331) (332) (333) (334) (335) (336) (337)
 (338) (336) (338 340) (339 341) (339 341) (342 343) (344) (345) (346) (347)
 (347) (348 349) (350) (345) (351 352) (353) (354) (355) (356) (353) (355 358)
 (356 359) (357 360) (361) (361) (362 363) (364) (362 363) (366) (365 367)
 (368) (369) (370) (369) (368) (370 373) (372 374) (375) (376) (371 376) (378)
 (377 379) (380) (381) (382) (383) (384) (381) (386 384) (385 387) (388) (388)
 (389 390) (391) (392) (392) (394) (393 395) (393 395) (397) (391)
 (396 397 399))