(NIL (1) (2) (2) (4) (3 5) (6) (7) (7) (9 8) (10) (10) (11 12) (13) (13) (12)
 (14 15 16) (15 16) (17 18) (19) (19) (21) (20 22) (20 21) (22 24) (24) (26)
 (25 27) (28 23) (29) (30) (31) (30) (33) (34 31) (35 32) (35) (33) (34 38 31)
 (36 37 39) (36 39) (41 37) (36 38) (43 39) (41 43 40) (42 44 45) (46) (47)
 (48) (49) (50) (49) (49) (51 53) (54) (52 55) (56) (57) (58) (59) (60) (60)
 (62) (62) (61 64) (63 64) (66 61) (67) (68) (69) (65 70) (68) (71 72) (73)
 (65 69 72) (73 75) (75 70) (74 76 77) (78) (79) (79) (81 80) (82) (83) (84)
 (85) (86) (86) (84) (89 88) (90) (91) (89 87 88) (93) (92 94) (95) (96) (96)
 (97 98) (99) (100) (101) (99) (102 103) (102 103) (105 104) (106) (107) (108)
 (105 104) (106 110) (111) (108 112) (107 111) (113 114) (115 109) (116)
 (115 109) (115 109) (116 118 119) (117 120) (119) (122 120) (123) (123) (125)
 (121 124 126) (117 126) (124 128) (121 124 126) (130 128) (129 131) (132)
 (133 127) (132 127) (134 135) (136) (137) (137) (139) (138 140) (141) (142)
 (142) (141) (145 143) (146) (146) (147 148 144) (149) (150) (149) (150 152)
 (152) (153 154 151) (155) (155) (155) (156 158) (158) (157 160) (161 159)
 (162) (163) (164) (161) (164 166) (167) (165 166) (169 168) (170) (170)
 (171 172) (173) (174) (175) (176) (176) (177 178) (179) (179) (181) (180 182)
 (183) (184) (184) (184) (183) (186 187 188) (185 189) (190) (185 189)
 (190 192) (193 191) (194) (195) (196) (196) (198) (198) (197 199 200) (201)
 (196) (202 203) (202 203) (204 205) (204 205) (206 207) (208) (204 205)
 (209 210) (211) (211) (212 213) (214) (214) (216) (216) (217 218 215) (219)
 (219) (221) (220 222) (223) (224) (225) (223) (225 227) (225 227) (226 229)
 (230) (231) (228 232) (228 232) (234) (235) (233 236) (237) (238) (239) (240)
 (241) (242) (243) (241) (245) (244 246) (247) (244 246) (244 246) (250 247)
 (251) (249 252 248) (249 251 248) (252 254) (253 255) (256) (256) (258)
 (257 259) (259) (260 261) (262) (263) (264) (265) (266) (266) (268) (267 268)
 (269 270) (271) (272) (273) (274) (273) (272) (275 277) (278) (276 279) (278)
 (281 280) (282) (283) (284) (285) (286) (286) (288) (289 287) (290) (289)
 (291 292) (293) (294) (293) (291 292) (297 294) (298 296) (299) (300) (297)
 (300 302 295) (300 302) (301 303 304) (301 295 304) (306) (305 307) (308)
 (309) (305 307) (309 311) (310 312) (313) (314) (313) (315 316) (313)
 (315 318) (317 318) (320) (321 319) (322) (323) (324) (325) (325) (326 327)
 (327) (329 326) (330) (331 328) (331 328) (333) (332 334) (335) (335)
 (337 336) (338) (339) (340) (341) (342) (343) (343) (345 344) (345) (347)
 (348) (349 344) (350) (346 351) (352) (353) (351) (353 355) (356) (357) (357)
 (358 359) (354 360) (361) (362) (362) (363 364) (365) (366) (367) (366) (369)
 (370 367) (371 368) (372) (370 367) (369 367) (372 375) (373 376) (377) (378)
 (379) (380) (378) (381 382) (374 383) (374 382) (385 384) (385 381) (387 384)
 (388) (389) (390) (386 391) (392) (393) (392) (394 395) (396) (397) (398)
 (399))