(NIL (1) (1) NIL (4 2) (2 3) (4 6) (7) (5 8) (8) (7) (11) (12) (9 13) (14) (14)
 (16) (12) (10 18 16) (18 14) (11) (17 20 21) (10 22 15) (23) (24) (25) (26 19)
 (27) (28) (28) (30) (31) (31) (33 29 32) (33 29) (35 32) (31) (31) (37 38)
 (35 38 32) (34 39 40) (25) (42 36 38) (41 43) (44) (45) (33 42 29) (44 47)
 (48) (49 46) (46 47) (49 46) (52) (53 51) (53) (55 54) (55) (50 57 54) (58)
 (58) (56 59 60) (61) (62) (62) (64) (62) (66 63) (67) (68) (65 69) (69 64)
 (65 71) (69) (65 73) (73 64) (65 75 71) (74 75 72) (76 77 70) (78)
 (74 75 70 71) (76 77 80) (80) (82 76) (81 83 79) (84) (84) (86) (85 87) (84)
 (89) (89 85) (91) (90 92 87) (90 91 87) (94) (92 95) (96) (94 88) (98 92) (99)
 (99 95) (97 101 93) (102) (98 96) (97 104) (105 102) (106 100) (93 104)
 (106 108) (108 102) (105 100 110 103) (108 100 103) (109 110 112) (110 112)
 (109 112) (107 115 111) (113 115) (107 117) (114 116 118) (117 111) (116 120)
 (121 119) (121 119) (123) (114 116 120) (123 125) (126) (124 125)
 (114 116 120) (119 120) (130 123) (131) (122 131 127) (129 124 133)
 (131 124 127) (129 132 133 135) (134 136) (137 128) (138) (138) (139 140)
 (141) (142) (137 128) (141 144) (145) (146 142) (146 142) (147 148 143) (148))