(NIL (1) NIL (3 1) (4) (4) (4) (7) (4) (9 6) (10 2) (11 8) (12) (13) (12) (15)
 (13 5 15) (17) (11) (19 13) (17 20 16) (18 21) (20 5) (14 23) (18 14)
 (24 25 22) (26) (24 25 16) (28 22) (26 28) (30) (30) (27 32) (33 29) (34 31)
 (35) (34 31) (37) (35 38) (38) (36 40) (41) (41) (36 37) (43 44) (41 44)
 (42 43 46 39) (43 46 39) (48) (45 48) (50) (46 39) (52 45 48) (49 42 53) (54)
 (54) (51 53) (57 56) (57 56) (59 55) (60) (59) (59 47) (60 63) (61 64) (61 64)
 (66 62) (65 58 67) (68) (69) (58 62 66) (68 71) (72) (65 66) (74 68 71) (75)
 (73 76) (77 69) (77 70) (79) (74 70) (81 75 72) (81 79) (82 83 78) (83 78 80)
 (85) (86) (87) (88) (89) (89) (91) (84 87) (90 93) (87) (90 92 95) (94 96)
 (91 94 95) (98 92) (99 96) (98 96) (98 92) (97 100 101 102) (103) (104)
 (99 102) (97 106 100) (107 103) (107) (107) (110 103) (109 111 104) (112)
 (110 104) (114 112) (114) (115 116) (108 117) (118) (119) (105 113 120)
 (113 116 108) (122 120) (121 123) (122 119) (124 125) (126) (121 123 125)
 (126 128) (129) (128) (130 131) (132 127) (133) (126 128) (130 135) (136)
 (137 131 127) (138 134) (137) (140 133) (141) (131 140) (134 143)
 (138 134 143 142) (145 139 144) (146) (145 144) (139 140) (149 141))