(NIL NIL (2 1) NIL NIL (5 4 1) (2 6) (2 1) (8 6) (9 3) (10 7) (4 2) (9 12 3)
 (10 13) (14) (15 7) (11 15) (17) (10 13) (19 11 16) (18 20) (21) (22) (23)
 (22) (22) (25 26) (26 23) (28) (29) (25 30 24) (31) (27 32) (27 32) (25 26 23)
 (35 32) (33 36) (34 37) (34 37) (39) (35 32) (33 41 36) (42 40) (43) (44) (45)
 (44 38) (46 47) (48) (46 47) (49 50) (51) (49 50) (53) (53) (52 55) (56) (56)
 (58) (51 55) (55) (61 56) (60 54 62) (57 59 62) (60 64) (65 54) (65) (67 63)
 (66 68) (69) (66 68) (67 54) (63 72) (73 66 68) (72) (73 75 69 71) (74 75)
 (69 77) (71 78) (76 78) (79 80) (74 76 70) (82 77) (82) (79 84 83) (80 84)
 (86 85) (86) (86 83) (89 81 85) (89 88 85) (79 80 82) (87 90 91 92) (90 88 92)
 (87 81 91 92) (95) (94 96) (94 93 96) (96) (98 99) (100) (100) (100) (99)
 (98 104) (97 105 100) (101 102 104) (106 107 103) (108) (108) (109 110) (111)
 (112) (110) (110) (115 112) (113 114 116) (115) (117 118) (110) (117 118 120)
 (119 120) (122) (121 123) (121 123) (119 120) (115 111 120) (124 127) (128)
 (122 127) (129 130 126) (131) (131 125) (129 130 125 126) (130 128) (133 135)
 (132 133 135) (137 136) (138 134) (137) (138 140 134) (139 141) (141)
 (142 143) (144) (145) (146) (147) (148) (147))