(NIL NIL NIL NIL (4 3 1) (3) (6 2 1) (2 5) (8) (9) (10 7) (10 6) (7 8)
 (12 11 13) (10 13) (14 15) (16) (17) (18) (19) (20) (20) (21 22) (23) (24)
 (20) (26 24) (26 23) (28) (29) (30) (30) (27 30) (33) (25 34) (35) (36)
 (25 34 32) (38 31) (39) (40) (40) (42 35) (43 36) (39) (44 45) (37 46) (37 46)
 (48) (42 45) (49 50) (51) (52) (41 53) (51 47) (41 53 55) (56) (57 54) (49 50)
 (59 55) (60 53) (41 61) (62 54 56) (63) (58 64) (65) (54 62) (67 64)
 (58 67 64) (68 69) (69) (65 67) (69 72) (66 72) (73 74 70) (72) (74 76 69)
 (76 70 71) (78) (75 79) (74 79) (81) (82 80) (75 79) (84 77 80) (81 85) (85)
 (83 86 87) (88) (89) (86 87) (89 91) (92) (93) (90 94) (95) (96) (96) (98)
 (99) (97 100) (101) (95) (99 103) (101 103) (95) (106 102 104) (105 107) (108)
 (109) (110) (105 106 102 104) (108 112) (108 112) (114 111) (113 115)
 (114 111) (114 109) (112) (115 118 119) (106 102 104) (121 116) (122 118)
 (123 117) (121 115 117 118) (125) (123 126 119) (127) (128 124 120) (129)
 (122 126) (131 128) (124 132) (130 133) (134) (129 132) (136 130) (134)
 (136 138) (137 139 135) (137 139 135) (141) (142) (143) (142) (145) (146)
 (140 141) (148) (147 149 143))