(NIL NIL NIL NIL (4) (5 1) (3 6) (6) (6) (7) (9 2 10) (11) (12) (8 10) (14)
 (14 12) (16) (15 16) (17 15 13) (19) (20 18) (21) (21) (23) (20 18) (25 21)
 (26 24) (25 21) (27 28 22) (29) (28 24) (30 31) (30 31) (33) (34 32) (35) (36)
 (37) (35) (33 32) (40) (41 35) (42 38) (42 37 39) (42) (43 45) (43 45 39) (45)
 (41 38) (49 47 48) (49 46 47 48) (49 46 47) (52 48) (51 44 53) (54) (52 44)
 (56) (53 56) (57 58 54) (59) (50 59) (50 59 55) (58) (57 63 55) (61 64)
 (59 63) (66) (67 62) (68) (68 64) (61 70) (60 69 70) (72) (65 71 72) (65 67)
 (73 75) (75 72) (73 77) (74 77) (79) (73 77 71) (81 74 76) (81 79) (83 76)
 (83 76 80) (82 84 85) (86) (84 85 78) (85) (89 82 88) (90) (89 78) (92 86 88)
 (90 93) (93 87) (90 93 87) (91 94 96) (97) (97) (99) (98 100) (101) (95 96)
 (101 103) (102 104) (104) (105 106) (106 102) (105 108) (105 108) (110)
 (107 109 111) (112) (113) (111) (113 115) (114 116) (116) (118) (117 118)
 (116) (121 117 119) (121 118) (123 117) (124 119) (122 123 120) (125 126)
 (122 123 120) (124 128) (129 126) (130 125) (129 125) (127 128) (130 133)
 (130 133) (131 134 135) (132 136) (136) (137 138) (137 138) (135) (137 138)
 (142) (143 141) (139 140 144) (139 144) (146) (147) (147) (140 144))