(NIL NIL (2) NIL (4 1) (5) (6) (2 6) (4 3) (9 1) (10 7) (3 6) (12) (13 7) (14)
 (13 10) (16 7) (16 11) (13 9) (19 11) (8 20 17) (20 17) (8 19 10 7) (16 23)
 (22 24) (25 21 18) (26 15) (26 14) (27 28) (21 14 22 18 24) (30) (15 31)
 (26 32) (31) (25 31) (33 34 35 29) (29 30) (36 37) (38) (39) (40) (40) (42)
 (43) (44) (41 44) (46) (46) (45 46) (46) (49 50) (49 50) (49 50 47) (53) (54)
 (51 55) (51 54 48) (57) (58) (58 52 55) (60) (57) (60 62) (63 56) (64)
 (59 61 63 56) (66) (65 66) (61 63) (68 69) (70) (70) (67 72) (71 72) (73 74)
 (74) (76) (67 77) (67 72) (78 79) (75 80) (81) (80) (83) (82 84) (75 83)
 (85 86) (82 83) (84 88) (75 83) (90 85) (89 90 85) (92) (93 86) (91 94)
 (95 87) (94) (97 95) (98 87) (94) (97 100) (98 101 87) (99 102) (91 101)
 (99 104) (105) (106 103 96) (106 103) (105 103) (106 109 96) (109 96)
 (108 111) (112) (113) (114 107 110) (114 110) (107 116) (107 116) (115 118)
 (119) (120) (121 117) (117 119) (123) (124) (122 125) (122 125) (127) (127)
 (127) (130 126) (131 128) (129 132) (132) (129 131) (129 130) (136 126 128)
 (137 133 135) (132 136) (139 135) (137 139 133 135) (133 135 136) (138 142)
 (139 134 143) (144) (141 143) (146 140) (147) (147) (149 134))