(NIL NIL (1 2) NIL (2 4) (1 4) (5 3 6) NIL (4 8) (2 8) (9 5 10) (1 8) (9 6 12)
 (3 10 12) (11 13 7 14) NIL (8 16) (4 16) (17 9 18) (2 16) (17 10 20) (5 18 20)
 (19 21 11 22) (1 16) (17 12 24) (18 24 6) (25 26 19 13) (3 20 24)
 (25 28 21 14) (26 7 28 22) (27 29 15 23 30) NIL (16 32) (8 32) (33 17 34)
 (4 32) (33 18 36) (9 34 36) (35 37 19 38) (2 32) (33 20 40) (34 40 10)
 (41 42 35 21) (5 36 40) (41 44 37 22) (42 11 44 38) (43 45 23 39 46) (1 32)
 (33 48 24) (34 12 48) (25 49 35 50) (6 36 48) (49 26 52 37) (50 52 13 38)
 (27 53 51 39 54) (3 48 40) (41 49 28 56) (42 56 14 50) (57 58 43 29 51)
 (7 44 52 56) (57 53 60 45 30) (58 60 46 15 54) (31 47 55 59 61 62) NIL (32 64)
 (16 64) (65 33 66) (8 64) (65 34 68) (17 66 68) (67 69 35 70) (4 64)
 (65 36 72) (66 72 18) (73 74 67 37) (9 68 72) (73 76 69 38) (74 19 76 70)
 (75 77 39 71 78) (2 64) (65 80 40) (66 20 80) (41 81 67 82) (10 68 80)
 (81 42 84 69) (82 84 21 70) (43 85 83 71 86) (5 80 72) (73 81 44 88)
 (74 88 22 82) (89 90 75 45 83) (11 76 84 88) (89 85 92 77 46) (90 92 78 23 86)
 (47 79 87 91 93 94) (1 64) (65 96 48) (66 96 24) (49 97 67 98) (68 12 96)
 (97 50 100 69) (25 98 100 70) (51 101 99 71 102) (6 96 72) (73 97 52 104)
 (74 104 98 26) (105 106 75 53 99) (76 13 100 104) (105 101 108 77 54)
 (106 27 108 78 102) (103 107 109 110 79 55) (3 96 80) (81 97 112 56)
 (82 28 112 98) (57 113 83 99 114) (100 84 14 112) (113 58 101 85 116)
 (114 116 29 86 102) (103 115 117 118 87 59) (7 104 112 88) (89 105 60 113 120)
 (90 120 30 114 106) (107 115 121 122 91 61) (116 92 108 15 120)
 (109 117 121 124 93 62) (110 31 118 122 124 94) (111 95 119 123 125 126 63)
 NIL (128 64) (128 32) (129 65 130) (128 8) (129 68 132) (130 132 34)
 (133 134 131 69) (128 4) (129 136 72) (130 36 136) (73 137 131 138)
 (9 136 132) (133 137 76 140) (134 140 38 138) (141 135 77 139 142) (128 2)
 (129 144 80) (130 144 40) (81 145 131 146) (10 144 132) (133 145 84 148)
 (134 146 148 42) (149 135 85 147 150) (5 144 136) (137 145 152 88)
 (138 44 152 146) (89 153 139 147 154) (11 140 152 148) (153 149 92 141 156)
 (154 150 156 142 46) (151 155 157 158 143 93) (128 1) (129 160 96)
 (130 160 48) (97 161 131 162) (12 160 132) (133 161 100 164) (134 162 164 50)
 (165 135 101 163 166) (6 160 136) (137 161 168 104) (138 52 168 162)
 (105 169 139 163 170) (140 13 164 168) (169 165 108 141 172)
 (170 166 172 142 54) (167 109 171 173 174 143) (3 160 144) (145 161 176 112)
 (146 162 176 56) (113 177 147 163 178) (148 14 164 176) (177 165 116 149 180)
 (58 178 180 150 166) (151 167 179 181 182 117) (7 168 176 152)
 (153 169 184 177 120) (154 178 60 184 170) (155 185 179 121 186 171)
 (156 180 184 15 172) (188 157 173 181 185 124) (174 158 182 186 188 62)
 (125 175 159 183 187 189 190) NIL (192 128) (192 64) (129 194 193) (192 32)
 (130 196 193) (65 194 196) (195 197 131 198) (192 16) (194 200 66)
 (33 200 196) (67 201 198 202) (192 8) (204 193 132) (194 68 204)
 (133 195 205 206) (34 196 204) (134 208 197 205) (208 69 198 206)
 (209 210 135 207 199) (17 204 200) (212 201 70 206) (35 212 202 208)
 (210 213 71 203 214) (192 4) (216 193 136) (194 216 72) (137 217 195 218)
 (36 196 216) (217 138 220 197) (73 218 220 198) (139 221 219 199 222)
 (18 200 216) (74 224 201 218) (220 37 202 224) (225 226 75 222 203)
 (9 204 216) (217 140 205 228) (218 76 228 206) (229 219 141 230 207)
 (220 228 38 208) (209 229 221 142 232) (210 232 77 222 230)
 (211 231 233 234 143 223) (19 212 228 224) (225 236 213 78 230)
 (226 236 214 39 232) (227 215 234 237 238 79) (192 2) (240 193 144)
 (194 240 80) (145 241 195 242) (196 240 40) (241 146 244 197) (81 242 244 198)
 (147 245 243 199 246) (200 20 240) (82 248 201 242) (41 244 202 248)
 (249 250 83 246 203) (10 204 240) (241 148 205 252) (242 84 206 252)
 (253 243 149 254 207) (42 244 252 208) (209 253 245 150 256)
 (210 256 85 246 254) (257 258 211 151 247 255) (212 21 252 248)
 (249 260 213 86 254) (250 43 260 214 256) (258 261 262 215 87 251) (5 240 216)
 (217 241 264 152) (264 218 242 88) (153 265 219 243 266) (264 220 44 244)
 (265 154 268 221 245) (89 266 268 222 246) (155 269 270 247 267 223)
 (264 248 22 224) (225 90 272 249 266) (272 226 268 45 250)
 (227 270 273 274 251 91) (264 11 228 252) (265 253 156 229 276)
 (276 266 92 230 254) (231 267 157 277 278 255) (268 276 256 46 232)
 (257 233 269 158 277 280) (258 234 270 278 280 93)
 (259 235 271 159 279 281 282) (260 276 236 23 272) (261 237 273 278 284 94)
 (262 238 47 274 280 284) (263 239 275 282 285 286 95) (192 1) (288 193 160)
 (194 288 96) (161 289 195 290) (196 288 48) (289 162 292 197) (97 290 292 198)
 (163 293 291 199 294) (200 288 24) (98 296 201 290) (49 292 202 296)
 (297 298 99 294 203) (204 12 288) (289 164 205 300) (290 100 206 300)
 (301 291 165 302 207) (50 292 300 208) (209 301 293 166 304)
 (210 304 101 294 302) (211 167 295 303 305 306) (25 212 300 296)
 (297 308 213 102 302) (298 51 308 214 304) (215 103 299 306 309 310)
 (6 288 216) (217 289 312 168) (218 290 312 104) (169 313 219 291 314)
 (220 52 312 292) (313 170 316 221 293) (105 314 316 222 294)
 (295 171 315 317 318 223) (26 296 312 224) (225 106 320 297 314)
 (226 316 53 320 298) (321 322 227 299 318 107) (228 13 312 300)
 (313 301 172 229 324) (324 314 108 230 302) (325 326 231 173 303 315)
 (324 304 316 54 232) (325 328 233 174 305 317) (326 328 234 109 306 318)
 (327 329 330 235 175 307 319) (324 27 236 320 308) (321 326 332 237 110 309)
 (322 328 332 238 310 55) (323 330 333 334 111 239 311) (3 288 240)
 (241 289 336 176) (336 242 290 112) (177 337 243 291 338) (336 244 292 56)
 (337 178 340 245 293) (113 338 340 246 294) (295 339 179 341 342 247)
 (336 28 296 248) (249 114 344 297 338) (57 250 340 344 298)
 (299 115 342 345 346 251) (336 252 14 300) (337 301 180 253 348)
 (348 338 116 254 302) (303 339 181 349 350 255) (340 58 304 348 256)
 (257 305 341 182 349 352) (258 306 117 342 350 352)
 (353 354 259 183 307 343 351) (344 348 260 29 308) (356 261 309 118 345 350)
 (356 262 310 346 59 352) (354 357 119 263 311 347 358) (336 7 312 264)
 (265 313 360 337 184) (266 314 338 360 120) (361 362 267 339 185 315)
 (340 360 268 60 316) (361 364 269 341 186 317) (362 364 270 342 121 318)
 (363 365 366 271 343 187 319) (344 360 320 30 272) (321 362 368 273 345 122)
 (322 364 368 274 346 61) (323 366 369 370 275 347 123) (324 348 276 15 360)
 (325 361 372 277 188 349) (326 362 372 278 124 350)
 (327 363 373 374 279 189 351) (328 364 372 280 62 352)
 (353 329 365 373 376 281 190) (354 330 366 374 376 282 125)
 (355 331 367 375 377 378 283 191) (356 332 31 368 372 284)
 (357 333 369 374 380 285 126) (358 334 370 376 380 286 63)
 (359 335 371 287 378 381 382 127) NIL (384 192) (384 128) (385 193 386)
 (384 64) (194 385 388) (129 388 386) (195 389 390 387) (384 32) (385 196 392)
 (130 386 392) (393 394 197 387) (65 388 392) (393 396 389 198)
 (394 131 396 390) (395 397 199 391 398) (384 16) (385 200 400) (66 388 400)
 (401 201 389 402) (33 400 392) (393 401 404 202) (402 67 396 404)
 (405 403 397 406 203) (384 8) (385 204 408) (408 386 132) (409 410 205 387)
 (68 388 408) (409 412 389 206) (133 410 412 390) (411 413 207 391 414)
 (34 408 392) (393 409 416 208) (394 416 410 134) (209 417 395 411 418)
 (412 396 69 416) (413 210 420 397 417) (418 135 420 398 414)
 (211 415 419 421 422 399) (17 408 400) (401 409 212 424) (402 412 70 424)
 (425 413 403 213 426) (424 35 404 416) (417 425 428 405 214)
 (426 428 420 406 71) (215 407 421 427 429 430) (384 4) (385 432 216)
 (432 386 136) (217 433 387 434) (388 432 72) (433 218 436 389)
 (137 434 436 390) (219 437 435 391 438) (36 432 392) (393 433 220 440)
 (434 394 440 138) (441 442 395 221 435) (73 396 436 440) (441 437 444 397 222)
 (442 139 444 398 438) (399 439 443 445 446 223) (18 432 400) (401 433 448 224)
 (402 436 448 74) (225 449 403 437 450) (404 37 448 440) (441 226 449 405 452)
 (452 450 75 444 406) (227 453 454 451 407 445) (9 432 408) (409 433 228 456)
 (410 140 456 434) (457 458 411 229 435) (76 412 436 456) (457 437 460 413 230)
 (458 460 141 414 438) (231 459 461 462 415 439) (456 440 38 416)
 (417 441 457 464 232) (418 464 142 458 442) (233 459 465 466 419 443)
 (460 420 77 444 464) (234 461 465 468 421 445) (462 466 468 422 143 446)
 (235 463 467 469 470 423 447) (19 448 456 424) (425 449 236 457 472)
 (426 472 460 78 450) (451 237 461 473 474 427) (472 428 452 39 464)
 (453 238 465 473 476 429) (454 79 468 474 476 430)
 (455 239 469 475 477 478 431) (384 2) (385 480 240) (480 386 144)
 (241 481 387 482) (480 388 80) (481 242 484 389) (145 482 484 390)
 (243 485 483 391 486) (480 40 392) (393 481 244 488) (394 488 482 146)
 (489 490 395 245 483) (81 484 396 488) (489 485 492 397 246)
 (490 147 492 398 486) (487 491 493 494 247 399) (480 20 400) (401 481 496 248)
 (402 484 496 82) (249 497 403 485 498) (41 496 404 488) (489 250 500 405 497)
 (498 83 492 406 500) (493 407 499 501 502 251) (10 480 408) (409 481 252 504)
 (410 148 504 482) (505 506 411 253 483) (484 412 84 504) (505 485 508 413 254)
 (506 508 149 414 486) (487 415 507 509 510 255) (42 488 504 416)
 (417 489 512 505 256) (418 506 512 150 490) (257 513 514 491 419 507)
 (492 420 85 508 512) (513 258 516 493 421 509) (514 516 151 494 422 510)
 (259 517 518 515 495 423 511) (504 496 21 424) (425 497 520 260 505)
 (426 520 508 86 498) (261 521 522 499 427 509) (520 500 43 428 512)
 (513 262 521 524 501 429) (516 522 524 502 87 430)
 (517 263 523 525 526 503 431) (5 480 432) (433 481 528 264) (434 528 482 152)
 (265 529 435 483 530) (484 528 436 88) (529 266 532 437 485)
 (153 530 532 438 486) (487 267 531 533 534 439) (488 528 44 440)
 (441 489 268 529 536) (442 536 490 530 154) (491 269 531 537 538 443)
 (89 492 532 444 536) (493 270 533 537 540 445) (155 494 534 538 540 446)
 (495 271 535 539 541 542 447) (528 496 22 448) (449 497 544 529 272)
 (450 544 532 498 90) (545 546 451 273 499 533) (500 544 452 45 536)
 (545 548 453 274 501 537) (546 548 454 502 91 540)
 (547 549 550 455 275 503 541) (528 11 504 456) (457 505 276 529 552)
 (552 458 156 530 506) (553 554 459 531 277 507) (508 532 460 92 552)
 (553 556 461 533 278 509) (554 556 157 462 534 510)
 (279 555 557 558 463 535 511) (552 536 512 46 464) (513 553 560 465 280 537)
 (514 554 158 560 466 538) (515 555 561 562 467 281 539)
 (516 556 560 468 540 93) (517 557 561 564 469 282 541)
 (518 558 159 562 564 470 542) (519 559 563 565 566 471 283 543)
 (552 544 520 23 472) (545 521 553 568 473 284) (546 522 556 568 474 94)
 (547 523 557 569 570 475 285) (548 524 47 560 568 476)
 (549 525 561 569 572 477 286) (550 526 564 570 572 478 95)
 (551 527 565 479 571 573 574 287) (384 1) (385 576 288) (576 386 160)
 (289 577 387 578) (576 388 96) (577 290 580 389) (161 578 580 390)
 (291 581 579 391 582) (576 48 392) (393 577 292 584) (394 584 578 162)
 (585 586 395 293 579) (97 580 396 584) (585 581 588 397 294)
 (586 163 588 398 582) (295 583 587 589 590 399) (576 24 400) (401 577 592 296)
 (402 592 580 98) (297 593 403 581 594) (49 592 404 584) (585 298 596 405 593)
 (596 594 99 588 406) (299 589 407 595 597 598) (576 12 408) (409 577 300 600)
 (410 600 164 578) (601 602 411 301 579) (580 412 100 600)
 (601 581 604 413 302) (602 604 165 414 582) (583 303 415 603 605 606)
 (50 600 584 416) (417 585 608 601 304) (418 608 166 602 586)
 (609 610 587 305 419 603) (604 588 420 101 608) (609 612 589 306 421 605)
 (610 612 167 590 422 606) (611 613 614 591 307 423 607) (25 600 592 424)
 (425 593 308 601 616) (616 426 604 102 594) (617 618 595 309 427 605)
 (596 616 51 428 608) (609 617 620 597 310 429) (612 103 618 620 598 430)
 (613 311 619 621 622 599 431) (6 576 432) (433 577 624 312) (434 624 578 168)
 (313 625 435 579 626) (624 580 436 104) (581 314 628 437 625)
 (169 626 628 438 582) (583 627 629 630 439 315) (624 584 52 440)
 (441 585 316 625 632) (442 632 626 586 170) (587 627 633 634 443 317)
 (105 628 588 444 632) (589 629 633 636 445 318) (171 590 630 634 636 446)
 (591 447 631 635 637 638 319) (624 26 592 448) (449 593 640 625 320)
 (640 450 628 594 106) (321 641 451 642 595 629) (640 596 452 53 632)
 (641 322 644 453 597 633) (642 644 454 107 598 636)
 (323 645 646 455 643 599 637) (624 600 13 456) (457 601 324 625 648)
 (458 172 626 648 602) (325 649 650 459 627 603) (628 604 460 108 648)
 (326 649 652 461 629 605) (650 652 173 462 630 606)
 (327 651 653 654 463 631 607) (632 608 648 54 464) (609 328 649 656 465 633)
 (610 650 174 656 466 634) (611 329 651 657 658 467 635)
 (612 652 109 656 468 636) (613 330 653 657 660 469 637)
 (614 654 175 658 660 470 638) (615 331 655 659 661 662 471 639)
 (640 27 616 648 472) (641 617 332 649 664 473) (642 618 652 110 664 474)
 (643 333 619 653 665 666 475) (644 620 656 55 664 476)
 (645 621 334 657 665 668 477) (646 622 111 660 666 668 478)
 (647 623 661 335 667 669 670 479) (3 576 480) (481 577 672 336)
 (482 672 578 176) (337 673 483 579 674) (580 484 672 112)
 (581 338 673 485 676) (177 674 676 486 582) (675 487 677 678 583 339)
 (584 56 672 488) (489 585 340 673 680) (490 680 674 586 178)
 (675 681 682 491 341 587) (113 588 492 676 680) (677 681 493 684 589 342)
 (678 682 684 494 590 179) (679 683 685 686 591 495 343) (592 28 672 496)
 (497 593 673 688 344) (498 676 688 594 114) (677 595 689 690 499 345)
 (57 596 500 688 680) (501 681 689 692 597 346) (684 690 115 692 502 598)
 (503 685 691 693 694 599 347) (600 672 14 504) (505 601 348 673 696)
 (506 180 696 674 602) (675 697 698 507 349 603) (676 604 508 116 696)
 (677 509 697 700 605 350) (678 606 181 698 700 510)
 (679 511 351 699 701 702 607) (58 696 608 680 512) (513 609 681 697 352 704)
 (514 610 682 182 698 704) (353 705 515 706 683 611 699)
 (612 684 516 117 700 704) (705 354 708 517 685 613 701)
 (706 708 518 686 183 702 614) (707 709 519 615 355 687 703 710)
 (696 616 29 688 520) (356 712 521 689 617 697) (712 522 690 118 618 700)
 (357 713 714 523 691 701 619) (524 712 620 692 59 704)
 (705 358 713 525 716 621 693) (708 714 716 526 622 694 119)
 (709 359 715 717 718 623 527 695) (7 624 672 528) (529 625 673 720 360)
 (530 720 626 674 184) (675 361 627 721 722 531) (628 532 676 720 120)
 (677 362 721 724 533 629) (678 722 724 534 185 630)
 (535 679 363 723 725 726 631) (632 60 680 720 536) (681 364 721 633 728 537)
 (186 634 682 722 728 538) (683 365 723 729 730 539 635)
 (540 684 724 728 121 636) (541 685 366 725 729 732 637)
 (686 638 726 730 187 732 542) (367 543 727 731 733 734 639 687)
 (688 640 30 720 544) (545 641 368 689 721 736) (642 546 690 724 122 736)
 (737 738 547 643 369 691 725) (548 692 644 728 61 736)
 (737 740 645 370 693 729 549) (738 740 550 694 123 732 646)
 (739 741 551 647 371 695 733 742) (648 720 696 15 552)
 (744 553 721 649 372 697) (744 554 722 650 698 188)
 (745 746 555 723 373 699 651) (652 744 556 724 700 124)
 (745 557 748 653 725 374 701) (746 748 558 654 726 189 702)
 (375 747 749 750 559 655 727 703) (744 656 728 560 62 704)
 (705 657 745 752 561 376 729) (706 658 746 752 562 730 190)
 (707 747 659 753 754 563 377 731) (708 748 752 564 660 732 125)
 (709 565 749 753 756 661 378 733) (710 750 754 756 566 734 191 662)
 (567 711 751 755 757 758 663 379 735) (568 744 712 31 664 736)
 (737 745 713 665 760 569 380) (738 714 748 760 666 570 126)
 (739 715 749 761 762 571 381 667) (668 716 752 740 760 572 63)
 (741 573 717 753 761 764 669 382) (742 718 670 756 762 764 574 127)
 (743 719 757 575 671 763 765 766 383))