(NIL NIL (1 2) NIL (2 4) (1 4) (5 3 6) NIL (4 8) (2 8) (9 5 10) NIL (8 12)
 (4 12) (13 9 14) (2 12) (13 10 16) (5 14 16) (15 17 11 18) (1 12) (14 20 6)
 (3 20 16) (7 21 18 22) NIL (12 24) (8 24) (25 13 26) (4 24) (25 14 28)
 (9 26 28) (27 29 15 30) (2 24) (25 16 32) (26 32 10) (33 34 27 17) (5 28 32)
 (33 36 29 18) (34 11 36 30) (35 37 19 31 38) (1 24) (25 20 40) (6 28 40)
 (41 21 29 42) (3 40 32) (33 41 44 22) (42 7 36 44) (45 43 37 46 23) NIL
 (24 48) (12 48) (49 25 50) (8 48) (49 26 52) (13 50 52) (51 53 27 54) (4 48)
 (49 28 56) (50 56 14) (57 58 51 29) (9 52 56) (57 60 53 30) (58 15 60 54)
 (59 61 31 55 62) (2 48) (49 64 32) (50 16 64) (33 65 51 66) (10 52 64)
 (65 34 68 53) (66 68 17 54) (35 69 67 55 70) (5 64 56) (57 65 36 72)
 (58 72 18 66) (73 74 59 37 67) (11 60 68 72) (73 69 76 61 38) (74 76 62 19 70)
 (71 75 77 78 63 39) (1 48) (49 80 40) (50 20 80) (41 81 51 82) (6 80 56)
 (57 42 84 81) (58 84 21 82) (59 83 85 43 86) (3 80 64) (65 81 44 88)
 (66 88 22 82) (89 90 67 45 83) (88 7 84 72) (73 89 92 85 46) (74 92 86 23 90)
 (75 47 87 91 93 94) NIL (96 48) (96 12) (97 50 98) (96 8) (97 52 100)
 (13 98 100) (101 102 99 54) (96 4) (97 104 56) (14 98 104) (105 58 99 106)
 (9 104 100) (101 105 108 60) (102 15 108 106) (109 103 107 62 110) (96 2)
 (97 112 64) (98 16 112) (113 66 99 114) (10 112 100) (101 113 68 116)
 (102 116 17 114) (118 103 117 70 115) (5 112 104) (105 113 120 72)
 (106 120 18 114) (121 74 107 115 122) (11 108 116 120) (121 117 76 109 124)
 (122 124 110 19 118) (78 119 123 125 126 111) (96 1) (97 128 80) (20 98 128)
 (129 82 99 130) (6 128 104) (105 129 132 84) (106 132 21 130)
 (133 107 131 86 134) (3 128 112) (113 129 136 88) (114 136 22 130)
 (137 90 115 131 138) (136 7 132 120) (121 137 140 92 133) (122 140 134 23 138)
 (135 139 141 142 123 94) NIL (144 96) (144 48) (97 146 145) (144 24)
 (49 146 148) (144 12) (98 145 150) (146 150 50) (147 99 151 152) (25 148 150)
 (154 149 51 152) (144 8) (156 145 100) (146 52 156) (101 147 157 158)
 (148 156 26) (149 53 158 160) (13 156 150) (102 157 151 162) (162 158 54 152)
 (153 103 164 163 159) (154 27 162 160) (161 155 164 166 55) (144 4)
 (168 145 104) (146 168 56) (105 169 147 170) (148 28 168) (57 170 149 172)
 (14 150 168) (169 106 174 151) (58 170 174 152) (153 107 171 175 176)
 (154 172 29 174) (178 155 173 59 176) (9 156 168) (169 180 108 157)
 (180 170 60 158) (181 171 109 182 159) (180 172 30 160) (161 173 61 182 184)
 (162 15 180 174) (186 163 181 110 175) (186 164 182 62 176)
 (165 177 183 187 188 111) (178 186 166 31 184) (167 179 185 188 190 63)
 (144 2) (192 145 112) (146 192 64) (113 193 147 194) (148 192 32)
 (65 194 149 196) (16 150 192) (193 114 198 151) (66 194 198 152)
 (153 115 195 199 200) (33 154 196 198) (202 155 197 67 200) (10 156 192)
 (193 116 157 204) (194 68 158 204) (205 195 117 206 159) (34 196 204 160)
 (161 197 69 206 208) (162 204 17 198) (210 163 205 118 199)
 (210 206 164 70 200) (165 201 207 211 212 119) (202 35 210 166 208)
 (167 71 203 209 212 214) (5 192 168) (169 193 216 120) (170 194 216 72)
 (121 217 171 195 218) (172 36 196 216) (73 197 220 173 218) (198 216 174 18)
 (217 122 199 175 222) (74 218 200 222 176) (177 201 123 219 223 224)
 (178 220 37 222 202) (226 203 75 221 179 224) (11 180 204 216)
 (217 205 124 181 228) (218 76 228 182 206) (229 230 207 183 219 125)
 (208 228 38 220 184) (209 230 232 77 185 221) (186 228 222 19 210)
 (229 234 187 211 126 223) (230 212 234 78 188 224)
 (225 231 235 236 213 189 127) (226 232 234 190 39 214)
 (227 191 233 236 238 79 215) (144 1) (240 145 128) (146 240 80)
 (129 241 147 242) (148 240 40) (81 242 149 244) (20 150 240) (241 130 246 151)
 (82 246 242 152) (153 131 243 247 248) (41 154 244 246) (250 155 245 83 248)
 (6 240 168) (169 241 252 132) (170 252 84 242) (253 171 133 243 254)
 (252 42 244 172) (245 85 173 254 256) (252 21 174 246) (253 247 134 175 258)
 (258 248 86 254 176) (259 260 135 177 249 255) (178 43 256 258 250)
 (257 260 262 179 87 251) (3 240 192) (193 241 264 136) (194 264 242 88)
 (137 265 195 243 266) (44 244 196 264) (89 245 268 197 266) (264 198 246 22)
 (265 138 247 199 270) (90 248 266 270 200) (201 139 271 272 249 267)
 (202 268 45 270 250) (203 269 272 274 251 91) (264 7 252 216)
 (217 265 140 253 276) (276 218 92 254 266) (267 141 277 278 219 255)
 (268 276 220 46 256) (257 221 269 278 280 93) (258 276 222 23 270)
 (259 142 271 277 282 223) (260 272 278 282 94 224)
 (225 261 143 273 279 283 284) (226 262 47 274 280 282)
 (227 263 275 281 284 286 95) NIL (288 144) (288 96) (289 145 290) (288 48)
 (146 289 292) (97 292 290) (147 293 294 291) (288 24) (148 289 296)
 (49 296 292) (297 149 293 298) (288 12) (289 300 150) (300 98 290)
 (301 151 291 302) (50 292 300) (301 304 293 152) (304 99 294 302)
 (153 305 303 295 306) (25 300 296) (154 308 297 301) (51 308 298 304)
 (305 155 309 310 299) (288 4) (289 312 168) (312 290 104) (169 313 291 314)
 (312 292 56) (313 170 316 293) (105 314 316 294) (171 317 315 295 318)
 (28 296 312) (313 172 297 320) (57 316 298 320) (321 317 173 299 322)
 (14 300 312) (313 324 301 174) (106 324 302 314) (315 325 175 303 326)
 (58 316 324 304) (305 325 328 317 176) (306 107 328 318 326)
 (327 177 330 307 329 319) (308 29 324 320) (321 178 325 332 309)
 (322 59 332 310 328) (323 329 179 333 334 311) (288 2) (289 336 192)
 (336 290 112) (193 337 291 338) (292 336 64) (337 194 340 293)
 (113 338 340 294) (195 341 339 295 342) (296 336 32) (337 196 297 344)
 (65 340 298 344) (345 341 197 299 346) (300 16 336) (337 348 301 198)
 (114 348 302 338) (339 349 199 303 350) (66 340 348 304) (305 349 352 341 200)
 (306 115 352 342 350) (353 354 201 307 343 351) (33 308 348 344)
 (345 202 356 309 349) (346 67 356 310 352) (353 357 358 203 311 347)
 (5 336 312) (313 337 360 216) (360 314 338 120) (217 361 315 339 362)
 (360 316 340 72) (361 218 364 317 341) (121 362 364 318 342)
 (363 365 366 343 219 319) (360 36 344 320) (321 345 220 361 368)
 (73 322 364 368 346) (323 365 369 370 347 221) (360 324 18 348)
 (361 349 372 325 222) (122 372 362 326 350) (327 363 373 223 351 374)
 (364 74 352 372 328) (353 329 365 373 376 224) (354 330 366 374 376 123)
 (225 355 331 367 375 377 378) (356 372 332 37 368) (226 357 333 369 373 380)
 (358 75 334 370 376 380) (227 359 335 371 377 381 382))