(NIL NIL (2 1) NIL (2 4) (1 4) (3 6 5) NIL (8 4) (2 8) (9 5 10) NIL (8 12)
 (12 4) (9 14 13) (2 12) (13 10 16) (14 5 16) (17 18 15 11) (12 1) (14 20 6)
 (3 20 16) (18 7 21 22) NIL (8 24) (2 24) (26 25 10) (24 1) (3 26 28) NIL
 (12 30) (8 30) (13 32 31) (4 30) (14 34 31) (9 34 32) (15 35 36 33) (2 30)
 (38 31 16) (10 32 38) (17 40 39 33) (34 5 38) (18 35 39 42) (42 36 11 40)
 (41 19 44 43 37) (1 30) (46 20 31) (6 34 46) (21 47 48 35) (3 46 38)
 (47 22 39 50) (42 7 48 50) (43 49 51 23 52) NIL (54 12) (8 54) (56 13 55)
 (54 4) (14 58 55) (56 9 58) (59 57 15 60) (2 54) (16 62 55) (56 10 62)
 (17 57 63 64) (5 62 58) (59 18 63 66) (60 66 11 64) (65 68 61 67 19) (54 1)
 (70 20 55) (6 70 58) (59 71 72 21) (3 70 62) (71 22 63 74) (66 7 72 74)
 (67 73 75 23 76) NIL (78 54) (78 30) (78 8) (56 81 79) (80 81 32) (78 4)
 (84 79 58) (80 84 34) (9 81 84) (60 82 85 87) (83 36 87 86) (78 2) (79 62 90)
 (80 38 90) (81 10 90) (93 82 91 64) (93 92 83 40) (84 5 90) (66 96 85 91)
 (42 96 86 92) (93 96 11 87) (94 68 97 99 88) (89 95 44 98 99) (78 1)
 (70 79 102) (80 46 102) (6 84 102) (105 103 72 85) (104 48 105 86) (3 102 90)
 (103 74 91 108) (108 104 50 92) (7 96 105 108) (109 111 97 106 76)
 (110 111 98 107 52) NIL (114 78) (114 54) (115 79 116) (114 30) (80 118 115)
 (114 24) (114 12) (121 116 55) (121 118 31) (114 8) (115 81 124) (56 116 124)
 (82 125 117 126) (118 124 32) (128 119 83 125) (120 25 124) (121 13 124)
 (122 126 131 57) (128 123 131 33) (114 4) (134 115 84) (134 116 58)
 (135 136 85 117) (118 34 134) (119 135 86 138) (121 14 134) (59 122 136 140)
 (123 35 138 140) (9 134 124) (135 143 87 125) (60 143 136 126)
 (127 145 144 137 88) (128 143 36 138) (89 129 144 147 139) (15 131 143 140)
 (141 149 61 145 132) (149 142 147 37 133) (114 2) (152 115 90) (152 116 62)
 (153 154 91 117) (118 38 152) (119 156 153 92) (152 26 120) (121 152 16)
 (159 122 154 63) (159 123 156 39) (152 124 10) (93 153 162 125)
 (154 162 64 126) (127 94 155 164 163) (128 162 156 40) (129 163 95 157 166)
 (162 130 27 158) (17 159 162 131) (65 160 169 132 164) (41 161 169 133 166)
 (134 5 152) (135 96 153 172) (154 66 136 172) (97 137 173 155 174)
 (172 42 138 156) (176 157 98 139 173) (159 18 172 140) (141 160 67 178 174)
 (142 43 178 161 176) (143 162 172 11) (144 163 173 99 181)
 (68 145 164 181 174) (146 175 182 183 100 165) (176 44 181 147 166)
 (167 148 177 182 101 185) (149 19 178 169 181) (170 69 150 179 183 187)
 (171 151 180 185 187 45) (114 1) (102 115 190) (70 116 190) (103 191 117 192)
 (118 190 46) (194 119 104 191) (120 190 28) (121 20 190) (122 71 197 192)
 (194 123 197 47) (134 190 6) (135 105 191 200) (136 72 200 192)
 (193 201 137 106 202) (194 48 138 200) (201 195 204 107 139) (197 200 21 140)
 (141 202 73 198 206) (142 204 49 206 199) (3 152 190) (209 153 191 108)
 (209 154 74 192) (109 193 211 155 210) (209 194 156 50) (110 195 213 157 210)
 (29 209 196 158) (159 209 197 22) (160 211 198 75 216) (161 213 199 51 216)
 (209 7 172 200) (201 210 111 219 173) (202 211 76 219 174)
 (220 175 203 212 112 221) (176 219 204 213 52) (177 205 214 220 113 223)
 (219 178 206 23 216) (225 179 207 77 217 221) (225 53 180 208 218 223))