(NIL NIL (1 2) NIL (2 4) (1 4) (5 3 6) NIL (4 8) (2 8) (9 5 10) (1 8) (9 6 12)
 (3 10 12) (11 13 7 14) NIL (8 16) (4 16) (17 9 18) (2 16) (17 10 20) (5 18 20)
 (19 21 11 22) (1 16) (17 12 24) (18 24 6) (25 26 19 13) (3 20 24)
 (25 28 21 14) (26 7 28 22) (27 29 15 23 30) NIL (32 16) (32 8) (33 17 34)
 (32 4) (33 18 36) (9 34 36) (35 37 19 38) (32 2) (33 20 40) (34 40 10)
 (41 42 35 21) (5 36 40) (41 44 37 22) (42 11 44 38) (43 45 23 39 46) (32 1)
 (33 48 24) (34 12 48) (25 49 35 50) (6 36 48) (49 26 52 37) (50 52 13 38)
 (27 53 51 39 54) (3 48 40) (41 49 28 56) (42 56 14 50) (57 58 43 29 51)
 (7 44 52 56) (57 53 60 45 30) (58 60 46 15 54) (31 47 55 59 61 62) NIL (32 64)
 (16 64) (33 66 65) (8 64) (34 68 65) (17 66 68) (67 69 35 70) (4 64)
 (36 65 72) (66 72 18) (73 74 67 37) (9 68 72) (73 76 69 38) (74 19 76 70)
 (75 77 39 71 78) (2 64) (80 65 40) (66 20 80) (41 81 67 82) (10 68 80)
 (81 42 84 69) (82 84 21 70) (43 85 83 71 86) (5 80 72) (73 81 44 88)
 (74 88 22 82) (89 90 75 45 83) (11 76 84 88) (89 85 92 77 46) (90 92 78 23 86)
 (47 79 87 91 93 94) (1 64) (96 65 48) (66 96 24) (49 97 67 98) (68 12 96)
 (97 50 100 69) (25 98 100 70) (51 101 99 71 102) (6 96 72) (73 97 52 104)
 (74 104 98 26) (105 106 75 53 99) (76 13 100 104) (105 101 108 77 54)
 (106 27 108 78 102) (103 107 109 110 79 55) (3 96 80) (81 97 112 56)
 (82 28 112 98) (57 113 83 99 114) (100 84 14 112) (113 58 101 85 116)
 (114 116 29 86 102) (103 115 117 118 87 59) (7 104 112 88) (89 105 60 113 120)
 (90 120 30 114 106) (107 115 121 122 91 61) (116 92 108 15 120)
 (109 117 121 124 93 62) (110 31 118 122 124 94) (111 95 119 123 125 126 63)
 NIL (32 128) (128 16) (33 130 129) (128 8) (34 129 132) (17 130 132)
 (133 134 35 131) (128 4) (36 129 136) (18 130 136) (137 37 131 138)
 (9 136 132) (133 137 140 38) (134 19 140 138) (135 141 139 39 142) (128 2)
 (144 129 40) (130 20 144) (41 145 131 146) (10 144 132) (133 42 148 145)
 (134 148 21 146) (147 135 149 43 150) (5 144 136) (137 145 44 152)
 (138 152 22 146) (153 154 139 45 147) (11 140 152 148) (153 149 156 141 46)
 (154 156 142 23 150) (151 155 157 158 47 143) (128 1) (160 129 48)
 (130 160 24) (49 161 131 162) (12 160 132) (133 50 164 161) (25 134 164 162)
 (163 135 165 51 166) (6 160 136) (137 161 52 168) (138 162 168 26)
 (169 170 139 53 163) (140 13 164 168) (169 165 172 141 54)
 (170 27 172 142 166) (143 167 171 173 174 55) (3 160 144) (145 161 176 56)
 (146 28 176 162) (57 177 147 163 178) (148 14 164 176) (177 58 180 149 165)
 (178 180 29 150 166) (151 167 179 181 182 59) (7 168 176 152)
 (153 169 60 177 184) (154 178 184 30 170) (155 179 185 186 61 171)
 (156 180 184 15 172) (157 173 181 185 188 62) (158 31 174 182 186 188)
 (175 159 183 187 189 190 63) NIL (192 128) (192 64) (192 32) (193 129 195)
 (194 65 195) (192 16) (130 193 198) (194 66 198) (33 198 195)
 (201 131 199 196) (197 201 67 200) (192 8) (204 193 132) (194 204 68)
 (34 204 195) (133 205 207 196) (197 69 206 207) (17 204 198) (134 205 199 210)
 (210 206 70 200) (201 210 35 207) (202 135 213 211 208) (209 203 212 213 71)
 (192 4) (216 193 136) (194 216 72) (36 195 216) (137 217 219 196)
 (197 73 219 218) (18 198 216) (217 138 222 199) (74 218 222 200)
 (201 219 37 222) (225 202 139 220 223) (225 203 221 75 224) (9 204 216)
 (217 140 205 228) (218 76 228 206) (219 228 38 207) (229 220 141 231 208)
 (209 221 77 230 231) (210 19 228 222) (234 211 229 142 223)
 (230 234 212 78 224) (225 234 213 231 39) (226 214 232 235 237 143)
 (227 215 233 236 237 79) (192 2) (240 193 144) (194 240 80) (240 195 40)
 (145 241 243 196) (197 81 243 242) (20 198 240) (241 146 246 199)
 (82 242 246 200) (201 41 243 246) (249 202 147 244 247) (249 203 245 83 248)
 (10 204 240) (241 148 205 252) (242 84 206 252) (42 243 252 207)
 (253 244 149 255 208) (209 245 85 254 255) (210 252 21 246)
 (258 211 253 150 247) (254 258 212 86 248) (249 258 43 213 255)
 (259 261 214 151 250 256) (257 260 261 215 87 251) (5 240 216)
 (217 241 264 152) (264 218 242 88) (219 44 243 264) (153 265 267 220 244)
 (89 245 267 221 266) (264 246 222 22) (265 154 247 223 270)
 (90 248 266 270 224) (225 249 267 45 270) (226 155 268 271 273 250)
 (227 269 272 273 251 91) (264 11 228 252) (265 253 156 229 276)
 (276 266 92 230 254) (255 267 276 46 231) (232 268 157 277 279 256)
 (257 233 269 278 279 93) (234 276 270 23 258) (259 235 158 271 277 282)
 (260 236 272 278 282 94) (261 237 47 273 279 282)
 (262 238 159 274 280 283 285) (263 239 275 281 284 285 95) (192 1)
 (288 193 160) (194 288 96) (288 195 48) (161 289 291 196) (197 97 291 290)
 (288 198 24) (289 162 294 199) (98 290 294 200) (201 49 291 294)
 (297 202 163 292 295) (297 203 293 99 296) (204 12 288) (289 164 205 300)
 (290 100 206 300) (50 291 300 207) (301 292 165 303 208) (209 293 101 302 303)
 (25 210 300 294) (306 211 301 166 295) (302 306 212 102 296)
 (297 306 51 213 303) (214 167 298 304 307 309) (215 103 299 305 308 309)
 (6 288 216) (217 289 312 168) (218 290 312 104) (219 52 291 312)
 (169 313 315 220 292) (105 293 315 221 314) (26 312 222 294)
 (313 170 295 223 318) (314 106 296 318 224) (225 297 315 53 318)
 (321 226 298 171 316 319) (321 227 299 317 107 320) (228 13 312 300)
 (313 301 172 229 324) (324 314 108 230 302) (303 315 324 54 231)
 (325 327 232 173 304 316) (326 327 233 109 305 317) (234 27 324 318 306)
 (325 330 235 174 307 319) (326 330 236 110 308 320) (321 327 330 237 309 55)
 (322 328 331 333 238 175 310) (323 329 332 333 111 239 311) (3 288 240)
 (241 289 336 176) (336 242 290 112) (243 336 291 56) (177 337 339 244 292)
 (113 293 339 245 338) (336 28 246 294) (337 178 295 247 342)
 (114 296 338 342 248) (249 57 339 297 342) (298 179 340 343 345 250)
 (299 115 341 344 345 251) (336 252 14 300) (337 301 180 253 348)
 (348 338 116 254 302) (58 339 348 303 255) (304 340 181 349 351 256)
 (257 305 117 341 350 351) (258 348 29 342 306) (354 259 307 182 343 349)
 (354 260 308 118 344 350) (354 261 309 345 59 351)
 (355 357 262 310 183 346 352) (353 356 357 119 263 311 347) (336 7 312 264)
 (265 313 360 337 184) (266 314 338 360 120) (339 267 60 315 360)
 (361 363 268 340 185 316) (362 363 269 341 121 317) (360 318 342 270 30)
 (361 366 271 343 186 319) (362 366 272 344 122 320) (321 363 366 273 345 61)
 (322 364 367 369 274 346 187) (323 365 368 369 275 347 123)
 (324 348 276 15 360) (325 361 372 277 188 349) (326 362 372 278 124 350)
 (327 363 372 279 62 351) (328 364 373 375 280 189 352)
 (353 329 365 374 375 281 125) (354 330 366 31 372 282)
 (355 331 367 373 378 283 190) (356 332 368 374 378 284 126)
 (357 333 369 375 378 285 63) (358 334 370 376 379 381 286 191)
 (359 335 371 287 377 380 381 127) NIL (384 192) (384 128) (385 193 386)
 (384 64) (194 388 385) (384 32) (390 385 195) (390 386 129) (391 392 387 196)
 (388 65 390) (197 389 391 394) (384 16) (385 396 198) (396 130 386)
 (397 199 387 398) (388 396 66) (389 400 397 200) (33 390 396)
 (201 402 391 397) (402 392 131 398) (202 403 404 393 399) (402 67 394 400)
 (401 203 403 395 406) (384 8) (385 204 408) (408 386 132) (409 410 205 387)
 (388 68 408) (409 389 412 206) (390 408 34) (409 391 414 207)
 (133 410 392 414) (411 416 393 415 208) (412 69 394 414) (209 418 413 415 395)
 (17 396 408) (409 210 420 397) (134 420 398 410) (211 421 411 399 422)
 (420 412 70 400) (401 421 212 413 424) (402 35 420 414) (421 403 213 415 426)
 (426 135 404 422 416) (214 405 417 423 427 428) (418 426 406 71 424)
 (215 407 419 425 427 430) (384 4) (385 432 216) (432 386 136)
 (217 433 387 434) (388 432 72) (433 218 389 436) (390 36 432)
 (433 391 219 438) (137 434 392 438) (435 220 393 439 440) (73 436 394 438)
 (437 221 439 395 442) (18 396 432) (433 444 397 222) (138 444 398 434)
 (435 445 223 399 446) (74 436 444 400) (401 445 448 437 224) (402 444 37 438)
 (225 450 403 445 439) (450 139 404 446 440) (226 451 452 405 441 447)
 (442 75 406 450 448) (449 227 454 451 407 443) (9 432 408) (409 433 228 456)
 (410 140 456 434) (457 458 411 229 435) (76 412 436 456) (457 437 460 413 230)
 (438 456 414 38) (457 462 231 415 439) (458 440 141 462 416)
 (232 459 463 464 417 441) (418 460 77 462 442) (233 461 463 466 419 443)
 (19 420 444 456) (457 234 445 468 421) (446 458 468 422 142)
 (235 469 470 423 459 447) (468 460 448 78 424) (449 236 461 469 472 425)
 (426 468 462 39 450) (451 237 463 469 474 427) (452 464 470 143 474 428)
 (453 238 465 471 475 476 429) (454 79 466 472 474 430)
 (455 239 467 473 475 478 431) (384 2) (385 480 240) (480 386 144)
 (241 481 387 482) (388 480 80) (481 242 389 484) (390 480 40)
 (481 391 243 486) (145 482 392 486) (483 244 393 487 488) (81 484 394 486)
 (485 245 487 395 490) (396 20 480) (481 492 397 246) (146 492 398 482)
 (483 493 247 399 494) (82 484 492 400) (401 493 496 485 248) (41 402 492 486)
 (249 498 403 493 487) (498 147 404 494 488) (489 405 495 499 500 250)
 (490 83 498 406 496) (491 407 497 499 502 251) (10 480 408) (409 481 252 504)
 (410 148 504 482) (505 506 411 253 483) (484 412 84 504) (505 485 508 413 254)
 (42 504 414 486) (505 487 255 415 510) (506 488 149 510 416)
 (489 417 507 256 511 512) (418 508 85 510 490) (257 514 491 419 509 511)
 (492 420 21 504) (505 258 516 421 493) (506 494 516 422 150)
 (259 517 518 495 423 507) (508 516 496 86 424) (260 517 520 497 425 509)
 (426 43 516 510 498) (517 522 499 261 427 511) (518 151 522 500 428 512)
 (513 262 519 523 524 501 429) (514 520 522 502 87 430)
 (515 263 521 523 526 503 431) (5 480 432) (433 481 528 264) (434 528 482 152)
 (265 529 435 483 530) (484 528 436 88) (529 266 532 437 485) (528 44 438 486)
 (529 267 487 439 534) (153 530 488 534 440) (489 268 531 535 536 441)
 (89 442 532 534 490) (491 269 533 535 538 443) (492 444 22 528)
 (529 493 540 445 270) (154 540 446 530 494) (495 531 271 541 542 447)
 (540 90 532 496 448) (449 272 497 533 541 544) (450 540 45 534 498)
 (546 451 273 499 535 541) (546 452 155 500 536 542)
 (547 548 453 274 501 537 543) (546 454 502 538 91 544)
 (545 547 550 455 275 503 539) (528 11 504 456) (457 505 276 529 552)
 (552 458 156 530 506) (553 554 459 531 277 507) (508 532 460 92 552)
 (553 556 461 533 278 509) (510 552 462 534 46) (279 553 558 463 535 511)
 (554 157 558 464 536 512) (513 555 559 560 465 280 537)
 (514 556 558 466 538 93) (515 557 559 562 467 281 539) (540 516 468 23 552)
 (517 553 564 469 282 541) (518 554 158 564 470 542)
 (519 555 565 566 471 283 543) (520 556 564 472 94 544)
 (545 521 557 565 568 473 284) (546 522 558 47 564 474)
 (547 523 559 565 570 475 285) (548 524 159 560 566 570 476)
 (549 525 561 567 571 572 477 286) (550 526 562 568 570 478 95)
 (551 527 563 479 569 571 574 287) (384 1) (385 576 288) (576 386 160)
 (289 577 387 578) (388 576 96) (577 290 389 580) (390 576 48)
 (577 391 291 582) (161 578 392 582) (579 292 393 583 584) (97 580 394 582)
 (581 293 583 395 586) (576 396 24) (577 588 397 294) (162 588 398 578)
 (579 589 295 399 590) (98 588 580 400) (401 589 592 581 296) (49 402 588 582)
 (297 594 403 589 583) (594 163 404 590 584) (585 298 405 591 595 596)
 (586 99 406 594 592) (299 407 593 595 598 587) (576 12 408) (409 577 300 600)
 (410 600 164 578) (601 602 411 301 579) (580 412 100 600)
 (601 581 604 413 302) (50 600 414 582) (601 583 303 415 606)
 (602 584 165 606 416) (585 304 417 603 607 608) (418 604 101 606 586)
 (610 587 305 419 605 607) (25 588 420 600) (589 306 612 421 601)
 (602 612 422 590 166) (613 614 591 307 423 603) (612 604 592 102 424)
 (613 616 593 308 425 605) (426 51 612 606 594) (613 618 595 309 427 607)
 (614 167 618 596 428 608) (609 615 619 620 597 310 429)
 (610 103 616 618 598 430) (611 311 617 619 622 599 431) (6 576 432)
 (433 577 624 312) (434 624 578 168) (313 625 435 579 626) (624 580 436 104)
 (581 314 628 437 625) (624 52 438 582) (625 315 583 439 630)
 (169 626 584 630 440) (585 627 631 632 441 316) (105 442 628 630 586)
 (587 629 631 634 443 317) (26 588 444 624) (625 589 636 445 318)
 (170 636 626 446 590) (591 627 447 637 638 319) (628 106 592 636 448)
 (449 593 629 320 637 640) (450 636 53 630 594) (321 642 451 595 631 637)
 (642 452 171 596 632 638) (322 643 644 453 597 633 639)
 (642 454 107 598 634 640) (641 323 646 455 643 599 635) (624 600 13 456)
 (457 601 324 625 648) (458 172 626 648 602) (325 649 650 459 627 603)
 (628 604 460 108 648) (326 649 652 461 629 605) (648 630 462 606 54)
 (327 649 654 463 631 607) (650 173 654 464 632 608)
 (609 328 651 655 656 465 633) (610 652 109 654 466 634)
 (611 329 653 655 658 467 635) (612 636 27 468 648) (613 649 330 660 469 637)
 (614 650 174 660 470 638) (615 331 661 662 471 651 639)
 (616 652 110 660 472 640) (641 617 332 653 661 664 473)
 (642 618 654 660 55 474) (643 619 333 655 661 666 475)
 (644 620 175 656 662 666 476) (645 621 334 657 663 667 668 477)
 (646 622 111 658 664 666 478) (647 623 659 335 665 667 670 479) (3 576 480)
 (481 577 672 336) (482 672 578 176) (337 673 483 579 674) (580 484 672 112)
 (581 338 673 485 676) (672 486 582 56) (673 339 583 487 678)
 (177 674 584 678 488) (675 679 680 489 585 340) (113 490 676 678 586)
 (677 679 682 491 341 587) (588 492 28 672) (673 589 684 493 342)
 (178 684 494 674 590) (675 685 686 591 495 343) (114 684 592 676 496)
 (593 677 685 688 497 344) (57 498 684 678 594) (679 685 595 690 499 345)
 (680 500 686 690 179 596) (501 681 687 691 692 597 346)
 (682 688 690 115 502 598) (503 683 689 691 694 599 347) (600 672 14 504)
 (505 601 348 673 696) (506 180 696 674 602) (675 697 698 507 349 603)
 (676 604 508 116 696) (677 509 697 700 605 350) (58 696 510 678 606)
 (679 511 351 697 702 607) (680 181 698 512 702 608)
 (513 609 681 699 704 703 352) (514 610 682 117 700 702)
 (353 706 515 683 611 701 703) (612 516 29 684 696) (354 708 517 685 697 613)
 (708 614 686 182 698 518) (355 709 519 615 687 699 710)
 (708 616 520 688 118 700) (356 709 712 521 689 617 701)
 (708 522 690 618 59 702) (709 714 523 691 357 619 703)
 (524 710 714 620 692 183 704) (705 358 711 525 715 716 621 693)
 (706 712 714 526 622 694 119) (707 359 713 715 718 623 527 695)
 (7 624 672 528) (529 625 673 720 360) (530 720 626 674 184)
 (675 361 627 721 722 531) (628 532 676 720 120) (677 362 721 724 533 629)
 (678 60 534 720 630) (535 679 363 721 726 631) (680 536 722 726 632 185)
 (681 364 633 723 727 728 537) (682 724 726 634 121 538)
 (683 365 725 727 730 539 635) (636 684 540 30 720) (541 685 366 721 732 637)
 (686 638 722 186 732 542) (367 723 543 733 734 639 687)
 (688 544 724 122 732 640) (545 641 368 689 725 733 736)
 (546 642 690 726 732 61) (738 547 643 369 691 727 733)
 (738 548 644 692 728 187 734) (739 740 645 370 693 729 549 735)
 (738 550 646 694 730 123 736) (737 739 551 647 371 695 731 742)
 (648 720 696 15 552) (744 553 721 649 372 697) (744 554 722 650 698 188)
 (745 746 555 723 373 699 651) (652 744 556 724 700 124)
 (745 557 748 653 725 374 701) (744 654 558 726 62 702)
 (375 745 750 559 655 727 703) (746 750 656 728 560 189 704)
 (705 657 747 751 752 561 376 729) (706 658 748 750 562 730 125)
 (707 749 659 751 754 563 377 731) (708 744 31 564 660 732)
 (709 745 565 756 661 378 733) (710 746 190 756 662 734 566)
 (567 711 747 757 758 663 379 735) (568 712 748 756 664 126 736)
 (737 713 749 665 757 760 569 380) (738 714 750 756 666 570 63)
 (739 715 751 757 762 571 381 667) (668 716 752 740 758 762 572 191)
 (741 573 717 753 759 763 764 669 382) (742 718 670 754 760 762 574 127)
 (743 719 755 575 671 761 763 766 383))