(NIL NIL (1 2) NIL (2 4) (1 4) (5 3 6) NIL (4 8) (2 8) (9 5 10) (1 8) (9 6 12)
 (3 10 12) (11 13 7 14) NIL (8 16) (4 16) (17 9 18) (2 16) (17 10 20) (5 18 20)
 (19 21 11 22) (1 16) (17 12 24) (18 24 6) (25 26 19 13) (3 20 24)
 (25 28 21 14) (26 7 28 22) (27 29 15 23 30) NIL (16 32) (8 32) (33 17 34)
 (4 32) (33 18 36) (9 34 36) (35 37 19 38) (1 32) (33 40 24) (34 12 40)
 (25 41 35 42) (6 36 40) (41 26 44 37) (42 44 13 38) (27 45 43 39 46) NIL
 (32 48) (16 48) (49 33 50) (8 48) (49 34 52) (17 50 52) (51 53 35 54) (4 48)
 (49 36 56) (50 56 18) (57 58 51 37) (9 52 56) (57 60 53 38) (58 19 60 54)
 (59 61 39 55 62) (2 48) (50 20 64) (10 52 64) (65 66 21 54) (5 64 56)
 (65 58 68 22) (68 66 11 60) (67 69 62 23 70) (1 48) (49 72 40) (50 72 24)
 (41 73 51 74) (52 12 72) (73 42 76 53) (25 74 76 54) (43 77 75 55 78)
 (6 72 56) (57 73 44 80) (74 58 80 26) (81 82 59 45 75) (60 13 76 80)
 (81 77 84 61 46) (82 27 84 62 78) (83 85 86 63 47 79) (3 72 64) (65 74 28 88)
 (66 76 14 88) (89 90 67 29 78) (7 68 88 80) (89 82 92 69 30) (90 92 84 70 15)
 (86 91 93 94 31 71) NIL (96 48) (96 32) (97 49 98) (96 16) (97 50 100)
 (33 98 100) (99 101 51 102) (96 8) (97 52 104) (98 104 34) (105 106 99 53)
 (17 100 104) (105 108 101 54) (106 35 108 102) (107 109 55 103 110) (96 4)
 (97 112 56) (98 36 112) (57 113 99 114) (18 100 112) (113 58 116 101)
 (114 116 37 102) (59 117 115 103 118) (9 112 104) (105 113 60 120)
 (106 120 38 114) (121 122 107 61 115) (19 108 116 120) (121 117 124 109 62)
 (122 124 110 39 118) (63 111 119 123 125 126) (96 2) (97 128 64) (20 100 128)
 (65 129 101 130) (10 128 104) (105 66 132 129) (132 130 108 21)
 (133 67 109 131 134) (5 128 112) (113 129 68 136) (130 116 22 136)
 (137 69 131 117 138) (136 11 132 120) (121 137 140 133 70)
 (140 138 124 134 23) (125 71 135 139 141 142) (96 1) (97 144 72) (98 144 40)
 (73 145 99 146) (100 144 24) (145 74 148 101) (41 146 148 102)
 (75 149 147 103 150) (12 144 104) (105 145 76 152) (106 152 146 42)
 (153 154 107 77 147) (25 108 148 152) (153 149 156 109 78)
 (154 43 156 110 150) (111 151 155 157 158 79) (6 144 112) (113 145 160 80)
 (114 44 160 146) (81 161 115 147 162) (26 116 148 160) (161 82 149 117 164)
 (162 164 45 118 150) (163 165 119 83 151 166) (152 13 160 120)
 (121 153 84 161 168) (122 162 168 46 154) (163 85 169 170 123 155)
 (27 124 156 164 168) (165 86 169 125 172 157) (166 170 172 158 47 126)
 (87 167 171 173 174 159 127) (3 144 128) (129 145 176 88) (130 28 148 176)
 (89 177 131 149 178) (132 14 176 152) (153 90 180 133 177)
 (178 156 29 134 180) (91 179 181 182 135 157) (7 160 176 136)
 (137 161 92 177 184) (138 164 30 184 178) (165 93 179 185 186 139)
 (140 180 184 15 168) (169 94 181 185 188 141) (172 31 182 186 188 142)
 (173 95 183 187 189 190 143) NIL (192 96) (192 48) (97 194 193) (192 32)
 (98 196 193) (49 194 196) (195 197 99 198) (192 16) (100 193 200) (194 200 50)
 (201 202 195 101) (33 196 200) (201 204 197 102) (202 51 204 198)
 (203 205 103 199 206) (192 8) (208 193 104) (194 52 208) (105 209 195 210)
 (34 196 208) (209 106 212 197) (210 212 53 198) (107 213 211 199 214)
 (17 208 200) (201 209 108 216) (202 216 54 210) (217 218 203 109 211)
 (212 35 204 216) (217 213 220 205 110) (218 220 206 55 214)
 (111 207 215 219 221 222) (192 4) (224 193 112) (194 224 56) (113 225 195 226)
 (196 36 224) (225 114 228 197) (57 226 228 198) (115 229 227 199 230)
 (18 224 200) (201 225 116 232) (202 232 226 58) (233 234 203 117 227)
 (204 37 228 232) (233 229 236 205 118) (234 59 236 206 230)
 (231 235 237 238 207 119) (9 224 208) (209 225 240 120) (210 60 240 226)
 (121 241 211 227 242) (228 212 38 240) (241 122 229 213 244)
 (242 244 61 214 230) (231 243 245 246 215 123) (19 232 240 216)
 (217 233 124 241 248) (218 248 62 242 234) (235 243 249 250 219 125)
 (244 220 236 39 248) (237 245 249 252 221 126) (238 63 246 250 252 222)
 (239 223 247 251 253 254 127) (192 2) (256 193 128) (194 256 64)
 (129 257 195 258) (256 20 200) (201 130 260 257) (65 202 260 258)
 (203 259 261 131 262) (10 256 208) (209 257 132 264) (210 264 258 66)
 (265 266 211 133 259) (264 260 21 216) (217 265 268 261 134)
 (218 67 268 262 266) (263 267 269 270 135 219) (5 256 224) (225 257 272 136)
 (226 68 272 258) (137 273 227 259 274) (272 260 22 232) (233 138 276 261 273)
 (234 276 69 262 274) (263 235 275 277 278 139) (272 11 264 240)
 (241 265 140 280 273) (242 274 280 70 266) (267 275 243 281 282 141)
 (276 268 280 23 248) (269 281 277 249 284 142) (270 71 278 282 250 284)
 (271 286 279 283 285 251 143) (192 1) (288 193 144) (194 288 72)
 (145 289 195 290) (196 288 40) (289 146 292 197) (73 290 292 198)
 (147 293 291 199 294) (24 288 200) (201 289 148 296) (202 290 296 74)
 (297 298 203 149 291) (41 204 296 292) (297 293 300 205 150)
 (298 75 300 206 294) (295 299 301 302 207 151) (12 288 208) (209 289 304 152)
 (210 76 304 290) (153 305 211 291 306) (42 212 304 292) (305 154 308 213 293)
 (306 308 77 214 294) (295 307 309 310 215 155) (25 296 304 216)
 (217 297 156 305 312) (218 306 312 78 298) (299 307 313 314 219 157)
 (43 220 308 312 300) (301 309 313 316 221 158) (302 310 314 316 222 79)
 (303 223 311 315 317 318 159) (6 288 224) (225 289 320 160) (226 290 320 80)
 (161 321 227 291 322) (228 44 320 292) (321 162 324 229 293)
 (81 322 324 230 294) (163 325 231 295 323 326) (26 296 320 232)
 (233 297 164 321 328) (328 234 298 322 82) (323 165 329 330 235 299)
 (324 328 236 45 300) (325 166 329 237 332 301) (83 326 330 332 238 302)
 (167 327 331 333 334 303 239) (304 13 320 240) (241 305 336 321 168)
 (336 242 84 322 306) (323 169 307 337 338 243) (324 336 244 46 308)
 (325 170 337 340 245 309) (85 326 338 340 246 310)
 (247 327 171 339 341 342 311) (328 336 27 312 248) (329 172 337 313 344 249)
 (314 86 330 338 344 250) (331 173 339 345 346 251 315)
 (316 332 340 47 344 252) (253 333 174 341 345 348 317)
 (87 334 318 342 346 348 254) (335 255 175 343 347 349 350 319) (3 288 256)
 (257 289 352 176) (352 258 290 88) (177 353 259 291 354) (352 260 28 296)
 (297 178 356 261 353) (89 298 356 262 354) (355 357 358 263 299 179)
 (352 304 14 264) (265 305 180 360 353) (266 306 354 360 90)
 (355 361 362 267 307 181) (356 268 29 360 312) (357 361 364 269 182 313)
 (358 362 91 364 270 314) (359 363 365 366 271 183 315) (352 7 320 272)
 (273 321 368 353 184) (274 92 354 368 322) (355 323 369 370 275 185)
 (356 276 30 368 328) (357 329 369 372 277 186) (358 330 93 370 372 278)
 (359 331 371 373 374 279 187) (360 336 368 15 280) (369 361 337 376 281 188)
 (338 362 94 370 376 282) (363 339 371 377 378 283 189)
 (344 364 31 372 376 284) (365 377 373 345 380 285 190)
 (366 95 374 378 346 380 286) (367 382 287 375 379 381 347 191) NIL (384 192)
 (384 96) (385 193 386) (384 48) (194 385 388) (97 388 386) (195 389 390 387)
 (384 32) (385 196 392) (98 386 392) (393 394 197 387) (49 388 392)
 (393 396 389 198) (394 99 396 390) (395 397 199 391 398) (384 16)
 (385 400 200) (100 386 400) (201 401 387 402) (50 388 400) (401 202 404 389)
 (402 404 101 390) (203 405 403 391 406) (33 400 392) (393 401 204 408)
 (394 408 102 402) (409 410 395 205 403) (404 51 396 408) (409 405 412 397 206)
 (410 412 398 103 406) (207 407 411 413 414 399) (384 8) (385 416 208)
 (416 386 104) (209 417 387 418) (52 388 416) (417 210 420 389)
 (105 418 420 390) (211 421 419 391 422) (34 416 392) (393 417 212 424)
 (394 424 418 106) (425 426 395 213 419) (420 396 53 424) (425 421 428 397 214)
 (426 107 428 398 422) (423 427 429 430 215 399) (17 416 400) (401 417 432 216)
 (432 402 108 418) (217 433 403 419 434) (420 404 54 432) (433 218 436 405 421)
 (434 436 109 406 422) (423 435 437 438 407 219) (432 35 424 408)
 (409 425 220 433 440) (410 440 434 110 426) (427 435 441 442 411 221)
 (428 436 412 55 440) (429 437 441 444 413 222) (430 111 438 442 444 414)
 (431 415 439 443 445 446 223) (384 4) (385 448 224) (448 386 112)
 (225 449 387 450) (388 448 56) (449 226 452 389) (113 450 452 390)
 (227 453 451 391 454) (36 448 392) (393 449 228 456) (394 450 456 114)
 (457 458 395 229 451) (57 396 452 456) (457 453 460 397 230)
 (458 115 460 398 454) (231 455 459 461 462 399) (18 448 400) (401 449 464 232)
 (402 116 464 450) (233 465 403 451 466) (58 404 452 464) (465 234 468 405 453)
 (466 468 117 406 454) (455 235 467 469 470 407) (456 37 464 408)
 (409 457 236 465 472) (410 466 472 118 458) (459 237 467 473 474 411)
 (59 412 472 460 468) (461 238 469 473 476 413) (462 470 119 474 476 414)
 (463 239 471 475 477 478 415) (9 448 416) (417 449 480 240) (418 450 480 120)
 (241 481 419 451 482) (420 60 452 480) (481 242 484 421 453)
 (121 482 484 422 454) (483 485 423 455 243 486) (456 38 480 424)
 (425 457 244 481 488) (426 458 482 488 122) (483 489 490 427 245 459)
 (428 61 488 460 484) (485 489 429 492 461 246) (486 490 492 430 462 123)
 (487 491 493 494 463 431 247) (19 464 480 432) (433 465 496 481 248)
 (482 434 124 496 466) (483 467 497 498 435 249) (436 496 62 468 484)
 (485 497 500 437 469 250) (486 498 500 438 125 470)
 (439 487 499 501 502 471 251) (472 488 496 39 440) (489 497 473 504 441 252)
 (490 498 504 442 474 126) (491 499 505 506 443 253 475)
 (476 492 63 500 504 444) (445 493 501 505 508 477 254)
 (494 478 502 506 508 446 127) (447 495 255 503 507 509 510 479) (384 2)
 (385 512 256) (512 386 128) (257 513 387 514) (512 388 64) (513 258 516 389)
 (129 514 516 390) (259 517 515 391 518) (512 20 400) (401 513 260 520)
 (402 520 514 130) (521 522 403 261 515) (65 516 404 520) (521 517 524 405 262)
 (522 131 524 406 518) (263 519 523 525 526 407) (10 512 416) (417 513 528 264)
 (418 528 132 514) (265 529 419 515 530) (66 516 420 528) (517 266 532 421 529)
 (530 532 133 422 518) (423 519 267 531 533 534) (528 520 21 432)
 (433 521 268 529 536) (434 536 134 530 522) (523 269 531 435 537 538)
 (524 532 67 436 536) (525 270 533 537 437 540) (526 534 135 538 540 438)
 (439 527 271 535 539 541 542) (5 512 448) (449 513 544 272) (450 544 514 136)
 (273 545 451 515 546) (68 516 452 544) (517 274 548 453 545)
 (137 546 548 454 518) (547 549 455 519 275 550) (544 520 22 464)
 (465 521 276 545 552) (466 552 546 522 138) (547 553 554 523 467 277)
 (548 524 468 69 552) (549 553 556 525 469 278) (550 554 556 526 470 139)
 (471 551 555 557 558 527 279) (544 11 528 480) (481 529 560 545 280)
 (560 482 140 546 530) (483 547 561 562 531 281) (548 532 484 70 560)
 (485 549 561 564 533 282) (550 562 564 534 141 486)
 (487 551 563 565 566 535 283) (552 560 536 23 496) (561 553 497 568 537 284)
 (562 554 498 568 538 142) (555 499 563 569 570 539 285)
 (500 556 71 564 568 540) (557 501 569 565 572 541 286)
 (558 566 570 572 542 143 502) (503 559 287 567 571 573 574 543) (384 1)
 (385 576 288) (576 386 144) (289 577 387 578) (576 388 72) (577 290 580 389)
 (145 578 580 390) (291 581 579 391 582) (576 40 392) (393 577 292 584)
 (394 584 578 146) (585 586 395 293 579) (73 580 396 584) (585 581 588 397 294)
 (586 147 588 398 582) (295 583 587 589 590 399) (576 24 400) (401 577 592 296)
 (402 592 148 578) (297 593 403 579 594) (74 580 404 592) (581 298 596 405 593)
 (594 596 149 406 582) (583 299 595 597 598 407) (41 592 584 408)
 (409 585 300 593 600) (410 600 150 594 586) (587 301 595 601 602 411)
 (588 596 75 412 600) (589 302 597 601 604 413) (590 598 151 602 604 414)
 (591 303 599 603 605 606 415) (576 12 416) (417 577 608 304) (418 608 578 152)
 (305 609 419 579 610) (580 420 76 608) (581 306 612 421 609)
 (153 610 612 422 582) (611 613 423 583 307 614) (42 608 584 424)
 (425 585 308 609 616) (426 616 610 586 154) (611 617 618 427 309 587)
 (612 588 428 77 616) (613 617 429 620 589 310) (614 618 620 430 590 155)
 (615 619 621 622 591 431 311) (25 608 592 432) (433 593 624 609 312)
 (624 434 156 610 594) (611 595 625 626 435 313) (612 596 436 78 624)
 (437 613 625 628 597 314) (614 626 628 438 157 598)
 (439 615 627 629 630 599 315) (616 624 43 600 440) (617 625 601 632 441 316)
 (602 618 626 632 442 158) (619 627 633 634 443 317 603)
 (444 620 628 632 604 79) (445 621 629 633 636 605 318)
 (622 606 630 634 636 446 159) (447 623 319 631 635 637 638 607) (6 576 448)
 (449 577 640 320) (450 640 578 160) (321 641 451 579 642) (640 580 452 80)
 (581 322 641 644 453) (161 642 644 454 582) (455 323 645 646 583 643)
 (640 584 44 456) (457 585 641 324 648) (642 458 648 586 162)
 (643 325 649 650 459 587) (81 588 460 644 648) (645 326 649 461 652 589)
 (163 646 650 652 462 590) (647 327 651 653 654 591 463) (640 26 592 464)
 (465 593 641 656 328) (642 466 164 656 594) (643 329 595 657 658 467)
 (82 596 468 644 656) (645 330 657 660 597 469) (165 646 658 660 470 598)
 (471 647 331 659 661 662 599) (656 600 45 648 472) (649 332 657 601 664 473)
 (166 602 650 658 664 474) (651 333 659 665 666 475 603)
 (83 476 652 660 664 604) (477 653 334 661 665 668 605)
 (167 654 606 662 666 668 478) (335 479 663 655 667 669 670 607)
 (640 608 13 480) (481 609 641 672 336) (642 482 672 610 168)
 (673 674 483 611 337 643) (612 484 644 84 672) (673 676 645 338 613 485)
 (674 676 646 169 614 486) (675 677 487 615 647 339 678) (672 616 648 46 488)
 (673 680 489 649 617 340) (674 170 618 680 650 490)
 (675 651 681 682 491 341 619) (676 85 680 620 652 492)
 (677 681 653 684 621 493 342) (678 682 171 684 654 494 622)
 (679 683 685 686 623 495 343 655) (27 624 656 672 496)
 (673 625 688 497 344 657) (674 498 172 688 658 626)
 (675 627 689 690 499 659 345) (676 86 500 688 628 660)
 (677 501 689 629 692 661 346) (678 173 630 690 692 662 502)
 (503 679 663 691 693 694 631 347) (680 664 688 47 632 504)
 (681 665 689 633 696 505 348) (634 682 696 174 690 506 666)
 (667 683 691 697 698 507 349 635) (508 668 87 684 692 696 636)
 (669 685 693 509 697 700 637 350) (686 175 510 694 698 700 670 638)
 (687 511 351 695 671 699 701 702 639) (3 576 512) (513 577 704 352)
 (514 704 578 176) (353 705 515 579 706) (580 516 704 88) (581 354 708 517 705)
 (177 706 708 518 582) (707 709 519 583 355 710) (592 28 704 520)
 (521 593 356 705 712) (522 706 712 594 178) (707 357 713 714 523 595)
 (89 596 524 708 712) (709 358 713 716 525 597) (710 714 716 526 179 598)
 (359 711 715 717 718 527 599) (704 608 14 528) (529 609 720 705 360)
 (530 706 180 720 610) (707 361 611 721 722 531) (612 90 532 708 720)
 (709 362 721 724 533 613) (710 722 724 181 534 614)
 (615 711 363 723 725 726 535) (624 29 720 712 536) (721 713 364 625 728 537)
 (626 714 722 182 728 538) (715 365 627 723 729 730 539)
 (91 716 628 724 728 540) (717 366 629 729 725 732 541)
 (718 726 183 730 732 542 630) (631 719 367 727 731 733 734 543)
 (7 640 704 544) (545 641 736 705 368) (642 546 706 736 184)
 (737 738 707 547 369 643) (548 644 92 708 736) (737 740 645 370 709 549)
 (738 740 710 646 185 550) (739 741 647 711 371 551 742) (656 736 30 712 552)
 (737 744 553 657 713 372) (738 744 554 658 714 186)
 (739 745 746 715 659 373 555) (716 744 556 93 660 740)
 (741 745 557 748 717 661 374) (742 746 748 718 558 662 187)
 (663 743 747 749 750 719 559 375) (672 720 736 15 560)
 (673 721 752 561 376 737) (738 722 752 562 674 188)
 (675 563 753 754 723 377 739) (676 94 752 564 724 740)
 (741 725 753 677 565 756 378) (742 754 756 726 678 189 566)
 (567 679 743 755 757 758 727 379) (744 568 31 752 728 688)
 (753 745 689 729 760 569 380) (690 746 760 754 730 570 190)
 (747 755 691 761 762 731 381 571) (732 748 95 756 692 760 572)
 (573 749 757 761 693 764 733 382) (750 574 758 762 764 734 191 694)
 (695 575 751 383 759 763 765 766 735))