(NIL NIL (1 2) NIL (1 4) (2 4) (6 3 5) NIL (1 8) (4 8) (10 5 9) (2 8) (3 12 9)
 (10 6 12) (14 11 7 13) NIL (1 16) (8 16) (18 9 17) (4 16) (20 17 5) (18 10 20)
 (19 21 22 11) (2 16) (3 24 17) (18 12 24) (19 25 26 13) (6 20 24) (21 7 25 28)
 (22 26 14 28) (23 27 15 30 29) NIL (16 32) (8 32) (33 18 34) (4 32) (33 20 36)
 (10 34 36) (35 37 22 38) (2 32) (33 24 40) (34 40 12) (41 42 35 26) (6 36 40)
 (41 44 37 28) (42 14 44 38) (43 45 30 39 46) (1 32) (33 48 17) (34 9 48)
 (19 49 35 50) (5 36 48) (49 21 52 37) (50 52 11 38) (23 53 51 39 54) (3 48 40)
 (41 49 25 56) (42 56 13 50) (57 58 43 27 51) (52 7 44 56) (57 53 60 45 29)
 (58 60 46 15 54) (31 47 55 59 61 62) NIL (16 64) (1 64) (65 66 17) (32 64)
 (68 33 65) (68 66 48) (49 67 69 70) (8 64) (68 34 72) (18 65 72) (69 73 35 74)
 (9 72 66) (50 76 73 70) (19 67 76 74) (51 77 71 75 78) (4 64) (68 36 80)
 (65 80 20) (81 82 69 37) (5 66 80) (81 70 52 84) (67 82 84 21)
 (85 86 83 53 71) (10 72 80) (81 88 73 38) (82 22 88 74) (83 89 39 75 90)
 (76 88 11 84) (85 77 92 89 54) (86 23 92 90 78) (79 87 93 94 91 55) (2 64)
 (68 96 40) (65 24 96) (41 97 69 98) (3 66 96) (97 70 100 56) (67 98 25 100)
 (57 101 99 71 102) (12 72 96) (97 42 104 73) (98 104 26 74) (43 105 99 75 106)
 (76 104 13 100) (101 58 108 105 77) (102 108 27 106 78)
 (79 103 109 110 107 59) (6 96 80) (81 97 44 112) (82 112 28 98)
 (113 114 83 45 99) (100 7 84 112) (113 85 60 116 101) (114 102 116 29 86)
 (87 103 117 118 115 61) (104 14 88 112) (113 105 120 89 46)
 (114 120 90 30 106) (47 91 107 115 121 122) (92 120 116 15 108)
 (93 109 117 124 121 62) (94 31 110 118 124 122) (95 123 111 119 125 126 63)
 NIL (128 64) (128 16) (129 65 130) (128 1) (129 132 66) (132 130 17)
 (67 133 131 134) (128 32) (129 68 136) (33 136 130) (137 131 69 138)
 (136 132 48) (133 70 137 140) (49 134 140 138) (71 141 135 139 142) (128 8)
 (136 144 34) (129 72 144) (145 146 137 73) (18 130 144) (145 35 148 138)
 (146 148 131 74) (147 149 75 139 150) (132 9 144) (145 50 140 152)
 (133 146 76 152) (153 141 147 77 154) (19 134 148 152) (153 51 156 149 142)
 (154 135 156 150 78) (79 143 155 157 158 151) (128 4) (136 36 160)
 (129 160 80) (81 161 137 162) (20 130 160) (161 164 37 138) (82 164 131 162)
 (83 165 163 139 166) (5 132 160) (161 140 52 168) (133 162 168 84)
 (85 169 163 141 170) (21 168 164 134) (169 53 172 165 142)
 (86 135 172 166 170) (143 87 171 173 174 167) (10 160 144) (145 161 38 176)
 (146 88 176 162) (177 178 147 89 163) (22 148 164 176) (177 165 180 149 39)
 (166 178 180 150 90) (91 151 167 179 181 182) (168 152 11 176)
 (177 153 54 169 184) (178 184 92 170 154) (155 93 171 185 186 179)
 (156 172 23 180 184) (157 173 55 185 188 181) (158 94 174 186 188 182)
 (159 95 175 187 189 190 183) (128 2) (136 192 40) (129 192 96)
 (97 193 137 194) (24 130 192) (41 193 196 138) (98 196 131 194)
 (99 197 195 139 198) (3 132 192) (193 200 140 56) (133 194 200 100)
 (101 201 195 141 202) (25 134 196 200) (57 201 204 197 142)
 (102 135 204 198 202) (203 205 199 143 103 206) (12 192 144) (145 42 208 193)
 (146 104 208 194) (209 210 147 105 195) (196 148 26 208) (209 197 43 212 149)
 (210 198 212 150 106) (199 211 213 214 151 107) (200 152 13 208)
 (209 58 216 153 201) (216 210 108 202 154) (203 217 218 211 109 155)
 (204 156 212 27 216) (205 217 213 220 157 59) (206 218 220 214 158 110)
 (207 219 221 222 159 215 111) (6 192 160) (161 193 44 224) (162 224 194 112)
 (113 225 163 195 226) (196 164 28 224) (225 45 228 165 197)
 (114 226 228 166 198) (199 227 229 230 167 115) (200 7 168 224)
 (225 169 60 201 232) (226 232 202 170 116) (203 171 233 234 227 117)
 (204 172 228 29 232) (205 233 236 173 229 61) (206 234 236 230 118 174)
 (231 207 235 237 238 175 119) (224 14 208 176) (177 209 240 46 225)
 (178 120 226 240 210) (211 227 241 242 179 121) (212 180 240 30 228)
 (213 47 229 241 244 181) (214 122 230 242 244 182)
 (215 183 231 243 245 246 123) (216 232 184 15 240) (217 233 185 248 241 62)
 (186 218 234 248 242 124) (219 235 249 250 243 125 187)
 (244 220 31 236 248 188) (245 221 237 249 252 189 63)
 (222 190 126 238 250 252 246) (223 247 127 239 251 253 254 191) NIL (256 64)
 (256 16) (257 258 65) (256 1) (257 260 66) (260 17 258) (259 67 261 262)
 (256 128) (129 257 264) (130 264 258) (259 266 265 131) (260 264 132)
 (133 261 265 268) (262 266 268 134) (267 269 135 263 270) (256 32)
 (68 257 272) (33 272 258) (259 69 274 273) (260 272 48) (261 70 273 276)
 (49 262 274 276) (277 278 71 275 263) (136 272 264) (265 273 137 280)
 (266 274 280 138) (267 275 139 281 282) (140 268 280 276)
 (277 269 284 141 281) (270 278 284 282 142) (271 143 279 285 286 283) (256 8)
 (34 272 288) (257 72 288) (289 73 273 290) (18 288 258) (289 292 35 274)
 (259 290 292 74) (293 291 275 294 75) (260 9 288) (289 50 296 276)
 (261 290 76 296) (277 297 291 77 298) (19 262 292 296) (297 278 51 300 293)
 (298 263 300 294 78) (79 279 299 301 302 295) (288 264 144) (145 289 280 304)
 (146 265 304 290) (305 306 147 291 281) (266 292 148 304)
 (305 293 308 149 282) (306 267 308 150 294) (151 283 295 307 309 310)
 (152 268 296 304) (305 153 297 284 312) (298 306 312 269 154)
 (155 285 299 313 314 307) (156 308 300 270 312) (157 286 301 313 316 309)
 (271 158 302 314 316 310) (159 287 303 315 317 318 311) (256 4) (272 36 320)
 (257 320 80) (81 321 273 322) (20 320 258) (321 274 37 324) (259 82 324 322)
 (325 83 275 323 326) (5 260 320) (321 52 328 276) (261 322 328 84)
 (85 277 323 329 330) (21 324 328 262) (329 53 332 325 278)
 (86 263 332 326 330) (331 333 334 327 87 279) (320 264 160) (161 321 280 336)
 (162 265 336 322) (337 338 163 323 281) (266 164 324 336)
 (337 325 340 165 282) (338 267 340 166 326) (327 339 341 342 283 167)
 (168 268 328 336) (337 169 284 329 344) (338 344 269 330 170)
 (331 345 346 339 285 171) (332 172 340 270 344) (333 345 348 341 286 173)
 (334 271 346 348 342 174) (335 347 349 350 343 287 175) (10 320 288)
 (289 321 38 352) (290 88 352 322) (353 354 291 89 323) (22 292 324 352)
 (353 325 356 293 39) (326 356 294 354 90) (327 91 355 357 358 295)
 (296 11 328 352) (353 297 329 54 360) (354 92 360 330 298)
 (331 93 299 361 362 355) (23 356 300 332 360) (333 361 364 301 55 357)
 (334 94 362 364 302 358) (303 335 95 363 365 366 359) (352 176 336 304)
 (305 177 337 353 368) (306 368 354 338 178) (339 355 369 370 307 179)
 (356 308 180 340 368) (309 341 357 369 372 181) (342 182 358 370 372 310)
 (343 311 359 371 373 374 183) (360 184 312 344 368) (345 313 361 185 376 369)
 (186 346 376 362 370 314) (315 347 363 377 378 371 187)
 (372 316 348 364 376 188) (317 349 373 365 377 380 189)
 (350 374 366 378 380 318 190) (351 375 367 319 379 381 382 191) (256 2)
 (384 272 40) (257 384 96) (97 385 273 386) (384 24 258) (41 385 388 274)
 (259 98 388 386) (389 99 275 387 390) (3 260 384) (385 276 392 56)
 (261 386 392 100) (101 277 387 393 394) (25 262 388 392) (57 278 396 389 393)
 (102 263 396 390 394) (395 397 398 391 279 103) (384 264 192)
 (193 385 280 400) (194 265 400 386) (401 402 195 387 281) (266 388 196 400)
 (401 389 404 197 282) (402 267 404 198 390) (199 391 403 405 406 283)
 (200 268 392 400) (401 201 284 393 408) (402 394 408 269 202)
 (395 409 410 403 285 203) (204 404 270 396 408) (205 409 412 405 286 397)
 (398 271 410 412 406 206) (207 399 411 413 414 407 287) (12 384 288)
 (289 42 385 416) (290 416 104 386) (417 418 291 105 387) (388 292 26 416)
 (417 389 43 420 293) (418 420 294 390 106) (295 391 419 421 422 107)
 (392 296 13 416) (417 58 297 393 424) (418 394 108 424 298)
 (395 299 425 426 419 109) (420 27 300 396 424) (397 425 428 301 421 59)
 (398 110 426 428 302 422) (423 399 303 427 429 430 111) (416 400 208 304)
 (305 209 432 401 417) (306 432 418 402 210) (403 419 433 434 307 211)
 (420 212 404 308 432) (213 405 421 433 436 309) (406 214 422 434 436 310)
 (407 215 423 435 437 438 311) (216 312 424 408 432) (217 409 425 313 440 433)
 (218 410 440 426 434 314) (315 411 427 441 442 435 219)
 (316 412 220 428 440 436) (413 437 221 429 441 444 317)
 (414 438 430 442 444 318 222) (415 223 431 319 443 445 446 439) (6 384 320)
 (321 385 44 448) (322 448 386 112) (113 449 323 387 450) (388 324 28 448)
 (389 45 452 325 449) (114 452 450 326 390) (451 453 327 391 115 454)
 (7 328 392 448) (449 329 60 393 456) (450 394 456 330 116)
 (457 458 395 451 331 117) (332 452 29 396 456) (457 460 333 397 453 61)
 (458 460 398 334 118 454) (459 455 461 335 399 119 462) (448 400 224 336)
 (337 225 464 401 449) (338 464 450 402 226) (451 465 466 339 227 403)
 (452 228 404 340 464) (453 465 341 468 405 229) (454 466 468 342 406 230)
 (455 467 469 470 407 343 231) (232 456 344 408 464) (457 472 465 409 233 345)
 (458 472 466 346 234 410) (459 347 473 474 411 235 467)
 (348 412 472 468 236 460) (461 473 469 476 349 237 413)
 (462 474 476 350 414 238 470) (463 475 477 478 415 471 239 351)
 (448 14 416 352) (353 417 46 449 480) (480 354 120 450 418)
 (451 419 481 482 355 121) (452 420 356 30 480) (453 47 481 484 421 357)
 (454 482 484 358 122 422) (359 455 483 485 486 423 123) (360 424 456 15 480)
 (457 361 488 481 425 62) (458 426 488 482 362 124)
 (459 483 489 490 427 363 125) (460 31 488 484 364 428)
 (461 429 489 492 365 485 63) (462 486 490 492 366 126 430)
 (487 463 367 491 493 494 431 127) (464 480 432 240 368)
 (433 465 481 241 496 369) (466 482 496 370 242 434)
 (467 483 497 498 371 243 435) (436 468 484 372 496 244)
 (245 469 373 485 497 500 437) (246 470 438 486 498 500 374)
 (471 375 247 487 499 501 502 439) (496 472 376 440 488 248)
 (473 377 441 489 249 504 497) (250 474 504 378 490 442 498)
 (251 379 475 491 505 506 443 499) (500 380 444 476 492 504 252)
 (445 381 477 493 505 501 508 253) (478 446 494 502 506 508 382 254)
 (503 479 255 495 507 509 510 447 383) NIL (512 256) (512 128) (513 264 514)
 (512 64) (257 513 516) (129 516 514) (265 517 518 515) (512 16) (513 520 258)
 (130 514 520) (521 266 515 522) (65 516 520) (259 521 524 517)
 (522 524 131 518) (267 525 523 519 526) (512 8) (513 528 288) (528 514 144)
 (529 530 515 304) (72 516 528) (529 290 532 517) (146 532 518 530)
 (306 531 533 534 519) (18 528 520) (521 529 292 536) (536 522 148 530)
 (537 538 523 308 531) (532 524 74 536) (537 533 540 525 294)
 (538 540 534 526 150) (535 539 541 542 527 310) (512 4) (513 544 320)
 (544 514 160) (545 546 515 336) (516 544 80) (545 322 548 517)
 (162 548 518 546) (338 547 549 550 519) (20 544 520) (521 545 324 552)
 (522 164 552 546) (553 554 523 340 547) (82 524 548 552) (553 549 556 525 326)
 (554 550 556 526 166) (551 555 557 342 558 527) (10 544 528) (529 545 560 352)
 (530 546 560 176) (561 562 531 547 368) (532 88 548 560) (561 354 564 533 549)
 (178 562 564 534 550) (535 551 563 565 566 370) (22 552 560 536)
 (537 553 356 561 568) (538 562 180 568 554) (539 563 569 570 372 555)
 (540 568 90 556 564) (541 557 565 358 569 572) (558 542 566 570 572 182)
 (559 574 543 567 571 573 374) (512 2) (513 576 384) (576 514 192)
 (577 578 515 400) (576 516 96) (577 386 580 517) (194 580 518 578)
 (402 579 581 582 519) (576 24 520) (521 577 388 584) (522 196 584 578)
 (585 586 523 404 579) (98 524 580 584) (585 581 588 525 390)
 (582 586 588 526 198) (583 587 589 590 406 527) (12 576 528) (529 577 592 416)
 (578 530 592 208) (593 594 531 579 432) (104 532 580 592)
 (593 418 581 596 533) (594 210 596 534 582) (535 583 595 597 598 434)
 (584 26 592 536) (537 585 593 420 600) (594 538 212 600 586)
 (539 595 601 602 436 587) (596 540 588 106 600) (541 589 597 422 601 604)
 (214 590 542 598 602 604) (543 606 591 599 603 605 438) (6 576 544)
 (545 577 608 448) (578 546 608 224) (609 610 547 579 464) (548 580 608 112)
 (609 450 581 612 549) (226 612 550 610 582) (611 613 551 583 466 614)
 (584 608 28 552) (553 585 452 609 616) (554 228 616 610 586)
 (611 617 618 555 468 587) (114 556 588 612 616) (613 454 617 557 620 589)
 (614 618 620 590 558 230) (615 619 621 470 559 622 591) (14 592 608 560)
 (561 593 609 624 480) (594 562 624 610 240) (611 595 625 626 563 496)
 (120 564 596 612 624) (613 625 482 628 597 565) (614 626 628 566 242 598)
 (567 615 627 629 630 599 498) (624 600 616 30 568) (617 625 601 484 632 569)
 (602 618 626 632 570 244) (619 627 633 634 571 500 603)
 (604 620 628 632 572 122) (573 621 629 486 633 636 605)
 (246 622 574 630 634 636 606) (623 638 607 631 635 637 502 575) (512 1)
 (513 640 260) (640 514 132) (641 642 268 515) (516 640 66) (261 641 644 517)
 (133 642 644 518) (645 643 269 646 519) (17 640 520) (521 262 641 648)
 (522 648 642 134) (649 650 523 643 270) (67 644 524 648) (649 645 263 652 525)
 (650 135 652 526 646) (271 647 651 653 654 527) (9 640 528) (529 641 656 296)
 (530 656 642 152) (657 658 531 643 312) (644 76 532 656) (657 298 660 533 645)
 (154 660 658 534 646) (535 647 659 661 662 314) (19 656 648 536)
 (537 649 300 657 664) (664 538 156 658 650) (539 659 665 666 316 651)
 (652 660 540 78 664) (541 653 661 302 665 668) (654 542 662 666 668 158)
 (655 670 543 663 667 669 318) (5 640 544) (545 641 672 328) (546 672 642 168)
 (673 674 547 643 344) (644 672 548 84) (673 330 676 549 645)
 (170 674 676 550 646) (675 677 551 647 346 678) (672 21 648 552)
 (553 649 332 680 673) (554 172 674 680 650) (675 681 682 555 348 651)
 (652 86 556 676 680) (677 334 681 557 684 653) (678 682 684 654 558 174)
 (679 683 685 350 655 686 559) (672 656 11 560) (561 657 688 673 360)
 (562 688 658 674 184) (675 659 689 690 563 376) (660 92 564 676 688)
 (677 689 362 692 565 661) (678 690 692 566 186 662)
 (567 679 691 693 694 663 378) (680 23 664 688 568) (681 689 665 364 696 569)
 (682 666 690 696 570 188) (683 691 697 698 571 380 667)
 (572 684 94 692 696 668) (573 685 693 366 697 700 669)
 (686 574 694 698 700 670 190) (687 702 575 695 699 701 382 671) (3 640 576)
 (577 641 704 392) (578 704 642 200) (705 706 579 643 408) (644 704 580 100)
 (705 394 708 581 645) (202 708 582 706 646) (707 709 583 647 410 710)
 (648 704 25 584) (585 649 396 705 712) (586 712 204 706 650)
 (707 713 714 587 412 651) (652 102 708 588 712) (709 398 713 589 716 653)
 (710 714 716 654 590 206) (711 715 717 414 655 718 591) (704 656 13 592)
 (593 657 720 705 424) (594 720 658 706 216) (707 659 721 722 595 440)
 (660 108 708 596 720) (709 721 426 724 597 661) (710 218 722 724 598 662)
 (599 711 723 725 726 663 442) (720 712 664 27 600) (713 721 665 428 728 601)
 (714 220 666 722 728 602) (715 723 729 730 603 444 667)
 (604 716 724 110 728 668) (605 717 725 430 729 732 669)
 (718 606 726 730 732 670 222) (719 734 607 727 731 733 446 671)
 (704 7 672 608) (609 673 736 705 456) (610 736 674 706 232)
 (737 738 611 472 707 675) (736 676 708 612 116) (737 458 740 709 677 613)
 (738 740 614 234 678 710) (739 741 679 711 615 474 742) (736 712 680 29 616)
 (737 460 744 617 713 681) (738 744 618 682 236 714)
 (739 745 746 619 476 683 715) (740 744 684 716 118 620)
 (741 462 745 685 748 717 621) (742 718 746 748 686 622 238)
 (743 747 749 478 687 750 719 623) (736 720 688 15 624)
 (737 689 721 752 625 488) (738 690 752 626 248 722)
 (739 723 753 754 627 504 691) (740 628 752 724 692 124)
 (741 753 490 756 725 693 629) (742 694 754 756 630 250 726)
 (695 743 631 755 757 758 727 506) (632 744 696 31 752 728)
 (745 753 697 492 729 760 633) (746 760 698 754 730 634 252)
 (747 699 755 761 762 635 508 731) (732 748 126 756 760 700 636)
 (764 701 749 757 494 761 637 733) (734 750 638 758 762 764 702 254)
 (751 766 735 759 639 763 765 510 703) (512 32) (513 272 768) (136 514 768)
 (769 770 280 515) (68 516 768) (769 273 772 517) (770 137 772 518)
 (771 773 281 519 774) (33 520 768) (769 521 274 776) (770 776 138 522)
 (777 778 771 523 282) (524 69 772 776) (777 275 780 773 525)
 (778 780 774 139 526) (283 527 779 781 782 775) (34 528 768) (769 289 529 784)
 (145 770 784 530) (305 785 771 531 786) (532 772 73 784) (785 533 291 788 773)
 (786 147 788 774 534) (535 787 789 790 307 775) (784 35 536 776)
 (777 537 293 785 792) (778 792 149 786 538) (539 787 793 794 779 309)
 (540 788 780 75 792) (541 789 295 793 796 781) (542 151 790 794 796 782)
 (543 783 791 795 797 798 311) (36 544 768) (769 321 545 800) (161 770 800 546)
 (337 801 771 547 802) (81 772 548 800) (801 549 323 804 773)
 (802 163 804 774 550) (803 805 806 551 339 775) (552 37 800 776)
 (777 553 325 801 808) (778 802 165 808 554) (803 809 810 555 341 779)
 (83 780 808 556 804) (805 327 809 812 557 781) (806 810 812 558 167 782)
 (807 811 813 814 559 343 783) (560 38 800 784) (785 353 561 801 816)
 (177 786 802 816 562) (803 563 817 818 787 369) (788 89 816 564 804)
 (805 817 355 820 565 789) (806 818 820 790 179 566)
 (791 807 819 821 822 567 371) (568 808 816 39 792) (809 817 569 357 824 793)
 (810 818 824 794 570 181) (811 819 825 826 795 373 571)
 (572 812 91 820 824 796) (797 813 821 359 825 828 573)
 (814 574 822 826 828 798 183) (799 815 375 823 827 829 830 575) (576 40 768)
 (769 385 577 832) (193 770 832 578) (401 833 771 579 834) (97 772 580 832)
 (833 581 387 836 773) (834 195 836 774 582) (835 837 838 583 403 775)
 (41 584 832 776) (777 585 389 833 840) (778 834 840 197 586)
 (835 841 842 587 405 779) (99 780 588 836 840) (837 391 841 844 589 781)
 (838 199 842 844 590 782) (839 843 845 846 407 591 783) (42 592 832 784)
 (785 417 593 833 848) (209 786 834 848 594) (835 595 849 850 787 433)
 (788 105 596 836 848) (837 849 419 852 597 789) (838 211 850 852 790 598)
 (791 839 851 853 854 599 435) (43 600 848 840 792) (841 849 601 421 856 793)
 (602 842 213 850 856 794) (843 851 857 858 795 437 603)
 (604 844 852 107 856 796) (797 845 853 423 857 860 605)
 (846 215 606 854 858 860 798) (847 607 799 855 859 861 862 439)
 (44 608 832 800) (801 449 609 833 864) (225 802 834 864 610)
 (865 866 835 465 803 611) (113 804 612 836 864) (865 451 868 613 837 805)
 (866 868 838 614 227 806) (807 867 869 615 839 467 870) (616 45 864 840 808)
 (865 453 872 809 617 841) (866 618 872 810 229 842)
 (867 873 874 843 469 811 619) (620 872 812 868 115 844)
 (869 455 873 813 876 621 845) (870 874 876 846 814 231 622)
 (871 875 877 878 847 815 471 623) (624 864 46 848 816)
 (865 481 880 817 625 849) (866 850 880 818 626 241)
 (867 819 627 881 882 851 497) (868 628 852 880 820 121)
 (869 853 881 483 884 629 821) (870 630 882 884 854 243 822)
 (823 631 871 883 885 886 855 499) (872 856 47 880 632 824)
 (857 873 881 633 485 888 825) (634 874 888 882 858 826 245)
 (875 883 889 890 859 501 827 635) (636 888 876 884 860 828 123)
 (829 877 861 885 487 889 892 637) (878 830 886 890 638 892 862 247)
 (879 831 503 887 639 891 893 894 863) (48 640 768) (769 641 896 276)
 (896 770 140 642) (897 898 771 284 643) (644 70 772 896) (277 645 897 900 773)
 (898 900 141 774 646) (899 901 902 647 285 775) (49 896 648 776)
 (777 278 897 649 904) (898 778 904 142 650) (899 905 906 651 286 779)
 (652 71 780 900 904) (901 905 279 908 653 781) (902 143 906 908 654 782)
 (903 907 909 910 655 287 783) (896 50 656 784) (785 297 897 657 912)
 (153 786 912 898 658) (899 659 913 914 787 313) (660 788 77 900 912)
 (901 913 299 916 661 789) (902 155 914 916 790 662)
 (791 903 915 917 918 663 315) (51 664 904 912 792) (905 913 665 301 920 793)
 (906 157 914 920 794 666) (907 915 921 922 795 317 667)
 (796 79 908 916 920 668) (797 909 917 303 921 924 669)
 (910 159 670 918 922 924 798) (799 911 319 919 923 925 926 671)
 (672 896 52 800) (801 329 897 928 673) (169 802 928 898 674)
 (929 930 803 345 675 899) (85 676 804 900 928) (929 331 932 677 805 901)
 (930 932 902 171 678 806) (931 933 807 679 347 903 934) (928 680 53 904 808)
 (929 333 936 809 681 905) (930 936 906 682 173 810)
 (931 937 938 811 349 907 683) (812 936 87 684 908 932)
 (933 335 937 909 940 685 813) (934 938 940 910 814 175 686)
 (935 939 941 942 687 815 351 911) (928 688 912 54 816)
 (929 361 913 944 817 689) (930 914 944 818 185 690)
 (931 691 945 946 819 377 915) (932 820 93 944 692 916)
 (933 821 945 363 948 693 917) (934 694 946 948 918 187 822)
 (823 935 919 947 949 950 695 379) (936 920 944 55 696 824)
 (937 945 697 921 365 952 825) (938 952 698 946 826 922 189)
 (939 923 947 953 954 827 381 699) (828 940 924 95 948 952 700)
 (925 941 949 829 367 953 956 701) (702 942 830 950 954 956 926 191)
 (927 943 831 383 951 955 957 958 703) (896 704 56 832) (833 393 897 705 960)
 (201 834 960 898 706) (961 962 835 409 707 899) (101 708 836 900 960)
 (961 395 964 709 837 901) (962 203 964 902 710 838)
 (963 965 839 711 411 903 966) (57 712 904 960 840) (961 397 968 841 713 905)
 (962 205 968 906 714 842) (963 969 970 843 413 907 715)
 (844 968 716 908 103 964) (965 399 969 909 972 717 845)
 (966 207 970 972 910 846 718) (967 971 973 974 719 415 847 911)
 (58 720 912 960 848) (961 425 913 721 976 849) (962 914 217 976 850 722)
 (963 723 977 978 851 441 915) (964 852 976 724 109 916)
 (965 853 977 427 980 725 917) (966 219 978 980 918 726 854)
 (855 967 919 979 981 982 727 443) (856 968 920 976 728 59)
 (969 977 729 921 429 984 857) (970 984 221 730 978 858 922)
 (971 923 979 985 986 859 445 731) (860 972 924 980 111 984 732)
 (925 973 861 981 431 985 988 733) (734 974 223 862 982 986 988 926)
 (927 975 447 983 863 987 989 990 735) (736 60 928 960 864)
 (865 457 929 961 737 992) (866 930 962 233 738 992)
 (993 994 963 473 867 739 931) (740 868 117 932 964 992)
 (993 459 996 741 869 933 965) (994 996 934 870 235 742 966)
 (995 997 743 967 871 475 935 998) (872 744 936 968 61 992)
 (993 461 1000 873 745 937 969) (994 1000 874 746 938 237 970)
 (995 1001 1002 971 477 747 939 875) (876 1000 748 940 972 996 119)
 (997 463 1001 941 1004 749 973 877) (998 750 1002 1004 942 974 239 878)
 (479 999 943 1003 1005 1006 975 751 879) (976 944 880 752 62 992)
 (993 489 945 977 753 1008 881) (994 946 978 1008 882 249 754)
 (995 883 1009 1010 979 505 755 947) (996 884 756 1008 125 948 980)
 (997 885 1009 491 1012 757 949 981) (998 886 1010 1012 950 758 251 982)
 (759 999 887 1011 1013 1014 983 951 507) (888 1000 984 1008 952 760 63)
 (985 1001 1009 761 953 493 1016 889) (1010 1002 1016 762 954 986 890 253)
 (1003 763 955 1011 1017 1018 987 509 891) (892 1004 956 988 1012 1016 764 127)
 (957 1005 989 1013 495 1017 1020 765 893)
 (1020 766 1006 990 1014 1018 894 958 255)
 (511 959 1007 767 1015 895 1019 1021 1022 991))