(NIL NIL (2 1) (3) (3) (5) (6) (2) (8 6) (8 4 7) (10) (11 9) (10 9) (10)
 (14 12) (15) (16) (14 12) (18 16) (19 17) (20 13) (19 13 17) (21 22) (21 22)
 (24) (25) (26 23) (23 24) (28) (29) (27 29) (31) (30 32) (30 31) (30 31)
 (35 32) (33 36) (34 37) (37) (34 39) (40) (40) (42) (42) (43 44 38) (45)
 (41 45) (45) (46 47 48) (46 48) (46 48) (49 50 51) (52) (49 51) (54) (53 54)
 (55 56) (55 56) (58) (57 59) (57 59) (61) (62) (62) (60 64) (65) (66 63) (67)
 (66 63) (68 69) (69) (68 71) (70 72) (73) (73) (73) (76) (74 76) (78) (79)
 (77 79) (81 80) (82) (81 75) (84) (83 85) (84 80) (83 85 87) (88) (85 87)
 (83 85 87) (91 86 88) (90 92) (89 90 92) (91 86 88) (94 95) (96) (93 96)
 (89 95) (98 99) (100) (100) (97 102) (103) (104) (105) (106) (106 101)
 (101 103) (106 109) (107 108 110) (111) (111) (110) (114 111) (114 112) (116)
 (117) (113 115 118) (119) (119) (121) (122 120) (123) (124) (124) (125 126)
 (126) (125 128) (125 128) (126) (130 131 127) (129 130 131) (133) (134 127)
 (135) (135) (135) (138) (138 132) (137 139 140) (141) (142) (143 136)
 (142 136) (145) (146) (147 144) (147 144) (148 149) (149) (151) (150 152)
 (148 151) (154 150) (153 155) (156) (156) (158) (157 159) (156) (161 157)
 (162 160) (163) (162 159) (163 165) (165 160) (166 167) (168) (169 164) (170)
 (171) (172) (173) (174) (172) (176) (177 174) (177 174) (177 174) (180 175)
 (181) (179 182) (183) (178 181) (178 180 175) (186 184) (187) (187) (188 189)
 (190) (191) (185 191) (193) (193) (193) (190) (193 197) (194 196 198 192)
 (195 199) (199) (199) (199) (201 202 203 200) (201 202 203) (195 199)
 (201 206 200) (204 207) (205 208) (209) (210) (210) (209) (205 208) (210 214)
 (214) (211 216) (212 216) (218) (211 213 219) (217 220) (220 215) (217 222)
 (223) (222) (225 223) (225 221) (225 223) (227 228) (229 224) (226 230) (229)
 (230 232) (233) (234 231) (235) (236) (233 231) (238) (235 239) (234 238)
 (241 236 240) (242) (243 237) (243) (245) (242 237) (247) (244 245 248) (249))