(NIL NIL (1) (3) (2 3) (4 5) (4 5) (7) (5) (9) (9 6 7) (10 11) (12) (13 8) (14)
 (15) (14) (17 16) (18) (18) (19 20) (20) (18) (21 23) (21 23) (25) (25 24)
 (25) (19 20 23) (28 29 22) (27 30) (26 31) (27 30) (30) (33 26 31 34)
 (33 26 34) (36 32) (37) (38) (35 38) (39 40) (35 38) (42 40) (43 39) (41 44)
 (45) (46) (47) (46) (46) (47) (51 50 48) (52) (53) (54) (49 55) (56) (57) (55)
 (57 59) (60) (61) (61) (62 63) (64) (65 58) (58 64) (67) (67) (66 68 69) (70)
 (70) (71 72) (71 72) (73 74) (73 74) (75 76) (77) (78) (76) (79 80) (79 80)
 (82) (81 82) (84) (84) (85 86) (83 86) (88) (89) (90) (91 87) (91) (91)
 (90 87) (91 95) (94 96) (93 94 95) (95) (97 98 99) (100 92) (101) (102) (103)
 (103) (105) (105) (107) (108) (108 104) (107) (106 111) (109 112) (113)
 (112 109 104) (106 109 110 111) (109 111 104) (114 115 117) (116 118)
 (115 117) (120 110 118) (121 119) (121 116) (123) (122 124) (124) (125 126)
 (126 119) (125 128) (129 127) (130) (131) (131) (133) (134) (135) (132 136)
 (137) (132 136) (138 139) (139) (132 136) (140 142) (143) (141 144) (145)
 (143) (147) (145 148) (145 147) (148 150) (149 151) (152) (153 146) (146 152)
 (154 155) (154 155) (153 146) (158 157) (156 159) (160) (161) (159) (163 156)
 (162 164) (161 163) (165 166) (167) (167) (169) (170) (171) (158 157)
 (171 173) (172 173) (162 164 173 166) (172 176) (169 176 168) (177 178 174)
 (179) (180) (180 175) (180 175) (183) (181 184) (184) (186 181 182) (187)
 (188) (186 182) (187 190) (185 189 191) (187 190) (193 192) (193 192) (195)
 (196) (197) (194 198) (199) (199) (201) (199) (197) (203 204) (202 205) (206)
 (203 204) (206 208) (209 200) (210 207) (211) (212) (213) (213) (213)
 (214 216) (215 216) (212) (219 214 216) (220 215) (221) (217 219) (217 219)
 (223 224) (225 222) (218 226) (225 221) (218 228) (227 229) (230) (231) (232)
 (232) (232) (235) (233 236) (234 237) (232) (238 239) (237 239) (234 236 239)
 (241 242 238) (243) (242) (243 245 240) (246) (247) (241 245 240) (249 247))