(NIL (1) (2) (3) (4) (5) (4) (6 7) (7) (9 6) (10) (11) (11 8) (13) (14) (14)
 (12 16) (12 16) (17 18 15) (17 18) (20) (19 21) (21) (19 20) (21 24) (25 22)
 (26 23) (22 23 24) (27 28) (29) (29) (27 28) (30 31 32) (33) (33) (30 32)
 (33 36) (35 37) (35 36) (37 39) (34 40) (41) (42) (43 38) (43) (45) (38 46)
 (44 45) (46 48) (46 48) (50) (50 47) (49 50 47) (53) (51 54) (55) (56) (57 52)
 (58) (57 52) (59 60) (61) (61) (63) (64) (65) (63) (65 67) (68 62) (66 68 62)
 (69 70) (71) (72) (71) (73 74) (75) (76) (74) (76 78) (79) (77 79) (81)
 (81 80) (81 80) (83 84) (84) (82 85 86) (87) (88) (88) (90) (91) (89 90) (88)
 (88) (94 95) (92 95) (89 97) (98) (91 93 94 95) (97 100) (98 101 96) (102)
 (99 103) (100 96) (105 99 102) (106) (107 103) (108) (107) (110) (108 111)
 (108 111) (113 112 109 104) (109 111) (110 104) (115 116 112) (114 117) (118)
 (118) (119 120) (121) (113 115 116) (123 119) (122 124) (125) (126) (125)
 (127 128) (127 128) (127 128) (131) (129 132) (133) (134) (129 132)
 (130 135 136) (137) (130 136) (139 135) (137 140) (141) (138 142) (141)
 (143 144) (145) (145) (146 147) (147) (148 149) (150) (148 149) (150 152)
 (153 151) (154) (154) (155 156) (156) (158) (155 156) (159 160) (161 157)
 (162) (161 157) (164) (157 159 160) (162 166) (167) (167) (169 164 168)
 (169 163 165) (163 165 167) (169 172) (170 171 173) (171 173) (170 173)
 (174 176) (177) (178 175) (179) (179) (179) (180 181 182) (183) (182)
 (185 180) (186 184) (186 184) (187 188) (188) (187 190) (191) (192) (192)
 (193 194 189) (195) (196) (196) (195) (197 199) (200) (201 198) (201 198)
 (203) (201) (203 205) (204 206) (206) (202 208) (209 207) (210) (209)
 (210 212) (211 213) (213) (215) (216) (214 216) (214 215) (217 218 219) (220)
 (221) (222) (221) (224) (224) (226 223) (225 226 223) (227 228) (228) (228)
 (229 231) (232) (230 232) (234) (233 234) (236) (236) (238) (235 238)
 (235 238) (241 240) (242 239) (243) (243 237) (244 245) (246) (243 237)
 (244 245 248) (249 246))