(NIL (1) (2) (3) (1) (1) (3 6) (4 5) (8 6) (9 7) (10) (7) (12 10) (12 10)
 (13 14) (15) (11 16) (17) (17) (18 19) (18 19) (18 19) (20 22) (23) (21 24)
 (21 24) (26) (27) (25 28) (28) (30) (25 30) (32) (33 29 31) (31 32) (26)
 (25 36 30) (34 35 37) (38) (39) (38) (41) (42) (43 40) (43 40) (41) (46 40)
 (45 47) (44 48) (45 47) (49 50) (51) (52) (51) (54) (53) (56) (55 57) (58)
 (55 57) (60) (58 61) (62) (63) (64) (65 59) (65) (66 67) (59 67) (66 69) (70)
 (68 70) (72) (73) (74) (73 71) (75 76) (71 72) (77 78) (78) (77 78) (81 80)
 (82) (83 79) (84) (85) (86) (84) (88) (89 86) (86 88) (90 91 87) (90 91 87)
 (93) (87 88) (95 93) (89 91) (96 97) (94 97) (95 99) (96 94 97) (95 92 97)
 (98 101 102 99) (100 103) (103) (103) (100 103) (105 106 107 104)
 (105 106 107) (109) (108 110) (110) (111 112) (112) (113 114) (115) (114 111)
 (117) (113 118) (119) (116 120) (121) (122) (121) (124) (123 125) (123 125)
 (124) (123 125 128) (128) (129 130) (131 126) (132 127) (133) (134) (134)
 (133) (137 135) (138 136) (137 134) (140) (140 135) (139 142) (143) (143)
 (139 141 142) (146) (147 143) (147 143) (149 144) (150) (145 148 149 144)
 (145 149 144) (153 152) (154) (155 150) (156) (157) (158 151) (159) (159)
 (161 160) (161) (163 160) (164) (165) (163 160) (162 164 167) (162 165 167)
 (169 166) (170) (171 168) (170 168) (173) (172 174) (175) (176) (177) (177)
 (179) (178 180) (178 180) (178 180) (182 183) (181 184) (185) (186) (187)
 (187) (188 189) (190) (191) (192) (185) (193 194) (194 192) (195 196)
 (195 196) (198) (197 199) (199) (197 199) (193 196) (201 203) (202 204) (205)
 (206 200) (206) (208 200) (209) (207 208) (209 211) (212) (210 213) (214)
 (215) (216) (216) (218) (216) (218 220) (221) (219 222) (223) (224) (219 221)
 (226 223) (217 227 224) (225 228) (226) (230 223) (229 231) (231)
 (217 225 227 233) (234) (234 229) (235 236) (236) (238 232) (234 232)
 (233 232) (241 236 240) (241 237) (242 243 239) (244) (244) (246) (246)
 (245 247 248) (245 247 248))