(NIL NIL (1) (2 3) (4) (5) (6) (7) (8) (8) (9 10) (11) (12) (13) (13) (11)
 (14 15 16) (17) (10) (19 14 16) (20 15) (21) (6) (17 22 23) (24) (25 18)
 (20 23 15) (26 27) (28) (28) (18 27 22) (31) (29 30 32) (33) (34) (35) (36)
 (35) (35) (36 38 39) (40) (37 39) (42 40) (41 43) (44) (45) (45) (42 40)
 (47 48) (49) (50 46) (51) (51) (52 53) (54) (53) (54 56) (57) (58 55) (58 55)
 (57) (59 61) (62) (63) (62) (61 55) (66 60 64) (67) (66 64) (67 69) (68 70)
 (65 70) (71 72) (73) (74) (75) (74) (75 77) (76 78) (74) (68 72) (81 76 77)
 (82 78 80) (83 79) (84) (84) (82 79 80) (87) (83 87) (89) (90) (91 85 86 88)
 (89 85 88) (92 93) (92 93) (95) (94 96) (95) (98) (97 99) (100) (101) (102)
 (100) (104) (104) (97 99) (106 107 102) (105 108 103) (105 106 107) (110)
 (101 111) (101 110) (113 111 103) (114) (115 109) (115 112) (117 109)
 (116 117) (119) (119) (121 120) (114 108 112) (122 123 118) (124) (124) (126)
 (124) (125 128) (129 126) (130) (130) (125 127 128) (130 133) (130 133) (135)
 (134 136) (137 132) (138) (131 139) (140) (140) (142) (141 143) (144) (143)
 (146 141) (147 144) (145 148) (149) (147 144) (147) (150 152) (153) (154)
 (154) (156) (153) (158 151) (156 159) (155 157 160) (161) (162) (163) (162)
 (164 165) (166) (167) (168) (169) (169) (168) (171 172) (170 173) (169 172)
 (174 175) (176) (173 175) (178 174) (178 176) (177 180) (181) (179 181) (181)
 (182 184) (185 183) (186) (187) (187) (189) (190) (188 191) (192) (193) (194)
 (195) (196) (193) (197 198) (195 198) (199 200) (201) (202) (202) (196 200)
 (202 205) (206) (203 204 207) (206) (209 203) (210 208) (211) (212) (213)
 (210 204 207) (213 215) (216) (216) (217 218 214) (217 218 214) (220)
 (219 221) (222) (223) (224) (223) (219 220) (227 223) (228) (229 224) (230)
 (231) (226 232) (233) (225 233) (235) (234 235) (235) (233) (236 239)
 (234 236 238 239) (236 237 239) (241 242 240) (243) (244) (244) (245 246)
 (247) (246) (249 247))