(NIL NIL (1) (3) (2 3) (5) (4 6) (6) (7 8) (9) (4 6) (10 11) (12) (12) (9 11)
 (13 14 15) (13) (16 17) (18) (19) (19) (21) (20 22) (20 22) (24) (20 21)
 (25 26) (27 23) (27) (28 29) (30) (27) (29 23 32) (28 32) (34 31) (33 34 31)
 (36) (37) (35 38) (39) (39) (41) (41) (42 43 40) (42 43 40) (45) (45) (46)
 (48 47) (49) (50 44) (50) (50) (53) (51 54) (51 54) (52 54) (57 55) (58)
 (57 44) (60 55) (61) (52 44 54) (59 60 63 56) (62 64) (65) (66) (65) (68)
 (59 62 63 56) (66 69 70) (67 71) (72) (72) (73 74) (75) (76) (77) (78) (77)
 (76) (81 79) (81 79 80) (82 83) (84) (84) (86) (86) (85 88) (89) (90) (91)
 (92 87) (91 87) (94) (93 95) (96) (89 87) (98 96) (98 95) (99 100) (101)
 (97 102) (101) (103 104) (97 100) (106 104) (105 107) (108) (109) (109) (111)
 (110 111) (113) (114) (115 112) (116) (115) (118 112) (118 112) (116 119 120)
 (121 117) (121 117) (121 117) (124) (122 123 125) (126) (126) (128) (129)
 (130 127) (129) (123 125) (130 133) (131 134) (132 135) (136) (137) (138)
 (139) (140) (141) (141) (142 143) (144) (145) (145) (147) (146 147) (149)
 (150) (150) (148 151 152) (153) (153) (148 149) (155 156) (157) (158) (159)
 (160) (161) (154 162) (154 159) (164) (163 165) (165) (161 167) (166 167)
 (169 168) (170) (171) (170) (170) (172 174) (175) (172 173 174) (177 175)
 (178) (179) (178) (177) (180 182) (183 176) (184) (184) (183 176)
 (186 187 181) (188) (189) (190) (189) (191 192) (189) (194 191) (194 190 192)
 (185 195 196) (195 196) (193 197 198) (193 197 198) (194 192) (201 200)
 (201 197 198) (202 203) (202 203) (204 205 199) (204 205) (202 203 199)
 (204 208) (209 206) (210) (207 208) (211 212) (213) (214) (215) (215) (215)
 (218 216) (217 219) (220) (221) (221) (222 223) (223) (225 224) (225 224)
 (221) (226 228) (229) (227 230) (229) (232) (227 232) (234 230) (234) (236)
 (235 237 231) (237 230) (236 231) (233 237 240) (241 235) (233 235 237 240)
 (243 238 239) (242 244) (245) (241 244) (247) (245 248) (249))