(NIL NIL (1 2) NIL (2 4) (1 4) (5 3 6) NIL (4 8) (2 8) (9 5 10) (1 8) (9 6 12)
 (3 10 12) (11 13 7 14) NIL (8 16) (4 16) (17 9 18) (2 16) (17 10 20) (5 18 20)
 (19 21 11 22) (1 16) (17 12 24) (18 24 6) (25 26 19 13) (3 20 24)
 (25 28 21 14) (26 7 28 22) (27 29 15 23 30) NIL (8 32) (4 32) (9 33 34) (2 32)
 (33 36 10) (5 34 36) (37 38 11 35) (1 32) (33 12 40) (6 34 40) (41 13 35 42)
 (3 40 36) (37 41 44 14) (38 7 44 42) (39 45 43 15 46) (16 32) (48 17 33)
 (48 18 34) (49 35 19 50) (48 20 36) (37 49 52 21) (38 52 50 22)
 (39 53 23 51 54) (48 40 24) (25 41 49 56) (26 56 50 42) (57 58 27 43 51)
 (28 44 52 56) (57 29 60 53 45) (58 60 46 54 30) (31 55 47 59 61 62) NIL (4 64)
 (2 64) (5 66 65) (1 64) (6 68 65) (3 68 66) (67 69 7 70) (32 64) (72 34 65)
 (72 66 36) (73 38 67 74) (72 68 40) (73 42 76 69) (74 44 76 70)
 (75 71 77 46 78) (16 64) (80 65 18) (80 20 66) (67 81 82 22) (80 68 24)
 (69 81 84 26) (28 70 82 84) (85 86 71 83 30) (72 48 80) (73 81 88 50)
 (82 74 88 52) (89 75 83 54 90) (84 88 76 56) (85 58 89 92 77) (86 60 92 90 78)
 (79 87 93 94 91 62) (8 64) (72 33 96) (17 80 96) (88 97 49 98) (9 96 65)
 (73 35 100 97) (81 19 100 98) (89 101 51 99 102) (10 96 66) (37 74 97 104)
 (82 21 98 104) (105 106 53 90 99) (67 11 100 104) (105 39 108 101 75)
 (106 108 83 102 23) (55 103 91 107 109 110) (12 96 68) (41 76 97 112)
 (25 112 98 84) (57 113 92 99 114) (69 100 13 112) (113 77 43 116 101)
 (85 114 27 116 102) (93 103 115 117 118 59) (70 112 14 104)
 (105 113 45 78 120) (106 120 29 114 86) (94 115 121 122 107 61)
 (116 71 108 15 120) (79 117 47 121 124 109) (87 31 118 122 124 110)
 (95 111 119 123 125 126 63) NIL (4 128) (64 128) (130 129 65) (32 128)
 (132 34 129) (130 72 132) (73 131 134 133) (16 128) (18 136 129) (130 80 136)
 (131 81 137 138) (48 132 136) (133 137 140 50) (134 138 88 140)
 (89 139 135 142 141) (8 128) (132 144 33) (17 136 144) (145 146 49 140)
 (9 129 144) (145 133 35 148) (146 19 137 148) (149 150 147 141 51)
 (130 96 144) (145 134 152 97) (146 152 138 98) (147 153 99 142 154)
 (100 131 152 148) (149 101 135 156 153) (150 156 139 154 102)
 (103 155 143 151 157 158) (2 128) (130 160 66) (132 160 36) (161 74 134 162)
 (20 136 160) (161 164 82 138) (162 52 140 164) (163 165 90 142 166)
 (10 160 144) (145 37 168 162) (146 164 21 168) (169 170 147 53 166)
 (161 168 152 104) (105 169 163 172 153) (106 172 165 154 170)
 (167 171 173 174 155 107) (5 160 129) (131 67 176 161) (133 176 162 38)
 (177 178 135 163 75) (164 137 22 176) (177 83 180 139 165)
 (178 166 180 141 54) (143 167 179 181 182 91) (176 11 168 148)
 (149 169 39 184 178) (150 180 184 23 170) (171 55 182 185 186 151)
 (108 172 156 184 177) (157 173 179 185 188 109) (174 110 181 186 188 158)
 (175 159 183 187 189 190 111) (1 128) (130 192 68) (132 192 40)
 (193 194 134 76) (192 136 24) (193 196 138 84) (194 196 140 56)
 (195 92 197 198 142) (192 12 144) (145 41 200 194) (25 146 196 200)
 (57 201 147 198 202) (193 200 152 112) (113 201 195 204 153)
 (114 204 197 154 202) (199 203 205 206 155 115) (6 192 129) (131 69 193 208)
 (133 208 194 42) (209 210 135 77 195) (26 196 137 208) (85 197 209 212 139)
 (58 212 141 210 198) (199 93 211 213 214 143) (208 200 13 148)
 (149 201 43 216 210) (150 27 212 216 202) (203 214 217 218 151 59)
 (209 116 204 156 216) (205 211 117 217 220 157) (206 213 118 218 220 158)
 (215 207 119 219 221 222 159) (3 192 160) (161 70 193 224) (162 224 44 194)
 (225 226 163 195 78) (28 196 164 224) (197 86 228 165 225)
 (226 60 166 228 198) (227 229 167 199 94 230) (224 200 14 168)
 (169 201 232 45 226) (170 228 29 232 202) (230 233 234 171 61 203)
 (225 232 204 172 120) (227 233 173 236 205 121) (229 234 236 174 206 122)
 (231 235 237 238 207 175 123) (7 208 224 176) (177 209 71 240 225)
 (178 226 240 46 210) (227 79 211 241 242 179) (228 212 180 30 240)
 (229 87 241 244 213 181) (230 242 244 182 62 214) (183 231 95 243 245 246 215)
 (232 216 240 15 184) (242 233 217 47 248 185) (234 31 244 218 248 186)
 (235 246 249 250 187 219 63) (188 220 236 241 248 124)
 (125 237 243 249 252 221 189) (126 238 222 245 250 252 190)
 (239 127 247 251 191 253 254 223) NIL (256 128) (256 64) (257 130 258)
 (256 32) (257 132 260) (72 258 260) (259 261 134 262) (256 16) (257 136 264)
 (258 264 80) (265 266 259 138) (48 260 264) (265 268 261 140) (266 88 268 262)
 (267 269 142 263 270) (256 8) (33 260 272) (17 272 264) (273 274 49 268)
 (257 272 144) (145 273 276 261) (265 146 276 274) (277 147 269 275 278)
 (258 96 272) (273 97 262 280) (266 280 98 274) (281 282 275 270 99)
 (259 152 276 280) (281 277 284 153 263) (282 267 284 154 278)
 (155 271 279 283 285 286) (256 4) (257 288 129) (258 288 65) (131 289 259 290)
 (34 260 288) (289 133 292 261) (73 290 292 262) (135 293 291 263 294)
 (18 288 264) (265 289 137 296) (266 296 290 81) (297 298 267 139 291)
 (292 268 50 296) (297 293 300 269 141) (298 89 300 270 294)
 (295 299 301 302 271 143) (9 288 272) (273 292 35 304) (274 19 304 296)
 (305 306 275 300 51) (289 304 276 148) (149 293 308 277 305)
 (297 150 308 278 306) (301 307 309 310 279 151) (290 100 304 280)
 (281 305 101 294 312) (282 306 312 102 298) (302 103 307 313 314 283)
 (156 308 291 284 312) (295 285 309 313 316 157) (299 158 310 314 316 286)
 (303 287 311 315 317 318 159) (256 2) (258 320 66) (320 260 36)
 (321 74 262 322) (320 20 264) (321 266 324 82) (52 322 324 268)
 (323 325 270 326 90) (10 320 272) (273 37 328 322) (274 324 21 328)
 (329 330 275 53 326) (321 328 104 280) (281 105 323 332 329)
 (282 332 325 330 106) (327 331 333 334 283 107) (257 320 160)
 (161 321 259 336) (162 336 261 322) (337 338 163 323 263) (265 324 164 336)
 (337 325 267 340 165) (338 340 269 166 326) (167 327 271 339 341 342)
 (336 328 276 168) (169 329 344 277 338) (170 344 340 278 330)
 (171 342 279 345 346 331) (337 172 332 284 344) (173 333 339 345 348 285)
 (334 174 341 346 348 286) (335 175 343 347 349 350 287) (5 320 288)
 (67 290 321 352) (38 352 292 322) (353 354 75 323 294) (352 324 22 296)
 (325 298 356 83 353) (356 354 300 54 326) (355 357 358 327 302 91)
 (352 11 328 304) (305 329 39 360 354) (360 306 356 23 330)
 (358 361 362 331 55 307) (353 360 332 108 312) (355 361 364 333 313 109)
 (357 362 364 334 314 110) (359 363 365 366 335 315 111) (289 352 336 176)
 (177 337 291 353 368) (178 368 293 354 338) (355 295 339 369 370 179)
 (297 356 340 180 368) (357 299 369 372 341 181) (358 301 370 372 182 342)
 (183 359 303 371 373 374 343) (360 368 344 308 184) (370 361 345 309 376 185)
 (346 362 372 310 376 186) (363 374 311 377 378 187 347)
 (348 364 369 376 316 188) (189 365 371 317 377 380 349)
 (366 350 190 373 378 380 318) (367 319 191 375 379 381 382 351) (256 1)
 (258 384 68) (384 260 40) (385 386 76 262) (384 24 264) (385 266 388 84)
 (386 268 388 56) (387 92 389 270 390) (384 12 272) (273 41 392 386)
 (25 274 388 392) (57 393 275 390 394) (385 112 392 280) (281 113 387 396 393)
 (394 282 396 389 114) (391 395 397 398 115 283) (257 384 192)
 (193 385 259 400) (194 400 261 386) (401 402 195 387 263) (265 196 388 400)
 (401 389 267 404 197) (402 404 269 198 390) (199 391 271 403 405 406)
 (276 392 400 200) (201 393 408 277 402) (202 404 408 278 394)
 (203 406 279 409 410 395) (401 204 284 396 408) (397 205 403 409 412 285)
 (398 206 405 410 412 286) (399 207 407 411 413 414 287) (6 384 288)
 (69 290 385 416) (42 292 416 386) (417 418 387 77 294) (26 388 416 296)
 (85 298 417 389 420) (420 58 300 390 418) (419 421 422 391 93 302)
 (392 13 416 304) (305 393 43 424 418) (306 27 420 424 394)
 (422 425 426 395 307 59) (417 116 396 424 312) (419 425 428 397 117 313)
 (421 426 428 398 118 314) (423 427 429 430 399 119 315) (289 400 416 208)
 (209 401 291 417 432) (210 432 293 418 402) (419 295 403 433 434 211)
 (297 212 404 420 432) (421 299 433 436 405 213) (422 301 434 436 214 406)
 (215 423 303 435 437 438 407) (432 308 408 424 216) (434 425 409 309 440 217)
 (426 436 310 440 410 218) (427 438 311 441 442 219 411)
 (316 428 433 412 440 220) (413 429 435 317 441 444 221)
 (430 222 318 437 442 444 414) (431 319 223 439 443 445 446 415) (3 384 320)
 (321 70 385 448) (322 44 448 386) (449 450 323 78 387) (28 324 388 448)
 (449 86 389 452 325) (450 60 326 452 390) (451 453 327 391 94 454)
 (448 392 14 328) (329 393 456 45 450) (330 452 29 456 394)
 (454 457 458 331 61 395) (449 332 396 456 120) (451 457 333 460 397 121)
 (453 458 460 334 398 122) (455 459 461 462 399 335 123) (224 400 448 336)
 (337 225 401 449 464) (402 338 450 464 226) (451 403 227 465 466 339)
 (228 340 404 452 464) (229 465 468 405 453 341) (454 466 468 406 230 342)
 (231 455 343 467 469 470 407) (464 232 408 456 344) (466 233 409 472 345 457)
 (458 472 468 234 346 410) (459 470 411 473 474 347 235)
 (412 236 465 460 472 348) (349 237 467 461 473 476 413)
 (238 462 350 469 474 476 414) (477 463 239 471 475 351 478 415)
 (7 416 448 352) (353 417 71 449 480) (354 450 480 46 418)
 (481 482 451 79 419 355) (420 356 30 452 480) (481 484 421 87 453 357)
 (482 484 422 358 62 454) (483 486 485 359 455 95 423) (456 480 424 15 360)
 (482 488 361 425 47 457) (484 488 362 31 458 426) (486 489 490 459 427 363 63)
 (481 428 488 364 460 124) (483 489 365 492 429 461 125)
 (485 490 492 430 462 126 366) (487 491 493 494 463 431 367 127)
 (480 240 432 464 368) (481 241 433 465 496 369) (482 242 466 434 496 370)
 (483 243 435 371 497 498 467) (372 484 436 468 496 244)
 (485 497 373 500 245 469 437) (486 374 498 500 438 246 470)
 (247 487 375 499 501 502 471 439) (488 440 496 248 376 472)
 (498 489 249 504 377 441 473) (490 504 500 250 474 378 442)
 (491 251 502 443 505 506 475 379) (380 492 497 444 476 504 252)
 (381 445 493 499 477 505 508 253) (254 494 478 501 506 508 446 382)
 (495 447 510 255 503 507 509 383 479) NIL (512 128) (512 64) (130 513 514)
 (512 8) (513 516 144) (514 96 516) (517 518 152 515) (512 4) (513 520 129)
 (520 514 65) (131 521 515 522) (9 520 516) (517 521 524 148) (518 524 100 522)
 (519 156 525 523 526) (512 2) (528 514 66) (10 528 516) (529 518 530 104)
 (513 528 160) (161 529 532 515) (517 530 532 168) (519 172 533 531 534)
 (5 528 520) (67 522 529 536) (530 11 524 536) (537 538 531 108 526)
 (521 532 536 176) (177 537 523 540 533) (538 540 525 534 184)
 (527 535 539 541 542 188) (512 1) (514 544 68) (12 544 516) (545 518 546 112)
 (513 544 192) (193 545 548 515) (517 546 548 200) (519 204 549 547 550)
 (6 544 520) (69 522 545 552) (546 524 13 552) (553 554 547 116 526)
 (521 552 548 208) (209 553 523 556 549) (554 556 525 550 216)
 (527 551 555 557 558 220) (3 544 528) (529 70 545 560) (530 560 14 546)
 (561 562 531 547 120) (548 560 532 224) (225 549 564 533 561)
 (562 564 550 534 232) (535 551 236 563 565 566) (560 7 552 536)
 (537 553 71 561 568) (538 568 562 15 554) (539 563 569 570 124 555)
 (556 568 564 540 240) (541 557 241 565 569 572) (558 542 566 248 570 572)
 (559 543 567 571 252 573 574) (512 256) (257 513 576) (258 514 576)
 (577 515 259 578) (516 576 272) (517 577 276 580) (518 580 578 280)
 (519 284 581 582 579) (520 576 288) (289 521 577 584) (290 584 578 522)
 (585 586 291 523 579) (584 524 580 304) (585 525 588 308 581)
 (586 588 582 526 312) (583 527 587 589 590 316) (528 576 320)
 (321 529 578 592) (530 580 592 328) (593 594 531 332 582) (577 532 592 336)
 (337 593 596 533 579) (594 596 581 534 344) (583 535 595 597 598 348)
 (352 536 592 584) (353 586 537 593 600) (594 538 588 600 360)
 (539 364 590 595 601 602) (585 540 596 600 368) (587 541 369 597 601 604)
 (589 542 598 376 602 604) (543 591 599 603 380 605 606) (544 576 384)
 (385 545 578 608) (608 546 580 392) (609 610 547 396 582) (608 577 548 400)
 (401 609 612 549 579) (610 612 581 550 408) (611 613 583 551 412 614)
 (552 608 416 584) (417 586 616 553 609) (554 588 616 610 424)
 (611 617 618 555 428 590) (585 612 556 616 432) (613 617 587 620 557 433)
 (614 618 620 589 558 440) (615 619 621 622 559 591 444) (560 608 448 592)
 (593 449 624 561 609) (594 624 562 610 456) (611 460 563 625 626 595)
 (564 612 596 624 464) (625 613 465 628 565 597) (614 626 628 566 472 598)
 (599 615 627 629 630 567 476) (568 616 480 624 600) (481 617 625 569 632 601)
 (488 618 626 632 602 570) (619 492 627 633 634 603 571)
 (604 620 496 628 632 572) (605 621 497 629 633 636 573)
 (622 606 630 504 634 636 574) (623 607 631 635 508 637 638 575) (512 32)
 (260 576 640) (513 640 132) (641 642 577 261) (72 514 640) (641 644 578 262)
 (642 134 644 515) (643 645 263 579 646) (33 516 640) (641 273 580 648)
 (145 642 517 648) (649 581 643 277 650) (518 644 97 648) (281 649 652 645 582)
 (650 519 652 153 646) (583 651 653 654 647 285) (520 34 640) (641 656 292 584)
 (521 642 656 133) (585 657 643 293 658) (73 522 644 656) (657 586 660 645 294)
 (658 135 660 523 646) (295 587 647 659 661 662) (656 524 35 648)
 (649 305 588 657 664) (149 650 664 525 658) (651 589 659 309 665 666)
 (660 652 101 526 664) (653 590 665 661 313 668) (527 654 662 666 668 157)
 (317 591 655 663 667 669 670) (528 36 640) (641 322 672 592) (529 74 644 672)
 (593 673 323 645 674) (37 530 672 648) (649 329 673 676 594)
 (105 674 531 652 676) (675 677 678 653 333 595) (642 532 672 162)
 (673 338 643 596 680) (674 163 533 646 680) (675 681 682 647 339 597)
 (169 650 676 534 680) (677 681 651 684 598 345) (678 535 682 684 173 654)
 (679 683 685 686 655 599 349) (38 536 672 656) (657 354 673 688 600)
 (537 674 75 660 688) (355 675 689 690 661 601) (538 39 676 688 664)
 (677 361 689 692 665 602) (678 539 690 692 668 109)
 (679 365 691 693 694 603 669) (658 688 540 680 178) (681 689 370 659 696 604)
 (682 541 690 179 662 696) (683 691 371 663 697 698 605)
 (684 542 692 696 185 666) (685 697 693 377 667 700 606)
 (686 543 694 698 700 189 670) (701 687 671 695 699 381 702 607) (40 544 640)
 (641 386 704 608) (545 76 644 704) (609 705 387 645 706) (41 546 704 648)
 (649 393 705 708 610) (113 706 547 652 708) (611 709 710 653 397 707)
 (642 548 704 194) (705 402 643 612 712) (706 195 549 646 712)
 (707 613 713 714 647 403) (201 650 708 550 712) (709 614 713 651 716 409)
 (710 551 714 716 205 654) (711 615 715 717 718 655 413) (42 552 704 656)
 (657 418 705 720 616) (553 706 660 77 720) (419 617 707 721 722 661)
 (554 43 708 720 664) (709 425 618 721 724 665) (710 555 722 724 117 668)
 (711 619 429 723 725 726 669) (658 712 556 720 210) (713 620 721 434 659 728)
 (714 557 722 211 662 728) (715 621 723 435 663 729 730)
 (716 558 724 728 217 666) (717 622 729 725 441 667 732)
 (718 559 726 730 732 221 670) (733 623 719 727 731 445 734 671)
 (560 704 44 672) (673 450 705 736 624) (561 674 736 78 706)
 (737 738 675 451 707 625) (562 708 676 45 736) (737 740 709 457 626 677)
 (738 740 678 563 121 710) (739 741 679 711 461 627 742) (226 712 564 736 680)
 (713 737 744 681 466 628) (738 227 744 682 565 714)
 (739 745 746 683 467 629 715) (740 684 744 233 716 566)
 (741 745 685 748 717 630 473) (742 746 748 237 686 718 567)
 (743 747 749 750 687 719 631 477) (720 568 736 46 688)
 (737 482 752 689 721 632) (738 79 722 752 690 569)
 (739 483 723 753 754 691 633) (740 752 724 692 47 570)
 (741 489 756 753 693 725 634) (742 754 756 694 571 125 726)
 (695 743 493 755 757 758 727 635) (744 696 752 242 728 572)
 (729 745 753 498 760 697 636) (746 760 754 243 730 698 573)
 (747 499 755 761 762 699 637 731) (700 748 756 760 249 732 574)
 (701 749 761 757 505 764 733 638) (750 734 758 762 764 253 702 575)
 (765 751 735 703 759 763 509 766 639) (512 16) (768 576 264) (513 136 768)
 (265 769 577 770) (80 514 768) (769 266 772 578) (138 772 515 770)
 (267 773 771 579 774) (17 516 768) (769 274 580 776) (517 770 776 146)
 (777 778 771 581 278) (518 772 98 776) (777 282 780 773 582)
 (778 519 780 774 154) (583 779 781 782 775 286) (18 520 768) (769 784 584 296)
 (521 770 137 784) (297 585 771 785 786) (81 784 772 522) (785 298 788 773 586)
 (786 523 788 139 774) (787 789 790 299 775 587) (784 19 524 776)
 (777 306 588 785 792) (778 792 525 786 150) (787 793 794 589 779 310)
 (788 792 780 102 526) (789 793 796 590 781 314) (790 527 794 796 782 158)
 (791 795 797 798 591 783 318) (528 20 768) (769 324 800 592) (82 529 772 800)
 (593 325 773 801 802) (530 800 21 776) (777 330 804 801 594)
 (106 531 780 804 802) (803 805 806 334 595 781) (770 164 532 800)
 (801 771 340 596 808) (533 808 165 774 802) (803 809 810 597 775 341)
 (778 804 534 808 170) (805 809 812 779 598 346) (806 535 810 812 174 782)
 (599 807 811 813 814 783 350) (800 536 22 784) (785 801 356 816 600)
 (537 802 788 83 816) (803 357 817 818 601 789) (538 804 816 23 792)
 (805 793 362 817 820 602) (806 539 796 818 820 110)
 (807 797 366 819 821 822 603) (786 180 540 816 808) (787 809 817 372 824 604)
 (790 810 541 818 181 824) (791 811 819 373 825 826 605)
 (794 812 542 820 824 186) (795 813 821 825 378 828 606)
 (814 543 798 822 826 828 190) (815 830 799 823 827 829 382 607) (24 544 768)
 (769 832 388 608) (545 832 772 84) (609 389 833 773 834) (25 546 832 776)
 (777 394 833 836 610) (114 547 780 836 834) (611 837 838 398 835 781)
 (548 770 196 832) (833 612 771 404 840) (549 840 197 774 834)
 (835 613 841 842 405 775) (778 836 840 550 202) (837 614 841 844 779 410)
 (838 551 842 844 206 782) (615 839 843 845 846 783 414) (26 552 832 784)
 (785 833 420 848 616) (85 553 788 848 834) (835 421 617 849 850 789)
 (554 27 836 848 792) (837 793 426 849 852 618) (838 555 796 850 852 118)
 (839 619 797 430 851 853 854) (556 786 212 848 840) (787 841 620 849 436 856)
 (790 842 557 850 213 856) (791 843 621 851 437 857 858)
 (794 844 558 852 856 218) (795 845 622 853 857 442 860)
 (846 559 798 854 858 860 222) (799 847 862 623 855 859 861 446)
 (560 832 28 800) (801 833 452 864 624) (561 802 834 864 86)
 (865 866 803 453 835 625) (562 804 29 836 864) (865 868 837 458 626 805)
 (866 868 806 563 122 838) (867 869 807 839 462 627 870) (564 228 840 864 808)
 (865 468 872 809 841 628) (866 229 872 810 565 842)
 (867 873 874 811 629 469 843) (868 872 234 812 566 844)
 (869 873 813 876 845 630 474) (238 870 874 876 846 814 567)
 (871 875 877 878 847 815 631 478) (568 848 30 864 816)
 (865 849 484 880 817 632) (866 850 87 880 818 569)
 (867 485 851 881 882 819 633) (868 852 31 880 820 570)
 (869 490 881 884 853 634 821) (870 882 884 854 571 126 822)
 (823 871 494 883 885 886 855 635) (872 824 880 244 856 572)
 (873 881 857 500 888 825 636) (874 888 882 245 858 826 573)
 (875 883 501 889 890 827 637 859) (860 876 884 888 250 828 574)
 (829 877 885 889 506 892 861 638) (254 878 830 886 890 892 862 575)
 (831 879 894 639 887 891 893 510 863) (48 768 640) (641 769 268 896)
 (642 896 140 770) (897 898 643 269 771) (772 88 644 896) (897 773 900 645 270)
 (898 900 646 142 774) (271 647 775 899 901 902) (49 648 776 896)
 (897 649 275 777 904) (898 147 904 778 650) (651 779 279 905 906 899)
 (780 900 652 99 904) (653 781 905 283 908 901) (654 155 782 906 908 902)
 (655 903 783 907 909 910 287) (784 656 50 896) (897 657 300 785 912)
 (898 912 786 141 658) (787 301 913 914 659 899) (660 788 89 900 912)
 (789 302 913 916 661 901) (790 914 916 662 143 902)
 (791 303 915 917 918 663 903) (792 912 664 51 904) (793 913 665 307 920 905)
 (794 914 920 906 151 666) (795 915 311 921 922 907 667)
 (908 796 103 916 920 668) (909 797 917 921 315 924 669)
 (798 670 918 922 924 910 159) (799 911 319 919 923 925 926 671)
 (52 672 800 896) (897 673 801 326 928) (674 900 90 928 802)
 (929 930 675 327 803 901) (676 53 928 804 904) (929 932 805 331 905 677)
 (930 932 678 107 908 806) (931 933 679 807 335 909 934) (898 808 166 928 680)
 (929 936 681 809 342 899) (930 167 936 682 810 902)
 (931 937 938 811 343 683 903) (812 936 171 684 932 906)
 (933 937 685 940 813 907 347) (934 938 940 814 175 686 910)
 (935 939 941 942 815 911 351 687) (688 928 54 816 912)
 (929 689 358 944 913 817) (930 818 944 690 916 91)
 (931 359 819 945 946 691 917) (932 55 944 692 820 920)
 (933 363 945 948 821 921 693) (934 946 948 694 924 111 822)
 (695 935 367 947 949 950 823 925) (936 696 944 914 182 824)
 (937 945 825 915 374 952 697) (938 952 946 918 183 826 698)
 (919 939 947 375 953 954 827 699) (828 940 948 952 922 187 700)
 (701 941 949 953 923 956 829 379) (702 942 926 950 954 956 830 191)
 (927 943 383 951 955 957 958 831 703) (704 56 832 896) (897 705 833 390 960)
 (834 92 900 960 706) (961 962 707 391 835 901) (57 708 836 960 904)
 (961 964 837 395 905 709) (962 964 710 115 908 838)
 (963 965 711 839 399 909 966) (960 898 840 198 712) (961 968 713 841 406 899)
 (962 199 968 714 842 902) (963 969 970 843 407 715 903)
 (844 968 203 716 964 906) (965 969 717 972 845 907 411)
 (966 970 972 846 207 718 910) (967 971 973 974 847 911 719 415)
 (58 720 848 960 912) (961 721 422 976 913 849) (962 850 93 976 722 916)
 (963 423 851 977 978 723 917) (964 852 976 724 920 59)
 (965 427 977 980 853 921 725) (966 978 980 726 119 924 854)
 (727 967 431 979 981 982 855 925) (968 728 976 914 214 856)
 (969 977 857 915 438 984 729) (970 984 978 918 215 858 730)
 (919 971 979 439 985 986 859 731) (860 972 980 984 922 219 732)
 (733 973 981 985 923 988 861 443) (974 926 982 734 986 988 862 223)
 (927 975 447 735 983 987 989 990 863) (736 60 864 960 928)
 (929 737 454 865 961 992) (930 962 94 738 866 992)
 (993 994 963 739 455 931 867) (740 868 964 932 61 992)
 (993 996 741 459 965 933 869) (994 996 870 742 934 123 966)
 (995 997 743 967 871 463 935 998) (230 968 872 744 936 992)
 (993 873 969 1000 937 745 470) (994 231 874 938 1000 970 746)
 (995 1001 1002 971 747 471 939 875) (940 1000 235 748 996 876 972)
 (997 941 1001 877 1004 749 475 973) (942 998 1002 1004 878 239 974 750)
 (943 999 1003 1005 1006 975 751 879 479) (880 976 752 944 62 992)
 (993 753 486 1008 945 881 977) (994 978 95 754 946 882 1008)
 (995 755 487 947 883 1009 1010 979) (996 756 884 1008 980 948 63)
 (997 491 981 1009 1012 757 949 885) (998 758 1012 1010 950 886 127 982)
 (759 999 887 495 951 1011 1013 1014 983) (984 1000 760 952 246 888 1008)
 (889 985 1001 1009 761 502 1016 953) (890 1002 1016 1010 247 986 954 762)
 (1003 1011 763 503 1017 1018 987 955 891) (956 1004 1012 1016 251 764 892 988)
 (957 893 1005 989 1013 1017 507 1020 765)
 (958 1006 990 1014 766 1018 1020 894 255)
 (959 1007 511 767 1015 895 1019 1021 1022 991) NIL (1024 128) (1024 64)
 (130 1025 1026) (1024 4) (1028 1025 129) (1028 65 1026) (1027 131 1029 1030)
 (1024 2) (66 1032 1026) (1025 1032 160) (1027 161 1033 1034) (5 1032 1028)
 (67 1030 1036 1033) (1029 1034 1036 176) (177 1031 1037 1035 1038) (1024 1)
 (68 1040 1026) (1025 1040 192) (1027 193 1041 1042) (6 1040 1028)
 (69 1030 1044 1041) (1029 1042 1044 208) (209 1031 1045 1043 1046)
 (3 1040 1032) (1033 70 1041 1048) (1034 1048 1042 224)
 (225 1049 1035 1043 1050) (1044 7 1036 1048) (1049 1045 71 1052 1037)
 (1050 1052 1046 1038 240) (1039 1047 1051 1053 1054 241) (1024 512)
 (513 1056 1025) (1056 514 1026) (1027 515 1057 1058) (1056 1028 520)
 (521 1029 1060 1057) (1030 1058 1060 522) (1059 1061 523 1031 1062)
 (1056 1032 528) (529 1058 1033 1064) (1034 532 1057 1064)
 (1065 1066 1059 533 1035) (1036 1064 1060 536) (537 1065 1068 1037 1062)
 (1068 1066 540 1061 1038) (1063 1039 541 1067 1069 1070) (1056 1040 544)
 (545 1058 1041 1072) (1042 548 1057 1072) (1073 1074 1059 549 1043)
 (1044 1072 1060 552) (553 1073 1076 1045 1062) (1076 1074 556 1061 1046)
 (1063 1047 557 1075 1077 1078) (1048 1072 560 1064) (1065 561 1080 1049 1073)
 (1080 1066 564 1074 1050) (1067 1075 565 1081 1082 1051)
 (1052 1080 1076 1068 568) (1069 1053 1081 1077 569 1084)
 (572 1070 1054 1078 1082 1084) (573 1055 1071 1079 1083 1085 1086) (1024 256)
 (257 1025 1088) (258 1088 1026) (1027 259 1090 1089) (1028 1088 288)
 (289 1029 1089 1092) (290 1090 1092 1030) (1093 1094 291 1091 1031)
 (1032 1088 320) (321 1033 1090 1096) (1034 1096 1089 336)
 (337 1097 1035 1091 1098) (1036 1096 352 1092) (353 1094 1100 1037 1097)
 (1093 1098 1100 1038 368) (1039 1095 369 1099 1101 1102) (1040 1088 384)
 (385 1041 1090 1104) (1042 1104 1089 400) (401 1105 1043 1091 1106)
 (1044 1104 416 1092) (417 1094 1108 1045 1105) (1093 1106 1108 1046 432)
 (1107 1109 1110 1047 1095 433) (1048 1104 448 1096) (1097 449 1112 1049 1105)
 (1098 1112 1050 1106 464) (1107 1113 1114 1051 465 1099)
 (1052 1108 1100 1112 480) (481 1109 1113 1116 1053 1101)
 (1110 1114 1116 1054 496 1102) (1111 1115 1117 1118 1055 497 1103)
 (1056 576 1088) (577 1057 1089 1120) (1058 1090 578 1120)
 (1059 1091 579 1121 1122) (1060 1092 1120 584) (585 1093 1124 1061 1121)
 (1094 586 1124 1122 1062) (1063 587 1125 1126 1095 1123) (1096 1064 1120 592)
 (593 1065 1122 1097 1128) (1128 1066 596 1121 1098)
 (1067 1099 597 1129 1130 1123) (1068 1100 1124 1128 600)
 (1069 1126 1129 1101 601 1132) (604 1125 1070 1102 1130 1132)
 (605 1071 1127 1103 1131 1133 1134) (1104 1072 1120 608)
 (609 1073 1136 1122 1105) (1074 612 1136 1121 1106)
 (1107 613 1137 1138 1075 1123) (1076 1108 1124 1136 616)
 (1109 617 1126 1137 1140 1077) (1110 620 1125 1138 1140 1078)
 (1111 621 1127 1139 1141 1142 1079) (1080 1112 624 1136 1128)
 (1137 1113 625 1081 1144 1129) (1082 1114 1138 628 1144 1130)
 (1115 1139 629 1145 1146 1131 1083) (632 1132 1116 1140 1144 1084)
 (1133 1117 1145 1141 633 1148 1085) (1148 1118 1086 1142 1146 636 1134)
 (1149 1119 1135 1143 1147 637 1150 1087) (1024 32) (260 1088 1152)
 (132 1025 1152) (1153 1154 261 1089) (72 1152 1026) (1153 1156 1090 262)
 (1027 1154 134 1156) (1157 1155 1091 1158 263) (1028 34 1152)
 (1153 292 1160 1092) (1029 1154 1160 133) (1093 1161 1155 293 1162)
 (73 1030 1156 1160) (1161 1094 1164 1157 294) (1162 135 1164 1158 1031)
 (295 1095 1163 1165 1166 1159) (36 1032 1152) (1153 322 1168 1096)
 (1033 74 1156 1168) (1097 1169 323 1157 1170) (1154 1168 1034 162)
 (1169 338 1155 1172 1098) (1170 163 1035 1158 1172)
 (1171 1173 1174 1099 339 1159) (1168 38 1036 1160) (1161 354 1100 1176 1169)
 (1170 75 1164 1037 1176) (355 1177 1178 1171 1101 1165)
 (1162 1172 1038 1176 178) (1173 1177 1180 370 1163 1102)
 (1174 1039 1178 1180 179 1166) (1167 1175 1179 1181 1182 371 1103)
 (40 1040 1152) (1153 386 1184 1104) (1041 76 1156 1184)
 (1105 1185 387 1157 1186) (1154 1184 1042 194) (1185 402 1155 1188 1106)
 (1186 195 1188 1043 1158) (1187 1189 1190 1107 403 1159) (42 1044 1184 1160)
 (1161 418 1185 1108 1192) (1045 1192 1164 77 1186)
 (419 1109 1193 1194 1187 1165) (1162 1192 1188 1046 210)
 (1189 1110 1193 1196 434 1163) (1190 1047 1194 1196 211 1166)
 (1111 1191 1195 1197 1198 435 1167) (1048 1184 44 1168)
 (1169 450 1185 1200 1112) (1049 1170 1200 78 1186)
 (1171 1113 451 1187 1201 1202) (226 1188 1172 1200 1050)
 (1189 1114 1201 466 1204 1173) (227 1174 1051 1202 1204 1190)
 (1175 1191 1115 1203 467 1205 1206) (1192 1052 1200 46 1176)
 (482 1177 1116 1201 1193 1208) (1194 79 1178 1053 1202 1208)
 (483 1179 1117 1203 1209 1210 1195) (1180 1196 1054 242 1204 1208)
 (1181 1197 1118 498 1205 1209 1212) (1182 1055 1198 243 1206 1210 1212)
 (1183 1199 499 1119 1207 1211 1213 1214) (1056 1152 640) (641 1153 1120 1216)
 (642 1216 1057 1154) (1217 1218 643 1155 1121) (1058 644 1156 1216)
 (1217 1157 1220 645 1122) (1218 1059 1220 646 1158)
 (647 1159 1219 1221 1222 1123) (656 1060 1160 1216) (1217 657 1161 1124 1224)
 (1162 1218 1224 1061 658) (1125 1163 659 1225 1226 1219)
 (660 1220 1164 1062 1224) (1126 661 1225 1165 1228 1221)
 (1063 1166 1226 1228 1222 662) (663 1127 1167 1227 1229 1230 1223)
 (1064 1168 672 1216) (1217 673 1232 1169 1128) (1065 674 1220 1232 1170)
 (675 1171 1233 1234 1129 1221) (1218 1172 1066 1232 680)
 (1173 681 1233 1236 1130 1219) (1174 682 1067 1234 1236 1222)
 (1175 683 1235 1237 1238 1131 1223) (1068 1176 688 1232 1224)
 (1233 1177 689 1240 1225 1132) (1234 1178 1069 690 1240 1228)
 (1229 1179 1235 691 1241 1242 1133) (696 1180 1070 1236 1240 1226)
 (1181 1241 1237 697 1227 1244 1134) (1182 1071 1238 1242 698 1244 1230)
 (1183 1246 1231 1239 1243 1245 699 1135) (1072 1184 704 1216)
 (1217 705 1185 1248 1136) (1073 706 1248 1220 1186)
 (1249 1250 707 1187 1137 1221) (1218 1248 1188 1074 712)
 (1249 1252 1189 713 1138 1219) (1250 1252 1190 714 1075 1222)
 (1251 1253 1254 1191 715 1139 1223) (1076 1192 720 1248 1224)
 (1249 1256 1193 721 1140 1225) (1250 1256 1194 722 1077 1228)
 (1251 1257 1258 1195 723 1141 1229) (1252 1256 1196 1078 728 1226)
 (1253 1257 1260 1197 1142 729 1227) (1254 1258 1260 1198 1079 730 1230)
 (1255 1259 1261 1262 1199 1143 731 1231) (1080 1200 736 1248 1232)
 (737 1201 1264 1233 1144 1249) (1250 1202 738 1264 1234 1081)
 (1251 739 1203 1265 1266 1235 1145) (1252 744 1264 1204 1082 1236)
 (1253 745 1265 1268 1205 1237 1146) (1254 746 1266 1268 1238 1083 1206)
 (1239 1255 747 1267 1269 1270 1207 1147) (1256 1264 1240 752 1208 1084)
 (1265 1257 753 1209 1272 1241 1148) (754 1258 1272 1266 1210 1242 1085)
 (1259 755 1267 1273 1274 1243 1149 1211) (1244 1260 1268 760 1272 1212 1086)
 (1245 1261 1273 1269 761 1276 1213 1150)
 (1262 1214 1270 1274 762 1276 1246 1087)
 (1247 1263 1278 1151 1271 763 1277 1275 1215) (1024 16) (1280 1088 264)
 (136 1025 1280) (265 1281 1089 1282) (80 1280 1026) (1281 266 1090 1284)
 (1027 1282 1284 138) (1285 267 1091 1283 1286) (18 1028 1280)
 (1281 1092 1288 296) (1029 1282 137 1288) (297 1093 1283 1289 1290)
 (81 1284 1288 1030) (1289 298 1292 1285 1094) (1290 1031 1292 139 1286)
 (1291 1293 1294 1287 299 1095) (20 1032 1280) (1281 1296 324 1096)
 (82 1033 1284 1296) (1097 325 1285 1297 1298) (1282 164 1296 1034)
 (1297 1098 1283 340 1300) (1298 1035 1300 165 1286)
 (1299 1301 1302 1287 1099 341) (1296 1036 22 1288) (1289 1100 356 1297 1304)
 (1037 1304 1292 83 1298) (1299 357 1305 1306 1101 1293)
 (1290 1300 180 1038 1304) (1291 1301 1305 1308 372 1102)
 (1294 1039 1306 1308 181 1302) (1295 1303 1307 1309 1310 373 1103)
 (24 1040 1280) (1281 1312 388 1104) (1041 1312 1284 84)
 (1105 389 1313 1285 1314) (1282 196 1312 1042) (1313 1106 1283 404 1316)
 (1314 1043 1316 197 1286) (1107 1317 1318 1287 1315 405) (26 1044 1312 1288)
 (1289 1108 1313 420 1320) (85 1314 1292 1045 1320)
 (1315 421 1321 1322 1109 1293) (1290 212 1316 1046 1320)
 (1291 1317 1110 1321 1324 436) (1294 1047 1322 1324 213 1318)
 (1111 1319 1295 1323 1325 1326 437) (1048 1312 28 1296)
 (1297 1313 452 1328 1112) (1049 1298 1314 1328 86)
 (1299 453 1113 1315 1329 1330) (228 1300 1316 1328 1050)
 (1317 1114 1329 468 1332 1301) (229 1302 1051 1330 1332 1318)
 (1303 1319 1115 1331 1333 1334 469) (1052 1320 30 1328 1304)
 (484 1305 1116 1329 1321 1336) (1322 1306 87 1053 1330 1336)
 (485 1307 1117 1331 1337 1338 1323) (1324 1308 1054 244 1332 1336)
 (1309 1325 1118 500 1333 1337 1340) (1310 1055 1326 245 1334 1338 1340)
 (1311 1327 501 1119 1335 1339 1341 1342) (1056 1280 768) (769 1281 1120 1344)
 (770 1344 1057 1282) (1345 1346 771 1283 1121) (1284 1058 772 1344)
 (1345 1285 1348 773 1122) (1346 1059 1348 774 1286)
 (1287 1347 1349 1350 775 1123) (784 1060 1288 1344) (1345 785 1124 1289 1352)
 (1346 1352 1061 1290 786) (787 1353 1354 1347 1125 1291)
 (788 1292 1348 1062 1352) (789 1353 1356 1349 1126 1293)
 (1294 1063 1354 1356 1350 790) (791 1295 1355 1357 1358 1351 1127)
 (1064 1296 800 1344) (1345 801 1360 1297 1128) (1065 802 1360 1348 1298)
 (803 1349 1299 1361 1362 1129) (1346 1360 1300 1066 808)
 (1301 809 1347 1361 1364 1130) (1302 810 1067 1350 1362 1364)
 (1303 811 1351 1363 1365 1366 1131) (1068 1360 1304 816 1352)
 (1361 1353 817 1305 1368 1132) (1362 1306 1356 1069 818 1368)
 (1307 1357 1363 819 1369 1370 1133) (1354 1308 1070 824 1364 1368)
 (1355 1309 1369 1365 825 1372 1134) (1358 1071 1310 1366 1370 826 1372)
 (1311 1374 1359 1367 1371 1373 827 1135) (1072 1312 832 1344)
 (1345 833 1313 1376 1136) (1073 834 1348 1376 1314)
 (1377 1378 835 1349 1315 1137) (1346 1316 1074 1376 840)
 (1377 1380 1317 841 1347 1138) (1378 1380 1318 842 1350 1075)
 (1379 1381 1382 1319 843 1351 1139) (1076 848 1320 1376 1352)
 (1377 1384 1353 849 1321 1140) (1378 1384 1322 1356 850 1077)
 (1379 1385 1386 1323 1357 851 1141) (1380 1384 1354 1324 1078 856)
 (1381 1385 1355 1388 1325 1142 857) (1382 1386 1388 1358 1326 1079 858)
 (1383 1387 1389 1390 1327 1359 1143 859) (1080 864 1328 1376 1360)
 (865 1329 1392 1361 1144 1377) (1378 1330 1392 1362 866 1081)
 (867 1331 1393 1394 1363 1379 1145) (1380 872 1392 1364 1332 1082)
 (1381 873 1393 1396 1333 1365 1146) (1382 874 1394 1396 1366 1083 1334)
 (1367 1383 875 1395 1397 1398 1335 1147) (1384 1368 1392 880 1336 1084)
 (1393 1385 881 1337 1400 1369 1148) (882 1386 1400 1394 1370 1338 1085)
 (1387 883 1395 1401 1402 1371 1149 1339) (1340 1388 1400 1396 888 1372 1086)
 (1373 1389 1401 1397 889 1404 1341 1150)
 (1390 1342 1398 1402 890 1404 1374 1087)
 (1375 1391 1406 1151 1399 891 1405 1403 1343) (48 1280 1152)
 (1153 1281 268 1408) (1154 1408 140 1282) (1409 1410 1155 269 1283)
 (1284 88 1156 1408) (1409 1285 1412 1157 270) (1410 1412 1158 142 1286)
 (1287 271 1411 1413 1414 1159) (1160 1288 50 1408) (1409 1161 300 1289 1416)
 (1410 1416 141 1290 1162) (1291 301 1163 1417 1418 1411)
 (89 1412 1164 1292 1416) (1293 302 1417 1420 1165 1413)
 (1294 1418 1420 1414 143 1166) (1167 1295 303 1419 1421 1422 1415)
 (1168 1296 52 1408) (1409 1169 326 1297 1424) (1170 1424 1412 90 1298)
 (1425 1426 1171 327 1299 1413) (1410 1300 1172 166 1424)
 (1425 1428 1301 1411 342 1173) (1426 1428 1302 167 1414 1174)
 (1427 1429 1303 1175 343 1415 1430) (1424 1304 1176 54 1416)
 (1425 358 1432 1177 1417 1305) (1426 1432 1178 1420 91 1306)
 (1427 359 1433 1434 1179 1421 1307) (1428 1432 1180 1308 1418 182)
 (1429 1433 1181 1436 1309 1419 374) (1430 1434 1436 1310 1182 1422 183)
 (1423 1431 1435 1437 1438 1183 1311 375) (1184 56 1312 1408)
 (1409 1185 1313 390 1440) (1314 92 1412 1440 1186)
 (1441 1442 1187 391 1315 1413) (1410 1188 1316 198 1440)
 (1441 1444 1317 1411 406 1189) (1442 1444 1318 199 1414 1190)
 (1443 1445 1191 1319 407 1415 1446) (58 1192 1320 1440 1416)
 (1441 422 1448 1193 1417 1321) (1442 1448 1194 93 1420 1322)
 (1443 423 1449 1450 1195 1421 1323) (1324 1448 1196 1418 1444 214)
 (1445 1449 1197 1452 1325 1419 438) (1446 1450 1452 1326 1198 1422 215)
 (1423 1447 1451 1453 1454 1327 1199 439) (1200 60 1328 1440 1424)
 (1425 1329 454 1456 1201 1441) (1426 1442 94 1456 1330 1202)
 (1427 455 1443 1457 1458 1331 1203) (1428 230 1456 1204 1332 1444)
 (1429 1445 1457 1460 1205 470 1333) (1446 231 1206 1458 1460 1334 1430)
 (471 1207 1447 1459 1461 1431 1335 1462) (1448 1336 1456 1432 1208 62)
 (486 1433 1449 1457 1337 1464 1209) (1210 1434 1464 95 1458 1450 1338)
 (1211 487 1435 1459 1465 1466 1339 1451) (1340 1452 1436 1460 246 1464 1212)
 (1453 1341 1437 1461 502 1465 1468 1213)
 (1454 1438 1462 247 1466 1468 1342 1214)
 (503 1455 1470 1215 1463 1439 1469 1467 1343) (1344 1408 896 1216)
 (1217 897 1472 1345 1409) (1218 1472 1346 1410 898)
 (1347 1411 1473 1474 1219 899) (1348 1412 900 1220 1472)
 (1221 1349 1413 1473 1476 901) (1350 902 1414 1474 1476 1222)
 (1351 1223 1415 1475 1477 1478 903) (1416 912 1224 1352 1472)
 (1417 1353 913 1225 1480 1473) (914 1354 1480 1418 1474 1226)
 (1355 915 1419 1481 1482 1475 1227) (1228 1356 1420 916 1480 1476)
 (1477 1357 1421 1481 917 1484 1229) (1358 1478 1422 1482 1484 1230 918)
 (919 1359 1231 1423 1483 1485 1486 1479) (1424 1232 1360 928 1472)
 (929 1425 1488 1361 1473 1233) (930 1426 1488 1362 1476 1234)
 (1427 931 1489 1490 1363 1235 1477) (1428 936 1488 1364 1474 1236)
 (1429 937 1489 1492 1365 1237 1475) (1430 938 1490 1492 1366 1478 1238)
 (1239 1431 939 1491 1493 1494 1367 1479) (1480 1432 1368 944 1240 1488)
 (1489 1433 1241 945 1369 1496 1481) (1490 1434 1496 946 1242 1370 1484)
 (1435 947 1491 1497 1498 1371 1485 1243) (1496 1244 1436 1492 952 1482 1372)
 (1245 1437 1497 1493 953 1483 1500 1373)
 (1246 1438 1374 1494 1498 954 1500 1486)
 (1439 1502 1247 1495 1487 955 1501 1499 1375) (1248 960 1376 1440 1472)
 (961 1377 1473 1249 1441 1504) (962 1442 1250 1378 1476 1504)
 (1505 1506 1443 963 1251 1379 1477) (1252 968 1380 1444 1474 1504)
 (1505 1508 1381 969 1445 1253 1475) (1506 1508 1446 970 1254 1478 1382)
 (1507 1509 1255 1447 971 1383 1479 1510) (1256 1384 1448 976 1480 1504)
 (1505 1512 1385 1257 977 1449 1481) (1506 1258 1450 1512 978 1386 1484)
 (1507 1387 1513 1514 1451 979 1485 1259) (1508 1388 1452 1512 1260 984 1482)
 (1509 1513 1261 1516 1389 1453 985 1483)
 (1510 1514 1516 1454 1390 986 1486 1262)
 (1511 1515 1517 1518 1455 1263 987 1487 1391) (1488 1264 992 1392 1456 1504)
 (993 1393 1520 1489 1265 1457 1505) (1506 1458 1520 1490 994 1266 1394)
 (1507 1522 1491 1521 995 1459 1267 1395) (1508 1000 1520 1268 1396 1460 1492)
 (1509 1461 1001 1521 1524 1269 1397 1493)
 (1510 1002 1270 1522 1524 1462 1494 1398)
 (1271 1511 1003 1399 1523 1525 1495 1463 1526)
 (1512 1400 1464 1008 1496 1272 1520) (1521 1513 1273 1465 1009 1401 1528 1497)
 (1274 1514 1528 1402 1010 1466 1498 1522)
 (1275 1403 1515 1523 1011 1529 1530 1467 1499)
 (1500 1404 1468 1516 1528 1524 1016 1276)
 (1469 1405 1517 1501 1529 1525 1017 1532 1277)
 (1502 1518 1406 1526 1530 1018 1532 1470 1278)
 (1503 1519 1534 1279 1527 1019 1533 1531 1471 1407) (1024 8) (1056 1536 516)
 (1536 1088 272) (1537 1538 580 1120) (33 1536 1152) (1153 273 1540 1538)
 (1537 648 1540 1216) (1217 649 1539 1541 1542) (17 1536 1280)
 (1281 274 1544 1538) (1537 776 1544 1344) (1345 777 1539 1545 1546)
 (49 1540 1544 1408) (1409 1545 275 1548 1541) (1546 904 1542 1548 1472)
 (1543 1547 1549 1550 905 1473) (1025 1536 144) (517 1537 1057 1552)
 (1538 276 1089 1552) (1553 1554 1539 581 1121) (145 1154 1540 1552)
 (1541 1155 1556 277 1554) (1553 1218 1556 1542 650)
 (1543 651 1555 1557 1558 1219) (1282 1544 1552 146) (1545 1554 1283 278 1560)
 (1553 1346 1546 1560 778) (1547 779 1555 1561 1562 1347)
 (1410 147 1548 1556 1560) (1549 1411 1557 279 1561 1564)
 (1550 1558 1562 1474 1564 906) (1551 1566 1559 907 1563 1565 1475)
 (96 1536 1026) (1537 1058 1568 518) (1538 1090 1568 280)
 (1569 1570 1539 1122 582) (1156 97 1540 1568) (281 1541 1572 1157 1570)
 (1569 1220 1572 652 1542) (1571 1573 1574 1543 653 1221) (1284 98 1568 1544)
 (1545 282 1576 1285 1570) (1569 1546 1348 780 1576)
 (1571 1577 1578 1547 1349 781) (1412 1572 1576 99 1548)
 (1573 1577 1580 1549 1413 283) (908 1574 1578 1580 1550 1476)
 (1575 1477 1579 1581 1582 1551 909) (1027 152 1568 1552)
 (1553 1569 1059 519 1584) (1554 284 1091 1584 1570)
 (1571 583 1585 1586 1555 1123) (1584 1556 153 1158 1572)
 (1573 1586 1588 1557 1159 285) (1574 654 1585 1588 1558 1222)
 (1575 655 1587 1589 1590 1559 1223) (1584 1560 1576 1286 154)
 (1287 1577 1586 1592 1561 286) (1578 1350 1585 782 1592 1562)
 (1579 1351 1587 783 1593 1594 1563) (1580 155 1588 1414 1592 1564)
 (1581 1589 1415 1593 1596 1565 287) (1582 1478 910 1590 1594 1596 1566)
 (1479 1583 911 1591 1595 1597 1598 1567) (9 1028 1536) (1537 524 1060 1600)
 (1538 1092 1600 304) (1601 1602 1539 588 1124) (1540 35 1600 1160)
 (305 1161 1604 1541 1602) (1601 1224 1542 1604 664)
 (1603 1605 1606 1543 1225 665) (19 1288 1600 1544) (1545 306 1289 1608 1602)
 (1601 1546 1352 1608 792) (1603 1609 793 1610 1547 1353)
 (1548 1604 1608 51 1416) (1605 1609 1612 1549 1417 307)
 (920 1606 1610 1612 1550 1480) (1607 1611 1613 1614 1551 1481 921)
 (1029 148 1600 1552) (1553 1061 525 1601 1616) (1093 1554 308 1616 1602)
 (1603 589 1125 1617 1618 1555) (149 1162 1556 1604 1616)
 (1605 1618 1163 1620 309 1557) (1606 1617 1620 1558 1226 666)
 (1607 1619 1621 1622 1559 667 1227) (150 1608 1616 1290 1560)
 (1291 1609 1618 310 1624 1561) (1354 1610 1617 1624 1562 794)
 (1611 1619 1625 1626 1563 795 1355) (1612 1418 1620 1624 151 1564)
 (1613 1419 1621 311 1625 1628 1565) (1482 1614 1622 922 1626 1628 1566)
 (1627 1615 1630 1623 923 1629 1483 1567) (1030 100 1600 1568)
 (1569 1601 1632 526 1062) (1094 1570 1602 1632 312)
 (1633 1634 1603 1571 590 1126) (1572 101 1164 1604 1632)
 (1634 1636 1573 1165 313 1605) (1633 1636 1574 668 1228 1606)
 (1635 1637 1575 1607 669 1229 1638) (1292 1632 102 1608 1576)
 (1634 1293 1640 1577 1609 314) (1633 1356 1640 1578 796 1610)
 (1635 1641 797 1579 1357 1642 1611) (1636 1640 1580 103 1420 1612)
 (1637 1641 1613 1644 1581 1421 315) (924 1638 1642 1644 1582 1614 1484)
 (1639 925 1643 1645 1646 1615 1583 1485) (1031 156 1632 1616 1584)
 (1633 1617 527 1063 1648 1585) (1634 1618 1095 1648 1586 316)
 (1635 1587 1127 1649 1650 1619 591) (1636 1620 1648 1588 1166 157)
 (1637 1650 1652 1589 1167 1621 317) (1638 670 1649 1652 1622 1230 1590)
 (1591 1639 1651 1653 1231 1623 671 1654) (1294 1640 1592 1648 1624 158)
 (1295 1650 1641 1625 1656 1593 318) (1642 1656 798 1358 1649 1626 1594)
 (1643 1359 1651 799 1657 1658 1627 1595) (1628 1644 1652 1422 1656 1596 159)
 (1597 1645 1653 1423 1657 1660 1629 319)
 (1646 1630 1598 1654 926 1658 1660 1486)
 (1647 1599 927 1655 1487 1659 1661 1662 1631) (10 1032 1536)
 (1537 530 1664 1064) (1664 1538 1096 328) (1665 594 1539 1666 1128)
 (37 1664 1540 1168) (329 1169 1668 1541 1666) (1665 676 1668 1542 1232)
 (1667 1669 1670 1543 1233 677) (1664 1296 21 1544) (1545 330 1672 1297 1666)
 (1665 1546 804 1672 1360) (1667 805 1673 1674 1547 1361)
 (1672 1548 53 1668 1424) (1425 1669 1673 331 1676 1549)
 (932 1670 1674 1676 1550 1488) (933 1671 1675 1677 1678 1551 1489)
 (1033 1664 104 1568) (1569 1065 531 1665 1680) (1097 1570 332 1680 1666)
 (1571 1667 1681 1682 595 1129) (105 1170 1572 1668 1680)
 (1171 1669 333 1682 1684 1573) (1670 1681 1234 1684 678 1574)
 (1575 679 1683 1235 1685 1686 1671) (106 1672 1680 1298 1576)
 (1299 1682 1577 334 1673 1688) (806 1674 1688 1681 1362 1578)
 (807 1579 1363 1683 1689 1690 1675) (1426 1676 1580 1684 1688 107)
 (1427 1581 1677 335 1685 1689 1692) (934 1678 1582 1490 1686 1690 1692)
 (935 1583 1491 1679 1687 1691 1693 1694) (1664 1034 168 1552)
 (1553 1066 1665 534 1696) (1666 1554 1696 1098 344)
 (1697 1698 1667 1555 598 1130) (169 1172 1556 1668 1696)
 (1698 1700 1173 1557 345 1669) (1697 1700 1670 684 1236 1558)
 (1699 1701 1702 1671 685 1237 1559) (170 1300 1672 1696 1560)
 (1698 1301 1704 1673 1561 346) (1697 1704 1674 812 1364 1562)
 (1699 1705 1706 1675 813 1365 1563) (1428 1704 171 1676 1700 1564)
 (1701 1705 1708 1677 1429 347 1565) (1708 1702 1706 940 1678 1492 1566)
 (1703 1709 1707 941 1710 1679 1493 1567) (1035 172 1680 1696 1584)
 (1697 1681 535 1067 1712 1585) (1698 1682 1712 1586 1099 348)
 (1699 1683 1713 1714 1587 599 1131) (1700 1174 1588 173 1712 1684)
 (1701 1175 1714 1716 1685 1589 349) (1590 1702 686 1713 1716 1686 1238)
 (1591 1703 687 1687 1715 1717 1718 1239) (1302 1704 1592 174 1712 1688)
 (1303 1714 1705 1689 1720 1593 350) (1706 1720 814 1713 1366 1594 1690)
 (1707 815 1715 1367 1721 1722 1595 1691) (1692 1430 1708 175 1716 1720 1596)
 (1431 1597 1709 1717 1721 1724 1693 351)
 (942 1710 1598 1494 1722 1724 1694 1718)
 (1719 1695 1711 943 1495 1723 1725 1726 1599) (1664 11 1036 1600)
 (1601 538 1665 1068 1728) (1666 1602 1100 1728 360)
 (1729 1730 1603 1667 602 1132) (39 1604 1668 1728 1176)
 (1730 1732 1669 361 1177 1605) (1729 1732 1670 692 1240 1606)
 (1731 1733 1607 1671 693 1241 1734) (1304 1672 1728 23 1608)
 (1730 1736 1609 362 1305 1673) (1729 1736 1674 1368 820 1610)
 (1731 1737 1738 1611 821 1369 1675) (1432 1676 1736 1612 55 1732)
 (1733 1433 1613 363 1740 1677 1737) (1734 1738 1740 1678 1614 948 1496)
 (1735 1739 1741 1742 1679 949 1615 1497) (1728 108 1037 1680 1632)
 (1633 1729 539 1069 1744 1681) (1634 1730 364 1744 1682 1101)
 (1731 1635 1745 1746 1683 603 1133) (1636 1178 1744 1684 109 1732)
 (1637 1179 365 1746 1748 1685 1733) (1734 1745 694 1748 1686 1242 1638)
 (1639 1735 1687 1747 1749 1750 695 1243) (1736 1306 1640 1744 1688 110)
 (1746 1641 1307 366 1737 1752 1689) (1642 1752 1370 1745 822 1738 1690)
 (1739 1691 1747 823 1753 1754 1371 1643) (1740 1434 1644 1748 1752 1692 111)
 (1741 1435 1645 367 1749 1753 1756 1693)
 (1742 1646 1750 1754 1498 1756 1694 950)
 (951 1743 1758 1647 1751 1499 1757 1755 1695) (1728 184 1696 1038 1616)
 (1697 1729 542 1070 1617 1760) (1730 1698 1618 1102 376 1760)
 (1761 1762 1731 1699 1134 1619 606) (1700 1180 1620 185 1732 1760)
 (1762 1764 1701 1181 1621 377 1733) (1761 700 1734 1764 1622 1244 1702)
 (1763 1765 1703 1735 701 1623 1245 1766) (1704 1308 1736 1624 186 1760)
 (1762 1768 1705 1309 1737 1625 378) (1761 828 1768 1738 1706 1626 1372)
 (1763 1769 829 1739 1770 1627 1373 1707) (1708 1768 1436 1740 1764 187 1628)
 (1765 1769 1709 1772 1437 379 1629 1741)
 (956 1766 1770 1772 1742 1710 1500 1630)
 (1767 957 1771 1773 1774 1743 1711 1501 1631) (1712 1039 1744 1648 188 1760)
 (1761 1713 1745 1071 1776 1649 543) (1762 1714 1746 1776 1650 1103 380)
 (1763 1651 1777 1778 1747 607 1135 1715) (1764 1182 1652 1716 1776 189 1748)
 (1765 1749 1183 1778 1780 1717 1653 381)
 (1766 1654 702 1777 1780 1718 1246 1750)
 (1655 1767 1779 1781 703 1751 1719 1247 1782)
 (1656 1768 1752 1310 1776 1720 190) (1778 1769 1311 1721 1753 1784 1657 382)
 (1770 1784 1374 1777 1722 1754 1658 830)
 (1771 1723 1779 831 1785 1786 1755 1659 1375)
 (1660 1772 1438 1756 1780 1784 1724 191)
 (1757 1773 1439 1781 1785 1788 1725 1661 383)
 (958 1502 1788 1774 1758 1782 1786 1662 1726)
 (959 1727 1775 1503 1783 1663 1787 1789 1790 1759) (12 1040 1536)
 (1537 546 1792 1072) (1538 1104 1792 392) (1793 610 1539 1794 1136)
 (41 1540 1792 1184) (393 1185 1796 1541 1794) (1793 1796 708 1542 1248)
 (1249 1795 1797 1798 1543 709) (25 1312 1792 1544) (1545 394 1313 1800 1794)
 (1793 1546 1800 836 1376) (1377 1795 837 1801 1802 1547)
 (57 1800 1796 1548 1440) (1441 1797 1801 395 1804 1549)
 (964 1798 1802 1804 1550 1504) (1505 965 1799 1803 1805 1806 1551)
 (1041 112 1792 1568) (1569 1073 547 1793 1808) (1105 1570 1808 396 1794)
 (1809 1571 611 1795 1137 1810) (113 1186 1796 1572 1808)
 (1187 1573 397 1810 1812 1797) (1250 1798 710 1809 1812 1574)
 (1575 1251 711 1799 1811 1813 1814) (1314 114 1808 1800 1576)
 (1315 1810 1577 398 1801 1816) (1378 838 1578 1802 1809 1816)
 (1379 839 1579 1811 1817 1818 1803) (1442 1580 1804 115 1812 1816)
 (1443 1581 1805 399 1813 1817 1820) (1506 966 1806 1582 1814 1818 1820)
 (1507 967 1807 1583 1815 1819 1821 1822) (1042 200 1792 1552)
 (1553 1074 550 1793 1824) (1554 1824 1794 1106 408)
 (1825 1826 1795 614 1138 1555) (201 1796 1188 1556 1824)
 (1826 1828 1189 1557 409 1797) (1825 1252 1798 716 1828 1558)
 (1827 1253 1830 1799 717 1559 1829) (1800 202 1824 1316 1560)
 (1826 1317 1832 1801 1561 410) (1825 1380 1832 1802 844 1562)
 (1827 1381 1833 1834 1803 845 1563) (1828 1832 203 1804 1444 1564)
 (1445 1833 1836 1805 1829 411 1565) (1508 1830 1834 972 1806 1836 1566)
 (1509 1831 1837 1835 973 1838 1807 1567) (1808 1824 1043 204 1584)
 (1825 1809 551 1840 1585 1075) (1826 1107 1810 1840 1586 412)
 (1827 615 1811 1841 1842 1587 1139) (1828 1190 1588 205 1840 1812)
 (1829 1191 1842 1844 1813 1589 413) (1590 1254 718 1841 1844 1814 1830)
 (1591 1255 1831 719 1843 1845 1846 1815) (1318 1832 1592 206 1840 1816)
 (1319 1842 1833 1817 1848 1593 414) (1382 1834 1848 846 1841 1818 1594)
 (1383 1835 847 1843 1849 1850 1595 1819) (1596 1446 1836 207 1844 1848 1820)
 (1447 1597 1837 1845 1849 1852 1821 415)
 (1510 1838 1598 1846 1850 974 1852 1822)
 (1511 1839 1599 975 1847 1851 1853 1854 1823) (1044 13 1792 1600)
 (1601 554 1076 1793 1856) (1602 1108 1794 1856 424)
 (1857 1858 1603 618 1795 1140) (1796 1856 43 1604 1192)
 (1858 1860 1605 425 1193 1797) (1857 1860 1798 1256 724 1606)
 (1859 1861 1607 1799 1257 725 1862) (1800 1856 27 1320 1608)
 (1858 1864 1609 426 1801 1321) (1857 1864 1610 1384 852 1802)
 (1859 1385 1866 1611 1865 853 1803) (1612 1864 1804 1448 1860 59)
 (1861 1449 1613 427 1868 1805 1865) (1862 1512 1866 1868 1806 1614 980)
 (1863 1513 1867 1869 1870 1807 981 1615) (1808 1856 116 1045 1632)
 (1633 1857 555 1872 1809 1077) (1634 1109 1858 428 1872 1810)
 (1635 619 1859 1873 1874 1811 1141) (1860 1194 1636 1812 117 1872)
 (1861 1195 429 1874 1876 1813 1637) (1638 726 1258 1873 1876 1814 1862)
 (727 1639 1259 1875 1863 1878 1815 1877) (1864 1322 1640 1872 118 1816)
 (1874 1641 1323 430 1865 1880 1817) (1642 1880 1386 1873 854 1866 1818)
 (1643 1867 1875 855 1881 1882 1819 1387) (1644 1450 1868 1876 119 1880 1820)
 (1645 1451 1869 431 1877 1881 1884 1821)
 (1514 1646 1870 1878 1882 1884 1822 982)
 (983 1515 1647 1871 1879 1883 1885 1886 1823) (1824 1856 216 1046 1616)
 (1825 1857 558 1617 1078 1888) (1826 1110 1858 1618 440 1888)
 (1889 1890 1827 1859 622 1619 1142) (1828 1196 1620 217 1860 1888)
 (1890 1892 1861 1197 1621 441 1829) (1889 1892 1862 1260 1622 732 1830)
 (1891 1893 1863 1831 1261 1623 733 1894) (1864 1324 1832 1624 218 1888)
 (1890 1896 1865 1325 1833 1625 442) (1889 1896 1866 1388 1834 1626 860)
 (1891 1897 1898 1835 1389 1627 861 1867) (1868 1452 1896 1836 1892 219 1628)
 (1893 1837 1897 1453 1900 1869 443 1629)
 (1900 1894 1898 1516 1838 1870 988 1630)
 (1895 1901 1899 1517 1902 1839 1871 989 1631) (220 1047 1840 1648 1872 1888)
 (1873 1841 1889 559 1904 1649 1079) (1890 1111 1650 1904 1874 444 1842)
 (1891 1843 623 1905 1906 1651 1143 1875) (1892 1198 1652 1844 1876 1904 221)
 (1893 1199 1906 1908 1877 1845 1653 445)
 (1894 1262 1905 1908 1846 1878 734 1654)
 (1879 1895 1655 1263 1907 1909 1910 1847 735)
 (1656 1896 1848 1326 1904 1880 222) (1906 1897 1327 1881 1849 1912 1657 446)
 (1898 1912 1390 1882 1905 1850 1658 862)
 (1899 1883 1391 1907 1913 1914 1659 1851 863)
 (1884 1900 1454 1908 1912 1852 223 1660)
 (1853 1901 1455 1909 1913 1916 1885 1661 447)
 (1916 1886 1902 1518 1910 1914 990 1662 1854)
 (1887 1903 1519 1911 991 1663 1915 1917 1918 1855) (1792 1048 14 1664)
 (1665 562 1920 1793 1080) (1666 1112 1794 1920 456)
 (1921 1922 1667 1795 626 1144) (1796 1920 1668 45 1200)
 (1922 1924 1669 457 1201 1797) (1921 740 1798 1264 1924 1670)
 (1923 1925 1671 1799 1265 741 1926) (1800 1920 1328 29 1672)
 (1922 1928 1673 458 1329 1801) (1921 868 1928 1674 1392 1802)
 (1923 869 1929 1930 1675 1393 1803) (1676 1928 1804 1456 1924 61)
 (1925 1929 1677 459 1932 1805 1457) (996 1926 1930 1932 1806 1678 1520)
 (997 1927 1931 1933 1934 1807 1521 1679) (1049 1920 1808 120 1680)
 (1921 1809 1936 1681 563 1081) (1922 1810 1113 460 1936 1682)
 (1923 627 1811 1937 1938 1683 1145) (1924 1936 1202 1812 121 1684)
 (1925 461 1938 1203 1940 1685 1813) (1926 742 1937 1266 1940 1814 1686)
 (743 1927 1267 1687 1939 1941 1942 1815) (1928 1688 1936 1330 1816 122)
 (1938 1929 462 1817 1331 1944 1689) (870 1930 1944 1937 1394 1818 1690)
 (871 1931 1395 1939 1945 1946 1691 1819) (1692 1932 1458 1940 1944 123 1820)
 (1693 1933 463 1459 1941 1945 1948 1821)
 (998 1934 1694 1522 1942 1946 1948 1822)
 (999 1935 1523 1695 1943 1947 1949 1950 1823) (1824 1050 232 1920 1696)
 (1697 1921 566 1082 1825 1952) (1922 1698 1114 472 1826 1952)
 (1953 1954 1699 1827 630 1146 1923) (1828 233 1204 1924 1700 1952)
 (1954 1956 1925 1205 1829 473 1701) (1953 1956 1926 748 1268 1830 1702)
 (1955 1957 1831 1927 749 1269 1703 1958) (1832 234 1928 1332 1704 1952)
 (1954 1960 1705 1833 1929 1333 474) (1953 1960 1930 876 1834 1396 1706)
 (1955 1961 1962 1707 877 1931 1397 1835) (1708 1960 235 1836 1932 1956 1460)
 (1957 1837 1961 1933 1964 1709 1461 475)
 (1964 1958 1710 1004 1838 1934 1524 1962)
 (1959 1711 1965 1963 1005 1966 1935 1525 1839) (1712 1051 236 1840 1936 1952)
 (1953 1841 1937 1968 1713 567 1083) (1954 1714 1115 1968 1938 476 1842)
 (1955 1715 1969 1970 1939 631 1147 1843) (1956 237 1968 1844 1206 1940 1716)
 (1957 1970 1972 1941 1207 1845 1717 477)
 (1958 1846 750 1969 1972 1942 1718 1270)
 (1847 1959 1271 751 1971 1973 1974 1943 1719)
 (1960 1720 1944 238 1968 1334 1848) (1970 1961 1849 1945 1335 1976 1721 478)
 (1962 1976 1850 878 1969 1398 1722 1946)
 (1963 1851 879 1971 1399 1977 1978 1947 1723)
 (1724 1964 1948 239 1972 1462 1976 1852)
 (1949 1725 1965 1973 1463 1977 1980 1853 479)
 (1980 1726 1966 1950 1526 1978 1006 1854 1974)
 (1967 1727 1007 1855 1527 1975 1979 1981 1982 1951) (1856 1052 1920 15 1728)
 (1729 1857 1921 570 1084 1984) (1922 1730 1116 488 1858 1984)
 (1985 1986 1731 1859 634 1148 1923) (1860 1732 47 1208 1924 1984)
 (1986 1988 1861 489 1209 1733 1925) (1985 1988 1926 756 1862 1272 1734)
 (1987 1989 1863 1927 757 1273 1735 1990) (1864 1928 31 1736 1336 1984)
 (1986 1992 1737 490 1865 1929 1337) (1985 1992 1930 1400 1866 884 1738)
 (1987 1993 1994 1739 1931 885 1401 1867) (1988 1992 1868 1932 1740 1464 63)
 (1989 1993 1741 491 1996 1869 1933 1465)
 (1990 1870 1994 1996 1934 1742 1012 1528)
 (1991 1743 1995 1997 1998 1935 1013 1871 1529) (1936 1744 1053 1872 124 1984)
 (1985 1873 1937 2000 1745 571 1085) (1986 1746 492 1117 2000 1938 1874)
 (1987 1747 1875 2001 2002 1939 635 1149) (1988 1940 2000 1876 1210 125 1748)
 (1941 493 2002 2004 1877 1749 1211 1989)
 (1990 758 2001 2004 1942 1878 1274 1750)
 (1879 1991 2003 2005 2006 1943 1751 1275 759)
 (1992 1944 2000 1752 1880 1338 126) (2002 1993 494 1881 1945 2008 1753 1339)
 (1994 2008 1882 1402 2001 886 1754 1946)
 (1403 1995 1883 2003 887 2009 2010 1947 1755)
 (1756 1996 1948 2004 2008 1466 1884 127)
 (1757 1949 1997 495 2005 2009 1467 2012 1885)
 (1886 1998 1758 1014 2010 1530 2012 1950 2006)
 (2007 1759 1999 2014 1887 1015 1531 2013 2011 1951)
 (1952 1760 1054 248 1888 1984) (1761 1889 1953 1985 1086 574 2016)
 (1762 1986 1954 1890 1118 504 2016) (2017 1763 1955 2018 1987 638 1150 1891)
 (1892 1764 249 1212 1956 1988 2016) (2018 2020 1957 1989 505 1765 1213 1893)
 (2017 764 1990 1766 2020 1894 1276 1958)
 (2019 2021 1895 1991 765 1959 1767 1277 2022)
 (1992 1960 1896 1768 250 1340 2016) (2018 2024 1769 1961 1993 1897 506 1341)
 (2017 1404 2024 1770 1898 1962 1994 892)
 (2019 2025 893 1995 1899 1963 2026 1405 1771)
 (1900 2024 1996 1964 1772 2020 251 1468)
 (2021 2025 1773 2028 1965 1901 507 1469 1997)
 (2028 1532 2022 2026 1998 1774 1966 1902 1020)
 (1967 2023 1775 1021 2027 2029 2030 1999 1903 1533)
 (252 1968 1776 1055 2000 1904 2016) (2017 1905 1969 2001 2032 1777 575 1087)
 (1970 2018 2002 1119 2032 1778 508 1906)
 (2019 1779 2033 2034 2003 639 1907 1151 1971)
 (2020 2032 1972 1908 253 1214 2004 1780)
 (2021 2005 2034 2036 1973 1781 509 1215 1909)
 (2022 766 2033 2036 1974 2006 1782 1278 1910)
 (2007 2023 2035 2037 767 1911 1975 1783 1279 2038)
 (2024 1912 254 1784 2008 1976 2032 1342)
 (2034 2025 1913 1977 2009 2040 1785 510 1343)
 (2026 2040 1406 2033 1978 2010 1914 1786 894)
 (2027 1915 1979 2035 895 2041 2042 2011 1787 1407)
 (1916 2028 2012 1788 2036 2040 1980 1470 255)
 (2029 1981 2013 1789 2037 511 2041 2044 1917 1471)
 (2044 1534 2014 1790 2030 1918 2038 2042 1022 1982)
 (1919 1983 1791 2031 1535 2039 1023 2043 2045 2046 2015))