(NIL NIL (1 2) NIL (2 4) NIL (4 6) (2 6) (7 5 8) (1 6) (3 8 10) NIL (6 12)
 (4 12) (13 7 14) (2 12) (13 8 16) (5 14 16) (15 17 9 18) (1 12) (13 10 20)
 (3 16 20) (21 11 17 22) NIL (12 24) (6 24) (25 13 26) (4 24) (25 14 28)
 (7 26 28) (27 29 15 30) (2 24) (25 16 32) (26 32 8) (33 34 27 17) (5 28 32)
 (33 36 29 18) (34 9 36 30) (35 37 19 31 38) (1 24) (25 20 40) (26 40 10)
 (41 42 27 21) (3 40 32) (33 41 44 22) (34 11 44 42) (35 45 43 23 46) NIL
 (24 48) (12 48) (49 25 50) (6 48) (49 26 52) (13 50 52) (51 53 27 54) (4 48)
 (49 28 56) (50 56 14) (57 58 51 29) (7 52 56) (57 60 53 30) (58 15 60 54)
 (59 61 31 55 62) (2 48) (49 64 32) (50 16 64) (33 65 51 66) (8 52 64)
 (65 34 68 53) (66 68 17 54) (35 69 67 55 70) (5 64 56) (57 65 36 72)
 (58 72 18 66) (73 74 59 37 67) (68 9 60 72) (73 69 76 61 38) (74 76 62 19 70)
 (39 63 71 75 77 78) (1 48) (49 80 40) (50 20 80) (41 81 51 82) (10 52 80)
 (81 42 84 53) (82 84 21 54) (43 85 83 55 86) (3 80 64) (65 81 44 88)
 (66 88 22 82) (89 90 67 45 83) (11 68 84 88) (89 85 92 69 46) (90 92 70 23 86)
 (87 47 71 91 93 94) NIL (48 96) (24 96) (97 49 98) (12 96) (97 50 100)
 (25 98 100) (99 101 51 102) (6 96) (97 52 104) (98 104 26) (105 106 99 53)
 (13 100 104) (105 108 101 54) (106 27 108 102) (107 109 55 103 110) (2 96)
 (97 112 64) (98 112 32) (65 113 99 114) (16 100 112) (113 66 116 101)
 (33 114 116 102) (67 117 115 103 118) (8 112 104) (105 113 68 120)
 (106 120 114 34) (121 122 107 69 115) (116 108 17 120) (121 117 124 109 70)
 (122 35 124 110 118) (119 123 125 126 111 71) (1 96) (97 128 80) (98 128 40)
 (81 129 99 130) (100 20 128) (129 82 132 101) (41 130 132 102)
 (83 133 131 103 134) (10 128 104) (105 129 84 136) (106 136 130 42)
 (137 138 107 85 131) (108 21 132 136) (137 133 140 109 86)
 (138 43 140 110 134) (135 139 141 142 111 87) (3 128 112) (113 129 144 88)
 (114 44 144 130) (89 145 115 131 146) (132 116 22 144) (145 90 133 117 148)
 (146 148 45 118 134) (119 135 147 149 150 91) (11 136 144 120)
 (121 137 92 145 152) (122 152 46 146 138) (123 147 153 154 93 139)
 (148 124 140 23 152) (125 141 149 153 156 94) (126 47 142 150 154 156)
 (127 143 151 155 157 158 95) NIL (160 96) (160 48) (161 97 162) (160 24)
 (161 98 164) (49 162 164) (163 165 99 166) (160 12) (161 100 168) (162 168 50)
 (169 170 163 101) (25 164 168) (169 172 165 102) (170 51 172 166)
 (171 173 103 167 174) (160 6) (161 176 104) (162 52 176) (105 177 163 178)
 (26 164 176) (177 106 180 165) (178 180 53 166) (107 181 179 167 182)
 (13 176 168) (169 177 108 184) (170 184 54 178) (185 186 171 109 179)
 (27 172 180 184) (185 181 188 173 110) (186 188 174 55 182)
 (111 175 183 187 189 190) (160 4) (162 192 56) (28 164 192) (57 193 166 194)
 (14 192 168) (193 170 196 58) (196 194 172 29) (59 195 197 174 198)
 (7 192 176) (193 178 60 200) (194 180 30 200) (201 202 195 61 182)
 (200 15 196 184) (201 186 204 197 62) (204 202 188 198 31)
 (63 206 199 203 205 190) (160 2) (161 208 112) (162 208 64) (113 209 163 210)
 (208 164 32) (209 114 212 165) (65 210 212 166) (115 213 211 167 214)
 (208 16 168) (169 209 116 216) (170 216 210 66) (217 218 171 117 211)
 (33 212 172 216) (217 213 220 173 118) (218 67 220 174 214)
 (119 175 215 219 221 222) (8 208 176) (177 209 224 120) (224 178 68 210)
 (121 225 179 211 226) (212 34 180 224) (225 122 228 181 213)
 (226 228 69 182 214) (227 229 230 123 215 183) (224 216 17 184)
 (185 217 225 124 232) (226 186 232 70 218) (227 233 234 125 187 219)
 (220 35 188 228 232) (229 233 189 236 126 221) (230 234 236 222 71 190)
 (231 235 237 238 127 191 223) (5 208 192) (193 210 240 72) (212 194 36 240)
 (73 241 195 214 242) (196 240 18 216) (241 74 244 197 218)
 (242 244 220 37 198) (243 245 246 199 75 222) (9 224 240 200)
 (201 226 241 76 248) (202 228 248 38 242) (230 243 249 250 203 77)
 (204 244 248 19 232) (234 245 249 252 205 78) (236 39 246 250 252 206)
 (238 207 247 251 253 254 79) (160 1) (161 256 128) (162 256 80)
 (129 257 163 258) (164 256 40) (257 130 260 165) (81 258 260 166)
 (131 261 259 167 262) (20 256 168) (169 257 132 264) (170 258 264 82)
 (265 266 171 133 259) (41 172 260 264) (265 261 268 173 134)
 (266 83 268 174 262) (135 263 267 269 270 175) (10 256 176) (177 257 272 136)
 (178 84 272 258) (137 273 179 259 274) (42 180 260 272) (273 138 276 181 261)
 (274 276 85 182 262) (263 139 275 277 278 183) (264 21 272 184)
 (185 265 140 273 280) (186 274 280 86 266) (267 141 275 281 282 187)
 (43 188 280 268 276) (269 142 277 281 284 189) (270 278 87 282 284 190)
 (271 143 279 283 285 286 191) (3 256 208) (209 257 288 144) (210 258 288 88)
 (145 289 211 259 290) (212 44 260 288) (289 146 292 213 261)
 (89 290 292 214 262) (291 293 294 263 147 215) (264 22 288 216)
 (217 265 148 289 296) (218 266 290 296 90) (291 297 298 267 149 219)
 (220 45 296 268 292) (293 297 300 269 150 221) (294 298 300 270 91 222)
 (295 299 301 302 271 151 223) (11 272 288 224) (225 273 304 289 152)
 (290 226 92 304 274) (291 227 305 306 275 153) (228 304 46 276 292)
 (293 229 305 308 277 154) (294 306 308 278 93 230)
 (231 295 307 309 310 279 155) (280 296 304 23 232) (233 305 297 312 281 156)
 (234 312 306 298 282 94) (299 307 313 314 283 157 235)
 (300 236 47 308 312 284) (237 301 309 313 316 285 158)
 (302 238 310 314 316 286 95) (311 303 159 239 315 317 318 287) NIL (320 160)
 (320 96) (161 322 321) (320 48) (162 324 321) (97 322 324) (323 325 163 326)
 (320 24) (164 321 328) (322 328 98) (329 330 323 165) (49 324 328)
 (329 332 325 166) (330 99 332 326) (331 333 167 327 334) (320 12)
 (336 321 168) (322 100 336) (169 337 323 338) (50 324 336) (337 170 340 325)
 (338 340 101 326) (171 341 339 327 342) (25 336 328) (329 337 172 344)
 (330 344 102 338) (345 346 331 173 339) (340 51 332 344) (345 341 348 333 174)
 (346 348 334 103 342) (175 335 343 347 349 350) (320 6) (352 321 176)
 (322 352 104) (177 353 323 354) (324 52 352) (353 178 356 325)
 (105 354 356 326) (179 357 355 327 358) (26 352 328) (329 353 180 360)
 (330 360 354 106) (361 362 331 181 355) (332 53 356 360) (361 357 364 333 182)
 (362 107 364 334 358) (359 363 365 366 335 183) (13 352 336) (337 353 368 184)
 (338 108 368 354) (185 369 339 355 370) (356 340 54 368) (369 186 357 341 372)
 (370 372 109 342 358) (359 371 373 374 343 187) (27 360 368 344)
 (345 361 188 369 376) (346 376 110 370 362) (363 371 377 378 347 189)
 (372 348 364 55 376) (365 373 377 380 349 190) (366 111 374 378 380 350)
 (367 351 375 379 381 382 191) (320 4) (384 321 192) (384 324 56)
 (193 385 325 386) (384 28 328) (329 194 388 385) (57 386 332 388)
 (389 195 333 387 390) (14 384 336) (337 385 196 392) (58 340 392 386)
 (393 197 387 341 394) (392 388 29 344) (345 393 396 389 198)
 (394 59 348 390 396) (391 395 397 398 199 349) (7 384 352) (353 385 400 200)
 (60 386 356 400) (201 401 387 357 402) (400 388 30 360) (361 202 404 389 401)
 (402 364 61 390 404) (391 365 403 405 406 203) (400 15 392 368)
 (369 393 204 408 401) (394 372 62 408 402) (395 403 373 409 410 205)
 (404 396 408 31 376) (397 409 405 377 412 206) (412 398 63 406 410 380)
 (381 399 407 411 413 414 207) (320 2) (416 321 208) (322 416 112)
 (209 417 323 418) (324 416 64) (417 210 420 325) (113 418 420 326)
 (211 421 419 327 422) (32 416 328) (329 417 212 424) (330 424 418 114)
 (425 426 331 213 419) (65 332 420 424) (425 421 428 333 214)
 (426 115 428 334 422) (423 427 429 430 335 215) (16 416 336) (337 417 432 216)
 (338 116 432 418) (217 433 339 419 434) (66 340 420 432) (433 218 421 341 436)
 (434 436 117 342 422) (423 435 437 438 343 219) (33 424 432 344)
 (345 425 220 433 440) (346 440 118 434 426) (427 435 441 442 347 221)
 (436 67 348 428 440) (429 437 441 444 349 222) (119 430 438 442 444 350)
 (431 351 439 443 445 446 223) (8 416 352) (353 417 448 224) (354 448 418 120)
 (225 449 355 419 450) (68 356 420 448) (449 226 421 357 452)
 (121 450 452 358 422) (451 453 359 423 227 454) (34 424 448 360)
 (361 425 228 449 456) (362 450 456 426 122) (451 229 457 458 363 427)
 (364 69 428 452 456) (453 230 457 365 460 429) (454 458 123 460 366 430)
 (231 455 459 461 462 367 431) (432 17 448 368) (369 433 464 449 232)
 (370 450 124 464 434) (451 233 435 465 466 371) (436 372 70 452 464)
 (453 234 465 468 437 373) (454 125 466 468 374 438)
 (375 455 235 467 469 470 439) (35 440 464 456 376) (457 236 465 441 472 377)
 (442 458 126 466 472 378) (459 237 467 473 474 379 443)
 (444 460 468 71 472 380) (381 461 238 469 473 476 445)
 (462 127 446 470 474 476 382) (463 239 471 447 475 477 478 383) (5 416 384)
 (385 417 480 240) (386 420 480 72) (241 481 387 421 482) (36 388 480 424)
 (425 242 484 389 481) (73 482 428 390 484) (483 485 486 391 429 243)
 (432 18 480 392) (393 433 244 481 488) (482 394 436 488 74)
 (483 489 490 395 437 245) (488 396 37 484 440) (485 489 492 397 246 441)
 (486 490 492 398 75 444) (487 491 493 494 399 247 445) (9 448 480 400)
 (401 449 496 481 248) (402 76 496 452 482) (483 453 497 498 403 249)
 (496 404 484 38 456) (485 457 497 500 405 250) (486 460 498 500 406 77)
 (487 461 499 501 502 407 251) (464 488 496 19 408) (497 489 465 504 409 252)
 (490 498 468 504 410 78) (491 499 469 505 506 411 253)
 (472 492 39 500 504 412) (493 505 501 473 508 413 254)
 (508 494 502 506 476 414 79) (509 495 415 503 507 477 510 255) (320 1)
 (512 321 256) (322 512 128) (257 513 323 514) (324 512 80) (513 258 516 325)
 (129 514 516 326) (259 517 515 327 518) (40 512 328) (329 513 260 520)
 (330 520 514 130) (521 522 331 261 515) (81 516 332 520) (521 517 524 333 262)
 (522 131 524 334 518) (263 519 523 525 526 335) (20 512 336) (337 513 528 264)
 (528 338 132 514) (265 529 339 515 530) (516 82 340 528) (529 266 532 341 517)
 (530 532 133 342 518) (519 267 531 533 534 343) (41 528 520 344)
 (345 521 268 529 536) (346 536 530 134 522) (523 269 531 537 538 347)
 (524 532 83 348 536) (525 270 533 537 540 349) (135 526 534 538 540 350)
 (527 271 535 539 541 542 351) (10 512 352) (353 513 544 272) (354 544 514 136)
 (273 545 355 515 546) (516 356 84 544) (545 274 548 357 517)
 (137 546 548 358 518) (547 549 359 519 275 550) (544 42 520 360)
 (361 521 276 552 545) (362 552 522 546 138) (547 553 554 363 277 523)
 (524 548 364 85 552) (549 553 365 556 525 278) (550 554 139 556 366 526)
 (551 555 557 558 527 367 279) (544 528 21 368) (369 529 560 545 280)
 (370 140 546 560 530) (547 531 561 562 371 281) (532 548 372 86 560)
 (549 561 564 373 533 282) (550 141 562 564 374 534)
 (375 551 563 565 566 535 283) (552 43 536 560 376) (553 561 537 568 377 284)
 (554 538 142 562 568 378) (555 563 569 570 379 285 539)
 (380 556 564 87 568 540) (381 557 565 569 572 541 286)
 (558 143 542 566 570 572 382) (559 383 287 567 571 573 574 543) (3 512 416)
 (417 513 576 288) (418 576 514 144) (289 577 419 515 578) (516 576 420 88)
 (577 290 580 421 517) (145 578 580 422 518) (291 581 423 519 579 582)
 (520 576 44 424) (425 521 292 577 584) (426 584 522 578 146)
 (579 293 585 586 427 523) (89 524 580 428 584) (581 294 585 429 588 525)
 (582 586 588 430 526 147) (295 583 587 589 590 527 431) (576 528 22 432)
 (433 529 592 577 296) (434 592 148 578 530) (579 297 531 593 594 435)
 (532 90 580 436 592) (581 298 593 596 437 533) (582 594 596 149 438 534)
 (439 583 299 595 597 598 535) (592 584 536 45 440) (585 300 593 537 600 441)
 (586 538 594 150 600 442) (587 301 595 601 602 443 539)
 (444 588 596 600 91 540) (445 589 302 597 601 604 541)
 (590 542 598 151 602 604 446) (591 303 599 447 603 605 606 543)
 (576 11 544 448) (449 545 608 577 304) (450 608 546 578 152)
 (609 610 451 579 305 547) (548 580 452 92 608) (609 612 581 306 549 453)
 (610 612 454 550 153 582) (611 613 551 583 455 307 614) (608 584 552 46 456)
 (609 616 457 585 553 308) (610 616 458 586 554 154)
 (611 617 618 459 555 309 587) (612 616 588 556 93 460)
 (613 617 557 620 589 310 461) (558 614 618 620 462 590 155)
 (615 619 621 622 559 591 311 463) (608 592 560 23 464)
 (609 561 593 624 465 312) (610 594 624 466 156 562)
 (611 595 625 626 467 313 563) (612 468 624 564 596 94)
 (613 469 625 628 597 565 314) (614 566 626 628 470 157 598)
 (567 615 471 627 629 630 599 315) (472 616 568 47 624 600)
 (617 625 569 601 632 473 316) (618 632 570 626 602 474 158)
 (619 571 627 633 634 475 317 603) (604 620 628 95 632 572 476)
 (573 621 477 629 633 636 605 318) (574 622 478 630 634 636 606 159)
 (319 623 607 631 479 635 637 638 575) NIL (640 320) (640 160) (641 321 642)
 (640 96) (322 641 644) (161 644 642) (323 645 646 643) (640 48) (641 324 648)
 (162 642 648) (649 650 325 643) (97 644 648) (649 652 645 326)
 (650 163 652 646) (651 653 327 647 654) (640 24) (641 656 328) (164 642 656)
 (329 657 643 658) (98 644 656) (657 330 660 645) (658 660 165 646)
 (331 661 659 647 662) (49 656 648) (649 657 332 664) (650 664 166 658)
 (665 666 651 333 659) (660 99 652 664) (665 661 668 653 334)
 (666 668 654 167 662) (335 663 667 669 670 655) (640 12) (641 672 336)
 (672 642 168) (337 673 643 674) (100 644 672) (673 338 676 645)
 (169 674 676 646) (339 677 675 647 678) (50 672 648) (649 673 340 680)
 (650 680 674 170) (681 682 651 341 675) (676 652 101 680)
 (681 677 684 653 342) (682 171 684 654 678) (679 683 685 686 343 655)
 (25 672 656) (657 673 688 344) (688 658 172 674) (345 689 659 675 690)
 (676 660 102 688) (689 346 692 661 677) (690 692 173 662 678)
 (679 691 693 694 663 347) (688 51 680 664) (665 681 348 689 696)
 (666 696 690 174 682) (683 691 697 698 667 349) (684 692 668 103 696)
 (685 693 697 700 669 350) (686 175 694 698 700 670)
 (687 671 695 699 701 702 351) (640 6) (641 704 352) (704 642 176)
 (353 705 643 706) (644 704 104) (705 354 708 645) (177 706 708 646)
 (355 709 707 647 710) (52 704 648) (649 705 356 712) (650 706 712 178)
 (713 714 651 357 707) (105 652 708 712) (713 709 716 653 358)
 (714 179 716 654 710) (359 711 715 717 718 655) (26 704 656) (657 705 720 360)
 (658 180 720 706) (361 721 659 707 722) (106 660 708 720)
 (721 362 724 661 709) (722 724 181 662 710) (711 363 723 725 726 663)
 (712 53 720 664) (665 713 364 721 728) (666 722 728 182 714)
 (715 365 723 729 730 667) (107 668 728 716 724) (717 366 725 729 732 669)
 (718 726 183 730 732 670) (719 367 727 731 733 734 671) (13 704 672)
 (673 705 736 368) (674 706 736 184) (369 737 675 707 738) (676 108 708 736)
 (737 370 740 677 709) (185 738 740 678 710) (739 741 679 711 371 742)
 (712 54 736 680) (681 713 372 737 744) (682 714 738 744 186)
 (739 745 746 683 373 715) (684 109 744 716 740) (741 745 685 748 717 374)
 (742 746 748 686 718 187) (743 747 749 750 719 687 375) (27 720 736 688)
 (689 721 752 737 376) (738 690 188 752 722) (739 723 753 754 691 377)
 (692 752 110 724 740) (741 753 756 693 725 378) (742 754 756 694 189 726)
 (695 743 755 757 758 727 379) (728 744 752 55 696) (745 753 729 760 697 380)
 (746 754 760 698 730 190) (747 755 761 762 699 381 731)
 (732 748 111 756 760 700) (701 749 757 761 764 733 382)
 (750 734 758 762 764 702 191) (703 751 383 759 763 765 766 735) (640 2)
 (641 768 416) (768 642 208) (417 769 643 770) (644 768 112) (769 418 772 645)
 (209 770 772 646) (419 773 771 647 774) (64 768 648) (649 769 420 776)
 (650 776 770 210) (777 778 651 421 771) (113 772 652 776)
 (777 773 780 653 422) (778 211 780 654 774) (423 775 779 781 782 655)
 (32 768 656) (657 769 784 424) (784 658 212 770) (425 785 659 771 786)
 (772 114 660 784) (785 426 788 661 773) (786 788 213 662 774)
 (775 427 787 789 790 663) (65 784 776 664) (665 777 428 785 792)
 (666 792 786 214 778) (779 429 787 793 794 667) (780 788 115 668 792)
 (781 430 789 793 796 669) (782 790 215 794 796 670)
 (783 431 791 795 797 798 671) (16 768 672) (673 769 800 432) (674 800 770 216)
 (433 801 675 771 802) (116 772 676 800) (801 434 804 677 773)
 (217 802 804 678 774) (803 805 679 775 435 806) (800 66 776 680)
 (681 777 436 808 801) (682 808 778 802 218) (803 809 810 683 437 779)
 (780 804 684 117 808) (805 809 685 812 781 438) (806 810 812 686 782 219)
 (807 811 813 814 783 687 439) (33 800 784 688) (689 785 816 801 440)
 (690 220 802 816 786) (803 787 817 818 691 441) (788 804 692 118 816)
 (805 789 817 820 693 442) (806 818 820 694 221 790)
 (695 807 819 821 822 791 443) (808 67 792 816 696) (809 817 793 824 697 444)
 (794 810 818 824 698 222) (811 819 825 826 699 445 795)
 (700 119 812 820 824 796) (701 813 821 825 828 797 446)
 (814 798 822 826 828 702 223) (703 815 447 823 827 829 830 799) (8 768 704)
 (705 769 832 448) (706 832 770 224) (449 833 707 771 834) (772 832 708 120)
 (833 450 836 709 773) (225 834 836 710 774) (451 837 711 775 835 838)
 (776 832 68 712) (713 777 452 833 840) (714 840 778 834 226)
 (835 453 841 842 715 779) (121 780 836 716 840) (837 454 841 717 844 781)
 (227 838 842 844 718 782) (455 839 843 845 846 783 719) (34 784 832 720)
 (721 785 848 833 456) (722 848 228 834 786) (835 457 787 849 850 723)
 (788 122 836 724 848) (837 458 849 852 725 789) (229 838 850 852 726 790)
 (727 839 459 851 853 854 791) (848 840 792 69 728) (841 460 849 793 856 729)
 (794 230 842 850 856 730) (843 461 851 857 858 731 795)
 (732 123 844 852 856 796) (733 845 462 853 857 860 797)
 (231 846 798 854 858 860 734) (847 735 463 855 859 861 862 799)
 (832 800 17 736) (737 801 864 833 464) (738 864 802 834 232)
 (865 866 739 835 465 803) (124 804 836 740 864) (865 868 837 805 466 741)
 (866 868 742 233 806 838) (743 867 869 807 839 467 870) (864 840 808 70 744)
 (865 872 745 841 809 468) (234 866 842 872 746 810)
 (867 811 873 874 747 469 843) (844 868 872 812 125 748)
 (869 873 813 876 845 749 470) (870 874 235 876 750 846 814)
 (871 875 877 878 815 751 847 471) (848 864 35 816 752)
 (865 817 880 753 472 849) (866 850 236 880 754 818)
 (867 851 881 882 755 819 473) (868 756 126 880 852 820)
 (869 757 821 881 884 853 474) (870 237 822 882 884 758 854)
 (759 823 871 883 885 886 855 475) (872 824 880 71 856 760)
 (857 873 881 825 888 761 476) (826 874 888 238 882 858 762)
 (827 875 883 889 890 763 477 859) (860 876 127 884 764 888 828)
 (829 877 885 765 889 892 861 478) (878 239 766 830 886 890 892 862)
 (879 767 863 887 479 891 893 894 831))