(NIL NIL (1 2) NIL (2 4) (1 4) (5 3 6) NIL (4 8) (2 8) (9 5 10) (1 8) (9 6 12)
 (3 10 12) (11 13 7 14) NIL (2 16) (1 16) (3 17 18) NIL (16 20) (8 20) (4 20)
 (22 9 23) (2 20) (21 17 25) (22 10 25) (5 23 25) (24 11 27 28) NIL (20 30)
 (16 30) (31 21 32) (8 30) (31 22 34) (4 30) (31 23 36) (9 34 36) (35 37 24 38)
 (2 30) (31 40 25) (32 17 40) (42 33 41 26) (34 40 10) (35 41 27 44) (5 40 36)
 (41 46 37 28) (11 46 38 44) (29 47 45 39 48) (1 30) (32 50 18) (34 12 50)
 (6 36 50) (53 52 13 38) (3 40 50) (19 51 42 55) (52 44 55 14) (7 53 55 46)
 (57 48 54 15 58) NIL (30 60) (20 60) (61 31 62) (16 60) (61 32 64) (21 62 64)
 (63 65 33 66) (8 60) (61 34 68) (22 62 68) (63 69 35 70) (4 60) (61 36 72)
 (62 72 23) (73 74 63 37) (9 68 72) (73 76 69 38) (74 24 76 70)
 (75 77 39 71 78) (2 60) (61 40 80) (62 80 25) (63 81 41 82) (17 80 64)
 (81 42 65 84) (84 82 66 26) (85 86 43 83 67) (80 10 68) (81 88 69 44)
 (88 70 27 82) (83 89 45 71 90) (5 80 72) (73 92 81 46) (74 92 82 28)
 (47 93 75 83 94) (88 11 76 92) (93 48 96 77 89) (29 94 96 78 90)
 (95 97 98 79 49 91) (1 60) (61 50 100) (100 64 18) (101 51 65 102) (12 100 68)
 (101 52 69 104) (6 100 72) (73 101 53 106) (106 76 13 104) (105 107 108 77 54)
 (3 100 80) (101 81 110 55) (19 110 102 84) (85 112 111 103 56) (88 110 14 104)
 (57 105 89 111 114) (106 7 110 92) (93 58 107 116 111) (108 114 96 15 116)
 (115 97 118 59 117 109) NIL (120 60) (120 30) (121 61 122) (120 20)
 (121 62 124) (31 122 124) (123 125 63 126) (120 16) (121 64 128) (122 128 32)
 (129 130 123 65) (21 124 128) (129 132 125 66) (130 33 132 126)
 (131 133 67 127 134) (120 4) (121 136 72) (122 36 136) (73 137 123 138)
 (23 124 136) (137 74 140 125) (138 140 37 126) (75 141 139 127 142) (120 2)
 (121 80 144) (122 144 40) (145 146 123 81) (124 25 144) (145 148 125 82)
 (146 41 148 126) (147 149 83 127 150) (144 17 128) (129 145 152 84)
 (130 42 152 146) (85 153 131 147 154) (148 132 26 152) (153 86 156 133 149)
 (154 156 43 134 150) (151 155 157 135 87 158) (5 144 136) (137 145 160 92)
 (138 160 146 46) (93 161 139 147 162) (148 140 160 28) (161 94 164 141 149)
 (47 162 164 142 150) (95 151 143 163 165 166) (120 1) (121 100 168)
 (122 168 50) (169 170 123 101) (168 18 128) (129 169 172 102) (130 51 172 170)
 (131 173 171 103 174) (6 168 136) (137 106 176 169) (138 176 53 170)
 (177 178 139 171 107) (3 168 144) (145 169 180 110) (146 180 55 170)
 (147 181 171 111 182) (19 180 172 152) (153 181 184 173 112)
 (154 182 184 174 56) (113 175 155 183 185 186) (180 7 176 160)
 (161 177 116 181 188) (162 182 188 178 58) (117 179 183 163 189 190) NIL
 (192 120) (192 60) (121 194 193) (192 30) (122 196 193) (61 194 196)
 (195 197 123 198) (192 20) (124 193 200) (194 200 62) (201 202 195 125)
 (31 196 200) (201 204 197 126) (202 63 204 198) (203 205 127 199 206) (192 16)
 (208 193 128) (194 64 208) (129 209 195 210) (32 196 208) (209 130 212 197)
 (210 212 65 198) (131 213 211 199 214) (21 208 200) (201 209 132 216)
 (202 216 66 210) (217 218 203 133 211) (212 33 204 216) (217 213 220 205 134)
 (218 220 206 67 214) (135 207 215 219 221 222) (192 8) (194 68 224)
 (34 196 224) (225 226 69 198) (22 224 200) (225 202 228 70) (226 35 204 228)
 (227 229 206 71 230) (192 4) (232 193 136) (194 232 72) (137 233 195 234)
 (196 36 232) (233 138 236 197) (73 234 236 198) (139 237 235 199 238)
 (23 232 200) (201 233 140 240) (202 240 234 74) (241 242 203 141 235)
 (204 37 236 240) (241 237 244 205 142) (242 75 244 206 238)
 (243 245 246 207 143 239) (9 232 224) (225 234 76 248) (226 236 38 248)
 (249 250 227 77 238) (24 228 248 240) (249 242 252 229 78)
 (250 244 230 39 252) (246 251 253 254 79 231) (192 2) (256 193 144)
 (194 80 256) (145 257 195 258) (40 196 256) (257 146 260 197) (258 260 81 198)
 (147 261 259 199 262) (256 25 200) (201 257 148 264) (202 264 82 258)
 (265 266 203 149 259) (260 41 204 264) (265 261 268 205 150)
 (266 268 206 83 262) (263 267 269 270 151 207) (256 17 208) (209 257 272 152)
 (210 272 258 84) (153 273 211 259 274) (42 260 212 272) (261 154 276 213 273)
 (85 274 276 214 262) (263 275 155 277 278 215) (272 264 26 216)
 (217 265 156 273 280) (218 280 274 266 86) (267 275 157 281 282 219)
 (276 268 220 43 280) (269 277 158 281 284 221) (270 278 282 87 284 222)
 (159 271 279 283 285 286 223) (10 256 224) (225 258 88 288) (226 260 44 288)
 (289 290 227 89 262) (288 228 27 264) (289 266 292 229 90)
 (292 290 268 230 45) (291 293 294 270 231 91) (5 256 232) (233 257 296 160)
 (234 296 258 92) (161 297 235 259 298) (296 260 236 46) (261 162 300 237 297)
 (93 298 300 238 262) (263 299 301 302 163 239) (296 264 28 240)
 (241 265 164 297 304) (242 304 298 266 94) (243 299 305 306 165 267)
 (47 300 268 244 304) (245 301 269 305 308 166) (95 246 302 270 306 308)
 (247 303 307 309 271 167 310) (296 11 288 248) (249 289 96 312 298)
 (312 250 300 290 48) (291 97 251 302 313 314) (29 292 252 312 304)
 (293 98 253 306 313 316) (294 254 49 308 314 316) (99 295 255 310 315 317 318)
 (192 1) (320 193 168) (194 100 320) (169 321 195 322) (50 196 320)
 (321 170 324 197) (322 324 101 198) (171 325 323 199 326) (320 18 208)
 (209 321 172 328) (210 328 102 322) (329 330 211 173 323) (324 51 212 328)
 (329 325 332 213 174) (330 332 214 103 326) (327 331 333 334 175 215)
 (320 12 224) (225 322 336 104) (226 324 52 336) (105 337 227 326 338)
 (6 320 232) (233 321 340 176) (234 340 322 106) (177 235 341 323 342)
 (340 324 236 53) (325 178 237 341 344) (107 344 238 342 326)
 (327 179 343 345 346 239) (340 336 13 248) (249 337 348 108 342)
 (250 348 344 54 338) (109 251 339 346 349 350) (3 320 256) (257 321 180 352)
 (258 352 110 322) (353 354 259 181 323) (324 260 55 352) (353 325 356 261 182)
 (354 356 262 111 326) (355 357 263 327 183 358) (19 352 328 272)
 (273 329 360 353 184) (274 360 354 330 112) (355 361 362 331 275 185)
 (356 360 332 276 56) (357 361 364 333 277 186) (113 358 362 364 334 278)
 (359 363 365 366 335 279 187) (352 336 14 288) (289 114 368 337 354)
 (57 290 356 368 338) (291 358 115 369 370 339) (352 7 340 296)
 (297 353 188 341 372) (372 298 116 342 354) (355 299 373 374 343 189)
 (356 58 300 372 344) (357 301 373 376 345 190) (117 358 302 374 376 346)
 (359 303 375 377 378 347 191) (368 372 348 15 312) (118 369 374 313 380 349)
 (370 59 376 314 380 350) (119 371 378 315 381 382 351) NIL (384 192) (384 120)
 (385 193 386) (384 60) (194 385 388) (121 388 386) (195 389 390 387) (384 30)
 (385 196 392) (122 386 392) (393 394 197 387) (61 388 392) (393 396 389 198)
 (394 123 396 390) (395 397 199 391 398) (384 20) (385 400 200) (124 386 400)
 (201 401 387 402) (62 388 400) (401 202 404 389) (402 404 125 390)
 (203 405 403 391 406) (31 400 392) (393 401 204 408) (394 408 126 402)
 (409 410 395 205 403) (404 63 396 408) (409 405 412 397 206)
 (410 412 398 127 406) (207 407 411 413 414 399) (384 16) (385 416 208)
 (416 386 128) (209 417 387 418) (64 388 416) (417 210 420 389)
 (129 418 420 390) (211 421 419 391 422) (32 416 392) (393 417 212 424)
 (394 424 418 130) (425 426 395 213 419) (420 396 65 424) (425 421 428 397 214)
 (426 131 428 398 422) (423 427 429 430 215 399) (21 416 400) (401 417 432 216)
 (432 402 132 418) (217 433 403 419 434) (420 404 66 432) (433 218 436 405 421)
 (434 436 133 406 422) (423 435 437 438 407 219) (432 33 424 408)
 (409 425 220 433 440) (410 440 434 134 426) (427 435 441 442 411 221)
 (428 436 412 67 440) (429 437 441 444 413 222) (430 135 438 442 444 414)
 (431 415 439 443 445 446 223) (384 8) (385 448 224) (388 68 448)
 (225 449 389 450) (34 448 392) (393 226 449 452) (450 396 69 452)
 (453 227 397 451 454) (22 448 400) (401 449 228 456) (450 404 70 456)
 (457 229 451 405 458) (35 452 456 408) (409 457 460 453 230)
 (458 412 460 454 71) (413 231 455 459 461 462) (384 4) (385 464 232)
 (464 386 136) (233 465 387 466) (388 464 72) (465 234 468 389)
 (137 466 468 390) (235 469 467 391 470) (36 464 392) (393 465 236 472)
 (394 466 472 138) (473 474 395 237 467) (73 396 468 472) (473 469 476 397 238)
 (474 139 476 398 470) (399 471 475 477 478 239) (23 464 400) (401 465 480 240)
 (402 140 480 466) (241 481 403 467 482) (74 404 468 480) (481 242 484 405 469)
 (482 484 141 406 470) (483 485 407 243 471 486) (472 37 480 408)
 (409 473 244 481 488) (410 482 488 142 474) (483 245 489 490 411 475)
 (75 412 488 476 484) (485 246 489 413 492 477) (486 490 492 478 143 414)
 (247 487 491 493 494 415 479) (9 464 448) (449 465 496 248) (450 76 468 496)
 (249 497 451 469 498) (452 496 38 472) (473 250 500 453 497)
 (498 476 77 454 500) (251 499 501 502 455 477) (24 480 496 456)
 (457 481 252 497 504) (458 484 504 78 498) (485 253 499 505 506 459)
 (460 500 504 39 488) (489 254 501 505 508 461) (492 79 502 506 508 462)
 (493 255 503 507 509 510 463) (384 2) (385 512 256) (512 386 144)
 (257 513 387 514) (80 388 512) (513 258 516 389) (145 514 516 390)
 (259 517 515 391 518) (40 512 392) (393 513 260 520) (514 394 520 146)
 (521 522 395 261 515) (396 81 516 520) (521 517 524 397 262)
 (522 147 524 398 518) (519 263 523 525 526 399) (512 25 400) (401 513 528 264)
 (402 148 528 514) (265 529 403 515 530) (404 516 82 528) (529 266 517 532 405)
 (530 532 149 406 518) (519 267 531 533 534 407) (41 520 528 408)
 (409 521 529 268 536) (530 410 536 150 522) (523 269 531 537 538 411)
 (412 524 532 83 536) (525 270 533 537 540 413) (526 151 534 538 540 414)
 (271 527 535 539 541 542 415) (512 17 416) (417 513 544 272) (514 418 544 152)
 (273 545 419 515 546) (420 516 544 84) (545 274 517 548 421)
 (153 546 548 422 518) (547 549 550 519 275 423) (42 520 544 424)
 (425 521 276 545 552) (522 426 552 546 154) (547 553 554 427 277 523)
 (85 428 524 548 552) (549 553 429 556 525 278) (550 554 556 430 526 155)
 (551 555 557 558 431 527 279) (528 544 26 432) (433 529 545 560 280)
 (434 156 560 546 530) (547 531 561 562 435 281) (86 436 532 548 560)
 (437 549 561 564 533 282) (550 562 564 157 438 534)
 (439 551 563 565 566 535 283) (560 536 43 552 440) (553 561 537 568 441 284)
 (538 554 562 158 568 442) (555 563 569 570 443 285 539)
 (540 556 564 568 87 444) (445 557 565 569 572 541 286)
 (558 542 566 159 570 572 446) (559 543 447 567 571 573 574 287) (10 512 448)
 (449 513 576 288) (450 88 516 576) (289 577 451 517 578) (576 452 44 520)
 (521 290 580 453 577) (578 524 89 454 580) (291 581 582 525 579 455)
 (528 576 27 456) (457 529 292 577 584) (458 532 90 584 578)
 (579 293 585 586 533 459) (460 580 584 45 536) (581 294 585 588 537 461)
 (582 586 588 540 462 91) (295 583 587 589 590 541 463) (5 512 464)
 (465 513 592 296) (514 466 592 160) (297 593 467 515 594) (468 516 592 92)
 (593 298 517 596 469) (161 594 596 470 518) (519 299 595 597 598 471)
 (46 520 592 472) (473 521 300 593 600) (522 474 594 600 162)
 (523 301 595 601 602 475) (93 476 524 596 600) (525 302 597 601 604 477)
 (526 598 602 163 604 478) (303 527 599 603 605 606 479) (28 528 592 480)
 (481 529 608 593 304) (482 594 164 608 530) (609 610 483 531 305 595)
 (94 484 532 596 608) (609 612 485 306 533 597) (610 612 486 598 165 534)
 (611 613 535 487 307 599 614) (47 536 608 600 488) (609 616 489 601 308 537)
 (610 616 490 538 602 166) (611 617 618 491 309 603 539)
 (95 604 616 492 612 540) (613 617 605 620 493 310 541)
 (614 618 620 494 542 606 167) (615 619 621 622 495 543 311 607)
 (11 576 592 496) (497 577 624 593 312) (498 96 624 596 578)
 (579 625 626 499 597 313) (48 500 624 580 600) (581 625 628 501 601 314)
 (97 582 626 628 502 604) (583 627 629 630 503 315 605) (29 584 624 608 504)
 (609 585 625 632 505 316) (612 98 586 626 632 506)
 (613 587 627 633 634 507 317) (616 588 49 628 632 508)
 (617 589 629 633 636 509 318) (99 620 590 630 634 636 510)
 (621 591 511 631 635 637 638 319) (384 1) (385 640 320) (640 386 168)
 (321 641 387 642) (100 388 640) (641 322 644 389) (169 642 644 390)
 (323 645 643 391 646) (50 640 392) (393 641 324 648) (642 394 648 170)
 (649 650 395 325 643) (396 101 644 648) (649 645 652 397 326)
 (650 171 652 398 646) (647 327 651 653 654 399) (640 18 416) (417 641 656 328)
 (418 172 656 642) (329 657 419 643 658) (420 644 102 656)
 (657 330 645 660 421) (658 660 173 422 646) (423 647 331 659 661 662)
 (51 648 656 424) (425 649 657 332 664) (658 426 664 174 650)
 (427 333 659 665 666 651) (428 652 660 103 664) (429 653 334 661 665 668)
 (430 175 654 662 666 668) (335 431 663 667 669 670 655) (640 12 448)
 (449 641 672 336) (450 644 672 104) (337 673 451 645 674) (52 452 672 648)
 (649 338 673 453 676) (105 674 676 652 454) (675 677 678 653 339 455)
 (6 640 464) (465 641 340 680) (642 466 680 176) (681 682 467 341 643)
 (106 468 644 680) (681 645 684 469 342) (177 682 684 470 646)
 (471 647 683 685 686 343) (648 53 680 472) (473 649 681 688 344)
 (650 474 688 682 178) (651 689 690 345 475 683) (107 476 652 684 688)
 (685 653 689 692 346 477) (686 654 690 179 692 478)
 (655 691 693 687 347 479 694) (672 13 680 496) (497 673 348 681 696)
 (498 696 108 684 674) (675 685 499 697 698 349) (696 676 500 54 688)
 (677 689 501 697 700 350) (678 692 502 698 700 109)
 (679 693 503 699 701 702 351) (3 640 512) (513 641 704 352) (514 180 704 642)
 (353 705 515 643 706) (516 644 110 704) (705 354 645 708 517)
 (706 708 181 518 646) (707 709 519 647 355 710) (648 704 55 520)
 (521 649 356 705 712) (522 706 712 182 650) (707 357 713 714 523 651)
 (524 652 712 111 708) (709 358 713 525 716 653) (710 714 716 526 654 183)
 (359 711 715 717 718 527 655) (19 656 704 544) (545 657 720 705 360)
 (658 546 706 720 184) (707 361 547 721 722 659) (548 660 720 708 112)
 (549 362 721 724 661 709) (710 722 724 662 185 550)
 (551 711 363 723 725 726 663) (56 664 720 712 552) (553 364 721 713 728 665)
 (186 554 728 722 714 666) (715 365 723 729 730 667 555)
 (113 716 556 724 728 668) (557 717 366 725 729 732 669)
 (718 558 726 730 187 732 670) (719 367 727 559 731 733 734 671)
 (704 672 14 576) (577 673 736 705 368) (578 708 736 674 114)
 (737 738 579 709 675 369) (57 580 676 736 712) (737 740 677 713 370 581)
 (738 115 740 582 716 678) (739 741 583 679 717 371 742) (7 680 704 592)
 (593 681 372 705 744) (594 706 188 744 682) (707 745 746 683 595 373)
 (116 596 684 708 744) (709 745 748 685 597 374) (710 746 748 686 598 189)
 (599 711 747 749 750 687 375) (58 688 744 712 600) (713 752 689 745 376 601)
 (714 752 690 746 602 190) (715 753 754 691 377 603 747)
 (748 117 716 752 692 604) (717 749 753 756 693 378 605)
 (718 750 754 756 694 606 191) (719 755 757 751 695 379 607 758)
 (696 736 744 15 624) (737 745 625 760 697 380) (738 118 748 626 760 698)
 (739 749 627 761 762 699 381) (740 752 59 628 760 700)
 (741 753 629 761 764 701 382) (742 119 756 630 762 764 702)
 (743 757 703 631 763 765 766 383))