(NIL NIL (1 2) NIL (2 4) (1 4) (5 3 6) NIL (4 8) (2 8) (9 5 10) NIL (8 12)
 (4 12) (13 9 14) (2 12) (13 10 16) (5 14 16) (15 17 11 18) (1 12) (14 20 6)
 (3 20 16) (7 21 18 22) NIL (12 24) (8 24) (25 13 26) (4 24) (25 14 28)
 (9 26 28) (27 29 15 30) (2 24) (25 16 32) (26 32 10) (33 34 27 17) (5 28 32)
 (33 36 29 18) (34 11 36 30) (35 37 19 31 38) (1 24) (25 20 40) (6 28 40)
 (41 21 29 42) (3 40 32) (33 41 44 22) (44 42 7 36) (45 43 37 46 23) NIL
 (24 48) (12 48) (49 25 50) (8 48) (49 26 52) (13 50 52) (51 53 27 54) (4 48)
 (49 28 56) (50 56 14) (57 58 51 29) (9 52 56) (57 60 53 30) (58 15 60 54)
 (59 61 31 55 62) (2 48) (49 64 32) (50 16 64) (33 65 51 66) (10 52 64)
 (65 34 68 53) (66 68 17 54) (35 69 67 55 70) (5 64 56) (57 65 36 72)
 (58 72 18 66) (73 74 59 37 67) (68 11 60 72) (73 69 76 61 38) (74 76 62 19 70)
 (39 63 71 75 77 78) (1 48) (49 80 40) (50 20 80) (41 81 51 82) (6 80 56)
 (57 42 84 81) (58 84 21 82) (85 59 83 43 86) (3 80 64) (65 81 44 88)
 (66 88 22 82) (89 90 67 45 83) (88 7 84 72) (73 89 92 85 46) (74 92 86 23 90)
 (47 94 87 75 93 91) NIL (48 96) (24 96) (97 49 98) (12 96) (97 50 100)
 (25 98 100) (99 101 51 102) (8 96) (97 52 104) (98 104 26) (105 106 99 53)
 (13 100 104) (105 108 101 54) (106 27 108 102) (107 109 55 103 110) (4 96)
 (97 112 56) (98 28 112) (57 113 99 114) (14 100 112) (113 58 116 101)
 (114 116 29 102) (59 117 115 103 118) (9 112 104) (105 113 60 120)
 (106 120 30 114) (121 122 107 61 115) (116 15 108 120) (121 117 124 109 62)
 (122 124 110 31 118) (63 111 119 123 125 126) (2 96) (97 128 64) (98 128 32)
 (65 129 99 130) (16 100 128) (129 66 132 101) (33 130 132 102)
 (67 133 131 103 134) (10 128 104) (105 129 68 136) (106 136 130 34)
 (137 138 107 69 131) (132 108 17 136) (137 133 140 109 70)
 (138 35 140 110 134) (135 139 141 142 111 71) (5 128 112) (113 129 144 72)
 (114 36 144 130) (73 145 115 131 146) (132 116 18 144) (145 74 148 117 133)
 (146 148 37 118 134) (135 147 149 150 119 75) (144 11 136 120)
 (121 137 76 152 145) (122 146 152 38 138) (139 147 153 154 123 77)
 (140 124 152 19 148) (141 149 153 156 125 78) (142 39 150 154 156 126)
 (143 127 151 155 157 158 79) (1 96) (97 160 80) (98 160 40) (81 161 99 162)
 (20 100 160) (161 82 164 101) (41 162 164 102) (83 165 163 103 166)
 (6 160 112) (113 161 84 168) (114 168 162 42) (169 170 115 85 163)
 (164 116 21 168) (169 165 172 117 86) (170 43 172 118 166)
 (119 167 171 173 174 87) (3 160 128) (129 161 176 88) (130 44 176 162)
 (89 177 131 163 178) (164 132 22 176) (177 90 180 133 165)
 (178 180 45 134 166) (135 167 179 181 182 91) (176 7 168 144)
 (145 169 92 184 177) (146 178 184 46 170) (171 179 147 185 186 93)
 (172 148 184 23 180) (173 149 185 181 188 94) (174 47 182 186 188 150)
 (151 175 183 187 189 190 95) NIL (192 96) (192 48) (193 97 194) (192 24)
 (193 98 196) (49 194 196) (195 197 99 198) (192 12) (193 100 200) (194 200 50)
 (201 202 195 101) (25 196 200) (201 204 197 102) (202 51 204 198)
 (203 205 103 199 206) (192 8) (193 208 104) (194 52 208) (105 209 195 210)
 (26 196 208) (209 106 212 197) (210 212 53 198) (107 213 211 199 214)
 (13 208 200) (201 209 108 216) (202 216 54 210) (217 218 203 109 211)
 (27 204 212 216) (217 213 220 205 110) (218 220 206 55 214)
 (111 207 215 219 221 222) (192 4) (193 224 112) (194 224 56) (113 225 195 226)
 (28 196 224) (225 114 228 197) (57 226 228 198) (115 229 227 199 230)
 (14 224 200) (201 225 116 232) (202 232 226 58) (233 234 203 117 227)
 (228 204 29 232) (233 229 236 205 118) (234 59 236 206 230)
 (231 235 237 238 207 119) (9 224 208) (209 225 240 120) (210 60 240 226)
 (121 241 211 227 242) (228 212 30 240) (241 122 244 213 229)
 (242 244 61 214 230) (231 243 245 246 215 123) (240 15 232 216)
 (217 233 124 248 241) (218 242 248 62 234) (235 243 249 250 219 125)
 (236 220 248 31 244) (237 245 249 252 221 126) (238 63 246 250 252 222)
 (239 223 247 251 253 254 127) (192 2) (193 256 128) (194 256 64)
 (129 257 195 258) (256 196 32) (257 130 260 197) (65 258 260 198)
 (131 261 259 199 262) (256 16 200) (201 257 132 264) (202 264 258 66)
 (265 266 203 133 259) (33 260 204 264) (265 261 268 205 134)
 (266 67 268 206 262) (135 263 267 269 270 207) (10 256 208) (209 257 272 136)
 (210 272 68 258) (137 273 211 259 274) (34 260 212 272) (261 138 276 213 273)
 (274 276 69 214 262) (263 139 275 277 278 215) (272 264 17 216)
 (217 265 140 273 280) (218 280 70 274 266) (267 141 275 281 282 219)
 (268 276 35 220 280) (269 142 277 281 284 221) (270 278 71 282 284 222)
 (271 143 279 283 285 286 223) (5 256 224) (225 257 288 144) (226 288 258 72)
 (145 289 227 259 290) (36 260 228 288) (261 146 292 229 289)
 (73 290 292 230 262) (291 293 231 263 147 294) (288 264 18 232)
 (233 265 148 289 296) (234 296 290 266 74) (291 297 298 235 149 267)
 (292 268 236 37 296) (293 297 237 300 269 150) (294 298 300 238 270 75)
 (295 299 301 302 271 239 151) (288 11 272 240) (241 273 304 289 152)
 (304 242 76 290 274) (291 275 305 306 243 153) (292 276 244 38 304)
 (293 245 305 308 277 154) (294 306 308 246 77 278)
 (247 295 307 309 310 279 155) (296 304 280 19 248) (297 305 281 312 249 156)
 (282 298 306 312 250 78) (299 307 313 314 251 157 283)
 (252 300 39 308 312 284) (253 301 309 313 316 285 158)
 (302 286 310 314 316 254 79) (303 255 159 311 315 317 318 287) NIL (320 192)
 (320 96) (193 322 321) (320 48) (194 324 321) (97 322 324) (323 325 195 326)
 (320 24) (196 321 328) (322 328 98) (329 330 323 197) (49 324 328)
 (329 332 325 198) (330 99 332 326) (331 333 199 327 334) (320 12)
 (336 321 200) (322 100 336) (201 337 323 338) (50 324 336) (337 202 340 325)
 (338 340 101 326) (203 341 339 327 342) (25 336 328) (329 337 204 344)
 (330 344 102 338) (345 346 331 205 339) (340 51 332 344) (345 341 348 333 206)
 (346 348 334 103 342) (207 335 343 347 349 350) (320 8) (352 321 208)
 (322 352 104) (209 353 323 354) (324 52 352) (353 210 356 325)
 (105 354 356 326) (211 357 355 327 358) (26 352 328) (329 353 212 360)
 (330 360 354 106) (361 362 331 213 355) (332 53 356 360) (361 357 364 333 214)
 (362 107 364 334 358) (359 363 365 366 335 215) (13 352 336) (337 353 368 216)
 (338 108 368 354) (217 369 339 355 370) (356 340 54 368) (369 218 357 341 372)
 (370 372 109 342 358) (359 371 373 374 343 219) (27 360 368 344)
 (345 361 220 369 376) (346 376 110 370 362) (363 371 377 378 347 221)
 (372 348 364 55 376) (365 373 377 380 349 222) (366 111 374 378 380 350)
 (367 351 375 379 381 382 223) (320 4) (384 321 224) (322 384 112)
 (225 385 323 386) (384 324 56) (385 226 388 325) (113 386 388 326)
 (227 389 387 327 390) (384 28 328) (329 385 228 392) (330 392 386 114)
 (393 394 331 229 387) (57 388 332 392) (393 389 396 333 230)
 (394 115 396 334 390) (231 391 395 397 398 335) (14 384 336) (337 385 400 232)
 (338 400 116 386) (233 401 339 387 402) (58 388 340 400) (389 234 404 341 401)
 (402 404 117 342 390) (391 235 403 405 406 343) (400 392 29 344)
 (345 393 236 401 408) (346 408 118 402 394) (395 237 403 409 410 347)
 (396 404 59 348 408) (397 238 405 409 412 349) (398 406 119 410 412 350)
 (399 239 407 411 413 414 351) (9 384 352) (353 385 416 240) (354 416 386 120)
 (241 417 355 387 418) (60 388 356 416) (389 242 420 357 417)
 (121 418 420 358 390) (419 421 359 391 243 422) (416 392 30 360)
 (361 393 244 417 424) (362 424 418 394 122) (419 425 426 363 245 395)
 (420 396 364 61 424) (421 425 365 428 397 246) (422 426 428 366 398 123)
 (423 427 429 430 399 367 247) (416 15 400 368) (369 401 432 417 248)
 (432 370 124 418 402) (419 403 433 434 371 249) (420 404 372 62 432)
 (373 421 433 436 405 250) (422 434 436 374 125 406)
 (375 423 435 437 438 407 251) (424 432 408 31 376) (425 433 409 440 377 252)
 (426 434 440 378 126 410) (427 435 441 442 379 253 411)
 (380 428 63 436 440 412) (381 429 437 441 444 413 254)
 (430 414 438 442 444 382 127) (431 383 255 439 443 445 446 415) (320 2)
 (448 321 256) (322 448 128) (257 449 323 450) (448 324 64) (449 258 452 325)
 (129 450 452 326) (259 453 451 327 454) (448 32 328) (329 449 260 456)
 (450 330 456 130) (457 458 331 261 451) (65 332 452 456) (457 453 460 333 262)
 (458 131 460 334 454) (455 263 459 461 462 335) (448 16 336) (337 449 464 264)
 (338 132 464 450) (265 465 339 451 466) (66 340 452 464) (465 266 453 468 341)
 (466 468 133 342 454) (455 267 467 469 470 343) (33 456 464 344)
 (345 457 465 268 472) (466 346 472 134 458) (459 269 467 473 474 347)
 (67 348 460 468 472) (461 270 469 473 476 349) (135 462 470 474 476 350)
 (271 463 471 475 477 478 351) (10 448 352) (353 449 480 272) (450 354 480 136)
 (273 481 355 451 482) (68 356 452 480) (481 274 453 484 357)
 (137 482 484 358 454) (483 485 486 455 275 359) (34 456 480 360)
 (361 457 276 481 488) (458 362 488 482 138) (483 489 490 363 277 459)
 (484 364 69 460 488) (485 489 365 492 461 278) (486 490 139 492 366 462)
 (487 491 493 494 367 463 279) (464 17 480 368) (369 465 481 496 280)
 (370 140 496 482 466) (483 467 497 498 371 281) (484 372 468 70 496)
 (373 485 497 500 469 282) (486 141 498 500 374 470)
 (375 487 499 501 502 471 283) (496 35 472 488 376) (489 497 473 504 377 284)
 (474 490 142 498 504 378) (491 499 505 506 379 285 475)
 (476 492 500 71 504 380) (381 493 501 505 508 477 286)
 (494 143 478 502 506 508 382) (495 383 503 479 507 509 510 287) (5 448 384)
 (385 449 512 288) (450 386 512 144) (289 513 387 451 514) (388 452 512 72)
 (513 290 453 516 389) (145 514 516 390 454) (515 517 391 455 291 518)
 (36 456 512 392) (393 457 292 513 520) (458 394 514 520 146)
 (515 293 521 522 395 459) (73 396 460 516 520) (517 294 521 397 524 461)
 (518 522 524 398 462 147) (295 519 523 525 526 399 463) (512 464 18 400)
 (401 465 528 513 296) (402 514 148 528 466) (515 297 467 529 530 403)
 (74 404 468 516 528) (517 298 529 532 469 405) (518 530 532 149 406 470)
 (407 519 299 531 533 534 471) (472 37 528 520 408) (521 300 529 473 536 409)
 (474 522 530 150 536 410) (523 301 531 537 538 411 475)
 (476 524 532 536 75 412) (413 525 302 533 537 540 477)
 (526 478 534 151 538 540 414) (527 303 535 479 539 541 542 415)
 (11 480 512 416) (417 481 544 513 304) (418 514 544 482 152)
 (545 546 515 419 305 483) (76 420 484 516 544) (545 548 485 306 517 421)
 (546 548 518 486 153 422) (547 549 487 519 307 423 550) (488 544 38 520 424)
 (545 552 425 521 489 308) (546 552 426 490 522 154)
 (547 491 553 554 523 309 427) (492 524 552 428 548 77)
 (549 553 525 556 493 310 429) (494 550 554 556 526 430 155)
 (551 555 557 558 527 431 311 495) (496 528 544 19 432)
 (545 497 560 433 312 529) (546 530 560 434 498 156)
 (547 435 561 562 531 499 313) (548 436 560 500 532 78)
 (549 533 437 561 564 501 314) (550 562 564 534 502 157 438)
 (439 503 551 563 565 566 535 315) (440 552 536 39 560 504)
 (553 537 561 505 568 441 316) (554 568 506 562 538 442 158)
 (507 555 563 569 570 539 317 443) (508 540 556 564 568 444 79)
 (541 557 565 569 445 572 509 318) (510 558 446 566 570 572 542 159)
 (447 559 319 567 571 573 574 543 511) (320 1) (322 576 160) (576 324 80)
 (161 577 326 578) (576 40 328) (577 330 580 162) (81 578 580 332)
 (581 163 579 334 582) (576 20 336) (577 338 164 584) (82 584 340 578)
 (585 586 579 165 342) (41 584 580 344) (585 346 588 581 166)
 (586 83 348 588 582) (167 583 587 589 590 350) (6 576 384) (577 386 592 168)
 (84 578 388 592) (169 593 579 390 594) (42 592 580 392) (593 394 596 581 170)
 (594 596 396 85 582) (583 171 398 595 597 598) (592 584 21 400)
 (585 402 593 172 600) (586 600 404 86 594) (587 173 595 406 601 602)
 (43 588 596 600 408) (589 174 597 601 410 604) (412 590 598 87 602 604)
 (591 606 175 599 603 605 414) (3 576 448) (577 450 608 176) (578 608 452 88)
 (177 609 579 454 610) (580 44 608 456) (609 458 612 581 178)
 (89 610 460 582 612) (611 613 614 583 462 179) (608 584 22 464)
 (585 466 180 616 609) (90 468 610 616 586) (611 617 618 587 181 470)
 (612 588 45 616 472) (613 617 620 589 182 474) (614 618 620 590 91 476)
 (615 619 621 622 591 183 478) (7 592 608 512) (593 514 624 609 184)
 (92 594 516 624 610) (611 518 625 626 595 185) (612 596 46 624 520)
 (613 522 625 628 597 186) (614 524 626 628 598 93)
 (615 526 627 629 630 599 187) (616 600 624 23 528) (617 625 530 632 601 188)
 (618 626 532 632 602 94) (619 627 534 633 634 603 189)
 (536 620 47 628 632 604) (621 629 633 538 636 605 190)
 (636 622 630 634 540 606 95) (623 638 191 631 635 637 542 607) NIL (640 320)
 (640 192) (641 321 642) (640 96) (322 641 644) (193 644 642) (323 645 646 643)
 (640 48) (641 324 648) (194 642 648) (649 650 325 643) (97 644 648)
 (649 652 645 326) (650 195 652 646) (651 653 327 647 654) (640 24)
 (641 656 328) (196 642 656) (329 657 643 658) (98 644 656) (657 330 660 645)
 (658 660 197 646) (331 661 659 647 662) (49 656 648) (649 657 332 664)
 (650 664 198 658) (665 666 651 333 659) (660 99 652 664) (665 661 668 653 334)
 (666 668 654 199 662) (335 663 667 669 670 655) (640 12) (641 672 336)
 (672 642 200) (337 673 643 674) (100 644 672) (673 338 676 645)
 (201 674 676 646) (339 677 675 647 678) (50 672 648) (649 673 340 680)
 (650 680 674 202) (681 682 651 341 675) (676 652 101 680)
 (681 677 684 653 342) (682 203 684 654 678) (679 683 685 686 343 655)
 (25 672 656) (657 673 688 344) (688 658 204 674) (345 689 659 675 690)
 (676 660 102 688) (689 346 692 661 677) (690 692 205 662 678)
 (679 691 693 694 663 347) (688 51 680 664) (665 681 348 689 696)
 (666 696 690 206 682) (683 691 697 698 667 349) (684 692 668 103 696)
 (685 693 697 700 669 350) (686 207 694 698 700 670)
 (687 671 695 699 701 702 351) (640 8) (641 704 352) (704 642 208)
 (353 705 643 706) (644 704 104) (705 354 708 645) (209 706 708 646)
 (355 709 707 647 710) (52 704 648) (649 705 356 712) (650 706 712 210)
 (713 714 651 357 707) (105 652 708 712) (713 709 716 653 358)
 (714 211 716 654 710) (359 711 715 717 718 655) (26 704 656) (657 705 720 360)
 (658 212 720 706) (361 721 659 707 722) (106 660 708 720)
 (721 362 724 661 709) (722 724 213 662 710) (711 363 723 725 726 663)
 (712 53 720 664) (665 713 364 721 728) (666 722 728 214 714)
 (715 365 723 729 730 667) (107 668 728 716 724) (717 366 725 729 732 669)
 (718 726 215 730 732 670) (719 367 727 731 733 734 671) (13 704 672)
 (673 705 736 368) (674 706 736 216) (369 737 675 707 738) (676 108 708 736)
 (737 370 740 677 709) (217 738 740 678 710) (739 741 679 711 371 742)
 (712 54 736 680) (681 713 372 737 744) (682 714 738 744 218)
 (739 745 746 683 373 715) (684 109 744 716 740) (741 745 685 748 717 374)
 (742 746 748 686 718 219) (743 747 749 750 719 687 375) (27 720 736 688)
 (689 721 752 737 376) (738 690 220 752 722) (739 723 753 754 691 377)
 (692 752 110 724 740) (741 753 756 693 725 378) (742 754 756 694 221 726)
 (695 743 755 757 758 727 379) (728 744 752 55 696) (745 753 729 760 697 380)
 (746 754 760 698 730 222) (747 755 761 762 699 381 731)
 (732 748 111 756 760 700) (701 749 757 761 764 733 382)
 (750 734 758 762 764 702 223) (703 751 383 759 763 765 766 735) (640 4)
 (641 768 384) (768 642 224) (385 769 643 770) (768 644 112) (769 386 772 645)
 (225 770 772 646) (387 773 771 647 774) (768 56 648) (649 769 388 776)
 (770 650 776 226) (777 778 651 389 771) (113 652 772 776)
 (777 773 780 653 390) (778 227 780 654 774) (775 391 779 781 782 655)
 (768 28 656) (657 769 784 392) (658 228 784 770) (393 785 659 771 786)
 (114 660 772 784) (785 394 773 788 661) (786 788 229 662 774)
 (775 395 787 789 790 663) (57 776 784 664) (665 777 785 396 792)
 (786 666 792 230 778) (779 397 787 793 794 667) (115 668 780 788 792)
 (781 398 789 793 796 669) (231 782 790 794 796 670)
 (399 783 791 795 797 798 671) (14 768 672) (673 769 800 400) (770 674 800 232)
 (401 801 675 771 802) (116 676 772 800) (801 402 773 804 677)
 (233 802 804 678 774) (803 805 806 775 403 679) (58 776 800 680)
 (681 777 404 801 808) (778 682 808 802 234) (803 809 810 683 405 779)
 (804 684 117 780 808) (805 809 685 812 781 406) (806 810 235 812 686 782)
 (807 811 813 814 687 783 407) (784 29 800 688) (689 785 801 816 408)
 (690 236 816 802 786) (803 787 817 818 691 409) (804 692 788 118 816)
 (693 805 817 820 789 410) (806 237 818 820 694 790)
 (695 807 819 821 822 791 411) (816 59 792 808 696) (809 817 793 824 697 412)
 (794 810 238 818 824 698) (811 819 825 826 699 413 795)
 (796 812 820 119 824 700) (701 813 821 825 828 797 414)
 (814 239 798 822 826 828 702) (815 799 703 823 827 829 830 415) (9 768 704)
 (705 769 832 416) (770 706 832 240) (417 833 707 771 834) (708 772 832 120)
 (833 418 773 836 709) (241 834 836 710 774) (835 837 711 775 419 838)
 (60 776 832 712) (713 777 420 833 840) (778 714 834 840 242)
 (835 421 841 842 715 779) (121 716 780 836 840) (837 422 841 717 844 781)
 (838 842 844 718 782 243) (423 839 843 845 846 719 783) (832 784 30 720)
 (721 785 848 833 424) (722 834 244 848 786) (835 425 787 849 850 723)
 (122 724 788 836 848) (837 426 849 852 789 725) (838 850 852 245 726 790)
 (727 839 427 851 853 854 791) (792 61 848 840 728) (841 428 849 793 856 729)
 (794 842 850 246 856 730) (843 429 851 857 858 731 795)
 (796 844 852 856 123 732) (733 845 430 853 857 860 797)
 (846 798 854 247 858 860 734) (847 799 431 855 859 861 862 735)
 (15 800 832 736) (737 801 864 833 432) (738 834 864 802 248)
 (865 866 835 739 803 433) (124 740 804 836 864) (865 868 805 837 434 741)
 (866 868 838 806 249 742) (743 867 869 807 839 435 870) (808 864 62 840 744)
 (865 841 872 745 809 436) (866 810 872 746 842 250)
 (867 873 874 843 437 747 811) (812 872 748 868 125 844)
 (869 873 845 876 813 749 438) (870 874 876 846 750 814 251)
 (871 875 877 878 847 751 439 815) (816 848 864 31 752)
 (865 817 880 753 849 440) (866 850 880 754 818 252)
 (867 755 819 881 882 851 441) (868 756 852 880 820 126)
 (869 757 853 881 884 821 442) (870 822 882 884 854 253 758)
 (759 823 871 883 885 886 855 443) (872 856 63 880 824 760)
 (857 873 881 825 888 761 444) (826 874 888 882 858 762 254)
 (875 883 889 890 859 445 763 827) (828 888 876 884 860 764 127)
 (861 877 885 765 889 892 829 446) (878 766 886 890 830 892 862 255)
 (879 767 447 887 831 891 893 894 863) (640 2) (641 896 448) (896 642 256)
 (449 897 643 898) (644 896 128) (897 450 900 645) (257 898 900 646)
 (451 901 899 647 902) (64 896 648) (649 897 452 904) (650 904 898 258)
 (905 906 651 453 899) (129 900 652 904) (905 901 908 653 454)
 (906 259 908 654 902) (455 903 907 909 910 655) (32 896 656) (657 897 912 456)
 (912 658 260 898) (457 913 659 899 914) (900 130 660 912)
 (913 458 916 661 901) (914 916 261 662 902) (903 459 915 917 918 663)
 (65 912 904 664) (665 905 460 913 920) (666 920 914 262 906)
 (907 461 915 921 922 667) (908 916 131 668 920) (909 462 917 921 924 669)
 (263 910 918 922 924 670) (911 463 919 923 925 926 671) (16 896 672)
 (673 897 928 464) (674 928 898 264) (465 929 675 899 930) (900 132 676 928)
 (929 466 932 677 901) (265 930 932 678 902) (931 933 679 903 467 934)
 (928 66 904 680) (681 905 468 936 929) (682 936 906 930 266)
 (931 937 938 683 469 907) (908 932 684 133 936) (933 937 685 940 909 470)
 (934 938 267 940 686 910) (935 939 941 942 911 687 471) (33 928 912 688)
 (689 913 944 929 472) (690 268 930 944 914) (931 915 945 946 691 473)
 (916 932 692 134 944) (933 945 948 693 917 474) (934 269 946 948 694 918)
 (695 935 947 949 950 919 475) (936 67 920 944 696) (937 945 921 952 697 476)
 (938 922 270 946 952 698) (939 947 953 954 699 477 923)
 (700 135 940 948 952 924) (701 941 949 953 956 925 478)
 (942 271 926 950 954 956 702) (703 943 479 951 955 957 958 927) (10 896 704)
 (705 897 960 480) (706 960 898 272) (481 961 707 899 962) (900 960 708 136)
 (961 482 964 709 901) (273 962 964 710 902) (483 965 711 903 963 966)
 (904 960 68 712) (713 905 484 961 968) (714 968 906 962 274)
 (963 485 969 970 715 907) (137 908 964 716 968) (965 486 969 717 972 909)
 (966 970 972 718 910 275) (487 967 971 973 974 911 719) (34 912 960 720)
 (721 913 976 961 488) (722 976 276 962 914) (963 489 915 977 978 723)
 (916 138 964 724 976) (965 490 977 980 725 917) (966 978 980 277 726 918)
 (727 967 491 979 981 982 919) (976 968 920 69 728) (969 492 977 921 984 729)
 (970 922 978 278 984 730) (971 493 979 985 986 731 923)
 (732 139 972 980 984 924) (733 973 494 981 985 988 925)
 (974 926 982 279 986 988 734) (975 735 495 983 987 989 990 927)
 (960 928 17 736) (737 929 992 961 496) (738 992 930 962 280)
 (993 994 739 963 497 931) (140 964 740 932 992) (993 996 965 498 933 741)
 (994 996 742 934 281 966) (743 995 997 935 967 499 998) (992 968 936 70 744)
 (993 1000 745 969 937 500) (994 1000 746 970 938 282)
 (995 1001 1002 747 939 501 971) (996 1000 972 940 141 748)
 (997 1001 941 1004 973 749 502) (942 998 1002 1004 750 974 283)
 (999 1003 1005 1006 943 751 975 503) (976 992 35 944 752)
 (993 945 977 1008 753 504) (994 978 1008 754 284 946)
 (995 979 1009 1010 755 505 947) (996 756 142 1008 948 980)
 (997 757 1009 1012 981 949 506) (998 950 1010 1012 758 285 982)
 (759 951 999 1011 1013 1014 983 507) (1000 952 1008 71 984 760)
 (1001 1009 953 985 1016 761 508) (1002 1016 954 1010 986 762 286)
 (1003 955 1011 1017 1018 763 509 987) (1016 988 1004 143 1012 764 956)
 (957 1005 1013 765 1017 1020 989 510) (958 1006 766 1014 1018 1020 990 287)
 (1007 767 991 1015 1019 1021 1022 959 511) (5 896 768) (769 897 1024 512)
 (770 1024 898 288) (513 1025 771 899 1026) (900 1024 772 144)
 (1025 514 1028 773 901) (289 1026 1028 774 902) (515 1029 1030 903 1027 775)
 (904 1024 72 776) (777 905 1025 516 1032) (1026 778 1032 906 290)
 (1027 517 1033 1034 779 907) (145 908 780 1028 1032)
 (1029 518 1033 781 1036 909) (291 1030 1034 1036 782 910)
 (1031 519 1035 1037 1038 911 783) (912 1024 36 784) (785 913 1025 1040 520)
 (1026 786 292 1040 914) (1027 521 915 1041 1042 787) (916 146 788 1028 1040)
 (1029 522 1041 1044 789 917) (293 1030 1042 1044 790 918)
 (791 1031 523 1043 1045 1046 919) (73 920 1032 1040 792)
 (1033 524 1041 921 1048 793) (294 1034 922 1042 1048 794)
 (1035 525 1043 1049 1050 795 923) (796 1036 147 1044 1048 924)
 (797 1037 526 1045 1049 1052 925) (295 1038 926 1046 1050 1052 798)
 (1039 527 799 1047 1051 1053 1054 927) (1024 928 18 800)
 (801 929 1025 1056 528) (1026 802 1056 930 296) (1057 1058 803 931 529 1027)
 (148 804 1028 932 1056) (1057 1060 1029 530 933 805)
 (1058 1060 1030 297 934 806) (1059 1061 807 935 531 1031 1062)
 (74 936 1032 1056 808) (1057 1064 809 937 1033 532)
 (1058 298 1064 1034 938 810) (1059 1065 1066 811 1035 533 939)
 (1060 1064 940 1036 149 812) (1061 1065 1037 1068 941 534 813)
 (1062 1066 299 1068 1038 814 942) (1063 1067 1069 1070 943 815 535 1039)
 (1056 944 37 1040 816) (1057 945 1041 1072 817 536)
 (1058 818 300 1072 1042 946) (1059 947 1073 1074 819 537 1043)
 (1060 820 1072 948 150 1044) (1061 821 1073 1076 1045 949 538)
 (1062 950 301 1074 1076 1046 822) (823 1063 1047 1075 1077 1078 951 539)
 (824 1064 1048 1072 952 75) (1065 1073 953 1049 1080 825 540)
 (954 1066 1080 302 1074 826 1050) (1067 1051 1075 1081 1082 827 541 955)
 (828 1068 1052 1076 151 1080 956) (1084 1053 1069 1077 1081 829 957 542)
 (958 1070 303 830 1078 1082 1084 1054)
 (1055 1071 543 1079 831 1083 1085 1086 959) (1024 11 960 832)
 (833 961 1025 1088 544) (1026 834 1088 962 304) (545 1089 835 1090 963 1027)
 (964 836 1028 1088 152) (1089 546 1092 965 837 1029)
 (1090 1092 1030 305 966 838) (1091 1093 839 967 547 1031 1094)
 (968 76 1032 1088 840) (1089 548 1096 841 969 1033)
 (1090 1096 1034 970 306 842) (1091 549 1097 1098 843 1035 971)
 (844 1096 972 1036 1092 153) (1093 550 1097 1037 1100 973 845)
 (1094 974 1098 1100 1038 846 307) (551 1095 1099 1101 1102 975 847 1039)
 (1088 976 1040 38 848) (1089 977 1041 552 1104 849)
 (1090 850 1104 1042 308 978) (1091 553 979 1105 1106 851 1043)
 (1092 852 1104 980 154 1044) (1093 554 853 1105 1108 981 1045)
 (1094 1106 1108 309 1046 982 854) (855 1095 555 1047 1107 1109 1110 983)
 (856 1096 1048 1104 984 77) (1097 556 1105 985 1049 1112 857)
 (1098 1112 986 1106 310 858 1050) (1099 557 1051 1107 1113 1114 859 987)
 (860 1100 1052 1108 1112 155 988) (1053 1101 861 558 1109 1113 1116 989)
 (990 1102 862 1110 311 1114 1116 1054)
 (1055 1103 559 1111 863 1115 1117 1118 991) (992 1056 1088 19 864)
 (865 993 1057 1089 560 1120) (866 1058 1090 312 994 1120)
 (1121 1122 1091 867 561 995 1059) (996 868 156 1060 1092 1120)
 (1121 1124 1061 562 869 1093 997) (1122 1124 1062 870 998 313 1094)
 (1123 1125 999 1095 871 563 1063 1126) (872 1064 1000 1096 78 1120)
 (1121 1065 1128 873 1001 564 1097) (1122 1128 874 1002 1066 1098 314)
 (1123 1129 1130 1099 1003 1067 565 875) (876 1128 1004 1068 1100 1124 157)
 (1132 1125 1129 1101 1069 1005 566 877)
 (1126 1006 1130 1132 1070 1102 315 878)
 (1127 1071 1131 1133 1134 1103 1007 567 879) (1072 39 1008 880 1104 1120)
 (1121 1009 1073 1105 1136 881 568) (1122 1074 1106 1136 882 316 1010)
 (1123 883 1137 1138 1107 569 1011 1075) (1124 884 158 1012 1136 1076 1108)
 (1125 885 1137 1140 1077 570 1109 1013)
 (1126 886 1138 1140 1078 1014 317 1110)
 (1015 1127 887 1139 1141 1142 1111 1079 571) (888 1128 1112 1136 1080 1016 79)
 (1129 1137 1017 1081 1113 1144 889 572)
 (1138 1130 1144 1018 1082 1114 890 318)
 (1131 1019 1083 1139 1145 1146 1115 573 891)
 (892 1132 1084 1116 1140 1144 1020 159)
 (1117 1085 1133 574 1141 1145 1148 1021 893)
 (1148 1022 1134 1118 1142 1146 894 1086 319)
 (575 1087 1135 1023 1143 895 1147 1149 1150 1119) (640 1) (641 1152 576)
 (1152 644 160) (577 1153 645 1154) (1152 80 648) (649 578 1153 1156)
 (161 1154 652 1156) (1157 579 653 1155 1158) (1152 40 656) (657 1153 580 1160)
 (162 660 1160 1154) (1161 581 1155 661 1162) (81 1156 1160 664)
 (665 1161 1164 1157 582) (1162 163 668 1164 1158)
 (583 1159 1163 1165 1166 669) (1152 20 672) (673 1153 1168 584)
 (164 676 1168 1154) (585 1169 1155 677 1170) (82 1156 1168 680)
 (681 586 1169 1172 1157) (1170 684 165 1158 1172)
 (1159 587 685 1171 1173 1174) (41 1160 1168 688) (689 1161 1169 588 1176)
 (1162 692 1176 166 1170) (1163 589 1171 693 1177 1178) (83 1164 1172 1176 696)
 (1165 590 1177 1173 697 1180) (1180 167 1166 1174 1178 700)
 (701 1167 591 1175 1179 1181 1182) (6 1152 768) (769 1153 1184 592)
 (1154 772 1184 168) (593 1185 1155 773 1186) (84 1156 1184 776)
 (777 594 1185 1157 1188) (169 1186 780 1158 1188)
 (1187 1189 1190 1159 781 595) (42 1160 1184 784) (785 1161 596 1185 1192)
 (170 788 1186 1192 1162) (1187 1193 1194 1163 597 789) (1192 1164 85 1188 792)
 (1189 1193 1196 1165 598 793) (1190 1194 171 1196 1166 796)
 (1191 1195 1197 1198 1167 599 797) (1168 21 1184 800) (801 1169 1185 1200 600)
 (172 804 1186 1200 1170) (1187 805 1201 1202 1171 601) (1188 1200 1172 86 808)
 (1189 809 1201 1204 1173 602) (1190 812 173 1202 1204 1174)
 (1191 813 1203 1205 1206 1175 603) (1200 43 1176 1192 816)
 (1201 1193 817 1208 1177 604) (1194 174 1202 820 1208 1178)
 (1195 1203 821 1209 1210 1179 605) (824 1196 1204 87 1208 1180)
 (1197 1209 1205 825 1212 1181 606) (1212 1198 175 1206 1210 828 1182)
 (1213 1199 607 1207 1211 829 1214 1183) (3 1152 896) (897 1153 1216 608)
 (1154 900 1216 176) (609 1217 1155 901 1218) (88 1156 1216 904)
 (905 610 1220 1157 1217) (177 1218 908 1158 1220)
 (611 1221 1222 1159 909 1219) (44 1160 1216 912) (913 1161 612 1217 1224)
 (178 1218 916 1224 1162) (1219 613 1225 1226 1163 917) (89 1224 1164 1220 920)
 (1221 614 1225 1228 1165 921) (1222 1226 1228 1166 179 924)
 (615 1223 1227 1229 1230 1167 925) (1216 1168 22 928) (929 1169 1232 1217 616)
 (180 1218 932 1232 1170) (1219 933 617 1233 1234 1171) (1232 90 1172 1220 936)
 (1221 937 618 1233 1236 1173) (1222 940 1234 1236 181 1174)
 (1223 619 941 1235 1237 1238 1175) (1232 1176 45 1224 944)
 (1233 1225 620 945 1240 1177) (1226 1234 948 182 1240 1178)
 (1227 621 1235 949 1241 1242 1179) (1228 952 1236 1240 91 1180)
 (1229 622 1241 1237 953 1244 1181) (1244 1230 1238 183 1242 956 1182)
 (1245 1231 623 1239 1243 957 1246 1183) (7 1184 1216 1024)
 (1025 1185 1248 1217 624) (1186 1218 1028 1248 184)
 (1249 1250 1187 1029 1219 625) (1248 92 1188 1220 1032)
 (1249 1252 1189 1033 626 1221) (1250 1252 1190 1036 185 1222)
 (1251 1253 1191 1223 1037 627 1254) (1248 1192 46 1224 1040)
 (1249 1256 1193 1041 1225 628) (1250 1256 1226 1044 1194 186)
 (1251 1257 1258 1195 629 1045 1227) (1252 1256 1196 1228 1048 93)
 (1253 1257 1197 1260 1229 630 1049) (1254 1258 1260 1198 1230 187 1052)
 (1255 1259 1261 1262 1231 1199 631 1053) (1232 1248 1200 23 1056)
 (1057 1233 1249 1264 1201 632) (1250 1060 1202 1264 1234 188)
 (1251 1061 1235 1265 1266 1203 633) (1252 1236 1064 1264 1204 94)
 (1253 1065 1265 1268 1205 1237 634) (1254 1068 1266 1268 1206 189 1238)
 (1207 1255 1069 1267 1269 1270 1239 635) (1256 1208 47 1264 1240 1072)
 (1265 1257 1073 1241 1272 1209 636) (1258 1272 1266 1076 1242 1210 190)
 (1259 1267 1077 1273 1274 1211 637 1243) (1212 1260 1268 1080 1244 95 1272)
 (1213 1261 1273 1269 1081 1276 1245 638)
 (1276 1262 1246 1270 1274 1084 1214 191)
 (1277 639 1263 1215 1271 1275 1085 1278 1247))