(NIL NIL NIL (3 2) NIL (5 3) (5 2) (4 6 7) NIL (9 5) (9 3) (6 10 11) (9 2)
 (10 7 13) (4 11 13) (14 15 8 12) NIL (17 5) (17 3) (6 18 19) (17 2) (21 18 7)
 (21 4 19) (20 22 23 8) NIL (25 17) (25 9) (25 5) (26 18 28) (27 10 28) (25 3)
 (31 26 19) (31 27 11) (31 6 28) (20 32 34 29) (30 33 34 12) (25 2) (26 21 37)
 (27 37 13) (7 28 37) (38 40 22 29) (30 14 40 39) (31 4 37) (38 32 23 43)
 (15 33 43 39) (40 34 43 8) (46 44 41 35 24) (46 16 42 36 45) NIL (25 49)
 (17 49) (50 26 51) (5 49) (50 28 53) (53 51 18) (54 55 52 29) (3 49)
 (50 57 31) (51 57 19) (58 59 32 52) (53 6 57) (58 54 61 34) (20 59 55 61)
 (62 60 56 35 63) (2 49) (50 65 37) (51 65 21) (38 66 52 67) (53 65 7)
 (54 66 40 69) (55 22 67 69) (70 71 41 56 68) (65 4 57) (58 73 66 43)
 (59 73 23 67) (60 74 68 44 75) (61 73 8 69) (46 70 62 74 77) (71 77 63 24 75)
 (78 79 64 47 72 76) (49 1) NIL (82 49) (25 82) (50 84 83) (82 17) (51 86 83)
 (84 26 86) (85 52 87 88) (82 5) (53 90 83) (84 90 28) (54 85 91 92) (90 86 18)
 (94 55 91 87) (92 94 29 88) (89 93 95 96 56) (82 3) (57 98 83) (31 84 98)
 (58 99 85 100) (98 86 19) (99 59 102 87) (100 32 102 88) (89 60 103 101 104)
 (6 90 98) (99 61 91 106) (100 106 34 92) (93 107 101 62 108) (20 94 102 106)
 (107 95 110 103 63) (108 96 35 110 104) (64 105 109 111 112 97) (82 2)
 (114 65 83) (84 114 37) (115 85 66 116) (114 21 86) (115 67 87 118)
 (38 118 116 88) (89 119 117 68 120) (114 90 7) (122 115 91 69) (40 122 116 92)
 (93 70 123 124 117) (94 122 22 118) (119 71 95 123 126) (126 120 96 124 41)
 (121 125 127 128 97 72) (114 4 98) (99 130 73 115) (100 130 43 116)
 (131 101 74 132 117) (130 102 23 118) (119 131 103 75 134)
 (120 134 104 44 132) (121 105 133 135 136 76) (130 122 8 106)
 (107 131 138 123 77) (46 108 138 124 132) (78 125 109 133 139 140)
 (134 138 110 24 126) (79 127 111 135 139 142) (128 47 112 136 140 142)
 (143 144 80 129 113 137 141) (82 1) (81 146 83) NIL (82 148) (148 49)
 (150 149 83) (25 148) (149 152 84) (150 50 152) (151 85 153 154) (17 148)
 (156 149 86) (150 156 51) (151 157 158 87) (156 26 152) (157 160 153 88)
 (158 52 160 154) (89 162 159 161 155) (9 148) (27 164 152) (5 148)
 (149 90 166) (150 53 166) (151 167 91 168) (152 166 28) (170 153 167 92)
 (170 54 154 168) (93 169 171 172 155) (156 18 166) (94 157 174 167)
 (55 158 174 168) (169 95 159 175 176) (170 174 160 29) (178 171 96 175 161)
 (176 178 172 56 162) (163 177 179 180 97 173) (164 10 166) (30 170 165 182)
 (2 148) (184 149 114) (150 184 65) (151 115 186 185) (184 152 37)
 (188 185 153 116) (66 186 154 188) (189 190 187 117 155) (156 21 184)
 (157 192 185 118) (192 158 67 186) (119 193 159 194 187) (38 192 160 188)
 (189 120 193 161 196) (190 196 194 68 162) (163 121 195 197 198 191)
 (184 164 13) (39 200 165 188) (184 166 7) (122 185 202 167) (202 69 186 168)
 (169 123 203 187 204) (170 40 202 188) (189 206 171 124 203)
 (70 190 172 206 204) (191 125 205 207 208 173) (192 22 174 202)
 (210 193 203 175 126) (71 210 204 194 176) (177 195 127 205 211 212)
 (178 210 41 206 196) (214 179 197 128 207 211) (214 180 198 72 208 212)
 (213 215 216 181 199 129 209) (14 200 182 202) (201 42 218 183 206) NIL
 (220 148) (82 220) (149 222 221) (220 49) (150 224 221) (224 222 83)
 (151 225 223 226) (25 220) (228 152 221) (228 84 222) (229 230 223 153)
 (228 50 224) (229 225 232 154) (232 230 85 226) (233 231 227 234 155) (17 220)
 (156 221 236) (236 222 86) (157 238 223 237) (236 224 51) (158 237 225 240)
 (238 226 240 87) (239 159 227 241 242) (228 236 26) (229 237 160 244)
 (244 230 238 88) (246 245 231 239 161) (52 232 240 244) (245 248 233 241 162)
 (89 246 248 234 242) (163 235 243 247 249 250) (9 220) (164 252 221)
 (228 27 252) (229 165 253 254) (5 220) (166 221 256) (222 90 256)
 (257 258 223 167) (53 224 256) (257 225 260 168) (258 260 226 91)
 (169 259 261 227 262) (228 28 256) (257 229 264 170) (258 230 264 92)
 (265 266 171 231 259) (54 260 232 264) (265 268 172 261 233)
 (93 266 268 262 234) (235 263 267 269 270 173) (236 18 256) (257 237 174 272)
 (94 238 272 258) (273 274 259 239 175) (55 260 240 272) (273 276 261 241 176)
 (274 95 276 262 242) (177 243 263 275 277 278) (244 264 272 29)
 (265 178 245 273 280) (96 266 246 280 274) (281 282 179 247 267 275)
 (276 268 56 248 280) (281 180 249 284 269 277) (282 284 250 97 270 278)
 (283 285 286 251 271 181 279) (10 252 256) (257 182 253 288) (30 264 288 254)
 (255 265 289 183 290) (220 2) (184 221 292) (114 222 292) (293 185 223 294)
 (224 65 292) (293 296 225 186) (115 296 226 294) (295 297 227 187 298)
 (228 292 37) (293 229 300 188) (294 230 116 300) (189 301 295 231 302)
 (66 296 232 300) (301 190 304 297 233) (302 304 117 234 298)
 (235 191 299 303 305 306) (236 21 292) (293 237 192 308) (294 308 238 118)
 (309 193 295 239 310) (308 296 240 67) (309 312 297 194 241)
 (119 310 312 298 242) (243 299 195 311 313 314) (38 244 308 300)
 (301 309 245 316 196) (120 316 246 310 302) (317 318 247 197 303 311)
 (312 304 248 68 316) (317 320 249 198 305 313) (318 320 121 250 306 314)
 (319 321 322 251 199 307 315) (292 252 13) (293 200 253 324) (324 39 300 254)
 (255 301 201 325 326) (292 7 256) (257 293 328 202) (328 258 122 294)
 (259 329 295 203 330) (328 296 260 69) (297 332 261 329 204)
 (330 332 123 262 298) (263 331 333 334 299 205) (328 40 300 264)
 (265 206 336 329 301) (266 336 330 124 302) (303 331 267 337 338 207)
 (70 336 304 268 332) (337 333 305 340 269 208) (306 125 334 338 340 270)
 (307 335 339 341 342 209 271) (328 308 22 272) (273 309 344 329 210)
 (274 344 330 310 126) (331 346 275 345 311 211) (344 71 312 276 332)
 (277 333 345 212 313 348) (278 127 334 314 346 348)
 (213 349 350 279 335 315 347) (336 344 316 41 280) (281 214 352 317 337 345)
 (282 352 318 128 338 346) (283 353 354 215 319 339 347)
 (320 352 284 340 72 348) (349 216 321 356 353 341 285)
 (350 286 322 356 129 342 354) (351 217 323 355 357 358 343 287)
 (14 328 324 288) (289 325 360 329 218) (290 336 42 360 326)
 (219 291 361 362 337 327) NIL (364 82) (364 49) (365 366 83) (25 364)
 (368 84 365) (368 50 366) (369 370 85 367) (364 17) (372 365 86) (372 51 366)
 (373 374 87 367) (368 372 26) (369 373 376 88) (370 374 52 376)
 (89 371 375 377 378) (364 9) (368 380 27) (364 2) (114 365 382) (65 366 382)
 (383 384 115 367) (368 382 37) (383 369 386 116) (384 370 386 66)
 (385 371 387 388 117) (372 21 382) (383 373 390 118) (384 374 67 390)
 (119 391 385 375 392) (38 386 376 390) (391 120 394 387 377)
 (392 394 388 68 378) (121 389 379 393 395 396) (380 382 13) (39 381 386 398)
 (364 1) (146 400 365) (81 400 366) (147 401 402 367) NIL (404 364) (404 220)
 (404 148) (406 221 407) (404 25) (368 405 409) (228 409 406) (409 152 407)
 (408 229 411 412) (404 5) (414 406 256) (414 166 407) (408 257 415 416)
 (414 409 28) (418 415 411 264) (170 418 416 412) (413 265 419 417 420) (404 3)
 (31 409 422) (414 6 422) (423 424 34 418) (404 2) (426 405 382) (426 406 292)
 (426 184 407) (408 293 428 429) (426 409 37) (427 386 410 431)
 (428 431 411 300) (188 429 431 412) (413 301 433 430 434) (426 414 7)
 (436 328 415 428) (436 429 416 202) (437 329 430 417 438) (40 436 431 418)
 (419 433 336 437 440) (420 440 438 434 206) (435 439 441 442 421 337)
 (426 4 422) (423 444 43 431) (424 436 444 8) (46 425 445 446 440))