(NIL NIL (1 2) NIL (4 2) (4 1) (5 3 6) NIL (8 4) (8 2) (5 10 9) NIL (8 12)
 (4 12) (9 13 14) (2 12) (10 16 13) (5 16 14) (15 11 17 18) NIL (12 20) (8 20)
 (21 13 22) (4 20) (21 24 14) (24 9 22) (23 15 25 26) (1 20) (24 28 6) NIL
 (30 20) (30 8) (31 32 22) (30 2) (32 34 10) (30 1) (31 28 36) (3 36 34) NIL
 (30 39) (39 20) (31 41 40) (39 8) (32 40 43) (41 43 22) (42 44 33 45) (39 4)
 (41 47 24) (43 47 9) (26 45 48 49) (39 2) (51 40 34) (10 43 51) (35 52 53 44)
 (5 51 47) (11 53 55 49) NIL (30 57) (20 57) (31 59 58) (8 57) (32 58 61)
 (61 59 22) (62 63 33 60) (2 57) (58 65 34) (10 65 61) (62 35 66 67) NIL
 (30 69) (69 20) (31 70 71) (69 2) (73 70 34) NIL (39 75) (75 20) (41 76 77)
 (75 12) (21 79 77) (75 8) (81 43 76) (81 22 77) (78 82 45 83) (79 81 13)
 (23 80 83 85) (75 2) (51 76 87) (79 16 87) (10 81 87) (90 53 82 88)
 (90 89 17 85) NIL (93 57) (93 39) (93 30) (94 58 96) (40 95 96) (93 20)
 (94 99 59) (41 95 99) (31 99 96) (102 100 60 97) (42 101 102 98) (93 8)
 (94 105 61) (105 43 95) (32 96 105) (62 106 108 97) (108 107 44 98)
 (99 105 22) (63 100 106 111) (107 101 45 111) (108 33 102 111)
 (112 64 114 103 109) (113 114 110 46 104) (93 2) (94 117 65) (51 117 95)
 (117 96 34) (66 118 120 97) (52 119 120 98) (105 117 10) (67 106 118 123)
 (123 107 53 119) (35 123 108 120) (68 126 109 124 121) (122 126 125 54 110)
 (93 1) (129 96 36) (129 99 28) (130 131 102 37) (3 129 117) (130 133 120 38)
 NIL (135 93) (135 75) (135 69) (135 57) (94 139 136) (135 39) (136 95 141)
 (76 137 141) (135 30) (144 136 96) (144 70 138) (144 139 58) (145 140 147 97)
 (144 40 141) (145 98 149 142) (135 12) (79 151 137) (135 8) (105 136 153)
 (81 137 153) (139 153 61) (156 140 106 154) (43 153 141) (158 107 154 142)
 (143 158 82 155) (144 32 153) (145 108 161 154) (62 156 147 161)
 (157 148 109 162 163) (158 44 149 161) (165 159 162 110 150) (151 153 13)
 (167 155 152 85) (135 4) (169 47 141) (169 151 14) (169 153 9)
 (158 172 170 49) (15 171 167 172) (135 2) (136 117 175) (137 87 175)
 (73 138 175) (139 175 65) (176 140 179 118) (51 141 175) (176 181 119 142)
 (143 177 181 88) (144 175 34) (176 145 184 120) (184 146 74 178)
 (66 184 147 179) (180 187 148 185 121) (184 52 149 181) (122 185 182 150 189)
 (16 151 175) (177 191 152 89) (10 153 175) (176 123 154 193) (90 177 193 155)
 (156 67 179 193) (157 124 196 180 194) (193 158 53 181) (194 159 125 198 182)
 (91 195 160 198 183) (35 184 161 193) (185 194 126 162 201)
 (201 68 187 196 163) (164 188 197 202 203 127) (165 54 189 198 201)
 (166 190 199 202 205 128) (193 167 17 191) (192 92 195 168 207) (5 169 175)
 (209 170 55 181) (209 171 18 191) (193 11 172 209) (210 212 173 56 198)
 (211 212 19 174 207) (135 1) (129 136 215) (144 36 215) (217 145 216 130)
 (169 215 6) (3 215 175) (176 220 133 216) (184 217 220 38)
 (185 222 221 134 218) (209 7 220 219))