(NIL NIL (1 2) NIL (2 4) (1 4) (5 3 6) NIL (4 8) (1 8) (9 6 10) NIL (8 12)
 (4 12) (13 9 14) (2 12) (5 14 16) (1 12) (13 10 18) (14 18 6) (15 11 19 20)
 (3 16 18) (22 17 7 20) NIL (12 24) (8 24) (25 13 26) (4 24) (25 14 28)
 (9 26 28) (27 29 15 30) (2 24) (25 16 32) (5 28 32) (33 17 29 34) NIL (12 36)
 (4 36) (37 38 14) NIL (36 40) (12 40) (41 37 42) (8 40) (13 42 44) (4 40)
 (41 46 38) (14 42 46) (39 47 43 48) (9 46 44) (15 48 45 50) NIL (52 40)
 (52 24) (52 12) (53 42 55) (54 25 55) (52 8) (53 44 58) (54 26 58) (13 55 58)
 (61 45 56 59) (61 27 57 60) (52 4) (53 46 64) (54 28 64) (14 55 64)
 (65 67 48 56) (66 67 29 57) (9 58 64) (65 50 59 70) (66 70 30 60)
 (61 15 67 70) (73 62 68 71 51) (73 63 69 31 72) (52 2) (54 32 76) (16 55 76)
 (77 78 33 57) (5 76 64) (77 66 80 34) (78 67 80 17) (81 79 69 82 35) (52 1)
 (84 55 18) (84 10 58) (61 85 86 19) (6 84 64) (67 88 85 20) (88 11 70 86)
 (73 21 90 87 89) (3 84 76) (78 92 85 22) (92 7 80 88) (89 23 93 82 94) NIL
 (52 96) (40 96) (53 98 97) (24 96) (54 100 97) (12 96) (55 97 102) (98 42 102)
 (103 104 99 56) (25 100 102) (103 101 106 57) (4 96) (108 97 64) (98 108 46)
 (65 99 109 110) (100 28 108) (66 101 109 112) (14 108 102) (103 114 67 109)
 (104 48 110 114) (116 105 68 115 111) (114 106 29 112) (113 69 115 107 118)
 (2 96) (120 97 76) (100 32 120) (77 121 101 122) (16 120 102) (103 78 124 121)
 (122 106 33 124) (125 79 107 123 126) (5 108 120) (121 80 109 128)
 (122 128 34 112) (113 129 123 81 130) (114 17 124 128) (129 115 132 125 82)
 (130 132 118 35 126) (119 83 127 131 133 134) (1 96) (84 97 136) (136 18 102)
 (103 137 85 138) (6 108 136) (137 140 109 88) (114 140 138 20)
 (89 115 141 139 142) (3 136 120) (121 137 92 144) (22 144 124 138)
 (145 93 139 125 146) (144 7 140 128) (129 145 148 141 94) (148 146 23 132 142)
 (147 149 150 95 133 143) NIL (152 96) (52 152) (153 97 154) (152 40)
 (153 98 156) (53 156 154) (99 157 158 155) (152 24) (153 100 160) (54 160 154)
 (101 161 162 155) (152 12) (153 164 102) (55 154 164) (103 165 155 166)
 (42 156 164) (104 157 165 168) (168 166 158 56) (167 105 170 169 159)
 (25 160 164) (106 161 172 165) (172 162 57 166) (167 107 173 163 174) (152 8)
 (176 154 58) (156 44 176) (177 158 59 178) (26 160 176) (180 177 162 60)
 (13 176 164) (61 182 177 166) (168 45 178 182) (62 183 170 184 179)
 (182 27 172 180) (181 186 63 183 174) (152 4) (153 108 188) (188 154 64)
 (189 190 109 155) (46 156 188) (189 192 157 110) (65 190 192 158)
 (191 193 111 159 194) (188 160 28) (189 196 161 112) (66 196 162 190)
 (113 197 191 163 198) (14 164 188) (189 114 200 165) (190 67 200 166)
 (167 115 201 191 202) (192 168 48 200) (201 169 116 193 204)
 (204 170 202 194 68) (117 195 203 205 206 171) (200 29 172 196)
 (197 208 201 118 173) (198 208 69 202 174) (175 119 199 203 209 210)
 (9 176 188) (190 177 70 212) (212 192 178 50) (213 214 71 179 194)
 (212 196 30 180) (181 198 216 213 72) (182 15 200 212) (73 213 183 202 218)
 (214 184 218 51 204) (215 185 219 220 206 74) (216 208 186 31 218)
 (217 187 219 222 75 210) (152 2) (153 224 120) (224 154 76) (121 225 155 226)
 (160 32 224) (225 122 228 161) (77 226 228 162) (123 229 227 163 230)
 (16 164 224) (225 124 165 232) (78 226 232 166) (167 233 227 125 234)
 (228 33 172 232) (233 236 229 126 173) (234 79 236 230 174)
 (175 231 235 237 238 127) (5 224 188) (189 225 240 128) (190 80 240 226)
 (129 241 191 227 242) (228 240 34 196) (197 130 244 229 241)
 (198 244 81 230 242) (231 199 243 245 246 131) (17 200 240 232)
 (233 241 132 201 248) (234 242 248 202 82) (235 243 203 249 250 133)
 (208 244 248 35 236) (237 245 249 252 209 134) (238 83 246 250 252 210)
 (239 211 247 251 253 254 135) (152 1) (153 256 136) (84 154 256)
 (137 257 155 258) (256 164 18) (257 138 260 165) (258 260 85 166)
 (167 139 261 259 262) (10 176 256) (258 177 86 264) (182 260 19 264)
 (265 266 183 262 87) (6 256 188) (189 257 140 268) (190 268 258 88)
 (269 191 141 259 270) (260 268 200 20) (261 201 142 269 272)
 (89 272 270 202 262) (203 263 271 273 274 143) (268 264 11 212)
 (213 90 276 270 265) (21 266 276 218 272) (219 267 91 274 277 278) (3 256 224)
 (225 257 280 144) (280 226 92 258) (145 281 227 259 282) (280 22 260 232)
 (233 146 281 284 261) (234 284 93 262 282) (147 285 286 235 283 263)
 (280 7 268 240) (241 281 148 269 288) (282 242 288 94 270)
 (283 149 289 290 243 271) (23 272 284 288 248) (285 150 289 292 273 249)
 (286 290 292 95 274 250) (287 151 291 293 294 251 275) NIL (296 152) (296 52)
 (297 154 298) (296 40) (156 297 300) (53 300 298) (299 301 158 302) (296 36)
 (41 304 300) (296 12) (306 297 164) (306 55 298) (299 307 308 166)
 (306 42 300) (301 168 307 310) (302 308 56 310) (303 170 309 311 312)
 (304 306 37) (314 305 43 310) (296 8) (176 297 316) (316 58 298)
 (299 317 177 318) (44 316 300) (301 317 320 178) (302 320 59 318)
 (303 321 319 179 322) (13 306 316) (317 182 307 324) (61 318 308 324)
 (325 326 183 309 319) (320 45 310 324) (325 184 321 328 311)
 (62 328 322 326 312) (185 313 323 327 329 330) (296 4) (332 297 188)
 (332 64 298) (299 190 333 334) (46 332 300) (301 192 333 336) (65 302 334 336)
 (337 338 303 194 335) (304 332 38) (305 340 47 336) (306 332 14)
 (307 200 333 342) (67 308 334 342) (343 309 202 335 344) (342 48 310 336)
 (337 346 343 311 204) (338 68 346 344 312) (313 339 345 206 347 348)
 (39 314 340 342) (341 315 49 350 346) (9 332 316) (317 352 333 212)
 (318 352 70 334) (213 353 319 335 354) (352 320 50 336) (337 214 356 321 353)
 (338 356 322 71 354) (215 357 358 355 323 339) (15 352 342 324)
 (325 353 218 343 360) (73 326 360 354 344) (355 219 361 362 327 345)
 (346 356 328 51 360) (357 220 361 364 329 347) (358 362 364 330 74 348)
 (359 221 363 365 366 331 349) NIL (368 296) (368 152) (369 297 370) (368 96)
 (153 372 370) (368 52) (374 369 298) (374 370 154) (299 375 376 371)
 (372 97 374) (373 376 378 155) (368 40) (369 380 300) (380 156 370)
 (301 381 382 371) (372 380 98) (373 157 382 384) (53 374 380)
 (302 375 381 386) (386 376 158 382) (303 388 377 387 383) (386 99 378 384)
 (385 388 159 379 390) (368 36) (304 369 392) (41 392 380) (393 305 381 394)
 (368 24) (160 370 396) (372 396 100) (397 398 373 161) (54 374 396)
 (397 400 376 162) (398 101 400 378) (399 401 163 379 402) (368 12)
 (306 369 404) (404 370 164) (307 405 406 371) (372 404 102) (373 406 165 408)
 (374 404 55) (410 375 308 405) (410 376 406 166) (309 411 412 377 407)
 (103 410 378 408) (167 409 412 414 379) (404 42 380) (405 381 310 416)
 (168 416 382 406) (417 418 407 311 383) (416 104 408 384)
 (385 409 169 420 418) (386 416 56 410) (417 387 422 411 312)
 (412 418 170 388 422) (313 389 413 419 423 424) (105 420 422 390 414)
 (426 171 391 415 421 424) (404 37 392) (314 428 393 405) (43 428 394 416)
 (417 315 429 430 395) (25 404 396) (397 432 172 406) (398 106 432 408)
 (409 433 399 173 434) (410 400 57 432) (433 412 401 436 174)
 (434 436 107 402 414) (175 403 435 437 438 415) (368 8) (369 440 316)
 (176 370 440) (317 441 371 442) (374 58 440) (441 318 375 444)
 (442 376 177 444) (445 319 377 443 446) (380 44 440) (441 320 381 448)
 (442 448 382 178) (449 450 443 321 383) (386 444 59 448) (449 387 452 445 322)
 (450 388 446 179 452) (451 453 454 389 323 447) (26 440 396) (397 442 456 180)
 (400 444 456 60) (181 457 401 446 458) (13 404 440) (441 460 405 324)
 (182 460 406 442) (325 443 461 462 407) (61 410 444 460) (326 411 445 461 464)
 (183 412 446 464 462) (463 465 466 327 413 447) (448 45 460 416)
 (417 449 328 461 468) (418 184 462 468 450) (451 463 469 470 329 419)
 (62 452 422 468 464) (453 465 469 330 472 423) (185 454 466 470 472 424)
 (425 331 455 467 471 473 474) (27 456 460 432) (433 457 476 186 462)
 (458 63 436 476 464) (187 459 437 466 477 478) (368 4) (369 332 480)
 (480 370 188) (481 482 333 371) (372 108 480) (189 482 373 484) (374 480 64)
 (481 375 334 486) (190 376 486 482) (483 377 487 335 488) (484 109 378 486)
 (490 191 485 379 488) (46 380 480) (481 492 381 336) (482 492 192 382)
 (337 483 493 494 383) (492 484 110 384) (385 485 193 494 496) (65 386 492 486)
 (338 387 493 487 498) (498 388 194 494 488) (499 500 389 339 489 495)
 (490 498 390 111 496) (497 500 502 195 391 491) (480 392 38) (481 340 393 504)
 (47 492 394 504) (505 493 341 395 506) (480 28 396) (397 482 508 196)
 (508 398 484 112) (197 509 399 485 510) (508 66 400 486) (198 512 401 509 488)
 (113 490 512 402 510) (403 511 513 514 199 491) (14 404 480) (481 516 405 342)
 (516 482 200 406) (483 517 343 407 518) (516 114 484 408)
 (409 485 201 518 520) (410 67 516 486) (522 411 517 487 344)
 (522 412 518 202 488) (489 413 519 345 523 524) (490 115 522 414 520)
 (415 203 521 491 524 526) (516 492 48 416) (417 346 493 517 528)
 (418 528 518 494 204) (529 530 519 419 347 495) (116 520 420 528 496)
 (497 530 532 521 205 421) (528 498 68 422 522) (529 499 534 523 348 423)
 (530 500 534 206 524 424) (425 531 501 535 536 525 349)
 (426 532 117 534 526 502) (427 533 503 536 538 207 527) (39 516 428 504)
 (505 517 540 429 350) (506 540 49 430 528) (529 431 507 541 542 351)
 (516 508 29 432) (433 208 509 518 544) (434 520 544 118 510)
 (435 511 545 546 521 209) (522 436 69 544 512) (545 437 513 548 524 210)
 (119 514 438 546 548 526) (547 439 515 549 211 527 550) (9 480 440)
 (441 481 552 352) (442 552 482 212) (353 553 443 483 554) (444 552 70 486)
 (553 354 556 445 487) (213 554 556 446 488) (355 489 555 557 558 447)
 (492 552 50 448) (449 553 356 493 560) (554 450 560 494 214)
 (561 562 451 357 555 495) (498 452 556 71 560) (561 499 564 453 358 557)
 (562 215 564 454 500 558) (563 565 455 359 501 559 566) (508 552 30 456)
 (457 554 216 509 568) (458 512 556 568 72) (217 569 570 459 513 558)
 (516 15 460 552) (553 517 572 461 360) (554 572 518 462 218)
 (361 573 574 463 519 555) (73 522 556 572 464) (362 573 576 465 523 557)
 (219 574 576 466 524 558) (363 575 577 578 467 525 559) (468 560 572 51 528)
 (529 561 364 573 580 469) (530 562 220 574 580 470)
 (531 365 563 575 581 582 471) (564 534 576 580 472 74)
 (565 535 366 577 581 584 473) (566 536 221 578 582 584 474)
 (567 537 367 579 583 585 586 475) (572 476 568 31 544)
 (569 222 574 545 588 477) (570 576 548 75 588 478)
 (223 590 578 549 589 571 479) (368 2) (592 370 224) (372 592 120)
 (225 593 373 594) (374 592 76) (593 226 376 596) (121 594 596 378)
 (227 597 595 379 598) (32 592 396) (397 593 228 600) (398 600 594 122)
 (601 602 399 229 595) (77 596 400 600) (601 597 604 401 230)
 (602 123 604 402 598) (231 599 603 605 606 403) (16 404 592) (593 608 406 232)
 (608 594 124 408) (409 233 595 609 610) (608 410 596 78) (609 234 412 597 612)
 (610 612 125 414 598) (599 235 611 613 614 415) (608 600 33 432)
 (433 601 236 609 616) (434 616 610 126 602) (435 237 611 617 618 603)
 (604 612 79 436 616) (437 605 238 613 617 620) (438 606 614 127 618 620)
 (439 607 239 615 619 621 622) (5 592 480) (593 482 624 240) (624 594 484 128)
 (241 625 595 485 626) (596 80 486 624) (625 242 628 597 488)
 (129 490 628 598 626) (627 629 630 599 243 491) (624 508 34 600)
 (601 625 244 509 632) (130 626 632 510 602) (627 633 634 603 511 245)
 (628 604 81 632 512) (629 633 636 605 513 246) (630 634 636 606 514 131)
 (631 635 637 638 607 515 247) (624 17 516 608) (609 625 640 518 248)
 (610 132 626 640 520) (627 642 641 249 611 521) (522 612 82 628 640)
 (629 641 644 613 250 524) (630 642 644 614 133 526)
 (631 643 645 646 615 251 527) (632 616 640 35 544) (641 633 545 648 617 252)
 (642 634 546 648 618 134) (635 547 643 649 650 619 253)
 (636 83 644 548 648 620) (637 645 649 549 652 621 254)
 (638 646 650 652 622 135 550) (551 639 255 647 651 653 654 623) (368 1)
 (656 370 256) (372 656 136) (257 657 373 658) (374 84 656) (657 258 376 660)
 (137 658 660 378) (259 661 659 379 662) (404 18 656) (657 260 406 664)
 (658 138 664 408) (409 665 659 261 666) (410 660 85 664) (665 668 412 661 262)
 (666 139 668 414 662) (663 263 415 667 669 670) (10 656 440) (657 442 672 264)
 (444 660 86 672) (265 673 661 446 674) (460 672 19 664) (665 266 676 673 462)
 (674 668 676 87 464) (675 677 678 466 267 669) (6 656 480) (657 482 268 680)
 (658 140 484 680) (681 269 659 485 682) (680 660 486 88) (681 684 661 270 488)
 (490 684 141 662 682) (271 683 685 686 663 491) (516 664 680 20)
 (665 681 688 518 272) (666 688 142 682 520) (690 683 689 273 521 667)
 (89 522 668 684 688) (685 689 692 274 524 669) (686 670 690 692 526 143)
 (687 691 693 527 275 671 694) (672 11 680 552) (673 554 276 681 696)
 (90 696 556 684 674) (675 685 697 698 277 558) (21 696 572 676 688)
 (677 574 689 697 700 278) (678 576 91 692 698 700)
 (679 578 693 699 701 702 279) (3 656 592) (593 657 704 280) (658 594 704 144)
 (281 705 595 659 706) (92 596 660 704) (705 282 661 708 597)
 (145 706 708 598 662) (707 709 710 599 283 663) (22 664 704 608)
 (609 665 284 705 712) (666 610 706 712 146) (707 285 713 714 611 667)
 (612 93 668 708 712) (709 286 713 716 613 669) (147 710 714 716 614 670)
 (287 711 715 717 718 615 671) (7 680 704 624) (625 681 720 705 288)
 (626 706 148 720 682) (707 289 683 627 721 722) (684 628 94 708 720)
 (629 290 685 721 724 709) (149 710 686 722 724 630)
 (631 711 291 687 723 725 726) (23 688 720 712 640) (689 713 292 641 728 721)
 (150 722 714 642 728 690) (715 293 643 723 691 729 730)
 (95 716 644 692 724 728) (717 294 645 693 729 725 732)
 (151 718 694 726 730 732 646) (647 719 695 295 727 731 733 734))