(NIL NIL (1 2) NIL (4 2) (1 4) (3 6 5) NIL (4 8) (1 8) (6 10 9) NIL (12 8)
 (12 4) (14 9 13) NIL (16 12) (16 8) (18 17 13) (16 4) (20 17 14) (18 20 9)
 (15 19 21 22) (16 2) (20 5 24) (1 16) (18 10 26) (20 6 26) (27 28 22 11)
 (3 26 24) (25 28 30 7) NIL (16 32) (32 12) (33 17 34) (32 8) (18 36 33)
 (36 34 13) (19 37 38 35) (32 4) (20 33 40) (40 34 14) (21 42 41 35) (36 40 9)
 (44 37 22 41) (15 44 38 42) (43 45 46 23 39) NIL (32 48) (16 48) (50 33 49)
 (12 48) (52 49 34) (52 50 17) (53 54 51 35) (8 48) (36 49 56) (18 50 56)
 (58 37 51 57) (52 56 13) (53 60 38 57) (58 19 54 60) (59 61 55 62 39) (4 48)
 (49 40 64) (20 50 64) (66 51 41 65) (52 64 14) (53 68 65 42) (68 54 21 66)
 (43 67 69 55 70) (9 56 64) (44 72 65 57) (58 22 72 66) (67 59 45 73 74)
 (15 68 60 72) (76 69 61 46 73) (23 70 62 76 74) (71 75 77 78 63 47) (2 48)
 (80 50 24) (80 64 5) (25 81 82 66) (1 48) (50 84 26) (10 56 84) (58 27 85 86)
 (6 64 84) (28 88 85 66) (88 72 11 86) (87 29 90 89 74) (80 3 84) (81 30 92 85)
 (88 82 7 92) (31 89 83 93 94) NIL (96 32) (96 16) (33 97 98) (96 12)
 (100 97 34) (100 17 98) (35 101 102 99) (96 8) (36 97 104) (18 104 98)
 (106 105 37 99) (100 104 13) (108 38 101 105) (106 19 108 102)
 (107 109 110 39 103) (96 2) (112 98 24) (96 1) (114 98 26) (114 10 104)
 (106 27 115 116) (114 3 112) (115 30 118 113) NIL (96 120) (120 48) (16 120)
 (123 121 98) (122 123 50) (120 8) (121 126 104) (122 126 56) (123 18 126)
 (106 124 129 127) (58 128 125 129) (120 4) (122 64 132) (123 20 132)
 (125 134 133 66) (9 126 132) (128 136 72 133) (129 22 136 134)
 (135 137 131 138 74) (1 120) (114 121 140) (122 84 140) (123 140 26)
 (141 124 115 143) (142 125 143 85) (10 126 140) (141 116 146 127)
 (128 142 146 86) (27 129 143 146) (149 130 144 117 147) (87 149 131 145 148)
 (6 132 140) (88 152 133 142) (28 143 152 134) (135 153 89 145 154)
 (136 152 146 11) (156 137 90 153 148) (149 29 138 154 156)
 (157 158 91 139 151 155) NIL (160 120) (96 160) (121 162 161) (160 48)
 (122 164 161) (32 160) (162 97 166) (164 49 166) (16 160) (123 169 161)
 (169 162 98) (124 163 171 170) (164 169 50) (165 170 125 173) (169 33 166)
 (175 99 171 167) (168 175 51 173) (160 12) (178 162 100) (52 164 178)
 (178 34 166) (179 181 101 167) (168 53 180 181) (178 169 17) (179 184 171 102)
 (54 180 184 173) (175 181 184 35) (187 176 185 182 103) (186 55 177 183 187)
 (160 8) (190 161 126) (162 190 104) (163 191 192 127) (164 190 56)
 (128 194 165 191) (36 190 166) (196 105 192 167) (168 194 196 57) (18 169 190)
 (129 170 191 199) (106 171 192 199) (130 201 200 172 193) (58 194 199 173)
 (174 195 131 200 203) (175 196 37 199) (205 107 176 197 201)
 (205 59 177 198 203) (178 190 13) (179 108 208 192) (194 180 60 208)
 (196 181 38 208) (197 211 109 182 209) (210 211 61 198 183) (19 208 199 184)
 (209 214 201 110 185) (186 203 62 210 214) (187 205 214 39 211)
 (188 215 206 212 111 217) (189 63 213 207 216 217) (160 4) (220 161 132)
 (164 64 220) (165 221 133 222) (40 166 220) (168 224 65 222) (20 169 220)
 (226 170 221 134) (226 66 222 173) (174 135 223 227 228) (175 226 41 224)
 (67 225 177 228 230) (178 220 14) (68 180 232 222) (224 232 181 42)
 (233 69 234 183 225) (232 21 226 184) (186 233 70 228 236)
 (43 187 234 236 230) (231 189 235 237 238 71) (190 220 9) (136 191 221 240)
 (194 240 72 222) (223 195 137 242 241) (44 196 240 224) (225 242 198 244 73)
 (240 226 22 199) (241 138 227 200 246) (203 242 228 246 74)
 (243 247 248 204 139 229) (45 205 244 246 230) (231 75 245 248 250 207)
 (15 232 208 240) (210 76 233 242 252) (211 46 244 234 252)
 (235 77 245 253 254 213) (23 252 214 236 246) (237 78 248 253 256 216)
 (238 250 254 256 47 217) (219 239 79 251 255 257 258) (160 2) (162 112 260)
 (164 260 80) (169 260 24) (261 263 171 113) (262 81 263 173) (220 5 260)
 (262 82 266 222) (25 263 226 266) (265 83 228 267 268) (1 160) (270 161 140)
 (114 162 270) (141 271 163 272) (164 270 84) (142 165 271 274) (270 169 26)
 (271 143 170 276) (276 115 171 272) (278 277 144 273 172) (276 274 85 173)
 (174 275 277 145 280) (270 190 10) (282 271 191 146) (116 272 192 282)
 (283 284 273 147 193) (194 282 274 86) (275 195 286 283 148) (27 276 199 282)
 (149 283 277 288 200) (284 278 117 288 201) (279 202 285 289 290 150)
 (87 203 286 280 288) (281 204 287 289 292 151) (270 6 220) (294 152 271 221)
 (88 274 294 222) (223 275 153 296 295) (28 226 294 276) (295 277 227 154 298)
 (298 89 296 228 280) (299 300 281 229 155 297) (240 294 11 282)
 (283 241 302 295 156) (90 286 302 242 296) (157 303 304 243 287 297)
 (302 29 298 288 246) (299 158 303 306 247 289) (300 91 304 306 248 292)
 (301 305 307 308 159 249 293) (3 270 260) (261 310 118 272) (262 310 92 274)
 (310 276 263 30) (278 264 311 313 119) (313 265 280 93 312) (310 294 7 266)
 (316 312 296 267 94) (316 298 31 313 268) (315 300 95 269 317 318) NIL
 (320 120) (320 96) (121 322 321) (320 8) (324 126 321) (324 322 104)
 (325 326 323 127) NIL (328 320) (328 120) (329 321 330) (328 32) (328 12)
 (332 333 34) (328 8) (329 324 335) (335 126 330) (331 337 325 336)
 (332 36 335) (333 335 13) (339 340 38 334))