(NIL NIL (1 2) NIL (4 2) (4 1) (5 6 3) NIL (8 4) (8 1) (6 10 9) NIL (8 12)
 (12 4) (13 9 14) NIL (16 12) (16 8) (18 13 17) (16 4) (20 17 14) (20 9 18)
 (15 21 22 19) (16 1) (10 24 18) (6 20 24) (22 11 25 26) NIL (28 12) (28 8)
 (30 13 29) (28 4) (14 32 29) (30 32 9) (15 31 33 34) (28 1) (30 36 10)
 (6 36 32) (37 38 11 34) NIL (16 40) (40 12) (42 41 17) (40 4) (20 41 44)
 (42 44 14) (43 21 46 45) (40 1) (24 48 41) (6 44 48) (45 49 26 50) NIL (40 52)
 (28 52) (16 52) (41 55 53) (8 52) (30 57 54) (57 55 18) (4 52) (44 60 53)
 (54 32 60) (20 55 60) (63 45 61 56) (57 60 9) (62 58 65 34) (63 65 22 59)
 (1 52) (68 48 53) (36 68 54) (68 24 55) (69 71 49 56) (68 57 10) (37 70 58 73)
 (71 59 25 73) (6 68 60) (76 69 50 61) (76 38 70 62) (63 76 71 26)
 (64 79 72 77 51) (76 65 11 73) (78 66 39 81 74) (81 75 67 79 27) NIL (28 84)
 (8 84) (30 85 86) (84 2) NIL (89 52) (89 16) (90 55 91) (89 12) (93 17 91)
 (89 4) (90 60 95) (20 95 91) (92 63 96 97) (93 95 14) (99 21 94 97) (89 1)
 (90 68 101) (101 24 91) (92 102 103 71) (6 101 95) (76 102 105 96)
 (103 105 26 97) (98 79 104 107 106) NIL (109 89) (109 52) (90 111 110)
 (109 40) (111 53 113) (109 28) (111 54 115) (109 16) (117 110 91) (111 55 117)
 (92 112 119 118) (117 41 113) (114 119 121 56) (109 8) (111 57 123)
 (30 115 123) (124 125 58 116) (117 18 123) (124 127 119 59) (109 4)
 (129 110 95) (111 129 60) (112 130 131 96) (44 129 113) (114 131 61 133)
 (129 32 115) (135 62 131 116) (117 129 20) (118 137 130 97) (63 137 119 131)
 (98 138 120 139 132) (45 137 121 133) (134 64 139 122 141) (129 9 123)
 (124 143 65 131) (125 135 143 34) (144 145 126 66 136) (137 143 22 127)
 (67 144 128 139 147) (109 2) (5 149 129) (109 1) (101 151 110) (68 111 151)
 (102 112 153 152) (151 48 113) (114 69 153 155) (36 151 115) (70 153 157 116)
 (151 117 24) (159 152 118 103) (159 153 119 71) (160 161 104 120 154)
 (159 155 121 49) (163 161 72 156 122) (151 10 123) (124 153 73 165)
 (125 165 157 37) (167 126 166 74 158) (159 127 25 165) (161 166 128 169 75)
 (6 151 129) (105 130 171 152) (76 153 171 131) (173 154 106 132 172)
 (171 155 50 133) (134 77 175 156 173) (135 38 171 157) (177 136 78 173 158)
 (159 137 171 26) (160 179 138 172 107) (161 79 179 139 173)
 (174 180 181 108 140 162) (175 179 51 163 141) (80 176 181 183 142 164)
 (143 11 171 165) (185 144 81 173 166) (167 177 145 39 185)
 (168 82 178 186 187 146) (185 169 179 147 27) (170 83 181 186 189 148)
 (151 149 3) (191 7 150 171) NIL (193 89) (193 84) (193 52) (90 196 194)
 (193 40) (198 196 53) (193 28) (200 85 195) (200 196 54) (193 16) (203 194 91)
 (196 55 203) (92 204 197 205) (198 41 203) (205 199 207 56) (193 8)
 (86 195 209) (57 196 209) (200 30 209) (212 201 210 87) (212 202 58 211)
 (209 18 203) (205 215 59 211) (193 2) (88 217 195) (193 1) (101 219 194)
 (68 219 196) (102 220 197 221) (198 219 48) (69 199 221 223) (200 36 219)
 (225 202 221 70) (219 24 203) (204 103 220 227) (205 227 71 221)
 (206 104 229 222 228) (227 207 49 223) (72 208 229 231 224) (219 10 209)
 (233 221 73 211) (212 37 233 225) (226 214 235 74 234) (233 227 215 25)
 (229 234 216 237 75) (219 217 3))