(NIL NIL NIL (1 3) NIL (1 5) NIL NIL (8 3) (1 8) (10 4 9) NIL (8 12) (7 12)
 (3 12) (15 13 9) (2 12) (1 12) (18 13 10) (15 18 4) (11 16 19 20) NIL (8 22)
 (7 22) (5 22) (3 22) (26 9 23) (1 22) (10 28 23) (28 6 25) (26 4 28)
 (11 31 27 29) NIL (22 33) (12 33) (8 33) (34 36 23) (35 36 13) (7 33)
 (34 24 39) (35 14 39) (5 33) (34 42 25) (3 33) (34 26 44) (35 15 44) (36 44 9)
 (37 27 45 47) (16 38 46 47) NIL (22 50) (12 50) (8 50) (51 53 23) (52 53 13)
 (7 50) (51 24 56) (52 14 56) (5 50) (51 59 25) (3 50) (51 26 61) (15 52 61)
 (61 53 9) (27 54 62 64) (16 63 55 64) (1 50) (51 67 28) (52 67 18) (67 53 10)
 (68 54 70 29) (19 69 55 70) (59 67 6) (73 60 68 30) (67 61 4) (31 75 62 68)
 (69 75 20 63) (11 75 64 70) (32 76 71 65 78) (77 72 21 78 66) NIL (81 50)
 (81 33) (81 22) (82 51 84) (83 34 84) (7 81) (82 56 87) (83 87 39) (84 87 24)
 (57 85 88 90) (90 86 89 40) (81 5) (82 59 93) (83 42 93) (84 93 25)
 (60 85 94 96) (43 86 95 96) (81 1) (82 99 67) (99 84 28) (100 101 85 68)
 (99 93 6) (73 100 103 94) (101 30 103 96) (97 74 102 104 105) NIL (107 81)
 (107 50) (82 109 108) (107 33) (83 111 108) (107 22) (84 108 113) (109 113 51)
 (110 85 114 115) (34 111 113) (117 112 86 114) (107 12) (109 119 52)
 (35 111 119) (107 8) (109 53 122) (36 111 122) (113 122 23) (125 123 54 115)
 (124 117 125 37) (119 122 13) (120 128 55 123) (124 128 38 121) (107 5)
 (93 131 108) (109 59 131) (110 132 133 94) (42 111 131) (112 132 135 95)
 (131 113 25) (137 132 114 96) (137 60 133 115) (116 97 139 134 138)
 (137 117 135 43) (138 98 118 141 136) (107 3) (143 109 61) (143 111 44)
 (143 26 113) (144 62 146 115) (117 145 146 45) (15 143 119) (144 120 63 149)
 (145 121 149 46) (143 122 9) (144 64 152 123) (124 152 145 47)
 (125 27 146 152) (155 126 147 153 65) (48 154 127 155 148) (16 128 149 152)
 (158 153 150 129 66) (151 49 154 130 158) (107 1) (99 161 108) (161 109 67)
 (100 110 163 162) (161 113 28) (162 101 165 114) (163 68 165 115)
 (116 164 102 166 167) (161 18 119) (169 163 120 69) (161 122 10)
 (163 171 70 123) (125 171 165 29) (126 172 173 167 71) (169 19 128 171)
 (170 172 129 175 72) (161 131 6) (177 162 132 103) (73 177 163 133)
 (178 179 164 134 104) (137 177 165 30) (138 181 166 105 178)
 (74 139 181 179 167) (140 168 180 182 183 106) (143 161 4) (185 144 75 163)
 (31 185 146 165) (186 187 76 147 167) (169 185 20 149) (170 77 186 189 150)
 (11 152 171 185) (186 153 172 78 191) (32 187 155 191 173)
 (193 174 79 188 156 192) (189 21 191 175 158) (159 195 176 80 190 192) NIL
 (197 107) (197 81) (198 108 199) (197 50) (109 198 201) (82 201 199)
 (110 202 203 200) (197 33) (111 198 205) (83 205 199) (112 206 207 200)
 (197 22) (198 209 113) (84 209 199) (210 114 200 211) (51 201 209)
 (210 213 202 115) (213 85 203 211) (116 214 212 204 215) (34 209 205)
 (117 217 206 210) (217 86 207 211) (118 218 212 208 219) (197 8) (198 122 221)
 (53 201 221) (222 223 202 123) (36 205 221) (124 222 225 206) (221 209 23)
 (222 125 210 227) (223 54 227 213) (214 126 224 228 229) (37 225 217 227)
 (226 127 218 228 231) (197 7) (233 87 199) (56 233 201) (234 235 203 88)
 (233 205 39) (237 234 207 89) (233 209 24) (239 234 211 90) (239 57 235 213)
 (91 215 241 236 240) (239 217 237 40) (92 240 219 243 238) (197 5)
 (198 131 245) (93 199 245) (247 132 200 246) (59 201 245) (133 249 202 246)
 (247 249 203 94) (248 250 251 134 204) (42 205 245) (206 253 135 246)
 (247 207 95 253) (255 248 254 208 136) (209 245 25) (137 257 210 246)
 (247 257 211 96) (138 258 259 212 248) (249 60 257 213) (214 139 250 258 261)
 (97 215 259 251 261) (140 216 252 260 262 263) (43 257 217 253)
 (141 265 258 218 254) (255 98 265 259 219) (142 220 256 260 266 267) (197 3)
 (143 198 269) (61 201 269) (144 270 202 271) (269 205 44) (145 270 206 273)
 (26 209 269) (275 146 210 270) (275 62 271 213) (214 276 277 147 272)
 (275 217 45 273) (276 279 218 148 274) (269 9 221) (222 152 270 281)
 (223 271 64 281) (283 224 282 153 272) (225 281 273 47) (285 154 226 282 274)
 (275 27 227 281) (276 155 287 228 282) (283 277 287 65 229)
 (278 230 284 288 289 156) (48 231 285 279 287) (280 232 286 288 291 157)
 (197 1) (161 198 293) (99 293 199) (162 295 294 200) (67 201 293)
 (297 163 202 294) (297 100 203 295) (298 299 164 204 296) (209 293 28)
 (165 210 294 301) (101 301 211 295) (302 303 166 212 296) (297 68 301 213)
 (214 298 302 167 305) (305 215 299 102 303) (168 216 300 304 306 307)
 (10 293 221) (222 171 309 294) (297 223 309 70) (298 224 172 310 311)
 (309 301 227 29) (313 173 302 228 310) (305 313 311 71 229)
 (174 230 306 312 314 315) (293 6 245) (177 317 294 246) (247 317 103 295)
 (248 296 318 319 178) (73 297 249 317) (321 298 179 250 318)
 (321 299 251 104 319) (322 323 300 252 180 320) (317 257 301 30)
 (325 258 181 302 318) (325 319 259 303 105) (182 326 327 304 260 320)
 (305 74 325 261 321) (322 326 329 306 183 262) (323 327 329 307 263 106)
 (324 328 330 331 308 184 264) (269 293 4) (185 270 333 294) (297 333 75 271)
 (186 335 272 334 298) (275 31 301 333) (337 276 187 302 334)
 (305 337 277 76 335) (338 278 336 306 339 188) (11 333 309 281)
 (341 334 310 191 282) (283 341 335 78 311) (336 284 342 343 312 192)
 (313 32 287 337 341) (193 338 288 345 314 342) (289 79 339 343 345 315)
 (194 290 340 344 346 347 316))