(NIL NIL (1 2) NIL NIL (5 4) NIL (7 5) (7 4) (9 8 6) (7 2) (1 7) (3 12 11) NIL
 (14 5) (14 4) (16 15 6) (14 2) (1 14) (3 19 18) NIL (21 5) (21 4) (6 23 22)
 (21 2) NIL (26 21) (26 5) (28 27 22) (26 4) (27 23 30) (28 30 6) (32 29 24 31)
 (26 2) (25 34 27) (26 1) (36 34 3) NIL (26 38) (14 38) (7 38) (2 38)
 (39 42 34) (42 40 18) (42 41 11) (1 38) (36 39 46) (46 40 19) (12 46 41)
 (3 46 42) (37 47 43 50) (48 44 50 20) (50 13 45 49) NIL (26 54) (14 54) (7 54)
 (54 5) (28 55 58) (58 56 15) (58 57 8) (54 4) (55 62 30) (16 62 56) (9 62 57)
 (58 62 6) (32 63 59 66) (64 17 60 66) (10 61 66 65) (54 2) (34 55 70)
 (70 56 18) (57 11 70) (1 54) (36 55 74) (74 56 19) (74 12 57) (74 3 70)
 (71 37 75 78) (72 76 78 20) (73 13 78 77) NIL (26 82) (82 7) (82 4) (85 83 30)
 (9 85 84) (82 2) (34 88 83) (88 11 84) (82 1) (36 91 83) (91 12 84) (3 91 88)
 (37 92 89 94) (94 93 90 13) NIL (97 54) (97 38) (26 97) (100 55 98)
 (39 100 99) (97 14) (98 56 103) (40 103 99) (97 7) (98 57 106) (106 41 99)
 (97 2) (98 109 70) (42 109 99) (34 100 109) (71 112 101 110) (111 112 43 102)
 (109 103 18) (72 110 115 104) (105 111 115 44) (109 11 106) (107 73 118 110)
 (111 108 45 118) (97 1) (121 74 98) (121 46 99) (36 121 100) (122 75 124 101)
 (123 47 124 102) (121 19 103) (122 76 127 104) (105 123 48 127) (121 12 106)
 (107 122 77 130) (108 123 49 130) (121 3 109) (122 133 78 110)
 (111 123 133 50) (112 124 133 37) (113 136 125 134 79) (114 136 126 135 51)
 (133 115 127 20) (80 134 139 116 128) (52 129 139 135 117) (130 133 13 118)
 (119 81 131 134 142) (120 132 142 135 53) NIL (145 54) (145 26) (55 146 147)
 (145 14) (149 146 56) (145 7) (151 146 57) (145 4) (62 146 153) (153 30 147)
 (148 63 154 155) (149 16 153) (157 150 64 154) (9 151 153) (159 152 65 154))