(NIL (1) (2) (3) (2) (5) (6) (6) (8) (5) (9 10 3) (11) (12 4) (13) (14) (15 7)
 (16) (16) (18) (17 19) (18) (19 21) (22) (20 22) (24) (25 23) (25) (24) (24)
 (27 28 29 23) (26 28 29) (27 31) (32) (31) (34 30) (34 30 32) (33 35 36)
 (33 36) (36) (33 39) (38 40) (41 37) (42) (43) (44) (45) (45) (47) (45)
 (49 48) (49 48) (50 51 46) (52) (53) (49 46 48) (53 55) (56) (54 56) (57 58)
 (59) (60) (60) (62) (63) (64) (63) (63) (65 67) (66 68) (65 66 67) (69 61 70)
 (71) (72) (73) (71) (74 75) (76) (77) (76) (79) (78 79) (81 80) (82) (81 80)
 (82 84) (85) (81) (82 87) (88) (89 83 86) (90) (83 85 87) (92) (93 86) (94 88)
 (90 95) (96) (90 93) (97 98 91) (99) (98 91 94) (97 101) (100 101) (102 103)
 (104) (105) (104) (107) (106 108) (107) (109 110) (109 110) (112) (113 111)
 (114) (113) (116) (116 111) (118) (115 117 119) (120) (121) (121) (123) (120)
 (123 125) (122 123 125) (124 126) (128) (127 128) (130 129) (130) (122 128)
 (133 132 129) (134) (131 135) (136) (135) (135) (139) (140) (141)
 (137 138 142) (131 142) (143 144) (145) (137 144) (146 147) (147) (146 149)
 (150) (148 150) (151 152) (152) (152) (153 155) (156) (154 156) (158)
 (157 158) (160) (161) (160) (163 159) (161 164) (165) (165) (162 167) (168)
 (168) (169 170) (171) (172) (173) (173 166) (172 166) (175 176) (177) (178)
 (179) (180 174) (181) (180 174) (177 174) (180 184) (185 181 183)
 (185 182 183) (186 187) (188) (189) (190) (181 183 184) (191 192)
 (186 187 192) (190 192) (193 195) (196) (197) (197) (199) (198 199) (201 194)
 (201) (194 203 200) (204) (202 205) (202 204) (205 207) (208) (208) (210)
 (209 211 206) (212) (212) (213 214) (215) (209 210) (217 214) (217 216)
 (218 219) (219) (218 221) (220 222) (220 222) (223 224) (225) (226) (225)
 (228) (226 229) (230) (231) (230) (233) (234) (234) (236 231) (227 236 231)
 (238) (239) (235 239 232) (237 239 232) (242 240) (241 243) (244) (245) (245)
 (235 243) (247 248) (249) (250) (251 246) (251 246) (250 246) (252 254)
 (252 253 254) (255 256) (257) (258) (259) (260) (261) (261) (263) (264)
 (262 263) (266) (265 267) (265 267) (265 266) (270) (269 270) (268 271 272)
 (273) (268 272) (275) (274 276) (273 275) (274 276 278) (274 278) (277 280)
 (281 279) (282) (276 280) (281 284) (285 279) (282 286) (283 287) (286)
 (289 287) (290 288) (290 288) (292) (293) (291 294) (295) (295) (297) (297)
 (299) (298 300 296) (301) (302) (302) (304) (301) (305 306 303) (307) (307)
 (308 309) (310) (311) (310) (308 309) (314 311) (314 312) (313 316) (315 317)
 (314 312) (317 319) (315 320) (321) (322) (323) (324) (325) (322) (322) (328)
 (329 325 318 327) (330 326) (331) (330) (331 333) (332 333) (335) (334 336)
 (335) (338) (339 336) (337 340) (341) (342) (343) (341) (345 343) (346) (347)
 (348 344) (348) (349 350) (351) (351) (353) (354) (355) (355) (357 352) (357)
 (356 357) (358 360) (361 359) (360) (362 363) (364) (365) (364) (365 367)
 (368) (366 368) (361 363) (369 370 371) (371 366 368) (372 373) (374)
 (372 373) (375 376) (376) (378 374) (378 375) (377 379 380) (381) (379 380)
 (383) (382 384) (385) (382 384) (387) (388) (388) (381 384) (386 389 390 391)
 (387 391) (393 392) (394) (395) (396) (396) (393 386 389) (395 399) (397 400)
 (390 391) (401 402) (403 398) (404) (404) (405 406) (405 406) (408) (408)
 (410 407) (411) (411) (413) (414) (409 415) (409 412 414) (417 415) (412 413)
 (417 419) (420 415) (421 416) (420 415) (421 423) (422 423) (425) (426 424)
 (427) (418 427) (426) (418 428 430) (429 431) (418 430 424) (433 428)
 (434 429) (435 431) (436) (437) (434) (435 439 432) (437 440) (441) (441)
 (443) (444 438) (444) (445 446) (447) (437 440) (449 442 448))