(NIL NIL (2 1) NIL (4 2 1) (3 5) (6) (7) (8) (8) (10) (11) (9 11) (13) (13)
 (15) (12 15) (17 14) (18 16) (19) (19) (20 21) (22) (19) (18) (25) (25 22)
 (25 23) (26 28 24) (25 21) (27 29 30) (31) (32) (32) (30 22 24) (35) (34 36)
 (33 37) (38) (39) (38) (41 40) (42) (43) (44) (45) (46) (46) (48) (42) (50 47)
 (49 51) (52) (52) (49 50 47) (55) (53 54 55) (57 56) (58) (59) (60) (58)
 (61 62) (63) (64) (63) (66 64) (66) (66 64) (65 67 68 69) (70) (71) (72) (73)
 (74) (75) (75) (77) (78) (79) (79) (78) (81) (83 82) (83 82 80) (84 85)
 (76 86) (87) (88) (89) (90) (90) (92) (93) (91 93) (95) (92) (97 95) (98 94)
 (99 96) (100) (99 96) (102) (103) (104) (105 100) (105 100) (105 101) (108)
 (109) (106 110) (107 108) (109 112) (113 110) (106 114) (113) (114 116 111)
 (117) (118) (119) (120) (118) (122 120) (121 115 123) (124) (121 123) (126)
 (124 127) (128) (128) (124 127) (131 125 128) (130 132) (131 128) (130 134)
 (129 134) (133 135 136) (137) (133 135 136) (138 139) (139) (140 141) (142)
 (133 135 136) (140 141 144) (142 144) (145 146 143) (146) (147 148) (149)
 (147 148) (150 151) (152) (153) (153) (155) (152) (154 157) (156 158)
 (154 157) (158 160) (161 159) (161 159) (163) (164) (162 165) (165) (162 167)
 (168) (166 168) (169 170) (171) (172) (173) (169 170) (172 175) (176)
 (177 173) (178 174) (173 175) (180) (177 181 174) (179 182) (179 182)
 (179 182) (185 184) (186 183) (185 184) (185) (186 189) (187 190) (191) (191)
 (193 192) (194 188) (195) (196) (197) (198) (199) (198) (201 200) (196)
 (201 203 199) (204 200) (205) (202 206) (207) (208) (202 204) (210 208)
 (209 211) (209 210) (212 213) (214) (215) (216) (216) (218) (212 213)
 (218 220) (217 221) (219 222) (221) (219 224) (225 223) (217 225) (227 223)
 (226 228) (229) (228) (229 231) (230 232) (233) (234) (235) (236) (236) (236)
 (233) (238 239 240) (241 237) (242) (243) (244) (245) (245) (247) (246 247)
 (244) (250 246) (251 248) (252) (253) (253) (254 255) (249 254 255) (253)
 (249 258) (259 256) (257 259) (261 256) (260 262) (263) (264) (265) (266)
 (265) (268) (267 269) (270) (271) (272) (272) (273 274) (275) (276) (277)
 (278) (278) (272) (281 276) (282 280) (283) (283) (283) (284 285 286)
 (287 279) (288) (288) (289 290) (291) (287) (290 293) (291 294) (292 295)
 (296) (297) (298) (297) (300) (299 301) (301) (298 301) (302 304) (305 303)
 (306) (299 304) (308 303) (306 309) (305 309) (307 308) (310 311 312) (313)
 (314) (315) (314) (317) (315 318) (319) (320) (321) (322 316) (323) (322)
 (321 316) (322 326) (324 326) (328) (325 328) (328) (330 331) (332) (333)
 (329 331 325) (334 335) (336) (333 335) (338 327) (339) (340) (337 341) (342)
 (342) (342) (345) (346 343) (347) (347) (348 349) (350 344) (350) (352) (350)
 (353 354 344) (355 351) (356) (356) (358) (359) (360) (358) (361 362 357)
 (358) (361 362 364) (365 357) (366) (363 367) (368) (363 366) (370) (371 367)
 (369 372) (369 371) (372 374) (373 375) (375) (372 374) (378) (377 379 373)
 (380) (381 376) (381) (383) (384) (384 376) (382 384) (386 387) (388) (383)
 (388 390) (389 391) (392) (385 392) (393 394) (395) (394) (393 397) (396 398)
 (399) (393 397) (401 396) (402 400) (402 398) (404) (405 399) (403 406) (406)
 (408 400) (409 407) (410) (411) (407 408) (412 413) (414) (415) (414)
 (417 415) (417) (418 419) (420 416) (421) (421) (422 423) (424) (425) (426)
 (424) (428) (427 428) (427 428) (430 431) (432) (433) (429 432) (432)
 (434 436 429) (429 430 431) (434 438) (439) (435 437 439) (441) (441)
 (442 443 440) (443) (443) (442 446) (447 440) (445 448) (449 444))