(NIL (1) (2) (3) (4) (4) (6) (5 7) (8) (5 7) (9 10) (9 10) (11 12) (12) (14)
 (9 10) (13 16) (17 14) (17 15) (19) (20) (21) (21) (23) (23) (25 22) (26) (22)
 (18 26 28) (24 29) (29) (24 31) (31) (24 27 29) (34 30) (35) (35) (36 37)
 (38 32) (33 39) (33 34 30) (41 40) (41 38 32) (43) (42 44) (41 40) (45 46)
 (47) (48) (47) (47) (51) (50 52) (50 51 48) (52 54) (49 53 54) (55 56) (57)
 (58) (58) (57) (53 54) (59 60 62) (57 62) (64) (65 61 63) (66) (66) (67 68)
 (65 63) (65 59 61) (68 71) (67 71) (73 70 72) (74) (74 69) (76) (77) (77)
 (75 79) (80) (81) (82 78) (80) (81 84) (85 78) (81 84 78) (83 85 87) (88)
 (83 87) (80) (91 88) (90 92) (89 93) (86 94) (92 86) (94 96) (97 95) (98) (99)
 (100) (101) (102) (98) (101 104) (100 104) (101 104) (107) (106 108) (105 107)
 (108 110) (111 103) (106 111 103) (109 111 103) (113 114) (114 112) (114 112)
 (117) (115 118) (119) (116 120) (121) (119) (121 123) (124) (125) (122 126)
 (127) (128) (127) (130 128) (130 128) (129 132) (133) (132) (135) (136)
 (129 137) (129 131 136) (134 136) (137 139 140) (141) (142) (138 143) (142)
 (145 138 143) (146 144) (147) (147) (149) (148 150) (151) (151) (153) (150)
 (150) (153 156) (155 157 152) (154 158) (159) (160) (155 157 152) (161 162)
 (163) (162 160) (164 165) (161 165) (164 167) (163 165) (169 166 168) (170)
 (170) (169 164 167) (170 173) (174) (171 174) (172 175 176) (177) (178) (178)
 (178) (181) (180 182) (182) (182) (185 183 184) (186 179) (187) (185 183 184)
 (188 189) (190) (191) (192) (193) (194) (194) (193) (197) (195 197) (196 197)
 (198 199 200) (201) (202) (193) (196 199 204) (201 205) (203 204) (205 207)
 (208) (209 206) (209 206) (210 211) (212) (213) (213) (213) (214 215 216)
 (217) (218) (219) (220) (221) (220) (223) (221 224) (223) (226 224)
 (225 227 222) (228) (229) (230) (231) (230) (230) (234) (233 235 231) (236)
 (236) (236) (237 239) (238 240) (238 239) (242 237 232) (243) (241 244) (245)
 (246) (247) (248) (249) (250) (251) (252) (253) (254) (255) (255) (257 256)
 (258) (258) (257) (260 261) (262) (263) (264) (265) (266) (259 267) (268)
 (265 259) (270) (269 270) (270) (273 269) (274 271 272) (275) (276) (276)
 (278) (277 279) (273 272) (281 277) (282 280) (283) (284) (284) (286)
 (285 287) (288) (283) (290 287) (291 285) (291 285) (289 293) (294) (295)
 (292 296) (297) (297) (298 299) (296) (298 301) (293 288) (302 303) (300 304)
 (305) (305) (307) (307) (309) (306 308 309) (310 311) (307) (313 311) (314)
 (314) (315 316) (315 316 312) (314 310) (317 318 319) (320) (320) (321 322)
 (322) (320) (323 325) (323 325) (316 319) (323 325 328) (329 324)
 (330 326 327) (331) (322 328) (331 333) (334) (335) (336) (334) (330 333 326)
 (338 339) (338 339 336) (337 340 341) (332 342) (342) (343 344) (345) (346)
 (347) (348) (349) (350) (347) (351 352) (351 352) (351 352) (354 355) (356)
 (353 356) (358) (358) (359 360) (361 357) (362) (363) (362) (365) (366)
 (364 367) (368) (369) (370) (371) (372) (368) (373 374) (371 374) (375 376)
 (375 376) (378) (378) (377 380) (377 379 380) (379 380) (377 383)
 (381 382 384) (385) (382 383) (385 387) (388) (386 388) (390) (391) (389 392)
 (393) (394) (395) (394) (393) (395 398) (396 399) (397 400) (400) (400)
 (402 403 397) (397 400) (401 405) (404 405) (407) (408) (406 408) (410)
 (409 411) (412) (413) (414) (415) (414) (417 415) (413) (417 419 416)
 (418 420) (421) (420) (418 423) (423) (425 422 424) (425 424) (426 427) (428)
 (429) (429) (430 431) (432) (433) (434) (434) (436) (436) (435 437 438) (439)
 (440) (441) (442) (443) (443) (445) (444 446) (447) (447) (446))