(NIL (1) (2) (3) (3) (5) (4 6) (4 6) (7 8) (7 8) (9 10) (11) (12) (13) (14)
 (15) (16) (16) (17 18) (19) (20) (21) (22) (23) (24) (25) (26) (27) (27)
 (28 29) (30) (30) (31 32) (31 32) (34) (33 35) (36) (37) (37) (38 39) (40)
 (40) (41 42) (41 42) (43 44) (45) (46) (47) (47) (49 48) (50) (51) (52) (53)
 (53) (54 55) (55) (57 54) (58 56) (59) (60) (61) (62) (63) (64) (65) (66) (67)
 (68) (69) (70) (71) (72) (72) (71) (73 74 75) (76) (76) (78) (77 78) (79 80)
 (81) (82) (82) (82) (85) (83 86) (84 87) (88) (89) (90) (91) (91) (92 93) (94)
 (95) (96) (97) (97) (99) (98 100) (101) (102) (103) (104) (105) (106) (107)
 (108) (108) (109 110) (111) (112) (113) (114) (115) (116) (117) (117)
 (118 119) (120) (121) (121) (122 123) (122 123) (125) (124 125) (127)
 (126 128) (129) (130) (129) (130 132) (131 133) (134) (135) (136) (137) (138)
 (139) (140) (140) (141 142) (141 142) (144) (143 144) (145 146) (147) (148)
 (149) (150) (151) (152) (153) (154) (155) (156) (157) (158) (159) (160) (161)
 (162) (163) (164) (165) (166) (167) (168) (168) (170) (169 170) (172)
 (171 173) (174) (174) (175 176) (177) (178) (179) (180) (180) (182) (181 183)
 (184) (185) (186) (187) (188) (189) (189) (190 191) (192) (193) (194) (195)
 (196) (197) (198) (199) (200) (200) (201 202) (203) (204) (205) (204) (205)
 (206 208 207) (209) (210) (211) (212) (213) (214) (215) (216) (217) (218)
 (218) (220) (220) (219 221 222) (223) (224) (225) (225) (226 227) (228) (229)
 (230) (230) (231 232) (233) (234) (234) (234) (235 236) (238 237) (238 237)
 (239 240) (241) (242) (243) (244) (245) (246) (247) (248) (249) (250) (251)
 (252) (253) (254) (255) (254) (257 256) (258) (257 255) (259 260) (261) (262)
 (263) (264) (265) (266) (264) (265 268) (269) (267 270) (271) (272) (273)
 (274) (275) (276) (277) (278) (279) (280) (280) (281 282) (283) (284) (285)
 (286) (284) (287 288) (287 288) (283) (289 290 291) (289 290 291) (292 293)
 (294) (295) (296) (297) (298) (298) (300) (299 301) (302) (302) (303 304)
 (305) (306) (307) (307) (308 309) (310) (311) (311) (311) (313 314 312) (315)
 (316) (317) (318) (319) (320) (321) (322) (323) (324) (325) (326) (327) (328)
 (328) (329 330) (331) (332) (333) (334) (333) (335 336) (337) (337) (338 339)
 (340) (341) (342) (343) (344) (345) (345) (347) (346 348) (349) (350) (351)
 (352) (352) (353 354) (351) (355 356) (357) (358) (358) (359 360) (359 360)
 (361 362) (363) (364) (365) (366) (367) (368) (369) (370) (370) (369)
 (372 373) (371 374) (375) (376) (377) (378) (379) (380) (381) (382) (383)
 (384) (385) (386) (387) (388) (389) (390) (391) (392) (393) (394) (393)
 (395 396) (397) (397) (399))