(NIL (1) (2) (2) (3 4) (5) (6) (7) (8) (9) (10) (11) (12) (13) (13) (14 15)
 (14 15) (17 16) (18) (19) (19) (20 21) (19) (22 23) (24) (25) (26) (27) (28)
 (29) (30) (31) (32) (33) (34) (35) (36) (37) (38) (39) (40) (41) (42) (43)
 (43) (45) (44 46) (44 46) (44 46) (49) (50 47 48) (51) (52) (53) (54) (55)
 (56) (56) (57 58) (59) (59) (60 61) (62) (63) (62) (65 63) (66) (66 64)
 (67 68) (69) (70) (71) (72) (72) (74) (73 75) (73 74) (76 77) (78) (79) (80)
 (81) (82) (83) (84) (84) (85 86) (86) (85 88) (89 87) (90) (91) (92) (93) (94)
 (93) (94 96) (97 95) (98) (99) (100) (101) (101) (103) (102 104) (105) (106)
 (107) (107) (108 109) (110) (111) (111) (113 112) (114) (115) (113) (116 117)
 (118) (119) (119) (121 120) (122) (121 120) (122 124) (123 125) (126) (127)
 (128) (129) (130) (131) (131) (133) (134) (132 135) (136) (137) (138) (139)
 (140) (140) (142) (141 143) (144) (145) (146) (147) (148) (149) (149) (149)
 (150 152) (153) (154 151) (154 151) (155 156) (155 156) (158) (159) (157 159)
 (161) (161 160) (163) (162 163) (165) (164 165) (166 167) (168) (168) (168)
 (170 171) (169 172) (173) (174) (175) (176) (177) (178) (178) (179 180) (181)
 (182) (183) (184) (185) (186) (187) (188) (189) (188) (190 191) (192) (193)
 (194) (195) (195) (197) (196 198) (196 198) (199 200) (201) (202) (203) (204)
 (205) (203) (205 207) (206 207) (209 208) (210) (211) (212) (213) (212)
 (214 215) (216) (217) (218) (218) (219 220) (221) (222) (221) (222 224)
 (223 224) (225 226) (227) (228) (229) (228) (229 231) (230 232) (233) (234)
 (235) (235) (236 237) (238) (237) (239 240) (241) (242) (243) (244) (245)
 (246) (243) (246 248) (249 247) (250) (251) (252) (253) (254) (255) (256)
 (257) (258) (258) (259 260) (261) (262) (263) (262) (265 264) (266) (267)
 (268) (269) (270) (271) (272) (273) (273) (274 275) (276) (277) (276)
 (278 279) (278 279) (281 280) (281 280) (283) (284) (282 285) (286) (286)
 (288) (289 287) (290) (291) (290) (292 293) (292 293) (294 295) (296) (297)
 (298) (299) (300) (301) (302) (303) (304) (305) (304) (306 307) (308) (309)
 (309) (311) (310 311) (313) (314) (315 312) (316) (317) (318) (319) (320)
 (321) (322) (322) (323 324) (324) (323 326) (325 327) (328) (329) (330) (330)
 (331 332) (331 332) (333 334) (333 334) (336) (337 335) (338) (339) (339)
 (340 341) (342) (343) (344) (345) (346) (347) (348) (349) (350) (350)
 (351 352) (353) (354) (355) (356) (357) (358) (359) (360) (361) (362) (363)
 (364) (365) (366) (364) (367 368) (369) (370) (371) (372) (373) (374) (375)
 (376) (377) (378) (379) (379) (380 381) (382) (382) (384) (385 383) (386)
 (387) (388) (389) (388) (391) (390 392) (393) (394) (395) (396) (397) (398)
 (399))