(NIL (1) (2) (2) (3 4) (5) (6) (7) (8) (8) (9 10) (11) (9 10) (11 13) (12 14)
 (15) (15) (17 16) (18) (19) (20) (21) (22) (23) (24) (25) (26) (27) (28) (29)
 (30) (31) (32) (33) (34) (35) (35) (37) (36 38) (39) (40) (41) (42) (43) (44)
 (45) (46) (47) (47) (49 48) (49 48) (50 51) (52) (53) (54) (55) (56) (57) (58)
 (59) (60) (59) (60 62) (60 62) (61 64) (65) (66 63) (67) (68) (69) (69)
 (70 71) (72) (72) (73 74) (75) (76) (77) (78) (77) (78 80) (81 79) (82) (83)
 (84) (85) (85) (87) (86 88) (89) (90) (90) (91 92) (93) (94) (95) (96) (97)
 (97) (98 99) (100) (101) (102) (103) (104) (105) (106) (107) (108) (109) (110)
 (110) (112) (113 111) (113 111) (115) (114 116) (117) (118) (119) (118)
 (121 119) (122 120) (123) (124) (125) (125) (127) (126 128) (129) (129)
 (130 131) (132) (133) (134) (135) (136) (137) (138) (139) (139) (140 141)
 (141) (140 143) (142 143) (145 144) (145 144) (146 147) (148) (149) (150)
 (151) (150) (153 152) (154) (154) (156) (155 157) (155 157) (159) (158 160)
 (161) (161) (162 163) (164) (165) (165) (167) (166 168) (169) (170) (171)
 (172) (173) (174) (175) (175) (174) (177 178 176) (177 178 176) (179 180)
 (181) (182) (183) (184) (184) (185 186) (187) (188) (189) (190) (191) (192)
 (193) (194) (195) (196) (197) (198) (199) (200) (200) (201 202) (203) (204)
 (205) (205) (207) (206 208) (209) (210) (211) (212) (213) (214) (215) (216)
 (217) (218) (219) (220) (220) (221 222) (223) (224) (225) (226) (227) (227)
 (228 229) (230) (231) (232) (233) (234) (235) (234) (236 237) (238) (239)
 (240) (241) (242) (243) (244) (244) (245 246) (247) (245 246) (249 248) (250)
 (251) (252) (253) (254) (255) (256) (256) (257 258) (259) (260) (260) (262)
 (261 263) (261 263) (265 264) (266) (267) (266) (268 269) (270) (271) (271)
 (273) (274) (274 272) (276) (277) (275 278) (279) (279) (281) (282 280) (283)
 (284) (284) (286) (285 287) (285 287) (289 288) (290) (291) (291) (293)
 (292 294) (295) (296) (296) (295) (297 298 299) (300) (300) (302) (301 303)
 (304) (305) (306) (307) (308) (309) (310) (311) (312) (313) (313) (312)
 (313 316) (315 317) (314 318) (319) (320) (320) (321 322) (323) (324) (325)
 (326) (327) (328) (329) (330) (331) (332) (333) (333) (334 335) (336) (337)
 (338) (339) (340) (341) (342) (343) (343) (345 344) (346) (347) (348) (349)
 (350) (350) (352) (353 351) (354) (355) (355) (356 357) (358) (359) (360)
 (361) (362) (363) (363) (364 365) (363) (364 367) (366 368) (369) (366 368)
 (370 371) (370 371) (373) (374) (372 373) (374 376) (377) (378 375) (379)
 (380) (381) (382) (383) (384) (384) (385 386) (387) (388) (389) (390) (391)
 (392) (393) (394) (395) (396) (397) (398) (399))