(NIL (1) (2) (3) (3) (5) (4 6) (7) (8) (9) (10) (11) (12) (13) (14) (15) (16)
 (16) (17 18) (19) (20) (21) (22) (22) (23 24) (25) (26) (26) (27 28) (29) (30)
 (31) (31) (33 32) (33 32) (34 35) (36) (37) (38) (39) (40) (41) (42) (43) (44)
 (45) (46) (47) (47) (49) (50) (51 48) (52) (53) (54) (55) (52) (57 55) (58)
 (59) (60 56) (61) (62) (60) (63 64) (65) (66) (67) (68) (69) (70) (71) (72)
 (72) (74) (75) (76) (77) (73 78) (73 76) (79 80) (81) (82) (83) (84) (85) (86)
 (86) (88) (89 87) (87 88) (90 91) (92) (93) (94) (94) (96) (97) (98 95) (99)
 (99) (101) (100 102) (103) (104) (105) (103) (107 104) (105 108) (106 108)
 (109 110) (111) (112) (113) (114) (115) (116) (117) (118) (119) (120) (120)
 (121 122) (123) (124) (125) (126) (127) (126) (129 128) (130) (131) (131)
 (132 133) (134) (135) (135) (137 136) (137 136) (138 139) (140) (139)
 (140 142) (143) (141 144) (145) (146) (147) (148) (149) (148) (149 151) (152)
 (153 150) (154) (150 152) (155 156) (157) (158) (159) (160) (159) (161 162)
 (163) (164) (165) (166) (167) (168) (169) (169) (171) (170 172) (170 172)
 (173 174) (175) (175) (175) (177 178 176) (179) (179) (180 181) (182) (183)
 (184) (185) (186) (185) (186 188) (189) (190) (187 191) (187 191) (193 192)
 (194) (194) (195 196) (197) (195 196) (198 199) (200) (201) (201) (202 203)
 (204) (205) (206) (207) (208) (209) (210) (211) (212) (213) (213) (214 215)
 (216) (217) (218) (219) (220) (220) (222) (223) (221 224) (225) (226) (227)
 (228) (229) (230) (231) (232) (232) (233 234) (235) (236) (237) (238) (239)
 (240) (241) (242) (243) (244) (245) (246) (247) (248) (249) (250) (251) (252)
 (253) (252) (254 255) (253 255) (257 256) (258) (259) (259) (260 261) (262)
 (263) (264) (265) (266) (267) (268) (269) (270) (270) (271 272) (273)
 (271 272) (273 275) (273 275) (274 276 277) (274 276 277) (278 279) (280)
 (280) (281 282) (283) (284) (284) (286) (285 287) (288) (288) (289 290) (291)
 (292) (293) (293) (294 295) (296) (297) (298) (299) (300) (301) (302) (303)
 (304) (305) (306) (305) (307 308) (309) (310) (311) (312) (313) (314) (315)
 (316) (317) (318) (318) (320) (321 319) (319 320) (322 323) (322 323)
 (324 325) (324 325) (326 327) (328) (329) (330) (331) (332) (332) (334)
 (333 334) (335 336) (337) (338) (339) (339) (340 341) (342) (343) (344) (345)
 (346) (347) (348) (347) (349 350) (351) (352) (353) (353) (354 355) (356)
 (356) (357 358) (357 358) (359 360) (361) (361) (362 363) (364) (364)
 (365 366) (367) (368) (369) (370) (371) (372) (373) (374) (375) (376) (376)
 (377 378) (379) (379) (380 381) (382) (381) (382 384) (385 383) (386) (386)
 (387 388) (389) (390) (391) (392) (393) (394) (395) (396) (394) (397 398)
 (399))