(NIL (1) NIL (3) NIL (5 4) (2 6) (2 6) (7 8) (5 4 2) (6) (11) (11) (9 13) (13)
 (2 15) (10 16) (17 9) (12 15) (12 13) (10 20 9 15) (19 21 17 14) (22) (21 16)
 (17 24) (19 25) (26 14) (27) (28) (29 23) (24 14) (17 31) (28 23 32)
 (33 29 18) (30 32) (19 24) (36 28) (37 32) (29 38) (22 39) (35 40) (41)
 (34 42) (43) (44) (45) (46) (45) (47 48) (48) (44) (51) (51 47 48) (53)
 (50 54) (54) (52 55 56) (52 53) (50 54 58) (49 59) (50 58 56) (61) (59 61 55)
 (49 63) (64) (49 53) (65 66 62) (57 60 67) (66 62) (68 69) (63 69) (64)
 (57 72 67) (72 62) (71 74) (57 75 67) (75 68) (77) (78) (79) (70 73 80) (81)
 (82) (80) (84 73) (85) (81 86) (86) (70 84) (83 89 88) (90) (76 85) (92 88)
 (93 89) (92) (83 95) (96 91 87) (81 95 89 86) (98 87) (93 99 97) (95 91)
 (101 93 96) (102 99) (103) (103) (105) (106 97) (103) (106 108 100) (103)
 (101 94 96 98) (111 106 100) (101 93) (105 113 108) (110 94 100 114)
 (111 113 106) (113 109) (115 117) (104 118 112 107) (117 114)
 (120 115 107 112) (104 120 107 110) (118 122) (107 120 94 110) (118 124)
 (119 124) (126 122) (127 116) (104 110 117) (129 128) (130) (131 123 121)
 (131) (133 123 125) (133 123 125) (130 123 121) (133 136) (137) (138 125)
 (139 132) (139 134) (138) (136 133 125) (141 143) (140 144) (130) (145 146)
 (146 140 142 135) (146 132) (140 149 142) (149 136) (147 151 135) (150 151)
 (153 144) (145 153 148) (155) (133 151 125) (154 156 157 152) (139 157 142)
 (153 147 159 135) (154 160) (161) (162 156 152) (163) (162 156) (165)
 (162 155 152) (156 160 152) (166 168) (165 168) (170 166 167) (171) (170)
 (164 173) (173 166) (169 175) (169 175) (177 167) (178 164 172) (179 158)
 (180 176) (181) (180) (180 174) (179 176) (185 180) (186) (186 181 184)
 (185 181) (189 182) (190 184) (187 190 184) (190) (177 163 176) (194 184)
 (195 183 192) (196) (196) (188 197 198) (195 189 182) (185 194 174 182)
 (201 198) (201 192) (193 202 203 191) (204) (205 197) (188 205) (188 204)
 (204 199) (209 206 208) (210 207) (210 207) (212) (212) (212) (210) (211 216)
 (217) (218) (219) (220 213 214) (219 215) (219 214) (207 216) (213 215 224)
 (225 221 200) (226) (227 222) (221 215 224) (229) (228 230) (231) (232)
 (222 230) (234 228) (233 235) (236) (230 222 200) (229 222) (236 238 239)
 (239 238 231) (241 237 223) (242) (233 239 235 238 223) (244) (245 240) (245)
 (243 245) (248 240) (249 247) (245 237 240) (251 247) (251 248) (249 253)
 (254) (241 251) (249 247 256) (257 254) (257 254) (259 252) (258 260 246 255)
 (261) (262) (250 263) (264) (250 263) (265 266) (250 259 258) (268 262)
 (268 264) (270) (271) (265 272) (273) (266 274) (275) (276) (276) (266 271)
 (277 279) (269 278 280) (281) (282) (276 279) (281 284) (267 285 283) (286)
 (287) (288) (288) (290) (291) (292) (292) (289 294) (295) (296) (296) (294)
 (299 293) (299) (298 301) (301) (293 294) (298 304) (305 300 303)
 (297 305 300 302) (294) (308 293) (306 307 309) (298 300 308)
 (311 302 303 304) (305 311 303) (297 306 313) (313 306 309) (305 311 303)
 (297 306 316 309 312) (315 317) (313 316) (310 319 312) (297 306 316 309)
 (321 314 307 319 312) (322) (322 318 320) (322) (324 325) (323 324 325)
 (324 325) (322 310 318) (329) (330 324) (330 326) (332) (331 333 327)
 (331 333 328) (330) (334 336) (337) (337) (337 328) (340) (340) (339 341 342)
 (343) (344) (344) (343) (345 347) (347 335) (348 349) (345 338 347)
 (347 335 344) (338 352) (353) (354) (354 350) (353 348) (345 338 352 346)
 (355 350 358) (356 359) (359) (361 357) (350 358) (363 359) (361 364 351)
 (365) (357 366) (361 363) (366 368) (369 356) (369 367 360) (368 357 366 360)
 (370 372) (362 366 368) (374) (372 374) (369 367 376) (377 370 371 375)
 (377 375) (371 379) (378 380) (381) (382) (383) (383) (385) (373 382)
 (385 387 384) (386 388) (386 388) (390) (389 391) (392) (388) (394 389 391)
 (395) (396 392) (396) (398) (387) (397 398 400) (401) (402) (403) (404)
 (393 405) (403 399) (393 404 407) (402) (409) (410 408) (393 410 404)
 (412 408) (393 402) (414) (411 412 415) (412 405 414 408) (417 416) (418 413)
 (419) (420) (421 406) (422) (421) (424) (418) (426 419) (426) (425 428 422)
 (425 427 428) (430) (430) (432) (433 431 423) (432) (435 422 431) (436 429)
 (433 437 423) (438) (437) (430) (441 436) (442 439) (434 443) (444 440) (443)
 (443 440) (428 421 406) (434 443 448 440) (449 445) (435 423 448) (451 445)
 (452) (450 452 446) (454 447) (451 445) (456) (457 452) (457) (450 459)
 (433 441 451 437) (449 458 461) (462) (453 463 447) (460 455 464) (465) (466)
 (467) (468) (469) (469) (471) (450 459 462) (473 471) (474 472) (473 470 471)
 (476 472) (475 477) (478) (477) (474 480) (481) (482 479) (481) (483 484)
 (485) (486) (486) (484 479) (489 486) (490 487) (491 488) (490) (493) (494)
 (490 488) (493 496) (497 491) (487 496) (497 499 492))