(NIL (1) (2) (2) NIL (5 1) (5 2) (7) (8) (4 7) (5) (11 7) (12) (12 8) (14)
 (9 13 15) (6 15) (13) (10 18 15) (9 19) (20 6 3) (17 18) (19 22 16) (23)
 (12 3 4) (9 25 6) (19 26) (20 27 17) (28) (29 23) (28 24) (26 24) (29 32)
 (21 33) (20 27 32) (35) (21 36 28) (34 37 30) (37 30 31) (36 30) (33 40) (41)
 (42 39) (43) (44) (42 37) (43 46) (34 44 47) (46) (46 39) (49 50 45) (51 38)
 (52 48) (53) (34 51) (55) (54 56) (54 56) (58) (58) (60) (58) (62) (59 61 62)
 (64) (61 62) (66 64) (61 62) (57 59 68) (66 69 64) (70 63) (70) (65 63 72)
 (67 70) (65 74 63) (73 75 71) (76) (75 72) (77 78) (75) (74 63) (81 79) (82)
 (83) (82 80) (85) (81 76 78) (86 87) (81 79) (89 84 86) (89 83 85) (91 84)
 (91 86) (93 88) (94) (95) (92 93 88) (97 90) (98) (89 84 86) (100 93) (97 101)
 (98 101) (101) (98 94 104) (105 99 96) (104 96) (95 104) (105 108) (108)
 (106 110 103) (109 110 103 96) (112) (113 99 107 102) (114) (106 114) (116)
 (116 111) (112) (119 111) (115 117 120) (121) (122 118) (122) (124) (124)
 (123 124) (121) (124 118 128) (129) (130 123) (130) (123 132 126) (133 125)
 (133) (131 135 127) (131 132) (137) (137 134 135) (138 139) (138 139)
 (137 133 127) (137 125 127) (133 143) (139 144 136) (134 144) (146 141 136)
 (147 140) (148) (149) (147) (145 150 151) (145 147 140) (153 151) (154)
 (153 151) (154 156 142 150) (153 148) (149 158) (154 158) (153 142)
 (161 155 159) (161 154) (163 152) (162 164 160) (163 156 160) (162 150 166)
 (157 167) (157 167 152) (169) (167 152) (155 157 166) (170 164 172) (173 168)
 (170 164 172) (173 175) (176) (177) (169 172) (179 165 174 175) (171 180)
 (179 165) (174 175 182) (171 183 176) (182 175) (185 171 180) (174 182)
 (187 175) (163 160 157 152) (185 171 189 168) (190 176) (177 188 191 183)
 (188 191) (177 193 181) (193 180) (177 193 181) (178 194 196 195 186)
 (193 192) (186 195 181 198) (177 188 181 190) (178 194 196 200 186)
 (201 198 184) (202) (186 195 198 200) (201 204 197 184) (202 204 197 199)
 (206) (206) (203 206) (206) (210 205 207) (210) (209 212) (213) (214)
 (203 212) (209 210 208) (217 205) (217 211 213 216) (217) (217 214)
 (217 211 212) (218 214 222) (219 221 223) (215 224) (224) (226 215) (227)
 (226 215) (220 229 228) (228 229) (225 230 231) (231) (230 231) (233 234)
 (235 232) (236) (225 234) (238) (235 239) (240 232) (241) (242 237) (243)
 (244) (245) (245) (244) (243) (233 234) (250 243) (251) (252 245) (253 246)
 (253) (255 254 247) (256) (257) (253) (259 248) (260 246) (257 261) (262)
 (263) (264) (265 258) (249 265) (260 254 255) (268) (267 269) (270) (271)
 (272) (272) (265 269) (258 275 270) (249 258 261 269) (273 274 275 277)
 (276 278) (265 277) (280) (281 274 276) (273 282) (266 283) (266 283)
 (285 279) (273 282) (287 279) (266 287) (266 287) (274 276 280) (291 285 278)
 (292 288) (290 293 286) (290 284 292 288) (295) (290 292 288)
 (297 284 293 286) (297) (299) (298 294) (301 295) (289 302) (302)
 (299 303 304) (289 304) (303 304) (305 307 296) (289 300 304) (309 305) (310)
 (310) (312) (313 311) (314 296) (312 307 306 296) (316) (314 308 317) (318)
 (315 318) (320) (321) (322) (323) (321) (325) (322 326) (324 327 319)
 (323 326) (314 316) (329 330 324 327 319) (330 315 317) (331 332 328) (330)
 (322 326 334) (333 335) (335 328) (337 333) (338) (339) (334 328) (338 341)
 (342) (343) (344 336) (345 340) (339 344) (347) (348) (348 336) (350) (351)
 (340 349 352) (348 340) (345 354 349 352) (354) (353 355 356) (346 357)
 (346 356 352) (359) (349 360) (359) (362 358) (353 361 362) (364 358) (365)
 (366) (367) (368) (369) (370) (371) (366) (369 373) (372 374) (375) (375)
 (377) (378) (378 363) (377) (381) (363 379 382) (383 376) (380 383 376) (382)
 (379 382) (386 363 387) (386 387 376) (379 382) (390) (390) (385 386 392)
 (393 388) (385 386 387 390 384) (395 391 392) (396) (397) (394 397) (395)
 (388 397 400) (396 400) (393 401 398 402) (394 403) (363 381) (405 403 389)
 (394 406) (407) (407 399) (409) (410 404) (411) (410) (410 404 408) (394 406)
 (405 404 389) (416) (417 411 413 414) (409 417) (419 415) (413 416)
 (417 411 421) (419 422 415) (422 408) (415 424) (411 420 421) (426 414)
 (426 424) (425 427 412 428) (429 423) (430) (418 431) (429 423) (433) (433)
 (433 430) (418 436) (435 436) (435 436) (429) (434 435 436 431 440)
 (435 431 440) (434 437 438 439 442) (434 440 432) (435 444) (436 445)
 (441 445) (442 445 439) (438 448) (449 437 446) (450 447) (437 448) (443 448)
 (444 439) (449 446 454) (455) (450 454) (457 443) (458 451 453) (458 451 452)
 (460 453 456) (461) (462) (463) (463) (460 455) (466 463) (459 467 464) (468)
 (466 459) (465 469 470) (469 470) (470 464) (473 468) (465 466) (473 475 469)
 (474 476) (476) (475) (475) (479 480) (475 459 467) (473 482 468) (483)
 (481 484 477 471) (482 477 479 471) (483 486) (487 472) (488) (486)
 (490 485 472) (491) (492 488) (493) (494) (495) (494) (497) (489 498) (499))