(NIL NIL NIL (3 1) (4) NIL (5) (7) (5) (7 9) NIL (11 7) (11) (11 6 10) (8 14)
 (14) (14) (8 17) (2 18) (13 2 15) (20) (21 17) (12 22) (21 18) (21) (25)
 (25 19) (25) (27 26 28) (29 22) (23 16 30) (28 17) (23 24 16 30 32) (33) (34)
 (35) (34) (33) (34 38 31) (39) (40) (33) (42 37) (41 43 36) (42 35) (41 36 45)
 (45 38) (43 36 45 38 31) (44 47 48) (49) (39 48) (49 51) (50 52) (51 40) (54)
 (51 47) (52 56) (50 55 56) (58 52) (57 59) (57 59 46) (61) (60 62) (60 62)
 (63 64) (53 64) (60 62) (67) (67) (67) (70 64) (68 71) (65 69 72) (72)
 (74 53 63) (69 71) (76 72) (73 66 77) (74 78) (68 71 63) (80) (81 79) (66 80)
 (74 83) (74 83 77) (81 85) (75 83 79) (82 87) (84 86 88) (82 83) (90 86 88)
 (91) (92 84) (93) (93) (89 95) (92) (92) (91 84) (99) (98 99 93) (101)
 (97 102 96) (100 102 94 96) (97 101) (105 94 102) (106 96) (105 95) (97 99 94)
 (105 109 104) (106 108 110) (109 102) (110 112) (113 106 103) (114 107 111)
 (115) (114 108) (113 106) (107 112) (114 108 119) (115 120) (121 116 118)
 (115 119) (122 123 117) (124) (123) (124 126) (122 117 126) (128) (128) (130)
 (125 128) (132) (129 132) (134) (131 135) (136) (137 127) (131 135 127)
 (137 139 133) (140) (138 141) (137 139) (140 143) (141 143) (145) (138 146)
 (139 136) (148 141 143) (146 149) (145 148) (146 149 151) (152 150 144) (152)
 (151) (151) (153 156 142) (154 157) (155 156) (153 154 159) (158 160)
 (152 156 144) (145 138 148) (154 163 150) (164 159) (162 165) (161 166)
 (147 163 158 160) (161 162 168) (161 162 163) (170 166) (169 171) (170 166)
 (147 173) (161 163) (166 175) (170 147 167 176) (177 171 173 168)
 (178 172 174) (176) (173 175) (179 181) (177 172 181) (183) (178 184) (184)
 (180 183) (187) (179 188) (187 182) (185 190) (190 184) (192) (185 192)
 (193 194 189) (195) (196) (197 191) (192) (199 191) (198 200) (201)
 (185 186 188 193 199) (203 198) (194 189 199) (203 205) (204 206) (198 206)
 (201 208) (209 204) (210 207) (202 210) (212) (212 207) (195 205 200)
 (212 215) (213 215) (217 211) (218) (219) (209 202 215 207) (219 221 216)
 (220 214 222) (220 214 222) (224) (225) (224) (225 227) (228) (229 223)
 (228 223) (230 231) (222) (233 228 223) (234) (233 231) (226 236 234) (237)
 (235 238) (237 229) (234 236) (241 235 238) (226 235 236 230) (242 243 240)
 (242 243 240 232) (245) (246) (246 239) (246) (243 238 240) (250 245 239)
 (250 246 239) (249 252 248) (253) (254 247) (255) (256) (257 251) (256)
 (251 244 259) (258 260) (257 259) (244 254 247) (263) (258 262 264) (264)
 (266 260) (267) (258 268) (266 260) (258 268 270) (262 271) (272) (273)
 (269 261 271) (275) (271) (271) (269 261 262 278) (279) (279) (281 272)
 (265 282 277) (283) (273 283 280) (275 285) (285) (265 273 275 277 278)
 (275 262 278) (289 277 280) (290 286) (286) (291 292) (284 276 293)
 (288 276 293) (274 295) (294 296) (296) (295) (299) (300) (300) (284 302 296)
 (303) (299 294 296) (305 298 304) (297 306) (306 301) (297 305 304 301 287)
 (298 309) (308 310) (311) (311) (313 307) (313) (314 315) (307 315) (311)
 (314 317 318) (319) (320) (318 312) (322 316) (323 320) (323) (321 324 325)
 (323 320) (326 327) (321 327) (322 307 315) (330 324 325 327) (330 323)
 (330 326 327) (329 332 333 328) (333 328) (335) (332 335) (337 331) (338)
 (338 334 336) (338) (341) (329 341) (329 333 328) (331 332 344) (345 340)
 (345 342) (345 339 343 336) (335 344) (346 349 343) (349 336) (348 350 351)
 (348 351) (353 346 342) (354 347) (331 334 344) (354 356) (356 348 351)
 (347 358) (355 357 359 352) (353 359) (361 360) (361 355 357) (363 352)
 (363 360) (365) (366) (366) (367 368) (369) (362 370) (366) (372 368) (373)
 (369 374) (362 372 367) (371 373 376) (370 376) (378) (379 371 364 374) (379)
 (380 381 375) (381 373) (380 383) (371 364 383 375) (377 385) (386 382)
 (385 380) (385) (377 389) (390 386 382 384) (382 390) (385 380) (378 371 373)
 (393 394 390) (386 395 382 384) (386 395 384) (395) (386 398 392) (399 384)
 (397 399) (401 388) (387 395 392) (403 388 397 399) (404) (401 396 405)
 (402 406) (407) (391 408) (402 396 405) (403 388 397 391) (411 406) (412)
 (410 408 412 400) (411 396) (409 415 400) (410 415) (409 417) (418 414)
 (417 408 400) (409 410 415) (417 421 413 400) (422) (422) (415 407)
 (425 413 416) (418 420 421 414 426) (419 427) (427 424) (429) (429) (431)
 (419 431) (429) (429) (435 423) (428 436) (437) (433 434 438) (433 434 438)
 (430 440) (440) (436 428 430) (443 438) (434 444 432) (445) (441 446) (447)
 (441 446 439) (444) (449 450) (451) (441 444) (453 447) (453 447 439)
 (451 455) (442 451 455) (457 454) (458) (459 452) (457) (461 448) (462) (463)
 (458 464) (459 452 464 456) (456 461 454 448) (467 460) (468 464) (466 468)
 (467 460) (458 467 464) (465 460 472) (473 471) (474) (475 468) (476)
 (476 469 470) (477 478) (478) (480) (476 469) (482 478) (483) (483 477)
 (473 468 471) (477 478 486) (487) (488) (489 483) (490 480) (481 491 484)
 (489 485) (481 491 484 493) (488) (481 495 479) (489 483 496) (497 484)
 (491 496) (491 485 496))