(NIL NIL NIL (2) (1 2) (5) (3 6) (2) (5 4 8) (8) (3 5 10) (3 10) (6)
 (7 13 9 11) (13 10 9) (13 12 11) (10) (12 17) (14 18) (11 12 17 9) (14 20)
 (20) (19 22) (7 13 22) (19 15 24) (16 22) (26) (14 27 24) (28 21 23)
 (27 15 18) (29 30) (25 26 21) (23 32) (30 32) (31 32) (34 35) (33 36) (35)
 (33 34 38) (35) (39 40) (29 32) (42 38 40) (43 37) (43 39) (36 45) (33 43)
 (43 39) (33 42 40) (49 39) (49 36 47) (41 49 36) (52 51 44) (50 53) (52 44)
 (51 46 55) (50 53 55) (57) (50 52 48) (59) (58 60 54) (61 56) (58 60)
 (58 60 45 54) (58 59 54) (65) (66 63 56) (66 61) (68 45) (69 63 64) (69)
 (68 63 64) (72 62 71 70) (68 56) (74 69 62 64) (75 72) (76 71) (77 70) (73 75)
 (79) (77 80) (81) (82) (67 83) (84) (85) (78 80) (86 87) (88) (89) (90) (91)
 (92) (86 87) (94) (95) (91 96) (97) (98) (95) (100) (92 101) (97 102) (102)
 (98 104) (97 104) (99 104) (104) (100 88) (109 103 104) (105 110)
 (105 107 110) (112) (113 108 93 111) (114) (106 115) (106 114) (115 117)
 (116 118) (116 117) (99 109 104) (121 111) (122 120) (123) (124) (121 119)
 (121 120) (123 127) (123 118 127) (127) (127) (129 131 126) (131 124 126)
 (130 131 118) (122 134) (135) (129 133 136) (129 133 136) (126 134)
 (139 133 135 128) (140 136) (137 141 132 125) (142) (137 138 139 125) (144)
 (145 140) (145 143) (143 144) (148) (149) (147 150) (151) (146 152) (148)
 (146 154) (153 155) (156) (157) (147 148) (155 159) (157 159) (161) (162)
 (163 160) (162 160) (164 165 158) (166) (146 159 152) (164 168) (166 168)
 (168 158 160) (171 166) (170 172) (169 173) (174) (175) (175) (175 167)
 (174 167) (179) (180) (181) (178 181) (183 176) (177 182 184) (182 184) (184)
 (182 184) (178 181) (177 186 189) (185 188 190) (185 189) (186 192) (193)
 (193 191) (194 187 195) (193 187 188) (197 191) (194 195 198) (199) (200)
 (199) (202) (203) (203) (205) (201 204 206) (196 207) (208) (201 204 206)
 (210 196) (201 203) (210 212 208) (213) (213) (211 214 215) (209 216) (215)
 (217 218) (219) (219) (219) (222) (209 214 215) (220 223 224) (225) (224)
 (225 227) (226 228 221) (228) (228) (221 231) (229 232) (233) (234) (233 230)
 (226 232) (225 227) (228 238) (235 236 239) (240) (241) (242) (243) (244)
 (245 237) (243) (247) (243) (242 237) (240) (251 237 247) (249 252 245)
 (243 251) (249 254) (244 254) (250 252 254) (244 237 254 247) (258 256 248)
 (237 240) (257 259 260 255) (257 258 260 245) (249 262) (259 263 255) (264)
 (253 264) (266 246) (253 264) (267 268) (268) (261 270) (265 269 271) (272)
 (246 271) (274 272) (275) (267 271) (277) (277) (275 279) (280) (281)
 (282 278) (283) (268) (282 276 285) (276 285) (284 287) (288) (273 289 286)
 (284 287) (285 278 280) (290 291 292) (275 285) (286 294) (273 289 295) (296)
 (297) (298) (298 292) (292 295) (290 295) (291 299 302) (293 303) (304)
 (293 302) (298 306) (307) (308 301) (306 303) (307 310 304) (305 301 311)
 (301 310 304) (305 313) (314 300) (315 309 312) (307 315) (317 311)
 (308 317 311) (319) (320 312) (319) (322 309 320) (323 316) (314)
 (325 322 309) (316 326) (322 316 325 320) (323 326 328) (316 325 318)
 (330 326) (321 330) (323 332 328) (321 316 325) (323 318 334)
 (329 330 324 335) (331 336) (323 318 327 334) (329 332 331 324 338) (339 333)
 (338 324) (341 331 333 336) (342) (339 343) (343) (331 341 336) (346 344)
 (347) (346 343) (349) (348 350) (337 341) (349 352) (345 353 347) (354 350)
 (354) (356 350) (354) (351 352) (345 353 359) (360) (361 355 357) (361 354)
 (359) (361 364 356 358) (363 365) (340 357 366) (367) (366) (364 363 340 358)
 (362 367 370) (371) (372 368) (369 372) (374) (372) (372) (377 373 375 376)
 (370 368) (379 373 375) (362 379) (381 375) (382) (383) (381 375 376)
 (379 375) (386) (381 387 373 376) (377 385 387) (386) (378 390 383)
 (380 388 390) (388 389 390) (386) (394 389 391) (395 392) (393 395)
 (394 380 389 391) (388 398) (399) (400) (398) (388 398) (393 402 403 396)
 (403 392) (396 405) (406) (397 407 400) (408) (406) (401 402 409 410 384)
 (393 410 407) (411 412) (404 413) (414) (414) (413) (409 404 412) (418 416)
 (419) (420) (417 421) (419) (418 416) (417 424) (425 422) (426 423 415) (427)
 (425 422 415) (429 423) (430) (425 422) (428 429 432) (433) (434) (433)
 (436 430) (433 431) (438) (434 437 439) (438) (441 434 437 439) (442 440)
 (442 435) (437 438) (445) (434 446) (444 447) (441 435 447 440) (449 443)
 (446 440) (451 448) (452) (453) (449 454) (450 454) (453) (457 455 456)
 (457 456) (443 453) (460 455 456) (458 461) (460 454) (459 462 463) (464)
 (465) (450 460 454) (465 467) (468) (469) (470) (470) (472) (473) (473 471)
 (465 467) (475 476) (477) (474 478) (468 476) (480) (473 466 481) (482 475)
 (474 483 477) (484) (485) (478 486) (474 483) (483 477) (489) (490) (490 487)
 (491 492 479 488) (474 490) (494) (486 495) (496 488) (497 493) (497 491)
 (499 492 479))