(NIL NIL (2) NIL (4) (5 3 1) NIL (7 4 2) (6 8) (7 5 3) (10 8) (11) (12) (7 6)
 (13 9 14) (10 14) (8 16) (12 17 9) (12 16) (19) (20) (21) (13 22) (18 23 15)
 (19) (17 20 9) (9 16) (25 27 24) (18 27 22) (25 29) (13 29) (31 23) (28 32)
 (26 33) (28 32) (26 33 35 30) (26 31 23) (25 37 15) (25 37 15) (39 35)
 (39 38 32) (38 32) (35 42) (40 43) (33 30 43) (45 40) (45 40) (47) (34 36 48)
 (41 44 46 49) (41 34 44 47) (51) (51) (53 48) (54) (52 54 49) (45 41 36)
 (57 55) (50 58 56) (57 46 56) (57 54) (61) (61 49) (46 62 63) (60 64)
 (50 64 58) (66 56) (63 55 56) (66 68) (69) (59 67 70) (59 69 67) (58 61 56)
 (66 73) (69) (75 74) (76 60) (77) (67 78) (65 79) (71 80) (81) (82) (65 79 71)
 (76 60) (83 85) (82 85) (83 87) (84 88) (89) (83 84 87) (89 91) (89 91 72)
 (91 86) (94 88) (90 95) (82 85 72) (97 86) (90 94 98) (99 92 93) (100) (100)
 (102) (101 102) (104 96) (95 104) (106) (97 90 94) (108 104 96) (106 109)
 (107 109) (106 109 103) (112) (113 111) (114) (112) (114 116) (107 116) (118)
 (105 114 119) (120) (115 110 120) (122) (121 122) (124) (125) (124) (122)
 (128) (121 128) (130 123 124) (131 125) (122) (130 133 127) (129 133 123 117)
 (131 135) (120) (137 131 135) (138 132 136) (137 115) (140 136) (141 126)
 (132 134 142) (138 141) (142 144) (145 139 134) (146 143) (138 132 140)
 (139 148 143) (149) (150 144) (151) (150 144) (153 152) (153 147) (155)
 (148 134 142) (153 147 157) (154 158) (154 158) (160) (153 157) (162 159)
 (162 155 158) (164 160) (165) (161 166) (167) (162 158) (154 155 157)
 (170 167 159) (169 171) (172) (156 173) (163 171) (156 175 168) (170 163 160)
 (177 156 173) (177 156 173 175 168) (179) (179 174) (181 176) (181)
 (178 179 174) (183 184) (180 183 184) (186 182) (180 181 184) (188) (189 183)
 (182 190) (187 188) (184 181 176) (193 186) (194) (195 188 182) (196 190)
 (196) (189 198) (185 199) (197 198) (201) (202 200) (203) (204) (198)
 (185 206 199) (203 207 191 192) (205 208) (190 207) (202 210) (210 204 192)
 (210 204 192) (213) (214) (211 212 214 191) (213 208) (217) (218) (219)
 (219 205) (209 218) (221 214 222) (223 215 216) (222 216) (225 219) (225)
 (226 227 220 223) (228) (229) (230) (231 224) (232) (231 224) (231) (229 215)
 (236 232) (228) (234 237 238) (234 235 238) (240) (241 236 232) (234 237 238)
 (233 243 239 240) (241 243) (233 245) (246) (247) (233 242 245 239) (249 247)
 (250 244) (249 247) (249 247) (253) (244 254) (251 252 255) (256) (253)
 (258 251) (257 259) (259 255 248) (261) (257 262) (263) (263) (252 262) (266)
 (265 267) (258) (265 266 269) (268 270) (271) (260 271) (267 270) (274 268)
 (274 260 271) (274 268) (273 276 277) (275 278) (277 271) (269 263)
 (281 280 279 264) (282) (281 275 277 271) (284 280 272) (285 264) (286 279)
 (282 286) (273 286) (289) (289 283 288) (289 282) (292 287) (290 291 293)
 (283 286) (294 295) (296) (297) (298) (297) (296) (301) (298 301) (301)
 (299 304) (305) (305 303) (305) (298 302 304) (309) (306 310) (305 310 303)
 (307 312) (313) (306 307 300 309) (315 311 312) (307 309) (313 308 317)
 (308 317) (313 316 319) (318 320) (321) (321) (320) (314 324) (325 318) (324)
 (314 323 327) (322 326 328) (327) (321 314 327) (322 323 331) (332 325 328)
 (330 333) (334) (334) (333) (331 328) (338 326 335) (321 314 324)
 (340 332 326 328) (338 341) (342 336) (329 337 343) (339 344) (345) (343)
 (340 334) (337 339 348 341) (349 344) (345 349) (346 348) (347 350 351 352)
 (329 348 335) (354 350) (354 347 351) (346 356) (357 350) (358 352) (359)
 (353 356) (361 357) (362 359) (363) (363) (355 365) (354 347 349 344)
 (355 365 367) (364 368) (369 366) (368) (368) (370 371 372 360)
 (370 371 372 360) (374) (374) (376) (377) (378) (378) (380) (381)
 (373 382 375) (383) (383) (381) (380) (385 387) (386 388) (379 389)
 (386 379 387 383) (388 391) (385 387) (379 387 383) (394 392) (395) (396 390)
 (393 397 384) (398) (399) (398) (401) (401) (403 400) (397) (402 403 405 399)
 (404 406) (405 384) (394 388 391) (409 404) (410) (411 406 408) (409 400)
 (410 413 407 408) (414) (415) (402 413 410) (417 411) (418 412) (419)
 (418 406) (417 411 414) (402 411 413 408) (421 423) (424 416) (414 424)
 (426 412 415) (425 426 422) (419 423 416) (427 429) (420 430) (420 429)
 (420 429 424) (433 431) (434 422) (417 406 423) (436 431) (433 436 431 432)
 (433 427 428 436 432) (434 438 439) (435 439) (441) (442) (441 440)
 (419 436 422) (442 445) (445 431) (434 428 438 447) (446 448) (448 446 440)
 (450 443 444) (449 451) (452) (453) (453) (454 455) (450 437) (457 452) (458)
 (457) (460 453) (461 454 455) (462) (459 463) (449 451 460) (465 458 462)
 (466 459) (467 463) (467) (466 459) (466 459) (467 471 463 456) (472 464)
 (473 470) (471 456) (475 467 470) (468 476) (473 476) (476 463) (469 479)
 (478 480) (473 468 469 476) (482 480) (483) (484 478) (483) (486)
 (485 477 487) (488) (488) (488) (474 488) (492) (485 487) (477 494) (495)
 (481 493 496) (497) (494 488) (485 487))