(NIL (1) NIL (2) (2) (3 4 5) (6) (7) (8) (8) (10) (11) (12) (9 13) (14) (15)
 (12) (9 17) (18 13) (19 16) (20) (21) (22) (23) (23) (22) (26 23) (25 27 24)
 (27 24) (25 29) (28 30) (31) (32) (33) (32) (33 35) (36) (28 30) (34 37 38)
 (39) (39) (41) (42 40) (43) (44) (45) (44) (47) (46 48) (48) (49 50) (51) (48)
 (51 53) (54) (55) (56) (56) (58 52) (59) (57 60) (57 58) (61 62) (63) (64)
 (64) (64) (64) (65 66 67 68) (69) (69) (71) (70 72) (73) (74) (75) (76) (75)
 (78) (71) (76 78 80) (77 80) (82 78) (81 83 79) (84) (83) (81 86 79) (86 79)
 (87 88) (89 85) (90) (84 88) (90 92) (93) (94) (91 95) (96) (97) (98) (99)
 (100) (101) (101) (101) (98) (105 102 104) (106) (107 103) (107) (109)
 (109 103) (111) (105 102 103 104) (113 108 110 112) (113 112) (113 110 112)
 (113 108 111) (116 117) (115 118) (114 119) (113 110 111) (121 120) (122)
 (123) (124) (125) (125) (127) (126 127) (129 128) (130) (126 127) (131 132)
 (133) (132 128) (133 135) (136) (137 134) (134 136) (137 139) (140) (138 141)
 (138 141) (143) (142 143) (137 139) (146 142 143) (146 144) (148) (145 149)
 (149) (147 150 151) (142 151) (153 147 150) (154) (145 153) (154 156 152)
 (155 157) (155 157) (159) (158 160) (161) (159) (161 163) (162 163) (161 163)
 (162 166) (162 164 166) (165 168) (168) (170) (170 167) (169 171 172)
 (171 172 165) (170 167) (169 171 175) (173 176) (177 174) (178) (179)
 (177 174) (180 181) (182) (182) (182) (185) (186) (187) (188 183 184) (189)
 (190) (191) (190) (193 191) (193 192) (195) (195) (193 191) (194 196 198)
 (196 197 198) (194 200) (201 199) (202) (203) (204) (205) (205) (199 200)
 (206 208) (209 207) (210) (210) (212) (211 213) (214) (215) (211 213) (217)
 (218 215) (218 216) (220) (221) (221) (221) (219 222 223 224) (225) (226)
 (227) (227) (229) (230) (228 231) (231) (233 232) (234) (234) (234) (234)
 (238) (238) (236 237 240) (236 240) (241 242) (235 243) (242) (244 245 239)
 (246) (247) (248) (248) (247) (247) (249 252) (253) (253) (254 255) (254 255)
 (257 250 251) (257) (258 259) (260) (261 256) (260 256) (261 263) (264)
 (265 262) (266) (262 263) (268) (262 263) (266 269 270) (267 270) (271 272)
 (273) (267 270) (275 269 272) (275 271) (274 277) (274 276 277) (279)
 (278 280) (281) (282) (283) (283) (284 285) (286) (287) (286) (289 287)
 (290 288) (291) (291) (293) (292 294) (295) (296) (295) (293) (299 292 294)
 (298 300) (298 300 296) (297 301 302) (303) (304) (305) (306) (307) (307)
 (306) (308 309 310) (309 310) (308 312) (313) (314) (315 311) (316) (317)
 (318) (318) (320) (321) (320) (318) (321 324) (325 319) (322 323 325)
 (327 319) (327 319) (326 327) (330 328) (329 330) (331 332) (333) (334) (333)
 (333) (337 335 336) (338) (338) (338) (337 335 336) (340 342) (339 343)
 (341 344) (345) (346) (345) (346 348) (347 349) (347 349) (347 348) (351 352)
 (353) (354 350) (355) (356) (357) (358) (359) (359) (361) (361) (362 363)
 (364) (365) (366 360) (364) (367 368) (369) (370) (371) (372) (365 368)
 (372 374) (372 374) (375 376) (373 375 376) (378) (379) (377 380) (381) (382)
 (383) (384) (385) (383) (387) (388 384) (385 389) (390) (391) (390) (393)
 (389) (388) (394 386 396 392) (395 397) (398) (399) (400) (401) (402) (401)
 (402 404) (403 404) (406) (403 404) (406 408) (407 408) (410 405) (411)
 (409 412) (413) (414) (415) (409 412) (417 415) (409 412) (419 416) (417 420)
 (419 416) (418 421 422) (422) (418 420 424) (425) (418 421 424) (423 424)
 (427 428) (429) (426 427 428) (431) (430 432) (425 428) (426 429 434)
 (434 427) (436 429 432) (437 430) (433 438) (435 439) (440) (441) (441)
 (442 443) (444) (442 443) (442 443) (447) (446 448) (449 444) (449 445) (451)
 (450 452) (450 452) (451) (455) (453 454 456) (453 456) (458 454) (457 459)
 (458) (458) (460 462) (461 463) (464) (464) (465 466) (467) (467) (469) (469)
 (471) (468 471) (473 470) (473) (475 470) (476) (477 472) (478) (474 479)
 (480) (474 478) (482) (482) (484 479) (481 485) (483 486) (487) (487)
 (483 485 480) (489 490) (490 487) (491 492 488) (493) (494) (495) (496) (497)
 (494) (498 499))