(NIL NIL (2 1) (3) (2) (5) (6 4) (7) (6) (6) (6 3) (7 11 9 10) (8 12) (13) (14)
 (8 11 10) (15 16) (17) (13 16) (17 19) (19) (17 21) (18 20 21) (22 23) (22 23)
 (25) (26 24) (27) (27) (29) (29) (31) (28 30 32) (33) (34) (34) (35 36) (37)
 (38) (38) (39 40) (41) (42) (41) (43 44) (44) (43 46) (47) (43 46) (49)
 (50 45) (50 47) (51 52) (52) (54 48) (51 54 48) (56) (56) (56) (59 53)
 (57 59 53 55) (58 60 61) (61) (63) (58 64) (65 62) (60 63) (67) (65 67)
 (66 68 69) (70) (71) (71) (73) (74 72) (74 72) (76) (75 77) (77) (79) (75 76)
 (81 79) (82) (83 78) (84) (82 78) (86) (85 87 80) (84 87 80) (86) (89 90 85)
 (91 88) (91 88) (93) (94) (95) (92 95) (97) (98) (98) (98 96) (101) (102)
 (99 103) (104) (101) (105 106 100) (107) (108) (106 100 104) (105 110)
 (109 111) (112) (113) (113) (115) (116) (116) (117 118) (115) (114 119 120)
 (121) (121) (118 120) (124) (114 124 119) (123 125 126) (122 127) (125 126)
 (129 127) (130) (129 122 127) (131 132) (133 128) (133 128) (134 135) (136)
 (137) (130 132) (139 134) (140 136) (138 141) (138 141) (142 143) (143) (145)
 (146 144) (146) (148 144) (149) (149) (149) (147 152) (152) (151 152)
 (153 154 155) (156) (147 150 155) (157 158) (159) (160) (156 158) (162 160)
 (162 160) (161 164) (162 160) (166) (164 167) (163 168) (161 169) (170)
 (171 165) (171 165) (172 173) (172 173) (175) (176) (174 175) (178 176) (179)
 (178) (180 181) (182) (183) (177 183) (180 181) (186) (177 187 183) (188 184)
 (177 187 183) (185 189 190) (191) (185 189 190) (193) (194 192) (194 192)
 (196) (197) (197) (195 198 199) (195 198 199) (193 191) (201 202 200) (203)
 (203) (204 205) (206) (206) (207 208) (209) (210) (209) (210 212) (213)
 (211 214) (211 213) (216) (217 215) (218) (219) (220) (220) (219) (220 223)
 (222 224) (221 223) (226 222 224) (225 227) (228) (227) (228 230) (230)
 (229 232) (233) (234 231) (228 232) (233 236) (235 237) (235 237) (239)
 (238 239) (241) (242) (243 240) (243 240) (245) (242) (245 247) (248) (248)
 (246 247) (251) (249 252) (250 253) (244 254) (244 253) (255 256) (250 256)
 (257 258) (259) (257 258) (259 261) (260 261) (260 261) (263 264) (265)
 (266 262) (267) (268) (267) (268 270) (271) (272) (273) (274 269) (275) (275)
 (277) (277) (277) (276 278 279 280) (281) (282) (282) (284) (285) (281)
 (286 287) (283 284 287) (289 286) (290 288) (291) (292) (293) (294) (295)
 (294) (293) (293) (299 296) (289 285) (298 299 301) (299 301 295) (298 301)
 (300 303 304) (305 302) (306) (307) (308) (297 308) (310) (311) (312) (311)
 (314 309) (315) (315) (313 317) (314 312) (317 319) (313 316 320)
 (313 317 319) (321 322) (323 318) (322 318) (321 325) (326) (327) (323 328)
 (329 324) (329) (327) (332 331 324) (329 332 324) (333 334) (335) (330 336)
 (329 332 324) (330 338 336) (337 339) (337 339) (341) (340 342) (340 341)
 (343 344) (345) (343 344) (343 344) (345 347 348) (345 347 348) (347 348)
 (345 351) (346 349 352) (350 352) (353 354) (355) (354) (346 349 357)
 (353 358) (358) (353 357) (361 355) (362 358) (363 359 360) (361 359)
 (362 356 365) (363 366 360) (363 356 365 360) (368) (369 367) (369 364 367)
 (368) (372) (372 370 364) (364 366 368) (370 371 372 375) (376) (377 373)
 (374 375) (377 379 373) (378 380) (381) (378 380) (383) (381 384) (385)
 (381 384) (387) (386 387) (389 382) (390) (391) (390) (385 387) (394 390)
 (395 392) (395 391) (397) (393 388 398) (396 399) (388 396 398) (393 401)
 (402 399) (403) (403) (396 397) (403 406) (404 407) (408 400) (405 406 400)
 (409 410) (411) (411) (413) (413) (412 415) (416) (417) (418) (419) (414 415)
 (419 421) (420 422) (423) (422) (425 424) (425 423) (427) (427 424)
 (426 428 429) (430) (430) (431 432) (432) (434) (433 435) (426 427) (435 437)
 (437 430) (433 435 439) (440) (441 438) (442) (442 436) (444) (443 444) (446)
 (447) (445 448) (449) (448) (450 451) (449 451) (452 453) (453) (455)
 (450 456) (454 455) (458 456) (457 459) (460) (457 459) (461 462) (463) (464)
 (465) (464) (466 467) (467) (469) (468 470) (471) (472) (473) (474) (475)
 (476) (475) (476 478) (473) (480) (479 480) (482) (483 477) (484) (482 477)
 (481 484 486) (487) (488) (489) (487) (489 491) (490 492 485) (493) (494)
 (495) (496) (497) (495) (499 496))