(NIL (1) (2) (3) NIL (4) (5 6) (7) (8) (8) (7) (11 8) (9 10 12) (9 10) (14)
 (15 13) (16) (17) (18) (19) (20) (20) (21 22) (23) (24) (25) (25) (26 27) (28)
 (29) (28) (31) (32) (28) (34 29 32) (35 30) (33 36) (36) (33 38) (35) (37 40)
 (41 39) (41) (42 43) (44) (44) (45 46) (46) (47 48) (48) (49 50) (50 47)
 (49 52) (53) (51 54) (55) (51 54) (54) (58 51) (57 59 56) (58 51) (59 61 56)
 (61 56) (57 63) (60 64) (65) (66 62) (67) (66 62) (68 69) (70) (71) (72) (73)
 (74) (74) (75 76) (77) (77) (78 79) (80) (81) (81) (81) (80) (82 83 85)
 (84 86) (86) (84 88) (89) (90) (91) (84 88) (93 87) (92 93 87) (95) (94 96)
 (94 96) (97 98) (98) (99 100) (100) (97 102) (101 103) (103) (105 99)
 (105 101) (107) (108) (106 109) (109) (109 104) (106 112) (110 112) (114)
 (113 114) (114) (113 117) (115 118) (106 109 104) (118 120) (121 119)
 (121 115 111) (123) (123 119) (124 122 116 125) (126) (127) (124 125)
 (129 127) (130 128) (130 128) (131 132) (133) (132) (134 135) (135) (132)
 (137 138 134) (139) (139 136) (138 136) (139 142) (137 142) (140 141 144)
 (145 143) (139 142) (147 143) (140 148) (145 147 143) (150) (149 151) (152)
 (153) (146 154) (153 146) (156) (154 156) (155 158) (159) (157 159) (161 160)
 (162) (163) (164) (161) (163 166) (164 166) (165 168) (167 168) (170 165)
 (170 165) (172) (173) (173) (173) (171 176) (177 175) (175 176) (178 179 174)
 (169 180) (180) (181 182) (181 182) (183 184) (185) (186) (187) (188) (189)
 (190) (171 174 179) (188 192) (193 189) (194 190) (194 191) (195 196) (197)
 (198) (198) (197) (201 200) (202) (203) (204 199) (205) (206) (205) (208)
 (209 207) (210) (206 208) (212) (211 213) (210 213) (211 212) (215 216) (217)
 (218) (219 214) (217) (217) (214 222) (219 214 222) (220 221 224)
 (219 221 214 222) (226 223) (227) (226 224) (225 229 223) (220 229)
 (225 228 231) (232) (233) (233) (235) (234 236 230) (237) (232)
 (234 236 230 239) (238 240) (240) (241 242) (243) (244) (243) (246) (247)
 (245 248) (249) (250) (251) (252) (252) (253 254) (253 254) (255 256) (252)
 (257 258) (258 255 256) (257 260) (261) (259 262) (263) (264) (265) (266)
 (264) (265 268) (266 269) (269) (267 270 271) (272) (272) (272) (272)
 (273 275 276) (274 277) (278) (279) (280) (280) (280) (283) (280)
 (282 284 285) (286) (287) (281 287) (289) (290) (291 288) (292) (293) (294)
 (295) (292) (297 293) (298 295) (297) (297 293) (301 295) (298 301 295)
 (299 300 303) (302 304) (305 296) (305) (306 307) (304 296) (307 309)
 (306 310) (310) (308 309) (313 310) (314 312) (314 312) (316) (317 311) (318)
 (315 318) (319 320) (321) (318) (321 323) (323 320) (322 324 325) (326) (326)
 (323 320) (329 327 328) (330) (329 328) (331 332) (329 322) (333 334) (335)
 (336) (337) (336) (338 339) (340) (340) (342) (343) (338 339) (345 341 343)
 (346) (347 344) (347) (348 349) (348 349) (351) (350 352) (353) (354)
 (350 352) (356) (357) (354 358) (359) (360) (361) (354 358) (355 363)
 (364 360) (364 360) (365 366) (361 367) (362 368) (368) (369 370) (371) (372)
 (371) (371) (375) (372 376) (375) (378 373 376) (378 373) (377 379 380 374)
 (372 375) (374 382) (377 380 374 382) (379 383 384) (377 379 374 382)
 (386 381) (385 387) (387 383 384) (388 389) (390) (391) (391) (385 389)
 (394 390) (393 395) (396 392) (395) (397 398) (399) (400) (401) (402) (401)
 (401) (404 405) (402 405) (403 406 407) (408) (402 405) (400) (410 411 408)
 (409 412) (409 412) (410 403 411 407) (412 415) (409 416) (406 415) (409 418)
 (419 416) (420 414) (417 421) (422) (423) (423) (425 413 424) (425 413 424)
 (425) (420) (425 429 413 424) (426 430) (427 428 430) (427 428 430) (433 426)
 (434 432) (435 431) (436) (437) (435 431) (437 439) (440) (441 438) (442)
 (443) (444) (444) (446) (445 446) (443) (449 445 446) (450 448) (451 447)
 (452) (452) (453 454) (455) (456) (457) (458) (459) (460) (461) (462) (462)
 (464) (465) (466 463) (467) (467) (468 469) (470) (471) (471) (473) (471)
 (475 472) (474 476) (477) (478) (477) (479 480) (481) (479 480) (483)
 (481 484) (482 485) (486) (482 484) (486 488) (489 487) (490) (491) (490)
 (489 487) (492 493 494) (495) (496) (497) (497) (496))