(NIL NIL (2 1) NIL (4 1) (2) (6 1) (4 7) (4 3 7) (9 5) (3 5) (8 11) (12 10)
 (12 9) (14 13) (13) (16) (13) (14 17 18) (19) (15 20) (21) (21) (19) (22 24)
 (25) (25) (27) (28 23) (29) (26 30) (31) (31) (33 32) (33) (34 35) (34 35)
 (36) (38) (39 37) (36 37) (41 39) (42) (41 39) (44) (42 45 40) (43 46) (46)
 (48) (49 47) (49 47) (51) (52) (50 53) (54) (54) (56) (55 56) (58) (58)
 (57 58) (61) (60 62) (59 63) (64) (64) (65 66) (67) (68) (69) (66) (65 66)
 (68 72) (73 70) (70 72) (75 71) (66) (73 75 77 71) (78) (78) (79 80) (78)
 (81 74 82) (83) (84) (83) (84 86) (76 86) (84 88) (89 87) (90 85) (91) (90 85)
 (91 93) (93) (95) (94 95) (97 92 96) (98) (93) (99 100) (98 100) (102)
 (97 100 92) (99 102 104) (105) (106 101) (107 103) (108) (107) (108 110)
 (109 111) (108 110) (113 109 111) (113 109 111) (115) (116) (114 117 112)
 (118) (114 115 112) (118 120) (116 120) (122 118) (118 120) (121 122 124)
 (125 119) (123 124) (121 127) (126 128) (121 127 119) (127 119) (131)
 (129 132) (133) (133) (132 125 128) (133 136) (137 130) (138 134) (139 135)
 (140) (140) (142) (141 143) (141 143) (145) (146) (147) (148) (145) (149 150)
 (150) (147 152 144) (153 151) (147 152) (153 155 151) (156) (157) (154 157)
 (159) (155 149 144) (161 158 159) (161 154) (163 159) (162 164 160) (165)
 (166) (162 164) (165 168) (169) (169) (170 171 166) (172 167) (169) (173 174)
 (166 168) (173 174 176) (177) (177) (177) (180 175) (180 175) (179 181 182)
 (178 183) (172 167 176) (185 182) (186) (178 187 183) (188) (179 181 187)
 (186 184) (189 190 191) (192) (188 190 191) (194) (195) (196) (194) (189 198)
 (193 196 199) (200) (196 189 198) (202 197 200) (203) (202 200) (201 205)
 (204 206) (201 203 205) (204 208) (209 206) (209 206) (211) (212)
 (210 213 207) (210 213) (210 213) (215 216) (217) (217) (218 219) (220 214)
 (219) (218 222 207) (220 214 223) (224) (224) (226) (225 227 221) (228) (229)
 (228) (226) (229 232) (229 232) (233 234) (234 230 231) (235 236) (237) (236)
 (230 232) (233 239 240) (241) (242 238) (243) (244) (244) (245 246) (247)
 (244) (249 245) (249 245 246) (249) (252 248) (252) (254 248) (250 253 255)
 (250 253 255) (257 251 256) (257 256) (251 259) (250 255) (251 261) (260 262)
 (263) (258 263) (265 264) (266) (265 264) (265 264) (266 269) (270)
 (267 268 271) (263) (273 272) (274) (275) (276) (273 272) (274 278) (275 279)
 (280) (281 277) (282) (281 277) (281 276) (282 285) (284 286) (283 287) (288)
 (289) (286) (290 291) (290 291) (292 293) (292 293) (295) (292 293) (297 296)
 (297 295) (298 299 294) (299 296) (301) (293) (301 294 303) (300 304) (305)
 (305 302) (305) (300 302 303) (305 309) (306 307 308 310) (307 309)
 (306 308 310 312) (313) (314) (315 311) (314) (316 317) (318) (313) (316 320)
 (321 317) (322 319) (322 318) (324 319) (321 318) (323 326) (324 327)
 (325 328) (329) (329) (329) (332) (333) (325 327) (330 331 333 335) (334 336)
 (337) (338) (339) (340) (339) (338) (339 343) (344) (345 341 342) (345)
 (347 341) (341 342 344) (346 347 349) (348 350) (346 349) (348 352) (353)
 (354 351) (354 351) (354 351) (355 356 357) (353 351) (355 356 357 359) (360)
 (355 356 359) (362 360) (363) (361 364 358) (365) (363) (363 358)
 (366 367 368) (369) (370) (370) (372) (371 373) (371 372) (373 375) (376)
 (377) (378) (378 374) (380) (381) (381) (379 380) (383 384) (384) (386 382)
 (386 383) (388) (385 388) (388 382) (387 389 390 391) (392) (387 389 390 391)
 (394) (395 392) (393 396) (393 396) (398) (399) (397 399) (401) (399)
 (401 403 400) (404) (402 405) (406) (406) (407 408) (409) (407 408) (409 411)
 (412) (412) (410 414) (415) (416) (417 413) (415) (419) (420 413 416) (421)
 (421) (418 420) (422 423 424) (425) (425) (426 427) (427) (428 429) (430)
 (430) (432) (430) (434 431) (435) (434 431) (433 435 437) (438) (436 439)
 (436 439) (438) (442 436 439) (443) (444 440) (441 445) (446) (447) (441 445)
 (449) (450) (451 446) (452 448) (453) (452) (455 447) (451 446) (457 453 455)
 (458 456) (459) (459) (461 454) (462) (463) (464) (462) (465 466 460) (467)
 (468) (469) (470) (470) (472) (473) (474 471) (474) (474) (475 477) (476 478)
 (479) (479) (478) (482 479) (477) (481 483 484) (485) (486) (486 480) (488)
 (489 487) (487 488) (486) (489 491 492) (490 493) (494) (494) (495 496) (497)
 (498) (498))