(NIL NIL NIL (3) (4 2 1) (5) (6) (5) (8) (9) (9) (11 7) (9) (13) (12 14) (14 7)
 (11 16) (17 15) (11 16) (19 15) (17 10 20) (21) (21) (18 23) (23) (25) (26 24)
 (18 21) (25 28 24) (29 22) (28 22 23) (25 28) (26 30 31 32) (33 27) (34) (35)
 (34) (37) (38) (35 37) (34) (41 35 38) (42 36 40) (43) (44) (44) (46 39) (47)
 (45 47) (49) (41 39) (51 46) (51 45 47) (49 51) (49 51) (53 54 55 48)
 (50 55 48) (57 54) (55 48) (59 54) (57 60) (57 59) (60 62) (62) (61 62)
 (65 53 64) (65 53) (67 52 63 64) (65 58 52 63) (68 69 56) (70) (71) (72)
 (73 66) (74) (75) (76) (66 72) (70) (75 78 79) (77 80) (81) (76 80) (81 83)
 (76 80) (81 85) (84 86) (87) (82 88) (82 83 86) (82 84 86) (86) (85)
 (90 91 93) (82 93 87) (89 95) (90 96) (97) (97) (97 91 92) (100) (101)
 (99 100 94) (98 100) (99 101 94 104) (104 94 102) (105 106 103) (107) (108)
 (109) (108) (110 111) (110 111) (111) (114 112) (109 111) (114 116) (117 112)
 (113 117) (115 118 119) (117 112) (121 118) (116 112) (121 115 123) (124 120)
 (124) (122 126 120) (127) (128) (125 127) (130) (118 126) (129 130 132) (133)
 (131 133) (135) (129 131 132) (129 130 132) (138 134) (137 139 135) (140)
 (139) (137 138) (141 142 143 136) (144) (145) (146) (142 143) (148 135)
 (146 149) (149 144) (146 151) (147 150 152) (147 149) (154 151) (155 152)
 (153 156) (154 150) (154 152) (156 150 159) (153 160) (161 157 158) (161 157)
 (161 157) (164) (164) (165 166) (164 158) (163 168) (169) (163 168)
 (162 171 167 170) (172) (173) (172) (172) (173 176) (177 175) (178) (179)
 (179 174) (181) (180 181) (181) (178) (175 176) (186 181) (187 183 184)
 (187 183) (185 188 189) (190) (182 191) (192) (193) (194) (193) (192)
 (194 196 197) (197) (196 199) (185 188 189) (201 194 197) (202 195 196)
 (202 195) (204 198) (205) (202) (207 195 198 199) (205 207 200) (204 207 200)
 (198 207) (209 210 211 206) (211 206 199) (208 213 200) (214) (203 212 215)
 (216) (217) (217) (219) (218 220) (218 219) (203 212 215) (223 216) (221 224)
 (219 224) (226) (223) (220 228 222 224) (226 229) (227 221 230) (225 231)
 (232) (232) (227 220 228) (225 235 231) (236) (234 237) (238) (239) (240)
 (236) (242 232) (234 243 237) (233 244 239) (236) (245 246) (243 238 246)
 (239 248) (249 247))