(NIL NIL (2 1) NIL (4 2 1) (4 1) (6) (4 1) (1) (9) (2 10 8) (4 10) (12) (13 7)
 (14) (11 15) (5 16) (2 10 7 8) (18 16) (19) (17 20) (3 21) (20) (17 3 23)
 (22 24) (25) (26) (27) (5 23) (17 3 29) (28 30) (31) (32) (31) (34) (34)
 (35 36) (33 36) (38) (39) (40) (37 38) (42) (41 43) (44) (45) (46) (44)
 (37 38) (49 48) (50) (51 45) (51 47) (53) (54) (55) (52 55) (57) (58) (52 54)
 (59 60 56) (59 60) (62) (63 56) (61 64) (63) (66) (67 64) (68 61) (65 69)
 (65 69) (67 61) (65 68 72) (67) (74 72) (75 70) (76) (77) (77) (73 78 79)
 (71 80) (71 80) (76) (81 82 83) (83) (81 82 85) (86) (81 82 83) (84 88)
 (89 87) (87 88) (91) (92 84) (93) (90 94) (93) (89 96) (95 96) (93) (97 99 94)
 (90 100) (101) (102 95) (98 103) (104) (105) (104) (105 107) (108) (108) (107)
 (106 110 111) (112) (112) (114) (113 114) (115 116) (106 110 111) (117 118)
 (116 118) (119 120) (121) (122) (121) (122 124 109) (125) (109 119 120)
 (123 124 127) (128) (129) (130) (131 125) (131) (132 133) (134) (126 135)
 (135) (137 126) (138 136) (137) (138 140 136) (131 126) (138 142) (141 143)
 (144) (144) (145 146 139) (147) (143) (146 149) (145 150) (149) (151 152)
 (145 149) (154 139 150) (154 151 152) (147 156 155) (157) (153 158) (148 159)
 (160) (161) (160) (163) (162 164) (165) (165) (166 167) (167) (164) (170 167)
 (171) (171) (162 163) (169 172 173 174 168) (173 174) (169 172 166 176)
 (172 166 174) (178 175 176) (179) (180) (177 181) (179) (183) (183) (183)
 (186 184) (186 184) (183) (185 189 182 184) (188 190) (191) (192) (193) (193)
 (187 195) (187 192) (191) (194 198) (195 199) (197 200) (187 195 199)
 (201 202) (203) (202 196 197) (204 205) (204 205) (207) (207) (203 205)
 (210 204) (210) (212 206) (211 213 208) (212 206 208) (211 215) (211 215)
 (217) (217) (219) (211 212) (209 218 219 213 221) (218 221 216) (209 220 223)
 (224) (220 223) (209 226 214) (227) (228 222) (209 220 213 223) (225 214 230)
 (227 222 231) (228 232) (233) (233) (235 229) (233) (235 237) (229 238)
 (236 239) (236 238) (241 234) (241 239) (243) (243) (242 245) (243) (246 247)
 (246 247) (249 240))