(NIL NIL NIL (3) (4) (5 2 1) (6) (7) (8) (9) (10) (11) (11) (11) (11) (12 15)
 (9) (17 14 15) (18 16) (18 13 16) (18 13) (19 20 21) (22) (22) (22) (19 13)
 (25 26 23) (27) (26 23) (29) (29 28) (31) (24 31) (33) (29 27) (34 35) (30 36)
 (37) (38) (30 36) (39 40) (40 39 32) (42) (42) (41 43 44) (45) (45) (47) (48)
 (49) (49 46) (51) (52) (45) (51 54) (52 54) (50 56) (50 55 56) (57 58 53) (59)
 (55 56) (59 61) (58 53 61) (59 63) (60 64) (65 62) (66) (67) (65) (69 62)
 (68 69) (69) (68 70 72) (73) (68 69) (75 72) (73 76) (74 77 71) (73 75) (79)
 (80) (81) (81 78) (77 79 71) (84) (74 84) (86) (87) (82 83 88) (89) (90 85)
 (83 87) (90 92) (93 85) (90 92) (93 85 95) (91 96) (91 96) (98) (97 99) (98)
 (99 101) (100 94 102) (103) (99 101 94) (105) (105 100 102) (106 107 103)
 (97 98) (106 109 104) (106 109 104) (107 111) (106 109 104) (113 111) (114)
 (114) (116 108 110) (115 117 112) (107 116 110) (113 110 111) (118 119 120)
 (121) (122) (118 119 120) (122 124) (125) (116 120 108 112) (118 127)
 (124 128) (121 127) (130 123 126) (129 131) (132) (129 130 126) (132 134)
 (133 135) (135) (137 133) (132 134) (138 139 136) (140) (137 139) (138 142)
 (140 143) (144) (143 136) (146) (145 147) (138 142) (147 149 144)
 (149 148 141) (151) (151) (153 152) (154) (155) (156) (154 150) (157 158)
 (159) (160) (161) (162) (160) (163 164) (160) (163 166) (163 166) (164 168)
 (169) (169 165) (170 171) (172) (173) (172 167) (172 167) (174 175 176) (177)
 (178) (178) (180) (179 181) (182) (179 181) (184) (185) (186) (185 182) (188)
 (186 189) (190 183) (191) (187 190) (187 190 183) (187 190) (193 195 191)
 (196 192) (187 189) (193 198 192) (193 194 195 198) (194 195 198 192)
 (201 197) (201 197 199 200) (203) (202 204) (205) (206) (207) (207) (209)
 (210) (206) (211 212 208) (213) (213) (214 215) (216) (216) (216) (218 219)
 (216) (221) (217 218 222) (219 223) (221) (217 225 219) (226 224) (227 220)
 (228) (227 220) (227) (226 220 223) (225 220 223) (233 232 224) (233 229 231)
 (233 228 231 232) (235 236) (237) (237) (234 230 239) (235 236 230)
 (241 234 239) (242 238 240) (243) (242 238) (245) (245 240) (247) (247)
 (249 243))