(NIL NIL (1) (3) (4) (2 5) (3) (2 5 7) (8) (9) (10) (9) (11 12 6) (10 12 6)
 (11 12) (6 15) (13 16) (14 16) (18 13) (19) (20) (21) (17 22) (18 13)
 (17 21 24) (25) (26) (27 22) (27 23) (29) (26 23) (23 24) (25 32) (33 28 30)
 (34) (35) (35) (34 31) (34 31) (33 28 29) (39 40) (36 38 40) (41 42) (37 40)
 (41 44) (42 45) (44 36 38) (43 47) (46 48) (45 48) (49 50) (51) (52) (51) (54)
 (51) (56) (57 52 54) (50 46) (58 59) (60) (61 53) (62 55) (61 55) (62 64) (64)
 (66 63) (64) (65 66 68) (69 63) (70) (71) (67 72) (73) (67 70) (65 68)
 (67 76 72) (77) (78) (75 79) (78) (73 78) (82) (83) (81 75 83) (74 84 85 80)
 (81 83) (74 87 80) (84 88) (89 86) (74 84 87 80) (90 91) (91 86) (93) (89 93)
 (91 86 88) (96) (97) (98 94) (98 93) (95 96) (100 92 101) (99 102) (103)
 (99 102) (105) (105) (105) (108) (106 109) (108) (106 111) (103 112) (113 110)
 (107 109 112) (115 104) (116 110) (117) (117) (113 119) (118 119) (121)
 (113 122) (114 123 120) (124) (125) (126) (125) (124) (129 125) (124) (124)
 (132 126) (131 133) (134 128) (130 135) (136) (137) (138) (135) (135)
 (130 141) (140 142 127 136) (141 127 136) (143 144) (140 142 144) (146 143)
 (146) (139 148) (145 147 149) (145 147 148) (139 151) (150 152) (153) (154)
 (154) (156) (155 157) (153) (155 159) (156 160) (161) (162 157) (161 158)
 (164) (163 165) (161) (164 167) (166 168) (169) (162 157 167) (169 171) (172)
 (173) (170 174) (174) (176) (177) (178 175) (170 171) (177 180) (181)
 (178 182) (178 181 175) (182 184) (185 179 183) (186) (187) (188) (189) (184)
 (188 191) (179 184) (193 189 192) (189 191) (195 193) (195) (195 193 190)
 (197 198) (194 198) (200) (201) (202) (201) (197 204 196) (205) (206)
 (202 207) (204 196) (209 203 207) (210) (210) (211 212 199) (212 199 208)
 (209 208) (211 215 199) (209 203 208) (217 210) (218 212) (219 214 216)
 (218 213) (221 214 216) (222) (223) (219 224) (224) (219 222) (227) (227 223)
 (225 229) (220 229 224) (227 220) (226 229 232) (233) (234) (235 230)
 (233 231) (225 228 231 232) (235 237 230 238) (239) (239) (241) (242)
 (235 237 238) (243 244) (236 245) (246 240) (247) (248) (249))