(NIL (1) NIL NIL (4 3 2) (5) (5) (6 7) (1) (9 8) (10) (10) (12) (13) (14) (14)
 (11 16) (12) (18 13) (19 16) (20) (17 20) (21 22 15) (21 22 15) (11 21)
 (24 25 23) (26) (27) (27) (28 29) (30) (31) (32) (33) (33) (30) (33 36) (37)
 (34 35 38) (39) (40) (41) (42) (42) (44) (45) (45) (33 36) (42 48) (45 48)
 (50 46) (43 51) (52 47) (51 47) (54) (49 43 54) (52 56) (57) (58 55) (59 53)
 (60) (61) (62) (63) (64) (63) (66 64) (62) (67 68) (62) (65 70) (66 68 71)
 (72) (73 69) (74) (74) (76) (77) (78) (75 79) (79) (81 75) (81 75) (75 78)
 (84) (82 85) (83 85) (82 83 84) (88) (88) (90 85) (89 90) (88) (91 93)
 (89 86 94 80) (91 92 93 87) (95 96) (96) (98 86 94) (97 99) (99 95) (97 99)
 (100 101 102) (99 95) (101 102 104) (105) (106 100) (106 103) (108) (105)
 (100 110) (107 109 111) (112) (112) (114) (109 110) (116 112) (116 112)
 (113 118) (115 119) (118) (121 114) (113 114 118) (123) (121 115 124 117)
 (125 120) (125) (127 120) (123 117 119) (129 125) (122 126 127 130) (131)
 (132 128) (133) (134) (135) (135) (137) (138) (137) (140 136) (130 126 128)
 (138 142) (139 141 142) (144) (145 143) (146) (145) (148 143) (147 148) (150)
 (151) (152) (153) (154 149) (152) (153 156) (157 149) (157) (159)
 (155 158 160) (149 152) (154 162) (163 158 160) (161 163) (162 160) (164 166)
 (161 167) (165 167) (169 168) (161 162) (169 171) (172) (170 173) (173 168)
 (175) (176) (177) (177 170) (177) (180 174) (170 180) (178 182) (178 180 174)
 (182 184) (179 181 184) (185 186) (186 182) (185 186) (185 186) (189 190)
 (190) (189 192) (187 191 183 192) (194) (195) (195) (194) (196 197 198) (199)
 (193 188 199) (188 199) (201 202 200) (203) (204) (203) (206) (205 207)
 (204 207) (209) (210) (210) (211 212) (210 205) (203) (215 208) (216)
 (217 211) (218 212 214) (218 213 214) (220) (221) (222) (222) (223 224) (225)
 (226) (226 219) (228) (229) (227 230) (230) (227 228) (233 230) (234 231)
 (235 232) (236) (237) (238) (239) (240) (235 232) (242 239) (243 240)
 (242 237) (245 238) (241 242) (247) (248) (244 248))