(NIL NIL (2) (3) NIL (5 2) (3) (5 4 7) (7) (5 2 1) (1 8) (6) (12 10 4) (12 8)
 (14 10 9) (15) (11 16) (15) (15) (19 18) (20) (13 15) (12 11) (23 18) (13 24)
 (25 17) (20 26) (19 25 16) (28 17) (29) (19 25 22) (29 31) (31) (25 20)
 (19 13 23) (27 35) (20 35 17) (33 20 35) (38 30 32) (39) (20 23) (33 41 21 27)
 (42 36 29) (43 32) (44) (45 40) (41 26) (44 47) (33 47) (49 48 40) (34 50)
 (49 27) (42 52 37 38) (43 47 39) (41 21 37 31) (55 46 47) (56) (57)
 (57 34 53 54 48) (59) (50 53 56) (34 61) (62) (60 63) (58 64) (65) (59 62)
 (50 56) (68 64) (69) (58 70) (65 70) (72) (72) (66 74) (71 72) (67 76) (70)
 (73 51 78 71) (74 79) (75 79) (81 76) (82) (77 79) (67 79) (81 85) (76 86)
 (87) (88) (75 78) (73 90 51 67) (91 88) (92 80) (69) (94 87) (95) (77 96)
 (97 84) (90 96) (93 96) (97 82 100) (82 91 94 87 80) (89 102) (100 103)
 (99 104) (104) (97 104) (97 100 103) (108 104) (109) (105 110) (111)
 (83 101 111) (113 98) (101 111) (110) (99 116) (83 84 117 107 112)
 (84 117 112) (98 107 116 101 111) (84 101 110) (113 121 116) (106 122 114)
 (114 115 122) (124 118) (121 83 107 112) (122 117 126) (124 118 127) (128)
 (127) (130 118) (121 114) (130 132) (124 133 119) (134) (106 131 134)
 (133 119 128) (137 136) (133 118) (138 139) (129 140 135 120) (141) (138 139)
 (143 135) (140 144) (144) (139) (147 143) (148 135) (149 125) (149 120)
 (145 149) (123 149 142) (129 148) (145 146 142 154) (106 131 147 119)
 (156 141) (146 152 157 142 150) (157 125) (145 149 159) (153 150 160) (161)
 (158 160) (161 163) (155 164 151) (164) (154 163 151) (153 154 158 159)
 (145 156 141) (169 162 163) (169 160) (171 166) (170 155 172 167 168)
 (155 172 168) (146 171) (158 175) (170 172 175 168) (171 151) (170 178)
 (177 179 167) (178 155 167) (178 173 174 176) (170 166 175 178) (181 183)
 (182 184) (185 179) (186) (187) (187 180) (187 180 165) (190) (190) (188 192)
 (193) (184 168) (165 195 176) (177 187 196) (190 197) (177 186) (199 180)
 (200 192) (200 196) (202) (201 203 189 197) (193 204 191) (188 203)
 (198 206 192) (207) (208 191) (208 201) (198 199 192) (193 211 204)
 (194 210 205 212) (194 209 212) (194 208 191 211) (215) (211 205) (216 217)
 (211 210) (209 218 219) (219 212) (221 209 215) (222 213) (221 209)
 (224 222 217) (224 214 216) (219) (227 216 213) (228 224) (229 218 226)
 (225 230) (231) (230 223 220) (230) (230) (229 222 220) (236) (225 237 223)
 (238) (235 239) (234 240) (240) (242) (243) (231 243) (232 245) (245)
 (243 234) (242 233) (249 246) (250) (230 237) (250 252 248) (237 226)
 (241 254 246 248) (253 255) (255) (257 250 252) (257 233) (258 259) (260)
 (250 259) (259) (251 252 263) (250 259 252) (265 251 244 261) (257)
 (241 242 254) (268 232 252 233) (251 269 259) (265 244 270 263) (260 244 270)
 (258 269 247) (273 244 263) (274 271) (273 259 244) (276 260 253) (274 276)
 (276 263 272) (279 256) (269 248) (265 281 272 264) (266 282 256)
 (275 277 283) (284) (273 281 253 271) (267 286 279) (281 250) (288 253 264)
 (261 262 263 267 270 288) (290 275 278 279) (291 277 287) (291 277 287 256)
 (290 277 280) (294 284 278 286) (284 294) (296) (297 291) (289 298)
 (299 285 286) (300 292 295) (289 298) (299 302) (303 295) (285 303 287)
 (305 295) (306 293 304) (305) (303 285 295 287) (292 309) (293 310) (303 287)
 (305 300 309 312) (313 292) (286 296) (298 315 292 295) (307 316 301 311)
 (305 315) (313 308 293 318) (292 319) (307 319) (319) (322) (314 307 323 311)
 (314 323 316 311) (325) (325) (324 327) (317 326 328) (321 328) (317 327)
 (331 328) (332) (321 327) (317 334) (325 317 320) (336) (329 330 337)
 (338 331 334) (338 333 334) (330 335 336) (341) (332 334 336) (326 343)
 (329 344) (341 344) (333 344) (341 344) (337 348) (346 349 342) (337 348 342)
 (337 342 343) (338 347 351 352) (353 346 339 340) (347 352) (345 353 355)
 (356) (346 340 357) (358) (357) (340 349 360) (326 343 342) (362 355)
 (353 363 340 350) (354 364 358) (365 359) (339 363 358) (364 367 359)
 (365 367) (369) (370 359) (371) (370 360) (373 359) (370) (375) (372 374 375)
 (370 368) (361 378 371) (378) (380 366) (371 381 360) (381 372 373) (369 359)
 (379 374 384) (385) (377 386) (386 376) (385 375) (389 382 376) (387 390)
 (391) (388 383 392) (393) (393) (372 390) (390) (397 391) (388 398) (399)
 (393 400) (395 399) (394 397) (403 398) (397 392) (405 399 383) (405)
 (404 405) (394 405 400) (409 403) (409 395 396) (411 404) (401 412) (409)
 (403 405) (395 404 405 400) (416) (417 402) (417 415) (409 419)
 (420 396 406 407) (401 410 421) (410 421 413) (418 422 423 408) (424) (420)
 (426 423) (402 427 414) (426 414 423) (420) (416 408) (431) (425 426 432)
 (433 427 414) (434) (433 414) (436) (437 430) (427 438) (438) (437) (441 434)
 (442) (434 437 430) (444 438) (442 445 439) (429 446) (441 444) (428 445 448)
 (449 439))