(NIL NIL (2) NIL NIL (5 2) (5) NIL (8 4) (7) (10) (8 10 3) (10) (8 13)
 (4 11 14) (14) (13) (13 12) (6 18) (19) (17 1 9 15 20) (17 19) (19) (4 23 14)
 (17 4 23) (1 22 25) (26) (1 14 18) (28 9 11 16) (15 28) (17 30 16) (26 31)
 (32 24) (32 21) (32) (9 28 20) (36 27 29 24) (28 11) (9 22) (31 39 25)
 (38 33 40 29) (41 27) (41 37) (41) (21 43 44) (26 40 29) (41 46) (38 33 40)
 (36 48) (49 35) (50 43) (50) (50 44) (53 37) (51 52 53) (55) (55) (57 42)
 (57 42 47) (21 55 47) (60) (58 60 45 54) (62) (34 60) (64 58) (21 44 46 50)
 (34 66 63) (65 67) (67 56) (64 69) (69) (71) (70 71) (64 72 61) (74 70)
 (65 75) (34 63 56) (66 77) (76 78) (75 78) (59 80) (65 67 78) (82) (72 65 78)
 (75 84) (85 82 73) (85 82 73) (75 84) (82 59 88) (89) (90 83) (91 76 87) (89)
 (93 87 79) (92 68 94) (95) (81 96) (81 95) (81 83 93 79) (89 80)
 (81 100 76 68) (90 101 94) (83 102) (81 100 76) (104 96) (105 103) (98 106)
 (97 106) (106 86) (100 93 76 68 87) (99 110 95) (105 86 111) (102 112)
 (100 86) (114 110 103) (115 108) (115 104 111 96) (108 117) (118) (119)
 (107 120) (120 112) (98 122) (122 107) (98 122) (119) (105 117)
 (113 116 125 127) (121 124 126 128) (129) (128) (131 124) (115 108) (98 133)
 (113 121 134 122) (124 133 116 125 126) (113 121 109 136) (137 127) (138)
 (137 131 134) (131 136) (130 139 141 135) (140 142) (134 136) (130 144)
 (113 109 144) (142 144) (132 144) (140 135 144) (130 123 149) (142 150)
 (149 142) (132 151 152) (148 152) (154 151) (146 139 149 141) (154 156 151)
 (156 142 150) (158 152) (145 157 159) (145 159) (161 147 157) (162)
 (154 147 158 143) (162 164) (138 149) (145 147 156 166 151) (166 159)
 (148 168) (169 154 151) (162 170 167 160) (151 143 168) (145 169 164 172)
 (173) (163 173 167) (153 175) (162 143 168) (153 177 155 163 174) (178 160)
 (178) (178 171 165) (181) (177 164 172) (153 170 163 183) (153 177 175)
 (143 168) (153 161 164 167 186) (187 165 176) (179 188) (180 189 183)
 (177 171 188) (185 182 191) (174 183 191) (179 180 187) (194 192 184) (195)
 (196 189) (194 192) (195 198) (199) (200) (198 183) (198 190 184) (203 200)
 (204) (205) (205) (207) (206 208) (206 208) (201 210) (211) (193 212)
 (202 197 208) (213 214) (195 198) (211 197 216) (193 217) (217 215)
 (209 217 213) (220 215) (221) (210 216) (222 223) (197 190 216) (225 221)
 (225 214) (209 218 227 213) (228) (225 213) (227 230 223) (222 231) (228 232)
 (233) (218 231) (218 219 221 230) (236 224) (228 237) (235 238 232)
 (235 238 232) (226 235 236 224) (241 232) (233 242 237) (243) (244 229 238)
 (245 240) (243 240) (241) (246 248) (241 238) (250 244 248) (241 237 229)
 (243 252) (253 246 247) (254 239) (234 251 255) (256) (256) (250 255)
 (234 259) (249 257 260) (258 259) (249 262) (255 248) (257 258 264) (265)
 (266 260) (265 260) (264 256) (254 239) (257 264 270) (271) (249 256)
 (264 273 260 262) (271 266 274) (266 270 261 274 263) (276 268)
 (273 260 262 270) (278 276) (249 272 260 262) (280 275) (281 263) (282 269)
 (273 280 269 263) (284 261 274) (285 276 268) (281 267 286) (282 279 286)
 (288) (266 285) (284 267 268) (287 283 288 291) (292) (292) (280 267 277)
 (295 293) (296) (297 290) (298) (295) (294 300 296) (301) (301) (303)
 (297 304 289 290 302) (305) (304) (307 290) (298 307) (307) (298 303) (303)
 (306 309 312) (298 303) (314 302) (315) (316 311 312) (313 316) (316)
 (319 318 311) (315 309) (321 317 319) (322) (323) (321 308) (321 311)
 (306 308 326 312) (327) (319 328) (322 308 326) (305 330 324 325)
 (313 330 324 327) (332 325) (329 299 332 331 310) (334) (334) (334)
 (305 325 326 312) (329 338) (338 328) (340 335) (340) (333 342 335 320)
 (334 342) (344) (330 340) (346 299 323) (329 331 347 342) (348 336) (349)
 (333 350 344) (345 351) (345 339 351 335) (337 353 343 352) (354) (349 343)
 (345 356 351) (337 348) (356 358) (350 359) (355 360) (360) (359 352) (363)
 (359 351) (353 365) (341 366) (354 366) (347 336 320) (369 354 362)
 (370 363 366) (361 371 364) (371) (372 373 367) (374) (357 374) (374)
 (377 357) (378) (378) (377) (378 381 368) (361 373 367) (355 373)
 (378 381 384) (385 368) (385 382) (372 341 384) (388 374 383) (389 375)
 (379 382 384) (388 383 375 391) (390 391) (369 355) (394 387 380 390 392)
 (394 391) (394 387) (397 379 389) (393 398) (398 375) (380 400 376) (401 395)
 (402) (386 396 402) (404) (395 400) (406) (393 404 407) (406) (406)
 (410 399 408) (401 410) (409 412) (396 412) (393 414) (402 415) (415 407)
 (417 399) (406 399 376) (418 419 413 416) (420) (386 421) (386 419 410)
 (419 414) (409 417 405 424) (409 418 403 405 424) (406) (426 427 408)
 (427 422 424) (409 427 396 412) (411 429 430) (428 421 430) (386 430 399 416)
 (433 426 421) (434 432) (425 435 422) (433 403 423 424) (437 432)
 (437 422 408) (425 434 439) (438 431 440) (411 440) (442 428) (443) (435 444)
 (445 431) (441 446) (443) (448) (443 431 432))