(NIL (1) (2) (2) (4) NIL (2 6) (7) (1) NIL NIL NIL (12 7) (4) (5 14) NIL (16)
 (2 17 12) (18 14 6) (13 19 15) (20) (2 17) (13 18 22 8) (3 20 10 22) (23 24)
 (25 21) (24 21) (24) (19) (28 29) NIL (31 20) (28 21 32 29 8) (25 33) (33)
 (35 25) (36 26 27) (37 30) (37) (11 39) (40) (9 30 33) (31 2) (43 33)
 (36 43 9) (31 28) (46 41) (47 42) (48) (48) (34 48) (46 35 43 27) (45 44 52)
 (53 40 30) (34 54) (34 47 53) (56) (57) (57) (59 38) (58 60 54 42) (61 48)
 (62) (63 55) (49 62) (65) (58 59 54) (67 62) (51 67 64) (67 60) (65 63 55 70)
 (71) (49 67) (65 50 51 67 55) (67 42) (49 75 60) (76 68 71) (76 55) (78 71)
 (51 77 79 64) (73 50 80) (79 64) (82 51) (50 83 77 66) (65 78 64)
 (50 77 78 66 64) (74 85 86 82) (84 87) (73 83 87 80) (89 88) (81 89)
 (73 74 85 86) (92 87 80) (93) (69 94) (91 92) (92 84 72) (89 97) (97) (81 99)
 (100 93 88) (91 100 69) (86) (81 89 69 103) (98 91 93 104) (105 95) (106 101)
 (104) (91 92 103 88) (109 101) (90 107 102 110) (97 103) (109 93 112)
 (113 90 69 94) (105 113 102 96) (113 108 96) (90 116 102) (116) (106 99 118)
 (102 119) (114 115 117 120) (115 119) (94 118) (115 118) (90 124 101 95)
 (114 125) (126 119) (114 125) (121 126 128) (122 123 128 111 120) (130)
 (131 117) (118 111) (133 126 120) (122 134) (134) (122 133) (137 134)
 (137 123 128) (131 139) (121 130 139) (131 141 134) (142 135) (138 143)
 (142 135) (145 143 136) (145 138) (145 143 136) (145) (149) (140 150 144)
 (146 151) (147 151) (153 152) (151) (147 155 152) (156) (150) (153 157 158)
 (159) (147 158) (155 132 152) (157 162 158) (163) (164) (162 158) (163 166)
 (129 153 167) (161 148 168) (169 165) (154 168) (167) (154 172 170)
 (160 171 172 165) (148 167) (174 175) (161 148 166) (169 154 177)
 (178 173 176) (179) (178) (172 181 127) (160 165 182) (180 183) (178 164)
 (177 170 176) (186) (186 179 183) (188) (187 189) (186) (191 183) (186 182)
 (185 193 180 192) (193 183) (195) (186 127) (197) (180 198 196 192)
 (185 188 197) (198 200) (180 197 182) (202) (193 187 188 203 192)
 (185 187 188 197) (193 205 198) (200 206 184) (193 180 205 190 192)
 (202 208 206 184) (209 207) (210) (211 204) (195 203 208) (202 208 184)
 (203 214 207) (201 195 215) (194 211 199 216) (201 196 208) (194 218 216)
 (211 219) (220 199) (218 212 214) (210 218) (219 213 223) (212 224)
 (225 220 222) (194 204 223 216) (217 219 227) (227 212) (229 221)
 (226 228 230) (229) (221 213 232) (233 226) (199 232) (235 221) (236)
 (235 220) (217 238 236 222 224) (228 239) (237 239 231) (241) (225 221 238)
 (238) (225 244) (226 237 245 240) (230 246) (247) (242 246) (233 226 245)
 (250) (250 236 231) (249 234 252) (217 250 237 230) (242 254 240) (249 255)
 (249 243 254 247) (257 252) (257 251 248) (234 259 252 255) (260 256)
 (243 253 254) (262) (251 262) (255 247 262) (265 260) (259 262) (267)
 (268 255) (266 269 263 256) (270 264) (271) (272) (261 271) (270)
 (261 270 264) (268 261) (274 277) (266 277 264) (276 278 279) (279)
 (281 275 278) (258 267 266) (283 279) (281 283) (274 285) (273 278 286)
 (275 284 286 272) (288) (282 288) (282 288) (291 280) (291) (292 293) (291)
 (295) (289 296 280) (273 289 293 295 290) (298 276) (299 280) (300) (300 294)
 (299) (273 283 277) (302 304) (298 304 296) (306 299 280) (298 294 304)
 (306 308 302) (297 309) (301 310) (311) (310) (297 309 301) (306 308 287)
 (297 315) (316 302 303) (307 315 302 303) (317 309 318) (318) (305 309 318)
 (321 314 316 311) (321 310 320) (308 300 287) (323 324 301) (324 307 316 309)
 (314 323 326 312) (313 326) (301 302 304) (329 315) (314 323 330 319 328)
 (331) (332) (330 323 328) (330 311 328) (314 328 317 330 312) (332 336)
 (323 336) (338) (339) (340 335) (341 325) (340 332) (336 320) (335 336)
 (337 322 340 334 345) (346) (346 333 342) (346 344) (347 349 342 327) (350)
 (349) (349 327) (353 333) (354 342) (354 343) (356 347 348) (356 351)
 (354 348) (359 351) (353 325) (361 355 356 359) (362 350) (353 348 350)
 (361 364 343) (365 352) (357 366 360) (355 367) (368) (368) (362 368)
 (358 367) (366) (369 362 373 358) (363 374) (372 375) (360 365 352) (377 356)
 (370 375 378) (371 372 379) (378) (362 357 381) (369 382) (377 366) (362 384)
 (372 382 384) (386 379) (385 371 387 383) (385 386 363 368) (389) (388 389)
 (387 389) (388 392) (392 390 376) (371 392) (395) (380 388 396) (395)
 (385 386 363) (393 380 396 399 376) (400) (401 391) (402) (403 390) (402 398)
 (401 397) (406) (407) (400) (409 405) (410 404 407) (409 394 406) (409)
 (413 390 406) (405 414 408) (413 412 405) (401 413 391) (417 416) (417 405)
 (409 403) (420 404 398 414) (412 421 407) (422) (423) (415 424) (410 423)
 (418 426) (426) (418 426) (425 429) (410 416 423 408) (431) (419 432 427 430)
 (417 431) (434 415) (410 422) (411 436 419 416) (437 429 424) (437 429 431)
 (418 436 423) (434 419 440 424) (441 439) (434 415 440) (411 443 427 424)
 (444 438 439 432) (441 445 430) (445 430) (447) (433 447) (449))