(NIL (1) NIL (2) NIL (3 2) NIL (7 3) (7 2) NIL NIL (11 1) (12 6 5) (4 9 12)
 (5 8 14) (10 15 6) (6 12) (17) (17 16) (19) (10 7 1) (11 21) (19 22) (18 23)
 (18 23) (13 25) (13 25) (16) (28 20 13 24) (29) (29) (29) (28 23) (33 32 25)
 (33 27) (24 33 20) (36) (35 37 26) (34 38) (33 32) (30 26 40) (41) (42)
 (43 39) (43 38) (45) (34 43) (47) (42 35) (49 43 39) (50 45) (49 47 39)
 (33 26 27) (31 53) (52 45 54) (44 55) (50 54) (53 31 45) (58 51 52) (59 56)
 (60) (59 56) (62 48) (62) (57 64 60 46 48) (62 48) (66) (57 67 64) (67)
 (57 69) (57 69) (66) (57 72) (72 64) (58 51 47) (69 75 61) (65 75 68)
 (77 61 63 72) (77 74 61) (76 78 79) (70 80) (80) (80) (83) (73 84 70)
 (57 75 72) (77 86) (87 63) (73 88) (88 70 71 78) (87 80) (81 91) (89 91)
 (73 84 70 87) (73 87 69 79 63) (82 95) (89 70 96) (97 93) (98 85) (81 90 97)
 (83 92 96) (100 84 101) (98 94 102) (81 96 71 88) (104) (105 85) (106 99)
 (107 92) (98 101 106) (106 102) (98 94 110) (99 104) (105 102 112) (110 112)
 (113 114) (115) (115 108 103) (90 93 104) (114 118) (108 119)
 (113 108 109 118) (114 108 118) (122 103 120) (123 116) (121 124) (124)
 (122 115 94) (125 126 127) (122 103 120) (129 124) (129 127) (131)
 (121 129 116) (133 124 132) (125 134 111) (121 129 126 127) (117 136) (136)
 (125 131 117 111 138) (137 138) (131 140) (141 111 128) (85 118 103)
 (143 135 136) (123 143 111) (145 128) (145 130 141 128) (147 132)
 (147 134 142) (147 144) (147) (148 134 151) (150 152) (153) (146 154)
 (139 155) (155 142) (155) (154) (156 159) (160) (146 147 135) (162 156 158)
 (162 142 160) (164 158) (165 149) (162 155 142) (139 149 167) (168) (169 163)
 (169 163 160) (171 157) (172 165) (173) (169) (173 166 175) (157 158 159 175)
 (177 172 166) (170 178) (178 173) (177 164) (181 173) (164 175) (177 166 183)
 (168) (185 164 158) (161 178 186) (177 186) (170 171 188 184) (185 182)
 (170 190) (187 188 174 191 176) (192 184) (161 178 191 176) (178 191)
 (195 189) (196 192) (180 197) (185 170 181 173 178) (192 199 184)
 (195 189 200) (201) (193 202) (193 202 179 180) (201) (205) (200)
 (187 174 199) (203 208) (209 198) (209 206) (211) (201 197 208) (213 207)
 (213) (211 215) (204 216) (204 214 216) (217 194 218) (219) (210 219) (221)
 (221) (204 207 216) (219 212 224) (219 224) (226 221) (227 212 223) (210 226)
 (212 229) (203 196 208) (221 231) (226 223 232) (225 233 220 229)
 (220 223 232) (233 235 222) (235 229) (237) (228 238) (237) (234 227 238 240)
 (241) (237) (229 232) (227 212 244 236) (234 243 245 239) (242 246)
 (241 230 246) (242 246) (249) (249) (251) (250 252 248) (244 237 222)
 (252 254) (250 254) (256) (257 230 255) (257 252) (257 247 248) (223 232)
 (251 261 254 247) (262) (263 255 256) (261 247 248) (249 265) (257 266 253)
 (265) (249 268 254) (250 268 262) (269 270 256) (253 271) (242 261 248)
 (273 258 271 266) (274 260) (273 247 256) (258 276) (266 276 269 263)
 (259 278 270 267 264) (277 279) (252 278) (281 280) (281) (278) (284 255)
 (257 284 253 270 264) (281 274 277 286) (285 277 286 272) (284)
 (289 275 283 280) (290) (281 289 260 272) (274 292 286) (275 293 283)
 (285 294 280) (294 288) (290 287 296) (297) (279 296) (299) (267 293 288)
 (299 301 280) (300 302) (290 302 287) (300 302) (297 305 304) (305 291) (301)
 (259 301 294) (301 294) (290 300 310) (311) (295 298 304 308 309 312)
 (313 306 291) (308 303 287 310) (305 298 315 312) (306 316) (317) (318)
 (291 310) (297 320) (321 306) (321 309 303 295 312) (313 307 323)
 (282 323 316 306) (321 300 304) (314 326) (323 327 319) (282 317 327)
 (329 319) (322 318 327) (331 324) (332) (332) (282 332) (335) (336) (329 336)
 (332) (339 335) (340 334) (340 333 334 328) (325 327) (340 343) (343)
 (333 337 338 344 345 319) (329 337 345) (347 334) (348 344) (349) (330 350)
 (346 349) (348 319) (353 330 352 328) (348 341) (346 355 350) (356)
 (330 347 334 346) (353 357 358) (359 351) (357 358) (358 350 352) (362 357)
 (363) (361 354 351 362) (354 357 362) (366 360) (361 367) (368) (367)
 (370 363 365 368) (363 366) (372 342) (361 370 373) (370 373) (361 373)
 (364 376) (376) (366) (379) (380 370 372) (381 373) (381) (380 342)
 (384 364 359 376) (380 372 359) (386 364) (387) (376 365 388 383 368)
 (377 389) (382 390) (378 391) (392) (392) (369 377 385 389) (395)
 (377 378 389) (369 389 374 382) (398) (377 378 379 351) (379 342 367)
 (393 401 371 396 399) (401 387 400 384) (401 399 392) (401 396 382 390)
 (371 405 375) (397 398 391 406) (394 404 406) (405 375 392)
 (409 394 371 397 400) (393 410) (411 407 399) (412) (413) (413) (411 398)
 (411 407 399) (411 406 399) (418 403 412) (417 419 404) (418 415 408)
 (410 403 406) (420 422) (409 408) (424) (425 411) (418 412 426) (426 420)
 (428) (428) (429 422 430) (414 431) (432 421 416) (432) (402 423 426)
 (435 432 416) (419 414 424) (402 437 421 430) (429 422 438) (433 439)
 (438 416) (441) (442 440) (443) (436 444) (444) (434 443) (436 447) (441 439)
 (433 438))