(NIL NIL NIL (3) (4) NIL (6 1) (6 4) (8) (9) NIL (11 2) (11 6) NIL (14 1 9)
 (8 14 7) (15 2) NIL (18 13 3) (19 2 1 5) (14 20) (21 7) (21 12) (9 23 7) (21)
 (25 10 7) (21) (15 27 23) (25 27) (17 29) (16 29) (31) (28 31) (17 33 32)
 (26 33 22 24) (26 31) (36 30 32) (26 29 24) (38 17 35) (39 32) (37 38 33)
 (38 28) (40 41 42) (42 36) (10 32) (45) (26 28 46) (47 34 22) (45 34 42 35)
 (49 43) (44 50) (49 40) (44 52) (52 43) (44 54) (55) (47 43) (52 36) (58) (59)
 (60 54) (61) (50 53 62) (47 63) (37 59) (65 55 57) (65 60 55) (66 67 62)
 (68 48) (68 48) (53 70) (56 51 71 63) (72) (73 64) (67 51 61 57) (66 75 63)
 (74 76) (67 51) (77 78) (79) (73 78) (56 62 48 78 57) (82 76 72) (81 83) (83)
 (82) (74 75 86) (87) (88) (87) (90 83 88) (90 85) (73 76 86) (93 80) (93 87)
 (92 77 95) (96) (81 89 97) (80 81 85 89 90 95) (81 93 87) (77 86) (101)
 (84 69 102 96) (100 103 88) (104) (91 95 79 102) (106 99 103) (89 106 100)
 (81 82 79) (109 80) (100 92 110 102 88) (107 111) (89 97 100 110)
 (113 99 108 69 111) (105 108 109) (115) (98 107 115) (117 110)
 (97 107 100 109) (105 119) (113 117 94 120) (108 98 104 109 80) (122 118 111)
 (123 120) (123) (122 99 115) (116 126 118 120) (123 116 126) (128) (129)
 (124 128) (121 131 125) (114 132 127 130) (133) (134) (134) (129 131)
 (137 125) (138 132) (135 139) (140) (130 139) (133 142) (139) (114 144)
 (129 125 94) (143 146 145 112) (147 140) (146) (135 149 138) (147 150 140)
 (148 151 141) (148 151) (114 149 142) (135 149 138 112) (148 155) (156)
 (143 149 145) (146 142) (154 159 150 157) (146 127 142) (148 161 141)
 (136 162 160) (163 158) (162 156) (161 133) (166 134) (167 153) (168 141)
 (166 157 153) (170 165) (159 166 153) (168 172 170 165) (163 173) (174 164)
 (136 172 157 169) (176) (154 162 158 172) (178 165) (136 179 173 160)
 (168 136 179) (169 181 152) (182 160) (180 182) (181) (163 185 170 182)
 (186 180 177) (180 181) (169 178 156 152) (172 165) (158 190 152 173)
 (181 191) (169 190 181) (180 189 193) (174 177 171 193) (195 186 188 194)
 (185 190 184) (163 197 191 193) (198 171) (195 199 189) (187 188 200)
 (194 200) (175 188 183 202) (186 203) (175 187 200) (188 205)
 (197 189 177 171 175 188) (163 197 188 177 189) (191 183 208)
 (209 164 200 186) (164 208 183 200) (187 211) (204 212) (211 204 196)
 (201 214) (213 215) (212 215) (209 217 213 206) (218) (219) (218) (221 207)
 (210 220 222) (223) (217) (225 216) (226 220) (227 222) (227 222 192)
 (217 205) (213 230 192) (227 231 224) (230 224) (229 230 224) (234)
 (210 228 230 192) (236) (234 237 232) (238) (235 239) (240) (236 231) (242)
 (233 243 238) (244) (245 240) (244 240) (247) (243 238) (241 249 244)
 (233 237 243 229) (233 234 242) (241 252 245 248) (253) (254) (250 255) (256)
 (257) (258) (251 255) (260) (259 260) (249 260 246) (260) (264) (257 264)
 (246 254) (266 267 261) (265 267) (266 259 269) (265 258 267) (267)
 (272 264 256) (265 272 256) (260 272) (265 266 259 275) (276) (276)
 (265 258 272) (275 279 263) (277 261 262 280) (276 261 279 263) (282 280)
 (283) (259 275 279) (285 261 263) (274 283 277 286 271) (274 269 278 286)
 (288) (281 282 271 289) (273 289 262 270) (289) (283 292) (292 287)
 (274 276 270 286) (293 295) (273 284 285 262 270) (297 292 271) (290 298)
 (299 294 295) (300 268 296) (300 293) (300 293) (302 303) (291 301 303) (305)
 (297 295) (307 291 268 302 296) (307 300) (268 309) (291 310 303 296)
 (301 310 303) (291 312) (313) (313) (315 304) (309 296) (313 317)
 (308 318 304) (319) (314 320) (306 315 320 314) (319) (308 318 304) (324)
 (325) (324 320) (306 327 311 314) (315 317 302) (329 306 326) (329 318 304)
 (314 331 325 311) (331) (305 308 333) (322 323 316 334) (335 327 311)
 (316 325 327 311 334) (337 306 332) (338 323) (330 333 311 320) (338 340 328)
 (340 335) (342) (321 341 343) (306 331) (345 332 326 328) (346 344)
 (346 341 335) (348 344 336) (347 349) (347 348) (351) (351) (350 351)
 (321 346 339 341) (355 348) (356 349 352) (353 357) (357) (346 335) (351 360)
 (361 359) (362) (361) (361 355) (365) (364 352 366 336) (363 367) (358 366)
 (369 368) (369 359) (370 371) (354 372) (371) (374) (373 375) (354 371)
 (377 372) (365 358) (354 379 375) (363 380 367) (381 368) (377 380 364)
 (380 376) (369 363 379 367) (385 378 374) (377 379 372) (387 375)
 (378 387 373 381) (385 378 387) (390 384) (381 391 383) (380 390 376) (393)
 (394) (393 382 391) (393) (397 382) (394 396 398 392) (395 397) (373 390 383)
 (401 392) (385 387 373 382) (401 403 388 399) (403 391) (394 405 388 389 383)
 (406 396 398 400) (402 407) (403) (401 386 409 407) (410) (410) (402 411 412)
 (409 386 396 400) (411 414 408) (415) (416) (416) (418) (419 413 399)
 (404 420) (421) (422) (420) (417 422 424) (424) (421 424) (417 427 423)
 (427 422) (426 429) (430) (430) (417 431 432) (417 430) (434 432) (435)
 (419 413) (434 437) (435 438) (415) (435 428 437 440) (418 440) (442 428 438)
 (434 428 442 432) (444 439) (426 428 429 442) (441 443 446) (439 431 447)
 (446) (425 449 439))