(NIL NIL (2) NIL (4) (5) NIL (7) (7) (9) (10) (8 2 11 1) (3 11) (9 5) (8 14)
 (15 2) (6 14) (9 4) (18) (19 1) (6 8 20) (15 13 18) (17 8 10 18) (9)
 (17 11 24) (20 2 25) (7 4) (6 27) (8 11 24 6 27 20) (12 28 3 29 16) (30) (30)
 (32) (32) (34 26 13 23) (35) (21 36 31) (36) (33 38) (33 36) (40) (40) (42 31)
 (43) (44 39) (43 38) (21 46) (43 37) (48 22 46) (43) (50) (51 38) (51 44 46)
 (51 44 37 46) (51 39) (52 44 55 48) (41 47 56) (56) (58 45 54 47) (41 59 22)
 (59) (57 61) (58) (41 63) (57 60 64) (60 62 64) (65 66) (65 66) (49 66)
 (58 22 54) (70) (41 45 71) (49 67 53 72) (73 68) (74) (75) (76) (76 69) (78)
 (59 53 63 72) (75 80) (81 69) (82 76) (82) (81 77) (85 79) (84 85) (87)
 (60 53 62 63 70) (89 88) (90) (91) (92) (90) (94) (92 95) (78 96) (83 92 94)
 (98) (89 87) (100) (101 99 93) (99 101) (99 100 79) (100 96) (83 105 93 86)
 (89 87) (98 107) (93 107 95 104) (102 109) (90 107) (104) (112) (113 102 111)
 (105 114) (115 108 103) (116) (110 116 86) (112 105 101) (110 114 119 86)
 (120 106) (121) (97 120 118) (123 106) (124) (125 117) (124 122) (116 119 109)
 (128) (129 122) (110 117 128) (97 122 128) (123 130 132) (122 118)
 (129 131 127 132 134) (123 131 134) (136) (137 130) (137) (139 132) (139 132)
 (125 141 135) (142 133) (143) (126 142 133) (141) (146 133) (147 143) (146)
 (145 149) (139) (148 150 151) (146 151 143) (130 151 135) (153 154 149)
 (155 140 144) (155) (138 156 157 150) (155) (138 148 156 150 159)
 (125 133 136) (161 140 144 145 153 154) (162 148 156) (163) (164 160)
 (165 158 152) (162 147 155) (167 160) (164 158 168) (168) (170 163 158) (168)
 (165 172 157 152) (169 172 166) (174) (161 156) (176 148 157 150 159)
 (177 168) (170 178 173 174) (138 163 167 159) (176 180) (170 164 181 172)
 (169 177 180) (171 172 183) (179 184) (183 166) (171 186) (187) (188 179)
 (189 182 185) (190) (190) (192) (190) (194 191) (188 182) (192 196) (190 196)
 (188 172) (199 191) (200 198 175) (200 195) (192 199) (197 199 194) (204)
 (205 175) (198 205) (205 191) (203 208 202 175) (198 203 208) (204 203 195)
 (208 211) (193 210 212) (193 206 212) (200 214 210) (215 201) (216) (216 213)
 (218 209) (216 207) (220) (221 202) (218 221 202) (223 209) (217 220) (215)
 (225 226 213 222) (214 207) (216 228 213) (226 218 209 221 229) (230 217 219)
 (230 219) (231 232) (216 228 213) (224 217 230 234) (231 235) (227 235 233)
 (229 221 234) (217 234) (239 226 219 229) (240 231) (239 225 219 235 222)
 (242) (243 240) (214 201 207 213) (224 225 222 245) (246 228) (227 247 236)
 (246 229) (232 249) (250 239) (250) (250 239 247) (253 231) (252 227 253)
 (238 235 240 232 249) (256 254 236) (250 237 256 247 236) (251 258)
 (248 251 258) (256 236) (248 252 261 241 244) (251 262) (257 260 255 263)
 (264) (258 262) (266 253) (257 237 261 255) (261) (257 267 269) (268 270 264)
 (237 254 255 269) (259 270 272) (273 263) (274) (271 272) (276) (276)
 (273 278) (278) (265 275 280) (265 280) (279 280) (280) (281 282 284) (285)
 (273 280) (265 273 280) (277 278) (265 289 284) (290 275) (291 279 288) (292)
 (293) (282 294) (285 294) (291) (297) (281 298 279 288) (299) (300 286 294)
 (291) (298 302 279) (283 301 303) (304) (293 303) (297 286 302) (299 307 295)
 (305 308) (306 300 308) (305 306 307) (311 295) (287 312) (310 312) (305 307)
 (315 311 295) (316) (315 308) (318) (319 312) (314 316 320) (316 310 319)
 (310 311 318) (323 319) (324 320) (325 287) (318) (321 327) (313 326 328)
 (327 317 319 287) (311 287 318) (323 312 331 296) (322 332 324 309 327)
 (314 332 309 322) (321 317 332 309) (313 324 334 335) (335) (321 322 331 325)
 (338) (313 331 325 328) (331 326) (341 317 334) (337 333 342 336) (343)
 (333 342 335) (345 343 328) (346) (345 340) (329 348 344) (348 336) (350 343)
 (349 351) (339 351) (342 336) (354 333) (337 342) (338 356 354) (329 357 350)
 (347 358) (340 357) (329 339 360 344) (361 351) (361 349) (353 347 356)
 (361 355 364) (364 360) (362 364 359) (361 364) (368) (369 358) (369 352)
 (369 363) (369 330 349) (355 373 366 359) (372 365 374) (375 367) (376) (374)
 (378 372 352) (373 352) (363 373 352) (380 381 358 366) (372 381)
 (365 374 383) (384 376) (385 370) (385 370) (374 383) (371 388 382)
 (370 389 365) (389 376) (389) (379 389) (393 362 390 375 392) (394) (387 395)
 (377 386 391 394) (385 394 391) (398) (393 391) (394 400) (401 397) (388 367)
 (403 397) (403 396) (362 381) (385 401 403 406) (385 379 406 391) (393 408)
 (409 402 395) (410 396) (411 405) (411 404) (413 405 399) (414 407) (411)
 (414 416) (410 399) (418 403) (405 408) (387 408 403 400) (410 420 421 398)
 (418 411 404 422) (423 416) (424) (424) (418 422) (427 413 424) (427 413)
 (426 429) (386 403 396 406 399) (401 405 431) (419 432 427 414 424)
 (432 404 422 416) (425 434 419 428 414) (417 435 407) (410 404 420 431)
 (437 419 429 423) (429 431 424) (417 438 415 439) (435 440) (441)
 (426 440 434) (433 443 412 436) (433 440) (445) (436 439) (442 443 447)
 (430 448) (426 412 447))