(NIL (1) (1) (3) (4) (2 4) (5 6) (6) (7 8) (7 8) (9 10) (11) (12) (12) (13 14)
 (15) (16) (16) (17 18) (19) (17 18) (21) (22) (20 23) (20 22) (25 24) (26)
 (27) (28) (28) (28) (30 31) (32) (32) (33 34 29) (33 34 29) (35 36) (37) (38)
 (39) (40) (41) (40) (40) (41 43 44) (42 45) (46) (47) (48) (49) (50) (50) (52)
 (53) (51 54) (55) (55) (51 54) (57 58) (59) (60 56) (61) (62) (63) (64) (64)
 (66) (65 67) (68) (69) (70) (69) (72) (73 70) (74) (75 71) (76) (76) (78) (79)
 (80) (80) (82) (81 83 77) (84) (85) (86) (87) (87) (86) (89 90) (89 90 88)
 (91 92) (93) (94) (95) (94) (97) (98) (99 96) (98 95) (100 101) (102) (103)
 (102) (105 104) (106) (107) (108) (109) (108) (109 111) (112) (113) (114 110)
 (115) (115) (116 117) (118) (118) (110 112) (121 119 120) (122) (123) (124)
 (122) (125 126) (127) (125 126) (129 127) (130) (130 128) (132) (132) (134)
 (135) (136) (137 133) (137 133) (138 131 139) (138 139) (140 141) (131 141)
 (140 143) (142 144) (145) (146) (145) (147 148) (149) (149) (151) (150 151)
 (153) (154) (155 152) (156) (157) (158) (159) (160) (161) (162) (163) (164)
 (165) (164) (167) (166 168) (169) (169) (170 171) (172) (172) (173 174) (175)
 (176) (175) (177 178) (179) (180) (181) (181) (179) (180 184) (182 184)
 (186 183) (185 187) (188) (186 183) (187 190) (189 191) (192) (193) (194)
 (195) (194) (197) (195 198) (196 199) (195 197) (201 199) (202 200) (202 200)
 (204) (205) (203 206) (207) (204) (209 207) (210 208) (211) (209 206)
 (210 213) (211 214) (212 214) (216) (217 215) (218) (212 214) (220 215 216)
 (219 221) (219 221) (219 220) (221 224) (225 223) (226) (227) (228 222)
 (227 222) (226) (230 231) (232) (229 232) (234) (235) (236) (233 236)
 (233 235) (237 238 239) (240) (241) (242) (242) (243 244) (245) (245) (245)
 (246 247 248) (248) (250) (249 251) (249 251) (250 246) (249 251 254)
 (253 254) (252 256) (257 255) (258) (259) (259) (261) (262) (263) (260 263)
 (265 264) (266) (267) (265 264) (265) (269 270) (268 271) (272) (272) (274)
 (273 274) (275 276) (275 276) (278) (279) (277 280) (277 280) (281 282) (283)
 (284) (285) (286) (277 279) (286 288) (289 287) (290) (291) (291) (293) (294)
 (295) (296) (297) (298) (299))