(NIL (1) (1) (3) (4) (2 5) (5) (6 7) (8) (6 7) (10) (11) (12 8) (9 13) (14)
 (15) (15) (17 16) (18) (19) (17 16) (19 21) (22) (20 23) (24) (25) (26) (27)
 (28) (29) (30) (31) (30) (33 31) (33) (35 32) (36) (34 36) (34 36) (38 39)
 (38 39) (41) (34 35) (41 43 40) (42 44) (45 37) (46) (46) (47 48) (49) (50)
 (47 48) (50 52) (53) (54) (51 55) (55) (57 56) (51 55) (59 56) (58 60) (61)
 (62) (57 60) (63 64) (63 64) (65 66) (66) (67 68) (69) (65 68) (70 71) (72)
 (73) (74) (75) (74) (76 77) (78) (78) (78) (81 79 80) (82) (83) (81 79 80)
 (82 85) (84 86) (87) (87) (89) (90) (91 88) (90 88) (89) (93 94) (92 95) (96)
 (97) (98) (99) (100) (101) (101) (102 103) (102 103) (105) (105 104) (107)
 (108) (106 109) (110) (111) (107) (113 111) (114 112) (115) (114) (117 112)
 (115 118) (119) (120) (121 116) (122) (123) (121 116) (122 125) (124 126)
 (127) (128) (129) (130) (131) (131) (132 133) (134) (134) (135 136) (137)
 (138) (139) (140) (140) (142) (139) (141 143 144) (145) (146) (146) (148)
 (147 148) (150) (149 151) (152) (153) (154) (154) (155 156) (156) (158) (156)
 (157 158 160) (161) (162 159) (163) (163) (165) (166) (164 167) (167)
 (169 168) (169) (164 167) (171 172 168) (169 172) (171 174 168) (170 173 174)
 (176) (177 175) (170 173 174) (178 179) (180) (181) (182) (183) (182)
 (185 183) (186) (187 184) (188) (189) (190) (191) (191) (193 192) (194) (195)
 (193) (197 192) (196 198) (199) (194 197) (201 200) (202) (201) (202 204)
 (205) (206) (203 207) (208) (209) (210) (210) (212) (211 213) (211 213) (213)
 (216) (217 215) (211 216) (219 215) (218 219 214) (220 221) (222) (220 221)
 (222 224) (225 223) (226) (224) (226 228) (229) (230) (229) (230 232)
 (230 232) (234 231) (233 234 231) (235 236) (236) (227 238) (235 238) (240)
 (241 227 237) (235 238) (241 243 237 239) (242 244) (245) (245) (246 247)
 (248) (246 247) (250 248) (249 250) (252) (253) (251 253) (255) (254 256)
 (257) (258) (258) (254 256) (260 261) (262) (259 263) (263) (263) (266 259)
 (267) (265 268 264) (269) (270) (265 267 264) (271 272) (273) (274) (275)
 (276) (274) (273) (277 278 279) (280) (277 279) (282) (281 283) (284)
 (281 283) (286) (284 287) (285 287) (289) (289) (291 288) (290 292) (292)
 (293 294) (290 294) (290 294) (297 295 296) (298) (299))