(NIL (1) NIL (3) (3 2) (4 5) (6) (5) (7 8) (9) (10) (10) (12) (11 13) (14) (14)
 (15 16) (17) (11 12) (19 16) (20 15) (18 21) (22) (23) (24) (23) (26) (27)
 (28 24) (28) (30) (25 27) (28 32) (33 30) (34) (35 29 31) (36) (37) (37) (39)
 (40) (38 40) (41 42) (43) (44) (42) (44 46) (47) (45 48) (45 46) (49 50) (51)
 (52) (52) (53 54) (55) (56) (57) (57) (58 59) (60) (61) (62) (61) (63 64)
 (63 64) (65 66) (67) (67) (68 69) (70) (71) (72) (73) (73) (74 75) (76) (77)
 (78) (79) (78) (81 79) (82 80) (83) (83) (84 85) (86) (87) (88) (89) (90) (88)
 (89 92) (91 93) (91 93) (95) (94 96) (94 96) (98) (97 99) (99) (101) (97 102)
 (103) (104) (105 100) (103) (105 107) (108) (108) (106 110) (111) (111)
 (113 109) (114 112) (113 109 112) (116) (115 117) (118) (119) (116)
 (121 115 117) (122 120) (121 120) (124) (122 125) (126) (127) (123 128) (129)
 (129) (124) (131 132) (130 133) (134) (134) (135 136) (137) (138) (139) (140)
 (139) (141 142) (143) (144) (145) (145) (143) (145 148) (146 147 148)
 (149 150) (151) (152) (153) (154) (155) (156) (156) (158) (159) (158)
 (161 157 160) (162) (163) (164) (165) (166) (165) (166 168) (169) (169)
 (170 171) (172 167) (173) (174) (173) (176) (177 174) (178 175) (177 175)
 (179 180) (181) (182) (183) (184) (184) (185 186) (187) (188) (189) (188)
 (190 191) (188) (193 192) (193 192) (194 195) (196) (194 195) (196 198) (198)
 (197 200) (201 199) (201 199) (203) (202 203) (204 205) (206) (207) (205)
 (209 208) (210) (209 208) (211 212) (212) (212) (213 215) (216) (217)
 (213 215) (217 219) (220 214) (217 219) (218 220 214 222) (223) (221 224)
 (225) (225) (225) (227 228) (229) (226 230) (231) (232) (226 227 228)
 (233 234) (235) (236) (233 234) (236 238) (239) (237 240) (236 238) (242 239)
 (241 243) (243 237) (241 243) (246) (245 247) (244 248) (248) (249 250)
 (250 244) (252) (249 253) (251 252) (252) (253 256) (254 255 256) (258) (259)
 (260) (260) (259) (257 261 262 263) (262 263) (265 261) (263) (257 265 267)
 (268 264) (266 269) (270) (271) (272) (273) (272) (271) (276 272) (273 277)
 (274 278) (275 279) (280) (279) (282 280) (281 283) (281 283) (283)
 (284 285 286) (287) (288) (289) (289) (291) (292) (293) (294) (295) (290 296)
 (297) (293) (298 299))