(NIL (1) (2) (3) (4) (5) (6) (6) (8) (9 7) (10) (11) (12) (13) (14) (15) (16)
 (17) (18) (19) (20) (21) (21) (20) (22 23 24) (25) (26) (27) (28) (29) (30)
 (31) (32) (33) (32) (34 35) (36) (37) (38) (38) (39 40) (41) (42) (43) (44)
 (45) (46) (47) (48) (48) (49 50) (51) (52) (53) (54) (55) (56) (56) (57 58)
 (59) (60) (61) (62) (63) (64) (64) (65 66) (67) (68) (69) (70) (71) (71)
 (73 72) (73) (74 75) (74 75) (77) (78) (76 79) (80) (81) (82) (83) (83)
 (84 85) (86) (87) (87) (89) (90 88) (91) (92) (93) (94) (95) (96) (97) (98)
 (99) (100) (101) (100) (102 103) (101 103) (105 104) (106) (107) (108) (109)
 (110) (111) (112) (112) (114) (115) (113 115) (116 117) (118) (119) (120)
 (120) (121 122) (123) (124) (125) (126) (127) (128) (129) (130) (130) (132)
 (131 133) (134) (135) (136) (137) (136) (137 139) (140) (138 141) (142) (143)
 (144) (143) (145 146) (147) (145 146) (148 149) (150) (151) (151) (153) (154)
 (155 152) (156) (157) (158) (159) (159) (161 160) (162) (163) (164) (165)
 (166) (167) (168) (169) (170) (171) (172) (173) (173) (174 175) (176) (177)
 (178) (179) (180) (181) (182) (183) (184) (185) (186) (187) (187) (188 189)
 (190) (191) (192) (193) (194) (195) (196) (197) (198) (199) (198) (201 200)
 (202) (203) (204) (205) (205) (206 207) (208) (209) (209) (211) (210 212)
 (213) (214) (215) (215) (217) (218) (219 216) (220) (218 216) (222) (221 223)
 (224) (225) (226) (227) (228) (229) (230) (230) (231 232) (233) (234) (235)
 (236) (237) (238) (239) (240) (241) (242) (243) (244) (244) (245 246) (246)
 (247 248) (249) (245 248) (250 251) (252) (252) (253 254) (255) (256) (257)
 (258) (259) (260) (261) (262) (263) (264) (265) (266) (267) (268) (269) (270)
 (271) (272) (273) (274) (275) (276) (277) (277) (279) (278 280) (281) (281)
 (283) (282 284) (284) (285 286) (287) (288) (289) (290) (291) (292) (293)
 (294) (295) (296) (297) (298) (299))