(NIL (1) (2) (3) (3) (4 5) (6) (6) (8) (9 7) (10) (11) (12) (13) (14) (15) (14)
 (17 15) (18) (19 16) (20) (21) (22) (23) (24) (25) (26) (27) (28) (28) (29 30)
 (31) (32) (32) (33 34) (33 34) (35 36) (37) (35 36) (38 39) (40) (41) (42)
 (41) (43 44) (45) (46) (47) (47) (49) (50) (51 48) (51 48) (52 53) (54) (55)
 (56) (57) (58) (59) (60) (61) (62) (62) (63 64) (65) (66) (67) (68) (69) (70)
 (70) (72) (73 71) (74) (75) (76) (76) (78) (77 79) (80) (81) (82) (83) (82)
 (83 85) (84 86) (84 86) (88) (89 87) (89 87) (90 91) (92) (93) (94) (95) (95)
 (97 96) (98) (99) (100) (98) (101 102) (103) (104) (105) (106) (107) (108)
 (109) (109) (110 111) (112) (113) (113) (114 115) (116) (117) (118) (119)
 (119) (121 120) (122) (123) (123) (124 125) (125) (126 127) (128) (129) (130)
 (131) (131) (132 133) (134) (135) (135) (137 136) (138) (139) (140) (138)
 (141 142) (143) (144) (145) (146) (147) (148) (149) (150) (151) (151)
 (153 152) (154) (155) (156) (157) (157) (158 159) (160) (161) (162) (163)
 (164) (165) (166) (167) (168) (169) (170) (171) (172) (173) (174) (175) (176)
 (175) (177 178) (179) (180) (181) (182) (182) (184) (183 184) (185 186) (187)
 (187) (189) (188 189) (190 191) (190 191) (193) (194 192) (195) (195)
 (196 197) (197) (198 199) (200) (201) (202) (203) (204) (205) (206) (207)
 (208) (209) (210) (211) (212) (213) (214) (213) (215 216) (217) (218) (219)
 (218) (220 221) (222) (222) (223) (224 225) (226) (227) (228) (229) (229)
 (230 231) (232) (233) (234) (232) (233 236) (235 237) (238) (239) (240) (241)
 (241) (242 243) (244) (245) (246) (247) (248) (249) (250) (251) (251)
 (252 253) (253) (252 255) (252 255) (257 254 256) (258) (259) (259) (261)
 (260 262) (263) (264) (265) (266) (267) (266) (268 269) (267 269) (270 271)
 (272) (273) (274) (275) (276) (277) (274) (278 279) (280) (281) (282) (282)
 (284) (285) (283 285) (286 287) (288) (289) (286 287) (290 291) (292) (293)
 (294) (294) (295 296) (297) (298) (299))