(NIL NIL (2) (3 1) (4) (5) (3 1) (6 7) (8) (9) (10) (11) (12) (13) (13) (15)
 (16) (14 16) (17 18) (19) (20) (19) (21 22) (23) (24) (25) (26) (27) (28) (29)
 (30) (31) (32) (33) (34) (35) (36) (37) (38) (39) (40) (39) (41 42) (43) (43)
 (45) (44 46) (47) (48) (49) (50) (49) (50 52) (51 53) (54) (54) (55 56) (57)
 (58) (58) (60) (59 61) (62) (59 61) (64) (65 63) (65 62) (67 63) (66 68) (69)
 (70) (71) (71) (73) (74 72) (75) (76) (76) (78) (77 79) (80) (81) (81) (82 83)
 (84) (85) (86) (86) (88) (89 87) (90) (91) (91) (92 93) (92 93) (94 95) (96)
 (96) (97 98) (99) (100) (101) (101) (103) (104) (105 102) (106) (107) (107)
 (109) (110) (111) (108 112) (113) (108 112) (114 115) (114 115) (116 117)
 (116 117) (119) (118 120) (120) (121 122) (123) (124) (123) (126) (125 127)
 (128) (129) (130) (131) (132) (133) (134) (135) (133) (137 136) (138) (138)
 (139 140) (141) (142) (143) (144) (145) (145) (147) (148) (146 149) (150)
 (151) (151) (153 152) (154) (155) (156) (157) (158) (159) (160) (161) (162)
 (163) (164) (165) (165) (166 167) (166 167) (169 168) (170) (170) (171 172)
 (173) (174) (173) (174 176) (177) (178 175) (179) (180) (181) (179) (182 183)
 (184) (185) (186) (186) (187 188) (189) (190) (191) (192) (193) (193)
 (194 195) (196) (197) (198) (199) (200) (201) (200) (202 203) (202 203)
 (204 205) (206) (207) (208) (208) (210) (209 211) (212) (213) (214) (215)
 (216) (216) (217 218) (219) (220) (221) (222) (223) (224) (225) (225)
 (226 227) (225) (228 229) (230) (231) (232) (233) (234) (235) (236) (237)
 (238) (239) (239) (241 240) (241 240) (242 243) (244) (245) (246) (247) (247)
 (249) (250) (250 248) (251 252) (253) (254) (254) (255 256) (257) (258) (259)
 (260) (260) (261 262) (263) (264) (265) (266) (267) (268) (269) (270) (271)
 (272) (273) (274) (274) (275 276) (277) (278) (279) (280) (280) (281 282)
 (283) (284) (285) (286) (287) (288) (288) (289 290) (291) (292) (291)
 (293 294) (295) (296) (297) (298) (299))