(NIL (1) (2) (2) (3 4) (4) (5 6) (7) (8) (9) (10) (11) (12) (13) (13) (14 15)
 (16) (17) (18) (18) (17) (19 20 21) (22) (23) (24) (25) (26) (27) (28) (29)
 (30) (31) (32) (32) (34) (33 35) (36) (33 35) (37 38) (39) (40) (41) (42)
 (37 38) (43 44) (45) (46) (46) (47 48) (49) (50) (51) (52) (53) (54) (55) (56)
 (57) (58) (59) (59) (61) (60 62) (63) (64) (65) (66) (67) (68) (69) (70) (71)
 (72) (73) (72) (73 75) (74 76) (77) (78) (79) (80) (81) (82) (83) (84) (85)
 (86) (87) (88) (89) (90) (91) (92) (92) (93 94) (93 94) (96) (95 96) (96)
 (97 98 99) (100) (101) (102) (103) (103) (105 104) (106) (106) (108) (107 109)
 (110) (111) (112) (113) (114) (115) (116) (117) (118) (119) (120) (121) (122)
 (123) (124) (125) (126) (127) (128) (129) (130) (131) (131) (132 133)
 (132 133) (134 135) (136) (137) (138) (139) (140) (140) (141 142) (143) (144)
 (145) (145) (147) (146 148) (149) (150) (151) (152) (153) (154) (154) (154)
 (155 156 157) (158) (159) (160) (161) (161) (162 163) (164) (165) (164)
 (166 167) (168) (169) (168) (170 171) (172) (173) (172) (173 175) (174 176)
 (177) (178) (179) (180) (181) (182) (183) (183) (185) (186 184) (186 184)
 (187 188) (189) (189) (190 191) (192) (193) (194) (195) (196) (196) (198)
 (197 198) (199 200) (201) (202) (202) (204) (203 205) (206) (206) (208) (209)
 (210) (211 207) (212) (213) (214) (215) (216) (217) (218) (219) (220) (221)
 (222) (223) (224) (225) (224) (227) (226 228) (229) (230) (231) (231)
 (233 232) (234) (234) (235 236) (237) (238) (239) (240) (241) (240) (241 243)
 (242 244) (245) (246) (247) (248) (247) (249 250) (249 250) (252) (251 252)
 (253 254) (255) (256) (257) (258) (259) (260) (261) (262) (263) (264) (265)
 (263) (266 267) (268) (268) (269 270) (271) (272) (272) (273 274) (275) (275)
 (276 277) (278) (279) (280) (281) (281) (282 283) (284) (285) (286) (287)
 (288) (288) (289 290) (291) (292) (293) (293) (294 295) (296) (297) (298)
 (299))