(NIL (1) (2) (3) (4) (5) (6) (7) (8) (8) (9 10) (11) (11) (12 13) (14) (15)
 (16) (17) (18) (19) (20) (20) (21 22) (21 22) (24) (25) (26) (26 23) (27 28)
 (29) (30) (31) (31) (33 32) (34) (34) (35 36) (36) (37 38) (39) (40) (41) (42)
 (43) (43) (44 45) (46) (47) (48) (49) (50) (50) (51 52) (53) (54) (55) (56)
 (57) (58) (59) (60) (60) (62) (61 63) (61 63) (65 64) (66) (67) (68) (69) (70)
 (71) (72) (73) (74) (75) (76) (77) (77) (78 79) (80) (81) (82) (83) (84) (85)
 (86) (87) (87) (89 88) (90) (91) (92) (93) (93) (94 95) (96) (97) (98) (99)
 (100) (101) (102) (103) (104) (105) (106) (105) (108) (107 108) (106 108)
 (109 110 111) (112) (113) (112) (114 115) (116) (117) (118) (119) (120) (121)
 (121) (122 123) (124) (124) (125 126) (127) (128) (129) (130) (131) (132)
 (133) (134) (134) (135 136) (137) (138) (139) (139) (140 141) (142) (143)
 (144) (145) (146) (147) (147) (148 149) (148 149) (150 151) (152) (153) (154)
 (155) (156) (157) (158) (159) (160) (161) (162) (162) (163 164) (165) (166)
 (165) (168) (169 167) (169 166) (170 171) (172) (173) (173) (174 175) (176)
 (176) (177 178) (179) (179) (181) (182) (183) (180 183) (185 184) (186) (187)
 (188) (189) (190) (191) (192) (193) (194) (193) (194 196) (195 196) (197 198)
 (199) (200) (201) (202) (203) (204) (205) (206) (207) (208) (207) (209 210)
 (211) (212) (211) (212 214) (212 214) (213 216) (217) (213 215 216) (217 219)
 (218 220) (221) (221) (222 223) (224) (225) (226) (227) (228) (229) (230)
 (230) (232) (233 231) (234) (233 231) (234 236) (235 237) (238) (238)
 (239 240) (241) (242) (242) (243 244) (243 244) (245 246) (245 246) (245 246)
 (249 247 248) (250) (251) (252) (253) (254) (255) (256) (257) (258) (259)
 (260) (261) (262) (263) (262) (265 264) (266) (267) (268) (269) (269)
 (270 271) (272) (270 271) (273 274) (275) (276) (275) (276 278) (279)
 (277 280) (281) (282) (283) (284) (284) (286) (285 287) (288) (289) (290)
 (291) (291) (293) (292 294) (295) (296) (297) (298) (296))