(NIL (1) (2) (2) (3 4) (5) (6) (7) (8) (9) (10) (11) (11) (12) (14) (15 13)
 (15 13) (17 16) (18) (19) (20) (21) (22) (23) (24) (25) (26) (27) (26) (29)
 (28 30) (31) (32) (33) (34) (35) (36) (37) (36) (38 39) (40) (41) (42) (41)
 (43 44) (45) (46) (47) (48) (49) (50) (50) (51 52) (53) (54) (54) (55 56) (57)
 (58) (59) (60) (61) (62) (63) (63) (65) (66 64) (67) (68) (69) (69) (71)
 (70 72) (73) (74) (75) (76) (77) (78) (79) (80) (81) (82) (83) (84) (85) (86)
 (87) (88) (86) (89 90) (91) (91) (93) (92 94) (95) (96) (97) (98) (98)
 (99 100) (101) (102) (102) (103 104) (103 104) (105 106) (107) (107) (108 109)
 (108 109) (110 111) (112) (113) (113) (114 115) (116) (117) (118) (119) (120)
 (119) (122 120) (121 123) (124) (125) (126) (126) (127 128) (129) (130) (129)
 (131 132) (133) (134) (135) (136) (137) (138) (139) (140) (141) (142) (143)
 (142) (145 144) (146) (147) (148) (149) (150) (151) (152) (153) (152)
 (154 155) (156) (157) (158) (159) (160) (161) (162) (163) (164) (165) (166)
 (165) (168) (169 167) (169 167) (170 171) (172) (173) (173) (174 175) (176)
 (177) (178) (179) (180) (180) (182) (181 183) (184) (185) (186) (187) (185)
 (188 189) (187 189) (190 191) (192) (193) (194) (193) (194 196) (197)
 (195 198) (199) (200) (201) (202) (203) (204) (205) (206) (207) (208) (209)
 (210) (211) (212) (213) (214) (215) (213) (217 214) (218 216) (219) (219)
 (221) (220 222) (223) (223) (225 224) (226) (227) (228) (229) (230) (231)
 (232) (233) (234) (234) (235 236) (237) (238) (239) (240) (241) (242) (243)
 (242) (243 245) (244 246) (244 246) (247 248) (249) (250) (251) (252) (252)
 (254) (253 255) (256) (257) (258) (259) (259) (260 261) (262) (263) (264)
 (264) (266) (265 266) (267 268) (269) (270) (271) (272) (273) (274) (275)
 (276) (275) (276 278) (277 279) (280) (281) (282) (283) (284) (285) (286)
 (287) (288) (289) (290) (291) (290) (293) (292 293) (294 295) (296) (297)
 (298) (299))