(NIL (1) (1) (3) (2 3) (4 5) (6) (7) (6) (9) (9) (11) (12 8) (10 13) (14) (15)
 (14) (17 15) (18) (18 16) (20) (21) (22) (22) (19 24) (19 23) (24 26) (26)
 (28) (29) (30 25 27) (30) (32 31) (33) (34) (35) (35) (37) (37) (36 38 39)
 (36 39) (41 40) (41) (43 40) (44) (44) (46) (40) (48 42 43) (49 47) (48 44)
 (51 50) (52) (53) (52 45) (51 50) (51 50) (57) (57 52 56) (59 45)
 (58 60 54 55) (58 60 55) (61 62) (63) (63) (65) (66 64) (65 64) (66 68)
 (67 68) (69 70) (71) (69 70) (73 71) (74 72) (74 72) (75 76) (76) (75 78) (79)
 (80) (80) (81 82) (75 78) (84) (83 85) (77 86) (85 83 77) (87 88) (89) (90)
 (90) (90) (92 93) (91 94) (95) (95) (97) (98 96) (99) (97 96) (98 101) (102)
 (99 103) (101) (105 98) (106 100) (107 102) (107 104) (108 109) (109) (111)
 (110 112) (110 112) (114) (110 112) (115 116) (113 117) (118) (119) (118)
 (121 120) (121 119) (123) (122 124) (125) (125) (125) (126 128) (126 128)
 (130) (129 131 127) (132) (133) (134) (135) (136) (133) (138 136) (139) (140)
 (137 141) (142) (143) (144) (143) (146 144) (147) (145 148) (149) (146)
 (149 151) (150 152) (153) (154) (155) (154) (155 157) (156 158) (159) (159)
 (161) (162 160) (162) (162 160) (163 164 165) (166) (166) (168) (168)
 (170 167) (169 171) (172) (172) (174) (175) (173 176) (177) (173 176)
 (178 179) (180) (181) (182) (181) (182 184) (183 184) (185 186) (187) (187)
 (189) (186) (191) (188 189 192) (193 190) (190 192) (193 195) (188 192)
 (190 192) (196 197 198) (193 197 198) (199 200) (201 194) (194 199 200)
 (202 203) (204) (205) (205) (207) (206 208) (208) (204) (211 206 208)
 (209 210 212) (213) (214) (214) (215 216) (217) (218) (219) (218) (219 221)
 (222) (223) (224) (225 220) (220 224) (224) (224) (229) (227 228 230)
 (225 231) (226 232) (231) (225 229) (226 235 234) (236) (237) (238) (238 232)
 (239 240) (236 232) (233 242 239) (241 243) (242 240) (241 243 245) (244 245)
 (233 241 245) (243 248) (249 247) (250) (250 246) (252) (253) (251 254) (253)
 (251 256) (251 254 256) (258) (259) (260) (259 255) (257 262) (257 259 255)
 (258) (265 261 263) (266) (267) (268) (267 264) (270) (271) (268 272) (273)
 (268 271) (274 275) (276) (277 269) (278) (278) (280) (278) (282 280)
 (281 283) (284 279) (284) (281 283 279) (286 287) (287) (287) (289 290 288)
 (291) (286 287) (289 293 288) (289 290 293 288) (292 293) (285 294 295 296)
 (285 294 296) (285 295 296) (299 294) (299) (297 301) (302) (297 298 300 301)
 (303 304) (302 304) (305 306) (307) (308) (309) (309) (310 311) (312) (313)
 (312) (314 315) (309) (315 317) (318) (318) (313 320) (321 314) (313 319 320)
 (313 320) (324 319) (322 316 325) (326) (324 319) (323 326 328) (329) (330)
 (331) (332) (333) (334) (329) (334 336) (333 336) (338) (337 339) (340 327)
 (339 334) (337 342 327) (343) (334 327 336) (345 340 342) (346 341)
 (347 335 344) (345 341 335 344) (346 349) (347 350) (351) (352) (353)
 (354 348) (355) (356) (355) (358) (359) (360) (361) (356 358) (361 363 357)
 (362 364) (365) (366) (367) (368) (369) (369) (370 371) (372) (373) (372)
 (374 375) (368) (377 376) (378) (379) (380) (378) (382) (381 383) (384) (385)
 (386) (387) (386) (389) (389) (391) (392) (387 392) (394 388) (395 390) (396)
 (393 397) (398) (399))