(NIL NIL (1) (3) (4) (2 4) (6) (5 7) (7) (9 8) (5 6) (9 11) (12) (13 8) (10 14)
 (14) (16) (17) (10 16) (19) (17 20 15) (21) (18 22) (22) (23 24) (25) (26)
 (27) (27) (28 29) (30) (31) (26) (33 31) (34) (35 32) (36) (37) (38) (39) (37)
 (41 38) (41 38) (42 43) (44 40) (44 40) (42 43 40) (46 47) (48) (49) (50 45)
 (49) (50 52) (51 53) (54) (55) (53 45) (57 56) (57 55) (59) (60 56) (58 61)
 (58 60) (63) (59) (65 63) (66 62) (67) (66 64) (69 62) (68 70) (66) (72 68 64)
 (73) (74) (71 72) (75 76) (76) (75 78) (79) (80) (81) (82 77) (83) (81 77)
 (84 85) (86) (83 85) (87 88) (89) (89) (90 91) (89) (90 91 93) (94) (92 94)
 (96) (97 95) (97) (93) (97 100 95) (98 101) (102) (98 100) (101 104) (104)
 (102 104) (107 103) (106 108) (99 107 103) (105 108 110) (106 111) (110)
 (113 106 108) (106 108 110) (114 115 112) (116) (117) (109 118) (116)
 (118 120) (118 120) (122 119) (121 122 119) (121 122) (125) (123 125) (127)
 (124 127) (129 128) (129) (130 131 126) (132) (133) (134) (135) (135) (135)
 (138) (138) (139 140 136) (141) (142) (137 141) (134) (137 145 142) (146)
 (147 143) (147) (145 144) (148 149 150) (151) (151) (153) (153) (154 155)
 (156) (157) (156 152) (157 159) (158 160) (161) (162) (162) (164) (164)
 (165 166) (163 166) (165 168) (163 165 166) (170 168) (171) (169 170)
 (172 173) (172 173 167) (175) (174 176) (173 167) (178 174 175) (178 174 176)
 (180) (179 180) (182) (177 182) (181 183 184) (184) (186 181) (187) (188)
 (185 189) (185 188) (189 191) (189 191) (193 190) (194 192) (195) (194 192)
 (194 192) (198) (195 197 199) (195 198) (201 199) (201 200) (203 196) (203)
 (202 205) (206) (196 207) (208) (208) (204 205) (211 207) (209 212) (210 213)
 (209 210 211) (212 215) (214 215) (217 216) (214 215) (217 219 216) (220)
 (218 219) (220 222) (223) (221 224) (225) (223) (227 221) (225 228) (229)
 (230) (231) (232) (233 226) (234) (235) (236) (237) (233 226) (226 231)
 (237 239 240) (241) (242) (241 238) (242 244) (245) (246) (243 245) (248)
 (245) (245) (251) (249 252) (253) (250 254) (254 247) (253 247) (250 251 248)
 (258 254) (257 259 256) (259 247) (257 261 256) (262 255) (262) (260 263 264)
 (265) (265) (267) (268) (266 268) (269 270) (271) (271) (273) (274 272) (275)
 (276) (275) (278) (278) (280) (281 277) (282) (283 279) (283 279) (284 285)
 (283) (284 285 287) (286 288) (284 285 287) (290) (291 286) (292 288)
 (291 286) (289 291) (294 295) (296) (297 292) (295) (297 299) (299 292) (301)
 (297 299 293) (303) (300 302 304) (300 303) (306 302) (307 304) (298 308)
 (305 298 307) (298 306) (309 311) (310 312) (313) (314) (315) (305 312)
 (313 317) (318) (316 319) (314 317) (321 316 318) (322 319) (323 320) (323)
 (325 320) (326) (326) (324 328) (329) (330) (331) (331 327) (332 333) (334)
 (335) (336) (336) (337 338) (336) (337 340) (335) (330 327) (337 343)
 (338 341 342 344) (338 341 343) (345 346 339) (347) (348) (348) (350)
 (349 350) (351 352) (348) (354) (355 350) (356 352) (353 357) (358) (359)
 (358) (357) (362 358) (362 359) (363 364 360) (361 365) (366) (366) (367 368)
 (369) (369) (370 371) (372) (372) (372) (371) (376) (377 373) (378 374 375)
 (379) (377 373) (378 381 375) (379 382) (383) (384) (385) (384) (387 380)
 (387) (385 380 389) (386 390) (391) (385 380 389) (393 386) (394 391) (395)
 (388 396) (395) (395 392) (399))