(NIL (1) (1) (2 3) (2 3) (2) (6 5) (7) (7) (9 8) (10) (11 4) (10 4) (12 13)
 (14) (12 13) (16) (17) (17) (18 19 15) (20) (19 15) (20 22) (21 23) (20)
 (24 25) (24 25) (26 27) (28) (29) (30) (30) (30) (33 32) (33) (35) (35)
 (36 37 31) (36 37 31 32) (34 38 39) (40) (36 37) (34 39 42) (43 40) (44)
 (41 44) (41 44) (47) (45 48) (49) (49 46) (45 46 47) (51 52) (51 52) (47)
 (50 55) (54 55) (57) (58 53 56) (59) (60) (60) (61 62) (61 62) (63 64) (65)
 (50 58) (67 63) (65 68) (68 64) (68) (66 70 71) (65 70) (72 69 73) (74) (75)
 (74) (77) (76 78) (79) (79) (81) (82 80) (83) (81) (83 85) (83 85) (86 87)
 (88) (84 88) (88) (88) (89 90 92) (93) (94) (95) (91 96) (89 90 91 92) (98 95)
 (97 99) (98 96) (100 101) (100 101) (102 103) (104) (105) (105) (107)
 (106 107) (105) (106 107 110) (108 109 110) (108 110) (113 111 112) (113 109)
 (115) (114 116) (117) (118) (119) (118) (121 119) (121) (123 120) (122 123)
 (124 125) (126) (127) (128) (129) (130) (130) (131 132) (128) (130 134)
 (133 135) (136) (137) (136) (138 139) (140) (140) (142) (142) (144) (145 141)
 (146 143) (147) (145 141 143) (149) (147 150) (149) (147 150 152) (153 151)
 (154) (155 148) (156) (155) (158) (156 159) (160) (161) (162 157) (157 160)
 (164) (160) (163 165 166) (162 157 166) (167 168) (169) (170) (171) (172)
 (173) (174) (173) (176) (175 176) (178) (177 179) (180) (181) (181) (183)
 (179) (185 184) (186 182) (187) (185 182 184) (186 189) (188 190) (187 190)
 (191 192) (193) (194) (194) (195 196) (197) (197) (196) (198 199 200)
 (198 200) (200) (202 203 199) (201 203) (204 205) (206) (207) (208) (209)
 (209) (211) (210 212) (213) (212) (212) (216) (216) (217 218 214 215) (219)
 (213 216) (220 221) (222) (223) (224) (225) (223) (227 224) (226 228)
 (225 228) (226 230) (231) (232) (233) (234) (233 229) (236) (233) (237 238)
 (237 238) (235 240) (241 239) (242) (243) (244) (245) (245) (247) (248)
 (249 246) (250) (251) (252) (253) (252) (251) (250) (257) (258) (259 254)
 (258 253 255) (261 256) (259 254 262) (263) (260 264) (264) (266) (267) (268)
 (265 269) (268 260) (265 269 271) (269 271) (273 270 272) (273 270) (274 275)
 (276) (277) (277) (276) (280) (281 277) (281 278) (278 279 280) (283 284)
 (282 285) (286) (287) (287) (286) (290) (289 291) (292 288) (292) (294 288)
 (295) (293 296) (296) (297 298) (299) (300) (300) (301 302) (302) (303 304)
 (302) (306 303 304) (305 306) (307 308) (309) (310) (311) (309) (313 312)
 (314) (315) (316) (317) (318) (319) (319) (321) (322 320) (321) (324) (325)
 (322 326) (323 327) (323 326) (326) (330 327 320) (329 331) (332) (333 328)
 (333 328) (335) (336) (337) (335) (339 336) (339 334) (338 339 334)
 (340 341 342) (337 339 334) (337 339 334) (345 340) (346 341 342) (345)
 (348 342) (347 349 343) (338 348 341 344) (346 351 343) (350 351) (353) (354)
 (354) (355 356) (357) (357 352) (358 359) (360) (359) (356 352) (362 363)
 (364 360) (365) (361 364) (366 367) (366 367) (369) (370 368) (371) (372)
 (366 367) (371 374) (373 375) (373 375) (377) (378 376) (379) (372 374)
 (378 381 376) (379 382) (379 381) (380 384) (385) (385 383) (386 387) (388)
 (388) (388) (388) (392) (389 392) (394 390 391) (394 391) (394 390)
 (394 390 391) (395 397 398) (393 395 397 398))