(NIL NIL (2 1) (3) (4) (4) (5) (6 7) (7) (9) (8 10) (11) (11) (8 9) (12 14)
 (15) (13 16) (17) (17) (19) (18 20) (20) (15) (17 23) (21 24) (25) (26) (27)
 (28) (27 22) (29 30) (28 30) (31 32) (29 32) (33 34) (34 31) (33 36) (37) (38)
 (37) (35 37) (30) (42 40) (41 42 39 40) (43 44) (43 44) (45 46) (44) (47 48)
 (45 46 48) (49 50) (51) (49 50) (50 47) (51 53 54) (51 53 54) (55 56) (57 52)
 (56) (58 59) (60) (57 59 52) (60 62) (60 62) (62) (65 61 63) (66 64) (66) (68)
 (69) (67 70) (71) (71) (67 69) (74 71) (69 64) (74 76) (73 74 76) (75 77 78)
 (76 72) (79 80) (81) (82) (82) (73 77 80) (85 79) (82 86) (84 86) (82 86)
 (89 84 87) (90) (89 83 84) (92 88) (91 93) (94) (94) (96) (95 96) (98) (91 93)
 (97 98 100) (99) (101) (102 103) (104) (105) (105) (104) (106 107 108)
 (105 108) (109 110) (111) (111) (113) (114) (115) (114) (117 112) (118) (119)
 (116 119) (116 118) (116 118) (121 123) (121 123 120) (124 125) (122 124 125)
 (127) (126 128) (128) (129 130) (131) (132) (133) (133) (132) (134 136)
 (134 135 136) (138) (137 139) (140) (141) (142) (143) (144) (142) (146 144)
 (147) (148) (149) (150) (150) (145 152) (145 150) (153 154) (145 149)
 (153 154 156 151) (157) (155 157) (155 156) (159 160) (161 158) (162) (163)
 (161 158) (163 165) (166) (164 167) (168) (169) (170) (170) (170) (169)
 (170 174) (172 175) (173 175) (177 171 176) (175) (179 176) (178 180) (181)
 (182) (182) (184) (185 183) (185) (187 183) (186 188) (186 188) (186 188)
 (190 191) (192) (193) (194) (195) (194) (197 189) (194 189) (198 199)
 (198 199) (201 196) (202 200) (202) (203 204) (204 200) (203 206) (207)
 (205 208) (209) (209) (207) (212) (211 212) (210 212) (211 215) (213 216)
 (217) (218 214) (217) (219 220) (214 216) (218 220 222) (219 223) (224)
 (225 221) (226) (221 222) (228) (226 229) (230) (227 231) (232) (233) (232)
 (234 235) (236) (237) (238) (238) (234 235) (235) (241 242 237) (243 239)
 (244) (245 240) (241 242 239 240) (246) (247 248) (248) (247 250) (251)
 (249 252) (253) (249 252) (255) (253 256) (257 254) (254 255) (258 259) (255)
 (260 261) (261 254) (260 263) (264) (265) (266) (258 259 261) (267 268)
 (269 262) (270) (270) (272) (273) (274 271) (273 271) (273 271) (268 264)
 (273 278) (279) (275 280) (281 277) (279) (283 277) (281 284) (285) (285)
 (276 286 287) (282 288) (289) (288) (291) (289 292) (293) (293) (290 294 295)
 (293) (290 293) (298 294 295) (299) (299) (301) (297 302 296) (300 303) (303)
 (305 304) (306) (306) (308) (309) (307 310) (307 310) (310) (310)
 (314 311 312) (313 315) (316) (313 314 312) (316 318) (319) (320) (319) (319)
 (322 323 317) (322 323 317 320) (322 323 317) (325 326) (327) (321 324 328)
 (329) (330) (330) (321 327) (331 332 333) (332 333) (331 335) (334 336) (336)
 (337 338) (339) (340) (340) (342) (341 343) (344) (340) (346 341 343)
 (345 347) (346 344) (346 344) (349 350) (351) (351) (345 351) (354 348)
 (353 354 347 352) (356) (355 356) (356 348) (358 359) (355 359) (357 359)
 (361 362 358) (363 360) (357 359) (363 365 360) (365 360) (365 358) (366 368)
 (366 368) (370) (369 371) (370 364) (371 373) (369 370 364) (371 373 375 367)
 (372 374 375) (377 376) (378) (378) (380) (379 381) (379 381) (382 383)
 (382 383) (385 384) (386) (385) (388 384) (387 388) (389 390) (391) (392)
 (390) (393 394) (395) (396) (396) (395) (398 399))