(NIL NIL NIL (2 1) (3 2) (3 1) (5 6) (5 4 6) (8) (9) (9) (11 7) (7 8) (11)
 (12 14) (10 12 14 13) (16) (17 15) (17) (17 15) (20) (21) (21) (19 23) (24)
 (25 18) (25 18) (18 20) (26 28) (27 29 22) (29) (22 31) (32) (33) (34 30) (35)
 (36) (37) (37) (39) (38 40) (41) (42) (42) (40) (45) (43 44 46) (47) (48) (48)
 (50) (49 51) (52) (53) (54) (53) (53) (57 54) (58) (58 56) (60) (59 61) (62)
 (62 55) (63 64) (63 64) (65 66) (62 55) (66 68) (69) (59 61) (65 70 71) (72)
 (59 60 55) (66 71 74) (67 75 72) (76) (73 77) (78) (79) (79) (77) (81 82)
 (83 80) (84) (85) (84) (82 79) (86 88) (89) (90 87) (90) (92) (90 87) (93 94)
 (95) (95) (95) (98) (99) (100) (97 101) (102 96) (102 96) (104) (105 103)
 (106) (106) (91 108 107) (109) (109) (111) (112) (113 110) (111) (115)
 (113 116 110) (117) (114 118) (118) (119 120) (117) (114 122 120) (123) (123)
 (124 125 119) (121 126) (127) (128) (129) (130) (129) (131 132) (133) (134)
 (132) (134 136) (137) (138 135) (138) (139 140) (141) (142) (143) (143)
 (145 144) (146) (147) (147) (140) (149 150) (151) (152) (153) (154 148)
 (149 150) (155 156) (157) (158) (159) (160) (161) (162) (163) (163) (164 165)
 (166) (167) (168) (169) (169) (170 171) (171) (168) (173 174) (175) (176)
 (177) (178) (179 172) (180) (181) (181) (182 183) (180) (185 184) (185 184)
 (185 182 183) (186 188) (189) (190) (187 191) (190) (193 191) (194) (195 192)
 (195 192) (193) (194 198) (187 195 199) (197 200) (201) (202 196) (203)
 (202 196) (204 205) (206) (207) (208) (208) (210) (209 211) (212) (210)
 (209 214) (213 214) (214) (217 211 215) (218 213) (219) (218 216) (220 221)
 (217 213) (220 223 216) (220 223) (219 221 223) (225 226 222 224) (226 220)
 (227 228) (228) (222 223) (229 230 231) (232) (233) (234) (235) (233) (237)
 (235 238) (239) (233) (241 236 238) (242) (243 240) (244) (245) (246) (245)
 (245) (249 247 248) (250) (251) (252) (251) (253 254) (255) (249 246 248)
 (257 255) (258 256) (259) (260) (261) (262) (263) (264) (264) (263) (262)
 (265 266 268) (267 269) (270) (271) (272) (271) (274) (275) (273 276) (277)
 (278) (278) (280) (280) (282) (283 279) (281 284) (285) (286) (287) (287)
 (289) (290) (290) (292) (291 293 288) (294) (291 292) (296 293 288) (297 295)
 (298) (299) (300) (301) (301) (303) (302 303) (301) (305 306) (306 304)
 (305 308) (309) (310) (310) (307 311 312) (308 302) (314 307 311) (315)
 (315 312) (313 316 317) (318) (319) (320) (321) (322) (323) (322) (324 325)
 (326) (327) (326) (329 327) (330) (331 328) (332) (332) (333 334) (335) (334)
 (337) (338 333) (339) (337 333) (337) (339 341 342 336) (340 342)
 (339 341 342) (345 344 336) (346 343) (347) (348) (349) (350) (351) (352)
 (351) (347) (355 351) (354 356 352) (357) (353 358) (359) (359) (361 360)
 (362) (363) (364) (361 360) (365 366) (367) (363 366) (369 368) (369 368)
 (370 371) (372) (373) (374) (371) (376) (377 375) (377) (379 375) (379 375)
 (380 381) (382) (381) (384) (385 382) (386) (378 383 386) (388) (389) (390)
 (378 383 384) (390 392) (390 392) (394 391) (395) (393 387 395) (397) (394)
 (395 399))