(NIL NIL (1) (3) (2) (2 4) (6) (6) (5 7 8) (5 6) (10) (11) (12 7) (9 13) (9 12)
 (9 13) (15 16) (16) (15 18) (17 19 14) (17 19 14) (21) (17 14 18) (23) (24 21)
 (24 20) (22 25 26) (27) (27) (29) (30) (28 30) (30) (33 28) (28 29) (33 35)
 (34 35 31) (33 35 32) (37 38) (36 39) (36 39) (41) (38 31) (43 36 39)
 (42 43 40) (45) (46) (46) (44 47 48) (49) (50) (51) (51) (52 53) (52 53)
 (54 55) (56) (55) (58 54) (59 56) (60) (61) (57 62) (63) (62) (57 62) (66 63)
 (67 64) (68) (65 66) (68 70) (71) (68 70) (73 72) (74 69) (73 69 71) (76)
 (73 69) (75 76 78) (75 77 78) (78 72) (81 80) (82) (81 77 79) (84) (85 80)
 (83 86) (87) (88) (88) (89 90) (91) (92) (93) (91) (89 90) (94 95 96) (93 96)
 (98 94) (98 94 95) (97 98) (99 101) (102) (100 103) (97 98) (105 100 103)
 (105 104) (107) (108) (106 109) (108) (111) (110 111) (113 112) (113)
 (115 112) (116) (114 117) (118) (118) (119 120) (121) (120) (121 123) (124)
 (122 125) (124) (122 124) (122 123) (129 128) (130 125) (131 126) (130 127)
 (133 126) (131 133) (132 135) (134 135) (137 136) (137 136) (138 139) (140)
 (140) (141 142) (143) (144) (145) (146) (146) (148) (146) (150) (147 148 150)
 (149 152) (152) (149 151 152) (155) (154 155) (153 157) (155)
 (153 156 157 159) (160) (160) (162 158) (162 158) (154 156 159)
 (161 163 164 165) (161 163 164 165) (166 167) (168) (167) (166 167) (170 171)
 (169 172) (173) (174) (175) (163 165) (177 174) (177 174) (178 179 175) (180)
 (181 176) (182) (181 176) (183 184) (182 184) (186 183) (185 187) (187) (189)
 (188 190) (191) (191) (193) (194) (195) (191) (193 197 192) (198) (195 199)
 (195 198) (201 196 200) (201 196) (194 198) (203 204 200) (205) (203 204)
 (205 207) (208) (207 199) (209 210 206) (205 207) (209 202 212) (213 206)
 (214) (214) (211 216) (211 215 216) (218) (219) (217 220) (211 216) (219 222)
 (217 223) (218 222) (225 220 224) (226) (227 221) (228) (228) (230) (230)
 (232) (233) (234 229) (235) (236 231) (237) (231 232) (237 239) (240)
 (237 239) (242 240) (241 243) (244 238) (245) (245) (247) (248) (249 246)
 (250) (250) (252) (251 253) (254) (251 252) (256) (255 256) (258) (259)
 (257 260) (261) (262) (262) (263 264) (264) (265 266) (257 260) (268 263)
 (265 269) (270) (271) (266 271) (270) (274 267 271) (274 267 272) (276) (277)
 (266 270) (273 277 279) (280) (281) (282) (282 275) (284) (283 285) (286)
 (287) (278 288) (288) (278 287) (291 288) (289 290 291) (292 293) (292 293)
 (295) (296) (294 295) (295) (299 294) (298 300) (298 299 296) (297 301 302)
 (303) (303) (305 304) (303) (307) (307) (305 308 309 304) (306 310) (306 310)
 (311 312) (306 310) (314 311 312) (314) (313 316) (315 317) (318) (319) (320)
 (321) (322) (323) (324) (325) (326) (326) (328) (325) (329 330) (330 326)
 (331 332) (333 327) (334) (333) (327 336) (337) (337) (339 334) (340 335)
 (338 341) (342) (338 341) (338 340 335) (345 344) (346) (347 343) (347) (346)
 (349 350 343) (349 342 350) (351 352) (353) (354 348) (343 352) (354 356)
 (353 356 348) (358) (354 359) (360) (361 355 357) (361 355) (363 357)
 (361 355) (365) (357 358) (363 366 367) (365 367) (369 362 364 368) (369)
 (370 371) (372) (372) (374) (375) (373 376) (373 376) (371 366) (377 379)
 (380) (381) (378 382) (383) (378 382) (385 384) (385) (386 387) (386 387)
 (378 381) (386 390) (387 391) (392) (393 388) (388 389 392) (395) (393 396)
 (394 397) (398) (399))