(NIL (1) (2) (3) (4) (3) (4) (7) (7) (8 9) (10 6 5) (11) (10 5) (13 12) (14)
 (15) (15) (14) (18) (16 17 19) (20) (20) (16 19) (23 22) (13) (25 20)
 (24 25 21) (27) (28) (27) (28 30) (31) (32) (30) (34 32 26) (33 35) (36) (37)
 (37 29) (38 39) (40) (38 39) (41 42) (43) (43) (45) (45) (47) (48) (44 47)
 (50 46 48) (49 51) (52) (52) (53 54) (54) (55 56) (57) (58) (59) (59) (61)
 (62) (60 63) (64) (65) (65) (67) (67) (66 67) (69 70) (71) (72) (73 68)
 (68 70) (75) (76 72) (73 75) (78) (76 78) (76 78) (81 74 77) (82 79) (81 79)
 (82 84) (85 80) (86) (83 85 80) (88) (87 88) (90) (89 91) (92) (91) (92 94)
 (95) (95) (91) (98 96) (90) (100 96) (97 101 93) (102) (99 102) (103 104)
 (105) (105) (107) (106 108) (109) (105) (110 111) (112) (112) (112) (112)
 (113 114 115 116) (117) (118) (119) (120) (120) (119) (119) (121 122 124)
 (125) (123 126) (127) (127) (129) (130 128) (131) (131) (133) (134) (135)
 (132 136) (135) (137 138) (138) (140 136) (139 141) (139 141) (143) (143)
 (145 142 144) (145 144) (146 147) (147) (148 149) (150) (151) (152) (148 149)
 (154 152) (153 155) (153 155) (157) (156 158) (159) (160) (161) (160) (163)
 (164) (162 165) (166) (166) (166) (162 165) (169 170 167 168) (171) (171)
 (171) (174) (172 175) (173 176) (177) (178) (178) (179 180) (181) (182) (180)
 (183 184) (181 184) (185 186) (187) (188) (189) (190) (189) (188) (193)
 (194 190 192) (193 191 192) (195 196) (195 196) (198) (198) (197 199 200)
 (201) (202) (202) (203 204) (203 204) (206) (207) (205 208) (205 208) (202)
 (211 205 208) (209 211) (211 205 208) (212 214) (213 215) (210 213 215)
 (217 216) (217) (217 216) (218 219 220) (218 219 220) (222) (218 219 220)
 (221 224) (221 222 224) (226) (225 227) (225 227) (229) (230 223) (228 231)
 (231) (233 232) (234) (235) (234) (235 237) (234) (236 238 239) (240) (240)
 (242) (243) (244) (241 243) (240) (245 246 247) (244 246 247) (249 245)
 (250 248) (250 248) (249 248) (250 253) (254) (255) (250 253) (257 255)
 (258 252) (259 256) (260) (260) (260) (261 262 263) (251 264) (258 251 256)
 (265 266) (265 266) (267 268) (268) (270) (269 271) (269 271) (273) (273)
 (274 275) (276) (277) (278) (277 272) (279 280) (279 280) (282) (283) (284)
 (285) (286) (281 287) (288) (281 287) (290 288) (291) (289 292) (293)
 (289 292) (293 295) (289 291) (297 296) (298) (298) (300) (298) (300 302)
 (297 295) (300 302 304) (301 303 304) (305 306 299 294) (307) (307) (309)
 (309) (307) (308 311 312) (313 310) (314) (314) (315 316) (315 316) (318)
 (317 319) (319) (321) (322 320) (323) (324) (325) (325) (323) (325 328)
 (329 327) (330) (331) (332 326) (333) (334) (333) (333) (337 334) (338) (339)
 (340 335 336) (341) (341) (343) (331) (345 341) (346 342 344) (347) (347)
 (348 349) (350) (345 342) (349 352) (353 350) (354) (355) (355) (355 351)
 (357 358) (357 358) (360) (360) (361 362 356) (363) (363) (364 365) (366)
 (365) (364 368) (369 366) (369 367) (369 366 359) (372) (372 367)
 (361 362 356) (371 372 375) (370 376) (370 371 373 374 375) (377 378) (379)
 (380) (378) (381 382) (381 382) (381 382) (385 384) (386 383) (385 383) (385)
 (389 383) (389 383) (391) (387 388 392) (393 390) (392) (395 384) (396 390)
 (388 397) (394 398) (399))