(NIL (1) (2) (1) (2 4) (4) (2 6) (7) (3 5 8) (7) (10 5) (3 11 8) (9 10) (12 13)
 (14) (15) (16) (17) (17) (19) (18 19) (21) (20 21) (21) (20 24) (25) (26 23)
 (25 22) (27 28) (29) (27 28) (31 29) (30) (29) (31 30 34) (32 35 33) (36) (37)
 (38) (39) (40) (41) (42) (41) (43 44) (45) (43 44) (41) (45 47 48) (46 47 48)
 (49 50) (51) (52) (53) (54) (55) (56) (57) (58) (57) (59 60) (57) (61 62) (63)
 (63) (65 64) (66) (66) (68) (69) (70) (67 71) (72) (73) (74) (75) (72) (75 77)
 (78) (79) (80) (81) (82 76) (80) (82 84 76) (83 85) (86) (86) (87 88) (88)
 (89 90) (91) (92) (91) (93 94) (95) (96) (97) (98) (99) (100) (100) (99) (103)
 (101 103) (105) (106 102) (105 102 104) (107 108) (109) (110) (111) (111)
 (113 112) (114) (115) (115) (117) (114) (116 118 119) (118 119) (121 120)
 (122) (123) (121 120) (123 125) (126) (124 127) (128) (124 127) (129 130)
 (131) (132) (133) (134) (133) (135 136) (137) (135 136) (137 139) (138 140)
 (140) (142) (143) (141 143) (145 144) (146) (146) (147 148) (149) (150) (151)
 (152) (153) (154) (155) (155) (155) (158) (155) (156 158 160) (161 157 159)
 (161 157) (162 163) (161 157 159) (162 163 165) (166) (167) (162 163 165)
 (169 167) (169 164 166) (171) (170 172 168) (172 168) (170 172 168) (175)
 (173 174 176) (173 174 176) (178) (177 179) (180) (181) (182) (181) (183 184)
 (185) (186) (187) (187) (189) (190) (188 191) (191) (193 192) (194) (194)
 (195 196) (197) (198) (195 196) (197 200) (201 199) (202) (202) (203 204)
 (201 198) (203 204 206) (207) (208) (209 205) (210) (211) (212) (213) (214)
 (215) (215) (217 216) (217 216) (219) (219) (221) (220 221) (223)
 (218 222 224) (225) (226) (227) (228) (227) (228 230) (231) (232) (233)
 (234 229) (233) (236) (235 237) (238) (239) (238) (241 240) (242) (243)
 (241 240) (243 245) (244 246) (247) (248) (244 246) (249 250) (251) (252)
 (253) (254) (255) (256) (257) (258) (259) (260) (258) (261 262) (263) (264)
 (265) (266) (267) (268) (268) (268) (270 271) (269 272) (273) (274) (269 272)
 (273 276) (274 276) (275 278) (277 279) (275 277 278) (281 280) (281 279)
 (282 283) (284) (285) (285) (287) (286 288) (289) (290) (287) (291 292)
 (292 286 288) (291 292) (295) (293 294 295) (297) (298 296) (298) (300)
 (297 296) (299 301 302) (303) (304) (305) (304) (305 307) (306 308) (309)
 (309) (311) (312) (313) (314 310) (315) (316) (317) (318) (318) (319 320)
 (320) (321 322) (321 322) (324) (321 322) (323 324 326) (325 327)
 (323 325 326) (329 328) (323 325 326) (329 331 327) (330 332) (333) (334)
 (329 331 328) (333 336) (337 335) (338) (337 334) (338 340) (339 341) (342)
 (343) (344) (345) (346) (344) (346 348) (347 349))