(NIL (1) (2) (3) (3) (4 5) (6) (6) (8) (9 7) (10) (11) (12) (11) (13 14) (11)
 (15 16) (13 16) (15 16) (19) (17 18 20) (17 19) (20 22) (21 23) (24) (20 22)
 (26) (25 27) (28) (29) (30) (31) (32) (33) (32) (33) (36 35) (34 36) (38 35)
 (39) (40) (40) (40) (43 37) (41 42 44) (45) (46) (46) (45) (49 46) (50 48)
 (51) (52) (53 47) (54) (55) (56) (57) (58) (56) (54) (57 60 61) (59 62)
 (59 62) (64) (65 63) (59 62) (67 63 64) (66 68) (66 68) (70) (70) (69 71 72)
 (69 71 72) (73 74) (75) (75) (76 77) (78) (79) (79) (81 80) (82) (83) (84)
 (81 80) (85 86) (87) (87) (85 86) (90 88) (89 91) (91) (89 93) (94) (92 95)
 (96) (97) (98) (99) (100) (100) (102) (101 103) (103) (105) (105 101)
 (105 104) (108) (106 109) (110) (107 110) (112) (112) (114 111) (115) (116)
 (113 115) (114 111) (115 119) (113 120) (121 117 118) (118 120) (117 118 119)
 (122 124) (122 123 124) (126) (126) (125 128) (129) (129) (130 131) (132 127)
 (133) (134) (135) (133) (137 135) (138 136) (139) (140) (141) (142) (143)
 (144) (145) (146) (145) (148) (146 148) (149 150) (147 149 150) (151 152)
 (147 149 150) (154 152) (155 151) (151 152) (153 157 154) (155 158) (157 156)
 (160 159) (161) (162) (163) (164) (162) (165 166) (165 166) (168) (169 167)
 (170) (171) (172) (173) (170) (170) (174 176) (177) (178) (179 175) (179)
 (181) (181 175) (183) (180 182 184) (185) (186) (187) (188) (188) (188)
 (189 190 191) (189 191) (193 192) (194) (195) (196) (197) (198) (199) (200)
 (200) (198) (201 202 203) (204) (205) (206) (207) (207) (209) (210) (210 208)
 (211 212) (210 208) (213 214) (215) (214) (217 216) (217 215) (217 215)
 (219 220 216) (218 221) (222) (222) (223 224) (225) (224) (227) (224)
 (225 229) (227 230) (226 231) (228 232) (233) (233) (234 235) (234 235)
 (236 237) (238) (238) (240) (239 240) (241 242) (242) (241 242) (245) (246)
 (243 244 247) (248) (248) (249 250) (250) (248) (250 253) (249 254) (252 255)
 (256) (251 252 254) (257 258) (259) (259) (252 253) (260 262) (261 263) (264)
 (265) (266) (266) (267 268) (265) (270) (267 268 271) (267 268 270)
 (273 269 272) (274) (275) (276) (276) (278) (273) (280 277 278) (277)
 (281 282) (283 279) (284) (284) (285 286) (287) (288) (289) (290) (289)
 (290 292) (290 292) (289) (294 295) (291 296) (297 293) (297) (298 299)
 (298 299) (298 299) (300 302) (303) (301 303) (305 304) (306) (305) (306 308)
 (309) (310) (307 311) (312) (313) (313) (307 311) (316 312) (314 315 317)
 (318) (319) (318) (321 319) (322 320) (323) (324) (325) (324) (326 327) (328)
 (328) (330) (331) (332) (333) (334) (329 332) (335 336) (335 336) (337 338)
 (335 336) (339 340) (341) (341) (343) (342 344) (342 343) (346 344) (345 347)
 (346) (348 349))