(NIL (1) (2) (3) (3) (4 5) (4 5) (4) (8 6) (7 9) (10) (11) (10) (13) (11 14)
 (13) (15 16) (17) (17) (19 12) (20) (18 19) (18 21) (23) (23) (24 25) (22 23)
 (26 27) (28) (26 27) (28 30) (29 30) (31 32) (33) (34) (35) (36) (37) (37)
 (39) (39) (41 40) (42 38) (41 40) (41) (44 45 38) (46) (43 47) (48) (43 47)
 (50) (49 51) (49 51) (53) (54) (55) (56) (57) (58) (58 52) (59 60) (59 60)
 (61 62) (63) (61 62) (65 64) (66) (67) (68) (69) (69) (70 71) (68) (73 72)
 (73 71) (75) (76 70) (74 77) (78) (79) (74 76) (81 78) (81 80) (83) (82 84)
 (83) (84 86) (82 87) (85 87) (89) (90 88) (90 88) (90) (91 93) (91 93) (92 93)
 (94 96) (97 95) (98) (99) (100) (101) (100) (101 103) (104) (105) (106 102)
 (107) (107) (109) (107) (108 110 111) (112) (113) (114) (114) (116) (115 117)
 (116) (117 119) (118 119) (121 120) (122) (123) (124) (114) (124 126) (127)
 (125 128) (128) (129 130) (131) (131) (133) (134) (135) (133) (137 136)
 (138 132) (139) (139) (141) (142) (140 143) (144) (145) (145) (146 147) (147)
 (149) (148 150) (148 149) (151 152) (153) (154) (155) (156) (157) (158) (159)
 (160) (161) (162) (163) (163) (161) (163 166) (164 165 166) (168) (169) (170)
 (171 167) (172) (173) (174) (174) (173) (177 175) (177 174) (179) (180 176)
 (180) (178 181 182) (183) (183) (185 184) (186) (187) (186) (187 189)
 (188 189) (188 189) (190 192) (191 192) (193 194) (195) (196) (197) (197)
 (199) (198 199) (201) (202) (203 200) (204) (205) (202 200) (206 207) (208)
 (209) (210) (210) (212) (211 213) (214) (214) (215 216) (217) (218) (219)
 (220) (221) (222) (220) (223 224) (225) (225) (227) (228) (223 224)
 (226 229 230) (226 228 230) (231 232) (233) (233) (234 235) (232) (237 229)
 (236 238) (239) (239) (239) (241 242) (243) (241 242) (244 245) (246 240)
 (247) (248) (247) (249 250) (251) (252) (252) (251) (252 255) (253 254 256)
 (257) (253 254 256) (257 259) (258 260) (258 260) (258 260) (261 263) (264)
 (265 262) (265 262) (266 267) (266 267) (265 262) (268 269 270) (271) (272)
 (273) (271) (274 275) (273 275) (274 277) (278) (279) (276 278) (281 279)
 (282 280) (283) (281 279) (281 279) (284 286) (285 286 280) (288) (282 286)
 (284 285 286) (289 291) (290 292 287) (293) (293) (295) (296) (295) (297 298)
 (299 294) (300) (301) (302) (303) (302) (305) (305 303) (307) (308 304)
 (306 309) (309) (310 311) (309) (313 310) (314) (315 312) (316) (317) (317)
 (319) (318 320) (318 319) (322) (321 322) (321 322) (325) (323 326) (325)
 (323 324 328) (329 327) (330) (331) (330) (332 333) (334) (335) (335) (335)
 (338) (339) (340) (337 341) (337 341 336) (343) (344) (345) (345) (347)
 (348 342) (346 349))