(NIL (1) (2) (2) (4) (5) (3 6) (7) (8) (9) (10) (11) (12) (12) (14) (13 15)
 (16) (17) (18) (17) (19 20) (21) (22) (23) (21) (25 24) (26) (27) (26) (29)
 (28 29) (30 31) (32) (30 31) (33 34) (35) (36) (36) (38) (37 38) (40) (41 39)
 (42) (43) (44) (43) (46) (45 47) (45 46) (49 48) (50) (51) (49 48) (52 53)
 (54) (55) (56) (57) (58) (58) (57) (59 60 61) (59 60 61) (59 61) (63 64)
 (65 62) (66) (67) (67) (69) (68 70) (71) (72) (73) (74) (75) (76) (75) (77 78)
 (79) (80) (81) (82) (83) (84) (85) (86) (85) (87 88) (87 88) (89 90) (91) (92)
 (93) (94) (94) (94) (97 95 96) (98) (99) (100) (100) (101 102) (103) (104)
 (103) (106 104) (105 107) (108) (109) (110) (111) (112) (113) (112) (114 115)
 (116) (117) (118) (117) (118 120) (121 119) (122) (123) (124) (125) (125)
 (126 127) (128) (129) (130) (130) (131 132) (132) (134) (131 135) (136) (136)
 (138) (137 138 133) (139 140) (139 140) (142) (141 143) (144) (143) (145 146)
 (146) (147 148) (149) (150) (151) (152) (153) (153) (155) (156) (154 157)
 (158) (158) (159 160) (161) (162) (163) (164) (165) (166) (167) (166) (169)
 (170 168) (171) (171) (172 173) (174) (172 173) (176) (177 175) (178) (179)
 (179) (177 175) (181 182) (183) (180 184) (180 184) (180 181 182) (185 187)
 (186 188) (189) (190) (191) (192) (192) (193 194) (195) (195) (196 197) (198)
 (199) (200) (201) (202) (203) (204) (204) (205 206) (205 206) (205 206)
 (209 208) (210 207) (211) (212) (213) (212) (215) (216) (217 213) (213 216)
 (218 219) (220 214) (220 214) (221 222) (223) (224) (224) (225 226) (225 226)
 (227 228) (229) (230) (231) (232) (233) (233) (234 235) (236) (237) (238)
 (239) (240) (241) (240) (243) (244) (245) (242 246) (247) (248) (249) (250)
 (250) (252) (247) (251 254) (253 255) (256) (257) (258) (258) (259 260) (261)
 (261) (262 263) (264) (265) (266) (267) (268) (267) (268 270) (267) (271 272)
 (273) (274 269) (275) (276) (277) (277) (278 279) (280) (281) (281) (282 283)
 (282 283) (284 285) (286) (287) (287) (289) (290 288) (291) (292) (290 288)
 (291 294) (293 295) (294) (297 293 295) (298 296) (299) (299) (300 301) (302)
 (303) (304) (305) (306) (303) (307 308) (307 308) (309 310) (311) (312) (313)
 (313) (315) (316) (315) (317 318) (319) (317 318) (321 320) (314 322) (323)
 (324) (325) (325) (327) (328) (329 326) (330) (331) (332) (332) (334)
 (333 335) (336) (337) (338) (338) (337) (339 341) (340 342) (340 342) (344)
 (345) (345 343) (347) (348) (349))