(NIL NIL (2) (1) (2 4) (3 4) (5 6) (7) (8) (7) (9 10) (11) (11) (12 13) (14)
 (15) (16) (17) (18) (19) (20) (20) (22) (21 23) (24) (25) (21 23) (26 27) (28)
 (29) (29) (30 31) (32) (33) (34) (34) (35 36) (35 36) (38) (39) (37 40) (41)
 (42) (42) (44) (43 45) (46) (47) (46) (49) (50 48) (49 47) (51 52) (53) (54)
 (54) (55 56) (57) (57) (57) (58 59 60) (60) (59 62) (63) (64) (65 58) (58 64)
 (66 67) (68) (68 61) (70) (69 71) (72) (73) (74) (75) (76) (76) (77 78) (79)
 (80) (79) (82 80) (81 83) (84) (85) (86) (87) (88) (85) (89 90) (90 88)
 (91 92) (91 92) (94) (93 95) (96) (97) (98) (96) (99 100) (101) (102) (103)
 (104) (105) (106) (107) (107) (108 109) (110) (111) (110) (113 112) (114)
 (115) (116) (117) (118) (119) (119) (121) (121) (122 123 120) (124) (125)
 (125) (127) (128) (126 127) (129 130) (131) (132) (133) (134) (135) (136)
 (137) (138) (139) (140) (138) (142) (141 142) (144) (145 143) (146) (147)
 (148) (149) (148) (151) (150 152) (153) (154) (154) (150 151) (155 156 157)
 (158) (159) (160) (160) (161 162) (163) (163) (165) (164 166) (167) (168)
 (169) (170) (170) (172) (173) (171 174) (174) (175 176) (177) (177) (178 179)
 (180) (181) (182) (182) (184) (185 183) (186) (186) (188) (187 189) (190)
 (191) (192) (192) (194) (194) (193 196) (195 197) (198) (199) (199) (201 200)
 (202) (202) (203 204) (205) (206) (205) (206 208) (209 207) (207 208)
 (210 211) (212) (210 211) (213 214) (213 214) (216) (217 215) (218) (218)
 (218) (219 220 221) (222) (222) (219 220 221) (225 223 224) (226) (226) (228)
 (229) (230) (227 231) (232) (233) (234) (235) (236) (237) (238) (239) (240)
 (241) (241) (242 243) (244) (245) (245) (246 247) (248) (246 247) (249 250)
 (251) (252) (252) (252) (253 255) (254 256) (257) (258) (259) (260) (261)
 (259) (261 263) (264) (265) (266 262) (262 263) (266 268) (267 268) (270)
 (269 271) (272) (273) (274) (275) (276) (277) (275) (278 279) (280) (281)
 (282) (283) (284) (285) (286) (287) (288) (287) (290) (289 291) (292) (293)
 (293) (294 295) (294 295) (297 296) (298) (299) (300) (299) (301 302) (303)
 (304) (303) (305 306) (307) (308) (309) (310) (311) (312) (312) (308)
 (313 315) (315 312) (313 317) (314 318) (316 319) (320) (321) (322) (323)
 (324) (324) (325 326) (327) (328) (329) (329) (331) (330 332) (333) (334)
 (335) (336) (337) (338) (339) (340) (341) (342) (343) (344) (343) (345 346)
 (346 344) (347 348) (349))