(NIL NIL (2 1) (2 1) (3 4) (5) (6) (7) (8) (9) (8) (9 11) (12) (10 13) (14)
 (15) (15) (17 16) (18) (19) (20) (21) (22) (20) (22 24) (25 23) (26) (27) (28)
 (29) (28) (30 31) (30 31) (33 32) (33 32) (34 35) (29 31) (36 37) (36 37)
 (38 39) (40) (41) (42) (42) (43 44) (45) (46) (47) (47) (49 48) (49 48)
 (50 51) (50 51) (52 53) (54) (55) (52 53) (57 56) (58) (58) (60) (59 61) (62)
 (63) (64) (65) (66) (67) (67) (68 69) (70) (71) (70) (73 72) (73) (74 75) (76)
 (77) (78) (79) (79) (81) (82 80) (81 80) (82 84) (85) (83 86) (87) (88) (89)
 (90) (90) (92) (91 93) (94) (94) (96) (97) (91 92) (98 99) (100 95) (101)
 (101) (102 103) (104) (105) (106) (107) (108) (109) (109) (110 111) (110 111)
 (113) (113) (114 115 112) (116) (117) (117) (118 119) (120) (121) (122) (123)
 (124) (124) (125 126) (127) (125 126) (129 127) (130) (131) (132) (131)
 (132 134 128) (133 135) (133 135) (137) (137 136) (138 139) (140) (141) (142)
 (143) (144) (145) (146) (146) (148) (147 149) (150) (147 149) (151 152) (153)
 (154) (155) (156) (157) (158) (159) (159) (159) (159) (162 163 160) (161 164)
 (165) (166) (166) (167 168) (169) (168) (169 171) (170 172) (173) (173) (175)
 (174 176) (177) (178) (179) (177) (178 181) (180 182) (180 182) (183 184)
 (183 184) (186) (187) (185 188) (189) (190) (189) (191 192) (193) (194) (195)
 (196) (196) (196) (197 198 199) (200) (197 198 199) (201 202) (202) (203 204)
 (203 204) (201 204) (205 207) (208) (209) (210) (211) (212 206) (213) (214)
 (215) (216) (216) (217 218) (219) (220) (221) (222) (222) (223 224) (225)
 (224) (226 227) (228) (228) (230) (229 230) (231 232) (233) (234) (235) (236)
 (237) (238) (239) (240) (241) (240) (241 243) (242 244) (245) (246) (247)
 (247) (249) (250) (249) (251 252 248) (253) (254) (255) (256) (257) (257)
 (257) (259 260) (260) (258 259 262) (261 263) (264) (265) (264) (267)
 (266 268) (269) (270) (271) (272) (271) (273 274) (275) (275) (276 277)
 (276 277) (279) (280) (281) (281 278) (282 283) (284) (285) (286) (287) (288)
 (288) (289 290) (291) (292) (293) (293) (294 295) (296) (297) (298) (297)
 (298 300) (299 301) (299 301) (302 303) (302 303) (305) (306 304) (307) (308)
 (307) (309 310) (311) (312) (309 310) (314 312) (315) (316) (317) (313 318)
 (319) (319) (321 320) (322) (322) (323 324) (325) (326) (327) (326) (329 327)
 (330 328) (330) (332 328) (333) (334) (331 334) (335 336) (337) (337) (339)
 (340) (339) (338 341 342) (343) (344) (345) (346) (347) (348) (348))