(NIL (1) (1) (3) (2 3) (4 5) (6) (6) (4 5) (9 8) (10 7) (11) (11) (13) (10 7)
 (12 15) (12) (9) (16 18) (19) (19 17 14) (16 18 17 14) (22) (21 23) (24) (24)
 (20 24) (19 23) (28 26 20) (25 28) (27 29 30) (28 26 20) (20 21 22) (33 27 30)
 (33 28) (27 35 32) (34 36 29) (26 35 30) (34 38) (36 39 31) (37 40) (25 35 29)
 (42 39) (41 42) (44) (45) (45) (47) (41 42) (49 48) (49) (51 46 48) (51 45)
 (43 53 47) (54 46 48) (55) (56) (57 52) (52 56) (59) (50 60) (58 60) (62)
 (50 60 58) (62 64) (57 59) (66 61) (67 63) (65 66 61) (68 69) (69) (70 71)
 (67 71) (73 68) (73 72) (67 71 63) (76 72) (74 75 77) (78) (74 77) (74 75 77)
 (81) (82 79 80) (82 78 80) (84) (82) (86) (85 87 79) (84 87) (85 87 79) (82)
 (89 90 91 88) (92) (93) (83 93) (95) (96) (97) (98) (96) (96) (98 101 94)
 (97 101 94) (103) (103) (105 102) (106 99 100 104) (107) (106 104)
 (105 100 104) (107 109 110) (111) (112 108) (113) (111 108) (107)
 (112 116 115) (111 116) (117 118) (114 118) (120 117) (120) (116) (120 123)
 (124) (125) (126 119) (121 122 123) (122 115 123) (129 125) (130 126)
 (131 117) (132) (127 128 133) (131 128) (133 135) (136) (137) (133 135)
 (139 136) (140 119) (127 138 141) (138 141) (143) (127 138 140) (145 143)
 (145 134) (147 141) (137 139 119) (149 134 142) (147 150) (146 151)
 (146 148 151) (153) (153) (127 149 144) (153 156) (157) (155 158)
 (154 159 152) (160) (161) (162) (163) (163) (165) (155 156) (165 167) (168)
 (169) (170 164) (171) (172 166) (173) (174) (173) (175 176) (177) (173)
 (178 179) (180) (178 179) (178 179) (173) (177 184) (177 184) (186 181) (187)
 (187 182 183) (185 187 183) (182 190) (189 190) (185 187) (193 182 190) (194)
 (194 191 192) (194 188 189 191) (197) (196 198) (198) (200 192) (196 197)
 (202 195 199) (201 203) (203 200) (205) (204 206) (207) (204 206) (209)
 (202 200) (201 211 205) (210 212 207) (212 207) (195 211) (209 215)
 (216 213 208) (210 216 208) (209 211 207) (210 219 215 208) (212 220 216)
 (218 221) (222) (213 214 223) (224) (221 214) (218 220 213) (226 227 222)
 (225 228) (217 227 224) (230) (229 231) (232) (232) (234) (232) (235 236)
 (236) (238) (229 230) (234 240) (240 232) (234 236 242) (233 242)
 (244 237 238) (245) (243 245) (247) (248) (249 246) (250) (247 246 239)
 (250 252) (250 252) (253 254) (241 255) (251 256) (251 256) (257 258) (259)
 (258) (258) (255) (257 261 263) (258 263) (265 259) (257 263) (267 260 262)
 (268 264) (269) (265 270) (271) (270) (266 270) (265 268) (273 275 272)
 (273 275 271) (276 277) (278) (274 279) (280) (280) (282) (282) (282) (278)
 (274 286 279) (266 278) (281 283 284 285 288) (289 286) (290) (290 287) (292)
 (292) (289 287) (293 295) (294 295) (297 291 296) (298) (299) (300) (301)
 (300) (303) (298) (305) (306 301) (305 303) (308) (309 302) (307 309)
 (310 311) (310 311) (306 309 302) (314 307) (315 311 304) (313 314 304) (317)
 (318) (316 318 312) (319 320) (321) (322) (323) (324) (320) (320)
 (327 326 319) (324 328) (329 325) (330) (331) (332) (330) (321 327)
 (333 334 335) (336) (337) (333 335) (339 334) (340 336) (338 341) (342)
 (338 340) (344) (345 343) (340) (347 343) (346 347) (348 349))