(NIL NIL NIL (3) (3) (5 2 1) (5) (4 7 2 1) (4 5) (7 9 1) (10) (8 11) (8 11)
 (8 9) (14) (15 12 6) (14 12) (17 13 15) (18) (19 6) (20) (18) (21 22) (23)
 (16 23) (16 23) (26) (16) (23 28) (25 27 28) (30) (24 31) (32) (33) (34 29)
 (29 31) (24 36) (35 37) (34 36) (39) (39) (41 35 37) (42) (42 40) (44 38) (45)
 (46) (43 46) (43 46) (49 48) (50) (51) (52) (52) (53 54 47) (55) (49 48) (57)
 (58 47) (57 54) (57 54 47) (58 61 55) (61) (61 59 60 53) (62 64) (65 63 56)
 (65 63) (66 67) (67) (66 69) (70) (71) (72) (73) (72) (75 68) (76) (74 77)
 (72) (72) (78 80) (73 80) (82 77) (75 80) (73 84 77) (82 85 78 79) (86) (86)
 (88) (89 87) (90) (90) (92) (81 91 93) (94) (95) (94) (97 95) (98) (83 99)
 (100 96) (100 96) (101 102) (103) (104) (105) (102) (100 96) (108 103)
 (108 104) (105 110) (105 107 108) (109 110 112) (112) (114 109) (114)
 (106 109 110 114) (112) (113 106 115 118 111) (117 119) (116 120) (121) (120)
 (116 120) (119) (116 125) (121 123 124 126) (127) (122 127) (129 128) (130)
 (131) (132) (130) (133 134) (135) (135) (137) (137) (139) (138 139) (135)
 (142 136) (138 139 142) (135) (145 144 136) (146 140) (147) (147)
 (145 138 142 136) (147 150) (151) (148 151) (153) (154 152) (154 149 152)
 (148 151) (155 157) (156 158) (159) (149 158) (161) (149 158) (157 141)
 (164 158) (165 160) (162 163 164) (165 167 160) (167 143 160) (169 168) (170)
 (169) (172 165) (173 166) (172 168) (173 175) (176) (177) (170 174 178) (179)
 (171 180) (176) (180 182) (181 183) (171 174 182) (178 182) (186 183) (187)
 (185 188) (171 187) (189 181 190) (191) (192) (193) (194 184) (193 184)
 (192 184) (197) (198) (198) (199 200) (192) (193 201 202) (194 203) (204)
 (196 205) (205) (207) (208) (209 195) (209) (211 196) (210 212) (212)
 (206 214) (210 214) (210 214) (212) (217 218 216) (218 213 216) (219 220 206)
 (221) (222) (221) (215 224) (225) (226 223) (227) (227) (222 224)
 (226 230 223) (228 231) (225 230) (233 227) (234 228 229 231) (235) (236)
 (235 232) (238) (236 239) (240) (240) (242) (243 237) (244) (243) (243 237)
 (247) (246 248) (249 244) (241 250) (251 245) (251 245) (253) (253) (253)
 (256) (257 255) (258 252 254) (257) (259 260) (259 260) (257 254)
 (259 260 263) (261 264) (265) (262 264) (265 267) (268) (269) (269) (266 269)
 (272) (266 268) (266 268) (275 271) (276) (276 270) (278) (277 279) (273 280)
 (274 280) (273 282) (281 282) (283 284) (273 274 277 278) (285 286) (287)
 (287) (287) (290 288) (291) (291) (290) (289 293 294) (294 288) (293 296)
 (296) (298 295) (297 299) (299) (297 299) (294) (292 293 303) (303 295 296)
 (305 292 301) (306 304) (305 302 304) (299 292 303) (297 306 309)
 (308 300 310) (311) (311) (311) (314 307) (315) (315) (313 315) (318 312)
 (318 312) (317 320) (321) (322 319) (320) (321 324 316) (322 325 319)
 (323 326) (316 320) (321 324 328) (323 325 328) (330 326) (327 328) (332)
 (327 328) (331 332 334) (335) (335) (330 333 334) (330 333 334) (339)
 (338 340 336) (337 341) (329 342) (329 342) (342) (329 340 335) (345 346 343)
 (345 346 343 344) (347 348) (348))