(NIL NIL NIL NIL (4 3 1) (4 3 2 1) (6) (7) (8) (6) (10) (7) (9 12 11) (13)
 (5 14) (15) (5 14) (17) (18 16) (17 15) (20) (18 21 16) (22) (21 16) (20)
 (25 23 24) (20) (25 27 23) (27 21) (25 19 29 24) (22 30) (25 29 22) (30 32)
 (33 28 31) (33 26) (35 31) (34 36) (35 31) (34 36 38) (39) (39) (41) (35)
 (43 42 37) (37 40) (45 42) (46 43) (47) (44 48) (48) (50) (49 51) (49 51)
 (52 53) (50) (52 55) (55) (57 52 53) (58) (59 56) (60) (61) (61 54) (63)
 (62 64) (65) (66) (67) (67) (68 69) (69) (71 70) (68) (73) (73 69) (71 73)
 (76) (77) (75 78 74 70) (79) (77 74 70) (77 74 70) (79 81 82) (72 82 80)
 (84 81) (85) (85 83) (87) (88) (89) (88) (90 91 86) (92) (92) (94) (91)
 (90 86 96) (97 92) (98 94) (99) (97 95) (98 101) (99 102) (99 102) (100 101)
 (105 102) (106 93) (107 103) (107 104) (108 109) (106 93 103) (109 111)
 (108 112) (113) (113 110) (114 115) (113 110) (115 117) (114 118) (116 119)
 (118) (113) (114 122) (114 117 122) (123 124 119) (125 120) (116 125) (127)
 (122 116) (129 127 120) (130) (121 131) (132) (121 130 126 128) (134) (135)
 (132 135) (137 136) (134) (139 132) (138 140 133) (141) (139 133 135)
 (143 136) (138 143) (145 144) (146) (146 141) (145 141) (147 149) (149 142)
 (147 148 151) (150 152) (153) (153) (153) (153) (157) (154 158) (159) (159)
 (161 155 156 160) (161 155) (163) (164 160) (162 165) (164) (167) (156 167)
 (169 162) (170 166) (167 160) (167) (171 173) (173 166) (174 175) (176)
 (177 172) (176 168) (178 179) (178 179) (180 181) (182) (182) (181) (185 180)
 (185 182) (186 187 183 184) (187) (186 189 184) (188 190) (187 184)
 (186 189 183 192) (190 183 192) (194 188) (195) (196) (197 191) (193 198)
 (199) (200) (200) (199) (203) (201 204) (204) (201 206) (207) (202 204)
 (209 205 208) (210) (210) (210) (212 213) (211 214) (215) (211 214) (217)
 (217) (219 215) (218 219 216) (221) (222) (223) (224) (220 223) (225 226)
 (227) (228) (217 215) (230 224) (228 231) (232) (233) (226 230) (234 235)
 (236 229) (237) (238) (237) (240) (241) (242 239) (243) (244) (245) (246)
 (245) (248) (249) (245) (251 246) (250 252) (253) (249 252) (255) (255)
 (257 253) (257 254) (257 254) (259 260 256) (254 255) (258 259 262 247)
 (258 259 262) (260 263 264) (265) (264 260 256) (265 267 261) (268) (269)
 (270) (267 263) (272) (273 271) (274) (274) (266 276) (277) (270 272)
 (276 279) (275 280) (281 266) (282 277) (283 278) (284) (282 278) (286) (287)
 (287) (289 284) (290 285) (291) (291) (293 288) (289 285) (292 295 288) (296)
 (293 296) (292 293 295) (297 299) (300) (300) (298 302) (299) (301 304)
 (305 298 302) (306 294 303) (303 304) (308 301) (306 309 294) (308 301) (311)
 (309 312) (310 312) (307 309 312) (313 315) (298 301 302 304)
 (313 314 315 317) (318) (319) (318) (321 319) (321) (323 319) (321) (322)
 (326) (327) (316 328 324) (325 329 320) (325 328 324) (316 331 320) (328 323)
 (333 332) (334) (333 329) (333 332 329) (337 336 330) (338) (338) (338) (341)
 (342 334) (339 340 343) (344 335) (344 335) (345 346) (347) (347) (344))