(NIL (1) (2) (2) NIL (5) (6 4) (3 7) (8) (9) (10) (9) (8) (10 13) (14) (15)
 (14) (17 12 16) (18 11) (18 11) (19 20) (20) (18 11) (23) (19 22 24) (25)
 (26 21) (25) (27 28) (26 28) (27 28) (31) (29 32) (29 30 32) (33 34) (35) (35)
 (36 37) (35) (39) (36 37 40) (41) (42) (42) (44 38) (44) (43 46) (45 47) (48)
 (47) (38 47) (51) (49 50 51) (52 53) (51 48) (55) (54 56) (57) (58) (49 50 55)
 (60) (58 61) (57 61) (59 63) (64) (65) (57 61) (65 67 62) (65 67) (66 68 69)
 (58 61) (68 71) (66 71) (73 72) (73 69) (74 75) (75 70 72) (77) (76 78)
 (74 77) (76 78 80) (80) (76 77) (83 79) (84) (81 85) (81 84) (84) (87 88) (89)
 (90 86) (82 91) (82 91) (89 86) (91 94) (82 95) (93 94) (97 92 96) (97 92 95)
 (98 99) (100) (100) (99 96) (100 103) (101 104) (105) (99 96) (107 104)
 (105 108 102) (107 104) (106 102 110) (109 111) (111) (107 101 102)
 (114 109 110) (106 114) (115 116 112) (117) (117) (118 119) (113 120) (121)
 (121) (123) (120) (117) (123 126) (125 127) (122 128) (129) (130 124)
 (124 126) (130 132) (133) (134) (131 135) (135) (135) (138 131) (129 132)
 (138 140) (131 141) (139 140) (137 143) (143 136) (145 144) (146)
 (137 145 142) (148) (149) (145 142 144) (150 151) (152) (153 146) (154 147)
 (155) (156) (153 146) (158) (155 159) (156 160) (161 157) (160) (156 159)
 (164) (161 164) (162 165 166) (166) (168) (165 157 168) (170) (162 170) (172)
 (173) (169 173 167) (163 171 175) (163 172 171 167) (169 177) (178) (170 163)
 (178 180 175) (181) (181 174) (179 183) (179 183 176) (185 182 184) (186)
 (187) (188) (188) (190) (191) (190) (193 189) (194) (194) (194 192) (194)
 (196 198) (198 191) (198 192) (193 191) (202 199 200) (203) (195 203)
 (202 195 196 200 192) (201 204 205 206) (207) (208) (208) (210) (211)
 (197 208) (213) (214) (209 211 215) (210 213) (217 212 215) (218) (218 216)
 (217 212 215) (209 221) (218 222 216) (223) (224) (220 223) (226 224)
 (226 219) (226 224) (219 229 227) (228 230) (225 230) (231 232) (233)
 (227 229) (235 231) (233 236) (237) (234 237) (234 237) (239 240) (234 236)
 (242 239) (243 238) (242 237) (241 242) (243 238 246) (247) (247)
 (249 245 248) (250 244) (246) (250 244 252) (253) (250 244 252) (254 255)
 (256) (255) (258 256) (259) (258 251 256) (261) (257 259 262) (263) (262)
 (265) (257 266 259) (267 263) (268 264) (260 269) (270) (267 260 264)
 (269 272) (273 270) (274) (275 271) (275) (277) (278) (279 271) (280) (280)
 (282) (277) (284 280) (285) (286) (281 285) (284 271) (281 289 286) (289)
 (283 291 287 288) (290 292) (293) (292) (290 276 295) (293 296) (297) (298)
 (297) (300 294) (298 300) (299 301 302) (299 300) (300) (305 303)
 (305 299 294) (306 307) (308) (308) (309 310) (310) (312) (313) (314 309)
 (313) (310) (313 317) (315 316 318 311 304) (316 309 318 304) (315 320)
 (319 320) (321 322) (323) (321 322) (323 325) (319 320) (326 327)
 (323 325 327) (326 327) (329 330) (331 324) (326 327) (330 333 328) (324 333)
 (332 335) (336) (332 335 328) (338 334) (337 339) (340) (337 339) (337 339)
 (340 343) (341 343) (345 342) (346) (346 344) (348) (349))