(NIL NIL NIL (1) (3 2) (1) (3 6) (4 7) (5 7) (9) (10 4) (10 8) (12) (13)
 (11 14) (11 14) (14) (17) (18) (19) (20) (21 16) (22 15) (23) (23) (17 15 16)
 (26 21) (27 24) (27 24) (29) (30) (25 30) (32) (33 31) (33) (35) (36 28 31)
 (34 36) (38) (28 39) (37 40) (41) (42) (43) (42) (37 38) (41 46) (47)
 (43 45 47) (49) (50 48) (49 44) (43 47) (42 46) (54) (50 55) (51 52 56)
 (51 54) (50 44 54) (49 54) (51 54) (60 61) (52 62 55) (53 62) (57 63 64)
 (58 62) (66 52 53 55) (67 63) (57 68) (57 59 68) (70) (71 64) (72) (65 72)
 (73 74 69) (75) (75) (76 77) (78) (79) (75) (81 80) (81 80) (83) (84) (82 85)
 (86) (87) (88) (89) (90) (91) (92) (92) (91) (92 95) (94 96) (97) (98) (99)
 (99) (99) (102) (101 103) (104) (105 93) (105 93) (107) (108) (107) (110)
 (107) (108 100 112) (106 112) (98) (106 115 108) (116 100 109 111) (117 112)
 (113 114 118) (114 116) (117 120) (113 121) (122 119) (109 111 120) (124 117)
 (122 125 119) (119 120) (121 127) (128) (129 126) (119 120) (121 131)
 (123 132) (132 125 128) (129 133 126 134) (123 134) (130 133 136) (129 136)
 (138 135) (130 135 138) (140) (130 138) (142) (142) (137 141 142) (145)
 (145 144) (146 139 147 143) (146 139 147) (139 147) (148 150) (149 151) (152)
 (150) (154) (155 148) (156 149 151) (153 156) (158) (159) (158) (161 160)
 (162) (162) (164) (163 165) (166) (167) (157 168) (169) (170) (171) (169)
 (172 173) (157 168) (174 175) (167) (177 172 173 175) (178 174) (178 176)
 (178 174) (177 176) (179 181 182) (178 182) (184) (179 184) (186)
 (185 187 181) (185 187 180 181) (180 184) (189 190) (187 190) (189 183 192)
 (185 183 192) (194 191) (195) (193 195) (197) (195) (193 199) (200) (201 198)
 (202) (202) (188 196 204) (203 205) (206) (188 199) (204 208) (209 207)
 (209 203 196) (210 211) (212) (213) (214) (215) (215) (217) (217 216) (219)
 (212) (221 215) (221) (223 216) (220 222 223) (225 224) (218 226)
 (225 218 224) (226 228) (229) (225 218 224) (227 231) (232) (233 228)
 (234 230) (235) (235) (237) (234 229) (236 239) (237 240) (241 238) (240)
 (243 237) (241 243 238) (240) (242 244 246) (241 244 246) (246) (249 245 248)
 (249 247 248) (251) (249 248) (253 245 247) (250 254) (252 254) (252 254)
 (257 255) (258) (258 256) (260) (257) (262) (263 255 256) (257 255)
 (265 258 263 256) (266) (265 261) (265 260 263) (267 268 269) (257 255 256)
 (267 261 271) (259 269 271) (273 268 264) (274 272) (275 270) (273 270)
 (273 270 272) (276 278) (278 264) (274 277 280) (281 279) (281 279) (283)
 (284) (278) (281 275 286) (282 284 287) (288) (289) (282 283 287) (287 279)
 (291 292 285) (289 293) (290 294) (293 288) (293) (297 295) (298) (297 290)
 (297 294) (282 285 286) (300 301 302 295) (303) (298 304 296) (305 299) (306)
 (298 304 296) (308) (306 309) (307 309) (308) (305 309 312) (313 311)
 (306 312) (307 315) (316 309) (317) (318) (318) (314 310 320) (313 318) (322)
 (323 311 320) (323 310 320) (322 320) (321 326) (314 323 326) (324 328)
 (329 327) (330) (331) (332) (331 319) (333 325 334) (321 329 325) (327 336)
 (334 336) (338 332) (338 335) (338 332) (337 340 341) (339 342) (343) (344)
 (345) (345) (347) (346 348) (349))