(NIL (1) (2) NIL (4 1) (5) (2 5) (3 7) (3 7) (9 6) (10) (11) (12) (10) (14)
 (15) (16) (13 16) (18 8) (19) (18 8) (10) (17 19 22) (20 22) (17 21 24)
 (25 23) (25) (27) (28 23) (27) (29 30) (31) (26 31) (33) (34) (35) (36 32)
 (36) (33) (37 39) (38 39) (41) (42 37) (42) (44) (44 40) (41 37) (41) (48)
 (41 37) (50 43 45 47) (49 51 40) (52) (50 44 47 40) (45 46 54) (52 54) (55 56)
 (57) (57) (58 59 53) (60) (55 56) (60 62) (59 53 62) (53 62) (65 58) (66)
 (67 63) (68 61) (69 64) (69) (71) (71) (73 64) (74 72) (75 70) (76) (77) (78)
 (78) (77) (74 70) (82 80) (83 79) (81 84) (81 84) (86) (87) (85 88) (88) (88)
 (88) (92) (89 93) (90 91 94) (95) (95) (95) (94) (90 91 99) (100 96) (101)
 (102) (103) (97 98 102) (105) (105) (105) (106 107 108) (109 104) (105)
 (106 111 103) (107 112) (113 110) (114) (110 112) (115 116) (114 116) (116)
 (116) (114 120) (113 119 120) (122 115) (122 115) (122 115 118) (125 124 117)
 (121 126) (121 123 126) (113 119 120) (121 129 126) (129 123 117) (129 126)
 (130 123 132) (133 127) (134) (131 133 127 128) (134 136) (133 128) (138 136)
 (139 134) (140 135) (140) (140) (143) (144) (145 141) (145 141) (146 147 142)
 (137 146 147 142) (149) (150) (150) (148 152) (153 151) (154) (143)
 (137 147 156 142) (148 156 152) (155 158) (158 151) (154 157 160) (155 156)
 (155 156) (163 157 160) (161 164) (164) (162 164 159) (165 167) (166 168)
 (169) (169) (171) (161 167) (173 165 166) (171 174) (173) (172 174 176) (177)
 (177 175) (170 179 178) (179) (181) (182) (170 183) (178 183) (185 180) (186)
 (186) (188 184) (189) (190) (191) (191) (187 190) (189) (195 190)
 (187 195 191) (187 189) (193 197 198) (194 197 198 192) (196 200) (201 199)
 (193 201) (203 199) (202 203) (205) (204 206) (204 206) (203 199)
 (209 204 206) (210 207 208) (211) (212) (209 208) (213 214) (215) (213 214)
 (217) (218) (217) (218 220 215) (221 216) (219 222) (223) (224) (219 221)
 (218 220 216) (227 223) (226 228 224) (228) (226 230) (225 231) (232)
 (233 229) (225 231) (233 235 229) (234 235) (237) (233 235 229) (236 237 239)
 (239) (241 238) (242) (241 234) (242 244 240) (245) (246) (245) (243 247 248)
 (249) (249) (251) (251) (252 253) (254) (255) (255) (252 253) (257 250 258)
 (257 258) (259 260 256) (261) (260) (250 263) (264) (262 264) (266) (267)
 (268) (269) (265 270) (266) (269 272) (273) (274) (275 271) (274) (273 271)
 (278) (275 277 279) (274 279) (281 276 277) (282 280) (282) (283 284) (285)
 (284) (283 284) (285 288) (289) (290 286) (289 287) (292) (291 293) (294)
 (295) (296) (297) (298) (298) (299 300) (290 293) (297 302) (303) (302 295)
 (305 298) (305 300) (307) (306 299 308 304) (299 308 303) (310 304) (309 311)
 (312) (313) (314) (313) (315 316) (312) (306 307 303) (314 319) (301 320)
 (318 320) (321 322) (315 316 323) (324) (325 317) (326) (327) (324) (329 328)
 (330) (331) (331) (333) (332 333) (329 327) (331 336) (337) (338)
 (339 332 334) (340 335) (340 335) (342) (341 342) (344) (343 344) (345 346)
 (347) (347) (349))