(NIL NIL (2) (3) (2) (4 5) (6 1) (2 1) (4 5 8) (9) (10) (11 7) (10) (13) (13 7)
 (10) (11 14 15 16) (17) (9 7) (19) (11 20 15 16) (18 21) (22) (12 23) (22)
 (25) (25) (22) (28 12 23) (25 28) (27 30 24) (31) (31) (33 29) (33) (26 31)
 (31) (37 36 29) (34 38) (34 37) (35 36 40) (41 39 32) (42) (43) (43) (42) (46)
 (47) (43 48) (49 45) (50 44) (51) (43 48) (49 53 44 45) (54) (55) (54) (57 52)
 (51 54) (59 56) (57 59) (60 52 61) (60 61) (58 63) (62 64) (65) (62 64) (67)
 (68) (69) (65 70) (71) (66 72) (73) (74) (70) (65 76) (73 76) (66 76 71)
 (78 79) (75 77 80) (74 77 80) (82 75) (82) (84) (84) (81 83 86) (85 87) (87)
 (89 85) (89 88) (91) (92) (90 93) (90 92) (87) (93 96) (94 96) (98 95) (99)
 (99) (97 101) (102) (102) (98) (97 105 95) (106 100 104) (107) (106 100 102)
 (107 109 103) (110) (110) (110) (113 111 112) (114) (113 108 112) (115 116)
 (117) (118) (119) (118) (121 120) (121 120) (121) (121) (125 120) (125)
 (124 127 120) (128) (123 128) (122 130) (122 130) (132 126) (133) (133)
 (129 135) (131 136) (134 136) (138) (137 139) (140) (141) (142) (140)
 (143 144) (141 144) (142 144) (147 143) (138 131) (145 149) (150)
 (146 148 151) (148 151) (145 148 149) (154 152) (154) (146 156) (157 151)
 (157 152) (155 159) (160) (153 161) (153 160) (163 158) (162 164) (164)
 (162 166) (167) (166) (164) (170 167) (171 165) (172) (173) (174 168)
 (169 174 168) (176) (177 175) (177) (179) (179 175) (174) (179 182)
 (182 175 176) (180 184) (185 178 183) (186 181) (187) (188) (186 181)
 (188 190) (187 190) (192) (193) (187 190) (195 192) (194 196) (197 189) (198)
 (199) (197 189 191) (194 188 196) (202 198 191) (203 199) (203) (205 199)
 (201 204 206 200) (201 204 206 200) (201 205) (209 204 206 200) (209 206)
 (205 199) (209 212 200) (213 206) (210 214 207 208) (211 213 207)
 (210 214 216) (211 213 207) (210 218) (219 215) (217 220) (218 208) (222 216)
 (223 215) (221 224) (225) (222 215 216) (225 227) (217 227) (226 228 229)
 (229 221 223) (231 224) (230 232) (233) (233) (235) (230 232) (233 237) (238)
 (238) (238) (241 236) (234 239 242) (242 239 240) (243 244) (245) (234 244)
 (247) (245 248) (249) (250 246) (249) (243 248) (245 247) (250 253 254) (255)
 (252 246 256) (257) (257 251) (259) (252 255) (258 259 261) (262) (260 261)
 (257 261) (265 258 259) (266 262 264) (267 263) (268) (267 263) (270) (271)
 (267 263) (273 269 270) (273 269 270) (275) (274 275) (275 271) (277 278 272)
 (279) (280) (281 276) (282) (283) (284) (283) (282) (287) (288) (289 286)
 (290 284) (291) (289 284) (284 288) (293 285 286 294) (291 295) (295) (297)
 (293 285 286 294) (297 299) (297 291 299) (300 301) (292 302 296) (301)
 (291 294) (305 300 292) (306 303) (307) (305 298 292 302 304) (309 303)
 (308 310) (311) (312) (313) (314) (315) (314) (317) (315 317) (316 319) (319)
 (321 318 320) (322) (323) (323) (325) (318 319) (325 327) (328) (324)
 (330 325 327) (329 331) (329 331 326) (333) (333) (334 335) (332 336) (336)
 (338) (338 332) (340) (341) (339 342) (337 343) (341) (345 344) (341)
 (337 345 347 343) (348 344) (346 349))