(NIL NIL NIL (3) (1 4) NIL NIL NIL (8 4) (1 6 9) (5 9) NIL (12 6) (12 7 4)
 (14 6) (15) (15) (17) (18) (18) (15 1 9) (21) (14) (10 23) (14 8)
 (23 25 6 2 9) (25 16 13 11) (22 26 17 24 27) (18 27) (2 29) (30 10) (31 23)
 (30) (33 26 24 21) (34 20) (22 35) (19 27) (37 28) (21 37 23) (37) (30 40 23)
 (32 40 35) (37 22 35 31) (43) (38 44 41) (32 45 36) (46) (44) (48) (48)
 (42 39 44) (51 48) (52 46) (50 53 49) (54) (55) (56) (57) (56) (58 59) (59)
 (52) (62) (57 59 63) (62 47 54) (65 58) (65 56) (67 61 63) (68) (69) (70 64)
 (70) (65 58 61) (73 63) (74 64) (75) (75) (60 75) (76 78) (74 70) (80 60 64)
 (74) (67 74) (79 68 82 83) (84) (72) (86 81 84) (87) (85 88) (89) (86 64)
 (91 90 77) (91 74) (93 90) (86 81) (95 77 71) (93 96 92) (85 91 95) (98)
 (93 99 71))