(NIL NIL (2) (3) (2) (5) (3 1 6) (6) (6) (1 9) (6) (7 8 11) (12) (10 11) (14)
 (13 14) (11) (17 7 9) (18 13) (18 15 16) (17) (13) (22 9) (21 23) (24 18 14)
 (4 16 23) (23) (1) (4 28 13) (21 29) (27 30) (20 30 22) (24 32) (18 29 23)
 (34 31) (35 32) (24 35) (24 35 32) (19 38) (39) (34) (20 21 41) (42 31)
 (26 25 36 43) (42 32) (42) (30 46) (26 43 36 46) (28 16) (49 36 37) (24 28 19)
 (51 45 47 31) (49 52 48 40) (52) (25 54) (33 36 55) (35 52) (57) (57 25)
 (59 44 39) (58 60 54 48) (33 61) (62) (62 56) (64) (50 61) (66 55) (67 40)
 (33 66) (66 53 62 55) (67 70) (50 61) (67 72 64) (73) (74 40) (65 75 70)
 (74 71) (77) (78) (78) (75 80) (78) (82 69 79) (65 83 63) (82) (85 63)
 (76 86 80) (87) (69 86 79) (89 84) (84 85) (82 69) (83 92 63) (89 93 87)
 (75 93) (84 85 95) (65 85 95) (89 97 96 88) (84 86 95) (92 84))