(NIL NIL (1) NIL NIL (2) NIL (7 1 6) (5 4) NIL (10 4) (11) (6 3 12) (10 1)
 (14 3 12) (15) (6 5 16) (6 14) (18 12) (10 2) (20 5 11 14) (16 21) (7 22) (7)
 (24 5 3 18 8) (6 24 5 20 16) (26 13) (27 18) (22 26 13 8) (23 29) (29) (17 31)
 (24 22 18) (33 31) (28 33 31) (35 32 25) (36 30 19) (36 30) (38) (21 24 17)
 (34 37 40) (40 25) (34 42 9 32) (43) (28 43) (36 45) (43 38) (43 37)
 (48 45 47) (41 49) (50 46 39) (41 48 38) (52 47) (52) (46 54) (44 54)
 (56 46 39 47) (50 52) (58) (59) (51 44 60) (58 44 46 53) (57 62) (44 52)
 (64 53) (49 54 64) (64 60) (56 64 59 53) (64 51 54) (69 61) (30 46) (62 71)
 (56 69 53 71) (73) (57 65 74) (72 66 75 61) (66 53 71) (77 57 60) (69 78)
 (79 61 55) (65 62 79) (79 75 63) (72 82) (78 76) (69 59 77) (72 74 85 61)
 (82 85) (81 87) (87 55) (70 87 84) (90 83 86) (90 55) (89 92) (80 81 93)
 (93 86 67) (94 95) (96) (97) (98 88) (98 83 88))