(NIL NIL NIL (3 1) (3) (5 2 1) (5) (2) (7 8 1) (9 4) (5 4) (3 8 1) (12) (10 13)
 (14 11) (7 4) (4) (17 7) (18) (19 11) (18 2) (18 8 6) (17 7) (22 9 21 23 13)
 (24 11) (25 10 20) (25 10) (24 20) (24 20) (29) (27 28 30) (24 20) (25 32 29)
 (17 9 11) (27 34 20 14) (32 35) (32 34) (35 37) (33 37 14) (31 39 26 15)
 (39 28) (41 35) (39 27 30) (16 43 35 28) (44 38) (38 44 15) (34 29) (47 42 44)
 (48 36) (48 15) (31 47 26 43 15) (31 47 38 39 15 26) (33 26 34 15) (43 53)
 (41 54 52) (16 54) (40 55 36 56) (48 57) (58) (58) (58) (58) (50 62 46) (63)
 (51 64) (62) (66 59 51) (58) (68 62) (66 69 63) (59 51 70) (69 63)
 (49 67 60 72) (65 72) (51 61 72) (65 75 71 45) (75 64) (77 71) (73 76 78) (79)
 (77 71) (81) (49 67 60 77 71) (67 75 71) (49 84 76) (84 64) (86) (74 85 87)
 (65 82 86) (73 89) (90 83 79 88) (81 74 83 76 86) (86) (82 83 93 88)
 (89 83 76 93 78) (73 77 86) (89 96 88 93 80) (97) (97 92) (82 84 80))