(NIL NIL NIL (3) (4) (5 2) (5) (3) (3) (5) (6 10) (10 9) (12) (13) (8 12)
 (14 6 8) (16) (17) (16) (2) (20 17) (19 21 1) (20 17) (3 20) (24 12) (22)
 (26 25) (26) (28) (26) (18 7 30 25) (19 20 11 1) (21 32) (18 26 25 32) (34)
 (22 23 32) (36 29) (18 28 32) (15 38 31) (23 39) (40) (41) (42 35) (27 43)
 (33 43) (29 40) (33 34 38) (30 47) (41 27 36 48) (49 35 29) (42 46 50)
 (42 46 50) (50 44 46) (49 37) (15 36 29 48) (35 55 40) (43 37 56) (52 56)
 (58 53) (58 53) (52 56) (57 59 61) (59 61) (44 61) (64) (59 61) (66 45)
 (44 45 55) (68 52) (69) (70 64) (57 66 60 69) (51 72) (68 54 64) (74 51 60 71)
 (74 51 53 71) (27 46 47) (77 69) (74 67 62 63 78) (65 77) (65 66 70 77 54 62)
 (81 74 51) (82 71) (83 80) (82 67 71 63 72) (84 76 85 78) (83 85 79)
 (82 76 60) (88 72) (73 89 75 85) (89 83 79 80) (89 75) (73 83 92 85) (93 78)
 (81 76) (90 84 93 95 87) (91 96 86 94) (66 76 77 63) (98 67) (91 93 99))