(NIL NIL NIL (3) (4) NIL (6 5) NIL (1) (3 9) (3) (10) (8 3) (7 13 2 12) (8 12)
 (15 2 5) NIL NIL (18 6) (17 19 9 4) (14 20) (21) (7 20 8 2) (11 23 12) (19 12)
 (25 2) (20 16 26) (27 22) (7 25) (11 22 29) (30) (22 29) (27 31 32) (33) (34)
 (33) (29) (15 26 37) (14 17 25) (39 28 37) (36 40) (41) (40 33) (43 41 23)
 (44 35) (24 40 34) (42 46) (40 34) (48) (36 34 37) (39 50 38) (40 50 23)
 (52 42) (52 47) (28 50) (52 44 55 46) (49 55 45) (55 46 42 38) (48 58)
 (54 59 56) (48 55) (57 60 61) (43 61 35 46) (48 55 51 35 46) (61 64) (44 64)
 (66) (52 67 61) (49 68) (65 69 59) (68 47) (65 68 59 56) (47 72) (63 73 62)
 (54 73) (75 63 70) (76) (45 77) (78 62) (78) (78) (81 74) (74 77) (57 72)
 (84 60 73) (85 63 62) (84 83 80) (82 87) (79 81 87) (89) (90 85 71)
 (63 69 47 72) (92 85 82 83 71) (79 86 93 88) (90 53 94) (94) (94) (92 77)
 (80 86 98) (91 99 93))