(NIL (1) (2) (3) (1) (4 5) (6) (7) (8) (9) (10) (11) (12) (13) (12) (13 15)
 (16 14) (17) (18) (17) (14) (18 20 21) (19 22) (23) (23) (19 22) (26 24)
 (25 27) (28) (29) (28) (30 31) (32) (33) (34) (34) (36) (35 37) (38) (39) (39)
 (41) (42 40) (43) (43) (44 45) (46) (47) (47) (49) (50 48) (51) (52) (53) (51)
 (53 55) (56) (57 54) (57 54) (58 59) (60) (61) (62) (62) (63 64) (63 64)
 (63 64) (65 67) (66 68) (69) (70) (69) (71 72) (73) (74) (74) (75 76) (77)
 (78) (79) (77) (81 80) (82) (82) (84) (85) (86) (83 87) (88) (89) (90) (91)
 (90) (92 93) (94) (95) (92 93) (97 96) (98) (99) (100) (101) (102) (103) (104)
 (105) (103) (106 107) (108) (109) (110) (105 107) (111 112) (113) (113)
 (114 115) (114 115) (117) (116 118) (117) (119 120) (121) (121) (123)
 (122 124) (125) (126) (127) (128) (129) (129) (131) (130 131) (132 133) (134)
 (132 133) (135 136) (137) (138) (139) (139) (141) (139) (141 143)
 (140 142 143) (145) (145 144) (146 147) (148) (149) (150) (149) (150 152)
 (153 151) (154) (155) (156) (157) (157) (158 159) (159) (157) (161 162 160)
 (163) (164) (165) (165) (165) (167 168) (169) (170) (169) (171 172 166) (173)
 (174) (175) (176) (177) (178) (176) (179 180) (181) (182) (182) (183 184)
 (184) (185 186) (187) (188) (189) (190) (191) (190) (193 192) (194) (195)
 (196) (196) (197 198) (199) (200) (201) (202) (197 198) (202 204) (205)
 (204 200) (203 206 207) (208) (209) (210) (211) (211) (213) (212 214) (215)
 (216) (217) (218) (219) (220) (219) (221 222) (223) (220 222) (225 224) (226)
 (227) (228) (226) (229) (231 230) (231 230) (233 232) (233) (235 232)
 (234 236) (237) (238) (239) (240) (241) (242) (242) (243 244) (245) (245)
 (247) (246 248) (246 248) (244) (249 250 251) (250 251) (252 253) (253)
 (254 255) (256) (254 255) (257 258) (257 258) (257 258) (259 260 261) (262)
 (263) (264) (265) (266) (267) (267) (268 269) (270) (271) (272) (273) (274)
 (271) (273 276) (275 277) (275 276) (279) (278 280) (278 279) (282 280)
 (281 283) (284) (285) (286) (287) (288) (289) (289) (291) (292) (293)
 (290 294) (295) (296) (296) (297 298) (299) (300) (300) (302) (301 303)
 (301 303) (305) (306 304) (307) (305 304) (308 309) (308 309) (310 311) (312)
 (313) (313) (314 315) (316) (317) (318) (317) (319 320) (321) (322) (323)
 (324) (325) (326) (323) (327 328) (329) (330) (331) (332) (332) (334) (332)
 (333 334 336) (337) (338) (337 335) (340) (339 340) (341 342) (343) (343)
 (345 344) (346) (346) (347 348) (349) (349) (350 351) (352) (351) (353 354)
 (355) (356) (357) (358) (359) (359) (359) (362) (363) (361 364) (361 363)
 (365 366) (367) (368) (369 360) (370) (369 360) (370 372) (371 372) (373 374)
 (375) (376) (376) (377 378) (377 378) (380) (379 380) (381 382) (381 382)
 (384) (385 383) (386) (387) (388) (388) (388) (389 391) (389 391)
 (393 390 392) (394) (395) (396) (396) (397 398) (399) (399) (401) (401 400)
 (402 403) (404) (404) (405 406) (407) (408) (409) (410) (410) (411 412) (413)
 (407) (413 415) (416) (417) (418) (419 414) (420) (420) (421 422) (422)
 (421 422) (425 423 424) (426) (427) (428) (429) (430) (431) (432) (433) (434)
 (435) (436) (437) (436) (438 439) (440) (441) (442) (440) (443 444) (445)
 (446) (445) (447 448) (449) (447 448) (449 451) (452) (450 453) (450 453)
 (455) (456) (457) (456) (458 459 454) (460) (461) (462) (462) (464) (465)
 (466 463) (466 463) (468) (469) (470) (471) (467 472) (467 470) (473 474)
 (474) (473 476) (475 477) (478) (479) (480) (479) (481 482) (483) (484) (485)
 (485) (487) (486 488) (487) (489 490) (491) (492) (493) (494) (495) (496)
 (497) (498) (499))