(NIL (1) (2) (3) (3) (4 5) (5) (6 7) (8) (9) (10) (11) (12) (13) (14) (12)
 (14 16) (17 15) (18) (19) (20) (19) (21 22) (23) (24) (25) (25) (26 27)
 (26 27) (29) (28 30) (28 30) (31 32) (31 32) (34) (33 34) (35 36) (37) (35 36)
 (39) (38 40) (41) (41) (42 43) (44) (45) (45) (46 47) (48) (49) (49) (50 51)
 (52) (53) (54) (55) (54) (57 56) (58) (57 55) (59 60) (61) (62) (62) (61)
 (65 64) (66) (67) (67) (69 63) (68 70) (71) (72) (73) (74) (72) (73 76)
 (75 77) (78) (79) (80) (81) (81) (80) (82 83 84) (83 84) (85 86) (87) (88)
 (89) (90) (91) (92) (93) (94) (94) (96) (97) (98 95) (99) (100) (101) (102)
 (103) (103) (102) (105 106 104) (107) (108) (107) (109 110) (111) (112) (113)
 (113) (113) (115 116) (114 115 116) (118) (117 119) (119) (121 120) (122)
 (123) (124) (125) (126) (127) (128) (128) (129 130) (131) (132) (132) (134)
 (131) (133 136) (137 134) (133 136) (137 139) (138 140 135) (141)
 (138 139 135) (140 143) (142 144) (142 144) (142 144) (145 147) (148)
 (146 149) (150) (145 147) (151 152) (153) (153) (155) (154 156) (154 156)
 (157 158) (159) (160) (161) (162) (162) (162) (163 164 165) (166)
 (163 164 165) (166 168) (169) (167 168) (170 171) (172) (173) (174) (175)
 (176) (177) (178) (178) (180) (181) (179 182) (183) (184) (184) (185 186)
 (183) (187 188) (189) (190) (191) (192) (190) (193 194) (195) (196) (197)
 (198) (199) (199) (201 200) (202) (202) (204) (203 205) (206) (205) (207 208)
 (209) (210) (211) (212) (213) (213) (215) (214 216) (217) (218) (218) (220)
 (219 220) (221 222) (221 222) (224) (225) (226) (227 223) (228) (229) (229)
 (230 231) (232) (233) (234) (234) (236) (235 236) (238) (239) (237 240) (241)
 (241) (242 243) (244) (244) (246) (245 247) (248) (249) (250) (249) (252)
 (250 253) (251 254) (255) (256) (257) (258) (259) (259) (259) (260 262)
 (261 262) (263 264) (265) (266) (267) (267) (267) (268 269 270) (271) (272)
 (273) (274) (275) (276) (277) (278) (277) (279 280) (281) (282) (283) (284)
 (285) (286) (285) (287 288) (289) (290) (290) (292) (291 292) (292)
 (293 294 295) (293 294 295) (297 296) (298) (298) (300) (299 300) (301 302)
 (302) (303 304) (305) (305) (306 307) (308) (308) (309 310) (311) (312) (313)
 (314) (311) (315 316) (317) (318) (319) (320) (321) (320) (323) (324)
 (321 325) (326) (322 327) (328) (328) (330) (329 331) (331) (332 333) (334)
 (332 333) (335 336) (337) (338) (338) (339 340) (341) (342) (343) (344) (344)
 (345 346) (345 346) (345 346) (345 346) (348 349 350) (347 350) (351 352)
 (353) (354) (355) (356) (357) (358) (359) (359) (361) (361) (362 363 360)
 (364) (365) (365) (367) (367) (369 366) (370 368) (371) (370) (372 373)
 (372 373) (374 375) (376) (377) (378) (379) (380) (381) (380) (383) (384)
 (382 383) (385 386) (385 386) (385 386) (388 389) (390) (387 391) (392) (392)
 (394) (393 395) (396) (392) (396 398) (395 398) (397 400) (401 399) (402)
 (403) (404) (405) (406) (405) (407 408) (409) (410) (411) (412) (413) (414)
 (415) (415) (417) (417) (418 419) (420 416) (421) (422) (423) (421) (425 423)
 (426) (427 424) (428) (428) (430) (429 431) (432) (433) (434) (432) (435 436)
 (437) (437) (438 439) (440) (440) (442) (443) (441 443) (445) (444 446)
 (444 446) (443) (449 447) (449 444 445) (451 448) (452) (453 447) (453 447)
 (450 454 455) (450 454 455) (457) (458) (458 456) (460) (461) (459 462) (461)
 (459 461) (465 462) (466 463 464) (467) (467) (467) (468 469 470) (471) (472)
 (473) (473) (474 475) (476) (475) (477 478) (479) (480) (481) (481) (482 483)
 (484) (484) (484) (485 486 487) (485 486 487) (489 488) (490) (491) (492)
 (491) (494) (492 495) (492 495) (497 496) (498) (499 493))