(NIL (1) (2) (2) (4) (3 4) (5 6) (6) (5 8) (9 7) (10) (11) (12) (13) (13)
 (14 15) (16) (17) (18) (19) (19) (20 21) (21) (21) (20 23 24) (25) (26 22)
 (27) (28) (29) (30) (31) (32) (33) (34) (35) (35) (36 37) (36 37) (38 39) (40)
 (41) (42) (43) (44) (43) (45 46) (47) (48) (47) (50 48) (50 48) (50)
 (49 51 53) (54) (52 55) (56) (57) (57) (58 59) (60) (61) (62) (62) (64) (65)
 (66 63) (67) (65) (67 69) (70) (71) (72) (73 68) (73 68) (75) (74 76) (76)
 (78) (74 78) (79 80) (81) (82 77) (83) (84) (85) (86) (87) (87) (89 88) (90)
 (91) (92) (93) (92) (94 95) (96) (95) (98 94) (99 96) (99 96) (97 101)
 (97 100 101) (103) (102 104) (102 104) (106) (105 107) (108) (108) (109 110)
 (111) (112) (113) (114) (115) (116) (117) (117) (119) (120) (120) (122 118)
 (118 119) (121 123 124) (125) (126) (127) (128) (127) (129 130) (131) (132)
 (133) (134) (133) (135 136) (137) (135 136) (131) (138 139 140) (141) (142)
 (143) (143) (145 144) (143) (146 147) (147 144) (146 149) (150) (148 151)
 (152) (153) (154) (155) (156) (156) (154) (157 158 159) (157 158 159)
 (157 158 159) (161 162 160) (163) (164) (165) (166) (165) (166 168) (169 167)
 (170) (171) (170) (171 173) (172 174) (175) (176) (177) (177) (178 179) (180)
 (181) (182) (183) (184) (184) (183) (187 184) (186 188) (189) (185 190) (190)
 (185 189) (193 190) (194 191 192) (195) (196) (197) (197) (197) (199 200)
 (201 198) (202) (203) (204) (205) (206) (207) (207) (209 208) (210) (211)
 (212) (213) (214) (215) (216) (217) (218) (219) (220) (221) (221) (223) (224)
 (225) (226 222) (227) (228) (229) (230) (231) (232) (232) (233 234) (234)
 (235 236) (233 236) (235 238) (237 239) (240) (241) (241) (242 243) (244)
 (242 243) (245 246) (245 246) (247 248) (249) (250) (251) (252) (253) (254)
 (254) (256) (257 255) (258) (259) (260) (259) (261 262) (263) (263) (265 264)
 (266) (265 264) (267 268) (269) (270) (270) (271 272) (272) (273 274) (275)
 (276) (277) (278) (279) (280) (281) (282) (283) (284) (285) (286) (287) (288)
 (289) (290) (290) (292) (293) (293) (291 294 295) (296) (297) (297) (298 299)
 (300) (301) (301) (302 303) (304) (305) (305) (307) (308) (306 309) (306 308)
 (309 311) (310 312) (313) (314) (313) (316) (314 316) (315 317 318) (319)
 (320) (321) (322) (323) (324) (322) (325 326) (327) (328) (329) (330) (331)
 (332) (332) (333 334) (335) (336) (337) (338) (339) (339) (341) (340 342)
 (343) (344) (345) (346) (347) (348) (349) (350) (351) (352) (353) (354) (355)
 (356) (357) (358) (358) (360) (361 359) (362) (363) (364) (365) (366) (366)
 (367 368) (367 368) (369 370) (369 370) (371 372) (373) (371 372) (374 375)
 (376) (377) (378) (379) (377) (380 381) (382) (383) (383) (385 384) (386)
 (387) (388) (389) (390) (391) (392) (392) (392) (393 395) (396) (397) (398)
 (399) (400) (401) (402) (394 403) (404) (405) (406) (407) (408) (409) (410)
 (411) (412) (412) (413 414) (413 414) (415 416) (417) (417) (416) (419 420)
 (421) (422) (418 423) (418 421) (425 423) (426 424) (426) (428) (429 424)
 (430) (427 430) (432) (433 431) (432) (433 435 431) (434 435) (436 437) (438)
 (439) (440) (441) (442) (443) (444) (445) (446) (446) (447 448) (449) (450)
 (450) (452) (451 453) (454) (455) (456) (457) (458) (457) (460) (459 461)
 (458 461) (462 463) (464) (463) (465 466) (467) (467) (468 469) (469)
 (470 471) (472) (473) (474) (473) (474 476) (475 477) (478) (479) (480) (481)
 (480) (482 483) (484) (485) (486) (487) (488) (489) (489) (490 491) (491)
 (492 493) (494) (495) (496) (497) (498) (499))