(NIL NIL NIL (3) (3 2 1) (4 5) (4 5) (6 7) (8) (9) (10) (11) (10) (11 13)
 (12 14) (15) (16) (15) (17 18) (19) (20) (20) (22) (21 23) (24) (21 23)
 (25 26) (27) (27) (29) (28 29) (30 31) (32) (33) (34) (35) (36) (37) (38) (38)
 (40) (39 40) (42) (41 42) (44) (45) (43 45) (47) (46 48) (49) (50) (51) (52)
 (53) (54) (54) (56) (57 55) (58) (57 55) (60) (58 61) (59 60) (61 63) (64)
 (65 62) (64) (67 62) (66 68) (69) (70) (71) (72) (73) (74) (75) (76) (74)
 (77 78) (79) (80) (77 78) (81 82) (83) (82 80) (84 85) (86) (87) (87) (89 88)
 (90) (91) (91) (93) (94) (92 95) (96) (96) (95) (99 96) (97 98 100) (101)
 (102) (103) (104) (105) (105) (106 107) (108) (109) (110) (111) (112) (113)
 (114) (114) (114) (115 116 117) (118) (119) (119) (119) (121 122 120)
 (121 122 120) (124) (125) (123 126) (123 126) (123 125) (123 125)
 (129 130 128) (131) (132) (133 127) (134) (133 127) (135 136) (137) (138)
 (139) (140) (138) (142) (140 143) (144) (145 141) (146) (146) (147 148) (146)
 (149 150) (151) (151) (153 152) (154) (155) (156) (156) (157 158) (159)
 (157 158) (161) (162 159) (163) (164 160) (165) (165) (166 167) (166 167)
 (169 168) (170) (170) (172) (171 172) (173 174) (175) (176) (177) (178) (176)
 (179 180) (178 180) (179 182) (181 182) (184) (184) (185 186) (187 183) (188)
 (189) (188) (190 191) (192) (193) (194) (194) (196) (195 197) (198) (199)
 (200) (201) (202) (203) (204) (205) (206) (206) (207 208) (209) (210) (211)
 (211) (212 213) (214) (212 213) (215 216) (217) (218) (219) (220) (221) (222)
 (223) (223) (225) (225) (226 227 224) (226 227) (228 229) (230) (230) (232)
 (233) (234 231) (235) (236) (237) (237) (238 239) (240) (241) (242) (243)
 (244) (245) (246) (247) (247) (249) (250 248) (250 248) (252) (253) (251 254)
 (255) (255) (257 256) (258) (259) (260) (261) (262) (259) (262 264) (265 263)
 (262 264) (267) (265 267 263) (266 268 269) (270) (271) (272) (273) (274)
 (275) (276) (277) (278) (278) (280) (281 279) (282) (281) (282 284) (285)
 (286) (283 287) (288) (289) (288) (290 291) (292) (293) (294) (295) (296)
 (297) (298) (298) (299 300) (301) (301) (302 303) (304) (304) (305 306) (307)
 (305 306) (308 309) (310) (310) (312) (313 311) (313 311) (313) (314 315 316)
 (317) (317) (319) (320) (321) (322 318) (323) (323) (324 325) (326) (326)
 (327 328) (327 328) (329 330) (331) (332) (333) (334) (335) (335) (337 336)
 (338) (339) (338) (340 341) (342) (343) (344) (345) (346) (347) (348) (349)
 (350) (350) (352) (353) (353) (354 355 351) (353 351) (354 357) (356 358)
 (359) (359) (361) (362) (363 360) (364) (365) (366) (367) (368) (369) (370)
 (369) (370 372) (371 373) (374) (375) (375) (375) (378 376) (379) (377 379)
 (380 381) (382) (383) (384) (385) (386) (387) (388) (389) (388) (389 391)
 (388) (393 390) (394 392) (394 392) (395 396) (397) (398) (398) (400)
 (401 399) (402) (403) (404) (405) (406) (407) (408) (409) (410) (411) (411)
 (413) (412 414) (412 413) (414 416) (417 415) (418) (419) (420) (421) (422)
 (423) (424) (425) (426) (425) (427 428) (429) (430) (431) (432) (432)
 (433 434) (435) (436) (437) (438) (439) (440) (440) (441 442) (443) (444)
 (445) (445) (446 447) (448) (449) (450) (451) (452) (453) (453) (454 455)
 (456) (457) (458) (459) (460) (461) (462) (463) (464) (465) (465) (464)
 (467 468) (466 469) (470) (470) (472) (473) (473 471) (474 475) (474 475)
 (476 477) (478) (479) (480) (481) (482) (482) (480) (484 485) (486) (487)
 (483 488) (488) (489 490) (491) (491) (493) (492 494) (492 493) (496)
 (497 494) (498 495) (499))