(NIL (1) (2) (2) (3) (5) (6) (4) (6 8) (9) (10) (11 7) (12) (12) (12)
 (13 14 15) (16) (15) (17 18) (19) (20) (21) (22) (22) (24) (25 23) (26) (27)
 (27) (28 29) (30) (31) (32) (33) (31) (34 35) (36) (37) (38) (36) (37 40)
 (38 40) (39 40) (43) (41 43) (42 44 45) (42 45) (44 47) (41 42 43) (49 44 47)
 (50 48) (51 46) (51 46) (53) (52 54) (55) (56) (57) (58) (59) (58) (59 61)
 (60 61) (63) (64) (65 62) (66) (67) (67) (67) (68 69 70) (69 70) (72) (73 68)
 (74 71) (74) (76 71) (71 72) (75 78) (77 79) (80) (81) (81) (82 83) (84) (85)
 (86) (87) (88) (89) (88) (90 91) (92) (93) (93) (94 95) (96) (97) (98) (99)
 (99) (101) (100 101) (102 103) (104) (105) (106) (107) (108) (109) (110) (111)
 (112) (113) (114) (114) (115 116) (115 116) (117 118) (117 118) (120)
 (121 119) (122) (123) (123) (124 125) (126) (126) (127 128) (129) (130)
 (127 128) (131 132) (131 132) (134) (133 134) (135 136) (137) (135 136)
 (138 139) (140) (141) (141) (143) (144) (145 142) (146) (147) (148) (149)
 (150) (150) (151 152) (153) (154) (154) (155 156) (156) (155 158) (157 159)
 (160) (161) (162) (160) (163 164) (165) (166) (166) (167 168) (169) (170)
 (171) (172) (173) (174) (175) (176) (174) (177 178) (179) (180) (180)
 (181 182) (183) (184) (184) (186) (187) (185 188) (189) (190) (189) (190 192)
 (193 191) (193 191) (194 195) (196) (197) (197) (199) (200) (201 198) (202)
 (201 198) (202 204) (203 205) (206) (207) (208) (209) (210) (211) (212) (213)
 (209) (213 215) (214 216) (217) (218) (218) (219 220) (221) (222) (223) (224)
 (225) (226) (226) (228) (227 229) (227 228) (230 231) (230 231) (233)
 (234 232) (235) (236) (237) (238) (236) (239 240) (239 240) (241 242) (243)
 (244) (245) (245) (247) (246 247) (249) (250 248) (251) (252) (253) (254)
 (254) (254) (257 255) (258) (259 256) (260) (258 256) (260 262) (261 263)
 (264) (265) (266) (267) (268) (268) (269 270) (271) (271) (273 272) (274)
 (275) (276) (277) (278) (279) (280) (281) (281) (282 283) (284) (285) (286)
 (286) (287 288) (287 288) (287 288) (291) (290 292) (293) (289 294) (289 293)
 (295 296) (297) (298) (299) (300) (301) (302) (303) (304) (304) (306)
 (305 307) (308) (309) (309) (310 311) (310 311) (311) (314 310) (313 315)
 (310 311) (315 317) (313 318 312) (319) (316 320) (321) (321) (322 323) (324)
 (319) (322 323 326) (324 326) (325 327 328) (329) (330) (330) (332) (331 333)
 (331 333) (334 335) (334 335) (337 336) (338) (339) (340) (339) (341 342)
 (340 342) (341 344) (341 344) (341 344) (345 346 347 343) (348) (348) (350)
 (349 351) (352) (352) (353 354) (355) (355) (357) (356 358) (358) (358)
 (361 356) (362 359 360) (363) (364) (365) (366) (367) (368) (367) (369 370)
 (370) (369 372) (371 373) (374) (375) (375) (377 376) (377 376) (378 379)
 (380) (381) (382) (382) (383 384) (385) (386) (387) (388) (388) (389 390)
 (391) (392) (392) (393 394) (394) (394) (393 397) (396 398) (399) (400)
 (401 395) (400) (402 403) (404) (404) (406) (405 407) (408) (406) (409 410)
 (411) (412) (413) (413) (414 415) (416) (417) (418) (417) (420) (419 421)
 (422) (423) (424) (425) (425) (427) (428) (426 429) (430) (430) (426 429)
 (433 430) (434 431) (435) (436 432) (435) (437 438) (439) (440) (440) (442)
 (441 442) (444) (443 445) (446) (447) (447) (449 448) (449 448) (451)
 (450 451) (452 453) (454) (455) (456) (457) (457) (459) (458 460) (461) (462)
 (463) (464) (465) (465) (466 467) (468) (468) (470) (469 471) (472) (473)
 (473) (475) (474 476) (476) (477 478) (479) (479) (481 480) (482) (483) (482)
 (484 485) (486) (484 485) (487 488) (484 485) (489 490) (491) (492) (491)
 (493 494) (494) (492 496) (497 493) (498) (499 495))