(NIL (1) (2) (3) (4) (3) (4 6) (7) (5 8) (9) (10) (11) (12) (13) (14) (14)
 (15 16) (17) (17) (19) (18 20) (21) (22) (21) (22 24) (25 23) (26) (27) (28)
 (29) (30) (31) (31) (33 32) (34) (35) (36) (37) (37) (37) (38 39 40) (41) (42)
 (43) (44) (45) (45) (46 47) (47) (49 48) (50) (50) (52) (53) (51 54) (55) (56)
 (57) (56) (57 59) (58 60) (61) (61) (63) (62 64) (65) (65) (66 67) (66 67)
 (69) (68 70) (71) (72) (73) (74) (75) (76) (77) (78) (78) (79 80) (81) (82)
 (83) (82) (84 85) (86) (86) (88) (89) (90) (91 87) (92) (93) (94) (94) (96)
 (97) (96) (97 99 95) (97 99 95) (98 100 101) (100 101) (102 103) (104) (105)
 (106) (105) (108) (106 109) (110) (109) (107 111 112) (107 111 112) (114)
 (115) (113 116) (116) (115) (118 119) (117 120) (117 120) (117 120)
 (121 122 123) (121 122 123) (125) (126) (124 127) (128) (128) (129 130) (131)
 (132) (133) (132) (134 135) (136) (137) (138) (139) (140) (141) (142) (143)
 (144) (145) (146) (147) (148) (149) (150) (151) (152) (153) (153) (154 155)
 (156) (157) (158) (158) (159 160) (161) (162) (163) (164) (164) (165 166)
 (167) (168) (169) (167) (169 171) (169 171) (172 173) (174) (175) (176)
 (177 170) (178) (179) (180) (181) (182) (182) (184) (185 183) (186) (186)
 (188) (186) (187 189 190) (191) (192) (193) (192) (194 195) (196) (197) (196)
 (199) (200) (201 198) (202) (198 200) (203 204) (205) (206) (207) (208) (209)
 (210) (211) (210) (212 213) (214) (215) (215) (217 216) (218) (219) (220)
 (221) (221) (222 223) (224) (225) (226) (226) (227 228) (229) (230) (231)
 (232) (233) (234) (235) (236) (237) (238) (238) (240) (241 239) (242) (243)
 (244) (245) (245) (247) (247) (249 248) (250) (251 246) (252) (251 246) (254)
 (253 255) (253 254) (257 256) (258) (259) (258) (260 261) (262) (259 261)
 (263 264) (265) (266) (266) (267) (269 268) (270) (271) (272) (273) (271)
 (274 275) (276) (276) (277 278) (279) (274 275) (281 279) (282 280) (283)
 (284) (285) (285) (286 287) (287) (289 288) (290) (291) (292) (293) (294)
 (293) (296) (297 294) (298) (298) (299 300 295) (301) (302) (302) (303 304)
 (305) (306) (305) (307 308) (309) (309) (310 311) (312) (313) (312) (314 315)
 (316) (317) (318) (319) (320) (321) (322) (323) (324) (325) (325) (327) (328)
 (329 326) (330) (331) (332) (333) (334) (334) (336) (337) (338 335) (338 335)
 (339 340) (341) (342) (342) (343 344) (343 344) (346) (347) (347) (348 349)
 (345 348 349) (350 351) (352) (350 351) (353 354) (353 354) (355 356) (357)
 (358) (359) (358) (361 359) (361 360) (362 363) (364) (365) (366) (367) (368)
 (369) (370) (371) (372) (373) (373) (374 375) (374 375) (377 376) (378) (379)
 (380) (380) (381 382) (382) (383 384) (385) (386) (387) (388) (388) (388)
 (389 390 391) (392) (393) (394) (395) (396) (397) (398) (399) (399) (401 400)
 (402) (401 400) (402 404) (405) (406) (403 407) (408) (409) (410) (411) (412)
 (413) (414) (415) (416) (416) (417 418) (416) (418 420) (419 420) (421 422)
 (423) (423) (425) (426 424) (426) (428 424) (427 428) (430) (429 431) (430)
 (433 432) (434) (435) (436) (435) (437 438) (439) (440) (441) (439) (442 443)
 (444) (444) (445 446) (447) (448) (449) (449) (450 451) (451) (452 453) (454)
 (454) (455 456) (457) (458) (459) (460) (461) (462) (463) (464) (464)
 (465 466) (467) (468) (469) (470) (468) (471 472) (473) (473) (474 475) (476)
 (477) (478) (478) (480) (481) (482) (481 479) (483 484) (485) (485) (482 484)
 (486 487 488) (489) (486 487 488) (490 491) (491) (492 493) (494) (494) (494)
 (497 495 496) (498) (498))