(NIL NIL NIL NIL NIL (4 1) (6) (7 3) (5 8) (7) (3 10) (2 11) (12) (5 2) (8 14)
 (8 12) (16) NIL (18 5 2 11) (18 15 11) (18 15) (9 21 10) (13 16 21) (23)
 (19 9 23) (25 22) (25) (27 20) (23) (9 23) (17 29 30) (13 8) (16 20)
 (33 17 24 29) (27 34) (22 34) (36) (19 34) (38 28) (31 32 39) (40 36)
 (38 27 36) (42 30) (43 26) (31 38 27 22) (41 44 45) (35 45 28 36) (26 47) (48)
 (39 48) (44 40 50) (49 51) (43 48) (47) (32 54 50) (50 54) (56 40 37) (57 51)
 (32 56 37) (41 51 56) (56 37) (51 61) (41 59 53 61 55) (51 61 55) (63 44)
 (65 52) (65) (49 51 67) (32 61) (67 60 69 62) (68 46 70) (71 58) (58 64 70)
 (49 73) (73 68 46) (75) (76) (71 74 76) (52 75) (51 53 59) (80 55) (52 81 76)
 (71 66 81 77) (72 66 81) (84 82 77) (85 79) (86 78) (87) (88) (89) (89)
 (90 91) (86) (83 85) (94 92 93) (94) (83 84) (71 66 81 75) (97 85 98) (99 90)
 (100 91) (97 98) (99 102 79) (89 103) (104) (103 92 96) (106 100) (106) (106)
 (106) (106 100) (105 111) (112) (113) (114) (115 110) (116) (113 107 108)
 (110 111) (90 103) (115 101 120) (121 107 117) (121 118) (120 111 104)
 (115 119 120) (125 101 118 93) (126) (127) (128) (95 122 129) (121 127)
 (122 131) (95 124 132) (130 133) (109 134) (123 132) (109 136) (133 109 136)
 (138 128) (139) (140) (141) (141) (123 109 127) (144 136) (137 139 144)
 (129 146) (147 140) (148 143) (149 135) (149 134 142) (151 135) (151 135)
 (146 142) (134 144) (155 148) (154 156) (156) (155 148) (156 159 151)
 (141 158 159) (161 154 160 152) (162) (163 150) (164) (164) (161 149 135)
 (167) (142 168) (169) (170 165) (170 165) (153 172) (173) (166 174) (175)
 (145 164 168) (153 170 177) (178 157 175) (179) (177 175) (179 181) (182)
 (177 171 174) (175 184) (153 168 160) (178 166 186) (187 181 184)
 (181 187 157) (187 172 157) (190 180 182 176) (189 191) (180 190 184)
 (193 189 176) (193 182) (195 192) (196) (185 196) (188 198) (194 199)
 (188 198) (201) (194 202) (202 197) (198) (194 205) (206) (207 200)
 (188 183 196) (209) (202 210) (210 197 207) (185 196) (213) (188 213 198)
 (206 215) (201 216 200) (199 216) (202 216) (204 215 200) (218 220)
 (219 221 214) (212 222) (196) (210 204 224 200) (225 221 214 207) (226 212)
 (225 220 207 216) (226 211 228 223) (229) (229) (231) (217 230 232)
 (203 230 231) (233 234) (235 208) (234 227) (237) (217 234) (233 234)
 (234 227 208) (203 229) (217 234 242) (243) (244 232) (241 245 237) (246 240)
 (244 237) (235 248) (249 246) (241 249 236 245 240) (251 247) (252) (252)
 (251 238 247) (255) (234 227 242 232) (257 253 238) (250 258) (257 238)
 (249 260 236 246 239) (261 255) (250 262) (262) (262) (265 259 264) (266)
 (260 240) (268 253) (269 263) (265 258 270) (250 268 264) (266 271 272) (273)
 (272) (275 269 263) (259 276 254) (275 254 271 256) (278) (273 279)
 (273 277 279) (276 278) (282) (274 267 282) (282 267 277) (283 285 279) (286)
 (273 287) (273 275 254) (289 280) (289 279) (289 274 276 279) (292)
 (293 283 285 291) (292 277) (285 295) (296) (283 296) (289 276) (259 275))