(NIL NIL NIL NIL (2) NIL (2) (1 5) (5) (4 9) (1 4) (11) (6 8 12) (12) (6 12 9)
 (10 8 12) (16 3) (3 11) NIL (19 17) (19 2) (21 17) (13 19 15 17) (23 14)
 (7 24 22) NIL (26 6 8) (13 16 27) (16 3 27) (19 14 29 7) (27 20) (15 29 28 31)
 (18 21 32 30) (31 30) (34 32) (34 25 28) (36) (23) (38 31) (38 35 22) (37 40)
 (33 41) (37 40 18) (43 39) (44) (43) (43) (47) (39 48) (33 44 46 47) (47)
 (33 51 46 41) (50 52) (42 45 53) (51 39) (54 55) (47) (49 57) (33 57 46 55)
 (59 44) (60 45) (33 57 46) (44 62) (43) (52 45 62 64) (52 64) (49 42 60 53 66)
 (66 54 62) (58 68) (65 69 55) (67 69) (71) (71 56) (69 63 56) (74 67) (75)
 (76) (65 77) (65 74 61) (49 66 54 62) (80 68 61 56) (73 81 77 79 72) (82)
 (65 81 63) (73 84 76) (75 79 80) (73 86) (81 78 87) (85 88) (84 86 72) (90)
 (89 91 70) (82 91 88) (93 85) (70 94) (94) (93) (97 92) (98) (97) (89 93 70)
 (98 101) (94 102) (73 90) (98 100 104) (105) (106 96) (105 83 101 99 95) (108)
 (106 109) (110 103) (102 110) (106 108 103) (105 83 95) (106 108 103 114)
 (98 100 95 104) (114 116) (115 117 96) (118 112) (119) (120) (121 111)
 (113 115 117 96) (123 109 118) (124) (107 116 109 115) (119) (127)
 (127 124 126) (129 128) (130) (131 120) (122 125 130) (130) (134 111)
 (121 135 125) (132 135) (137 125) (132 135) (139 125) (137 140) (130)
 (122 131 142) (130) (144 120) (145 140) (129 128) (122 147 132 136)
 (138 141 148 133 144) (149) (145 139 148) (121 147 140 144) (146 152 133 136)
 (148 143 152) (154 149) (155 151) (145 147 140) (146 157 154) (157 148 133)
 (153 155 159) (138 159 151 146) (161 160) (137 153 157 154) (155 163 159)
 (138 157) (165 151) (149 166) (161 165 160) (163 168) (169 162) (169 162 156)
 (162 165) (172 150 166) (164 173) (155 165 163) (170 158 175) (162 175 167)
 (177 164) (162 164 150 167 175) (164 150 175) (180 167 168) (177 179 181)
 (180) (169 177 183) (181 179 173 184) (185 156 182 176) (180 173)
 (170 187 158 178) (187 182 183) (188 189 184) (156 189 188) (190 191)
 (186 174 192) (193) (192) (185 171 195) (193 195) (197) (198) (191) (200)
 (185 192 200 176) (186 202) (203 197) (194 171 202) (205 197) (196 206) (200)
 (186 208 202) (195 209 171 174) (201 204 208) (210 211 206) (171 200 190 176)
 (209 205 197 213) (201 196 214) (215 207 199) (204 215) (217 206)
 (218 211 216) (217 211 198 207) (214 199) (204 221) (218 220 222)
 (196 221 206 204) (221) (198 207 214) (210 226) (210 214) (201 196 222 228)
 (227 228 222 216) (212 230 223) (231 224) (230 223) (225 219 230) (234 232)
 (235) (236) (237) (238) (239) (239) (212 230 224) (234 242) (243 236)
 (244 237) (245) (229 246 240) (247) (233 241 247) (249) (246 239)
 (251 229 240) (241 252) (233 245 239) (244 237) (249 252 255) (254 256) (257)
 (257) (259 253) (259) (250 259 253) (260 262) (262) (258 262) (265) (266)
 (241 243 240) (265 268 264) (269 261 263) (270) (269) (261 272) (258 268 264)
 (273 274) (257 268) (276 262) (277 261 264) (278 271) (266 270 278)
 (273 271 280) (281) (273 260 278) (278) (273 284 263) (285 270) (285) (287)
 (271 288) (289 274 267) (290 280 248) (290 279) (291 292) (292 280)
 (282 283 279 290) (295 248) (289 286 248) (297 294) (281 288) (298 299 296))