(NIL NIL NIL (3 2) (3) (4) (6) (7) (8 5) (7) NIL (11 9 10) NIL (13 5) (9 14 10)
 (12 15) (8 14) (1 15 17) (12 17) (1 16 17) (13 7) (17) (9) (23 14) (15 24)
 (11 25 17) (12 1 25 17) (27) (18 28) (19 27 21 22) (30) (30) (32) (33 28)
 (11 21) (18 30 35) (36) (33 20 37) (26 38 31) (36) (40 34) (34 16) (40 42)
 (43 26 31) (44 38) (45) (46) (43) (45 48) (43 29) (43 31) (40 42 26)
 (50 52 37 48) (52 44 38 48) (54) (49 54) (45 54) (57 41) (58 29) (49 59)
 (49 57) (61) (57 41 51 46 50) (61 63) (58 64) (64 56 39) (65 66 59 47) (65 66)
 (68 62) (59 69 55) (68) (71 62 55) (59 71) (53 64) (73 74 70 47) (67 75)
 (74 68) (77) (78) (59 79 71) (64 39) (73 81 60 70) (81 77) (81 53 72)
 (73 84 67 60 77) (82 83 76 85) (85) (70 87) (88) (89 82 80) (90 83 76) (91)
 (79 88) (90 93) (83 76 93) (90 95) (85) (82 84 79) (98 93) (98 88) (100 86)
 (84 69 78 47) (89 75 100 93 102) (103 94 95) (99 104) (105) (97 106 91) (107)
 (105) (97 91 104) (89 93 102) (90 86 102) (91 100 94 112) (113 92 109 110)
 (113 92 111 104) (105 115) (116 109 96) (97 116 101) (115) (116 109 119)
 (114 115) (121) (122) (106 123 116) (124 108 118 120) (124 117 120) (125 126)
 (122 118) (121 108) (129 122) (130 124) (131) (132) (133 126 128) (131)
 (131 117 120) (136 128) (137 125) (136 128) (130 128) (130 119)
 (141 132 136 128) (137 140 126 142) (141 139 140 133) (125 144) (137 145 134)
 (141) (147 133) (148 143 127) (148 135 96) (150 143) (145 134 151) (152)
 (145 151 127) (137 145 147) (146 155 135) (156) (157) (157 127 152)
 (147 118 136) (146 151 160) (161 152) (154 162) (153 163) (163 156) (165 159)
 (162 156) (158 167) (153 154 167) (169 159) (138 170 168) (171) (172) (173)
 (163 174) (164 174) (149 176) (177) (163 173) (177 179 166) (180) (173 149)
 (163 173) (173) (183 184) (169 138 163 158) (186 173) (178 187 181) (188)
 (189) (189 175) (186 171 164) (192 174 184) (185 193 182 176) (193 165)
 (195 191) (172 165 192) (197 175) (193 198 182 176) (178 179 166 199) (200)
 (201) (196 199) (203 200) (193 198 178 179 185 187) (194 188 205) (201 206)
 (202 204 207) (207) (196 207) (210) (209 210) (207) (209 196 213)
 (202 211 212 214) (210 203 214) (190 206) (217 210) (190 198) (219 212)
 (204 220) (218 221) (219) (213 222 223) (211 224 216) (209 219) (225 226 215)
 (226 220) (217 221 228 213) (229 224) (230) (231) (232 216) (233)
 (225 234 215) (231) (227 230 208) (237 232) (238) (228 221 208) (231 240)
 (225 234 241 215) (242) (242) (241 227) (233 245) (241 234 211 236) (246 247)
 (246 247) (249 238) (250 235) (242 251) (252 248) (243 253) (253) (253)
 (255 256) (257 254) (258) (257) (241 211) (244 261 254) (261 254) (244 263)
 (264 256) (257 265) (266 239) (267) (268 260) (266) (270) (271) (262 272)
 (273 259) (270) (263) (276 260 270) (258 269 277) (278) (273 278) (278)
 (258 267 276 271) (276 262) (276 258 268) (275 284 262) (259 285 280) (286)
 (284 269 270) (281 288 280) (282 259 288 275 280) (290 285) (291) (292) (293)
 (291 286) (295) (283 293 295 287) (290 286) (298 283) (299 296))