(NIL NIL NIL NIL (2) (5) (6) (6) (8) (9 1 7) NIL (8 4 7) (6) NIL (14 8 4)
 (13 9 15) (16 12) (12 15) (15) (9 19) (19) (1 3 20 21) (11 18 22) (16 23)
 (13 1 12 3 21) (25 11 22) (25 16 20) (11 27) (11 17 27 18 22) (29) (26 28 30)
 (29) (26 32) (33) (34 24) (34 28) (29) (33 28 37 24) (37 32) (38 39) (34 40)
 (39 31) (42 36) (35 43 10 38) (37 10 23) (41 35 45) (46) (44 46) (47 48) (27)
 (44 50) (50 10 30 38) (51 52) (47 48 50) (49 50) (47 52) (33 10 30 39) (57 31)
 (42 58 46) (48 59) (56 54 59) (53 59) (62) (49 60 63) (64) (64 55) (66)
 (66 54) (63) (54 69) (65 69) (54 60 69) (48 69) (68 65 73) (56 74) (75 61 70)
 (54 64 69 55) (74 61 77) (78 72) (79 70) (62 49 60) (81 70) (78 67 82 72)
 (74 82 72) (84 77) (85 76) (85 76) (80 87) (67 84 79) (87 89) (89) (91)
 (87 89) (89) (92 93) (86 88 95) (86 95) (95) (98 80) (98 80 90 83) (80 95)
 (86 88 101) (98 101) (103 83) (94 104) (100 104) (102 103) (107 94)
 (99 100 101) (86 101) (110) (111 104) (88 95 94 71) (113 99 107)
 (97 106 109 110 114) (114 100 112) (116 108) (105 114 109) (116 118)
 (106 116 118) (115 120) (113 104) (97 122 110) (121 123) (124 117)
 (105 123 108) (116 118 126) (127 119 96) (120 126 96) (129 115)
 (129 115 117 127 119) (106 126 119 96) (130 132) (121 129 132) (115 132 117)
 (135 128) (106 123 119) (137 136 120) (123 111) (139 134) (137 131 140 125)
 (141) (107 90 123) (121 139 132) (125 144 135) (144) (146 127)
 (147 140 133 135) (146) (131 134 135 137 149 143) (150) (148 151)
 (138 152 141) (153) (146 133 125 127) (147 138 150 155 145) (156 154)
 (146 131 124 133) (138 152 158) (140 149 158 135) (160) (161 125 128)
 (147 145 161 151 136) (147 151 160) (156 164) (164 154) (164 161 152 128)
 (162 163 167 157 159) (156 167) (169) (166 170) (165 171) (162 167 155)
 (173 153) (163 174) (172 157 174 159) (172 173 159) (159 173 142 153)
 (176 178) (179) (179) (181 175) (163 181) (183) (184) (184) (168 178)
 (184 187) (187 181) (180 189 175 183) (189) (180 191) (192 183) (193) (194)
 (195 182) (185 195 182) (197) (198) (177 198) (200) (200) (197 190) (196 197)
 (204 186) (205 190) (205 190 198) (204 188 202) (208) (184 193) (185 175 192)
 (196 211) (188 212 199) (205 213) (208 190 211) (200 210 211 199 203)
 (216 209) (187 180) (210 218 209 212) (201 219) (216 218) (208 221 213)
 (217 221) (207 221 219) (224 213) (215 224 213) (220 226) (226) (228) (229)
 (225 228) (220 229 231) (220 228) (220 223 226) (206 207 218 201 217)
 (215 235) (227 235) (225 237) (230 237) (214 239 236 222) (234 240 232) (241)
 (242) (243) (243) (241) (246 233) (239 232 238) (246 248) (249) (250) (250)
 (252) (253 245) (250) (255) (254 256) (257 251 244 247) (252 245 256)
 (259 253) (260 254 233) (259 247) (244 254 262) (261 263) (264) (260 263)
 (252 256) (251 267 254) (258 268) (245 255) (259 270 267 233) (258 271) (272)
 (244 271) (258 274 264) (275) (276) (273 275) (276 278) (278) (277 280) (281)
 (268 279 280) (283) (265 281 284) (281 283) (265 286) (283) (288) (286 288)
 (284 288) (278) (283 292) (293) (282 286 294) (289 290 291 295 266 269 287)
 (283 292) (289 291 292 287) (290 295 298) (299 285))