(NIL (1) (2) (3) (4) (4) (5) (5) (6) (7 9) 
(10) (8 11) (10) (12 13) (11) (13 15) (12) (12 16) (14 18) (14 15 17) 
(16) (18 20 21) (19 22) (18 20) (22) (17 19) (22) (26) (24 28) (16 20) 
(27) (24 25 26 27) (31) (23 29) (31) (31 34) (24 27) (30 33 35) (22 29) (36) 
(23 29 33) (23 25 38) (24) (27 28) (23 38) (25 30) (29 31 46) (39) (23) (39 40 49) 
(24) (48 51) (32 36 42 51) (50) (48) (34 42 43 49 52) (32 36 37 43) (27 28 51) (44 56) (52 53) 
(34 42) (44 50 57) (8 16) (32 56) (37 39 46) (23 37 38 39) (44 45 50 64 65) (41 47 51 62 65) (35 37 49) (46 59 61 69) 
(58 60) (60 70) (41) (41 47 52 62) (73) (44 55 58 60) (60 67 70) (71 74) (40 64 69) (41 45 66 69 76) 
(38 47 52) (80) (82) (77) (53 65 66) (84) (40 83 85) (41 45 59) (47 57 82 86) (72 73 83) 
(43 44 48) (68 69) (84 92) (77 78 82) (74 75 90) (49 81) (78 90) (85 89) (89 93 97) (91 92 98) 
(81 88 98 99) (63 76 79 86 96) (91 99) (44 56 96) (54 66 84) (75 101) (93) (81 107) (63 68 98) (95 109) 
(79 108) (79 94 105) (103) (78 83 109) (97) (78 80 104) (59 73) (44 96) (91 117 118) (66 72 111 117) 
(103 108 110) (74 88 93 105) (83 94 107 117) (95 100 109) (63 85 91) (121) (110) (87 117) (88 93) (79 126) 
(87 94 101 113 125) (105 106 116 117) (118 124) (81 87 103) (85) (79 126) (133) (133) (54 111) (131) 
(54 81 97 107) (104 126 139) (113 115 137) (103 124) (74 75 105) (100 111) (95 103 128 135) (78 107 137) (110 115) (95) 
(75 120 128) (105 116 119) (122 134 135 141) (106 114 122 128) (106) (147) (115 119 148) (119 142) (114 122 144) (131 145) 
(105 110 118 140) (112 142) (95 112 141) (71 82) (130 143) (132 151 160) (124) (83 129) (54 101 108 125) (88 114 126 135 143 148) 
(125 135 165) (78 107) (102 128 129 155 172) (149 154 158 159 163) (110 138 156 160) (169) (105 113 130 133) (97 172) (106 117 172) (162 164) 
(145 156 163 168) (106 111 131 148 165 176) (126 129 141 161) (131 138 144 168) (111 149) (121 148 151) (87 106 119) (132 163 179) (105 186) (146 178 181 183 189) 
(135 166 183 184 189) (44 96) (132 136 182 190) (173 174 179 180) (111) (193) (167 196) (111 114 141 169) (116 157 168 171) (153 196) 
(104 119 138 140 172) (102 133) (144 149) (132 140 174) (123 158 189) (128 146 167 170 198) (114 137 184 188) (114 143 175 179) (85 91) (165 194 201 202) 
(163 189) (156 169 170) (143 159 184 190 209) (115 121 166) (187 193 198) (197) (102 196 201 207) (129 171 201) (163 208) (102 147 162 204) 
(152 197 202) (167 187 217) (112 131 147) (149 169 213 218) (161 219) (73 86 118 164) (190 192) (139 222) (171 219) (178 181 202) 
(200 201 207 213 215) (86 87 117 172) (224) (78 137) (126 152 157 198 209) (201 235) (129 136) (180 206 211 231) (111 172 212) (104 170 226) 
(171 204 211) (154 162 178) (152 157 241) (123 152 192 207) (127 216) (143 164 173 184) (144 180) NIL (157 170 220 248) (152 177 202 224) 
(174 180 206 231) (102 142 144) (150 214 220) (233) (179 196) (106 152) (228 234 254) (153 225 250) (218) (223 240) 
(145 168 194) (120 123 153 207 210) (214 232) (155 212 236 251) (217 230) (259) (142 151 177 208 266) (187 204 254) (159) (112 134) 
(231 239 268) (149 191) (169 225) (127 204 222 224 244) (118 252) (220 264) (238 264) (135 143 149) (102 136 137 178) (199 220 257) 
(129 154 162 232) (217 221 230 243 248) (205 213 245) (212) (115) (238 270) (138 180) (196 244) (197 236 286) (222 275 282) 
(226 234 241) (155 257) (127 208 221 266) (202 235 286) (210 230 258 272) (245) (290) (243 262) (54 195) (195 229) )