(NIL (1) (2) (3) (4) (5) (6) (6) (8) (9) 
(10) (7 11) (12) (12) (13 14) (14) (13 16) (14) (17) (15 19) 
(15 19) (18 21) (20) (17) (22 23 24) (22 24) (25 26) (20 21) (16) (18 23) 
(19 24) (18 28 29) (22 32) (23) (23 28 31) (33) (22 30 31 34) (22) (34 36) (37 39) 
(24 36) (24 30 38) (27 36 37) (31 39) (25 30 39 41) (27 35 36) (37 39) (35 36 42) (9) (38 40 41) 
(35 50) (37 42) (25 35 50 52) (27) (42 46) (48 49) (30) (51 53) (53) (41 54 56) 
(47 57 58) (26 40 47 48) (35 37) (50 54 62) (39 48 55) (53) (58 65) (58 64) (21) (44 68) 
(43 46 68) (56) (51 56) (45 66 68) (41) (25 72) (60 68) (51 56 65) (59 70) (71 72) 
(43 73) (49 66 67) (59 68 81) (46 47) (47 58 69 72 78) (55 61) (57 69 76 82 84) (68 87) (25 32) (62 87) 
(62 65) (68 73 78) (45 49) (63 83) (50 56) (67 77 81) (73 87) (43 66 70 76 89) (55 58 73) (81) 
(60 70 78 90) (70 87 89 91 94) (80 87) (56 66 70) (57) (65 77 94 98) (79 105) (86 93 94 100) (86 107) (59 63 86 101) 
(75 91 104) (62 75) (43 61 77 89) (86 90 94 100 103 107) (98) (81 109) (39 55) (81 97) (77 102 115) (30 35 44 54) 
(74) (69 96) (113) (66 78 108 113 122) (87 92 106 123) (49 70 86) (39 76) (48 105) (25 41) (101 103 106) 
(67 128) (43 68) (65 95 108 127) (86 88 93 122) (102 109 123 124) (107 112 119 122) (136) (110 115 123) (77 94 117 132) (111 120 129 131) 
(7) (108 139) (85 87 106 128 141) (96 102 104 125) (60 87 99 116) (11) (47 56 82) (104 119 122 138) (71 88) (108 110 130 137 141) 
(102 112 117 132) (73 74 107 117) (97 129 138 150) (113) (101 104 136 143) (72 109) (75 92 117 118 135) (108 112 117 156) (121 124 140 155) (98 145 157) 
(104 134 146 157) (48) (97 137 147 154) (103 145 161) (114 141) (119 152 162) (77 158) (58) (96 141 145) (114 119 125 140 149) 
(142 150) (120 130 167) (71 92 132 159) (99 106 137 166) (86 100 101) (144 153) (171) (138 171) (120 135 158) (145 146 155 166) 
(130 145 173) (61 93 115) (101 121) (140 164 165 182) (86 100 101 162) (128 134 167) (69 140) (128 135 137 142) (121 126 150) (164 183 188) 
(80 101 125 161) (71 137 154 156 157) (121 133 134 136) (117 133 149 153 168) (141 187 188) (133 195) (155 177 178 190) (114 118 153 155) (146 165 175 195) (125 136 160) 
(144 174 190) (88 95 145 168) (163 169 194 197 198) (133 137 139 180 182) (92 114 158 187 193 204) (97 110 131 202) (177) (144 200 204) (85 102 115) (119 164) 
(163 184 193) (149 158 198) (113 118 122 206 209) (133 142 170) (79 90 139 141 147 154) (124 180 214) (113 126 131) (203 216) (71 121 125 196) (97 119 125 172) 
(176 203 208) (189 192 212) (220 221) (110) (171 173 176 190 215 219) (92 116 159 209) (144 148 159 204 207) (129 168 189) (121 130 200) (143 153 178 200) 
(135 152 169 212) (167 176 216 226) (221) (186 187 227) (154 170 179 184 199 200) (170 187 223) (108) (217 236) (131 204) (193 212) 
(156 164 198 209) (214) (147 194 220) (173 194 196) (233) (104 116 118 123) (121 134 166) (219 227 238) (114 181 194 234) (212 219) 
(171 189 240) (181 191 195) (148 178 213 225 241) (160 218 249) (212 248) (221 243) (170) (180 251) (144 206 214 230) (160 217 241 249) 
(144 198 257) (197) (126 133 146 206) (165 208) (137 169 184 220 263) (95 105 119) (136 154 161) (201 239 246) (223 257 265) (111 191 192 264) 
(151 265) (185 189 257 270) (119 134 185) (110 151) (174 240 248) (253 264) (171) (151 234 236) (255) (213 277) 
(170 225 256 258) (181 275) (201 262) (163 219 280) (223 229 264 284) (110) (248 257) (281) (227 265) (135 198 234) 
(213 238 256) (111 172) (257) (209 255 256) (75 145 165) (248 252 257 290) (160 261) (259 274 281) (59 96 97 120) (224 247 255 281) )