(NIL (1) (2) (3) (4) (5) (5) (5) (8) (6 9) 
(7 10) (6 9) (7 10 12) (10 12) (13) (11 13) (14 16) (14 16) (17 18) (18) 
(19) (7 9) (19 22) (17) (15) (23 24 25) (20 22) (21 27) (26) (28 29) 
(30) (18) (24 25 32) (31 32) (19 27) (22 33) (34) (29 35 36) (37) (34) 
(38) (41) (28 41) (40) (39) (42) (44) (34 38) (42 47) (43) 
(41 44) (37) (41 47) (30 46) (37 42 44) (47) (48 49) (37 43 46 57) (38 47) (12) 
(45 49 50 55) (53 54) (53) (57) (37 53) (51 53 58) (64) (56 65 67) (45 47 54) (45 67) 
(55 70) (59) (50 54 66) (45 50) (62 70) (30) (48) (47 50 51) (68 71) (31) 
(67 78) (60 78) (82) (55 76 82) (67 72 83) (52 63 65) (74 80 85) (75 79 85) (55 58 63 75 80) (49) 
(62 82) (54 87) (68 90 91) (55 59 76 77 78 90) (46 63 84) (91) (58 84 87) (53 58 67 72 90) (52 54 59 71) (97) 
(93) (97 99) (39 59) (69 76 88 93) (58 65 70 91 92) (60 63 65 98) (54 86) (50 64 80) (56 87) (58 63 101) 
(63 90) (105) (58 59 63 75 96) (102 106) (109 110) (86 114) (77 100 113) (81 95 117) (96 112 115) (66 100 108 112) 
(88 97 98 113) (52 69 83 103 106) (93 108 111 113) (88 94 105 107) (81 108 114) (102 104) (81 87 89) (73 76 89 91 109) (73 124) (93 105 108 114) 
(96 114) (73 103 110 112) (69 89 90 118) (92 117 122 123) (108 117) (117 131) (104 129) (52 104 109) (101 104 117) (88 131 132) 
(69 95 100 124) (61 71 115 127 133) (66 85 98) (76 81 86 106 123) (54 85) (85 93 111) (128) (131 135) (110 111 148) (126 136) 
(126 141) (88 100 122) (26) (130 133 137) (94 133 138 152) (61 89 144 150) (124 146 147) (138 141 152) (138 140 143) (102 103 119) 
(94 105 148) (105 148) (81 87 94 107 123) (156 158) (96 122) (155 164) (69 135) (154) (107 142 161) (157) 
(99 115 145) (137 163) (98 163) (136 159) (96 100 124) (115 129 152) (132 161 173) (104 163 171 176) (114 142 163) (79 118 120 145 167 177) 
(121 144 147 163) (102 139 171) (61 143 144 145 162 165) (148 164) (95 137 156 178) (104 143 169 170) (71 103 127 163) (120 145 158 179) (118 164 171 176) (166 167 172) 
(180) (151 152 177) (118 131 141) (66 146 162 179) (89 104 177) (121 127 151 172 185) (126 136 182) (136 157 175 187) (119 132 182 190) (115 121 143 148) 
(129 175 179) (133 173 200) (164 188) (120 133 183) (184 196 199) (160 172 191) (120 147 159 200) (61 207) (130 133 196 198 206) (203 209) 
(116 119 174 181) (144 162 193 208) (122 195) (210) (166) (207) (187 199 203 208) (186) (129 153 158 212) (141 213) 
(133 219) (139) (175 205 213) (210) (142 199 204 211 216) (155 159 183 210) (126 141) (113 160) (134 188 223) (103 116 218) 
(147) (196 218) (134 141 160 183 194) (137 220) (42 63) (131 134) (77 130 159) (125 211 212 222) (184 226) (168 173 188) 
(140 230) (121 194) (226 229 230 233) (162 190 222 231) (159 228 232) (241) (170 211) (132 157 161 197) (128 135 197) (188 222 223) 
(162 241) (208 237) (130 152) (181 210 241) (201 205 213 226) (142 206 221) (121 160 192 251) (134 254) (116 200 204) (218 236) 
(97 122) (152 233 242) (151 158 218) (169 214 237 255) (209 244) (116 265) (177 240 252) (153 206 215 238) (123 160 174 261) (170 197 226) 
(86 130 165 236) (208 255 259) (116 220 223 240 271) (244 268) (144 251) (151 213) (220 232 243 267 270) (273 277) (202 204 250 262) (170 238 261 264) 
(192 270) (205 209 268) (142) (168 245 254) (104 106 109) (130 164 187 256) (217) (143 273) (122 170 208) (219 225 288) 
(265 280) (228 274) (141 187 202) (235 276) (274) (211) (195 246 259) (202 220 280) (55 123) (175 187 202) )