(NIL (1) (2) (3) (3) (4 5) (6) (7) (4 5) (7) 
(8 10) (11) (9 11) (12) (12 13) (9 14) (14 15) (15 16) (13 14) (17 18) 
(15 19) (20) (18) (23) (20 24) (25) (26) (17) (27) (21 25) 
(18) (28 29) (19 29) (31 32) (28) (22) (30 35) (26 37) (38) (27 28) 
(32 37) (29 36) (26 28) (38) (20) (25 35 45) (34 44 46) (22 29 37) (27) (49) 
(39 42) (32 42 45) (27 28) (36 47) (39 46 52) (55) (33 40 50 56) (57) (31 33 43) (47) 
(18 21) (40 52) (47 58) (22 34 45) (51 54 58 64) (33 39 48 49) (19 29 36 43) (31 45 66) (53) (54) 
(55 70) (44 56 64) (41 55 60 64) (44 46 61) (47 53 57 59 61) (41 50 51 56 74) (40 60 70) (41 53 54 57) (68 70 75) (47) 
(40 71) (68 71 73 77) (41 43 57) (41 55 74) (54 56 66) (42 70) (80 85) (40 50 61) (75 88) (41 50 85) 
(43 53 73 77) (60 62 68 74 80) (41 51 58 87) (44 59 66) (47 83) (63 72 79) (78 89) (62 63 67 73 77 85 94) (65 78 81 82 85) (64 70 85) 
(78 79 90) (31 33 43 44 88) (53 81 87) (95) (62 82 101) (69 76 93 96) (48 51 78 86) (51 72 73 86 100 102 103 104) (73 76 104) (60 86 88 101) 
(105) (89 90 94) (69 72 78 84 91) (108) (58 77 81) (65 98 103) (67 86 99 105) (117) (69 79 83 87) (98) 
(83) (58 86 113) (84 106) (53 100) (86 99) (76 82 92 108 112 121 122) (125) (83 110) (63 108) (60 97 104 124) 
(82 98 121 123) (22 41 45) (74 81 95) (82 91 106 129) (102 131) (80 83 86 94 102) (114 119 135) (122 130 137) (103 136) (41 81 96) 
(110 117 129 132) (91 128 139) (101 102 130 131) (141) (99 108 133 139) (109) (104) (88 116 127) (54 63 121) (67 95 96) 
(53 65 80 147) (138) (82 124) (114 142 148) (65 87 107 120) (118 124) (126 136 140 144 152) (92 147 156) (143 147) (124 128 132) 
(108 109 113 132 158) (110 129 155 158) (43 100 125) (150 151 152) (103 158) (108 115 160) (92 118 142) (90 133 147) (115 129 156 164) (122 149 151 155 156) 
(159 169) (116 135) (130 162 172) (121 145) (100 103 104 113) (101 168) (143 150 175) (116 117 130 135) (137 146 155 166) (111 116 149 160) 
(138 174) (92 144 152 170 174) (109 140) (135 144) (74 97 120 156) (145 169) (120) (146 160 169 187) (98 142) (164 172 179) 
(107 178) (110 113 155 178) (148 162) (109 157 176 182 192) (106 139 155 176) (157 192) (116 157) (91 112 140 193) (111 172 179) (136 162 164) 
(108 123 125 187) (87 107) (140 170 190) (109 131 149 154 195) (121 144 201) (194) (196) (12) (161 199) (107 111 151 189) 
(101 132 135) (146 166 174 193 207) (69 149 168) (118 153) (152 173) (159 193 203 206) (134 142 153 171 180 202 211) (181 199 217) (162 218) (186 191 209) 
(110 122 129 177) (194 214) (115 129 163) (154 211 221) (134 206 220) (134) (185 195 219) (164 189 202) (171 193 225) (149 195) 
(159 181 212 220) (128 149 178) (182) (177 213 216 230) (231) (120 171) (136 221) (180 184) (153 178 204) (157 181 224 228) 
(89 184 189 209) (177 179 182) (165 205 206) (167 234) (225) (204 213 228 245) (159 163 179 196) (175 181 182) (167 177) (153 162 176 179 208) 
(109 113 163 232) (134 165 222) (182 227) (170) (114) (173 246) (194 204 205) (236 248 250) (126 134 143 210 255) (134 209) 
(183 216 224) (125 209 236 259) (231 255) (167 169 261) (218 250) (188 200 207 233 240 246) (207 214 232 248) (143 232) (195 216 236 263) (193 210 253) 
(101 132 146 152) (153 266) (182) (266) (253 266) (188 193 205) (245 253) (138 145 241) (112 242 273) (47) 
(180 191 239) (173 181 234 280) (216 275) (159 162 239) (205 220 237 273 280) (194 247) (217 269) (195 263) (229 253) (193 206 281) 
(191 198) (241) (165 182) (199 216 258) (133 143 158) (191 240 257 276) (266 294) (229 248 276 285) (249 293 298) (233 247 279 292) )