(NIL (1) (2) (3) (4) (5) (6) (7) (5) (8 9) 
(9) (8) (10) (13) (11 12 14) (15) (16) (11 14) (16) (10 12) 
(15 18) (15 18 20) (17 20 21) (17) (24) (19 20 21 25) (25) (19 23) (28) (27 29) 
(26 30) (22 28) (17 21) (27) (30) (27 33) (29) (31 34) (26 30) (38) 
(35) (30 32 33) (40 42) (22 35 37 40) (37 41 43) (12 14) (39) (36) (31) (39 41 43 48) 
(50) (43 49) (50) (29 32) (32 44) (52 54) (36 45 46 47) (50) (41) (44) 
(34 39) (45 46 47) (22 31 39) (30 34) (46 53 55) (51 57) (39 52) (42 61) (45 65) (44 52 54 66) 
(53 70) (36 45 47 63) (48 49) (71) (47 53 67) (51 58) (60 74 75) (59 77) (62 72 75) (57 61 76) 
(65 72 74 75) (45 60) (62 69 70 75 80) (78) (56 64 83 84) (58 59 65 68) (80) (79 80) (59 62 77) (73 88) 
(70) (88) (72 85 87 91) (41 63 73) (59 88) (46 59 64) (84 87) (79) (92 96 97) (82 87) 
(90) (90 93) (88 96) (103) (62 77 96) (87 90 92 98) (70) (86 102) (105) (95 102) 
(59 68 81 83) (55 62 68 71) (90 112) (74 96) (53) (89 102 106 115) (88 93) (89 110 114) (56 104 106 115) (93 99) 
(87) (104 106) (94 116) (97 103 109 111) (106 117) (64 113) (103) (104 108 109) (99 118) (108 116 117 120) 
(26 33) (55 104) (44 75) (126 127) (101 125 130) (95 108 123) (92) (86 103 111) (98 110 112) (86 139) 
(77 98 113) (44 90) (82 116) (110) (79) (87 134) (60 98 126) (56 115 138) (120 126 145) (55 62 71 121) 
(135) (116 121 141) (81 110) (116 126) (107 149) (123) (104 116 120 144) (78 131) (118 119 141 148) (35) 
(102 107 119 126 158) (89 93) (93) (122 127 145 154) (97 104 123) (95) (108) (129 135 139 147 165) (133 142 144) (109 118 157) 
(108 125 144) (107 142 152) (125 127 129 155) (105 123 172) (152 159 164) (68 89 103 110 142 160) (108 114 140 148 157) (103 137 149) (82 90) (101 153 170) 
(118 133 150 155 162) (110 114 131 152) (82 163) (158) (110 141) (103 108 110 154) (137 163 168 180 186) (105 119 151 157 172) (97 108 113 162 166) (121 128 163) 
(126) (78 94 101) (166 187) (128 154 163) (86 181) (124 193) (101 159 190) (82 141 193) (129 153 163 165 171 175 178) (138 198) 
(122 133) (114 117 154 162 167) (105 131 157 183 186) (107 136) (97 100 154) (101 153 165) (153 171 173 174 190 203) (151 159 168 169) (150 164 200) (169 175 205) 
(116 120 132 176) (94 101 111 161 167) (97 126 150) (186) (100 128 134 165 201) (143 151 195) (136) (201 211) (101) (98 166 178 195) 
(122 129 131 138 147) (134 159 184) (147 211) (124 178 221) (81 152 168 194 220) (100 136 154 174 221) (171 219 225) (127 139 157 181 197) (138 174) (95 99 132) 
(143 175 187) (150 199) (133 202 205 209) (218 226) (100 152 187) (174 196 197 215) (86 230) (220 231) (134 155 182 190 196) (130 202) 
(195) (117) (107) (124 156 175 184 194 202 204 234) (118 144 191) (159 177 202 207 213 214 234) (133 139 243) (111 193 204) (197 210) (134 147 194 207) 
(108 155 170) (187 212 241) (251) (134 177 184 190 205 248) (191 234) (100 139 151 204 217) (240) (190 256) (136 140 190 231) (224 235 259) 
(130 136 142 232) (140 142 167 193) (174 190 221 237 240 245) (124 171 181 198 212 249) (194 214 235 264) (145 182 193 215 226) (160 247 248 260) (140 144 182 206 244) (203) (128 182 221 248 251) 
(262) (234) (130 139 159 192 203 242) (225 238 245) (198 246) (228) (247) (121 145 211 243) (160 186 189 277) (151 155 222 235) 
(123 141 142 171 173 269 277) (199 267 268) (227 246) (119 128 234) (204 223 275) (123 150 155 194) (134 228 237 257 268 271) (184 209 260) (151 176 271) (161 180 224 273) 
(197 258 286 288) (186 213 226) (111 143 257 258) (239 241 262 282) (82 220) (134 216 249) (272 290) (228 231) (179 182) (264 291) )