(NIL (1) (2) (3) (4) (5) (6) (7) (7) (8) 
(9) (8 11) (10 12) (13) (13) (14) (16) (14) (17) (9 10) 
(11 20) (17) (15 18 21) (18 21) (22) (16 23) (17 23) (25) (25 27) (24 25 26 27) 
(19 24 26 28) (19 20 28) (28) (21) (29 31 33) (29 31) (19 29 33) (27 31 32 33) (29) (19 30) 
(17) (23 33) (35) (23 41) (8 11) (37 38) (29 30 31) (26) (44 46 47) (35) 
(35 36 41) (42 43) (36 47 48) (40 46 48 52) (39 40 43 44) (36 48 50 55) (38 45 52 53 56) (48) (37 57) (24 25 44 48) 
(42 56) (50 55) (45 61 62) (32 40 44 52) (45 47) (49 56) (51) (29 60) (54 57 65 66) (59 63) 
(30 52) (32 34 47) (60 61 69) (51 69) (54 68) (37 53 62 68 72) (42 46 51 53 56) (59 66) (18) (71 75) 
(13) (69) (58 70 71 76) (54 59) (80) (75 77 83) (67 83) (59 62 80) (57 81) (69) 
(73 77) (73 81 83) (57 65) (64 67 77) (60) (82) (80 83 91) (91 94) (74 92) (88 96) 
(78) (58 72 73) (81 98) (93) (85 87 91 93 101) (54 65 76 101) (82 99 101) (79 98 100) (70 103) (84 105) 
(100 102 105) (67 106) (79 92 96 103) (48 52) (90 107) (73 78) (95 111 113) (86) (72 77 90) (78 109) 
(76) (79 86 106) (80 96 114) (84 104) (93 122) (93 113 119 122) (94 106) (92 95 103) (73 90) (111 113) 
(85 88 114) (87 89 99) (53 66 67) (86 127 133) (86 103 108 110) (51 106) (61) (114 115 125) (100 120) (27) 
(93) (89 121 137) (79) (87 123 125) (126) (116 142 143) (90 93 116 132) (113 131 144 146) (112 114) (34 48) 
(103 121) (128 132 148) (111) (73) (111 152) (148) (147) (108 116 118) (90 93 97 143) (107 110 112 136 155 158) 
(85 122 137) (115 117 134 156 160) (79 82 141 149) (126 144) (89 111 115 127) (162) (66 67 76 150) (89 123 154) (80 82 87 121 149) (159) 
(123 125 130 135) (135 157 161 166) (126) (143 171) (84 148 158) (135 157) (115 137 139 144 174) (138 139 153 165 174) (106 159 167) (116 127 131 136) 
(81 91 104 127 144) (132 151) (29 30 95) (126 138 141) (61) (177 178) (120 160 168) (82 89 103 159 167) (80 122 124) (176) 
(111 150) (98 136) (163 177) (165 167) (128 184) (151 188) (176) (124 182) (108 139 146) (88 146 195) 
(102 175) (118 134 154 171 199) (172 181 183 187) (91 185) (97 181 187) (100 127 156 163) (180 205) (96 122) (95 132 139) (158 194 196 197) 
(141 179 190 208) (211) (171 189 211) (173 191 195 197 202 207) (98) (153 157) (141 173) (126 140 171 207) (126 127 131 216) (86 117 159) 
(174 184 187) (109 134 156 171 195) (130 151 155 169 219) (162 192 217 218) (142 178 198 209 216) (172 201 214) (73 90 134) (179 186 206 224) (115) (182 217 227) 
(205 208) (231) (174 201 224) (163 172 191 212) (164 166 199) (118 174) (201 207 229) (79 104 115) (153 203 210) (225 228) 
(139 158 159 190 192 222) (169 211 231 237) (142 186 191) (161 210 211 215) (163 174 182 185 212 241) (204 223) (176 195 203 209) (187 206) (223 224 229) (186 218) 
(172 198 242) (130 155 158 195 208 238) (228) (84 106 220) (154 166) (242) (231 234) (170 251) (231) (237) 
(117 175 229 232) (172 228) (155 164 168 179 238) (195 198 250) (156 246) (221 227 239 240) (106 141 146) (251 267) (64 157) (188 214 250) 
(163 214) (172 186 207) (204 207 210) (163) (138 224 261) (149 201 216 254 270) (175 209 220 250 265) (271) (124 166 184 212 216) (167 190 191 247 252 277) 
(167 277) (166 177 220 232 236) (193) (250 279) (240 254) (264) (110 164 246) (196 252 264) (198 204 237 269) (177 223 257 258) 
(191 242) (164 212 213 238 243) (240 288) (233 245) (258 284 285) (238 271) (149 178 199 200) (154 173 225 236) (130 165) (251 269 286) )