(NIL (1) (2) (3) (4) (5) (6) (7) (8) (8) 
(9 10) (9 10) (12) (12) (14) (12) (13) (14 16) (15 16 17) (17 18) 
(17) (19 21) (11 15) (21) (20 22 24) (11 25) (11 22) (18 23 27) (19 24) (22 23) 
(20 24 28 30) (11 19 20 24) (29 30) (31 32) (26 34) (24 27 30) (20 24 28) (26 36) (27 29) (31 36 39) 
(26 31 36) (33 35 39) (32 36) (38 42) (32 41) (30) (38 42) (31 37) (28 32) (47) 
(32 39) (26 31 33 39 43) (41 46 47) (7) (44 47) (49 53) (15 20) (36 48) (40 53) (40 41 43) 
(47 48 60) (41 51 55) (40 62) (49 61) (50 51 54 59 60) (35 54) (45 55 58 64) (44 61) (52 56 63) (52 55 56) 
(49 66 68) (63) (55 64) (54 67) (29 41) (37 40 44 45 66) (29 30 32) (57 76) (45) (50 76 79) 
(59 69 71 78) (54 73) (48 49 57 63 80) (50 68 75 78) (64 71) (64) (72 83) (67 68 70) (51) (65 69 71 82) 
(45 90) (65 69 84) (89 92) (61 87) (64 65) (56 72) (77 87) (71 84 97) (56 61 83) (54 68 72) 
(67 77 87 99) (75 86 101) (56 87) (64 98) (46 68 74 77) (67 69 73 95) (58 64) (68 70 76) (42) (104) 
(56 89 104) (81 103) (44 75 95) (112 113) (91 97 100) (110) (89 114) (50 85 100 107) (56 105 110) (73 74 81 99) 
(104 106) (110) (86 116) (64 92) (96 102) (77 99 100) (94 98) (86 88 115) (75 100) (49 53) 
(93) (125 131) (74 103) (92 119 128 130) (85 94 96 102 109 114) (64 93) (51 80 107) (102 117 118) (103 105 107 115) (120 139) 
(132) (114) (69 119) (119 135 138) (123) (118 120 124 137) (101 106) (100 107 121 141 145 147) (138 148) (133 144) 
(88 110 138) (85 107 124 133) (103 120 134) (96 106 138) (95 131 136) (37 63) (101 112) (111 112 128 132) (140 141 150) (98 135 147) 
(127 128) (123 138 160) (85 86 130 137 143 155) (87 106) (112 119 155) (92 109 110 161) (116 135) (145 150 157 166) (77 82 95 118) (153 169) 
(89 170) (90 107) (119 135 154) (82 94 122 136 141) (109 151 153 161 174) (109 139 148 154) (174) (74 91 151 172) (93) (132 140 143 145) 
(149 168 175) (55 65 107 109) (173) (122 141 161 172) (163) (117 125 156) (111 172 173 179) (159 170 184) (112 120 122 137 152) (92 140) 
(88 117 127 152 174) (125 138 163 179) (188) (132 162) (58 70 97) (178 194) (102 108 153 166) (93 156 167) (103 141 161) (120 149 166) 
(103 124 134 174) (157 193 196) (159) (150 184 197) (142 166 201) (190 195) (181) (108 142 203) (174 200) (154 180 193 209) 
(147 183 193 195) (96 101) (158 199 203) (188 194) (158 183 194 204) (160 164 168 182 191 204 213) (154) (93 97) (146 150 171 172) (133 143 156 172 197) 
(171 199 203) (152 197 217) (145 221) (88 137 157) (178 222) (94 111) (200 204 206 222) (209 224) (88 92 95 102 123) (133 138) 
(126 147 190) (142 180 198) (214) (124 141) (126 149 178 182 193 203) (142 152 158 197 209 223) (134 209) (120 129) (111 149 173 195 218) (181 183) 
(204) (186 187 200) (166 177 203) (74 93 109) (154 167 172 213) (126 149 183 219 241) (139) (90 148) (126 167 215) (152 165 208 218) 
(176 185 195 207 228) (111 198 240) (160 230) (81 139) (251) (129 204 223 255) (185 202) (111 200 202 204) (49) (163 196 231 232) 
(257) (84 112) (108 200 235) (142) (177 258) (246 247) (207 231 248) (167 196 231 237) (191 237 250 254) (220 235 239 254) 
(186 193 259) (82 146 217 234) (155 196 233 248) (267 268) (156 241 261) (173 235 262 272) (108 114 148) (134 272) (124 167) (270 273) 
(145 234 261) (164 211 238 276) (91 121 151 230) (154 155 268) (143 202 253 277) (149) (125 206) (166 257) (140 228 230) (202 263) 
(145 208) (228) (176 211 212 264 285) (258) (164 196 201 217 224 236 243 254) (227 248 261 292) (146 270 291) (143 156 175 262 291) (128) (121 186 243) )