(NIL (1) (2) (3) (4) (5) (5) (6) (6 7) (7 8) 
(7) (9 10) (11 12) (13) (14) (15) (16) (16) (17) (18 19) 
(20) (21) (20) (23) (17) (20) (17) (24) (22 25 28) (21) 
(29 30) (29) (26 31) (32 33) (22 30) (27 31) (34) (36 37) (27 37) (21) 
(27 32 33) (38) (32 36 40) (26 36 40) (38) (38) (41) (41) (39 40 47) (27 34) 
(39 42 48 50) (33 40) (46 51) (35 38 40) (43 53) (35 55) (45 56) (38 41) (52 56) (44 51) 
(47 57) (59) (44 47 55) (63) (54 61) (61) (35 42 45 47) (31) (42 43 58) (61 63) 
(49 64 65 67) (54) (60 66 69 71) (44 57 67 68) (49 67) (46 72) (50 69) (45 46 48 68) (62 66 75) (60 70) 
(54 66) (52 65) (64 80) (75 81 83) (75 78) (69) (48 52 67 69) (74 75) (88) (62 85) 
(84) (49 69 74 78) (64) (59 74) (76 93) (76 80 82 94) (90) (51 75) (73 94) (62 83) 
(73 83) (44 57 90) (91 96 102) (73 77 86 103) (60 70 92 94) (93 94) (94 95) (66 106) (79 104) (91 98 99) 
(79 104) (100 101) (72 86 93 110) (69 79 91 94) (55 77) (44 79) (101) (99 111) (104 108) (65 84 88 98 116) 
(82 110 120) (103 113 114) (69 78 120) (90 92 107 114) (69 80 85 93) (76 93 117 123) (101) (102 105 108) (58 72 120) (113 124) 
(119) (122 128) (115 132) (81 127) (113 114) (66 96) (65 69 75) (103 126) (89 123 135) (121 127 131) 
(89 130) (92 131) (89 124 137 142) (121 125 133) (94) (97 100 117 139 145) (105 137 139) (58 71 88 106) (112 132) (127 129 139 143) 
(78 117 121 137) (139) (138 143) (98 142) (95 134) (110 124 134) (87 150) (68 76 86) (97 156) (135 153) 
(106 146) (105 115 122) (128) (97 144 147 152) (143) (161 162) (127 149) (119) (79 89 97 107 127) (139) 
(104 148 161) (129 144) (87 89 137 172) (136 142 170) (120 142 145 149) (107 122 158) (126 147 170) (106 112 137 146 155) (149) (134 143) 
(122 125) (144 167 171) (115 122 127 160) (148 154 155 179) (103 128 135) (164 182 184) (167) (138 165 174) (106 127 130 138) (118 134) 
(115 119 134) (164 175 184) (192) (180) (89 140 184) (152 182) (137 141 149) (87 108 138 139 156 190) (143 166 182) (130 172 193) 
(100 105 122 134 154) (133 139 189) (173) (141 171 189) (174 176 186 197 200 204) (154 185 199) (168 170 190 196) (143 163 172 179 181) (197 200) (134 176 181) 
(193 196) (138 161 162 165 167 203) (150 166 175) (79 110) (112 162 189 191 214) (159 175 184) (121 126 179) (111 204) (111 154 160 170 199) (175) 
(158 178 211) (186 207) (105 140 159) (154 155 171 198) (165 180 222) (174 201 221 223) (135 187 201) (159 193 196) (117 124 131 147 173 179) (132 135) 
(156 176 209) (169 202 222 229) (188 209) (160 172 185) (154 194) (125 198 220) (107 128 162) (87 207 213) (157 181 199) (122 154 155 214) 
(140 158 160 198 199 201 209) (177 205 229) (163 165 240) (199 214) (157) (159 206 231) (193) (230 241) (157 170 212 247) (115 129 168 195 230) 
(130 181 236) (140 162 209 211 216 232) (218) (97 152 185 195) (171) (49 94 158) (211 230 231 232) (201 249) (218) (163 216 238) 
(157 173 228 256) (177 240 248) (140 174 194 217) (156 213) (188 190 194 226 229) (195 261) (184 259) (128 169 177) (163 225) (111 210) 
(177 215 241) (109 169 215 231 237 241) (51) (131 148 149 151 159 172) (218) (253 261) (100 111 139) (170 223 266) (118 177 244) (148 194 212) 
(143 178 189 195 201 251) (258) (241 275) (186 251 265 270) (261) (191 226 257) (193 204 237) (195 226 235 242 247 283) (157 160 237) (163 270) 
(150 196) (205 251 258) (118 188 200 216) (210 263) (77 97) (189 226 294) (206 217 226 233 257 258) (115 147) (239 276) (153 254 282) )