(NIL (1) (2) (3) (4) (5) (5) (6) (7 8) (9) 
(9) (9) (10 11) (10) (10 12) (11 12) (13) (15) (11) (12 13) 
(20) (18 20) (15 16 20) (14 21 22) (14 16 17 19 21) (22) (17 18) (14 26) (28) (20) 
(17 24) (19 26 27 31) (28) (30 33) (16 32 34) (32) (35 36) (25 37) (38) (24 28) 
(29 38) (25 34 36) (39 40) (29 30 36) (39 41) (36) (45) (3) (23 25 40) (45) 
(45) (47) (32 33) (40 50) (42 50) (47 48 49) (40 46 48 50 53) (55) (49 57) (47 51) 
(59) (40 46 48 52) (59) (23 50) (43 47 63) (42 44 54 62 65) (62) (56) (58 66 67) (44 63 68) 
(63) (55 70) (43 53 54 64) (34 49) (60 66) (58 67 68) (58 59 74) (38 74) (42 61 65) (60) 
(67 72) (66) (47 54 59 74) (69 70) (43 51) (81 84) (60 76) (75 79) (76) (68 88) 
(52 72) (78 79 87) (51 66 72) (77 79 82) (59 89) (71 88 92) (58 81) (78 82 90 97) (84) (89 93) 
(75 83 93) (100) (60 69 77) (23 55) (60 79 85 97 102) (69 74 87) (25 29) (96 103) (77 87 102) (80 93 108) 
(61 76 107) (103) (80 96 98 109) (56 71) (75 77 91 99) (82 110) (85) (103 104 111 113 114 115) (98) (73 83 118) 
(120) (109 115) (51 61 72 89) (122) (113) (95 110) (32) (105 118 125 127) (84 85 91 100) (86 118) 
(117 119 126) (71 102 129) (71 105) (94 114) (106 122 128 133) (83 107 113 117 123 133) (101 112 135) (82 129) (72 77 80 87 89) (86 132 134) 
(43 55 114) (107 125) (54 70 80) (91 99 102 127) (80 119) (103 111 141) (86 94 97 101) (106 116 136 138) (84) (128) 
(82 83 141) (130) (73 80 92 94 103 111 132) (136) (101 116 117 143) (120 123 135) (113 117 138) (86 93) (97 110) (56 60 63 64) 
(150) (113 151 158) (94 152) (110) (121 124 155) (54 64 72) (61 83) (94 135 143 145) (135 165) (146 154 157) 
(64 142 168) (73 138) (125 141) (71 73 86 105 144) (140 155) (137 139 148) (89 141) (122 136 144 155) (115 140 166 170) (101 134 157) 
(139 151 153 173) (64 81 129) (128) (101 108) (24) (136 159 163 168) (116 135 136 149) (118 160 174) (73 145 155) (101 119 120 132 139 183) 
(155 158 161) (95 178) (94 192) (73 90 122 129) (140 160 180 185 190 193) (137 142 158) (160 179 181 182 183) (110 174 196) (82 95) (123 155 161) 
(176 187 196) (121 126 135 182) (120 151 154 186) (77 119) (130 178) (174) (151 160 198) (87 111 204) (162 191) (118 170) 
(160 162 186) (98 164) (124 135 158 159 189) (131 146 154 167 177 198) (174 177 201) (89 99 107 185) (109 110 149) (131 162 166 169) (178 203 218) (131 153 173 186) 
(173 207 214) (83 114 157) (163 213) (142 161) (112 157 177) (137 149 193 219) (122 149 181) (77 80 92) (178) (160 210) 
(139 148 163 189 210) (113 131 153 204) (165 166 170 175 209) (171 233) (91 125 199) (156 197) (148 165 206 213 221) (144 202 211) (101 183 227) (111 131) 
(226 235) (235) (146) (234) (176) (175 180 230 238) (137 218) (153 170 178 204 237) (151 154 216) (171) 
(119 124 176 206) (193 238) (126 182 195 201 242) (152 227 243) (233) (83 138 164 240) (153 185 189 203) (237) (235 237) (211 226 229 237) 
(168 259) (187 195 203) (160 233) (161 212 230) (124 149 210) (94 104 114 159) (145 182 218) (153 171 202) (135 233 264) (169 220) 
(109 160) (221 241) (139 167 211 226 257) (180 240 252) (147) (137 167 179) (136 169) (96 182) (108 160) (155 221 225 271) 
(130 171 190 261) (152 201 225 258) (195 263) (118 138) (257) (148 167 246) (226 234 237 242 256) (128) (188 241 256 283) (188 251 273 284 287) 
(176 233 257 272 288) (164 188 220 261) (169 197) (146 153 175 203) (195 285) (222 275) (130 234 265) (223 255 292) (150 213 267) (178 210 278 298) )