(NIL (1) (2) (3) (3) (4 5) (4 5) (6) (7) (9) 
(6) (9 11) (12) (8) (10 11 14) (15) (15) (13) (12 15) (16) 
(16 18) (16) (21) (21 22) (24) (17 19 24) (20 26) (25) (20 23) (13 17) 
(27) (21 30) (26 32) (20) (22) (26 28) (27 32) (25 29 37) (33 35) (16) 
(22 30) (29 37 40) (17 23) (20 23 39 41) (29) (27 32) (23 46) (29 31) (16) (23 31 46) 
(35 47) (42 44 45) (36 52) (31 53) (27 40) (38 48) (20 30) (35 47 49) (48 55) (32 35 36) 
(34 54) (46 61) (26) (15) (34 38 51 55 58) (48 49) (48 58) (39 43 58) (46) (25 50 59) 
(42 51 67 69) (49 50 51 55) (33 43 51 60) (23 60) (35 36 42 47 69) (43 50 54 66) (26) (23 26 28) (42 43 45 50 74 77) (43 54 57 64 67) 
(60 65) (43 65 74) (56 73 74 76) (61) (52 59) (72 82 84) (35 45 50 69) (47 52) (43 58 59 72) (52 87) 
(62 88) (58 83) (53 70 77) (72 78 82 91) (80) (76 79 85) (76 77 78 88) (81 87 92) (44) (87) 
(79 86 100) (64 70) (85 86 98) (60) (56 57 77 94 100) (88 90) (42 102) (80) (105) (56 73 97) 
(109) (91 92) (103 112) (77 95 113) (50 61 74 75 108) (81 89 101 106) (71 112 115) NIL (115) (52 118) 
(76 101 107) (98) (63 93 102 116) NIL (105) (67 98) (70 94) (95 113) (89 93 107) (55 97 117) 
(86 119 127) (57 81 107 127) (83 119 132) (64 75 111 120 122) (97) (81 91 96 99) (86) (67) (99 128) (100 132) 
(127 130) (56 119) (119 140) (63 90 127) (85 127) (128 133) (141) (57 79 103) (79 145) (95 96 112 129) )