(NIL (1) (2) (3) (4) (4) (6) (5 6) (4) (8) 
(9 10) (5 7) (7 11) (7 8) (6 9) (9 14) (11) (9 14) (18) (13 19) 
(10 12 19) (19) (21) (17 23) (16) (13 21) (15 24 26) (24) (13 28) (27) 
(27) (25 28) (23 26) (15 24 33) (30 33) (20 31) (30) (20 31 35) (20 35) (38) 
(34 38) (36 37 40 41) (32) (36) (20 29 32 34) (25 27) (32 37) (36 46) (36 45) (36 39) 
(25 41) (26) (21 25) (35 43 47) (53) (39 44 45) (41 47 49 52) (39 45 51) (31 35) (38) 
(29 31 33) (40 58) (54 56) (34 40 44 47) (39 42 44 55) (12 13 15) (51 54 55) (22 46 62 67) (63 68) (13 17) 
(22 37 41 52 70) (60 67) (49 68) (60) (36 62 66) (22 52 53 64) (32 37) (22 39) (52 64) (34 39) 
(47 55 71) (62) (52 64 74) (61 72 76 82) (73) (63 85) (57 65 76) (73) (69) (40 44 53 78) 
(66 86) (65 75 86) (48 49 54) (92) (69) (60 89 95) (16 20 29 31 34) (50 88 91 92) (82) (58 63 93) 
(22 29 38 48) (52 73 89) (42 70 100) (57 73 81 83) (69 92) (65 95 100 101) (61 81 96) (68) (85 93) (71 93 98) 
(65 68) (80 81 83 105) (94 102 104) (113) (72 113) (59 80 84 97 98 113) (89 91 95 111) (115) (78 94 109) (42 78 101 104) 
(57 83 84 93) (61 91 93 105 113) (76 101 122) (60 78 80) (100 111) (56 111) (62) (103 117) (122) (84 92 104 124) 
(80 82 90) (107 123) (99 102) (82 122) (110 129) (69 119) (93 124) (29 55 83 90) (103 110) (128 135) 
(60 80 81 106) (66 78 141) (133 134) (79 123) (69 88 130) (102 136) (72 78 129) (79 106) (48 50 85 88) (96 123) )