(NIL (1) (2) (3) (4) (5) (5) (6 7) (6) (9) 
(10) (10) (8 9) (11) (8 14) (12) (11 16) (13 14 17) (18) (15 19) 
(20) (19) (20) (12 13) (20) (21 22) (20) (21) (24 25) (13 15 17) 
(19) (21 25 30) (22 24 28) (19) (23) (26 29 30 31) (23 33) (27 36) (32 34) (23 30 33) 
(29 35) (22 32) (26 28 31) (29 31 32 37 40) (23 42) (34 40) (38 39) (44) (44) (28 29) 
(36 42 46 50) (43 47) (23 39 42 43) (32) (40 45) (46 50 55) (27 30) (46) (23 32) (47 58) 
(44 45 52) (35 40) (30 50) (44 60) (27 42) (31 62) (48 59 61) (39 41 51) (45 48 50 66) (49 64) 
(61) (63 71) (60 71) (54 70) (43) (51 58 71) (69 74) (56 63 67) (26 40) (26 56 65) 
(59 66 72 79) (61 77 79) (60) (74) (54) (43 54 68) (43) (53 77) (41 73 76 88) (49 63) 
(58) (76) (67 81) (22 29) (29 42 62) (57 63 92) (55 64) (34 36 37 59 62 63 65 85) (48 68 90) (28 39) 
(34 87) (38 80) (29 57 62 87) (62 80 84 96) (55 98) (79 85) (72) (51 77 83) (48 84) (25 26) 
(37 63 68 95) (82 86 89 111) (68 91 102) (45 51 58 106) (65 107) (26) (64 101 115) (59 77 80) (67 69 104 105) (104 105 116) 
(45 75 83) (111) (41 87) (27 49 66) (97 99 120) (61 88 122) (84 100 116 121) (48 56) (52 91 103 118 122) (65 73 101 121) 
(91 99 112 117 119) (41 67 84 105 106) (76 90 98) (86) (73 116 128) (68 118 127 135) (80 123) (119) (55 77) (98 139) 
(108 116 133) (59 111 137) (32 33 34) (56 94 95 108 114 140) (94 125) (71 97 144) (51 81 88 106 116) (132 138) (78 94 129) (91) )