(NIL (1) (2) (3) (4) (5) (6) (6) (7 8) (8) 
(9 10) (11) (12) (13) (13) (15) (6) (16) (16) (14 17 19) 
(19) (14 16) (20) (18 22 23) (23) (18 21) (22 26) (24) (20) (22 25 29) 
(25) (6) (28 30) (10) (25) (26 30 32) (28 29 31) (25 26 28) (33) (31 35 38) 
(31) (32 37 39) (34 38 39) (34 35 36) (33 44) (21 23) (23) (33) (37) (35 42) 
(31 35) (44) (27 38 50 51 52) (53) (54) (8) (45 47) (24) (36 38 41 50 56) (58 59) 
(47 55) (42) (42 45 48) (27 43 51 60) (45) (40 64) (57 59 62) (38 46 52 58) (64) (67) 
(27 43 44 48 56) (49 59) (32) (34 35 39) (49 66 70 74) (69) (41 47 55) (46 76) (27 45 68) (55 58) 
(51 67) (37) (74 80) (62 77 79) (74 80) (72 81) (67) (43 55) (70 72) (75 86) 
(82 88) (48 88) (64 67 74 79) (55 69) (93) (55 72 75) (46 53 67) (45 76) (87 90 92 97) (75 97) 
(79 89) (68 83 92 100) (67 88) (66 70 81) (59) (100) (69) (78 105) (55) (41 83) 
(92 100) (51 71) (97) (41 45 55 74 82) (86 106 112) (105) (78 79 81 89 96 107) (71 117) (67 84 88) (57 72 83 91) 
(77 86 94) (82 102) (71 92) (64 91 101) (55 65 78 93) (33 49 82) (73 80 98 103 124) (53 72 98) (61 77 92 113 116 124 128) (69 87 106) 
(63 76 87 105) (90 109 112 120) (117) (129) (71 119 124) (63 77 93 114) (119 120) (107 122) (90 102 120) (90 104 107) 
(85 103 108 123) (86 102) (71 93) (54 86) (91 118) (88 101 113) (105 140) (122 144) (130 131) (46 116) )