(NIL (1) (2) (1) (3) (5) (4 6) (2 4) (7 8) (2) 
(6) (9) (4 6 10) (9) (10 12 14) (15) (4 11) (11 16) (15 17) (16) 
(19) (2) (10 11 12) (7) (8 10 17 24) (18 19 20) (20) (13 15 23) (13 27) (26 28 29) 
(18 19) (21 24 26) (30) (4 6) (19) (7) (26 28 35) (22 25 37) (37) (24 27 39) 
(9 17 22) (30) (38) (39 43) (25 36) (27 31 32) (12) (25 40) (34 45) (30) 
(32 33 41 44) (25 40) (30 32 43 47) (49 53) (51) (45 46 51 52) (42 44 46 52) (32 36) (55 56) (32 37 49) 
(42 46 47 52) (31 42 54) (50 59) (30 48) (54 56 57) (22 36 40 50) (39 60) (63) (58) (46 47 52 64) 
(56 67) (48 63) (56) (22 40 47 50) (47 63 64) (52 58 74) (34 63 64 69) (61 65 66 75) (71) (57 58) 
(47 58 64) (67 70) (54 68 73 79) (21 39) (61 65 73) (24) (38 74) (78 85) (65) (72 73 76 79 80 84) 
(65 67) (71 78 89) (49) (48 56 62) (44 53) (61 69 87 90 94) (56 81) (27 41) (65 66 96) (81 86) 
(90) (72 78) (71 72) (78 83 87 94) (70 75 95 100) (54 58 79) (21 74) (107) (56) (26 27) 
(78) (67 97) (75 80) (83 87 92) (57 61 86) (91 99) (73 75) (23 41 69) (68 78 100) (100 114 116) 
(33 48 118) (73 74 78 103 110 121) (82 88 103) (117 119) (107 122) (68 76) (64 83 95 121) (89 98 103) (70 76 81 92) (53 71) 
(101 114 126) (122 128) (71 82) (85 104 118) (92 101 126) (112 115) (104 116) (74 78 98) (69 83 86 130) (63) 
(42 43 84) (128) (78 126 136) (42) (113 116) (97 114) (85 130) (120) (66 83) (91 123 131) )