(NIL (1) (2) (3) (4) (5) (6) (7) (6) (5) 
(8 10) (11) (12) (7) (8) (13 15) (14 16) (17) (18) (9 19) 
(19) (11) (6 10) (20) (14) (20) (1) (21 27) (23 26) (29) 
(20 21) (18) (22 30) (22 29) (24 32 33) (20 28 32) (31 32) (35 37) (22 26 37) (33 39) 
(34) (25 28) (23 24 42) (30 31) (24) (35) (39 42) (30) (35 41 47) (44 45 46 49) 
(36 45) (33 43) (38 50) (44 49) (38 43 44 51) (35 48) (46) (49 55) (49) (31) 
(47) (54) (57) (26) (34) (53) (54) (58) (62) (63 68) 
(42) (62) (38 57 59) (67) (38 40 47) (43 48 61) (51 63) (40 66) (27 44 56) (68) 
(36 48 72) (39 52 55) (62 64 65 66 73) (40 55 63) (59 61 70) (53 56 67 69 73) (69 73) (40 58 65) (58 67 79) (59 80) 
(85) (17) (69 89) (52 56 66) (39 41) (56 72 73 92) (84) (71 81 90) (50 87) (65 68 73) 
(62 63) (97) (63 66 99) (50 69 79 80) (64 100 103) (64 103) (102) (40 60 79 91 94 98) (86 102 105) (105) 
(40 56 70) (74 77 84 101) (48 70) (74 83 93) (67 71 99 104) (86) (55 61 101) (71 104 109) (114) (76) 
(71 109) (48 60 75 82 100 101) (48 87 92) (79 91 102 117) (72) (60 71 92 95 120) (75 92 125) (68 75 119) (50 62 97) (84 119 120 122) 
(87 89 98 125) (56 102) (110) (82 91 101 109 119) (95 133) (133) (71 114) (110 131) (74 81 100) (61 75 84 110) 
(107 130 137) (85 106 141) (72 112 121) (104) (109) (79 102 112 122) (76 92 110) (122) (104 124 146) (98 109 113 120 122) )