(NIL (1) (2) (3) (4) (5) (6) (7) (8) (9) 
(10) (10) (9) (9) (11 12 13) (12) (10 14) (12 17) (15 16) (14 15 16) 
(13 18) (16 18) (11) (17 19) (13 16) (13) (20 25) (15 25) (21) (11 17 25) 
(24 27) (29 30) (32) (26) (12 23) (23 24 25 26) (22 34 35) (20 32 34) (26 33) (18 23 26 31) 
(23 38) (20 37) (27 33 37 38) (28 38 39) (22 33) (41 44) (23 39) (43) (14 16) (41 42) 
(39 43 49) (43) (35 45) (24 41 44 51) (10) (27 32 36 55) (11 13) (41 53) (42 54 57) (23 39 49 57) 
(36 40 45 54 60) (19 41) (19 41 60) (47 55 59 61) (27 62) (44 48) (50 64 66) (45 56 59 65 66) (65) (59) 
(50 63) (59) (19 44 50) (67 68) (19 37 58) (49 66) (76) (65 71) (46) (20) 
(20 24 34) (67 79) (40 47 71 72 75 80) (47 54 81) (53 63 65 73) (43 46 50 57) (56 69 83) (66 73) (51 75 77) (49 79) 
(15 60) (53 67) (19 55) (85) (31 49 79) (89 90) (78 87) (70 88 97) (19 51 53 55) (98) 
(82 98) (43 44 69) (55 77) (72 78) (58) (56 85) (81 83) (50 68) (74 87 91 95) (78 88) 
(64 76 100 107) (40 56 110) (101) (95 108) (74 81) (63) (68 100 113) (61 76 104) (113) (79 87 99 104 115) 
(64 100) (85 92 110 119) (94 122) NIL (60 73 90) (79) (108) (51) (52 76 117) (48 70) 
(64 86) (54 91 102) (53 61) (54) (36 45 47 132) (52 119) (58 64 86) (52 66) (109 134) (75) 
(59 71 96 125) (70 86 103 105) (113 120 131) (61 75) (98 115) (83 118 137 142) (101 103 131) (70 107 138) (101 131) (127 137) )