(NIL (1) (2) (3) (4) (5) (5) (6) (5) (7 8) 
(7) (11) (10 12) (6 9) (10 12) (12 14) (9 13) (13 15) (8 9) (14 18) 
(16 20) (20) (20) (15 19) (21) (17 22 25) (24 26) (16 24) (21 22) (22 24) 
(30) (23) (30) (26 31) (19 26) (17 23) (31) (37) (25 28 33) (34 36 38) 
(27 40) (29 34 38) (26 29 37 39) (41 43) (44) (23 37) (17 38) (29 33) (32 44) (39 47) 
(40) (32 33 42) (44) (32 36 39 46) (28 52) (51 52) (17 32) (50 53 55) (45 52) (43 56) 
(32 35 40 43) (58) (55) (31 33) (39 42) (53 54) (50 57 60 66) (57 64 66) (44) (35 56) 
(48 49 50) (71) (45 60 64) (44) (6) (68) (44 50 75) (73) (48 57 69) (47 64 70) 
(58) (57 66) (44) (58 68 80) (59 70 78 82) (15) (35 46 81) (85) (35 77 83) (89) 
(45 68 77) (77) (56 62 86 90) (65 71 88 93) (45 68 69) (58 92) (23) (72 73 75) (47 88) (53 59) 
(61 94) (90 95 100) (58 75) (73 97) (74 92 104) (93 99) (82) (62 86 104) (65 93 100 108) (68 74) 
(108) (67 70 97) (35 38) (67 96 101) (50 74) (86 99 110) (68 72 81 101) (35 64 115) (37 86) (45 93 112) 
(34) (80 97 100) (57 87 90 98) (62 103 118) (72 82) (99 110 114 125) (61 62 68 82 92 118) (56 83 125) (91 92 120 121) (94 123 125) 
(102 111 130) (74 125) (66 123) (76 111) (81 86) (49 59 79 121) (94 108 122) (61 88) (114 132) (80 91 96) 
(84 135) (108 132) (112 139) (53 70 78) (46 93 98) (93 141) (118 119 142) (113 126) (71 93 99) (66 75) )