(() () () () () () () () () (1 2 ) 
(2 4 ) (4 5 ) (5 6 ) (6 7 ) (7 8 ) (8 9 ) (1 2 ) (2 3 ) (3 4 ) (4 5 ) 
(5 6 ) (6 7 ) (7 9 ) (2 4 ) (4 5 ) (5 8 ) (8 9 ) (1 2 ) (2 3 ) (3 4 ) 
(4 5 ) (5 7 ) (7 8 ) (8 9 ) (2 4 ) (4 5 ) (5 6 ) (6 7 ) (7 8 ) (8 9 ) 
(1 2 ) (2 3 ) (3 4 ) (4 5 ) (5 6 ) (6 7 ) (7 8 ) (8 9 ) (1 2 ) (2 3 ) 
(3 4 ) (4 5 ) (5 8 ) (1 2 ) (2 3 ) (3 4 ) (4 5 ) (5 6 ) (6 7 ) (7 8 ) 
(8 9 ) (1 2 ) (2 3 ) (3 4 ) (4 5 ) (5 6 ) (6 7 ) (7 9 ) (10 17 ) (10 28 ) 
(10 41 ) (10 54 ) (10 62 ) (11 18 19 ) (18 29 ) (11 18 30 ) (18 42 ) (11 18 43 ) (18 55 ) (11 18 56 ) 
(18 63 ) (11 18 64 ) (11 24 ) (12 20 ) (12 25 ) (12 31 ) (12 44 ) (12 57 ) (12 65 ) (13 21 ) 
(13 14 15 26 ) (13 15 22 26 ) (15 16 23 ) (15 23 27 ) (15 23 34 ) (15 23 48 ) (15 23 61 ) (23 68 ) (15 26 32 ) (15 33 ) 
(13 15 26 46 ) (15 47 ) (13 15 26 59 ) (15 60 ) (13 15 26 67 ) (13 45 ) (13 58 ) (10 11 12 13 15 18 23 26 66 ) (17 28 ) (17 41 ) 
(17 49 ) (17 54 ) (17 62 ) (18 19 24 ) (21 22 23 26 27 ) (23 27 33 ) (27 34 ) (23 27 39 ) (27 40 ) (23 27 47 ) 
(27 48 ) (21 22 23 27 53 ) (23 27 60 ) (27 61 ) (23 68 ) (21 22 32 ) (22 38 ) (22 46 ) (22 59 ) (22 67 ) 
(21 37 ) (21 45 ) (21 58 ) (21 66 ) (20 25 ) (20 31 ) (20 36 ) (20 44 ) (20 52 ) (20 57 ) 
(20 65 ) (18 24 30 ) (24 35 ) (18 24 43 ) (18 24 51 ) (18 24 56 ) (18 24 64 ) (18 29 ) (18 42 ) (18 50 ) 
(18 55 ) (17 18 20 21 22 23 24 27 63 ) (10 17 ) (10 28 ) (10 41 ) (10 49 ) (10 54 ) (10 62 ) (11 18 19 ) (18 29 ) 
(11 18 30 ) (18 42 ) (11 18 43 ) (18 50 ) (11 18 51 ) (18 55 ) (11 18 56 ) (18 63 ) (11 18 64 ) (11 24 ) 
(11 35 ) (12 20 ) (12 25 ) (12 31 ) (12 36 ) (12 44 ) (12 52 ) (12 57 ) (12 65 ) (13 21 ) 
(13 14 15 26 ) (13 15 22 26 ) (15 16 23 ) (15 23 27 ) (15 23 34 ) (15 23 40 ) (15 23 48 ) (15 23 61 ) (23 68 ) (15 26 32 ) 
(15 33 ) (13 15 26 38 ) (15 39 ) (13 15 26 46 ) (15 47 ) (13 15 26 59 ) (15 60 ) (13 15 26 67 ) (26 53 ) (13 37 ) 
(13 45 ) (13 58 ) (10 11 12 13 15 18 23 26 66 ) (10 17 ) (10 28 ) (10 41 ) (10 49 ) (10 54 ) (10 62 ) (11 18 19 ) 
(18 29 ) (11 18 30 ) (18 42 ) (11 18 43 ) (18 50 ) (11 18 51 ) (18 55 ) (11 18 56 ) (18 63 ) (11 18 64 ) 
(11 24 ) (11 35 ) (12 20 ) (12 25 ) (12 31 ) (12 36 ) (12 44 ) (12 52 ) (12 57 ) (12 65 ) 
(13 21 ) (13 14 15 26 ) (13 15 22 26 ) (15 16 23 ) (15 23 27 ) (15 23 34 ) (15 23 40 ) (15 23 48 ) (15 23 61 ) (23 68 ) 
(15 26 32 ) (15 33 ) (13 15 26 38 ) (15 39 ) (13 15 26 46 ) (15 47 ) (13 15 26 59 ) (15 60 ) (13 15 26 67 ) (26 53 ) 
(13 37 ) (13 45 ) (13 58 ) (10 11 12 13 15 18 23 26 66 ) (10 17 ) (10 28 ) (10 41 ) (10 49 ) (10 54 ) (10 62 ) 
(11 18 19 ) (18 29 ) (11 18 30 ) (18 42 ) (11 18 43 ) (18 50 ) (11 18 51 ) (18 55 ) (11 18 56 ) (18 63 ) 
(11 18 64 ) (11 24 ) (11 35 ) (12 20 ) (12 25 ) (12 31 ) (12 36 ) (12 44 ) (12 52 ) (12 57 ) 
(12 65 ) (13 21 ) (13 14 15 26 ) (13 15 22 26 ) (15 16 23 ) (15 23 27 ) (15 23 34 ) (15 23 40 ) (15 23 48 ) (15 23 61 ) 
(23 68 ) (15 26 32 ) (15 33 ) (13 15 26 38 ) (15 39 ) (13 15 26 46 ) (15 47 ) (13 15 26 59 ) (15 60 ) (13 15 26 67 ) 
(26 53 ) (13 37 ) (13 45 ) (13 58 ) (10 11 12 13 15 18 23 26 66 ) (10 17 ) (10 28 ) (10 49 ) (10 54 ) (11 18 19 ) 
(18 29 ) (11 18 30 ) (18 50 ) (11 18 51 ) (18 55 ) (11 18 56 ) (11 24 ) (11 35 ) (12 20 ) (12 25 ) 
(12 31 ) (12 36 ) (12 52 ) (12 57 ) (13 21 ) (13 14 15 26 ) (13 15 22 26 ) (15 16 23 ) (15 23 27 ) (15 23 34 ) 
(15 23 40 ) (15 23 61 ) (15 26 32 ) (15 33 ) (13 15 26 38 ) (15 39 ) (13 15 26 59 ) (15 60 ) (26 53 ) (13 37 ) 
(10 11 12 13 15 18 23 26 58 ) (10 17 ) (10 28 ) (10 41 ) (10 54 ) (11 18 19 ) (18 29 ) (11 18 30 ) (18 42 ) (11 18 43 ) 
(18 55 ) (11 18 56 ) (11 24 ) (12 20 ) (12 25 ) (12 31 ) (12 44 ) (12 57 ) (13 21 ) (13 14 15 26 ) 
(13 15 22 26 ) (15 16 23 ) (15 23 27 ) (15 23 34 ) (15 23 48 ) (15 23 61 ) (15 26 32 ) (15 33 ) (13 15 26 46 ) (15 47 ) 
(13 15 26 59 ) (15 60 ) (13 45 ) (10 11 12 13 15 18 23 26 58 ) (10 17 ) (10 28 ) (10 41 ) (10 49 ) (10 54 ) (10 62 ) 
(11 18 19 ) (18 29 ) (11 18 30 ) (18 42 ) (11 18 43 ) (18 50 ) (11 18 51 ) (18 55 ) (11 18 56 ) (18 63 ) 
(11 18 64 ) (11 24 ) (11 35 ) (12 20 ) (12 25 ) (12 31 ) (12 36 ) (12 44 ) (12 52 ) (12 57 ) 
(12 65 ) (13 21 ) (13 14 15 26 ) (13 15 22 26 ) (15 16 23 ) (15 23 27 ) (15 23 34 ) (15 23 40 ) (15 23 48 ) (15 23 61 ) 
(23 68 ) (15 26 32 ) (15 33 ) (13 15 26 38 ) (15 39 ) (13 15 26 46 ) (15 47 ) (13 15 26 59 ) (15 60 ) (13 15 26 67 ) 
(26 53 ) (13 37 ) (13 45 ) (13 58 ) (10 11 12 13 15 18 23 26 66 ) (17 28 ) (17 49 ) (17 54 ) (17 62 ) (18 19 24 ) 
(21 22 23 26 27 ) (23 27 33 ) (27 34 ) (23 27 39 ) (27 40 ) (21 22 23 27 53 ) (23 27 60 ) (27 61 ) (23 68 ) (21 22 32 ) 
(22 38 ) (22 59 ) (22 67 ) (21 37 ) (21 58 ) (21 66 ) (20 25 ) (20 31 ) (20 36 ) (20 52 ) 
(20 57 ) (20 65 ) (18 24 30 ) (24 35 ) (18 24 51 ) (18 24 56 ) (18 24 64 ) (18 29 ) (18 50 ) (18 55 ) 
(17 18 20 21 22 23 24 27 63 ) (17 28 ) (17 41 ) (17 49 ) (17 54 ) (18 19 24 ) (21 22 23 26 27 ) (23 27 33 ) (27 34 ) (23 27 39 ) 
(27 40 ) (23 27 47 ) (27 48 ) (21 22 23 27 53 ) (23 27 60 ) (27 61 ) (21 22 32 ) (22 38 ) (22 46 ) (22 59 ) 
(21 37 ) (21 45 ) (21 58 ) (20 25 ) (20 31 ) (20 36 ) (20 44 ) (20 52 ) (20 57 ) (18 24 30 ) 
(24 35 ) (18 24 43 ) (18 24 51 ) (18 24 56 ) (18 29 ) (18 42 ) (18 50 ) (17 18 20 21 22 23 24 27 55 ) (28 41 ) (28 49 ) 
(28 54 ) (28 62 ) (24 29 30 ) (29 42 ) (24 29 43 ) (29 50 ) (24 29 51 ) (29 55 ) (24 29 56 ) (29 63 ) 
(24 29 64 ) (24 35 ) (25 31 ) (25 36 ) (25 44 ) (25 52 ) (25 57 ) (25 65 ) (26 32 33 ) (32 37 38 ) 
(32 38 45 ) (38 46 ) (32 38 58 ) (38 59 ) (32 38 66 ) (38 67 ) (26 32 39 ) (26 32 47 ) (26 32 60 ) (26 27 32 68 ) 
(26 32 34 68 ) (26 32 40 68 ) (26 32 48 68 ) (26 32 61 68 ) (24 25 26 28 29 32 38 53 68 ) (10 17 ) (10 28 ) (10 41 ) (10 49 ) (10 54 ) 
(10 62 ) (11 18 19 ) (18 29 ) (11 18 30 ) (18 42 ) (11 18 43 ) (18 50 ) (11 18 51 ) (18 55 ) (11 18 56 ) 
(18 63 ) (11 18 64 ) (11 24 ) (11 35 ) (12 20 ) (12 25 ) (12 31 ) (12 36 ) (12 44 ) (12 52 ) 
(12 57 ) (12 65 ) (13 21 ) (13 14 15 26 ) (13 15 22 26 ) (15 16 23 ) (15 23 27 ) (15 23 34 ) (15 23 40 ) (15 23 48 ) 
(15 23 61 ) (23 68 ) (15 26 32 ) (15 33 ) (13 15 26 38 ) (15 39 ) (13 15 26 46 ) (15 47 ) (13 15 26 59 ) (15 60 ) 
(13 15 26 67 ) (26 53 ) (13 37 ) (13 45 ) (13 58 ) (10 11 12 13 15 18 23 26 66 ) )