(() () () () () () () () () () 
() () () () (1 2 ) (2 3 ) (3 4 ) (4 5 ) (5 6 ) (6 7 ) 
(7 9 ) (9 10 ) (10 12 ) (12 13 ) (13 14 ) (1 2 ) (2 4 ) (4 5 ) (5 7 ) (7 8 ) 
(8 9 ) (9 10 ) (10 11 ) (11 12 ) (12 13 ) (13 14 ) (1 3 ) (3 4 ) (4 6 ) (6 7 ) 
(7 8 ) (8 9 ) (9 10 ) (10 11 ) (11 12 ) (12 13 ) (13 14 ) (15 26 ) (15 16 37 ) (25 36 ) 
(25 47 ) (24 35 ) (24 46 ) (23 33 34 ) (23 34 44 ) (34 45 ) (22 32 ) (22 43 ) (21 30 31 ) (21 31 41 ) 
(31 42 ) (19 20 29 ) (20 40 ) (18 19 39 ) (18 28 ) (15 17 27 37 ) (15 17 18 19 20 21 22 23 24 25 31 34 37 38 ) (15 26 ) (16 17 27 ) (18 28 ) 
(19 20 29 ) (21 30 31 ) (22 32 ) (23 33 34 ) (24 35 ) (15 16 18 19 21 22 23 24 25 27 29 30 33 36 ) (15 26 ) (15 16 37 ) (25 36 ) (25 47 ) 
(24 35 ) (24 46 ) (23 33 34 ) (23 34 44 ) (34 45 ) (22 32 ) (22 43 ) (21 30 31 ) (21 31 41 ) (31 42 ) 
(19 20 29 ) (20 40 ) (18 19 39 ) (18 28 ) (15 17 27 37 ) (15 17 18 19 20 21 22 23 24 25 31 34 37 38 ) (26 27 37 38 ) (28 29 39 40 ) (30 41 ) (31 42 ) 
(32 43 ) (33 44 ) (34 45 ) (35 46 ) (26 28 30 31 32 33 34 35 36 37 38 39 40 47 ) (15 26 ) (15 16 37 ) (25 36 ) (25 47 ) (24 35 ) 
(24 46 ) (23 33 34 ) (23 34 44 ) (34 45 ) (22 32 ) (22 43 ) (21 30 31 ) (21 31 41 ) (31 42 ) (19 20 29 ) 
(20 40 ) (18 19 39 ) (18 28 ) (15 17 27 37 ) (15 17 18 19 20 21 22 23 24 25 31 34 37 38 ) (15 26 ) (15 16 37 ) (25 36 ) (25 47 ) (24 35 ) 
(24 46 ) (23 33 34 ) (23 34 44 ) (34 45 ) (22 32 ) (22 43 ) (21 30 31 ) (21 31 41 ) (31 42 ) (19 20 29 ) 
(20 40 ) (18 19 39 ) (18 28 ) (15 17 27 37 ) (15 17 18 19 20 21 22 23 24 25 31 34 37 38 ) (15 26 ) (15 16 37 ) (25 36 ) (25 47 ) (24 35 ) 
(24 46 ) (23 33 34 ) (23 34 44 ) (34 45 ) (22 32 ) (22 43 ) (21 30 31 ) (21 31 41 ) (31 42 ) (19 20 29 ) 
(20 40 ) (18 19 39 ) (18 28 ) (15 17 27 37 ) (15 17 18 19 20 21 22 23 24 25 31 34 37 38 ) (15 26 ) (15 16 37 ) (25 36 ) (25 47 ) (24 35 ) 
(24 46 ) (23 33 34 ) (23 34 44 ) (34 45 ) (22 32 ) (22 43 ) (21 30 31 ) (21 31 41 ) (31 42 ) (19 20 29 ) 
(20 40 ) (18 19 39 ) (18 28 ) (15 17 27 37 ) (15 17 18 19 20 21 22 23 24 25 31 34 37 38 ) (15 26 ) (15 16 37 ) (25 36 ) (25 47 ) (24 35 ) 
(24 46 ) (23 33 34 ) (23 34 44 ) (34 45 ) (22 32 ) (22 43 ) (21 30 31 ) (21 31 41 ) (31 42 ) (19 20 29 ) 
(20 40 ) (18 19 39 ) (18 28 ) (15 17 27 37 ) (15 17 18 19 20 21 22 23 24 25 31 34 37 38 ) (15 26 ) (15 16 37 ) (25 36 ) (25 47 ) (24 35 ) 
(24 46 ) (23 33 34 ) (23 34 44 ) (34 45 ) (22 32 ) (22 43 ) (21 30 31 ) (21 31 41 ) (31 42 ) (19 20 29 ) 
(20 40 ) (18 19 39 ) (18 28 ) (15 17 27 37 ) (15 17 18 19 20 21 22 23 24 25 31 34 37 38 ) (15 26 ) (15 16 37 ) (25 36 ) (25 47 ) (24 35 ) 
(24 46 ) (23 33 34 ) (23 34 44 ) (34 45 ) (22 32 ) (22 43 ) (21 30 31 ) (21 31 41 ) (31 42 ) (19 20 29 ) 
(20 40 ) (18 19 39 ) (18 28 ) (15 17 27 37 ) (15 17 18 19 20 21 22 23 24 25 31 34 37 38 ) (15 26 ) (15 16 37 ) (25 36 ) (25 47 ) (24 35 ) 
(24 46 ) (23 33 34 ) (23 34 44 ) (34 45 ) (22 32 ) (22 43 ) (21 30 31 ) (21 31 41 ) (31 42 ) (19 20 29 ) 
(20 40 ) (18 19 39 ) (18 28 ) (15 17 27 37 ) (15 17 18 19 20 21 22 23 24 25 31 34 37 38 ) (15 26 ) (15 16 37 ) (25 36 ) (25 47 ) (24 35 ) 
(24 46 ) (23 33 34 ) (23 34 44 ) (34 45 ) (22 32 ) (22 43 ) (21 30 31 ) (21 31 41 ) (31 42 ) (19 20 29 ) 
(20 40 ) (18 19 39 ) (18 28 ) (15 17 27 37 ) (15 17 18 19 20 21 22 23 24 25 31 34 37 38 ) )