(() () () () () () () () () () 
() () () () () (1 2 ) (2 3 ) (3 4 ) (4 5 ) (5 6 ) 
(6 7 ) (7 8 ) (8 9 ) (9 10 ) (10 11 ) (11 12 ) (12 13 ) (13 14 ) (14 15 ) (1 2 ) 
(2 5 ) (5 6 ) (6 7 ) (7 8 ) (8 9 ) (9 11 ) (11 12 ) (12 13 ) (13 14 ) (1 2 ) 
(2 3 ) (3 5 ) (5 6 ) (6 8 ) (8 9 ) (9 11 ) (11 12 ) (12 13 ) (13 14 ) (14 15 ) 
(1 2 ) (2 3 ) (3 4 ) (4 5 ) (5 6 ) (6 7 ) (7 8 ) (8 9 ) (9 10 ) (10 11 ) 
(11 12 ) (12 13 ) (13 14 ) (14 15 ) (16 30 ) (16 40 ) (16 51 ) (17 18 19 31 ) (17 19 31 53 ) (19 54 ) 
(29 50 ) (29 64 ) (28 39 ) (28 49 ) (28 63 ) (27 38 ) (27 48 ) (27 62 ) (26 37 ) (26 47 ) 
(26 61 ) (24 25 36 ) (24 25 46 ) (25 60 ) (24 59 ) (23 35 ) (23 45 ) (23 58 ) (22 34 ) (21 22 44 ) 
(22 57 ) (21 33 ) (21 56 ) (20 32 ) (20 43 ) (20 55 ) (17 31 42 ) (17 41 ) (16 17 19 20 21 22 23 24 25 26 27 28 29 31 52 ) (16 30 ) 
(16 40 ) (16 51 ) (17 18 19 31 ) (17 19 31 53 ) (19 54 ) (29 50 ) (29 64 ) (28 39 ) (28 49 ) (28 63 ) 
(27 38 ) (27 48 ) (27 62 ) (26 37 ) (26 47 ) (26 61 ) (24 25 36 ) (24 25 46 ) (25 60 ) (24 59 ) 
(23 35 ) (23 45 ) (23 58 ) (22 34 ) (21 22 44 ) (22 57 ) (21 33 ) (21 56 ) (20 32 ) (20 43 ) 
(20 55 ) (17 31 42 ) (17 41 ) (16 17 19 20 21 22 23 24 25 26 27 28 29 31 52 ) (16 30 ) (16 40 ) (16 51 ) (17 18 19 31 ) (17 19 31 53 ) (19 54 ) 
(29 50 ) (29 64 ) (28 39 ) (28 49 ) (28 63 ) (27 38 ) (27 48 ) (27 62 ) (26 37 ) (26 47 ) 
(26 61 ) (24 25 36 ) (24 25 46 ) (25 60 ) (24 59 ) (23 35 ) (23 45 ) (23 58 ) (22 34 ) (21 22 44 ) 
(22 57 ) (21 33 ) (21 56 ) (20 32 ) (20 43 ) (20 55 ) (17 31 42 ) (17 41 ) (16 17 19 20 21 22 23 24 25 26 27 28 29 31 52 ) (16 30 ) 
(16 51 ) (17 18 19 31 ) (17 19 31 53 ) (19 54 ) (29 64 ) (28 39 ) (28 63 ) (27 38 ) (27 62 ) (26 37 ) 
(26 61 ) (24 25 36 ) (25 60 ) (24 59 ) (23 35 ) (23 58 ) (22 34 ) (22 57 ) (21 33 ) (21 56 ) 
(20 32 ) (20 55 ) (16 17 19 20 21 22 23 24 25 26 27 28 29 31 52 ) (16 30 ) (16 40 ) (16 51 ) (17 18 19 31 ) (17 19 31 53 ) (19 54 ) (29 50 ) 
(29 64 ) (28 39 ) (28 49 ) (28 63 ) (27 38 ) (27 48 ) (27 62 ) (26 37 ) (26 47 ) (26 61 ) 
(24 25 36 ) (24 25 46 ) (25 60 ) (24 59 ) (23 35 ) (23 45 ) (23 58 ) (22 34 ) (21 22 44 ) (22 57 ) 
(21 33 ) (21 56 ) (20 32 ) (20 43 ) (20 55 ) (17 31 42 ) (17 41 ) (16 17 19 20 21 22 23 24 25 26 27 28 29 31 52 ) (16 30 ) (16 40 ) 
(16 51 ) (17 18 19 31 ) (17 19 31 53 ) (19 54 ) (29 50 ) (29 64 ) (28 39 ) (28 49 ) (28 63 ) (27 38 ) 
(27 48 ) (27 62 ) (26 37 ) (26 47 ) (26 61 ) (24 25 36 ) (24 25 46 ) (25 60 ) (24 59 ) (23 35 ) 
(23 45 ) (23 58 ) (22 34 ) (21 22 44 ) (22 57 ) (21 33 ) (21 56 ) (20 32 ) (20 43 ) (20 55 ) 
(17 31 42 ) (17 41 ) (16 17 19 20 21 22 23 24 25 26 27 28 29 31 52 ) (16 40 ) (16 51 ) (17 41 ) (17 52 ) (18 19 42 ) (29 50 ) (29 64 ) 
(28 49 ) (28 63 ) (27 48 ) (27 62 ) (26 47 ) (26 61 ) (24 25 46 ) (25 60 ) (24 59 ) (23 45 ) 
(23 58 ) (21 22 44 ) (22 57 ) (21 56 ) (20 43 ) (20 55 ) (18 42 54 ) (16 17 18 20 21 22 23 24 25 26 27 28 29 42 53 ) (40 51 ) (41 52 ) 
(42 53 54 ) (43 55 ) (44 56 57 ) (45 58 ) (46 59 60 ) (47 61 ) (48 62 ) (49 63 ) (40 41 42 43 44 45 46 47 48 49 50 53 56 59 64 ) (16 40 ) 
(16 51 ) (17 41 ) (17 52 ) (18 19 42 ) (29 50 ) (29 64 ) (28 49 ) (28 63 ) (27 48 ) (27 62 ) 
(26 47 ) (26 61 ) (24 25 46 ) (25 60 ) (24 59 ) (23 45 ) (23 58 ) (21 22 44 ) (22 57 ) (21 56 ) 
(20 43 ) (20 55 ) (18 42 54 ) (16 17 18 20 21 22 23 24 25 26 27 28 29 42 53 ) (16 40 ) (16 51 ) (17 41 ) (17 52 ) (18 19 42 ) (29 50 ) 
(29 64 ) (28 49 ) (28 63 ) (27 48 ) (27 62 ) (26 47 ) (26 61 ) (24 25 46 ) (25 60 ) (24 59 ) 
(23 45 ) (23 58 ) (21 22 44 ) (22 57 ) (21 56 ) (20 43 ) (20 55 ) (18 42 54 ) (16 17 18 20 21 22 23 24 25 26 27 28 29 42 53 ) (16 30 ) 
(16 40 ) (16 51 ) (17 18 19 31 ) (17 19 31 53 ) (19 54 ) (29 50 ) (29 64 ) (28 39 ) (28 49 ) (28 63 ) 
(27 38 ) (27 48 ) (27 62 ) (26 37 ) (26 47 ) (26 61 ) (24 25 36 ) (24 25 46 ) (25 60 ) (24 59 ) 
(23 35 ) (23 45 ) (23 58 ) (22 34 ) (21 22 44 ) (22 57 ) (21 33 ) (21 56 ) (20 32 ) (20 43 ) 
(20 55 ) (17 31 42 ) (17 41 ) (16 17 19 20 21 22 23 24 25 26 27 28 29 31 52 ) )