(() () () () () () () () () () 
() () () () (1 2 ) (2 3 ) (3 4 ) (4 5 ) (5 8 ) (8 10 ) 
(10 11 ) (11 12 ) (12 13 ) (13 14 ) (1 2 ) (2 3 ) (3 4 ) (4 5 ) (5 7 ) (7 8 ) 
(8 10 ) (10 12 ) (12 13 ) (13 14 ) (1 2 ) (2 5 ) (5 7 ) (7 9 ) (9 10 ) (10 11 ) 
(11 12 ) (12 13 ) (13 14 ) (1 3 ) (3 4 ) (4 5 ) (5 6 ) (6 7 ) (7 9 ) (9 10 ) 
(10 11 ) (11 12 ) (12 13 ) (13 14 ) (2 4 ) (4 5 ) (5 6 ) (6 7 ) (7 8 ) (8 9 ) 
(9 10 ) (10 11 ) (11 12 ) (12 13 ) (13 14 ) (1 2 ) (2 3 ) (3 4 ) (4 5 ) (5 6 ) 
(6 7 ) (7 8 ) (8 9 ) (9 10 ) (10 12 ) (12 13 ) (13 14 ) (4 5 ) (5 6 ) (6 8 ) 
(8 9 ) (9 10 ) (10 11 ) (11 12 ) (12 13 ) (25 35 ) (25 26 44 ) (34 43 ) (34 54 ) (34 77 ) 
(33 42 ) (33 53 ) (33 76 ) (32 40 41 ) (32 41 51 ) (41 52 ) (32 75 ) (30 31 38 39 ) (30 31 39 49 ) (39 50 ) 
(31 39 73 ) (39 74 ) (30 72 ) (29 37 ) (29 47 48 ) (29 48 70 ) (48 71 ) (25 27 28 36 44 ) (28 46 ) (28 69 ) 
(27 45 ) (27 68 ) (25 44 67 ) (25 27 28 29 30 31 32 33 34 39 41 44 48 66 ) (15 25 ) (15 35 ) (15 16 44 ) (24 34 ) (24 43 ) (24 54 ) 
(24 65 ) (23 33 ) (23 42 ) (23 53 ) (23 64 ) (23 85 ) (21 22 32 ) (22 41 ) (22 52 ) (22 63 ) 
(22 84 ) (21 40 ) (21 51 ) (21 62 ) (21 83 ) (20 31 ) (19 20 29 38 39 ) (20 30 38 39 ) (19 20 37 38 39 ) (19 20 38 39 47 48 ) 
(19 20 38 39 48 57 ) (48 58 ) (19 20 38 39 48 79 ) (20 38 39 48 80 ) (38 49 ) (20 38 39 59 ) (39 50 ) (20 39 60 ) (39 61 ) (20 39 81 ) 
(39 82 ) (18 28 ) (15 17 18 36 44 ) (18 46 ) (18 56 ) (18 78 ) (17 27 ) (17 45 ) (15 17 44 55 ) (15 17 18 19 20 21 22 23 24 26 38 39 44 48 ) 
(15 25 ) (15 35 ) (15 16 44 ) (24 34 ) (24 43 ) (24 54 ) (24 77 ) (23 33 ) (23 42 ) (23 53 ) 
(23 76 ) (23 85 ) (21 22 32 ) (22 41 ) (22 52 ) (21 22 75 ) (22 84 ) (21 40 ) (21 51 ) (21 83 ) 
(20 31 ) (19 20 29 38 39 ) (20 30 38 39 ) (19 20 37 38 39 ) (19 20 38 39 47 48 ) (19 20 38 39 48 70 ) (48 71 ) (19 20 38 39 48 79 ) (20 38 39 48 80 ) (38 49 ) 
(20 38 39 72 ) (39 50 ) (20 39 73 ) (39 74 ) (20 39 81 ) (39 82 ) (18 28 ) (15 17 18 36 44 ) (18 46 ) (18 69 ) 
(18 78 ) (17 27 ) (17 45 ) (17 68 ) (15 26 44 ) (15 44 67 ) (15 17 18 19 20 21 22 23 24 38 39 44 48 66 ) (15 25 ) (15 35 ) (15 16 44 ) 
(24 34 ) (24 43 ) (24 54 ) (24 65 ) (24 77 ) (23 33 ) (23 42 ) (23 53 ) (23 64 ) (23 76 ) 
(23 85 ) (21 22 32 ) (22 41 ) (22 52 ) (22 63 ) (21 22 75 ) (22 84 ) (21 40 ) (21 51 ) (21 62 ) 
(21 83 ) (20 31 ) (19 20 29 38 39 ) (20 30 38 39 ) (19 20 37 38 39 ) (19 20 38 39 47 48 ) (19 20 38 39 48 57 ) (48 58 ) (19 20 38 39 48 70 ) (48 71 ) 
(19 20 38 39 48 79 ) (20 38 39 48 80 ) (38 49 ) (20 38 39 59 ) (20 38 39 72 ) (39 50 ) (20 39 60 ) (39 61 ) (20 39 73 ) (39 74 ) 
(20 39 81 ) (39 82 ) (18 28 ) (15 17 18 36 44 ) (18 46 ) (18 56 ) (18 69 ) (18 78 ) (17 27 ) (17 45 ) 
(15 17 44 55 ) (17 68 ) (15 26 44 ) (15 44 67 ) (15 17 18 19 20 21 22 23 24 38 39 44 48 66 ) (15 25 ) (15 35 ) (15 16 44 ) (24 34 ) (24 43 ) 
(24 54 ) (24 65 ) (24 77 ) (23 33 ) (23 42 ) (23 53 ) (23 64 ) (23 76 ) (23 85 ) (21 22 32 ) 
(22 41 ) (22 52 ) (22 63 ) (21 22 75 ) (22 84 ) (21 40 ) (21 51 ) (21 62 ) (21 83 ) (20 31 ) 
(19 20 29 38 39 ) (20 30 38 39 ) (19 20 37 38 39 ) (19 20 38 39 47 48 ) (19 20 38 39 48 57 ) (48 58 ) (19 20 38 39 48 70 ) (48 71 ) (19 20 38 39 48 79 ) (20 38 39 48 80 ) 
(38 49 ) (20 38 39 59 ) (20 38 39 72 ) (39 50 ) (20 39 60 ) (39 61 ) (20 39 73 ) (39 74 ) (20 39 81 ) (39 82 ) 
(18 28 ) (15 17 18 36 44 ) (18 46 ) (18 56 ) (18 69 ) (18 78 ) (17 27 ) (17 45 ) (15 17 44 55 ) (17 68 ) 
(15 26 44 ) (15 44 67 ) (15 17 18 19 20 21 22 23 24 38 39 44 48 66 ) (15 25 ) (15 35 ) (15 16 44 ) (24 34 ) (24 43 ) (24 54 ) (23 33 ) 
(23 42 ) (23 53 ) (23 85 ) (21 22 32 ) (22 41 ) (22 52 ) (22 84 ) (21 40 ) (21 51 ) (21 83 ) 
(20 31 ) (19 20 29 38 39 ) (20 30 38 39 ) (19 20 37 38 39 ) (19 20 38 39 47 48 ) (19 20 38 39 48 79 ) (20 38 39 48 80 ) (38 49 ) (39 50 ) (20 39 81 ) 
(39 82 ) (18 28 ) (15 17 18 36 44 ) (18 46 ) (18 78 ) (17 27 ) (17 45 ) (15 17 18 19 20 21 22 23 24 26 38 39 44 48 ) (15 25 ) (15 35 ) 
(15 16 44 ) (24 34 ) (24 43 ) (24 54 ) (24 77 ) (23 33 ) (23 42 ) (23 53 ) (23 76 ) (23 85 ) 
(21 22 32 ) (22 41 ) (22 52 ) (21 22 75 ) (22 84 ) (21 40 ) (21 51 ) (21 83 ) (20 31 ) (19 20 29 38 39 ) 
(20 30 38 39 ) (19 20 37 38 39 ) (19 20 38 39 47 48 ) (19 20 38 39 48 70 ) (48 71 ) (19 20 38 39 48 79 ) (20 38 39 48 80 ) (38 49 ) (20 38 39 72 ) (39 50 ) 
(20 39 73 ) (39 74 ) (20 39 81 ) (39 82 ) (18 28 ) (15 17 18 36 44 ) (18 46 ) (18 69 ) (18 78 ) (17 27 ) 
(17 45 ) (17 68 ) (15 26 44 ) (15 44 67 ) (15 17 18 19 20 21 22 23 24 38 39 44 48 66 ) (15 35 ) (15 16 44 ) (24 43 ) (24 54 ) (24 77 ) 
(23 42 ) (23 53 ) (23 76 ) (23 85 ) (22 41 ) (22 52 ) (21 22 75 ) (22 84 ) (21 40 ) (21 51 ) 
(21 83 ) (19 20 37 38 39 ) (19 20 38 39 47 48 ) (19 20 38 39 48 70 ) (48 71 ) (19 20 38 39 48 79 ) (20 38 39 48 80 ) (38 49 ) (20 38 39 72 ) (39 50 ) 
(20 39 73 ) (39 74 ) (20 39 81 ) (39 82 ) (15 17 18 36 44 ) (18 46 ) (18 69 ) (18 78 ) (17 45 ) (17 68 ) 
(15 44 67 ) (15 17 18 19 20 21 22 23 24 38 39 44 48 66 ) (25 35 ) (25 26 44 ) (34 43 ) (34 54 ) (34 65 ) (34 77 ) (33 42 ) (33 53 ) 
(33 64 ) (33 76 ) (33 85 ) (32 40 41 ) (32 41 51 ) (41 52 ) (32 41 62 ) (41 63 ) (32 41 83 ) (41 84 ) 
(32 75 ) (30 31 38 39 ) (30 31 39 49 ) (39 50 ) (31 39 60 ) (39 61 ) (31 39 73 ) (39 74 ) (31 39 81 ) (39 82 ) 
(30 59 ) (30 72 ) (29 30 47 80 ) (30 48 80 ) (29 30 57 80 ) (30 58 80 ) (29 30 70 80 ) (30 71 80 ) (29 30 79 80 ) (29 37 ) 
(25 27 28 36 44 ) (28 46 ) (28 56 ) (28 69 ) (28 78 ) (27 45 ) (25 27 44 55 ) (27 68 ) (25 44 67 ) (25 27 28 29 30 31 32 33 34 39 41 44 66 80 ) )