(() () () () () () () () () () 
() (1 2 ) (2 3 ) (3 4 ) (4 5 ) (5 6 ) (6 7 ) (7 8 ) (8 10 ) (10 11 ) 
(1 2 ) (2 3 ) (3 4 ) (4 5 ) (5 6 ) (6 7 ) (7 8 ) (8 9 ) (1 2 ) (2 3 ) 
(3 4 ) (4 5 ) (5 6 ) (6 7 ) (7 8 ) (8 9 ) (9 10 ) (10 11 ) (1 2 ) (2 3 ) 
(3 4 ) (4 5 ) (5 7 ) (7 8 ) (8 9 ) (9 10 ) (10 11 ) (1 2 ) (2 3 ) (3 4 ) 
(4 5 ) (5 6 ) (6 7 ) (7 8 ) (8 9 ) (9 10 ) (10 11 ) (1 2 ) (2 3 ) (3 4 ) 
(4 5 ) (5 6 ) (6 7 ) (7 8 ) (8 9 ) (9 10 ) (10 11 ) (1 2 ) (2 3 ) (3 4 ) 
(4 5 ) (5 6 ) (6 7 ) (7 8 ) (8 9 ) (9 10 ) (10 11 ) (12 21 ) (12 29 ) (12 39 ) 
(12 48 ) (12 58 ) (12 68 ) (13 22 ) (13 30 ) (13 40 ) (13 49 ) (13 59 ) (13 69 ) (14 23 ) 
(14 31 ) (14 41 ) (14 50 ) (14 60 ) (14 70 ) (15 24 ) (15 32 ) (15 42 ) (15 51 ) (15 61 ) 
(15 71 ) (16 25 ) (16 33 ) (16 17 43 ) (20 38 ) (20 47 ) (20 57 ) (20 67 ) (20 77 ) (19 28 37 ) 
(19 36 37 ) (19 37 45 ) (37 46 ) (19 37 55 ) (37 56 ) (19 37 65 ) (37 66 ) (19 37 75 ) (37 76 ) (18 27 ) 
(18 35 ) (18 44 ) (18 54 ) (18 64 ) (18 74 ) (16 26 43 ) (16 34 43 ) (16 43 53 ) (16 43 63 ) (16 43 73 ) 
(16 52 ) (16 62 ) (12 13 14 15 16 18 19 20 37 43 72 ) (12 39 ) (12 48 ) (12 58 ) (12 68 ) (13 40 ) (13 49 ) (13 59 ) 
(13 69 ) (14 41 ) (14 50 ) (14 60 ) (14 70 ) (15 42 ) (15 51 ) (15 61 ) (15 71 ) (16 17 43 ) 
(20 47 ) (20 57 ) (20 67 ) (20 77 ) (19 45 46 ) (19 46 55 ) (46 56 ) (19 46 65 ) (46 66 ) (19 46 75 ) 
(46 76 ) (18 44 ) (18 54 ) (18 64 ) (18 74 ) (16 43 53 ) (16 43 63 ) (16 43 73 ) (16 52 ) (16 62 ) 
(12 13 14 15 16 18 19 20 43 46 72 ) (12 21 ) (12 48 ) (12 58 ) (12 68 ) (13 22 ) (13 49 ) (13 59 ) (13 69 ) (14 23 ) 
(14 50 ) (14 60 ) (14 70 ) (15 24 ) (15 51 ) (15 61 ) (15 71 ) (16 25 ) (16 52 ) (16 62 ) 
(16 72 ) (17 26 ) (17 53 ) (17 63 ) (17 73 ) (18 27 ) (18 54 ) (18 64 ) (18 74 ) (28 55 ) 
(19 28 56 ) (28 65 ) (19 28 66 ) (28 75 ) (19 28 76 ) (20 57 ) (20 67 ) (12 13 14 15 16 17 18 19 20 28 77 ) (29 39 ) (29 58 ) 
(30 40 ) (30 59 ) (31 41 ) (31 60 ) (32 42 ) (32 61 ) (33 34 43 ) (38 47 ) (38 67 ) (37 46 ) 
(37 66 ) (36 45 ) (36 65 ) (35 44 ) (35 64 ) (33 43 63 ) (29 30 31 32 33 35 36 37 38 43 62 ) (12 21 ) (12 29 ) (12 39 ) 
(12 48 ) (12 58 ) (12 68 ) (13 22 ) (13 30 ) (13 40 ) (13 49 ) (13 59 ) (13 69 ) (14 23 ) 
(14 31 ) (14 41 ) (14 50 ) (14 60 ) (14 70 ) (15 24 ) (15 32 ) (15 42 ) (15 51 ) (15 61 ) 
(15 71 ) (16 25 ) (16 33 ) (16 17 43 ) (20 38 ) (20 47 ) (20 57 ) (20 67 ) (20 77 ) (19 28 37 ) 
(19 36 37 ) (19 37 45 ) (37 46 ) (19 37 55 ) (37 56 ) (19 37 65 ) (37 66 ) (19 37 75 ) (37 76 ) (18 27 ) 
(18 35 ) (18 44 ) (18 54 ) (18 64 ) (18 74 ) (16 26 43 ) (16 34 43 ) (16 43 53 ) (16 43 63 ) (16 43 73 ) 
(16 52 ) (16 62 ) (12 13 14 15 16 18 19 20 37 43 72 ) (21 39 ) (21 48 ) (21 58 ) (21 68 ) (22 40 ) (22 49 ) (22 59 ) 
(22 69 ) (23 41 ) (23 50 ) (23 60 ) (23 70 ) (24 42 ) (24 51 ) (24 61 ) (24 71 ) (25 26 43 ) 
(28 45 ) (47 57 ) (47 67 ) (47 77 ) (46 56 ) (46 66 ) (46 76 ) (28 55 ) (28 65 ) (28 75 ) 
(27 44 ) (27 54 ) (27 64 ) (27 74 ) (25 43 53 ) (25 43 63 ) (25 43 73 ) (25 52 ) (25 62 ) (21 22 23 24 25 27 28 43 46 47 72 ) 
(12 29 ) (12 39 ) (12 48 ) (12 58 ) (12 68 ) (13 30 ) (13 40 ) (13 49 ) (13 59 ) (13 69 ) 
(14 31 ) (14 41 ) (14 50 ) (14 60 ) (14 70 ) (15 32 ) (15 42 ) (15 51 ) (15 61 ) (15 71 ) 
(16 33 ) (16 17 43 ) (20 38 ) (20 47 ) (20 57 ) (20 67 ) (20 77 ) (19 36 37 ) (19 37 45 ) (37 46 ) 
(19 37 55 ) (37 56 ) (19 37 65 ) (37 66 ) (19 37 75 ) (37 76 ) (18 35 ) (18 44 ) (18 54 ) (18 64 ) 
(18 74 ) (16 34 43 ) (16 43 53 ) (16 43 63 ) (16 43 73 ) (16 52 ) (16 62 ) (12 13 14 15 16 18 19 20 37 43 72 ) (21 39 ) (21 68 ) 
(22 40 ) (22 69 ) (23 41 ) (23 70 ) (24 42 ) (24 71 ) (25 26 43 ) (28 45 ) (47 77 ) (46 76 ) 
(28 75 ) (27 44 ) (27 74 ) (25 43 73 ) (21 22 23 24 25 27 28 43 46 47 72 ) (12 29 ) (12 39 ) (12 48 ) (12 58 ) (12 68 ) 
(13 30 ) (13 40 ) (13 49 ) (13 59 ) (13 69 ) (14 31 ) (14 41 ) (14 50 ) (14 60 ) (14 70 ) 
(15 32 ) (15 42 ) (15 51 ) (15 61 ) (15 71 ) (16 33 ) (16 17 43 ) (20 38 ) (20 47 ) (20 57 ) 
(20 67 ) (20 77 ) (19 36 37 ) (19 37 45 ) (37 46 ) (19 37 55 ) (37 56 ) (19 37 65 ) (37 66 ) (19 37 75 ) 
(37 76 ) (18 35 ) (18 44 ) (18 54 ) (18 64 ) (18 74 ) (16 34 43 ) (16 43 53 ) (16 43 63 ) (16 43 73 ) 
(16 52 ) (16 62 ) (12 13 14 15 16 18 19 20 37 43 72 ) (12 21 ) (12 29 ) (12 39 ) (12 48 ) (12 58 ) (12 68 ) (13 22 ) 
(13 30 ) (13 40 ) (13 49 ) (13 59 ) (13 69 ) (14 23 ) (14 31 ) (14 41 ) (14 50 ) (14 60 ) 
(14 70 ) (15 24 ) (15 32 ) (15 42 ) (15 51 ) (15 61 ) (15 71 ) (16 25 ) (16 33 ) (16 17 43 ) 
(20 38 ) (20 47 ) (20 57 ) (20 67 ) (20 77 ) (19 28 37 ) (19 36 37 ) (19 37 45 ) (37 46 ) (19 37 55 ) 
(37 56 ) (19 37 65 ) (37 66 ) (19 37 75 ) (37 76 ) (18 27 ) (18 35 ) (18 44 ) (18 54 ) (18 64 ) 
(18 74 ) (16 26 43 ) (16 34 43 ) (16 43 53 ) (16 43 63 ) (16 43 73 ) (16 52 ) (16 62 ) (12 13 14 15 16 18 19 20 37 43 72 ) (21 29 ) 
(21 39 ) (21 48 ) (21 58 ) (21 68 ) (22 30 ) (22 40 ) (22 49 ) (22 59 ) (22 69 ) (23 31 ) 
(23 41 ) (23 50 ) (23 60 ) (23 70 ) (24 32 ) (24 42 ) (24 51 ) (24 61 ) (24 71 ) (25 33 ) 
(25 26 43 ) (28 36 ) (38 47 ) (38 57 ) (38 67 ) (38 77 ) (37 46 ) (37 56 ) (37 66 ) (37 76 ) 
(28 45 ) (28 55 ) (28 65 ) (28 75 ) (27 35 ) (27 44 ) (27 54 ) (27 64 ) (27 74 ) (25 34 43 ) 
(25 43 53 ) (25 43 63 ) (25 43 73 ) (25 52 ) (25 62 ) (21 22 23 24 25 27 28 37 38 43 72 ) (12 21 ) (12 29 ) (12 39 ) (12 48 ) 
(12 58 ) (12 68 ) (13 22 ) (13 30 ) (13 40 ) (13 49 ) (13 59 ) (13 69 ) (14 23 ) (14 31 ) 
(14 41 ) (14 50 ) (14 60 ) (14 70 ) (15 24 ) (15 32 ) (15 42 ) (15 51 ) (15 61 ) (15 71 ) 
(16 25 ) (16 33 ) (16 17 43 ) (20 38 ) (20 47 ) (20 57 ) (20 67 ) (20 77 ) (19 28 37 ) (19 36 37 ) 
(19 37 45 ) (37 46 ) (19 37 55 ) (37 56 ) (19 37 65 ) (37 66 ) (19 37 75 ) (37 76 ) (18 27 ) (18 35 ) 
(18 44 ) (18 54 ) (18 64 ) (18 74 ) (16 26 43 ) (16 34 43 ) (16 43 53 ) (16 43 63 ) (16 43 73 ) (16 52 ) 
(16 62 ) (12 13 14 15 16 18 19 20 37 43 72 ) )