(() () () () () () () () () () 
() () () () () (1 4 ) (4 5 ) (5 7 ) (7 8 ) (8 9 ) 
(9 10 ) (10 11 ) (11 14 ) (14 15 ) (1 2 ) (2 3 ) (3 4 ) (4 5 ) (5 6 ) (6 7 ) 
(7 8 ) (8 9 ) (9 10 ) (10 11 ) (11 12 ) (12 13 ) (13 14 ) (14 15 ) (2 3 ) (3 4 ) 
(4 5 ) (5 6 ) (6 7 ) (7 8 ) (8 9 ) (9 10 ) (10 11 ) (11 12 ) (12 13 ) (13 14 ) 
(14 15 ) (16 25 26 27 ) (26 39 ) (16 25 26 40 ) (17 28 ) (17 41 ) (18 29 30 ) (29 42 ) (18 29 43 ) (19 31 ) 
(19 44 ) (20 32 ) (20 45 ) (21 33 ) (21 46 ) (22 34 ) (22 47 ) (23 35 36 37 ) (36 49 ) (23 35 36 50 ) 
(35 48 ) (24 38 ) (16 17 18 19 20 21 22 23 24 25 26 29 35 36 51 ) (16 25 26 27 ) (26 39 ) (16 25 26 40 ) (17 28 ) (17 41 ) (18 29 30 ) (29 42 ) 
(18 29 43 ) (19 31 ) (19 44 ) (20 32 ) (20 45 ) (21 33 ) (21 46 ) (22 34 ) (22 47 ) (23 35 36 37 ) 
(36 49 ) (23 35 36 50 ) (35 48 ) (24 38 ) (16 17 18 19 20 21 22 23 24 25 26 29 35 36 51 ) (16 25 26 27 ) (26 39 ) (16 25 26 40 ) (17 28 ) (17 41 ) 
(18 29 30 ) (29 42 ) (18 29 43 ) (19 31 ) (19 44 ) (20 32 ) (20 45 ) (21 33 ) (21 46 ) (22 34 ) 
(22 47 ) (23 35 36 37 ) (36 49 ) (23 35 36 50 ) (35 48 ) (24 38 ) (16 17 18 19 20 21 22 23 24 25 26 29 35 36 51 ) (16 25 26 27 ) (17 28 ) (18 29 30 ) 
(19 31 ) (20 32 ) (21 33 ) (22 34 ) (23 35 36 37 ) (16 17 18 19 20 21 22 23 24 25 26 29 35 36 38 ) (17 41 ) (18 42 43 ) (19 44 ) (20 45 ) 
(21 46 ) (22 47 ) (23 48 49 50 ) (16 17 18 19 20 21 22 23 24 39 40 42 48 49 51 ) (16 25 26 27 ) (26 39 ) (16 25 26 40 ) (17 28 ) (17 41 ) (18 29 30 ) 
(29 42 ) (18 29 43 ) (19 31 ) (19 44 ) (20 32 ) (20 45 ) (21 33 ) (21 46 ) (22 34 ) (22 47 ) 
(23 35 36 37 ) (36 49 ) (23 35 36 50 ) (35 48 ) (24 38 ) (16 17 18 19 20 21 22 23 24 25 26 29 35 36 51 ) (16 25 26 27 ) (26 39 ) (16 25 26 40 ) (17 28 ) 
(17 41 ) (18 29 30 ) (29 42 ) (18 29 43 ) (19 31 ) (19 44 ) (20 32 ) (20 45 ) (21 33 ) (21 46 ) 
(22 34 ) (22 47 ) (23 35 36 37 ) (36 49 ) (23 35 36 50 ) (35 48 ) (24 38 ) (16 17 18 19 20 21 22 23 24 25 26 29 35 36 51 ) (16 25 26 27 ) (26 39 ) 
(16 25 26 40 ) (17 28 ) (17 41 ) (18 29 30 ) (29 42 ) (18 29 43 ) (19 31 ) (19 44 ) (20 32 ) (20 45 ) 
(21 33 ) (21 46 ) (22 34 ) (22 47 ) (23 35 36 37 ) (36 49 ) (23 35 36 50 ) (35 48 ) (24 38 ) (16 17 18 19 20 21 22 23 24 25 26 29 35 36 51 ) 
(16 25 26 27 ) (26 39 ) (16 25 26 40 ) (17 28 ) (17 41 ) (18 29 30 ) (29 42 ) (18 29 43 ) (19 31 ) (19 44 ) 
(20 32 ) (20 45 ) (21 33 ) (21 46 ) (22 34 ) (22 47 ) (23 35 36 37 ) (36 49 ) (23 35 36 50 ) (35 48 ) 
(24 38 ) (16 17 18 19 20 21 22 23 24 25 26 29 35 36 51 ) (16 25 26 27 ) (26 39 ) (16 25 26 40 ) (17 28 ) (17 41 ) (18 29 30 ) (29 42 ) (18 29 43 ) 
(19 31 ) (19 44 ) (20 32 ) (20 45 ) (21 33 ) (21 46 ) (22 34 ) (22 47 ) (23 35 36 37 ) (36 49 ) 
(23 35 36 50 ) (35 48 ) (24 38 ) (16 17 18 19 20 21 22 23 24 25 26 29 35 36 51 ) (16 25 26 27 ) (26 39 ) (16 25 26 40 ) (17 28 ) (17 41 ) (18 29 30 ) 
(29 42 ) (18 29 43 ) (19 31 ) (19 44 ) (20 32 ) (20 45 ) (21 33 ) (21 46 ) (22 34 ) (22 47 ) 
(23 35 36 37 ) (36 49 ) (23 35 36 50 ) (35 48 ) (24 38 ) (16 17 18 19 20 21 22 23 24 25 26 29 35 36 51 ) (16 25 26 27 ) (26 39 ) (16 25 26 40 ) (17 28 ) 
(17 41 ) (18 29 30 ) (29 42 ) (18 29 43 ) (19 31 ) (19 44 ) (20 32 ) (20 45 ) (21 33 ) (21 46 ) 
(22 34 ) (22 47 ) (23 35 36 37 ) (36 49 ) (23 35 36 50 ) (35 48 ) (24 38 ) (16 17 18 19 20 21 22 23 24 25 26 29 35 36 51 ) )