(() () () () () () (1 3 ) (3 4 ) (4 6 ) (1 2 ) 
(2 3 ) (3 4 ) (4 5 ) (5 6 ) (1 2 ) (2 3 ) (3 4 ) (4 5 ) (5 6 ) (1 2 ) 
(2 3 ) (3 4 ) (4 5 ) (5 6 ) (1 2 ) (2 3 ) (3 4 ) (4 5 ) (5 6 ) (1 3 ) 
(3 4 ) (4 5 ) (5 6 ) (1 2 ) (2 3 ) (3 4 ) (4 5 ) (5 6 ) (1 3 ) (3 4 ) 
(4 5 ) (1 2 ) (2 3 ) (3 4 ) (4 5 ) (5 6 ) (1 2 ) (2 3 ) (3 4 ) (4 5 ) 
(5 6 ) (1 2 ) (2 3 ) (3 4 ) (7 10 11 ) (10 15 ) (7 10 16 ) (10 20 ) (7 10 21 ) (10 25 ) 
(7 10 26 ) (10 34 ) (7 10 35 ) (10 47 ) (7 10 48 ) (10 52 ) (7 10 53 ) (7 39 ) (8 12 ) (8 17 ) 
(8 22 ) (8 27 ) (8 36 ) (8 40 ) (8 49 ) (8 54 ) (9 13 14 ) (13 18 ) (9 13 19 ) (13 23 ) 
(9 13 24 ) (13 28 ) (9 13 29 ) (13 37 ) (9 13 38 ) (13 41 ) (13 50 ) (7 8 9 10 13 51 ) (7 10 11 ) (10 15 ) 
(7 10 16 ) (10 20 ) (7 10 21 ) (10 25 ) (7 10 26 ) (10 34 ) (7 10 35 ) (10 42 ) (7 10 43 ) (10 47 ) 
(7 10 48 ) (10 52 ) (7 10 53 ) (7 30 ) (7 39 ) (8 12 ) (8 17 ) (8 22 ) (8 27 ) (8 31 ) 
(8 36 ) (8 40 ) (8 44 ) (8 49 ) (8 54 ) (9 13 14 ) (13 18 ) (9 13 19 ) (13 23 ) (9 13 24 ) 
(13 28 ) (9 13 29 ) (13 32 ) (9 13 33 ) (13 37 ) (9 13 38 ) (13 41 ) (13 45 ) (9 13 46 ) (13 50 ) 
(7 8 9 10 13 51 ) (10 20 ) (10 25 ) (10 11 30 ) (14 24 ) (14 29 ) (14 33 ) (14 46 ) (13 23 ) (13 28 ) 
(13 32 ) (13 41 ) (13 45 ) (12 22 ) (12 27 ) (12 31 ) (12 40 ) (12 44 ) (12 54 ) (10 21 30 ) 
(10 26 30 ) (30 39 ) (10 30 43 ) (10 30 53 ) (10 42 ) (10 12 13 14 30 52 ) (7 10 11 ) (10 15 ) (7 10 16 ) (10 20 ) 
(7 10 21 ) (10 25 ) (7 10 26 ) (10 34 ) (7 10 35 ) (10 42 ) (7 10 43 ) (10 47 ) (7 10 48 ) (10 52 ) 
(7 10 53 ) (7 30 ) (7 39 ) (8 12 ) (8 17 ) (8 22 ) (8 27 ) (8 31 ) (8 36 ) (8 40 ) 
(8 44 ) (8 49 ) (8 54 ) (9 13 14 ) (13 18 ) (9 13 19 ) (13 23 ) (9 13 24 ) (13 28 ) (9 13 29 ) 
(13 32 ) (9 13 33 ) (13 37 ) (9 13 38 ) (13 41 ) (13 45 ) (9 13 46 ) (13 50 ) (7 8 9 10 13 51 ) (7 10 11 ) 
(10 15 ) (7 10 16 ) (10 20 ) (7 10 21 ) (10 25 ) (7 10 26 ) (10 34 ) (7 10 35 ) (10 42 ) (7 10 43 ) 
(10 47 ) (7 10 48 ) (10 52 ) (7 10 53 ) (7 30 ) (7 39 ) (8 12 ) (8 17 ) (8 22 ) (8 27 ) 
(8 31 ) (8 36 ) (8 40 ) (8 44 ) (8 49 ) (8 54 ) (9 13 14 ) (13 18 ) (9 13 19 ) (13 23 ) 
(9 13 24 ) (13 28 ) (9 13 29 ) (13 32 ) (9 13 33 ) (13 37 ) (9 13 38 ) (13 41 ) (13 45 ) (9 13 46 ) 
(13 50 ) (7 8 9 10 13 51 ) (7 10 11 ) (10 15 ) (7 10 16 ) (10 20 ) (7 10 21 ) (10 25 ) (7 10 26 ) (10 34 ) 
(7 10 35 ) (7 30 ) (8 12 ) (8 17 ) (8 22 ) (8 27 ) (8 31 ) (8 36 ) (9 13 14 ) (13 18 ) 
(9 13 19 ) (13 23 ) (9 13 24 ) (13 28 ) (9 13 29 ) (13 32 ) (9 13 33 ) (13 37 ) (7 8 9 10 13 38 ) (7 10 11 ) 
(10 15 ) (7 10 16 ) (10 20 ) (7 10 21 ) (10 25 ) (7 10 26 ) (10 34 ) (7 10 35 ) (10 42 ) (7 10 43 ) 
(10 47 ) (7 10 48 ) (10 52 ) (7 10 53 ) (7 30 ) (7 39 ) (8 12 ) (8 17 ) (8 22 ) (8 27 ) 
(8 31 ) (8 36 ) (8 40 ) (8 44 ) (8 49 ) (8 54 ) (9 13 14 ) (13 18 ) (9 13 19 ) (13 23 ) 
(9 13 24 ) (13 28 ) (9 13 29 ) (13 32 ) (9 13 33 ) (13 37 ) (9 13 38 ) (13 41 ) (13 45 ) (9 13 46 ) 
(13 50 ) (7 8 9 10 13 51 ) (7 15 16 ) (15 20 ) (7 15 21 ) (15 25 ) (7 15 26 ) (15 34 ) (7 15 35 ) (15 42 ) 
(7 15 43 ) (15 47 ) (7 15 48 ) (15 52 ) (7 15 53 ) (7 30 ) (7 39 ) (8 17 ) (8 22 ) (8 27 ) 
(8 31 ) (8 36 ) (8 40 ) (8 44 ) (8 49 ) (8 54 ) (9 18 19 ) (18 23 ) (9 18 24 ) (18 28 ) 
(9 18 29 ) (18 32 ) (9 18 33 ) (18 37 ) (9 18 38 ) (18 41 ) (18 45 ) (9 18 46 ) (18 50 ) (7 8 9 15 18 51 ) 
(7 10 11 ) (10 15 ) (7 10 16 ) (10 20 ) (7 10 21 ) (10 25 ) (7 10 26 ) (10 34 ) (7 10 35 ) (10 42 ) 
(7 10 43 ) (10 47 ) (7 10 48 ) (10 52 ) (7 10 53 ) (7 30 ) (8 12 ) (8 17 ) (8 22 ) (8 27 ) 
(8 31 ) (8 36 ) (8 44 ) (8 49 ) (8 54 ) (9 13 14 ) (13 18 ) (9 13 19 ) (13 23 ) (9 13 24 ) 
(13 28 ) (9 13 29 ) (13 32 ) (9 13 33 ) (13 37 ) (9 13 38 ) (13 45 ) (9 13 46 ) (13 50 ) (7 8 9 10 13 51 ) 
(7 10 11 ) (10 15 ) (7 10 16 ) (10 20 ) (7 10 21 ) (10 25 ) (7 10 26 ) (10 34 ) (7 10 35 ) (10 42 ) 
(7 10 43 ) (10 47 ) (7 10 48 ) (10 52 ) (7 10 53 ) (7 30 ) (8 12 ) (8 17 ) (8 22 ) (8 27 ) 
(8 31 ) (8 36 ) (8 44 ) (8 49 ) (8 54 ) (9 13 14 ) (13 18 ) (9 13 19 ) (13 23 ) (9 13 24 ) 
(13 28 ) (9 13 29 ) (13 32 ) (9 13 33 ) (13 37 ) (9 13 38 ) (13 45 ) (9 13 46 ) (13 50 ) (7 8 9 10 13 51 ) 
(7 10 11 ) (10 15 ) (7 10 16 ) (10 20 ) (7 10 21 ) (10 34 ) (7 10 35 ) (10 42 ) (7 10 43 ) (10 47 ) 
(7 10 48 ) (10 52 ) (7 10 53 ) (7 39 ) (8 12 ) (8 17 ) (8 22 ) (8 36 ) (8 40 ) (8 44 ) 
(8 49 ) (8 54 ) (9 13 14 ) (13 18 ) (9 13 19 ) (13 23 ) (9 13 24 ) (13 37 ) (9 13 38 ) (13 41 ) 
(13 45 ) (9 13 46 ) (13 50 ) (7 8 9 10 13 51 ) (7 10 11 ) (10 15 ) (7 10 16 ) (10 20 ) (7 10 21 ) (10 25 ) 
(7 10 26 ) (10 34 ) (7 10 35 ) (10 42 ) (7 10 43 ) (10 47 ) (7 10 48 ) (10 52 ) (7 10 53 ) (7 30 ) 
(7 39 ) (8 12 ) (8 17 ) (8 22 ) (8 27 ) (8 31 ) (8 36 ) (8 40 ) (8 44 ) (8 49 ) 
(8 54 ) (9 13 14 ) (13 18 ) (9 13 19 ) (13 23 ) (9 13 24 ) (13 28 ) (9 13 29 ) (13 32 ) (9 13 33 ) 
(13 37 ) (9 13 38 ) (13 41 ) (13 45 ) (9 13 46 ) (13 50 ) (7 8 9 10 13 51 ) (7 10 11 ) (10 15 ) (7 10 16 ) 
(10 20 ) (7 10 21 ) (10 25 ) (7 10 26 ) (10 34 ) (7 10 35 ) (10 52 ) (7 10 53 ) (7 30 ) (7 39 ) 
(8 12 ) (8 17 ) (8 22 ) (8 27 ) (8 31 ) (8 36 ) (8 40 ) (8 54 ) (9 13 14 ) (13 18 ) 
(9 13 19 ) (13 23 ) (9 13 24 ) (13 28 ) (9 13 29 ) (13 32 ) (9 13 33 ) (13 37 ) (9 13 38 ) (7 8 9 10 13 41 ) )