(() () () () () () () () () () 
() (1 2 ) (2 3 ) (3 4 ) (4 5 ) (5 6 ) (6 7 ) (7 8 ) (8 11 ) (1 2 ) 
(2 3 ) (3 5 ) (5 6 ) (6 7 ) (7 8 ) (8 9 ) (9 10 ) (10 11 ) (3 5 ) (5 7 ) 
(7 8 ) (8 9 ) (9 11 ) (1 2 ) (2 5 ) (5 7 ) (7 11 ) (1 2 ) (2 3 ) (3 4 ) 
(4 8 ) (8 11 ) (1 2 ) (2 3 ) (3 4 ) (4 6 ) (6 7 ) (7 8 ) (8 9 ) (9 10 ) 
(10 11 ) (1 2 ) (2 3 ) (3 4 ) (4 5 ) (5 6 ) (6 7 ) (7 8 ) (8 9 ) (9 10 ) 
(10 11 ) (1 2 ) (2 3 ) (3 5 ) (5 6 ) (6 7 ) (7 8 ) (8 9 ) (9 11 ) (1 2 ) 
(2 4 ) (4 5 ) (5 6 ) (6 7 ) (7 8 ) (8 9 ) (9 10 ) (10 11 ) (2 3 ) (3 4 ) 
(4 5 ) (5 6 ) (6 9 ) (9 11 ) (12 20 ) (12 34 ) (12 38 ) (12 70 ) (13 21 ) (13 14 15 35 ) 
(13 15 35 40 ) (15 16 17 18 41 ) (15 17 18 23 41 ) (17 24 ) (15 17 18 41 73 ) (17 74 ) (15 17 18 41 82 ) (17 18 26 83 ) (17 18 19 27 28 83 ) (27 28 33 ) 
(17 27 28 37 83 ) (17 18 27 28 42 83 ) (28 78 ) (27 28 84 ) (27 77 ) (17 18 32 83 ) (17 18 76 83 ) (18 25 ) (15 18 30 41 ) (18 31 ) 
(15 18 36 41 ) (18 75 ) (15 35 71 ) (15 72 ) (13 15 35 80 ) (15 81 ) (13 22 35 ) (13 29 35 ) (13 39 ) (12 13 15 17 18 27 28 35 41 79 83 ) 
(12 20 ) (12 34 ) (12 52 ) (12 62 ) (12 70 ) (13 21 ) (13 14 15 35 ) (13 15 35 54 ) (15 55 ) (15 35 71 ) 
(15 72 ) (19 26 27 28 ) (19 27 28 59 ) (27 60 ) (19 27 28 68 ) (27 28 69 ) (19 27 28 76 ) (27 77 ) (28 61 ) (28 78 ) 
(18 19 37 ) (18 25 ) (18 58 ) (18 67 ) (18 75 ) (17 24 ) (16 17 36 ) (17 57 ) (17 66 ) (17 74 ) 
(16 23 ) (16 56 ) (16 65 ) (16 73 ) (13 22 35 ) (13 35 64 ) (13 53 ) (12 13 15 16 17 18 19 27 28 35 63 ) (12 20 ) (12 34 ) 
(12 38 ) (12 43 ) (12 62 ) (12 70 ) (13 21 ) (13 14 15 35 ) (13 15 35 40 ) (15 16 17 18 41 ) (15 17 18 23 41 ) (17 24 ) 
(17 18 41 46 ) (17 47 ) (15 17 18 41 65 ) (17 66 ) (15 17 18 41 73 ) (17 74 ) (15 17 18 41 82 ) (17 18 26 83 ) (17 18 19 27 28 83 ) (27 28 33 ) 
(17 27 28 37 83 ) (17 18 27 28 42 83 ) (28 51 ) (27 28 69 ) (28 78 ) (27 28 84 ) (27 50 ) (27 77 ) (17 18 32 83 ) (17 18 49 83 ) 
(17 18 68 83 ) (17 18 76 83 ) (18 25 ) (15 18 30 41 ) (18 31 ) (15 18 36 41 ) (18 48 ) (18 67 ) (18 75 ) (13 15 35 45 ) 
(15 35 71 ) (15 72 ) (13 15 35 80 ) (15 81 ) (13 22 35 ) (13 29 35 ) (13 35 64 ) (13 39 ) (13 44 ) (13 63 ) 
(12 13 15 17 18 27 28 35 41 79 83 ) (38 43 ) (38 52 ) (38 62 ) (38 70 ) (39 44 ) (39 53 ) (39 63 ) (39 40 71 ) (42 49 50 51 ) 
(42 50 51 59 ) (50 60 ) (42 50 51 68 ) (50 51 69 ) (42 50 51 76 ) (50 77 ) (41 42 46 50 51 83 ) (42 47 48 50 51 83 ) (47 57 ) (42 47 50 51 58 83 ) 
(47 66 ) (42 47 50 51 67 83 ) (47 74 ) (42 47 50 51 75 83 ) (41 42 50 51 55 56 83 ) (39 41 42 50 51 56 64 71 83 ) (56 65 ) (41 42 50 51 56 72 83 ) (56 73 ) (41 42 50 51 56 81 83 ) 
(56 82 ) (50 51 84 ) (51 61 ) (51 78 ) (39 45 71 ) (39 54 71 ) (39 71 80 ) (38 39 41 42 47 50 51 56 71 79 83 ) (12 20 ) (12 52 ) 
(12 62 ) (12 70 ) (13 21 ) (13 53 ) (13 63 ) (13 14 71 ) (19 26 27 28 ) (19 27 28 32 ) (27 28 33 ) (19 27 28 59 ) 
(27 60 ) (19 27 28 68 ) (27 28 69 ) (19 27 28 76 ) (27 77 ) (17 18 19 27 28 83 ) (27 28 84 ) (28 61 ) (28 78 ) (18 25 ) 
(18 31 ) (18 58 ) (18 67 ) (18 75 ) (17 24 ) (16 17 30 ) (17 57 ) (17 66 ) (17 74 ) (16 23 ) 
(16 56 ) (16 65 ) (16 73 ) (16 82 ) (13 15 22 71 ) (13 15 29 71 ) (15 55 ) (13 15 64 71 ) (15 72 ) (15 81 ) 
(13 54 71 ) (13 71 80 ) (12 13 15 16 17 18 19 27 28 71 79 ) (20 34 ) (20 38 ) (20 43 ) (20 52 ) (20 62 ) (20 70 ) (21 22 35 ) 
(27 28 33 ) (25 26 27 28 37 ) (26 27 28 42 ) (28 51 ) (28 61 ) (27 28 69 ) (28 78 ) (27 50 ) (27 60 ) (27 77 ) 
(26 32 ) (26 49 ) (26 59 ) (26 68 ) (26 76 ) (25 31 ) (21 23 24 25 35 40 41 ) (21 23 24 25 35 41 45 ) (24 25 41 46 ) (21 23 24 25 35 41 54 ) 
(23 24 25 41 55 ) (23 24 25 35 41 71 ) (23 24 25 41 72 ) (25 48 ) (25 58 ) (25 67 ) (25 75 ) (23 24 30 ) (23 24 36 ) (24 47 ) 
(24 57 ) (24 66 ) (24 74 ) (23 56 ) (23 65 ) (23 73 ) (21 29 35 ) (21 35 64 ) (21 39 ) (21 44 ) 
(21 53 ) (20 21 23 24 25 26 27 28 35 41 63 ) (12 20 ) (12 34 ) (12 38 ) (12 43 ) (12 52 ) (12 62 ) (12 70 ) (13 21 ) 
(13 14 15 35 ) (13 15 35 40 ) (15 16 17 18 41 ) (15 17 18 23 41 ) (17 24 ) (17 18 41 46 ) (17 47 ) (15 17 18 41 56 ) (17 57 ) (15 17 18 41 65 ) 
(17 66 ) (15 17 18 41 73 ) (17 74 ) (15 17 18 41 82 ) (17 18 26 83 ) (17 18 19 27 28 83 ) (27 28 33 ) (17 27 28 37 83 ) (17 18 27 28 42 83 ) (28 51 ) 
(28 61 ) (27 28 69 ) (28 78 ) (27 28 84 ) (27 50 ) (27 60 ) (27 77 ) (17 18 32 83 ) (17 18 49 83 ) (17 18 59 83 ) 
(17 18 68 83 ) (17 18 76 83 ) (18 25 ) (15 18 30 41 ) (18 31 ) (15 18 36 41 ) (18 48 ) (18 58 ) (18 67 ) (18 75 ) 
(13 15 35 45 ) (13 15 35 54 ) (15 55 ) (15 35 71 ) (15 72 ) (13 15 35 80 ) (15 81 ) (13 22 35 ) (13 29 35 ) (13 35 64 ) 
(13 39 ) (13 44 ) (13 53 ) (13 63 ) (12 13 15 17 18 27 28 35 41 79 83 ) (12 20 ) (12 34 ) (12 38 ) (12 43 ) (12 62 ) 
(12 70 ) (13 21 ) (13 14 15 35 ) (13 15 35 40 ) (15 16 17 18 41 ) (15 17 18 23 41 ) (17 24 ) (17 18 41 46 ) (17 47 ) (15 17 18 41 65 ) 
(17 66 ) (15 17 18 41 73 ) (17 74 ) (15 17 18 41 82 ) (17 18 26 83 ) (17 18 19 27 28 83 ) (17 27 28 37 83 ) (17 18 27 28 42 83 ) (28 51 ) (27 28 69 ) 
(28 78 ) (27 28 84 ) (27 50 ) (27 77 ) (17 18 49 83 ) (17 18 68 83 ) (17 18 76 83 ) (18 25 ) (15 18 36 41 ) (18 48 ) 
(18 67 ) (18 75 ) (13 15 35 45 ) (15 35 71 ) (15 72 ) (13 15 35 80 ) (15 81 ) (13 22 35 ) (13 35 64 ) (13 39 ) 
(13 44 ) (13 63 ) (12 13 15 17 18 27 28 35 41 79 83 ) (12 20 ) (12 34 ) (12 38 ) (12 43 ) (12 62 ) (12 70 ) (13 21 ) 
(13 14 15 35 ) (13 15 35 40 ) (15 16 17 18 41 ) (15 17 18 23 41 ) (17 24 ) (17 18 41 46 ) (17 47 ) (15 17 18 41 65 ) (17 66 ) (15 17 18 41 73 ) 
(17 74 ) (15 17 18 41 82 ) (17 18 26 83 ) (17 18 19 27 28 83 ) (27 28 33 ) (17 27 28 37 83 ) (17 18 27 28 42 83 ) (28 51 ) (27 28 69 ) (28 78 ) 
(27 28 84 ) (27 50 ) (27 77 ) (17 18 32 83 ) (17 18 49 83 ) (17 18 68 83 ) (17 18 76 83 ) (18 25 ) (15 18 30 41 ) (18 31 ) 
(15 18 36 41 ) (18 48 ) (18 67 ) (18 75 ) (13 15 35 45 ) (15 35 71 ) (15 72 ) (13 15 35 80 ) (15 81 ) (13 22 35 ) 
(13 29 35 ) (13 35 64 ) (13 39 ) (13 44 ) (13 63 ) (12 13 15 17 18 27 28 35 41 79 83 ) )