(() () () () (1 2 ) (2 3 ) (3 4 ) (1 2 ) (2 3 ) (3 4 ) 
(1 2 ) (2 3 ) (1 2 ) (2 3 ) (3 4 ) (1 2 ) (2 3 ) (3 4 ) (1 2 ) (2 3 ) 
(3 4 ) (1 2 ) (2 3 ) (3 4 ) (1 4 ) (1 4 ) (1 2 ) (2 3 ) (3 4 ) (1 2 ) 
(2 3 ) (3 4 ) (8 11 ) (8 13 ) (8 16 ) (8 19 ) (8 22 ) (8 9 10 25 ) (8 10 12 25 ) (8 10 14 25 ) 
(10 15 ) (8 10 17 25 ) (10 18 ) (8 10 20 25 ) (10 21 ) (8 10 23 25 ) (10 24 ) (8 10 25 28 ) (10 29 ) (25 26 ) 
(8 10 25 27 ) (11 13 ) (11 16 ) (11 19 ) (11 22 ) (11 12 15 25 ) (11 14 15 25 ) (11 15 17 25 ) (15 18 ) (11 15 20 25 ) 
(15 21 ) (11 15 23 25 ) (15 24 ) (11 15 25 28 ) (15 29 ) (11 15 25 31 ) (15 32 ) (25 26 ) (11 27 ) (11 15 25 30 ) 
(5 8 ) (5 11 ) (5 13 ) (5 16 ) (5 19 ) (5 22 ) (5 6 7 25 ) (5 7 9 25 ) (7 10 ) (5 7 12 25 ) 
(5 7 14 25 ) (7 15 ) (5 7 17 25 ) (7 18 ) (5 7 20 25 ) (7 21 ) (5 7 23 25 ) (7 24 ) (5 7 25 28 ) (7 29 ) 
(5 7 25 31 ) (7 32 ) (25 26 ) (5 27 ) (5 7 25 30 ) (11 13 ) (11 19 ) (11 22 ) (11 12 15 25 ) (11 14 15 25 ) 
(11 15 20 25 ) (15 21 ) (11 15 23 25 ) (15 24 ) (11 15 25 28 ) (15 29 ) (11 15 25 31 ) (15 32 ) (11 27 ) (11 15 25 30 ) 
(5 8 ) (5 11 ) (5 13 ) (5 16 ) (5 19 ) (5 22 ) (5 6 7 25 ) (5 7 9 25 ) (7 10 ) (5 7 12 25 ) 
(5 7 14 25 ) (7 15 ) (5 7 17 25 ) (7 18 ) (5 7 20 25 ) (7 21 ) (5 7 23 25 ) (7 24 ) (5 7 25 28 ) (7 29 ) 
(5 7 25 31 ) (7 32 ) (25 26 ) (5 27 ) (5 7 25 30 ) (8 11 ) (8 13 ) (8 16 ) (8 19 ) (8 22 ) 
(8 27 ) (9 12 ) (9 14 ) (9 17 ) (9 20 ) (9 23 ) (9 28 ) (10 15 ) (10 18 ) (10 21 ) 
(10 24 ) (8 9 10 29 ) (8 11 ) (8 13 ) (8 16 ) (8 19 ) (8 22 ) (8 9 10 25 ) (8 10 12 25 ) (8 10 14 25 ) 
(10 15 ) (8 10 17 25 ) (10 18 ) (8 10 20 25 ) (10 21 ) (8 10 23 25 ) (10 24 ) (8 10 25 28 ) (10 29 ) (8 10 25 31 ) 
(10 32 ) (25 26 ) (8 27 ) (8 10 25 30 ) (5 8 ) (5 11 ) (5 13 ) (5 16 ) (5 19 ) (5 22 ) 
(5 6 7 25 ) (5 7 9 25 ) (7 10 ) (5 7 12 25 ) (5 7 14 25 ) (7 15 ) (5 7 17 25 ) (7 18 ) (5 7 20 25 ) (7 21 ) 
(5 7 23 25 ) (7 24 ) (5 7 25 28 ) (7 29 ) (5 7 25 31 ) (7 32 ) (25 26 ) (5 27 ) (5 7 25 30 ) (5 8 ) 
(5 13 ) (5 16 ) (5 22 ) (5 6 7 25 ) (5 7 9 25 ) (7 10 ) (5 7 14 25 ) (7 15 ) (5 7 17 25 ) (7 18 ) 
(5 7 23 25 ) (7 24 ) (5 7 25 28 ) (7 29 ) (25 26 ) (5 7 25 27 ) (5 8 ) (5 11 ) (5 13 ) (5 27 ) 
(6 9 ) (6 12 ) (6 14 ) (6 28 ) (7 10 ) (7 15 ) (5 6 7 29 ) (8 11 ) (8 13 ) (8 16 ) 
(8 19 ) (8 9 10 25 ) (8 10 12 25 ) (8 10 14 25 ) (10 15 ) (8 10 17 25 ) (10 18 ) (8 10 20 25 ) (10 21 ) (8 10 25 28 ) 
(10 29 ) (25 26 ) (8 10 25 27 ) (5 11 ) (5 13 ) (5 16 ) (5 22 ) (5 6 7 25 ) (5 7 12 25 ) (5 7 14 25 ) 
(7 15 ) (5 7 17 25 ) (7 18 ) (5 7 23 25 ) (7 24 ) (5 7 25 28 ) (7 29 ) (5 7 25 31 ) (7 32 ) (5 27 ) 
(5 7 25 30 ) (5 11 ) (5 13 ) (5 19 ) (5 22 ) (5 6 7 25 ) (5 7 12 25 ) (5 7 14 25 ) (7 15 ) (5 7 20 25 ) 
(7 21 ) (5 7 23 25 ) (7 24 ) (5 7 25 31 ) (7 32 ) (25 26 ) (5 7 25 30 ) (5 8 ) (5 13 ) (5 16 ) 
(5 19 ) (5 22 ) (5 6 7 25 ) (5 7 9 25 ) (7 10 ) (5 7 14 25 ) (7 15 ) (5 7 17 25 ) (7 18 ) (5 7 20 25 ) 
(7 21 ) (5 7 23 25 ) (7 24 ) (5 7 25 28 ) (7 29 ) (5 7 25 27 ) (8 11 ) (8 19 ) (8 9 10 25 ) (8 10 12 25 ) 
(8 10 20 25 ) (10 21 ) (8 10 25 28 ) (10 29 ) (8 10 25 31 ) (10 32 ) (25 26 ) (8 27 ) (8 10 25 30 ) )