(NIL (1) (2) (3) (4) (5) (5) (6 7) (8) (8) (6 7) (11) (9 12) (13) (10 14) (14)
 (10 14) (17) (15) (18 19) (16 20) (16 20) (16 20) (23) (21 22 24) (21 23) (26)
 (25 27) (27) (25 29) (28 30) (31) (28 30) (33 31) (34) (30) (36 28) (35 37)
 (35 37) (39) (40 38 32) (39 32) (41 42) (43) (43) (41 42) (43 46) (44 45 47)
 (45 47) (49) (50 48) (50 48) (51 52) (53) (54) (55) (56) (54) (58 56) (57 59)
 (60) (60) (62) (61 63) (64) (65) (66) (67) (68) (68) (69 70) (71) (72) (73)
 (74) (75) (76) (76) (77 78) (79) (80) (81) (79) (81 83) (84) (85) (82 86)
 (82 85) (88) (89 87) (90) (91) (92) (93) (94) (95) (96) (97) (98) (98) (100)
 (99 100) (102) (103) (101 104) (105) (106) (107) (108) (109) (110) (108)
 (111 112) (113) (113) (114 115) (116) (117) (118) (119) (118) (121 120) (122)
 (123) (124) (125) (125) (126 127) (127) (129) (130 126) (129 128) (131 132)
 (133) (133) (134 135) (136) (137) (138) (136) (137 140) (139 141) (142) (143)
 (144) (145) (146) (145) (148) (147 149) (147 148) (150 151) (152) (153) (148)
 (155 150 151) (156) (153 157) (158) (158) (159 160) (154 157) (161 162) (163)
 (164) (164) (165 166) (166) (167 168) (169) (168) (165 168) (170 171 172)
 (173) (170 172) (173 175) (174 176) (171 175) (177 178) (178 174) (179 180)
 (181) (182) (183) (184) (184) (186) (185 187) (188) (187) (188 190) (189 191)
 (189 191) (191) (193 194 192) (195) (195) (196 197) (198) (197))