(NIL NIL (2 1) (3) (1) (4 5) (6) (7) (8) (9) (10) (10) (12) (11 13) (14) (15)
 (16) (15) (18 16) (19) (20) (17 21) (21) (22 23) (24) (25) (26) (27) (22 23)
 (27 29) (28 29) (31) (30) (33 31) (32 34) (35) (36) (36) (37 38) (35) (37 40)
 (41 38) (39 40) (42 43) (42 43) (45) (46) (44 47) (48) (49) (50) (51) (51)
 (53) (54) (53) (54 56) (57 52) (58) (59) (59) (61) (60 62 55) (63) (63)
 (65 64) (66) (63) (65 68 64) (60 62 55) (66 69 70) (69 70) (67 72) (73) (74)
 (75 71) (76) (77) (78) (79) (80) (81) (80) (82 83) (84) (81 83) (84 86)
 (85 87) (88) (82 83) (89 90) (89 90) (92) (91 93) (94) (95) (96) (97) (98)
 (97) (98 100) (98 100) (99 102) (101 103) (104) (105) (106) (107) (108) (109)
 (109) (110 111) (112) (113) (114) (113) (116) (114 116) (115 116) (118 119)
 (117 118 119) (121 120) (122) (123) (124) (125) (126) (127) (128) (129) (127)
 (129 131) (132) (130 133) (134) (133) (136) (130 136) (138) (137 139 134)
 (140 135) (141) (142) (141) (140) (145 143) (146 144) (147) (147)
 (145 143 144) (149 150) (147 150) (148 151 152) (153) (154) (155) (156) (157)
 (154) (157 159) (160) (160) (161 162 158) (163) (164) (165) (166) (167) (168)
 (169) (168) (170 171) (168) (170 171 173) (174) (174) (172 176) (177 175)
 (172 176) (178 179) (180) (178 179) (181 182) (181 182) (184) (183 184)
 (185 186) (187) (184) (187 189) (190) (188 191) (188 191) (193 192) (187 189)
 (194 195) (196) (196) (195 192) (197 199))