(NIL (1) (2) (2) (3 4) (3 4) (6) (5 7) (8) (9) (9) (10 11) (12) (13) (13)
 (14 15) (16) (13) (18) (19 15) (20 16) (21) (22) (17 23) (22) (20 16) (25 26)
 (17 23) (28 27 24) (29) (30) (30) (32) (31 32) (33 34) (34) (36) (35 37)
 (35 37) (38 39) (33 36) (41 38 39) (42 40) (42) (43 44) (44) (46 40) (47) (48)
 (47) (50 45) (51 48) (49 52) (53) (53) (54 55) (56) (54 55) (58 56) (59) (60)
 (57 61) (62) (63) (64) (63) (65 66) (65 66) (68) (67 69) (70) (70) (71 72)
 (70) (73 74) (73 74) (76) (75 77) (78) (79) (79) (78) (81 82 80) (83) (83)
 (85) (84 86) (86) (88) (88) (90 87) (91) (89 92) (93) (94) (95) (96) (97) (98)
 (99) (100) (97) (101 102) (103) (100 102) (105 103) (105 104) (107) (106 108)
 (109) (110) (111) (112) (111) (113 114) (113 114) (115 116) (117) (118) (119)
 (120) (121) (122) (120) (123 124) (125) (126) (126) (128) (129 127) (130)
 (131) (131) (132 133) (134) (135) (135) (137) (138) (139) (138 136) (140 141)
 (141) (142 143) (144) (145) (146) (147) (148) (149) (150) (151) (152) (153)
 (154) (154) (156) (157) (155 158) (156) (155 158 160) (155 158 160)
 (161 162 159) (161 162 159) (163 164) (165) (166) (167) (167) (169 168)
 (169 168) (171) (170 171) (172 173) (174) (174) (176) (177) (178 175) (177)
 (180) (178 180 175) (182) (181 183) (179 184) (179 184) (185 186) (187) (188)
 (189) (190) (189) (190 192) (191 192) (193 194) (195) (196) (194) (196 198)
 (197 199))