(NIL (1) (1) (2) (4 3) (5) (4 3) (6 7) (8) (9) (10) (11) (12) (13) (14) (13)
 (12) (17 14) (8) (18 19) (20 16) (21) (19 15) (21 23) (24) (22 24) (24)
 (26 27) (25 28) (29) (30) (31) (31) (33 32) (34) (34) (36) (37) (35 37)
 (35 36) (40) (41 38) (42 39) (43) (44) (45) (46) (46) (48) (49) (50 47) (51)
 (49 47) (53) (50 54) (50 54) (52 55 56) (57) (58) (59) (60) (61) (62) (63)
 (64) (64) (65 66) (67) (68) (69) (70) (68) (69 72) (73 71) (71 72) (73 75)
 (74 76) (77) (77) (76) (78 80) (81 79) (82) (82) (83 84) (85) (86) (79 80)
 (85 88) (89 87) (89 86) (90 91) (87 88) (92 93) (94) (95) (96) (97) (98) (99)
 (97) (100 101) (102) (103) (104) (103) (106) (107) (105 108) (109) (110) (109)
 (111 112) (113) (114) (114) (116) (117) (114) (118 119) (115 116 119)
 (121 120) (122) (123) (122) (124 125) (126) (127) (128) (129) (130) (131)
 (132) (133) (133) (135) (136) (137 134) (137 134) (138 139) (139) (139)
 (141 142) (140 143) (144) (145) (146) (147) (148) (147) (149 150) (149 150)
 (151 152) (153) (151 152) (155) (153 156) (154 157) (154 156) (158 159) (160)
 (161) (162) (160) (163 164) (165) (166) (165) (167 168) (169) (168) (171 167)
 (170 172) (170 171) (173 174) (174) (173 176) (177 175) (178) (172 176)
 (177 180) (178 181) (178 180) (179 183) (179 181 183) (185) (186 182 184)
 (187) (188) (187) (188 190) (189 191) (188 190) (193 189 191) (194) (195 192)
 (196) (196) (195 192) (197 199))