(NIL (1) (2) NIL (4 3) (5) (6) (5) (7 8) (9) (10) (11) (12) (13) (14) (10)
 (11 16) (17 15) (18) (17 15) (20) (19 21) (19 20) (23) (22 24) (22 24) (24)
 (27 22) (26 28) (25 26 27) (28 30) (26 28) (28 30) (33 32) (34 31) (33 32)
 (35 36) (37) (36) (37 39) (40) (29 38 40) (42) (41 43) (41 42) (44 45) (46)
 (47) (48) (49) (47) (50 51) (52) (53) (54) (55) (56) (57) (58) (59) (59)
 (60 61) (61) (63) (62 63) (65 64) (66) (67) (66) (69) (68 70) (71) (70)
 (73 72) (74) (75) (74) (76 77) (78) (79) (80) (81) (82) (82) (84) (83 85) (86)
 (87) (88) (89) (90) (91) (92) (93) (93) (95) (94 96) (97) (98) (99) (100)
 (101) (101) (99) (101 104) (105 103) (106 102) (106 102) (107 108) (109) (110)
 (111) (109) (113 111) (114) (115) (116) (117 112) (117) (116 112) (118 120)
 (116) (122 119 120) (121 123) (122 118) (124 125) (126) (127) (128) (129)
 (129) (130 131) (130 131) (132 133) (134) (130 131) (135 136) (137) (138)
 (139) (140) (141) (139) (141 143) (142 144) (145) (145) (147) (148) (149)
 (149) (150 151) (152) (153) (154) (153) (146 156 154) (157) (158) (155 159)
 (159) (161) (162 160) (163) (164) (165) (166) (167) (167) (167) (169 170)
 (169 170) (171 172) (173) (172 168) (174 175) (176) (177) (178) (178) (177)
 (174 175) (180 182) (183) (184) (185 179 181) (186) (187) (188) (189) (190)
 (191) (192) (193) (194) (195) (195) (190) (197 198) (195 198))