(NIL NIL (2 1) (2 1) (4) (4) (6) (4) (7 8) (7 8) (9 10 3 5) (11) (12) (13) (11)
 (13 15) (13 15) (17 14) (18 16) (19) (20) (19) (21 22) (21 22) (24) (25)
 (26 23) (27) (27) (27) (30) (28 29 30) (31 32) (33) (34) (35) (36) (37) (38)
 (39) (39) (39) (41 42 40) (41 42) (43 44) (43 44) (46) (45 47) (45 46) (49 48)
 (50) (50) (52) (49 48) (50 54) (55) (52 56) (53 56) (58) (57 58 51) (60)
 (58 51) (61 62) (63) (59 64) (59 61 62) (65 66) (66 63) (65 68) (69) (67 70)
 (68 64) (67 70 72) (73) (74 71) (73) (76) (77) (74 77) (79 78 71) (75 80) (81)
 (80) (83) (82 84) (85) (85) (85) (86 87 88) (86 88) (89 90) (90) (92 87)
 (91 93) (94) (95) (95) (97) (97) (98 99 96) (100) (101) (102) (101) (102 104)
 (103 104) (106) (105 107) (108) (108) (109 110) (111) (112) (113) (114) (114)
 (115 116) (117) (117) (119) (120) (121 118) (120) (123 118) (122 124) (125)
 (126) (127) (128) (129) (130) (130) (132) (132) (133 134) (135) (131 135)
 (137) (138) (138 136) (140) (139 140) (141 142) (143) (143) (145) (146 144)
 (146 144) (147 148) (149) (150) (151) (152) (151) (153 154) (155) (156) (157)
 (153 154) (156 159) (158 159) (161 160) (161 160) (163) (162 164) (165) (166)
 (167) (168) (168) (169 170) (166) (169 170 172) (173) (171 173) (173)
 (174 176) (171 173) (177 178) (179 175) (180) (179) (182 175) (182)
 (181 183 184) (185) (186) (187) (187) (189) (188 190) (191) (191) (193 192)
 (194) (194) (195 196) (197) (198) (198))