(NIL (1) (2) (3) (3) (4 5) (6) (7) (8) (9) (10) (11) (12) (13) (14) (15) (15)
 (17 16) (18) (19) (19) (20 21) (22) (23) (23) (25 24) (26) (27) (28) (27)
 (29 30) (31) (32) (33) (34) (35) (36) (37) (38) (39) (40) (41) (42) (43) (44)
 (45) (44) (46 47) (48) (49) (50) (50) (52) (53) (51 54) (51 53) (54 56)
 (57 55) (58) (59) (60) (59) (61 62) (61 62) (64) (63 64) (66) (67) (67)
 (68 69) (70) (65 71) (72) (73) (74) (75) (76) (77) (77) (78 79) (80) (81) (82)
 (83) (84) (85) (85) (86 87) (88) (89) (90) (91) (92) (93) (93) (95) (94 96)
 (96) (98 94) (97 99) (100) (101) (102) (103) (104) (105) (106) (107) (108)
 (109) (110) (111) (112) (113) (114) (113) (115 116) (117) (118) (118)
 (119 120) (121) (122) (123) (124) (125) (126) (127) (128) (129) (129)
 (130 131) (130 131) (132 133) (134) (135) (136) (137) (138) (138) (140)
 (139 140) (141 142) (142) (143 144) (141 144) (145 146) (147) (148) (149)
 (150) (151) (149) (153 152) (153 152) (155) (154 156) (157) (158) (159) (160)
 (161) (162) (163) (163) (164 165) (166) (167) (168) (169) (170) (169)
 (171 172) (173) (174) (174) (175 176) (177) (177) (178 179) (180) (181) (182)
 (183) (184) (185) (185) (187) (186 188) (189) (190) (191) (192) (193) (194)
 (195) (196) (197) (198) (199) (200) (201) (202) (203) (203) (204 205) (206)
 (204 205) (207 208) (209) (209) (210 211) (212) (213) (214) (215) (215)
 (217 216) (218) (217 216) (219 220) (221) (222) (223) (224) (225) (226) (227)
 (228) (229) (230) (231) (230) (233 232) (234) (235) (236) (237) (238) (239)
 (240) (239) (241 242) (243) (244) (245) (245) (246 247) (248) (249) (250)
 (250) (251 252) (253) (253) (255) (256) (257 254) (258) (259) (260) (259)
 (260 262) (261 262) (264) (265 263) (266) (263 264) (266 268) (269) (267 270)
 (271) (271) (271) (273 274 272) (275) (276) (277) (278) (279) (280) (281)
 (282) (283) (284) (285) (284) (285 287) (286 288) (289) (290) (291) (292)
 (293) (294) (295) (296) (297) (297) (298 299) (300) (300) (302) (301 303)
 (302) (305 304) (306) (307) (308) (309) (310) (311) (312) (312) (313 314)
 (315) (316) (316) (317 318) (319) (320) (321) (322) (323) (324) (325) (326)
 (327) (328) (329) (329) (330 331) (332) (333) (334) (335) (336) (337) (338)
 (339) (340) (341) (342) (343) (344) (345) (346) (347) (348) (349) (350) (351)
 (352) (353) (354) (355) (356) (356) (357 358) (359) (360) (361) (359)
 (361 363) (362 364) (365) (366) (366) (367 368) (369) (370) (371) (372) (373)
 (374) (374) (376) (377 375) (378) (379) (380) (379) (382) (381 383) (381 383)
 (385 384) (386) (386) (387 388) (389) (390) (391) (392) (393) (394) (393)
 (395 396) (397) (397) (398 399) (400) (400) (401 402) (403) (404) (404)
 (405 406) (407) (407) (409) (410) (410 408) (411 412) (413) (414) (415) (416)
 (417) (418) (418) (419 420) (421) (421) (422 423) (424) (422 423) (425 426)
 (427) (428) (429) (430) (431) (432) (433) (434) (435) (436) (436) (437 438)
 (439) (440) (439) (442 440) (441 443) (444) (445) (446) (447) (448) (449)
 (450) (451) (452) (453) (454) (455) (456) (457) (458) (459) (460) (461) (461)
 (462 463) (464) (465) (466) (464) (467 468) (467 468) (469 470) (471) (472)
 (473) (474) (475) (476) (476) (477 478) (478) (479 480) (481) (482) (483)
 (484) (485) (486) (487) (486) (489) (489 488) (490 491) (492) (493) (494)
 (494) (495 496) (497) (497) (499))