(NIL (1) (2) (3) (4) (5) (6) (7) (8) (9) (10) (10) (12) (13) (11 14) (15) (15)
 (17) (18 16) (19) (20) (21) (22) (23) (24) (25) (26) (27) (28) (29) (30) (31)
 (32) (33) (34) (35) (36) (37) (38) (39) (40) (41) (40) (42 43) (42 43) (45)
 (44 46) (47) (48) (47) (49 50) (51) (52) (53) (54) (55) (56) (57) (58) (59)
 (59) (60 61) (61) (62 63) (64) (65) (66) (67) (68) (69) (70) (71) (72) (73)
 (73) (75) (74 76) (77) (78) (79) (80) (81) (82) (82) (83 84) (85) (85) (86 87)
 (85) (89 86 87) (90 88) (91) (92) (93) (94) (94) (95 96) (97) (98) (99) (100)
 (100) (102) (101 102) (103 104) (105) (106) (107) (108) (109) (110) (111)
 (112) (112) (113 114) (110) (113 114 116) (115 117) (118) (119) (120) (121)
 (120) (122 123) (124) (125) (126) (127) (127) (129) (130 128) (131) (132)
 (133) (134) (135) (136) (137) (137) (138 139) (140) (137) (141 142) (143)
 (138 142) (145 144) (146) (147) (148) (149) (150) (151) (152) (153) (154)
 (155) (156) (157) (158) (159) (160) (161) (162) (162) (163 164) (165) (165)
 (166 167) (168) (169) (170) (171) (172) (173) (174) (173) (175 176) (177)
 (177) (178 179) (178 179) (180 181) (182) (183) (183) (185) (186 184) (187)
 (188) (189) (190) (191) (192) (193) (194) (195) (196) (197) (198) (199) (200)
 (201) (202) (203) (204) (205) (206) (206) (207 208) (209) (210) (211) (212)
 (213) (214) (215) (216) (216) (217 218) (219) (220) (221) (221) (222 223)
 (224) (225) (225) (226 227) (228) (229) (230) (230) (231 232) (233) (234)
 (235) (234) (235 237) (238) (239) (240) (236 240) (242) (241 242) (243 244)
 (243 244) (245 246) (247) (248) (248) (249 250) (249 250) (251 252) (253)
 (254) (255) (256) (257) (256) (258 259) (260) (261) (261) (262 263) (264)
 (265) (266) (267) (267) (268 269) (270) (271) (272) (273) (274) (275) (276)
 (277) (278) (279) (280) (281) (282) (283) (284) (285) (284) (286 287) (288)
 (289) (290) (291) (292) (291) (293 294) (295) (296) (292 294) (297 298) (299)
 (300) (301) (302) (303) (304) (304) (305 306) (305 306) (307 308) (309) (310)
 (311) (312) (313) (314) (315) (315) (316 317) (318) (319) (320) (321) (322)
 (322) (323 324) (325) (326) (327) (328) (325) (329 330) (331) (332) (333)
 (334) (335) (336) (337) (338) (339) (340) (340) (341 342) (343) (344) (345)
 (346) (345) (347 348) (349) (350) (351) (352) (353) (354) (355) (356) (357)
 (358) (359) (359) (361 360) (362) (363) (364) (364) (366) (367) (368)
 (369 365) (370) (370) (371 372) (373) (374) (375) (376) (377) (374) (377 379)
 (380) (381) (378 382) (383) (384) (385) (386) (387) (388) (386) (389 390)
 (391) (392) (393) (394) (395) (394) (395 397) (396 397) (398 399) (398 399)
 (401 400) (402) (403) (404) (403) (405 406) (407) (408) (409) (410) (409)
 (411 412) (413) (413) (414 415) (416) (417) (418) (419) (420) (421) (422)
 (423) (424) (425) (426) (427) (427) (428 429) (430) (431) (430) (433 431)
 (433 432) (434 435) (436) (437) (438) (439) (440) (441) (441) (442 443)
 (442 443) (444 445) (446) (447) (448) (449) (450) (450) (452) (451 453) (454)
 (455) (456) (457) (457) (459) (460) (458 461) (462) (463) (464) (464)
 (465 466) (467) (468) (469) (470) (471) (470) (473 471) (474 472) (475) (476)
 (477) (478) (479) (480) (481) (482) (483) (484) (485) (486) (487) (488) (488)
 (489 490) (491) (492) (491) (492 494) (495) (493 496) (497) (498) (497))