(NIL (1) (2) NIL (4 3) (5) (6) (4 3) (7 8) (9) (10) (11) (12) (13) (12) (13 15)
 (14 16) (17) (18) (19) (20) (21) (22) (23) (24) (25) (26) (26) (28) (29) (30)
 (27 31) (32) (32) (34) (35) (33 36) (37) (38) (39) (40) (41) (42) (41) (43 44)
 (45) (46) (43 44) (48) (49 47) (50) (51) (52) (52) (53 54) (55) (56) (57) (58)
 (59) (59) (60 61) (62) (63) (62) (65 64) (66) (67) (68) (69) (70) (70) (71 72)
 (73) (73) (74 75) (76) (77) (78) (79) (80) (80) (81 82) (83) (84) (85) (85)
 (87) (86 87) (89) (90 88) (91) (92) (93) (94) (95) (96) (97) (97) (99)
 (98 100) (101) (102) (103) (104) (105) (104) (106 107) (108) (106 107)
 (109 110) (111) (112) (113) (114) (115) (116) (117) (118) (119) (120) (121)
 (122) (121) (124) (123 125) (126) (127) (128) (129) (129) (130 131) (132)
 (133) (132) (134 135) (136) (137) (138) (138) (139 140) (141) (142) (143)
 (143) (145 144) (146) (146) (148) (147 149) (150) (151) (152) (153) (154)
 (155) (156) (157) (158) (158) (159 160) (161) (162) (163) (164) (165) (166)
 (167) (168) (169) (170) (171) (171) (172 173) (174) (175) (176) (177) (178)
 (179) (180) (181) (182) (183) (184) (185) (186) (186) (187 188) (189) (190)
 (190) (191 192) (193) (194) (195) (196) (197) (198) (199) (200) (201) (202)
 (203) (204) (203) (204 206) (205 207) (205 207) (209) (209 208) (211) (212)
 (212) (210 214) (213 215) (216) (217) (218) (219) (220) (221) (222) (223)
 (224) (224) (225 226) (226) (225 228) (227 229) (230) (231) (231) (233)
 (234 232) (235) (234 232) (236 237) (238) (239) (240) (241) (242) (243) (244)
 (245) (246) (247) (248) (249) (250) (251) (252) (251) (253 254) (255) (256)
 (257) (257) (258 259) (260) (261) (262) (263) (264) (265) (266) (267) (268)
 (267) (269 270) (271) (271) (273) (273 272) (275) (276) (277) (274 277) (279)
 (278 280) (281) (282) (283) (284) (285) (286) (287) (288) (289) (290) (291)
 (292) (293) (294) (295) (295) (297 296) (298) (299) (300) (301) (302) (303)
 (304) (305) (306) (306) (308) (307 308) (309 310) (311) (312) (313) (314)
 (314) (315 316) (317) (318) (319) (320) (321) (321) (323) (322 324) (325)
 (326) (325) (327 328) (329) (330) (330) (332) (331 333) (334) (335) (336)
 (337) (338) (339) (339) (340 341) (342) (342) (344) (345 343) (346) (345)
 (347 348) (349) (350) (351) (352) (353) (354) (355) (356) (355) (356 358)
 (359) (356 358) (361 357 360) (362) (362) (363 364) (363 364) (366) (365 367)
 (368) (369) (370) (370) (371 372) (373) (371 372) (374 375) (373 375)
 (377 374) (378 376) (377 376) (380) (378 381) (379 382) (383) (384) (384)
 (385 386) (387) (388) (389) (390) (391) (392) (393) (393) (394 395) (394 395)
 (396 397) (398) (399) (400) (401) (402) (403) (404) (404) (405 406) (407)
 (408) (409) (410) (411) (411) (411) (412 413 414) (412 414) (415 416) (417)
 (418) (418) (419 420) (421) (422) (423) (424) (425) (426) (426) (426)
 (428 429) (429) (428 431) (427 432) (433) (427 430 432) (435) (434 436) (437)
 (438) (439) (440) (440) (441 442) (442) (441 444) (443 445) (446) (447) (448)
 (449) (450) (451) (452) (453) (454) (451) (455 456) (457) (458) (459) (460)
 (460) (462) (461 463) (464) (464) (465 466) (467) (468) (469) (470) (471)
 (472) (473) (474) (473) (475 476) (477) (478) (479) (480) (479) (481 482)
 (483) (483) (484 485) (486) (487) (488) (489) (490) (491) (492) (493) (494)
 (495) (496) (497) (498) (499))