(NIL (1) (2) (3) (4) (4) (5 6) (7) (8) (8) (9 10) (8) (11 12) (13) (14) (15)
 (16) (17) (17) (18 19) (20) (21) (22) (23) (24) (23) (25 26) (27) (28) (29)
 (30) (30) (31 32) (33) (34) (35) (35) (37) (36 37) (38 39) (40) (40) (40)
 (42 43) (41 44) (45) (46) (47) (47) (49 48) (46) (50 51) (52) (53) (54) (55)
 (55) (55) (58 56) (57 59) (60) (61) (62) (62) (63 64) (65) (66) (67) (68) (68)
 (69 70) (71) (71) (73 72) (74) (73) (74 76) (75 76) (77 78) (78) (77 80)
 (81 79) (82) (83) (84) (85) (86) (86) (87 88) (89) (90) (91) (92) (93) (93)
 (94 95) (96) (97) (98) (98) (99 100) (101) (102) (103) (104) (105) (106) (107)
 (108) (109) (110) (111) (112) (113) (114) (115) (116) (117) (118) (119) (120)
 (119) (122) (121 123) (124) (125) (126) (127) (128) (129) (130) (131) (132)
 (133) (134) (135) (136) (137) (138) (139) (140) (141) (142) (143) (144) (145)
 (146) (147) (147) (148 149) (150) (148 149) (150 152) (153 151) (154) (155)
 (156) (157) (156) (158 159) (160) (161) (162) (163) (163) (164 165) (166)
 (167) (166) (169 167) (170) (170 168) (171 172) (173) (174) (175) (176) (177)
 (176) (177 179) (178 180) (181) (182) (183) (184) (185) (186) (187) (188)
 (189) (189) (191) (190 192) (193) (194) (195) (196) (196) (198) (199)
 (197 200) (197 200) (202) (201 203) (204) (205) (206) (207) (208) (209) (210)
 (211) (212) (213) (214) (215) (216) (217) (218) (219) (220) (221) (222) (222)
 (224) (223 224) (226) (225 227) (228) (229) (230) (230) (231 232) (233) (234)
 (233) (234 236) (235 237) (235 237) (238 239) (240) (241) (240) (242 243)
 (244) (244) (246) (245 247) (248) (249) (250) (251) (250) (252 253) (254)
 (255) (256) (257) (258) (259) (260) (261) (262) (261) (263 264) (265) (266)
 (267) (267) (267) (268 269 270) (271) (272) (273) (274) (275) (276) (277)
 (278) (278) (279 280) (281) (282) (283) (284) (285) (286) (287) (288) (289)
 (289) (290 291) (292) (293) (294) (294) (295 296) (297) (295 296) (299)
 (298 300) (301) (297 299) (302 303) (304) (305) (306) (307) (308) (307)
 (308 310) (309 311) (312) (313) (312) (314 315) (316) (317) (318) (319) (320)
 (319) (321 322) (323) (321 322) (324 325) (326) (327) (328) (329) (330) (331)
 (332) (332) (334) (333 335) (336) (337) (338) (339) (340) (339) (341 342)
 (343) (344) (345) (346) (347) (348) (349) (350) (351) (352) (353) (352)
 (354 355) (356) (357) (357) (359) (358 360) (361) (362) (363) (364) (365)
 (366) (365) (367 368) (369) (370) (371) (372) (373) (372) (374 375) (376)
 (377) (378) (379) (376) (380 381) (382) (383) (384) (385) (386) (387) (388)
 (389) (389) (390 391) (392) (393) (394) (394) (396) (395 397) (398) (398)
 (399 400) (401) (402) (403) (404) (405) (406) (406) (407 408) (407 408)
 (409 410) (411) (411) (412 413) (414) (415) (416) (417) (418) (419) (420)
 (421) (422) (423) (424) (425) (426) (427) (427) (428 429) (430) (431) (432)
 (433) (433) (435) (434 436) (437) (438) (439) (440) (441) (442) (443) (444)
 (445) (446) (447) (448) (449) (449) (450 451) (452) (452) (453 454) (455)
 (456) (457) (455) (458 459) (460) (461) (462) (462) (463 464) (465) (466)
 (467) (468) (469) (469) (471) (470 472) (473) (474) (475) (476) (475) (478)
 (479) (477 478) (481 480) (481 480) (483) (482 484) (482 483) (485 486) (487)
 (488) (489) (489) (489) (490 492) (491 493) (494) (495) (496) (497) (498)
 (499))