(NIL (1) NIL (2 3) NIL (5 4) (5 3) (2) NIL (9 5) (10) (11 7) (2 10) (13 6 8)
 (4 10 7) (15) (16) (14 11 17) (13 17 12) (11 17) (13 16) (14 11 21) (17 22)
 (23) (23 20) (22 20) (26) (27 12) (27) (18 29 24) (18 22 12) (27 31 24)
 (19 32) (25 33) (25 33 30) (19 32) (36 28) (36 29) (25 30 38) (33 37 39)
 (35 40) (41 34) (33 28 39) (42 43) (44) (45) (46) (47) (45) (49) (50 46)
 (51 48) (51) (53) (50) (55) (56) (57 48) (57 52) (56 52 53) (58 60) (61)
 (56 54 47) (63) (64 60) (65 59) (64 59 62) (52) (65 68 62) (57 68 54 60)
 (59 70) (64 70) (66 68 67) (73) (73) (68 67) (71 76 69 73) (74 75 76 72)
 (71 78) (79) (69 80) (81) (82) (83 77) (84) (84) (81 77) (81) (86 87 88)
 (83 88) (90 86) (89 91) (91 85) (90 87) (84 94) (89 91 95) (86 94) (97 91)
 (90 84) (89 99 95) (100 92) (101) (97 93 102) (100 98 92 96) (97 91 100)
 (105 104) (106) (107 85 102) (108 103) (108) (108) (108 103) (112)
 (113 109 110 111) (113 109 111) (114 115) (116) (117) (118) (117) (120) (121)
 (120) (122 123) (124) (125 118) (124) (127) (127 119) (124 119) (130 127)
 (131 126) (132) (133) (130) (126 135) (132 136) (137 128) (129 136) (131 139)
 (138 140 134) (129 126 135) (130 126 127) (129 143 136) (134 143 128)
 (145 135) (137 146 142 144) (138 139 146) (137 146 140 144) (149 147 148 141)
 (150) (138 149) (148 152) (153 141 142) (154 150) (153 142) (156 150)
 (153 151) (155 158) (141 152) (159 160) (161) (162 156) (163) (163) (151 160)
 (162 166) (156 151 160) (154 168) (154 168) (170 165 166) (169 171) (170 158)
 (169 163 173) (169 173 171 157 167) (169 173 165) (164 167 176) (176)
 (178 172 157) (171 164 176) (180 157) (172 181) (180 174 175) (178 181 183)
 (180 157) (185 179 175) (185 167) (187 182) (177 188 174) (187 183) (179 180)
 (177 187 191 184) (188 191 183) (177 193) (194 189 184) (195 190)
 (179 180 167) (197 189 191 183) (186 198) (196 199 192) (195 197)
 (201 198 192) (201 190) (186 203 196) (204 199) (205) (201 200) (205 207)
 (202 206 208) (209) (210) (211) (208) (213) (206 214) (211 215) (216) (217)
 (202 215) (211 213) (217 220) (220) (217 222) (221 223) (219 222) (225 224)
 (226) (219 222) (225 228 221) (217 228) (218 212 230) (231) (221 230)
 (233 226 229 231) (234 232) (233 226 232) (227 236) (234 236)
 (233 218 212 229) (234 239) (240 232) (241 227 235) (242 236) (243) (244)
 (226 239 232) (246) (227 235 246) (243 248) (241 237 238 247 248) (250 244)
 (251) (249 251) (253) (241 236 248) (245 255) (253 256) (257) (258) (259)
 (255) (250 261) (259 252 262) (254 262 256) (257 262) (252 253 256) (264 266)
 (267 265) (258 268) (259 269) (267 259 265) (271) (260 270 272) (270 271)
 (274 260) (274 260 272) (275 276) (273 274 263) (276 278) (279) (278)
 (274 263) (282 275 278) (283 276) (283 276) (281 283 279) (286) (287)
 (283 280) (289 284 285) (290 277) (291) (281 292) (293 286) (294) (295)
 (287 296) (295 287) (298) (297 298) (298 296) (294) (291 287)
 (299 302 303 288) (304 296) (305 301) (306) (297 301 303) (308 300 288)
 (296 303 288) (307 309 310) (311) (311) (311) (314) (315) (314 312) (317)
 (318) (313 319) (320) (319) (322 320) (323) (324) (323) (326) (321 316 327)
 (324 316 327) (315 326) (313 322 316) (331 324) (331 328) (333 330 325)
 (329 334) (335) (335) (335) (329 332 334) (339 335) (340 336) (337 338 341)
 (337 341) (338 343) (344) (345) (346) (347 342) (348) (349) (346) (345 342)
 (348 352) (353 349) (344) (355 351) (356 348) (343) (347 358 351)
 (353 349 359) (347 358 351) (361 349 352) (354 357 362) (363 360)
 (363 350 359) (363) (366) (365 367) (368 360) (350 359 366) (370 367)
 (371 368 360) (370) (364 373 368) (369 372 374) (375) (376) (372 374) (378)
 (379) (366) (381 374) (372 381) (369 380 383) (379 383 376) (385) (386) (386)
 (388) (385) (377 389 382 390) (388 390) (385) (393 387 384) (394 391)
 (377 394 382 392) (394) (397 392) (396 389 398) (399) (397 391) (401 396)
 (402 395) (403 398) (403 400) (404 405) (405) (407) (406 407) (403) (403 400)
 (410 411 404 407) (412) (412) (403 400) (409 413 415 408) (412 415)
 (417 413 406) (418) (417 413) (409 420) (419 421 416) (421 416) (419 423)
 (424) (424) (426) (427 422) (425 428) (414 424) (430) (431) (425 422 432)
 (425 428 431) (434) (433 435) (434) (437 435 429 432) (438) (438) (440) (441)
 (442 436) (440) (433 442 444) (437 432) (433 446 440) (441 436 446)
 (442 439 448) (449 445))