(NIL (1) (2) (3) NIL (5 3) NIL (7) (8 2) (9) (10 5) (10 6) (11 12) (11 6)
 (14 13) (15 4) (16) (17) (18) (18) (16) (17 21) (22) (21) (15) (25) (25 23 24)
 (27) (27 20) (26 19 29) (30) (25 18 23) (27 20 32) (33 28) (34 30) (35)
 (26 34) (37 29) (36 38) (36 37) (38 40) (41 39) (42) (39 40) (43 44) (45 31)
 (44) (47) (47 31) (49) (47) (41 49 51) (52) (50 43 53) (54 48) (46 55) (56)
 (57) (58) (59) (60) (58) (58) (46 54) (64) (59 62 64) (66 63) (67) (67 60)
 (67) (65 60 70) (71) (69 68 61 71) (73 72) (74) (73) (75 76) (76) (77 78)
 (68 70) (63 64) (81 77 78) (81 74 78) (81 75) (82 83 84) (85) (84 76)
 (82 87 79) (88) (89) (90) (91 85) (90 86 80) (89 86) (90 94 80) (90 94) (89)
 (97 92 95) (98) (99) (97 92 94) (98 101) (102) (103 96) (99 93 104) (105)
 (106) (106) (103) (108 100 109) (110) (107 110) (111 112) (110) (114 107)
 (114 112) (113 116) (117) (118) (115 117) (114) (113 121 115 116)
 (121 111 112) (122 123 118) (124) (125) (126 120) (125) (125) (129 119 128)
 (130) (130) (132) (132 127) (123 120) (131 134 135) (136) (137) (138) (137)
 (140) (124 135) (132 142 127) (138 140 133 143) (139 142) (145 141) (146 144)
 (147) (148) (149) (150) (150) (150) (153) (153) (147) (153 156 151) (157)
 (157) (155 159) (159) (154 156) (156 149) (161 163 158 160) (155 157 163)
 (161 154 165 160) (161 162 165 152) (167) (158 167 160) (169) (170) (169 164)
 (172) (170 173 166 168) (170 173 168) (167) (170 172 166 176) (169 176)
 (173 176) (178 179) (177 180 175) (170 180) (182 175) (171 182 175) (181 184)
 (185 183) (186) (187 174) (187 174) (186 174) (166 184) (185 174 191)
 (174 183 184) (193 187 192) (193 181 191) (185 195) (187 195)
 (194 188 197 190) (189 198) (197 189) (188 197 190 192) (193 188)
 (202 195 189) (201 194 203) (196 204) (205 198) (206 199 200) (207) (205 198)
 (209 206 199 200) (203 199) (201 211 196) (209 212 208) (213) (214) (212)
 (216) (209 217 206 200) (218 215) (218 214) (218 215) (221) (222) (222)
 (223 224) (225 219 220) (226) (227) (210 227) (229) (210 227) (231) (232)
 (232) (234) (235) (235 229) (236 237) (235 228) (237 239) (236 229 239)
 (235 229) (242) (233 242 236 237) (244 238) (234) (246 240 244 230 238)
 (243 247) (245 248) (245 247) (249 250) (251) (250 248) (249 253)
 (233 236 246 240) (253 255) (241 244 230 255) (249 250 257) (257)
 (259 252 253) (241 245 255) (251 261 259) (252 253 262) (253 262) (264)
 (260 264) (266) (267) (268) (269 254) (269 254 263) (262) (269 272)
 (265 258 271 273) (266 254 272) (265 268 263 272) (258 276 254) (258 276 270)
 (274 277 278) (276 256) (274 270 280) (281) (273 277 278 280) (283 271)
 (274 277 278 280) (284 285) (275 286 279) (273 276) (274 275 288 256)
 (271 272) (265 273 290 256) (281 275 291 278) (292 284 285 279) (282 293 287)
 (294) (289 295) (296) (282 293 287) (298 288) (297 299) (300) (301) (302)
 (303) (303) (305) (306 304) (305) (308) (302) (306 310) (308 311) (301)
 (313 306) (314 312 304) (314) (313 307 309) (316 317 312) (314 317 310) (319)
 (316 317 311) (321 319) (322) (322 312) (321) (321 312) (323 325 326)
 (315 327) (323 326) (329 315 325 318) (329 315) (331 327) (330 331 320)
 (332 333) (334) (334) (334) (337 324) (338) (338) (340) (341 335)
 (341 335 336) (337 324) (344 336) (345 341 335 328) (339 344 343 328) (331)
 (348 335 328) (346 349 342) (349 341 344) (346 351 343) (339 352) (353)
 (353 350) (346 342 351) (353 356) (357 350) (356 350) (354 355 359) (345 349)
 (361 354 356) (362 355) (362 355) (361 360) (362 365) (363 357 366) (366)
 (347 357 363 368) (357 368) (369 370 364) (370 347 363 358) (369 370)
 (372 373 367) (373) (371 375) (367 376) (372 376) (358 375) (379 367)
 (371 380 374) (381) (377 381) (378 383) (381 376) (373) (386 379 372 376)
 (386 364 374) (371 388) (378 389 382) (390) (387 391) (387 390 384) (385 393)
 (393) (389 381 376) (385 396 382 383) (394 397) (395 398 391) (399 392)
 (395 398 392) (401) (398) (394 395 397 391) (402 404) (405) (406) (403 405)
 (406 408) (409 400) (410) (409) (406 408) (411 413) (414) (412 414) (404 400)
 (417 406) (416 418) (411 413 418) (412 400) (416 418 421) (422) (420 423)
 (422) (425) (426 420) (425) (428) (428 420) (429 430 424) (431)
 (427 419 432 415) (426 431 407) (419 431 415) (426 435) (433 434 436)
 (433 436) (431 415) (434 438 439) (440) (437 440) (442) (443) (442) (441 442)
 (446) (440) (445 448) (449 447))