(NIL (1) NIL (3 2) (1) (5) (6) (2 5) (1) (9 5) (9) (11 4 8) (11 7) (4 13) (14)
 (15) (10 15 8) (17 12 16) (15 8) (17 19 16) (20) (21) (19) (20 23) (18 22 24)
 (13) (18 20 23 26) (27) (28 21) (28 21 24) (30) (31) (22 32) (29 32) (29 31)
 (35) (25 36) (37) (35) (10 12 15 26) (25 33 40) (33 36 40) (34 42) (43) (44)
 (45 37) (44) (25 47) (39 48) (49) (50 38) (51 45) (49) (41 53 51 45) (54) (54)
 (51 53) (57 46 56) (25 47 39) (59 56) (58 52 55 60) (57 60 46) (62) (63 55)
 (62) (59 46 54) (66 61) (66 62) (68 52) (67 69 64) (69 64) (65 70 71) (68 52)
 (73 69 55) (74 72) (75) (74) (77 72) (78) (75 79) (77 70 71) (81 78)
 (65 74 70 71) (81 75 83 78) (73 70) (85 72) (82 86) (83 85) (81 79 88) (78 88)
 (89 90) (91 84) (92 86 80) (93) (94) (94) (87 96) (76 94) (98) (99 95 96)
 (100 87) (97 101) (100) (99 95 87) (97 104) (105 103) (106 101) (89 82 86 90)
 (108 104 96) (109 103) (110) (105 110) (108 76 94) (113 107 111) (114) (115)
 (114) (117) (108 102) (115 119) (120) (121 117) (122 118 112) (121 118 112)
 (116 118 119) (125) (117 119) (123 124 125 127) (128) (129) (125 127 120)
 (131 124) (129 132) (123 132) (129 134) (135) (135) (134 128)
 (138 130 133 136) (138) (130 140 126) (137 141) (133 142) (142) (138)
 (145 143 136) (146 144) (147) (148) (149) (150) (139 150) (151 152) (139 150)
 (139 149) (155 150) (153 156) (156) (139 148) (154 155 159) (159 151)
 (153 161 158 160) (162) (163 157) (164) (162) (163 166) (157 167) (168)
 (169 165) (170) (171) (172) (173) (171) (169) (168) (177) (178 172 175 176)
 (179) (164 168) (181 174 175) (172 181 176) (178 173 183) (183) (185 184)
 (185 184) (186 187 182) (188) (181 179 173) (188 190) (189 191) (180 188 190)
 (187 180 182 190) (190) (195 180 189) (194 196) (197 191) (193 198 192) (199)
 (193 196) (196 191) (202) (193 203) (204 192) (205 200) (206) (207) (206)
 (209) (210) (210) (201 211 212 207) (210 207) (214) (209) (213 215 216) (217)
 (218) (212 216) (212 216) (221 213) (219 222) (201 221 214) (215 224)
 (211 220 224 208) (225 218 226) (227 223) (221 213) (217 226 229) (230 223)
 (219 227 230) (218 222 230) (227 230) (225 220 229) (235 223)
 (234 228 231 236) (233 236 231 232) (234 228 238) (235 232) (233 235 231 232)
 (241 234 236) (242 238) (243) (242 240) (241 234 240) (241 237) (243 245 247)
 (243 247) (249 245) (250) (251 246) (252 248) (252 248) (254 239) (255)
 (251 244 246 239 248) (257 255) (258 256) (258 253) (257 256) (261) (261 253)
 (263) (263) (265) (265 260 262) (267 264) (268) (266 259 269) (266 269) (271)
 (266 268) (260 263) (274) (259 275 271) (274 267) (276 277) (273 270 278)
 (279) (280) (273 275 277 270) (282 271) (265 274 262) (284 279) (285 272)
 (282 286) (282 284 280) (273 284 278) (289 285) (289) (284 276 277)
 (281 292 283 291 286) (293 288) (290 293 288) (291 292 287) (295 296) (297)
 (297) (290 296) (300 295) (301) (298 299 294 302) (303) (304) (298 302)
 (306 304) (300 294) (308 304) (291 292 280) (306 310 303) (298 300 310)
 (303 312) (313 304) (313) (305 315 311) (316) (317) (314 307 318) (317 309)
 (316 308) (321 318) (305 315 309) (321 323 320) (305 313) (325 323 317)
 (307 324 325 318) (327) (319 328) (329) (314 326 328) (322 331 330) (332)
 (330 331) (329 331) (327 319) (322 331 336) (337 333 335) (322 331 336 330)
 (339) (337 340 333) (341) (342 335) (334 342) (341 334) (341 334)
 (345 338 346) (346 342) (348 335) (345 349 344) (345 349) (338 351)
 (347 343 352) (353 344) (349) (353 355) (354 356) (357) (356) (354 350 359)
 (357 360) (361) (354 350 359) (363 357 360) (362 364) (365) (363)
 (361 364 367) (357 367) (361 358 367) (362 370) (361 358 367) (372)
 (370 372 365 368) (361 363) (369 366 375 374) (374 375) (375 368)
 (377 378 371) (379 366) (379 373) (381 366) (381 376) (383) (371 375)
 (385 366 374) (386 380 373) (387 382 376) (387 383) (389) (390) (382 391 384)
 (382 391) (389) (394 390 384) (394 390) (385 383) (388 397 390) (397 382 390)
 (393 399) (396 400 392) (401 388) (401) (403) (394 400) (395 399) (404 406)
 (407) (388 396 406) (409 403 405) (410 404) (401 409 405) (402 405 406)
 (402 403 406) (404 413 398 414) (410 404 398 414) (416 408) (417) (418) (418)
 (417 415) (421) (411 419 422) (420 423) (424) (419 421) (426 420)
 (426 411 420) (418 421) (427 412 429) (425 427 429) (429 423) (432 424)
 (425 426 433) (434 431) (435 430) (433) (436 437) (428 438) (439)
 (434 437 431) (425 427 432) (441 442 438) (443) (441 442 428 430) (445 438)
 (445 438) (443 446 447) (444 448 440) (439 448))