(NIL (1) (1) NIL NIL (5) (5) (6 7) (8) (9 4) (2 10) (3 9) (2 4) (7 1) (3 14 10)
 (14 10) (12 16) (3 16) (18 15) (18 13 15) (20 12) (21) (22) (11 23) (3 16)
 (25 24) (11 19 25) (27 21) (28 23) (29 24) (26 30) (17 29) (32) (33 26 30)
 (21) (35 34 31) (35 27 22) (26 37 29) (38) (32 37) (36 40) (41) (42)
 (32 26 37) (42 44 38) (45) (46) (45) (43 46 39 48) (46 48) (50 47) (43 45)
 (52) (53 47 39) (33 44 39 40) (43 55 47 48) (49 53 56) (49 53 56) (51 52 56)
 (49 59) (49 51 54 55) (57 60 61) (49 55) (54 63) (64 61 56) (58 60 64) (66)
 (57 67 61) (68 62) (69) (67 62) (69 71) (65 70 71) (66) (65 74 70) (75) (76)
 (73 75) (73 75 72) (76 79) (80) (81 78) (81 78) (83 77) (84) (84) (86)
 (82 85 87) (82 83) (89) (90 85) (91 86) (92) (93) (91) (89 87) (94 96) (97 88)
 (98 95) (93 96) (100 94 95) (99 101) (100 95 88) (97 103) (102 104) (97 103)
 (100 95) (107 102) (108) (109 104) (110) (106 111) (106 110) (113) (114 111)
 (115) (114 111) (105 117) (115 117) (119) (116 119) (109) (122 117) (122 117)
 (124 112) (116 125) (105 124 116) (121 127 112) (128) (129 126 120) (127)
 (131 128) (130 132 118) (133) (123 134) (135) (136) (132 120) (138 134) (138)
 (138 133) (139 141) (138 133) (139 143 136) (139 143) (145 140) (145 144)
 (147 140 141) (148) (137 148) (150) (151) (146 151) (145 140 135)
 (154 142 150) (146 155 151) (155 152) (146 157) (156 158) (142 143)
 (153 155 160 149 152) (161 158) (162) (157 160) (161 164 159) (156 149 164)
 (164 158) (167) (153 156 167) (169) (162 166 170) (163 165 171) (153 149 167)
 (173 166) (171 174) (163 174) (175 159 176) (177 168) (178 172)
 (162 173 165 166 168) (177 180) (177 180) (172 182) (181 183) (184) (185)
 (186) (183) (188 181) (179 188) (186 190) (191) (192) (193) (194 187 189)
 (195) (191) (197 189) (196 198) (199) (200) (197 192) (202 189) (201 203)
 (203 200) (202) (195 206) (198 207) (207 200) (209 203) (202 195)
 (209 203 211 208) (204 212) (201 212) (213 214) (214) (216) (212)
 (218 204 205 216) (217 219 215) (220) (210 219 215) (218 215 216)
 (210 218 205 216) (220 222 224) (221 224) (226 222) (226) (228) (227 229)
 (229) (231) (225 232) (222 231) (234 232) (226 223) (227 236) (235 237)
 (225 235 237) (239) (236 230) (241 238 239) (241 232) (241 231) (242 244 240)
 (242 244 240) (241 238) (243 246 247) (243 247) (246 247) (233 250 245)
 (245 247) (242 240) (249 253 250) (249 253 250) (253 243 250) (256)
 (233 255 257) (233 248 254 245 257) (259) (260 255) (261) (262) (263) (256)
 (233 248 265 257) (258 266 251 263) (266 254 245) (267 268) (269 252) (270)
 (270 264) (272) (266 259 251 252 255) (274 270) (275) (276) (276)
 (278 271 272) (273 279) (277 279) (276 272) (273 276 271) (281 282 283) (275)
 (281 285) (274 264) (276 287 271 272) (277 288) (282 288 286 280)
 (283 286 287) (282 283 286 287 280) (289 292) (284 293) (291 293) (284 293)
 (290 296) (297 295) (298) (299) (299) (298 294) (301 302) (303) (300 304)
 (302) (296) (305 307) (308) (309) (310) (311) (312) (312) (310) (306 315)
 (310) (315 317 312) (318) (306 319) (318) (305 306 307) (313 321 322) (323)
 (324) (324 316) (314 326 319) (327) (323 316) (322 318) (330 324 316)
 (322 312) (332 327 320) (329 332) (314 331 332 325 326) (335 328) (336 320)
 (337 333) (338 334) (329 336) (340) (340 320) (342) (338 341 343) (338 340)
 (345 341) (346) (347 343) (348 334) (346 334) (345 339) (337 340 334)
 (339 352 344) (339 341 342 352) (354 347) (354 344) (356 348) (357 350)
 (353 358) (353 356 348 350) (354 348) (361 358 351) (362 349) (361 358 360)
 (355 364) (362 349 359 365) (365) (367) (351 368) (369 349 359) (366 367)
 (371 368) (372) (369 363 373) (372) (349 367) (363 376 368) (377 375)
 (369 378 373) (379) (380) (379) (382) (380 374 383) (383) (385 370) (386 384)
 (387) (385 380 374) (386 389) (383) (380 382) (385 381 392) (387 389 392)
 (381 391 392) (387 389 395) (396) (387 395) (389 398) (399) (393 397 390 400)
 (401) (393 394 395) (402 403) (388 404) (403 400) (402 388 406) (407)
 (404 407) (405 407) (410) (410) (410) (413 408) (413) (415) (410 408)
 (417 411 413) (418) (417) (420) (421) (411 422) (418 414 415 423)
 (409 424 416) (413 422) (409 426 419 414 416) (425 426 419) (409 418 426 416)
 (425 429) (411 421 416) (419 431 424) (429 414 423 431) (425 433 412)
 (433 412 424) (435 430) (419 436) (434 427 428 437) (434 427 428 436 432)
 (435) (434 428 440) (439 440) (442) (443) (444 438) (427 435) (444 446)
 (446 439) (442 438 448) (438 448))