(NIL (1) NIL (3 2) (3 2) (5) (6) (4) (8) (8 5) (7 10) (10 6) (11 12) (13) (14)
 (11 12) (16 15) (11) (16 18) (19 9 15) (20) (20) (16 9 14) (21 23) (23)
 (25 20) (25 20) (27 21 22) (28) (26 27 22) (29 30) (31 24) (25 24) (33 26 22)
 (34 32) (34 32) (36) (37) (35 38) (35 38) (33 31) (41 17 40) (42) (42) (42 39)
 (45) (43 44 45) (42) (43 45 48) (49) (50) (51) (51) (49) (53 54) (55 46 47)
 (55 47) (46 47 54) (58 52) (59) (60) (61 56) (57 60) (59 56) (57 61 64)
 (61 64) (61 63 64) (67) (67) (69) (70) (70) (72) (73 68 71) (62 64) (73 75)
 (65 76) (65 76) (74 78) (79) (79) (66 77 78 74) (82) (74 76) (83 84 80)
 (83 84) (81 86) (85 87) (86 80) (81 82 84) (89 90 88) (91) (90 87) (93 88)
 (92 94) (89 93) (96 88) (97 94) (97 92 94) (98 99 95) (92 96) (97 101 94)
 (98 99 101) (103 95) (103 95) (105 102 104) (101 94) (97 107) (108 103 95)
 (106 109) (110) (111) (100 112) (109 102) (113 114) (105 114) (116 110)
 (105 114 104) (118 112) (113 116 119) (119) (117 118 112) (122 120) (113 122)
 (121 123 124) (125) (126) (127) (126) (129) (130) (129 115) (131 132 127)
 (125) (134 128) (135) (132 127 134) (130 137 128) (138 133) (139) (140)
 (135 141) (136 142) (142) (141) (136 145) (136 137) (115 126) (148 128)
 (149 142) (150 146) (143 147 151) (143 144 151) (143 151) (154) (147 151)
 (152 156) (157 153) (144 151) (159 152 156) (160 158) (160 158) (161 162 154)
 (159 157) (163 164) (165) (155 165) (167) (167) (168 169) (169) (168 171)
 (172) (173) (170 172) (153 164) (176 171) (177 175) (176 166 175) (179 178)
 (179 177) (181) (178 182) (182) (178 181) (185 173) (186 182) (186 180 183)
 (181 173) (187 189) (180 190 174) (190) (180 174 192) (193) (194) (195 183)
 (190 174) (180 197 183 184) (198) (188 199) (191 200) (194 188 198) (193 197)
 (196 203 184) (195 203 198 191) (205 202 204 199) (206) (207) (201 207) (206)
 (201 206) (201 195) (212 196 205 202) (207 213) (208 209 214) (214) (216 209)
 (216) (216 215) (212) (208 220 211 213) (216 221) (222 209) (223 215)
 (217 223) (216 220 215) (223 226) (220 214) (218 224 228) (220 211 218 215)
 (227 230 219) (230 228) (221 232) (217 210 224 232) (234) (231 235 225)
 (219 235 225) (227 210 232) (238) (239) (236 240) (231 234 240) (237 240)
 (231 234 239) (244 240 235) (236 245) (246 233) (237 242 247) (248) (243 248)
 (247) (229 251) (242 246) (243 248 229 253 241) (243 253 252 241)
 (243 251 253 241) (256) (257 254) (258) (257 229) (260) (261 258 255) (246)
 (249 254 263 255) (263 255) (265 249 254 260) (264 266 250 261) (267 259)
 (267 258) (259 269) (269) (262 265) (272 270 271) (272 269) (274)
 (275 268 270) (275 259) (277) (278) (270 279) (280 276) (281) (273 278)
 (276 283 279) (272 270 271) (285 281) (273 285 280) (282 286 287) (288 284)
 (286 287 283) (290) (282 291) (291 288) (292 293) (294 284) (293) (296)
 (289 297 295) (295 296) (293) (300 284) (292 301) (298 302) (303) (304)
 (305 299) (305) (289 302 295) (308 303) (307 309) (307 309) (299 310 311)
 (311) (313 310) (313) (306 315 312) (314 299 315) (306 317 312) (313 312)
 (315 319) (316 317 319) (321 318) (306 311) (321 323 320) (324) (321 323)
 (325 318 326) (322 327) (310 311) (329 318 326) (329 318 320) (331)
 (322 332 327) (331 324) (334) (330 325 335) (336 332 328) (327 336) (335)
 (339 333 336) (339 332 328) (337 339) (340 342) (343) (342) (345 341 343)
 (338 346 344) (347) (348) (346) (348 350) (349 350) (351 352) (351 352) (354)
 (355) (353 355) (357) (353 354) (354) (352) (361 358 360) (361 356 357 360)
 (363) (364 359) (361 356 357) (361 356 358 360) (362 366 367) (365 368)
 (367 364 366 359) (370 365) (366 367) (367 364 366 359) (361 356 357)
 (374 358 360) (362 373 375 370) (371 376) (370 365 374) (371 374 368)
 (379 372 376) (378 380) (380) (378 382) (377 378 380) (378 380)
 (377 385 381 383) (386) (369 386) (377 385) (388 389 384) (369 386 389) (391)
 (369 389 382) (377 385 381) (394 386 384) (395 391) (396 392) (397 390)
 (393 395) (388 399 391) (400 392) (399) (390 399 392) (387 396 403)
 (401 402 404) (401 403) (405 398 406) (406) (405 397 408) (409 398)
 (402 404 406) (411 397) (412 398 408) (404 397 406) (402 406) (409 413 415)
 (409 412 398 415) (412 415) (418 413 407) (417 419) (420 414) (410 421 416)
 (422) (422) (423 424) (425) (426) (425) (428) (422) (422) (428 430 431)
 (426 428 430 431) (430 431) (426 429 434 432) (427 435) (433 427 435) (437)
 (436 438) (426 429 434) (440) (441 439) (437 440) (440) (439 440) (441 445)
 (446) (447) (442 448) (442 445))