(NIL NIL NIL (1 3) NIL (2 5) NIL (3 7) (1 7) (4 9 8) NIL NIL (11 12) NIL
 (11 14) (7 14) (5 14) (2 14) (6 18 17) NIL (20 3) (1 20) (21 4 22) NIL (24 14)
 (24 11) (15 26 25) (24 5) (17 28 25) (24 2) (18 30 25) (30 6 28) (19 29 32 31)
 NIL (20 34) (34 7) (34 3) (21 37 35) (36 37 8) (1 34) (22 35 40) (36 9 40)
 (37 40 4) (43 38 23 41) (42 43 10 39) NIL (46 34) (24 46) (46 14) (49 48 25)
 (46 12) (46 11) (48 26 52) (49 15 52) (53 50 27 54) (52 13 51) (46 7)
 (36 57 47) (49 57 16) (46 3) (37 60 47) (57 60 8) (58 39 61 62) (1 46)
 (64 47 40) (57 9 64) (42 58 65 66) (4 60 64) (68 43 61 65) (68 10 66 62)
 (67 69 70 45 63) NIL NIL (73 46) (73 34) (74 47 75) (73 24) (48 77 74) (73 14)
 (49 79 74) (77 79 25) (80 50 78 81) (73 12) (83 74 51) (73 11) (74 85 52)
 (77 85 26) (53 78 86 87) (85 79 15) (89 54 80 86) (89 81 87 27)
 (90 55 91 82 88) (83 13 85) (84 56 93 86) (73 7) (57 74 95) (36 95 75)
 (58 96 97 76) (79 95 16) (99 59 80 96) (73 3) (101 74 60) (101 37 75)
 (102 103 61 76) (101 95 8) (102 105 96 62) (103 39 105 97) (104 63 106 107 98)
 (73 1) (109 74 64) (109 40 75) (110 65 111 76) (109 9 95) (113 96 66 110)
 (42 113 111 97) (112 114 115 67 98) (101 4 109) (68 102 117 110)
 (43 103 117 111) (69 104 118 119 112) (113 117 10 105) (121 114 70 106 118)
 (121 115 45 119 107) (71 108 116 120 122 123))