(NIL NIL (2 1) (1) (3) (5) (6) (7) (8) (9) (3) (11 7 4) (10 11) (13) (14 12)
 (10 11) (16 15) (14 16 12) (16 12) (19 14) (20 15) (21) (18 22) (17 23)
 (18 21) (25 22) (26 23) (27 24) (28) (29) (30) (30) (31 32) (31 32) (34) (32)
 (27 24) (34 36 37) (37 29) (33 38 39) (35 40) (33 34 36 37) (42) (42 38)
 (42 38 39) (41 44 45) (41 44 45) (37 30) (43 38 48) (47 48) (49 50 46)
 (50 43 46) (47 48) (43 53) (49 50 46 54) (52 54) (56) (52 53) (58 55) (59)
 (60 56) (57 51 61) (61) (51 63) (51 63) (57 65) (66) (67) (66 64) (69) (70)
 (68 62 71) (72) (66) (57 65 64) (75 68) (74 76 62 71) (75 72) (78) (73 79)
 (77 80) (81) (81) (83) (81) (84 85) (82 85) (83 87) (86 88) (86 88) (84 87)
 (90 91) (92) (89 93) (94) (95) (94) (94) (98 96) (98 96) (92) (98 101 96)
 (97 102) (100 103) (99 104) (105) (106) (104) (108) (108) (99 109 110) (111)
 (107 110) (113 112) (107 110) (115 112) (115 109) (116 117) (113 118) (118)
 (119 120) (121 114) (122) (113 117 111) (121 124) (123 124) (125 126)
 (125 126) (127 128) (129) (130) (131) (132) (132) (134) (135) (136) (137)
 (138) (137) (136) (137 141) (138 142) (140 143) (144) (145 139 133) (145 139)
 (144) (146 148) (147 149) (150) (151) (152) (153) (154) (153) (152) (157)
 (155 156 158) (159) (160) (159) (161 162) (163) (164) (162 160) (164 166)
 (167) (168) (161 166) (170 168) (169 171 165) (172) (173) (174) (175) (175)
 (177) (178 176) (179) (178) (180 181) (182) (175) (182 184) (180 184) (186)
 (186 181) (186) (185 187 188 189) (190 183) (191) (185 188) (193 189 183)
 (194) (187 195) (192 195) (195) (194 191) (199) (198 199) (201 197 200)
 (202 196) (203) (203) (205) (203) (203) (207 208) (206 208) (209 210 204)
 (211) (211) (213) (214) (213) (209 210) (217 214 216) (217) (219 212) (210)
 (220 221 215) (218 222) (218 212 221) (219 215 224) (222 224) (225 226 223)
 (227) (228) (227) (230) (226 223) (229 232) (233 231) (234) (233 231) (233)
 (235 236 237) (238) (239) (240) (241) (239) (241 243) (229 231 232)
 (243 245 240) (242 246) (244 247) (248) (248) (242 243 245) (251 244 246)
 (249 250 252) (250 252) (249 254) (252) (249 256) (257 253 254) (253 256)
 (257 259 255) (259) (257 261 255) (261) (262 263) (260 262 263) (265 258 264)
 (266) (266) (258 262 263) (265 269) (265 269) (266 270 271) (267 268 270 271)
 (273) (273) (275) (268 269) (275 277) (276 278) (274 279) (280) (281) (282)
 (281) (283 284) (285 272) (286) (280) (284 288) (289 287) (287 288) (284 288)
 (283 292) (291 293) (291 293) (295) (289 291 293) (297 290 296) (297)
 (290 299 294 296) (298 300) (298 300) (298 300) (303) (301 302 304) (302 304)
 (303) (307 304) (308 302) (305 309) (310) (311) (312) (313) (312) (308 302)
 (306 316 311) (317) (314 315 318) (319) (315 317) (321 314) (314 315 316)
 (323) (321 323 318) (324 325 320) (322 325 320) (322 325 319) (326 328)
 (322 323 320) (329 330 327) (330 326 327) (331 332) (332) (331 332) (334 335)
 (336) (336) (338) (339 333) (340) (340) (342) (335) (337 341 343 344)
 (337 343 344) (340 344) (337 347 343) (345 346 348) (348) (349 350) (341 350)
 (345 352) (337 343 344) (354 351) (355 352) (353 355) (353 354 351) (355 358)
 (359) (354 349 352) (361 357 358) (361 356 359) (363 360) (363 357 360)
 (362 365) (363 357 360) (366 367) (361 356) (369 364 357) (370 365) (362 371)
 (372 368) (372 366 367) (372 368) (372 367) (376 374 368) (377 375) (378)
 (377) (377 375) (378 381) (379 380 381) (373 383) (384) (382 384) (385 386)
 (387) (388) (384) (389 390) (391) (390) (393 388) (394 392) (395) (396) (395)
 (398) (397 398))