(NIL NIL (2 1) (3) (1) (4 5) (5) (2 5) (8) (4 8) (10 6) (11) (12 7) (12)
 (9 13 14) (9 14) (7 16) (17) (13 16) (19) (17 20) (19 15) (20 22) (21 22) (24)
 (25 18 23) (26) (25 18 23) (26 28) (28) (29 30) (29 30) (29 30) (33) (34 27)
 (34) (34) (27 37) (36 38) (38) (31 40) (40) (42 35 39 31) (41 43 32) (43 32)
 (45) (44 46) (45) (41 48) (44 48) (41 46 48) (50 51) (52) (53 47) (49 53 47)
 (52) (55 56) (53 47 56) (58 54 55) (57 59) (57 59) (55 56) (59 62) (63)
 (61 64) (65 60) (61 63) (67) (63) (57 69 64) (66 67 70) (71) (72) (73) (72)
 (73 75 68) (76) (74 76) (78) (77 79) (77 79) (77 79) (82) (81 82) (84 80) (85)
 (83 86) (87) (87) (89) (90 88) (91) (92) (92) (90 88) (94 95) (96) (97) (97)
 (96) (97 100) (98 101) (96) (98 99 100 103) (102 104) (93 104) (106 102)
 (98 100 93 103) (106 108 102) (109) (110) (105 111) (107 109) (105 113 111)
 (114 112) (114 112) (116) (113 112) (113 111) (119 112) (118 120)
 (114 118 120) (122 117) (115 123) (121 123) (125) (120) (121 127) (126 128)
 (129) (128) (130 131) (115 126 127) (129 133) (132 133) (133) (129 136)
 (137 135) (137 131 134) (130 139) (124 140) (141 135) (142) (143) (144) (144)
 (138 146) (147) (146) (145 138 149) (145 146) (151) (149 151) (153 138)
 (154 148 150 152) (154 147 150) (155 156) (138 144) (138 142) (156 158 159)
 (160 152) (155 160) (148 158 159) (153 163 150 152) (156 164) (161 155 165)
 (157 166) (161 164) (165 157) (162 169) (170) (171) (170 166) (173 167)
 (172 174 168) (175) (175) (176 177) (178) (171 173) (176 180) (181 178)
 (181 178) (181 178) (179 183 184) (185) (186) (187) (186) (189 182) (188 190)
 (191) (192) (193) (189 182) (195 192) (196) (197) (196) (199) (197 199) (201)
 (194 202 198 200) (193 201 200) (203 204) (202 204) (206) (194 198 206)
 (203 204) (209 206) (210) (210 205 207) (212 208) (211 213) (209) (210 215)
 (212 216) (210 205 215 207 208) (218 211 213) (219 214) (217 219) (220 221)
 (222) (223) (222) (225) (226 223) (226) (228 223) (228 223) (228 223)
 (220 221) (227 228 232) (233 229) (234) (234 230) (233 229 230) (234 237 224)
 (235 238) (239) (235 238 231) (241 236 240) (235 236 238 231) (235 237)
 (242 243 244) (243 244 240) (234 237 231) (241 246 247) (248) (249) (250 245)
 (251) (246 247) (249 242 253) (254) (252 255) (251 255) (252 254) (258) (259)
 (259) (259) (261 262 256) (257 263) (264) (264) (266) (267 260) (268)
 (265 269) (268) (265 271) (272) (269 272) (274) (275) (274 270) (277)
 (265 271) (275 270 279) (269 279 272) (281 276 280) (273 281 276 278 280)
 (283) (284) (285) (285) (284) (282 286 288) (286 288) (290 287) (283)
 (291 292) (282 293) (294) (294) (296) (297) (289 298 295) (298 295) (300)
 (289 301) (299 302) (299 302) (303 304) (305) (302) (306 307) (308) (302)
 (310 304) (305 307 311) (308 312) (308 311) (308 311) (315) (313 316)
 (315 312) (309 318) (314 319) (313 316 320) (314 315) (322) (322 309 312)
 (321 324 317) (313 324 316) (324 319) (327) (321 317 328) (329) (329 325)
 (330 331 326) (332) (333) (323 334) (323 332) (336) (333 336) (338) (323 332)
 (340 335 336) (336) (337 342 340) (341 343) (344 339) (345) (334 343)
 (338 347 341) (338 342 341) (339 348 349) (346 350) (351) (352) (353) (354)
 (346 350) (353 356) (357) (356) (354 359) (360) (354 359) (361 362 355 357)
 (363 358) (364) (365) (361 362 355) (366 367) (368) (369) (368) (368)
 (370 372) (358 367) (371 373 374) (372 374) (371 376) (377 370) (378 373)
 (379 375) (380) (381) (380) (383) (380) (385) (386 382 384) (387) (388) (389)
 (388) (386 384) (391 392) (389 392) (388 392) (393 395) (396 390) (397)
 (394 397) (398 399))