(NIL NIL NIL NIL (4) (5 3 1) (4 3 2 1) (5 7) (5 7) (5 7) (8) (11 6) (11) (13)
 (14 9) (10 13 9) (11 9 6) (10 13 17) (18 12 16 14) (16 18 15) (12 14 17) (21)
 (22 18) (16 18 15 21) (19 20 24) (24) (25 26 23) (27) (28) (29) (30) (29)
 (31 32) (33) (28) (35 31) (36) (37) (38) (38) (40) (33 41) (38) (41 43 32)
 (33 44) (33 43 39) (38) (42 46 47) (34 37) (49 42 44 39) (49 45 39) (50 51 46)
 (52 47) (53 48) (54) (49 42 46) (44 56) (57 52) (57 53) (50 51 47 56) (60)
 (57 52 61 48) (59 54 62) (58 63) (63 55) (65 64) (66) (67) (68) (69) (70) (71)
 (66) (73) (74 69) (75 71) (73 72) (74 77) (76 78) (79) (80) (81) (82) (82)
 (84) (84) (83 86) (87) (88) (89) (90) (91) (92 85) (88) (85 94) (95) (91 96)
 (97 92) (97 92) (97) (98 100) (101 99 93) (99 101) (100) (98 104) (98 99 104)
 (105 106 102 103) (107) (107) (109) (110) (108 109) (112) (113) (114 111)
 (115) (115) (117) (114 111) (114 110) (115 120) (121 117) (115 120) (123 116)
 (124 118 119) (122 125) (125) (114 111) (121 125 128) (129) (130 126)
 (125 128) (121 132) (133 126 127) (130 134) (131 135) (136) (137) (138) (138)
 (137) (136) (135) (139 140 141 143) (139 140 143) (145) (146 142 144)
 (141 143) (147 148) (138 141 142 143) (148 150) (140 151) (149 151) (153 152)
 (154) (153 152) (154 156) (157) (154 156) (155 157 159) (160) (161) (162 158)
 (155 157 159) (164 160) (163 165) (166) (166) (166) (165) (170 166) (169 171)
 (171 167) (172 173) (174) (175) (174 168) (177) (178 176) (179) (172 173 168)
 (181 175) (177 181) (178 181 176) (183 184) (182 184) (186) (186 179 183)
 (188) (185 189) (180 188) (190 191) (192) (192) (194) (187 195) (196) (192)
 (193 195 198) (192) (194 198 200) (201) (202 187 199) (187 199 200) (203 204)
 (205 197) (206) (207) (192) (209 206) (210 207) (210 208) (212) (213)
 (211 212) (215) (214 216) (215) (218 214 216) (218 213 216) (219 220)
 (218 213 216) (221 222) (217 222) (224) (221 222) (226) (227 224)
 (225 228 223) (229) (230) (227 223 224) (231 232) (228 232) (234) (225 235)
 (236 231) (233 235) (229 232) (239) (233 236 240) (237 240) (242 238)
 (237 238 240) (242 244) (241 245) (246) (246) (245) (249 243 246) (250)
 (249 248) (243 252) (250 253) (254) (253) (251 256) (257 247) (258) (259 255)
 (257 247) (259 261 255) (262) (263) (262) (265) (266 260 263) (267) (267)
 (268 269) (270) (271) (272 264) (270 264) (270 264) (275) (274 275 271)
 (273 276 277) (278) (277 272) (278 280) (281) (281) (281) (284 279) (282 284)
 (283 285 286) (287) (288) (282 279) (290 287) (291) (289 292) (291) (294)
 (288 294) (292 296) (297 289) (298 293) (297 289) (299 300) (301) (302 295)
 (302 295) (304) (301) (306 304) (307) (307 303) (308 309) (309) (310 311)
 (312) (313) (314) (305 315) (316) (305 315) (316 318) (319) (319) (321 317)
 (315) (321 323 320) (305 323) (322 325) (326 320) (327) (328) (329) (329)
 (331) (332 324) (330 333) (333) (335) (330 336) (327) (338 334 336) (339)
 (337 340) (341) (337 338) (340 343) (342 344) (345) (346) (342 344) (342 344)
 (349) (350) (347 348 351) (352) (353) (354) (352) (353 356) (357) (346 350)
 (354 357 359) (355 357 359) (361) (362) (363) (363) (365) (366) (358 366)
 (368 360) (369 367) (368) (371) (372 364 367) (370 373) (374) (375) (376)
 (375) (378) (379 376) (377 379) (375) (377 379 382) (380 381 383) (379 382)
 (385 384) (385 380 383) (386 387) (388) (385 380) (386 390) (386 387 390)
 (386 390) (393) (394 388) (395 389 391) (393) (394 397 391) (398 392)
 (388 397 391))