(NIL (1) NIL (1) (3 2 4) (5) (5) (5) (8) (9 6) (10 7) (10 7) (12) (12) (14)
 (6 8) (16 13 14) (17) (11 13) (16 19 15) (20) (17 21) (18 21) (22 23) (20)
 (25 18 22) (25 23) (27) (28) (26 28) (28) (29 31) (29 22 31) (28) (33 26 34)
 (35 32) (36 30) (37) (38) (39 24) (40) (37) (36) (42 43 24) (42 43) (41 44 45)
 (46) (45 40) (41 45) (49 47 48) (49 47 48) (51) (49 46 48) (53 47) (54)
 (51 55) (53 47) (57 50 51) (57 55) (50 59 52) (60) (61) (58 60) (63)
 (64 62 56) (62 64) (64 56) (67 61) (67 62) (69) (68 70) (62 64) (72)
 (65 73 69) (74) (66 75 71) (76) (69 72) (65 68 78) (75 79) (78 71) (74 78 71)
 (81 66 82 80) (81 82 75 79) (84 83 76) (85) (86) (83 84) (85 88) (77 86 88)
 (77 86 88) (90 91) (92) (90 91) (92 94) (94) (94) (97 87) (89 98 95) (99 96)
 (100) (98 93) (100 102) (103) (103) (89 98 95 96) (105 106) (106 100 93)
 (105 108 101 104) (107 108 101) (108 102) (109 110 111) (112) (105 108)
 (114 112) (115) (115) (113 117) (116 118) (114) (116 120) (121 118) (122)
 (122) (124) (122 119) (126) (124 127) (128) (129) (122) (123 125 126 131)
 (132 127) (133 128) (134) (131 124 127) (123 136 125 128) (137 134) (130 138)
 (139) (140) (139 135) (142) (130 138) (138) (145 143 144) (146 141) (147)
 (148) (149) (148) (150 151) (152) (150 151) (153 154) (153 154) (156) (154)
 (153 158) (153 158) (155 160) (161) (162 157) (163) (161 156) (165) (164 166)
 (167) (168) (169) (170 159) (171) (172) (163 166 159) (171 174) (175)
 (173 176) (177) (178) (179) (180) (181) (182) (180) (184) (181 184) (186 183)
 (185 187) (185 186 183) (186 183) (189 190) (187 191) (188 192) (193) (194)
 (194) (194) (197) (198) (198) (196 199 200) (201 195) (202) (203) (203)
 (204 205) (206) (206) (202) (209 206) (210) (211 208) (212) (213 207)
 (211 208) (214 215) (216) (216) (213 215) (219) (219) (218 220 221) (222)
 (217 219) (220 221 224) (225) (225 218) (225) (218 224) (229 222)
 (220 221 224) (225 230 231) (230 231) (233 223 232) (234 227) (235 228)
 (235 228) (234 227) (226 236 238) (236 238) (235 228 238) (234 227 228)
 (242 237 239) (241 243) (241 243 240) (244 245) (246) (241 243 240) (245 248)
 (249 247) (246 248) (250 251) (252) (253) (253) (254 255) (252) (257 254)
 (258 255) (259 256) (260) (257 253) (262 256) (258 262 256) (259 264)
 (260 264) (266 263) (267) (268) (267) (257 255) (269 261 270 271)
 (261 271 264) (273 272) (273 268) (275 269 270) (265 276) (274 277) (276)
 (279) (265 268 261 270 271) (281 274 275) (282 276) (283 278) (282 280)
 (282 280) (283 277 286) (285 287) (283 286) (289 284 285 287) (290) (290)
 (292 288) (291 293) (292) (295 288) (294 296) (291 293 295) (298) (299 296)
 (298 294 296) (301) (300 301) (303) (297 304) (305 302) (306) (304) (307 308)
 (306 308) (310) (311) (312) (313) (307 312) (315 309) (313 316) (314 316)
 (315) (317 319) (314 317 319) (321) (322 320) (322) (323 324 318) (325) (325)
 (327) (325) (329 328) (330) (331) (331) (329 326 328) (334) (332 333 335)
 (335) (337 332) (338) (339) (340 336) (341) (342) (343) (341) (345 343) (346)
 (347) (348 344) (349) (350) (350) (352) (351 352) (354) (355) (354) (356 357)
 (353 358) (353 358) (360) (361) (360) (358) (364) (362 363 365) (366)
 (367 359) (368) (362 363 364 359) (370) (369 370) (370 368) (373) (369 374)
 (369 371 373) (372 374 376) (373) (377 378 375) (379) (369 378) (377 381 375)
 (379 382) (383) (380 384) (384) (380 382) (379 381) (387 388) (386 389)
 (389 383) (386 391) (389 383) (393 391 384) (394) (385 395 392) (385 395 390)
 (395 392) (385 398) (390 398))