(NIL (1) (2) (1) (4) (2) (3 6) (7 5) (7 5) (9) (10 8) (10 8) (10) (10) (14)
 (15 8) (16 13) (17) (11 18) (19 12) (17 11 12) (18 21) (21) (13 8) (19 12 24)
 (23 25 22) (26 20) (26) (16 11 24) (29 20 25) (29 20 21) (27 30 31) (28 32)
 (28 32) (33 34) (28 30 31) (23 29 25) (36 37) (26 37) (35 36 39) (33 34 38)
 (35 41 39) (42) (43) (43) (45) (42) (40 45 47) (48) (49) (50 44) (50) (50 44)
 (51 52 53) (54) (54) (56) (57 55) (58) (59) (59) (61) (62) (54) (61 64) (65)
 (59 64) (65 67 60 46 63) (66 68) (69) (69) (71) (72) (71) (74) (74) (73 75 76)
 (77) (70 78) (79) (79) (81) (82) (81 80) (82 84) (83 84) (86) (83 84) (85 88)
 (85 88) (90 87) (89 91) (89 90 86) (90) (94) (93 94) (96) (97 92) (98) (97)
 (98 100) (88) (97 92 102) (100 103 95) (98 104) (103) (105 106) (107) (108)
 (109) (101 110) (101 110) (99 108) (113 112) (113) (114 115) (116) (117) (118)
 (117) (120 118) (116) (120 122 118 111) (121 123 119) (119) (124 125) (126)
 (127) (127) (127) (130) (129 131 128) (132) (133) (129 131 128) (135) (136)
 (135) (138 136) (139 134) (140) (137 139 133) (137 138 134) (139 143)
 (140 144) (145) (146) (142 143) (148) (146 149 141) (148 144) (149 141 151)
 (147 152) (153) (146 151) (153 155) (156 150) (155 150 152) (154 157 158)
 (147 158) (157 160) (161) (161) (161) (155 150) (165 159) (163 166) (167)
 (162 164 168) (169) (170) (170) (171 172) (173) (171 172) (175) (172)
 (177 174) (178) (179 175) (177 171) (181 175) (179 182) (178 182) (184 176)
 (185 183) (180 181 176) (186 187) (186 187) (185 187) (187 183) (190 191)
 (188 191) (193 189) (193) (186 191) (193 196) (197) (194 195 196)
 (193 196 189) (194 195 196) (194 195 196 192) (202 197 200) (202 198 199)
 (201 204) (205 200) (205 200) (207) (201 204 200) (209 206 208) (209 203 207)
 (211 208) (210 212) (213) (204 200) (212 206 215) (210 216) (210 216) (218)
 (213 216) (219 220 214) (210 216) (217 222) (220 223) (221 224) (221 223)
 (226 224) (226) (225 228) (229) (230) (231) (227 232) (225 228) (234 227 230)
 (235) (233 236) (237) (238) (238) (240) (240) (241 242) (243 239) (238)
 (242 245) (244 246) (247) (248) (247) (250) (251 248) (252) (249 251)
 (253 254) (254) (252 256) (257) (247) (259 254) (259 255) (259 256) (260 262)
 (258 263 255) (259 253 254) (265 258 260 262) (266 264) (266 261 263)
 (266 264) (269 267 261) (266) (268 271 264) (272) (273 270) (273 267)
 (269 272) (267 276) (274 277) (267 268 271) (268 271 264) (280 270 279 272)
 (275 276 279 280) (274 277 282) (283) (284) (281 283) (286) (284 278 287)
 (282 277) (289 288) (290) (291) (289 288) (293 291 285) (292 294) (294) (293)
 (297 292 296) (297 296) (297 292 285) (300 296) (301) (302) (303)
 (298 299 303) (302 295) (306) (305 307) (308) (309) (310 304) (310 304) (310)
 (313 304) (314 311 312) (313) (316 311 312) (317) (314 318) (319) (320)
 (315 318) (322) (316 311 312) (324) (321 325) (322 326) (322 325 319)
 (326 328) (329) (330) (329) (330 332) (332) (330 334) (335 327) (331 333 336)
 (333 335) (338 323 331) (338) (331 340) (323 333 334) (340 342 327) (342 336)
 (341 343 344) (345 339) (346) (346) (337 347 348) (348) (347 348) (351)
 (347 348) (353 351) (353 349 352) (354 355) (356) (356) (353 349 350 352)
 (354 359) (355 360) (360) (362 355) (363 358) (364 357) (365) (361 366) (367)
 (368) (368) (367) (361 366) (372) (369 371 373) (370 374) (370 374) (374)
 (377 376) (378) (379 375) (373 367) (378 381) (379 382) (380 383) (378 381)
 (385 384) (386) (387) (388) (385 383) (387 390) (391) (391) (389 390)
 (394 392) (393 394) (396 392) (396) (395 398) (395 398))