(NIL NIL (2) (1) (4) (2 4) (4) (5 7) (8) (7) (2 10 5) (3 11 6) (12) (13) (13 8)
 (15) (15) (17 16) (9 18) (19 14) (17 16) (21) (18 22) (9 14 23) (19 24) (24)
 (25 26 20) (26) (24) (25 28 29) (20 30) (20 30) (29) (27 30) (34 32) (35 33)
 (36) (35 33) (38) (39) (31 40) (31 40) (42 36) (42 37) (42) (45) (45)
 (37 46 47) (48) (49) (49 43) (51) (52) (41 50 44 52) (54) (53 55) (43 48)
 (57 53 54) (57) (41 57 53) (57 56) (60 61) (62) (62) (60 61) (65 58 64) (65)
 (59 67 63 64) (60 61) (58 59 69 63) (66 70) (71) (68 72) (68 71) (74) (75)
 (76 72) (73 77) (78) (79) (78) (81) (81) (73 77) (84 78) (83 85) (82 83 84)
 (87 80) (86 88) (89) (77) (83 85 91 80) (91 86 87) (89 93) (90 92 94) (94)
 (95 96) (90 94) (98 96) (93 80) (90 100 96) (92 101) (102) (97 102)
 (97 98 101) (105 99 103 104) (97 100) (107 104) (98 108) (109) (99 110 103)
 (106 111) (106 109) (113 112) (113) (115) (113 112) (116 117) (118) (118)
 (119 120) (121 114) (114 119 120) (121 123) (124) (125) (123) (122 125 127)
 (127) (129 122) (130 125) (129 128) (132) (129 122) (131 133 134) (135)
 (126 135) (137 136) (138) (137 136) (140) (139 141) (139 141) (143) (142 144)
 (144) (146) (146) (148 142) (149) (145 149) (149) (150 152) (153 147 151)
 (153 147 151) (155) (145 153 147) (155 157) (154 158) (159) (160) (156 159)
 (162 160) (161 162) (164) (165) (166) (166) (163 168) (164) (170 163 168)
 (171) (171 167) (169 170) (173 174) (175) (174) (177 175) (177 167) (178 179)
 (179) (180 181 176) (178 181 176) (172 183) (182 184) (183) (186 180 184)
 (180 181) (188 182) (187 189) (190) (186 172 189) (186 189) (193 192)
 (185 194 191) (194 191) (185 194 191) (195 197) (196 197) (185 193 191 192)
 (195 196 200) (201 199) (202) (203) (203) (205) (205) (207) (206 208)
 (209 198) (209 198) (210 211 204) (202) (211 213) (212 214) (210 211 213)
 (212 214 216) (217) (212 216) (219 214) (217 220) (221 215) (222) (223) (221)
 (219 215) (226 223) (225 227) (227) (229 224) (225 230) (218 231) (231)
 (218 230) (233 234 228 232) (225 229 224) (236 232) (234 228 237) (235 238)
 (239) (240) (240) (242) (242) (244) (241 242) (246) (246) (248) (243 244 248)
 (250 247) (251) (249 252) (253 245) (249 251) (255) (256) (257) (258 245)
 (256 253 245) (254) (258 260 261) (260 261) (263 258) (264) (264) (265 266)
 (267 262) (259 267 262) (259 261) (269 270) (265 270) (272 266) (272)
 (269 274) (275) (270 262) (275 277) (271 268 277) (269 273 277) (274 280)
 (280) (282) (271 274 282) (279 284 276) (281 284 283 275 268) (282 274)
 (283 285 287) (280 275 268) (289 279 276 278 283 284 287) (289 283 285 287)
 (281 291 278) (281 290 291) (293 286) (292 294) (295) (295) (295) (292 294)
 (299 295) (300 296 288) (297 301) (297 301) (302 303) (303) (305 298 304)
 (306) (307) (306) (307 309) (309) (308 310 311) (307 309) (313) (313 308)
 (314 315) (316 311) (317 312) (308 309) (315 319 311) (314 320 312) (317 320)
 (321 322 318) (321 322) (318 320) (321 325) (326) (325) (323 325)
 (329 324 326) (329 324 326) (331 328) (332) (330 331) (334 327) (332 335)
 (335) (337 336) (338 333) (337 336) (337 336) (339 340 341) (341) (343) (344)
 (345 339 340) (335 328) (338 347 333 343) (345 348 342) (349) (350) (351)
 (348 344) (353 350) (346 354) (355) (346 354 352) (353 349) (353 352)
 (355 359) (356 360) (357 360) (362) (363) (361 364 358) (365) (362)
 (361 358 367) (368) (369 363) (366 368) (369 371) (372) (367) (365 374 368)
 (372 375) (376) (377) (378) (370 379) (379) (378 373) (370 373 378) (380 383)
 (384) (382 383) (386 384) (387 381) (388) (385 389) (389) (385 391) (390 391)
 (393 392) (394) (394) (394) (395 397) (397) (399))