(NIL NIL NIL (2 3) (1 3) NIL (3 6) (2 6) (4 7 8) NIL (10 6) (1 10) NIL (13 6)
 (2 13) (15 8 14) (1 13) NIL (13 18) (18 10) (3 18) (1 18) (19 17 22)
 (12 20 22) (5 21 22) NIL (18 26) (13 26) (19 27 28) (10 26) (27 20 30) (6 26)
 (32 28 14) (32 11 30) (3 26) (27 21 35) (32 7 35) (1 26) (38 27 22) (38 28 17)
 (23 39 40 29) (38 12 30) (31 24 39 42) (38 5 35) (44 25 39 36) NIL (46 26)
 (18 46) (47 27 48) (13 46) (47 28 50) (19 48 50) (51 52 29 49) (46 6)
 (47 32 54) (54 14 50) (51 33 55 56) (3 46) (47 58 35) (58 48 21) (59 60 49 36)
 (58 54 7) (37 59 55 62) (2 46) (64 15 50) (64 54 8) (16 65 66 56) (58 4 64)
 (66 62 9 68) (1 46) (47 70 38) (70 48 22) (71 39 72 49) (70 17 50)
 (51 71 40 74) (23 52 72 74) (75 76 53 73 41) (58 70 5) (44 59 78 71)
 (25 60 78 72) (79 45 61 80 73) NIL (82 46) (82 13) (84 83 50) (82 6)
 (54 83 86) (86 84 14) (87 88 85 56) (82 3) (58 83 90) (90 7 86) (87 91 62 92)
 (82 2) (64 83 94) (94 84 15) (95 96 65 85) (94 8 86) (87 95 98 66)
 (16 88 98 96) (99 89 67 97 100) (94 4 90) (91 95 68 102) (92 98 9 102)
 (103 104 93 99 69) NIL (106 82) (106 46) (107 83 108) (106 26) (47 110 108)
 (106 18) (112 108 48) (110 27 112) (113 114 111 49) (106 10) (110 116 30)
 (116 20 112) (31 114 117 118) (106 6) (107 120 86) (120 54 108)
 (87 121 122 109) (32 110 120) (111 55 122 124) (116 120 11) (126 117 34 124)
 (106 2) (107 128 94) (64 128 108) (95 129 130 109) (128 120 8)
 (129 98 121 132) (132 66 122 130) (133 134 99 131 123) (106 1) (70 108 136)
 (110 38 136) (137 138 111 71) (22 136 112) (113 137 140 72) (114 140 39 138)
 (115 141 139 73 142) (116 12 136) (138 117 144 42) (24 118 140 144)
 (43 145 119 142 146))