(NIL NIL (1 2) NIL (2 4) (1 4) (5 3 6) NIL (4 8) (2 8) (9 5 10) (1 8) (9 6 12)
 (3 10 12) (11 13 7 14) NIL (8 16) (4 16) (17 9 18) (1 16) (17 12 20) (18 20 6)
 (21 22 19 13) NIL (16 24) (8 24) (25 17 26) (4 24) (25 18 28) (9 26 28)
 (27 29 19 30) (1 24) (25 32 20) (32 26 12) (21 27 33 34) (32 6 28)
 (22 29 33 36) (36 13 30 34) (37 38 23 35 31) NIL (24 40) (16 40) (41 25 42)
 (8 40) (41 26 44) (17 42 44) (43 45 27 46) (4 40) (41 28 48) (42 48 18)
 (49 50 43 29) (9 44 48) (49 52 45 30) (50 19 52 46) (51 53 31 47 54) (2 40)
 (10 44 56) (5 56 48) (11 52 57 58) (1 40) (41 60 32) (42 60 20) (61 43 33 62)
 (12 60 44) (61 45 34 64) (21 64 46 62) (65 66 63 35 47) (6 60 48)
 (49 68 61 36) (50 68 62 22) (37 51 69 70 63) (68 52 13 64) (65 38 53 69 72)
 (66 23 72 54 70) (73 74 55 39 67 71) (3 60 56) (76 57 14 64) (76 7 68 58)
 (78 77 15 59 72) NIL (80 40) (80 16) (81 42 82) (80 8) (81 44 84) (17 82 84)
 (85 86 83 46) (80 4) (81 88 48) (18 82 88) (89 50 83 90) (9 88 84)
 (85 89 52 92) (86 19 92 90) (87 91 93 54 94) (80 2) (81 56 96) (10 96 84)
 (85 97 57 98) (5 96 88) (89 97 100 58) (98 11 92 100) (101 99 93 102 59)
 (80 1) (81 60 104) (104 82 20) (105 106 83 62) (104 12 84) (85 105 108 64)
 (21 86 108 106) (66 87 109 107 110) (6 104 88) (89 105 68 112) (90 112 106 22)
 (113 114 91 107 70) (108 92 13 112) (113 109 116 93 72) (114 23 116 94 110)
 (74 111 115 117 118 95) (3 104 96) (97 105 76 120) (98 108 14 120)
 (121 109 99 77 122) (120 7 100 112) (113 121 124 101 78) (122 116 102 15 124)
 (79 103 117 123 125 126) NIL (128 80) (128 40) (81 130 129) (128 24)
 (41 130 132) (128 16) (82 129 134) (130 134 42) (131 83 135 136) (25 132 134)
 (138 133 43 136) (128 8) (140 129 84) (130 44 140) (85 131 141 142)
 (132 140 26) (133 45 142 144) (17 140 134) (86 141 135 146) (146 142 46 136)
 (137 87 148 147 143) (138 27 146 144) (145 139 148 150 47) (128 4)
 (152 129 88) (130 152 48) (89 153 131 154) (132 28 152) (49 154 133 156)
 (18 134 152) (153 90 158 135) (50 154 158 136) (137 91 155 159 160)
 (138 156 29 158) (162 139 157 51 160) (9 140 152) (153 92 141 164)
 (154 52 164 142) (165 155 93 166 143) (156 164 30 144) (145 157 53 166 168)
 (146 19 164 158) (170 147 165 94 159) (166 170 148 54 160)
 (161 149 167 171 172 95) (170 162 150 31 168) (163 151 169 172 174 55) (128 2)
 (176 129 96) (130 56 176) (97 177 131 178) (10 140 176) (177 98 180 141)
 (178 180 57 142) (99 181 179 143 182) (5 176 152) (153 177 100 184)
 (154 184 58 178) (185 186 155 101 179) (11 164 180 184) (185 181 188 165 102)
 (186 188 166 59 182) (167 103 183 187 189 190) (128 1) (192 129 104)
 (130 60 192) (105 193 131 194) (132 32 192) (194 133 196 61) (192 134 20)
 (193 106 198 135) (194 62 198 136) (137 107 195 199 200) (138 196 33 198)
 (202 139 197 63 200) (12 140 192) (193 204 108 141) (194 204 142 64)
 (205 195 109 206 143) (204 196 34 144) (145 65 197 206 208) (21 146 204 198)
 (210 147 205 110 199) (66 148 206 210 200) (149 201 207 211 212 111)
 (202 210 150 35 208) (151 203 209 212 214 67) (6 192 152) (153 193 216 112)
 (154 216 68 194) (113 217 155 195 218) (216 196 156 36) (197 69 220 157 218)
 (22 216 158 198) (217 114 199 159 222) (218 200 70 222 160)
 (161 201 115 219 223 224) (37 162 220 222 202) (226 163 203 221 71 224)
 (204 164 13 216) (217 205 116 165 228) (218 228 166 206 72)
 (229 230 167 207 117 219) (228 38 220 208 168) (73 230 232 169 209 221)
 (170 23 228 222 210) (229 234 171 211 118 223) (74 230 234 172 212 224)
 (225 231 235 236 173 213 119) (226 232 234 174 39 214)
 (75 233 236 227 175 238 215) (3 192 176) (177 193 240 120) (240 178 76 194)
 (121 241 179 195 242) (204 180 14 240) (205 122 244 181 241)
 (242 244 77 182 206) (207 243 245 246 183 123) (240 7 216 184)
 (185 217 124 241 248) (186 248 242 78 218) (243 249 250 187 125 219)
 (228 244 188 15 248) (229 245 249 252 189 126) (230 79 246 250 252 190)
 (231 191 247 251 253 254 127) NIL (256 128) (256 40) (258 130 257) (256 24)
 (260 132 257) (41 260 258) (261 133 259 262) (256 16) (264 257 134)
 (42 258 264) (265 259 266 136) (25 264 260) (138 268 261 265) (43 268 262 266)
 (269 270 139 267 263) (256 8) (140 257 272) (44 258 272) (273 274 259 142)
 (26 260 272) (273 276 261 144) (274 276 45 262) (145 275 277 278 263)
 (17 264 272) (273 146 265 280) (274 280 266 46) (281 282 275 148 267)
 (280 27 276 268) (269 281 284 277 150) (270 284 278 47 282)
 (151 271 279 283 285 286) (256 4) (257 288 152) (258 288 48) (289 154 259 290)
 (28 260 288) (289 156 261 292) (49 290 292 262) (293 291 157 294 263)
 (18 264 288) (289 265 158 296) (50 296 266 290) (297 298 291 267 160)
 (292 29 296 268) (269 162 297 300 293) (270 51 300 294 298)
 (163 271 295 299 301 302) (9 288 272) (273 289 164 304) (274 52 304 290)
 (305 306 275 166 291) (276 292 30 304) (305 293 308 277 168)
 (306 308 53 278 294) (307 309 310 169 279 295) (19 296 304 280)
 (281 170 297 305 312) (282 312 54 306 298) (307 313 314 172 283 299)
 (284 300 308 31 312) (309 313 316 174 285 301) (310 314 316 55 286 302)
 (311 315 317 318 175 287 303) (256 2) (257 320 176) (258 56 320)
 (321 178 259 322) (10 320 272) (273 321 180 324) (274 324 57 322)
 (323 275 325 182 326) (5 320 288) (289 321 328 184) (290 328 58 322)
 (329 186 291 323 330) (11 324 328 304) (305 329 188 325 332)
 (306 332 326 59 330) (307 327 331 333 334 190) (256 1) (336 257 192)
 (60 258 336) (337 194 259 338) (32 260 336) (337 196 261 340) (338 340 61 262)
 (341 339 197 342 263) (336 264 20) (337 265 198 344) (338 344 266 62)
 (345 346 339 267 200) (340 33 344 268) (269 202 345 348 341)
 (270 348 342 63 346) (343 271 349 350 203 347) (336 12 272) (273 337 204 352)
 (338 274 352 64) (353 354 275 206 339) (276 340 34 352) (353 341 356 277 208)
 (65 354 356 278 342) (343 279 209 355 357 358) (21 344 352 280)
 (281 210 345 353 360) (346 282 360 354 66) (347 355 283 212 361 362)
 (284 348 356 35 360) (349 357 214 361 285 364) (350 358 362 67 364 286)
 (215 287 351 359 363 365 366) (6 336 288) (289 337 368 216) (290 68 368 338)
 (369 218 291 339 370) (292 340 368 36) (369 341 220 293 372)
 (370 372 69 294 342) (371 373 374 343 295 221) (22 344 368 296)
 (297 345 369 222 376) (298 376 70 370 346) (371 377 378 347 299 224)
 (37 300 348 372 376) (226 373 377 380 349 301) (374 378 380 350 302 71)
 (227 375 379 381 382 351 303) (352 13 368 304) (305 353 228 369 384)
 (354 306 384 370 72) (307 230 371 385 386 355) (38 308 356 372 384)
 (373 232 385 388 357 309) (73 374 386 388 358 310)
 (375 311 233 387 389 390 359) (384 23 360 376 312) (313 234 385 377 392 361)
 (378 74 314 386 392 362) (315 236 387 393 394 363 379)
 (380 316 39 388 392 364) (317 381 238 389 393 396 365)
 (75 382 318 390 394 396 366) (383 319 239 391 395 397 398 367) (3 336 320)
 (321 337 400 240) (322 76 400 338) (401 242 323 339 402) (400 324 14 352)
 (353 401 244 325 404) (354 404 77 326 402) (403 405 406 327 355 246)
 (7 368 400 328) (329 369 408 401 248) (330 402 408 78 370)
 (403 409 410 331 371 250) (332 404 408 15 384) (405 409 412 333 385 252)
 (406 79 410 412 334 386) (407 411 413 414 335 387 254) NIL (416 80) (416 40)
 (81 418 417) (416 16) (420 82 417) (42 420 418) (421 83 422 419) (416 8)
 (424 417 84) (44 418 424) (85 425 419 426) (17 420 424) (425 86 428 421)
 (426 428 422 46) (87 429 427 423 430) (416 4) (432 417 88) (432 418 48)
 (89 433 419 434) (18 420 432) (433 90 436 421) (50 436 422 434)
 (91 437 435 423 438) (9 432 424) (425 433 92 440) (426 52 440 434)
 (441 442 427 93 435) (19 428 436 440) (441 437 444 429 94)
 (438 444 430 442 54) (439 95 443 445 446 431) (416 2) (448 417 96)
 (56 418 448) (97 449 419 450) (10 448 424) (425 98 452 449) (426 452 57 450)
 (451 427 453 99 454) (5 448 432) (433 449 100 456) (434 456 58 450)
 (457 458 435 101 451) (11 452 456 440) (441 457 460 453 102)
 (442 460 454 59 458) (103 462 455 459 461 443) (416 1) (464 417 104)
 (60 418 464) (105 465 419 466) (420 464 20) (465 106 468 421) (466 468 422 62)
 (107 469 467 423 470) (12 464 424) (425 465 108 472) (426 466 472 64)
 (473 474 427 109 467) (21 428 468 472) (473 469 476 429 110)
 (66 474 476 430 470) (111 471 475 477 478 431) (6 464 432) (433 465 480 112)
 (434 68 480 466) (113 481 435 467 482) (22 436 468 480) (481 114 484 437 469)
 (482 470 484 438 70) (483 485 439 115 471 486) (472 13 480 440)
 (441 473 116 481 488) (442 474 482 488 72) (483 489 490 117 443 475)
 (23 444 488 476 484) (485 489 445 492 118 477) (74 486 490 492 478 446)
 (487 491 493 494 447 119 479) (3 464 448) (449 465 496 120) (450 76 496 466)
 (121 497 451 467 498) (452 496 14 472) (473 122 500 453 497)
 (474 500 77 454 498) (499 501 502 455 123 475) (7 480 496 456)
 (457 481 124 497 504) (458 498 504 78 482) (483 499 505 506 459 125)
 (460 500 504 15 488) (489 501 505 508 461 126) (79 490 502 506 508 462)
 (491 463 503 507 509 510 127))