(NIL NIL (2 1) NIL (2 4) (1 4) (3 6 5) NIL NIL (9 8) (2 9) NIL (12 4) (2 12)
 (13 5 14) (12 1) (13 6 16) (3 16 14) (7 17 18 15) NIL (9 20) (8 20) (10 22 21)
 (4 20) (2 20) (25 21 11) (25 24 5) (1 20) (24 28 6) (25 3 28) (29 30 27 7) NIL
 (20 32) (12 32) (9 32) (33 21 35) (8 32) (33 22 37) (10 37 35) (23 38 39 36)
 (4 32) (33 24 41) (13 41 34) (2 32) (33 25 44) (44 34 14) (44 35 11)
 (26 45 47 36) (41 44 5) (49 27 42 45) (49 43 46 15) (1 32) (33 52 28)
 (16 34 52) (6 41 52) (29 42 53 55) (17 43 54 55) (3 44 52) (30 45 53 58)
 (58 54 46 18) (49 58 7 55) (50 31 61 59 56) (57 51 60 61 19) NIL (64 32)
 (9 64) (65 35 66) (64 8) (65 37 68) (10 68 66) (67 69 39 70) (64 4) (65 41 72)
 (2 64) (65 44 74) (74 11 66) (67 75 76 47) (74 5 72) (49 75 73 78) (64 1)
 (65 52 80) (6 72 80) (81 82 55 73) (3 74 80) (81 58 84 75) (82 7 84 78)
 (79 85 83 61 86) NIL (88 64) (88 32) (65 90 89) (88 20) (33 90 92) (88 12)
 (90 34 94) (88 9) (96 89 66) (90 35 96) (67 91 98 97) (92 21 96)
 (93 98 100 36) (88 8) (102 89 68) (90 37 102) (69 91 103 104) (92 102 22)
 (93 38 104 106) (10 96 102) (70 97 103 108) (108 98 39 104)
 (71 110 99 109 105) (108 23 100 106) (107 110 40 101 112) (88 4) (89 72 114)
 (90 41 114) (115 116 91 73) (92 114 24) (118 116 93 42) (13 94 114)
 (116 43 120 95) (88 2) (122 74 89) (90 44 122) (91 124 75 123) (25 92 122)
 (93 124 45 126) (122 94 14) (124 46 95 128) (96 11 122) (130 97 76 123)
 (130 98 124 47) (125 131 132 99 77) (130 26 100 126) (134 132 127 101 48)
 (122 5 114) (115 123 136 78) (49 116 124 136) (79 137 117 125 138)
 (27 118 126 136) (50 140 119 127 138) (128 136 120 15) (129 138 51 142 121)
 (88 1) (144 89 80) (90 52 144) (81 145 91 146) (92 144 28) (146 93 148 53)
 (16 94 144) (146 54 95 150) (6 144 114) (115 82 145 152) (116 152 55 146)
 (153 147 117 83 154) (29 118 152 148) (149 154 119 156 56) (152 17 120 150)
 (57 154 151 121 158) (3 122 144) (145 123 84 160) (58 124 160 146)
 (161 85 147 125 162) (30 148 126 160) (162 59 164 149 127) (150 160 18 128)
 (129 162 60 166 151) (7 152 160 136) (137 153 161 86 168) (138 162 61 168 154)
 (155 163 169 170 139 87) (31 140 164 168 156) (157 165 62 170 172 141)
 (166 168 142 19 158) (167 159 63 170 174 143) NIL (176 88) (176 64)
 (177 89 178) (176 32) (90 177 180) (65 180 178) (91 181 182 179) (176 12)
 (177 94 184) (180 34 184) (185 186 181 95) (176 9) (96 177 188) (188 178 66)
 (189 190 97 179) (180 35 188) (189 192 98 181) (67 190 192 182)
 (193 191 99 194 183) (176 8) (177 102 196) (196 178 68) (197 198 103 179)
 (37 180 196) (197 200 181 104) (69 198 200 182) (199 201 105 183 202)
 (10 196 188) (189 108 197 204) (190 204 198 70) (205 206 191 199 109)
 (200 192 39 204) (205 201 208 110 193) (206 71 208 194 202)
 (111 203 207 209 195 210) (176 4) (177 212 114) (212 178 72) (115 213 179 214)
 (41 180 212) (213 116 216 181) (214 216 182 73) (117 217 215 183 218)
 (13 212 184) (185 213 120 220) (186 216 43 220) (221 222 187 217 121) (176 2)
 (122 177 224) (74 178 224) (225 226 123 179) (44 180 224) (225 124 181 228)
 (226 228 75 182) (229 227 125 230 183) (224 14 184) (185 225 232 128)
 (186 228 46 232) (129 233 187 229 234) (224 11 188) (189 130 225 236)
 (190 236 76 226) (238 191 237 131 227) (236 192 228 47) (237 229 132 193 240)
 (238 240 194 77 230) (231 195 241 242 133 239) (224 5 212) (213 225 244 136)
 (214 244 226 78) (137 215 245 227 246) (49 244 216 228) (245 138 229 217 248)
 (79 246 248 218 230) (231 219 247 249 250 139) (244 15 232 220)
 (221 233 252 245 142) (222 51 248 252 234) (235 223 249 253 254 143) (176 1)
 (177 256 144) (256 178 80) (145 257 179 258) (180 52 256) (257 146 260 181)
 (81 258 260 182) (147 261 259 183 262) (16 256 184) (185 257 150 264)
 (186 260 54 264) (265 266 187 261 151) (6 256 212) (213 257 268 152)
 (214 268 258 82) (153 215 269 259 270) (260 268 216 55) (154 272 217 261 269)
 (83 272 270 218 262) (263 155 271 273 274 219) (268 264 17 220)
 (221 265 276 269 158) (57 222 272 276 266) (267 159 273 223 277 278)
 (3 256 224) (225 257 280 160) (280 226 84 258) (161 281 227 259 282)
 (260 58 228 280) (281 162 284 229 261) (282 284 85 230 262)
 (231 263 163 283 285 286) (280 264 18 232) (233 265 166 281 288)
 (284 234 60 288 266) (289 290 235 167 285 267) (268 7 244 280)
 (281 269 292 245 168) (282 292 270 246 86) (293 294 271 247 169 283)
 (284 292 272 61 248) (293 296 273 249 170 285) (294 296 274 250 286 87)
 (295 297 298 275 251 171 287) (276 292 252 19 288) (289 293 300 277 253 174)
 (290 296 300 278 63 254) (291 297 301 302 255 279 175))