(NIL NIL NIL NIL (3 4) NIL NIL (6 7) (4 7) (3 7) (9 5 10) (2 7) (1 7) NIL
 (7 14) (6 14) (15 8 16) (4 14) (15 9 18) (3 14) (15 20 10) (18 5 20)
 (11 19 22 21) (2 14) (15 12 24) (1 14) (15 13 26) NIL (28 14) (6 28)
 (29 16 30) (28 4) (29 18 32) (28 3) (29 20 34) (32 34 5) (22 33 35 36) (2 28)
 (29 24 38) (28 1) (29 26 40) NIL (42 28) (42 14) (29 44 43) (42 7) (15 44 46)
 (42 6) (48 43 30) (44 16 48) (31 45 50 49) (46 8 48) (47 50 52 17) NIL (54 42)
 (54 14) (56 44 55) (54 7) (58 46 55) (15 58 56) (59 47 57 60) (54 6)
 (48 55 62) (56 16 62) (63 64 50 57) (58 8 62) (63 66 59 52) (64 66 60 17)
 (65 67 53 61 68) (54 4) (18 56 70) (9 58 70) (19 60 71 72) (54 3) (20 56 74)
 (74 58 10) (21 76 75 60) (74 70 5) (75 22 78 71) (11 76 78 72)
 (73 77 23 79 80) (54 2) (24 56 82) (12 58 82) (83 84 25 60) (54 1) (26 56 86)
 (13 58 86) (27 60 87 88) NIL (90 42) (90 14) (44 91 92) (90 7) (46 91 94)
 (15 92 94) (95 96 47 93) (90 6) (48 91 98) (98 92 16) (99 100 50 93) (98 8 94)
 (95 99 102 52) (96 102 17 100) (97 103 101 53 104) (90 4) (18 92 106)
 (9 106 94) (96 19 108 107) (90 3) (20 92 110) (110 10 94) (96 21 112 111)
 (106 5 110) (107 22 111 114) (11 112 108 114) (113 23 109 115 116) (90 2)
 (118 24 92) (12 118 94) (96 25 120 119) (90 1) (26 92 122) (13 122 94)
 (96 27 124 123))