(NIL NIL NIL (1 3) NIL (3 5) (2 5) (1 5) (4 8 6) NIL (10 5) (10 3) (11 6 12)
 (1 10) (11 8 14) (4 14 12) (13 9 15 16) NIL (18 10) (18 5) (11 20 19) (18 3)
 (22 19 12) (20 6 22) (13 21 24 23) (18 2) (20 7 26) (18 1) (28 14 19)
 (20 8 28) (21 30 29 15) (22 4 28) (23 29 32 16) (30 24 9 32) (17 31 25 33 34)
 NIL NIL (37 5) NIL (18 39) (39 10) (40 19 41) (39 5) (40 43 20) (11 43 41)
 (42 21 44 45) (39 3) (40 47 22) (12 47 41) (42 23 48 49) (43 47 6)
 (51 24 44 48) (13 51 45 49) (50 52 53 25 46) (1 39) (40 55 28) (55 14 41)
 (42 29 57 56) (55 8 43) (56 30 44 59) (57 15 45 59) (58 61 31 60 46) (55 4 47)
 (63 56 32 48) (63 57 16 49) (50 64 65 58 33) (51 9 59 63) (52 67 64 60 34)
 (17 65 53 67 61) (62 66 68 69 54 35) NIL (71 37) (18 71) (71 10) (74 73 19)
 (71 5) (76 38 72) (76 20 73) (11 74 76) (79 75 78 21) (71 3) (22 73 81)
 (74 81 12) (75 23 82 83) (76 81 6) (85 78 24 82) (13 85 79 83)
 (84 25 86 87 80) NIL (89 39) (89 36) (89 18) (92 40 90) (89 10) (94 90 41)
 (94 92 19) (42 95 93 96) (89 3) (90 47 98) (22 92 98) (93 99 48 100)
 (94 98 12) (102 95 99 49) (102 23 96 100) (50 101 103 104 97) (89 1)
 (55 90 106) (28 92 106) (56 108 93 107) (106 94 14) (107 57 95 110)
 (29 108 96 110) (109 58 111 97 112) (106 4 98) (63 107 99 114)
 (114 108 32 100) (101 64 116 109 115) (102 114 110 16) (103 65 115 111 118)
 (116 104 118 33 112) (66 113 117 119 120 105))