(NIL NIL (2 1) NIL (2 4) NIL (6 4) (2 6) (5 8 7) (6 1) (8 3 10) NIL (6 12)
 (4 12) (13 7 14) (2 12) (8 13 16) (5 16 14) (15 9 17 18) (1 12) (13 10 20)
 (3 16 20) (21 22 11 17) NIL (6 24) (24 4) (26 25 7) (24 1) (28 25 10) NIL
 (30 24) (30 6) (25 31 32) (30 4) (26 34 31) (34 32 7) (27 35 36 33) (30 2)
 (38 8 32) (38 5 34) (39 40 9 36) (30 1) (28 31 42) (42 32 10) (29 43 33 44)
 (38 3 42) (46 39 11 44) NIL (30 48) (24 48) (49 31 50) (6 48) (49 32 52)
 (25 50 52) (53 54 33 51) (48 4) (49 34 56) (26 50 56) (57 58 35 51) (56 7 52)
 (53 57 60 36) (54 27 60 58) (55 61 59 37 62) (2 48) (38 49 64) (8 64 52)
 (53 39 65 66) (5 64 56) (57 68 40 65) (68 60 9 66) (67 41 69 70 61) (1 48)
 (49 72 42) (72 28 50) (73 43 51 74) (72 10 52) (53 76 73 44) (54 29 74 76)
 (45 77 55 75 78) (72 3 64) (46 80 73 65) (76 80 11 66) (67 77 47 81 82) NIL
 (84 48) (30 84) (49 86 85) (84 24) (88 85 50) (86 31 88) (89 90 87 51) (84 4)
 (92 85 56) (34 86 92) (57 93 87 94) (26 92 88) (89 58 96 93) (90 96 35 94)
 (97 91 95 59 98) (84 1) (72 85 100) (86 42 100) (101 73 87 102) (28 100 88)
 (89 101 104 74) (90 104 43 102) (91 105 103 75 106) NIL (108 48) (108 30)
 (49 110 109) (108 24) (112 50 109) (112 31 110) (113 51 111 114) (108 12)
 (108 6) (117 109 52) (117 110 32) (53 118 119 111) (117 112 25)
 (54 121 113 118) (121 114 33 119) (122 123 55 120 115) (116 117 13) (108 2)
 (64 109 126) (38 110 126) (128 65 111 127) (116 16 126) (8 117 126)
 (131 118 127 66) (39 119 131 128) (67 129 132 133 120) (130 131 125 17) NIL
 (136 84) (136 48) (137 85 138) (136 30) (86 137 140) (49 140 138)
 (139 141 87 142) (136 24) (144 137 88) (144 50 138) (139 89 146 145)
 (144 31 140) (141 90 148 145) (142 148 51 146) (143 147 149 91 150) (136 12)
 (136 6) (52 153 138) (153 32 140) (53 142 154 155) (153 25 144)
 (157 146 154 54) (157 148 155 33) (158 55 159 150 156) (152 13 153) (136 4)
 (162 137 92) (162 56 138) (139 93 163 164) (162 34 140) (141 94 166 163)
 (57 142 166 164) (143 165 167 95 168) (26 162 144) (145 163 96 170)
 (146 170 164 58) (171 172 147 97 165) (166 148 35 170) (171 167 174 149 98)
 (172 59 174 150 168) (151 169 173 175 176 99) (152 162 14) (153 7 162)
 (179 164 60 154) (179 166 36 155) (180 181 61 168 156) (157 179 27 170)
 (158 180 62 183 172) (159 174 183 181 37) (160 63 176 182 184 185)
 (15 179 161 178) (136 2) (188 64 138) (38 188 140) (189 142 65 190)
 (152 16 188) (8 153 188) (189 193 154 66) (190 39 193 155)
 (67 191 194 195 156) (193 192 161 17) (5 188 162) (189 164 198 68)
 (190 166 40 198) (69 200 168 191 199) (198 18 192 178) (179 193 9 198)
 (180 199 70 194 203) (181 200 41 203 195) (201 204 205 71 182 196)
 (187 19 197 202 203) (136 1) (137 208 100) (72 208 138) (139 101 209 210)
 (208 42 140) (141 102 212 209) (142 212 73 210) (211 143 213 103 214)
 (28 208 144) (145 209 104 216) (146 216 74 210) (217 218 147 105 211)
 (148 216 43 212) (217 213 220 149 106) (218 220 150 75 214)
 (151 107 215 219 221 222) (152 208 20) (153 10 208) (225 210 154 76)
 (225 212 155 44) (77 226 227 214 156) (157 225 29 216) (158 218 226 229 78)
 (45 159 220 229 227) (79 160 230 231 228 222) (21 225 161 224) (208 3 188)
 (189 210 80 234) (234 190 212 46) (235 191 236 81 214) (234 22 192 224)
 (225 234 193 11) (226 235 194 239 82) (239 47 236 227 195)
 (228 83 237 240 241 196) (197 233 23 238 239))