(NIL NIL (2 1) NIL (2 4) NIL (6 4) (6 2) (5 8 7) (6 1) (8 3 10) NIL (2 12)
 (1 12) (3 13 14) NIL (16 6) (16 4) (17 7 18) (16 2) (17 8 20) (5 20 18)
 (19 22 9 21) NIL (6 24) (4 24) (26 25 7) (2 24) (25 8 28) (26 5 28)
 (30 27 29 9) NIL (32 24) (32 4) (26 34 33) (2 32) (28 36 33) (5 34 36)
 (38 30 35 37) (1 32) (40 3 36) NIL (16 42) (42 4) (43 44 18) (2 42) (43 46 20)
 (5 46 44) (22 47 48 45) NIL (16 50) (50 12) (50 4) (51 53 18) (50 2)
 (51 55 20) (13 55 52) (5 55 53) (54 22 58 56) (50 1) (60 14 52) (60 3 55)
 (57 15 61 62) NIL (64 50) (64 42) (64 16) (65 67 51) (43 67 66) (64 6)
 (70 17 67) (64 4) (72 65 53) (72 66 44) (72 67 18) (54 75 73 68) (74 75 69 45)
 (72 70 7) (19 75 71 78) (64 2) (65 80 55) (46 80 66) (80 67 20) (81 68 83 56)
 (47 69 83 82) (8 80 70) (86 71 83 21) (72 5 80) (58 73 88 81) (88 74 48 82)
 (22 88 75 83) (59 89 76 91 84) (85 91 49 77 90) (86 88 9 78) (79 23 87 91 94))