(NIL NIL (2 1) NIL (4 2) NIL (4 6) (1 6) NIL (4 9) (9 1) NIL (12 9) (12 6)
 (4 12) (15 10 13) (14 7 15) (12 1) (11 18 13) (14 18 8) NIL (12 21) (21 9)
 (22 13 23) (21 6) (14 25 22) (21 1) (18 22 27) (11 27 23) (24 19 28 29)
 (25 27 8) (31 26 20 28) NIL (12 33) (9 33) (35 34 13) (6 33) (14 37 34) (4 33)
 (39 34 15) (35 10 39) (36 41 40 16) (39 37 7) (17 40 38 43) (1 33) (18 45 34)
 (11 35 45) (36 46 47 19) (45 37 8) (20 38 46 49) NIL (51 33) (21 51) (12 51)
 (52 34 54) (22 53 54) (51 9) (52 35 57) (57 53 23) (57 13 54) (36 58 60 55)
 (56 24 59 60) (51 6) (52 37 63) (25 53 63) (14 63 54) (66 38 64 55)
 (56 66 26 65) (4 51) (52 39 69) (15 54 69) (70 71 40 55) (57 10 69)
 (70 73 41 58) (71 73 60 16) (74 72 42 75 61) (7 63 69) (70 43 64 77)
 (66 17 77 71) (78 67 72 44 79) (51 2) (81 5 69) (51 1) (52 83 45) (83 27 53)
 (83 18 54) (84 46 86 55) (56 85 86 28) (11 83 57) (47 58 89 84) (85 59 29 89)
 (19 86 89 60) (92 90 87 48 61) (62 91 88 92 30) (83 63 8) (84 95 49 64)
 (31 85 95 65) (66 95 20 86) (67 98 87 96 50) (32 68 88 97 98) (83 3 81) NIL
 (102 51) (102 33) (52 104 103) (102 21) (53 103 106) (102 9) (108 57 103)
 (104 108 35) (105 110 58 109) (108 106 23) (109 59 107 112) (102 4)
 (114 103 69) (104 114 39) (70 105 115 116) (108 114 10) (109 73 115 118)
 (41 110 116 118) (119 74 111 117 120) (102 2) (122 103 81) (122 114 5)
 (82 123 124 115) (102 1) (83 126 103) (104 45 126) (84 105 127 128)
 (126 27 106) (85 127 107 130) (11 108 126) (132 109 127 89) (132 110 47 128)
 (133 134 111 129 90) (132 112 29 130) (91 131 133 136 113) (122 126 3)
 (123 127 101 138) NIL (140 102) (140 51) (141 103 142) (140 21) (141 106 144)
 (53 142 144) (145 146 107 143) (140 12) (148 142 54) (148 22 144)
 (56 146 149 150) (140 6) (152 142 63) (25 152 144) (146 153 154 65)
 (14 148 152) (66 149 153 156) (26 150 154 156) (157 158 68 151 155) (140 4)
 (160 141 114) (160 142 69) (161 115 162 143) (148 160 15) (71 149 162 164)
 (160 152 7) (166 153 162 77) (17 166 164 156) (157 79 167 168 165) (140 1)
 (170 141 126) (83 170 142) (171 172 127 143) (170 27 144) (145 171 174 130)
 (146 85 172 174) (131 147 173 175 176) (148 170 18) (178 149 86 172)
 (178 150 28 174) (179 180 151 88 176) (170 152 8) (95 172 153 182)
 (31 182 154 174) (184 183 97 155 176) (178 20 182 156) (157 186 179 183 98)
 (158 180 184 186 32) (159 181 185 100 187 188))