(NIL NIL NIL (3 1) NIL (3 5) (2 5) (5 1) (6 4 8) NIL (10 5) (10 3) (6 12 11)
 NIL (10 14) (3 14) (15 12 16) (2 14) (1 14) (19 16 4) NIL (21 14) (2 21)
 (22 18 23) NIL (21 25) (25 14) (22 27 26) (10 25) (27 15 29) (25 5) (29 11 31)
 (3 25) (27 16 33) (12 29 33) (34 35 30 17) (6 33 31) (32 35 37 13) (2 25)
 (23 26 39) (27 18 39) (41 28 24 40) (7 39 31) (25 1) (27 44 19) (8 44 31)
 (44 4 33) (34 20 45 47) (9 37 46 47) NIL (50 25) (50 14) (27 52 51) (10 50)
 (29 54 51) (15 52 54) (30 53 55 56) (50 5) (58 51 31) (58 54 11) (32 59 60 55)
 (3 50) (62 51 33) (52 16 62) (34 53 63 64) (12 54 62) (35 63 55 66)
 (66 64 17 56) (57 65 36 68 67) (58 6 62) (59 37 70 63) (66 60 13 70)
 (38 67 61 71 72) (50 1) (74 44 51) (19 52 74) (45 75 76 53) (74 58 8)
 (59 46 75 78) (74 62 4) (75 47 63 80) (20 76 80 64) (65 81 77 82 48)
 (9 80 70 78) (49 81 84 79 71) NIL (86 50) (86 25) (87 51 88) (86 10)
 (90 87 54) (90 29 88) (89 91 92 55) (86 5) (58 87 94) (31 94 88) (89 59 95 96)
 (90 94 11) (98 91 60 95) (32 98 92 96) (97 61 99 100 93) (86 3) (102 87 62)
 (102 33 88) (89 103 104 63) (90 12 102) (66 91 103 106) (35 104 92 106)
 (105 67 93 107 108) (102 6 94) (110 103 70 95) (110 104 37 96)
 (97 111 112 105 71) (98 13 106 110) (99 114 111 107 72) (112 100 38 114 108)
 (73 101 109 113 115 116) (86 2) (118 39 88) (7 118 94) (43 119 120 96) (86 1)
 (74 87 122) (44 122 88) (89 75 123 124) (122 94 8) (126 78 95 123)
 (126 124 46 96) (97 125 127 128 79) (102 122 4) (103 130 123 80)
 (104 130 47 124) (81 125 105 131 132) (9 110 130 126) (134 111 84 127 131)
 (49 134 112 128 132) (133 135 136 113 85 129) NIL (138 86) (138 25)
 (140 139 88) (138 21) (140 26 142) (138 14) (140 144 27) (22 142 144)
 (28 145 143 146) (138 5) (139 94 148) (140 148 31) (141 150 149 96) (138 2)
 (139 118 152) (140 39 152) (153 154 141 119) (23 142 152) (154 156 143 40)
 (18 144 152) (41 154 158 145) (156 158 24 146) (147 42 157 159 160)
 (7 148 152) (153 162 120 149) (154 43 162 150) (151 155 164 163 121))