(NIL NIL NIL (3 2) (3 1) (5) (2 5) (3) (1) (9 8) (9) (8 11 6 7) (12)
 (8 11 4 6 7) (10 14) (8 2 11) (3 9) (16 17 15) (17 13 15) (16 19) (18 20) (20)
 (22 18) (23 21) (10 12 14) (20 25) (22 21 25) (22 25) (22 18 25) (23 29) (25)
 (31 18) (31 22 21) (31 23 21) (27 34 32) (31 23 28 21) (35 36) (37 30 33) (37)
 (39 38) (40 24) (39 30) (42 38) (40 43) (44) (24 44) (24 43) (47) (45 48)
 (41 26 46 47) (50 45) (49 51) (27 32 36) (41 53 44 47) (53 45 48) (41 26 55)
 (56 54 51) (49 57) (57) (59) (60) (58 61) (61) (56 54 50) (53 50) (49 61 65)
 (66 58) (66 58) (67 68) (69 62) (49 63 64 65) (67 68 71) (69 72) (73 70) (74)
 (63 64 62 65) (76 72) (73 77 70) (75 78) (75 77) (74 76) (80 81 52) (78)
 (81 75 83) (81 52 83) (85) (84 85) (80 86 87) (80 85) (89 88) (90) (82 84 85)
 (91 92) (81 52 83) (91 94) (82 95) (89 84 94 79) (97 92 95) (98) (99 96) (100)
 (100) (101 102) (100) (102 104) (104) (104) (107) (107) (108 109)
 (106 101 102 110) (93 111) (103 112) (110) (113 114) (105 93 111) (116)
 (117 112) (113 117) (118 119) (120) (121) (114 121) (120) (114 119) (123 125)
 (125) (127 122) (123 127) (124 129 128) (124 127 122) (131) (129 115 132)
 (133) (132 126) (133 135 128) (136) (136) (136) (139) (140) (140) (137 139)
 (130 141 143) (134 135) (145 130 141) (146 143) (145 144) (147 148 142)
 (138 149) (148 142) (149 151) (133 135) (153 151) (146 154) (138 147 155)
 (156) (138 155) (158 150 152) (158) (149 160) (153 138 152) (161 162 157 159)
 (162 155 150) (161 164) (163 165) (166) (164 159) (168) (165 168) (170 156)
 (171) (169 172) (172 157) (169 171 167) (161 162 157) (172 166 176)
 (177 173 167) (178) (179) (180) (181) (181) (180) (184) (180) (185 186 181)
 (187 183) (186 181) (178) (186 181 190 184) (191 183) (185 192)
 (193 187 174 175 182) (194) (195) (196) (194) (192 174 182) (189 199)
 (193 187 175 200) (201 198) (201) (201) (203 195 188 198 204) (194 200)
 (197 206) (185 199) (196 189 208) (203 198 208) (202 188 196 210)
 (211 197 206) (209 212) (202 195 210) (210 195 188 206) (211 204 215)
 (214 216) (212 216) (209 218) (219 214 207) (219 205) (221 213) (222) (221)
 (223 224) (222 224) (219 213 214) (227) (217 228 207) (217 227 221)
 (223 207 230) (228 231 224) (225 232) (231) (225 234) (233 234) (226 236)
 (226 235 236) (234 220) (228 239 224) (240 229 232) (236 239) (235 228 239)
 (243) (233 244) (237 229 245 242) (241 243 237 238) (226 243 242)
 (237 229 238 248) (248) (250 245 240) (251) (249 251 247) (253 246)
 (250 238 240) (244 255) (252 229 256) (257 254) (257 254) (254 256) (259 260)
 (261) (253 256) (257 246 263) (259 260 264) (265) (266) (258 262 266)
 (267 268) (269) (258 262 264) (271) (270 272) (272) (262 263) (273 275)
 (275 270 272) (274 277) (278) (279) (279) (273 281) (279) (283) (284) (285)
 (285) (282 276 287) (288) (289) (290) (285) (289 292 280) (293) (292 276 287)
 (291 295) (289 286 295 280) (297 296) (298 293) (299) (297 291) (301 293)
 (299 302) (303) (304) (305 300 294) (305) (307) (308 294) (300 309) (306 310)
 (300 304) (306 312) (313) (313 307) (315 310) (308 294 312) (313 317 311)
 (313 317) (310 319) (311 320) (321) (322 316) (323) (323) (324 325 318) (326)
 (327) (322) (329) (330 316 318) (331 327) (332 328) (314 331 326)
 (329 314 325 318) (324 335) (331 336) (332 336) (334 335) (335 327) (338 340)
 (337 340 333) (334 342) (334 342) (338 344) (345 343) (339 343 344)
 (341 343 344) (346 348) (338 340) (347 349 350) (351) (350 343) (353 339)
 (354 352) (355) (355) (353 346) (358 352) (359) (357 359) (358 352) (348 350)
 (361 362 363) (364 360) (354 363 349) (361 356 366 360) (365 367)
 (364 366 360) (369) (370 365) (369) (371 372 367) (373 368) (374) (373) (376)
 (377 374) (378) (379) (380) (373) (382) (378 383) (379 383) (385 380)
 (386 375) (387 384) (388) (389) (387) (389 381 391) (392) (392) (388 391)
 (380 382) (393 396 390) (389 396 381) (396 391) (388 399))