(NIL (1) NIL (3 1) (4) (3) (6 2 4) (7) (7 5) (6 2) (6 4) (10 11) (2) (7 13)
 (14 5) (9 15 12) (16 8) (15) (8 14 12) (19 18) (19) (16 21) (19 18) (16 23)
 (20 24) (25 17) (17 21 23) (27) (27 20) (25 29 22) (26 30) (30) (32) (33 28)
 (26 34) (29 22) (35 36 31) (37) (33 26 28 36) (34 39 31) (40) (40) (42 38)
 (43) (44) (40) (41 38 46) (42 47) (45 46) (41 49) (49 48) (35 36 31) (52 47)
 (53 48) (54) (53 48) (42 52 47) (57 50) (50 52) (51 59 55) (59 56) (57 61)
 (62 55) (58 63) (64) (54 62) (51 62) (67 60) (58 68) (68 64) (70)
 (66 67 60 63) (72 64) (73) (74 71) (74 71) (74 71) (65 73 68) (65 72) (70 79)
 (68 72) (81 71) (65 82 77) (73 81 79) (81 76 77 79) (82 69 85) (80 84 86) (86)
 (65 76) (75 89 80 83 84 86) (82 89) (87 88 83 91) (89 86) (93) (75 91 84 94)
 (83 95) (92 90 78 95) (88 90 94 78) (98 91) (92 99) (100) (101) (92 98)
 (103 100 95) (104) (90) (97 98 106) (107 99 103) (108 100) (105 109) (96 110)
 (111) (111) (113 102 112) (111 102) (115) (116) (117) (117) (116) (120)
 (114 118 120) (110) (123 117) (113 123 117 120) (114 124 125) (126 119)
 (122 123) (121 126 128) (129 119) (130) (130) (119 128) (121 133 124 125)
 (130 134 127) (125 128) (130 133 136) (132 135 136) (131 136) (139 132)
 (139 132) (140 141 135) (137 142) (137 138 142) (143 144) (145) (143 144)
 (147) (147) (149) (137 141 127) (146 150 151) (148 152) (152) (154) (155 148)
 (154) (152) (154 158) (159) (160) (155 160) (148 159) (158) (158) (148 152)
 (155 164 157 166 160) (161 162 165 166) (161 163 164 165 166 155 157)
 (153 169) (162 156 167 170) (153 169 167) (172) (170 173) (162 172) (156 175)
 (171 176) (177) (169) (179 172 168) (180 174 176) (171 181) (182) (178 181)
 (181) (185 178 182) (185 178 183) (186 187) (186 187) (188 189) (190)
 (191 184) (192) (192) (191 184) (194 195) (190) (197 192) (195 198)
 (193 194 199) (193 199) (201 196) (201) (203 196 200) (196 198) (201 205 200)
 (205) (193 207) (201 208) (202 208) (209 210 203 200) (209 210) (211 212)
 (213) (214) (213 206) (204 216) (217) (214 216) (216) (204 220) (217 220)
 (221 222) (216) (217 220 215 224) (225 222) (222 224) (227 214) (225 228)
 (228 223) (225 218 230) (226 219 231) (219 230 215) (219 228 215)
 (218 221 229 234) (235 231) (236) (226 235 223) (238 232) (226 235) (231 240)
 (241 236) (242 237 239) (243) (242) (233 245 237) (243 246) (238 246) (248)
 (249 247) (233 243 245) (251 246) (252) (250 253) (250 252) (244 255)
 (254 255) (252 247) (249 258) (258 248) (258 244 254) (259 260 261 255) (262)
 (257 260 261) (264) (265 256) (262 264) (267) (265 268) (264 256) (270 263)
 (265 267 271) (267 271) (265 273) (274 268) (274) (259 270) (265 277 263)
 (265 270 263) (266 274 279 272) (278 280) (281) (282) (282) (284 269)
 (284 269) (286) (281) (285 286 288) (289 283) (277 280) (282 291 276 269)
 (292 285 286) (293 287 288) (283 292 287) (275 295 288) (289 294 296) (297)
 (298) (290 298) (300) (299 300) (289 283 292) (293 303 296) (294 304)
 (305 299) (306) (305) (290 308) (306 309) (310) (311) (307 300 312) (313 301)
 (300 311) (315 301) (302 310) (313 317) (314 315 318) (316 319) (317)
 (321 320) (307 317 312) (307 316 317) (324 318) (314 323 324) (326)
 (321 325 327 319) (328 320) (329) (329) (329) (332) (332) (322 334) (333 335)
 (336) (331 334) (330 338) (339 333) (340) (337 341) (340 335) (342 343)
 (341 343 336) (345 344) (346) (347) (346) (347 349) (350) (349) (346) (353)
 (345 342) (353 355 348 350) (355 348 351) (345 344) (358 350 352)
 (356 359 351) (357 358) (353 361 359) (362 356) (354 362 360) (364) (365)
 (366) (366) (367 368) (368) (369 370) (371) (365) (370 373) (374 367)
 (363 375) (372 375) (374) (377 378) (364) (380 368) (380 372 375) (377 382)
 (378 383) (377 382 376) (377 378 382) (386) (387) (387) (386 384) (386 379)
 (363 391) (377 380) (388 389 390 391 393 381) (394 376) (394 363)
 (393 387 381 376) (394 397) (398) (393 387 381 392))