(NIL NIL (1) (2) (2) (5) NIL (7 2 1) (2 3) (9) (7 10 4) (7 10 5) (11 12)
 (7 4 9) (8 12 14) (11 6) (16 13) (15 17) (18) (15 17) (19 20) (16 12)
 (8 17 22 14) (18 23) (21 24) (19 20 23) (26) (25 27) (28) (25 27) (28 30)
 (28 30) (29 32) (33) (28 30) (35 31 32) (33 36) (36 29) (38) (34 38) (35)
 (41 38) (41 37 38) (30) (34 36 44) (41 45) (42 46 39) (43 46) (42 44)
 (49 43 46 39) (42 43 44 40) (49 51 46) (34 44 37 42) (53) (43 54 47) (52 55)
 (51 54 47) (50 54) (58 55) (57 59 56 48) (60) (57 59) (62 48) (62) (64 52 48)
 (65 56) (59 52) (67 60 62) (66 68 61) (69) (69 63) (65 68 63) (65 67) (67 61)
 (65 74 68 63) (75 69) (76) (73 75 72) (76 78) (57 59 52) (73 76 80) (81) (81)
 (83 72) (84) (83 77 78) (86 79) (81 71) (86 79 88) (85 86 88) (78 88)
 (91 84 70 86) (89 92 85) (90 92 79) (82 94) (92 85 79) (89 96) (95 96)
 (89 98 87) (99) (90 96) (97 101 95 87) (99 101) (92) (93 95 104) (105 98)
 (106 101) (107 103) (106 100) (97 107 109) (107 109 103) (108 110 111)
 (106 100) (113) (114 108 111) (114 112) (116) (115 117) (116) (114 108)
 (109 102 120) (110 120) (122 102 118) (122 118) (121 124) (125) (124 102)
 (123 125 127) (127) (129) (130 126) (129) (123 132) (133) (133) (133 125)
 (119 136) (130 136) (133) (131 139 119) (138 139 128) (141 126 119 134) (142)
 (143) (140 135 144) (137 145) (131 143) (147 144) (148) (143 135)
 (140 150 144) (149 151) (145 152) (145 151) (147 151) (137 155) (156 149)
 (154 157) (156 152) (153 158 159) (146 160) (160) (160) (163) (146 160)
 (161 165) (162 166) (162 165) (161 163 165) (169 164 167) (170) (170)
 (169 164 168) (171 173) (173) (153 154 157 159) (171 173 176) (177 175)
 (178 172) (177) (161 176) (178 181) (172 182) (174 183) (180 184) (185)
 (185 179) (174 183) (185 188) (188) (179 190 184) (190) (179 189 190)
 (193 191) (193 186) (194 195 192) (187 196) (196) (194 195) (197 198 199)
 (193 187 192) (201 194 195) (193 186 187 191) (193 187) (203 204 198)
 (201 205 197) (206) (207 199) (202 206 199) (209) (210 207) (211 200) (212)
 (212) (211) (211) (209 207) (217) (210 218) (218 214 216) (218 211)
 (218 216 215 200) (221 213 214 222) (217 211) (224 208 213 219 220 221)
 (218 212 216 215 208) (219 220 222 226) (221 222 226) (228 225 223) (229)
 (228 220) (227 231 224 223) (232) (233) (233) (234 235 229) (236) (231 225)
 (223 238) (239 237) (230 240) (241) (239 236) (237 238) (244 230) (236 238)
 (246 240) (242 247) (243 248) (248) (250 243) (241 245 243 247) (249 250 252)
 (249 252) (249 250 252) (253 255) (255) (257) (258) (258 253) (255)
 (258 251 261) (262) (259 263 256) (264) (265 254) (265 254) (267) (262 256)
 (265 269 254) (267 270) (266 260 271) (266 260 269) (273 271) (266 269)
 (273 275 268) (275) (277) (273 270 278) (267 277) (268 280) (281 276 278 272)
 (281 279) (274 283 276) (280 272) (267 275) (276 285 286) (268 285 286)
 (281 276 286) (289 279) (276 286 272) (281 291 279 288) (289 274 291 287)
 (293 278) (284 294) (292 294) (283 285 291) (297 294 288) (290 298) (299)
 (299 295) (298) (297 288) (290 303 302 295) (304) (305 301 296) (282 300 306)
 (307) (308) (308) (310) (311) (311) (309 310) (305 301 296) (313 315 309 312)
 (314 315 312) (315 308) (316 318) (313 318) (320 312) (321 314) (322) (323)
 (323 317) (322) (326) (323 326) (321) (329 327) (330 323 316) (329 314 316)
 (330 332 325 319) (333 328) (334) (334) (336) (337) (338 331) (338 331) (340)
 (341) (340 335) (341 343) (344) (345 339) (324 344) (347) (339 348) (346 349)
 (339 343) (350 351) (352) (353) (342 351 344) (355 352) (356) (356)
 (345 355 348) (350 359) (353 360) (353 360) (354 360) (362 363) (361 364 358)
 (362 363 358) (357 366) (365 367) (364 366) (369) (357 359) (371 364 358)
 (371 367) (370 371) (373 374) (372 375) (372 374 368) (377 376) (372 374 368)
 (379 376) (380) (381) (379) (380 383) (377 381 384) (385) (386 382)
 (377 380 383) (388 382 384) (388 382) (378 389 390) (390 384) (378 392)
 (378 388) (394) (395 391) (385 396) (397 392) (398) (399))