(NIL NIL NIL NIL (4 1) (4) (6 2) (3 7) (5 8) (9) (9) (8) (5 12) (5 12) (14)
 (10) (16 14) (17 11 13) (16 11 14) (19 13 15) (20) (20) (22) (18 22) (24)
 (18 22) (18 22) (22) (16 13 15) (29 25 26) (29 24 28) (29 24 26 27 28) (22)
 (18) (33 34) (35 30 31) (23 35 26) (32 37) (38) (38) (36 39 21 40) (41) (41)
 (43) (43) (41) (41) (42 44 47) (37 30 31) (49 43 46) (49 42 43) (51 47)
 (51 46) (44 53) (50 52 45 54) (53) (50 52 56) (45 54 56) (50 52 58) (51 47)
 (59 60) (61 55) (62) (63) (63) (57 62) (61) (66 67) (68) (69 64) (64 69 48)
 (71) (72) (73) (73) (65 75) (65 75) (68 48) (78) (78) (75 70 80) (81 79)
 (82 76) (83 77) (84) (74 85) (85) (84) (82) (65 89) (90 76) (65 89) (92 86)
 (93 88) (94 87) (95) (96) (97) (97 90) (99) (99) (99) (100 102) (101 103)
 (100 101 102) (105 98) (105) (98 107 103) (91 107 104) (108 109) (98 109)
 (106 108 111) (111) (113 110) (113) (113) (116 110) (117) (116 110)
 (106 118 119) (115 120) (121 114) (106 119) (123 118 112) (115 124)
 (114 125 120) (121 125) (127) (126 127) (124 120) (121 123) (131 126)
 (122 132) (133) (122 131 128) (129 134 135) (130 122 131 128) (137 134)
 (138 136) (138) (129 137 134) (141 135) (142) (143) (144) (138 142)
 (146 143 136) (146) (140 148 144) (149) (139 150) (139 150) (145 149) (149)
 (145 139 148) (153 154 155) (156 151) (157 152) (157) (157) (159 160)
 (147 159 160) (162) (163) (162) (165 158) (164 166) (165) (168) (169 164 158)
 (168 152) (169 171 164) (165 158) (170 171 173) (173 168) (171 164 175)
 (172 176) (177 170) (178) (161 179 166) (179) (175) (180 181 174 182)
 (183 167) (183) (185 184) (185 184) (185 167) (188 184) (189) (190) (186 191)
 (187 189) (193 191) (193) (194 195 192) (195 191) (186 197) (194 198 192)
 (196 199) (200) (201) (202) (201) (204) (203 205) (206) (201) (206 208)
 (209 207) (209) (210 211) (211) (213) (210 213) (215) (214 216) (215) (218)
 (219 216) (218) (219 221 216) (213 207) (223 216) (222 224) (225)
 (221 214 223) (217 226 227 212) (226 227) (220 229) (217 230) (212 231)
 (220 223) (225 233 214) (234) (235 231) (235 228) (237 230) (217 233 224)
 (238 239) (237 239) (241) (236 238 239) (225 233) (244 230 239) (241 245 240)
 (242 244 238) (243 246 247) (243 247 240) (249 245) (250) (249) (252 232)
 (253) (250 246 254) (255) (255 248) (257) (243 240 245 247 232) (257 251 259)
 (257 259) (251 261) (258 262) (260 263) (264) (264) (260 263) (265 267)
 (265 267) (269) (270) (271) (271 256) (258 259 256) (274 270) (274 263)
 (265 276) (277) (278 271) (268 278) (275 276 271) (281 266 278) (273 282)
 (283) (281 266 277 272) (273 285) (282 268 286) (273 281 268 272)
 (273 266 279 281) (289 288 280) (289) (283 285 291 280) (292 284 288)
 (292 284 286) (294 288) (295) (290 293 296) (297 287) (297) (299) (299 287)
 (301) (302) (297) (302 304) (305 298 303) (305 298 300) (305) (300 301 304)
 (308 309) (298 308 309 303) (297) (307 309 312) (313 308) (314 311) (315)
 (316 310) (317) (315) (319) (317 320) (319) (322) (316 319) (324 318)
 (321 322 324) (321 324) (323 318 327) (328) (322 327) (330 318) (306 318 330)
 (332 326) (333 328) (329 306 330) (331 334 335) (325 326 327) (337 323)
 (306 338 330) (331 333 339) (329 339) (331 341) (332 341 335) (343) (333 344)
 (345 342 336) (346 340) (347) (345 340 336) (345 342) (349 350) (346 351)
 (348 352) (348 351) (354) (342 343) (356 340 350) (357 352) (347 358)
 (355 359) (356 334) (361 340 350) (362 357) (362 355 359) (363 364) (364 360)
 (353 364) (367) (363 368) (363 367) (369 370) (371) (372 365 360) (373) (374)
 (371) (366 376) (377 373) (378) (377 365) (377 375) (381) (382) (378 383)
 (378 381) (377 373) (378 381 386) (387 384) (385 379 388) (380 389) (389)
 (389) (380 392) (387 380 383) (394 392) (395) (386 379 384) (396 397 391)
 (390 398) (397 390))