(NIL NIL NIL (1) NIL NIL (6 1) (1) (8) (2 8) (10) (9 5 11 7) (8) (12 13) (13 4)
 (9 11 13 7) (16 4) (17) (18 14) (16 12) (20) (18 21) (18 20 14) (9 15)
 (16 14 24) (18 25) (23 26 22) (26 21) (3 26) (23 29 22) (22 24) (22 24)
 (32 25 19) (23 33 26) (34) (35 30) (35 30 27 31) (32 19 29 31) (38 33) (37 39)
 (39) (41 34 27) (34 28 39) (35 43) (32 28 30) (45 42 44) (46) (45 37 39)
 (45 41) (40 49 44) (50 36) (40 42 49) (52 43) (51 52) (51 52) (47 55 48) (55)
 (54 57) (47 58) (59) (59) (60 61 53) (62 56) (63) (63) (65) (61) (67 62 48)
 (66 68) (69) (70) (71) (67 66) (60 67 48) (74 73 69) (72 73) (64 76 74) (77)
 (76) (79 77) (80) (81 75) (75 80) (83) (81 83) (85 78) (84 86) (87) (88) (88)
 (82 90) (87) (89 92) (92 88) (89 94) (94) (96) (97 90 95) (98 93) (98 93)
 (91 100) (98 91) (102) (103) (100 103) (100 103) (106) (105 99 107 104)
 (108 101) (107 104) (106 101) (99 111) (105 107 112 104) (105 106) (114 104)
 (115 112) (116) (113 115 108 110) (115 112) (115 112) (109 120) (113 108 120)
 (113 120) (121 123 117 118) (120) (125 123 116 109) (109 110 117 119 123 125)
 (121 122 118 127 126) (122 127) (117 118 119 121 122 125) (130) (129 131 124)
 (117 109 125) (131 124 133 128) (134) (135) (132 136) (136) (138) (139 132)
 (133 128) (129 141 134) (138 142) (137 140 142) (131 141) (137 141)
 (145 146 140 143) (147) (147 144) (146 144) (147 150) (150) (145 143 152)
 (153 151) (148 150) (153 155 149) (155 151) (157 149 152) (154 158) (153 157)
 (158 160) (155) (154 162) (162 156 158 160) (164) (161 163 165) (153 162)
 (163 167 160) (157 167) (169 166) (170) (163 164 167) (172 159) (173) (173)
 (169 166 175) (171 174 176) (165 175) (170 175) (179 174 168) (178 180 176)
 (179) (171 182) (178 171 179) (166 175 174) (185 178) (185 181 184) (185 176)
 (188 168) (177 178 180 185) (189 182 190) (191) (186 192) (192 183 184)
 (181 183 192) (195) (181 183 192) (197 184) (186 198) (197) (187 191)
 (193 194 195 201 199) (187 191 183) (203) (201 203) (186 205)
 (202 196 206 204 200) (194 205 199 200) (202 208) (209 207) (207 208)
 (210 211) (211) (212 213) (186 203 196 194) (203 198 200) (211 215 216)
 (209 217 213) (217 213) (219) (212 220) (221 214) (218 221) (217)
 (221 214 224) (225) (226) (194 203 198) (225 228) (218 229 226) (227 230 223)
 (231) (210 220 228 224 218) (233 214) (234 230) (235 232) (236) (235 222 232)
 (234 232) (234 231) (239 240) (241) (241 237) (243 222) (244) (233 231)
 (245 238 246) (236 246) (244 238 248) (249) (250) (251) (242 252) (247 248)
 (252 254) (255) (256) (253 255) (258) (259 256) (258 256) (261) (261)
 (257 259 262 263) (263) (265) (266 260) (260 261) (257 268 263) (267 269 262)
 (267 268 264) (271) (271) (273 272) (266 268) (275 271) (276 272) (274 277)
 (276 270 272) (276 270) (273 279 280) (267 275 269 262) (282 279 280)
 (281 283) (284) (284) (278 286) (287) (286) (289) (290) (291 285 287)
 (277 286) (285 278 286) (290 294 288) (295) (291 293 294) (297 295) (298)
 (299) (299) (301) (301 296) (298 292 296) (302 303 304) (305) (306) (307)
 (308) (307) (301 304) (311) (308 312) (313) (314 309) (307 300 312) (316 310)
 (315 317) (317 309) (315 316 310) (316) (313 321 319) (322 318) (323) (324)
 (314 322) (314 322) (323 327) (322) (322 318 320) (330 325 327) (331 328)
 (331) (333) (333 328) (332 333 326) (329 335 336) (337) (338) (339) (337)
 (329 332 333) (339 342) (334 342) (344) (345 343) (346) (347) (348 340) (349)
 (348 340) (347 340) (341 352) (346) (354 347 341) (354 352) (345 339 341)
 (345 339 341) (353 355 358 351) (349 359) (353 349 358) (361 355 350)
 (362 357) (363) (364 356 351) (364 360) (366) (363) (362 360) (369 364)
 (369 364) (370 371) (372 356 367 368) (373) (372) (375 368) (371 366)
 (377 372) (377 373 376) (371 365) (377 380 373) (379 380) (371 356) (373 383)
 (379 384) (379 384) (386 380) (386) (387 388) (389 374) (389 382)
 (378 381 391) (385 392) (390 392) (394) (393 394) (395 396) (395 396) (398)
 (399))