(NIL NIL (2) NIL (4) NIL (3) (5 7) (1 8) (6 9) (7) (10 11) (1 5 11) (13) (9 13)
 (12 15) (16) (17) (16) (16) (20) (21) (16) (17 22 23) (19 24) (25 14) (25 14)
 (18 27) (19 14 24) (18 19 24) (27 30) (24) (25 30 32) (33 29) (34 28 31)
 (33 28) (33 27) (33 28) (36 29 38 31) (35 37 39) (40) (26 38 34) (42 35)
 (37 36 29 38) (38) (45 35 37) (46 40) (43 47) (48) (48) (43 44 47) (47)
 (49 50 51 52) (53) (52 48) (41 53 55) (54 56) (57) (53 55) (58 59) (60)
 (49 51 52) (62 55) (57 63) (58 64) (64) (64) (67) (53 63) (62) (65 68 61 70)
 (71) (72) (73) (74 69) (66 72) (75 76) (66 71) (78) (74 69 79) (69 79 72)
 (75 76 79) (82) (83) (81 84 80) (84) (82) (69 79) (88 84 80) (89 85 86)
 (89 85 86) (91) (92) (88 77 80) (90 94) (92 95) (90 92 94) (97 95) (98 93 87)
 (99) (99) (101 96) (99 96) (101 103) (100 104) (105) (104) (107) (105 108)
 (108) (106 102 110) (108) (100 112) (111 112) (107 100) (115 109 111 112)
 (116) (114 117) (113 118) (113 116) (120) (120) (119 120) (123) (122 124)
 (125) (122 124) (124) (122 124) (129 128) (129) (129) (124) (129 133 126)
 (121 130 133 132 125) (135) (131 126 127 136) (137 134) (131 134 136)
 (137 139) (140) (138 141) (137 139) (137 139) (138 144) (145 143) (146 141)
 (144) (138 140 143 144) (148 149) (145 150) (151) (152) (141 152) (141 152)
 (146 141 151) (147 156 142 152) (156 142) (153 158) (154 147 159) (159)
 (161 154 147) (161 155 157) (154 155 158) (155 158) (162 165) (162 165)
 (164 165) (147 168) (161 169) (170 163) (169 166 167 160) (171 172) (173)
 (172) (161 169) (166 176) (177 175) (170 176 167 160) (179 175) (179 173 175)
 (177 180 181) (181) (178 179) (174 184) (183 184) (186) (186 180 174)
 (179 175) (186 180 189) (186 189) (185 191) (187 192) (193 190) (193) (195)
 (193) (192) (182 198) (194 196 199) (193 190 199) (201 188 197) (202 200)
 (201 200) (194 195 199) (203 205) (202 196 205) (206 207) (204 208)
 (205 196 197) (209 210) (211) (212) (212) (212) (214 215) (215) (217 214)
 (215) (219 213 214) (215) (221) (219 214 222) (223 216) (219 221) (225 220)
 (221 214) (227 220 224) (225 218 228) (218 228) (230) (230) (226 232)
 (218 228) (227 213 223) (218 235 228) (234 236 231) (233 237) (225 236 232)
 (233 236) (240) (241 234 231) (242 238) (243) (244) (242 239) (238 246) (242)
 (246 248) (229 246 248) (250 244) (251 245 247) (250 244) (253) (254)
 (249 245 255) (252 256) (251 256) (251 255 247) (249 254) (245 254)
 (257 258 259 261) (251 261 255 247) (263) (264) (264 256) (265 266)
 (257 260 264) (258 268) (259 260 264) (270 256) (252 271) (267 268 272)
 (257 267 272) (257 258 265 272) (267 269 275) (274 276) (277) (273 276) (276)
 (273 280) (281 279 262 278) (280 278 279) (267 275 269 262) (267 252 271)
 (278 285) (281 283 284 286) (284 286 279) (288 282 283) (288 282) (288 283)
 (282 283 286) (288 292 287) (290 291 293) (294) (295) (296) (295) (296 298)
 (262 278) (289 290 300) (296 301) (302 298) (302 299) (297 300) (304 305)
 (306) (306) (308) (289 305) (306 310) (311 303) (312 307) (312) (311)
 (298 300) (304 316 310) (312 317) (312 308 317) (309 319) (307 319 315)
 (321 313 314) (322) (322) (319) (325) (313 314 309 326 315) (327)
 (313 309 326 315) (329 327) (329 323 324 327) (331) (331 318 328)
 (331 328 320) (329) (331 335 328) (330 336 320) (337) (338 318) (339)
 (338 332 333) (340 341 334) (338) (333 336) (338 344) (340 344) (345)
 (347 334 343 346) (347 340 332) (349 341 346 343) (350) (342 348 350) (352)
 (353) (347 342 343) (355) (349 356 346) (357) (354 358) (359) (360) (361)
 (362) (353 355) (351 361 364) (362 365) (363 366) (363 365) (365) (369 368)
 (370 366) (360 364) (372) (373 368) (374 367) (372 367) (371 375 376) (377)
 (377) (378 379) (377) (378 381) (376 368) (380 383) (381 384) (381 384)
 (370 374 376) (385 387) (388) (389) (371 387) (386 389 382 391) (392) (393)
 (392) (387 381 383) (396 389 391) (386 397) (396 389) (397 399))