(NIL NIL (2 1) (3) (2) NIL (6 2) (7) (4 8) (6) (10 9 5) (10) (10 1) (12 13 7)
 (4 14) (9 15) (16) (4 14 8) (18) (19 5) (18) (3 13 5) (4 22 8) (19 23) (9 24)
 (25) (26) (17 27 21) (28) (23 15) (21 30 24) (31) (32 27 11 16) (33 29) (34)
 (34) (36 20) (20 11 29 32) (27 31 16) (35 20 39) (40) (36 39) (34 38 39)
 (41 42 43 37) (44) (45) (46) (47) (48) (49) (46) (51 47) (50 52) (45) (54)
 (51 55 48) (54 48) (57 56) (58) (58 52) (50 60) (61) (53 62) (59 61) (64) (64)
 (64) (67) (68) (68) (69 70) (71) (65 53 72) (70) (74 63) (69 70 63) (65 68)
 (77 63) (73 74 76 78) (66 79) (75 80) (80) (82) (75 83) (84) (75 76 77)
 (66 86) (86) (88 80) (88 80) (90) (91) (82 88) (92 93) (83 92 93) (89 95)
 (85 95) (81 95) (98) (98 85 87) (100) (99 100) (89 101 94 102) (103 96)
 (97 103) (97 94 102) (105 106 104) (107) (107) (109) (110) (111) (108 111)
 (108 111) (114) (115) (116) (116) (118) (118) (108 111) (121 118) (121 116)
 (121 120 112) (124) (124 117 119) (125 126) (125 126) (113 121 116)
 (129 118 112) (122 125 130) (130 128) (129 118) (130 123 133 128)
 (122 133 117) (122 133 126) (130 123 136 128) (129 122 123 128) (138 131 136)
 (137 139 132) (139 132 134 127) (138 133) (137 142) (132 134 143) (139 142)
 (138 134) (146 136) (147 127) (131 148 144) (137 145 148) (150 143) (150 144)
 (140 152) (153) (153) (152) (156 135) (155 157) (153 156) (159) (154 160)
 (149 160) (157 141 162) (154 163) (161 164 158) (165) (164 151) (161 163)
 (165 167 168) (166 167 168) (158 151 168) (171) (172) (169 173) (166 174)
 (170 175) (170 174) (177) (178 176) (178) (177) (164 173) (178 181 182)
 (179 183) (180 181 182) (185 179) (186 184) (186 184) (185 184) (179 182)
 (189 190) (180 190 184) (186 192) (193 188) (194 191) (195) (196) (197) (198)
 (199) (200) (199) (202) (202 187) (204 200) (199) (206) (204 207) (208 200)
 (208) (201 209 210) (211) (212 205) (210) (203 214) (211 205 215) (216) (217)
 (218) (219 213) (220) (201 205 215) (217 222) (223) (201 214) (225 220 224)
 (226 221) (227) (228) (229) (229) (230 231) (227) (233) (234 229) (233 230)
 (236 232) (234 237) (238) (233) (235 231 240) (241 237) (242 239)
 (235 240 232) (244 239) (242 244 238) (245 246) (246) (246) (249) (250) (249)
 (250 243 252) (251 253 247 248) (254) (255) (255) (257) (258) (254) (254)
 (259 261 256) (257 261) (263) (263 256) (265 259 264) (261) (267 255)
 (258 268) (268 259 264 256) (268) (257 271) (269 262 272) (273 266 260)
 (269 271 264) (274 275 270) (274 275) (277) (277) (270 279) (278 279)
 (281 280) (282) (282) (282) (284 285) (276 285) (287) (284 288) (289 286)
 (286 288) (291) (283 292) (292) (294) (283 295) (283 294) (290 294) (298)
 (297 299 293 295) (300) (301) (300 296) (303) (303) (305 301) (306) (307)
 (307 304) (305) (307 302 310) (311 304) (308 312) (312) (314) (315 309) (314)
 (314 308) (314) (319) (308 317 320) (321) (322 309) (313 321 318) (321) (325)
 (312) (322 325 327) (301 303) (321 329 316) (329 325 309)
 (329 315 324 326 327) (330 323 332 328) (333) (334) (330 331 332) (336)
 (337 334) (337 323 328) (339 333) (338 340) (340) (342) (342) (342) (345)
 (342) (347) (345 348 335) (345 348 341 344) (347 343 335 344) (350 351) (352)
 (353) (354) (355) (346 354) (354 349) (353 349) (346 355 359) (356 357 360)
 (361 358) (362) (363) (364) (356 357 360) (364 366) (362 366) (365 367 368)
 (368) (363 366) (371) (360) (373 367) (365 374 368) (369 372 375) (370 375)
 (369 377 372) (369 372 373) (378 379) (370 379 375) (371 373 368)
 (377 372 382) (381 383) (383) (378 383) (384 386 380 376) (386 380)
 (381 383 376) (385 386 389) (383) (391 384) (378 379 382) (393 386 391)
 (394 380 392) (395 390) (387 396) (397) (387 396) (399))