(NIL NIL (2) (2) (4) (5 1) NIL (7 5 1) (8 3) (8) NIL (7 3) (12 1) (12 5 1)
 (6 14) (10 15) (15) (11 9 13) (17 10 18) (18 14) (18 14) (19 20 21) (22)
 (16 22) (24) (25) (22) (16 27) (28 23) (19 20 21) (16 22 30) (31) (25 23 32)
 (25 32) (27 32) (26 35 28) (31 24) (36) (33 37 38) (38) (37 29 40) (41) (41)
 (38) (42 44) (44) (39 43 46) (47) (48) (34 49) (50) (33 46) (52 43) (50 53)
 (34 45 53 47) (55 51 54) (52 49) (57 45) (56 58) (59) (60) (59) (62)
 (55 51 57) (64 58 54) (65) (65 62) (58 64) (65 59 68) (69 61) (70) (70 63)
 (72) (73) (62 70) (75) (76 63) (60 69 63) (73 66 78) (75 79) (74 71 80)
 (67 80) (76 79) (67 83 71) (84) (85 74 77) (81 82 85) (77 87) (82 83 71)
 (74 67 75 79) (90 87) (81 90 83) (92 87) (67 79 71) (77 94) (81 90 84 95)
 (92 95 87) (89 91 97 88) (86 95 88) (87 96) (100 92 88) (100 99) (101 102)
 (91 93 103) (89 97 104) (105) (106) (107) (108) (97 104) (91 93 97 103)
 (108 98 111) (109 111) (113 110) (114) (114 112) (115 116) (116) (117 118)
 (119) (120) (121) (118) (118) (115 118) (122 124 125) (125 117) (121 124 127)
 (128) (129 123) (118) (114 112) (122 123 124 132) (122 132 127) (130 131 134)
 (133 134) (130 126 136) (129 136) (138 135) (137 139) (129 136) (131 141)
 (131 141 126) (138 142 143) (139 144) (145) (146) (145 140) (130 142 143)
 (146 149) (150) (137 150) (150) (150) (137 154 151) (155 152) (153 156)
 (154 140) (148 158 151) (159) (160 152) (147 156 159) (162 157) (163)
 (161 162) (162) (162 160) (163 167) (166 167) (167) (170 168) (171 165)
 (169 171 164) (157 167) (169 163 174) (173 175) (172 176) (164 175) (178 172)
 (179) (180 173) (180) (173 165 178) (170 174) (161 164 175 184) (177 185)
 (186) (186 182) (177 185 179) (189) (187 181 190) (191 183) (182 183 190)
 (188 181 190 183) (187 189 182) (195 183) (185 183) (197 182 192)
 (197 187 188 181) (186 179 197) (193 200 192) (201 196 199) (201 199)
 (202 203) (195 203) (205) (198 206) (204 207) (196 207) (205) (193 198 200)
 (211 206) (209 194 204 212 210) (202 212 207) (194 214) (215) (204 216)
 (213 216) (209 204 215) (210 219) (202 212 210) (194 221 207) (218 222)
 (221 214) (219 221) (225 220) (225 220 223) (217 226 227 224 208) (228) (228)
 (230) (229 231) (232) (229 230) (234) (235 231) (236) (237 232) (238) (236)
 (238 240) (240 232) (242 238) (242 238) (233 244) (244) (241 246) (244 239)
 (246 248) (244) (233 249 250) (241 251) (252 245) (253 247) (250 239)
 (233 241 239 242) (241 242) (249 257) (257 252) (257 243 245 251)
 (258 260 253) (261) (260 254 255) (259 261 263 256) (264) (265) (266 262)
 (259 261 263 256) (265 268) (269) (267 270) (269) (262 272) (266 268)
 (274 272) (274 267 269) (276 270) (277 272) (276) (273 279) (278 271 280)
 (276) (273 282 271) (283 278 279) (284) (273 282 278) (286 271 280) (284 287)
 (275 283 287) (289 284) (290 285) (291) (292) (292 288) (281 293 294)
 (293 294) (292) (289) (298 293 288) (298 288) (291 300) (301 295) (302)
 (300 296) (303 304) (297 299 303 304) (298 294) (305 306 307) (307 302 296)
 (299 309 304) (306 310) (311) (312) (310) (313 314 308) (306 307) (316 309)
 (314 317 312) (315 318) (305 313 316) (308 320) (321 318) (305 314 316)
 (323 318 320) (322 324) (324 308) (323 311) (327) (322 315 324 328) (329)
 (330) (330 325 326 319) (329 325) (333 319) (330 326 334) (335) (333 319)
 (337) (338 334) (339 336) (340) (331 332 339) (342) (331 332 339) (344)
 (341 343 344) (345 346) (343 344) (348 335) (346 349) (347 349) (349 341)
 (348 340) (353 341) (345 353) (353 347) (354 356 350 351 352) (353 347)
 (357 358) (358) (350 360) (355 356 349 358) (356 358 352) (355 363)
 (362 364 359) (365 360) (362 364 359) (367) (368) (369) (361 367) (364)
 (372 365 360) (361 373 368) (371 366 374) (370 375) (369 374) (377) (377)
 (379) (378 371 380) (380) (382 375) (370 383) (381 366 382) (385 370 383)
 (386) (387) (385) (385 384) (386 389 390 376) (391) (388 389 390) (393)
 (394 391) (395 392) (396) (393) (395 398) (394 398 392))