(NIL NIL (2 1) (3) (4) (5) (6) (7) (7) (9 8) (9 8) (11) (10 12) (10 12) (13 14)
 (15) (16) (16) (17 18) (19) (20) (21) (20) (22 23) (24) (25) (26) (27) (28)
 (29) (27) (30 31) (32) (33) (34) (35) (36) (37) (37) (38 39) (40) (41) (42)
 (43) (43) (44 45) (46) (46) (48) (49 47) (50) (51) (52) (53) (54) (55) (56)
 (57) (56) (58 59) (60) (61) (62) (63) (64) (65) (66) (67) (67) (68 69) (70)
 (68 69) (70 72) (73 71) (74) (75) (76) (77) (78) (79) (80) (81) (82) (83) (84)
 (85) (86) (87) (88) (89) (90) (91) (92) (91) (92 94) (93 94) (95 96) (97) (98)
 (99) (100) (101) (102) (103) (101) (105 103) (106 104) (107) (108) (109) (110)
 (110) (110) (113 111 112) (114) (114) (115 116) (117) (118) (119) (120) (121)
 (122) (123) (124) (125) (126) (127) (128) (129) (129) (130 131) (130 131)
 (132 133) (134) (135) (136) (137) (137) (138 139) (140) (141) (142) (142)
 (143 144) (145) (146) (147) (148) (149) (150) (151) (151) (153) (154 152)
 (155) (156) (156) (157 158) (159) (160) (161) (159) (161 163) (162 164)
 (162 164) (165 166) (167) (168) (169) (170) (171) (172) (173) (174) (175)
 (176) (175) (177 178) (177 178) (180) (179 181) (182) (183) (184) (185) (186)
 (187) (187) (188 189) (190) (191) (192) (192) (193 194) (195) (195) (196 197)
 (198) (199))