(NIL (1) (2) (3) (4) (5) (6) (6) (8) (9 7) (10) (11) (11) (12 13) (14) (15)
 (16) (17) (17) (19) (18 20) (21) (22) (23) (24) (23) (25 26) (26) (27 28) (29)
 (30) (31) (30) (33 32) (34) (34) (35 36) (37) (38) (39) (40) (40) (41 42) (43)
 (44) (45) (46) (47) (48) (49) (50) (51) (52) (51) (53 54) (55) (56) (57) (58)
 (59) (60) (59) (61 62) (63) (61 62) (65 63) (66) (67) (66) (68 69 64) (70)
 (71) (72) (72) (73 74) (75) (76) (77) (77) (78 79) (80) (81) (80) (82 83) (84)
 (85) (86) (86) (87 88) (89) (90) (91) (92) (93) (94) (95) (96) (94) (98 96)
 (99) (100) (101) (97 101) (103) (102 104) (105) (106) (107) (108) (109) (110)
 (111) (112) (112) (111) (113 114 115) (116) (117) (117) (118 119) (120) (120)
 (120) (121 122 123) (124) (125) (126) (127) (128) (129) (130) (131) (132)
 (133) (134) (135) (136) (137) (138) (137) (139 140) (141) (139 140) (142 143)
 (144) (145) (146) (147) (148) (149) (149) (150 151) (152) (153) (152)
 (154 155) (156) (157) (158) (159) (160) (161) (162) (162) (163 164) (165)
 (166) (167) (166) (169 168) (170) (171) (172) (173) (174) (175) (176) (174)
 (177 178) (179) (180) (181) (181) (181) (183 184) (185 182) (186) (187) (188)
 (189) (189) (190 191) (192) (192) (193 194) (195) (196) (196) (197 198) (199))