(NIL (1) (2) (3) (4) (5) (6) (7) (8) (9) (10) (10) (11 12) (13) (14) (15) (16)
 (17) (18) (19) (20) (20) (19) (22 23) (21 24) (25) (25) (27) (26 27) (28 29)
 (30) (30) (32) (33 31) (34) (35) (36) (36) (38) (37 39) (40) (39) (41 42)
 (41 42) (43 44) (45) (46) (46) (47 48) (49) (50) (49) (51 52) (53) (54) (54)
 (55 56) (57) (58) (59) (60) (61) (62) (63) (64) (63) (65 66) (65 66) (67 68)
 (67 68) (70) (69 71) (71) (73 72) (74) (75) (75) (76 77) (78) (76 77) (79 80)
 (81) (82) (83) (84) (84) (86) (85 86) (87 88) (88) (90 87) (89 91) (92) (93)
 (94) (95) (95) (97 96) (98) (99) (100) (101) (101) (102 103) (104) (105) (106)
 (107) (108) (109) (110) (111) (111) (113) (114 112) (115) (116) (117) (118)
 (119) (119) (121 120) (122) (122) (124) (123 125) (126) (127) (128) (129)
 (128) (130 131) (132) (133) (132) (134 135) (134 135) (137 136) (138) (139)
 (140) (141) (142) (142) (143 144) (145) (146) (147) (148) (149) (150) (151)
 (152) (152) (153 154) (155) (155) (157) (156 158) (159) (160) (159) (161 162)
 (163) (164) (165) (166) (166) (167 168) (169) (170) (170) (172) (173)
 (171 174) (171 174) (175 176) (177) (178) (179) (180) (179) (180 182)
 (181 183) (184) (185) (186) (187) (188) (189) (190) (191) (192) (193) (194)
 (195) (196) (197) (198) (197))