(() () () (1 2 ) (2 3 ) (1 2 ) (2 3 ) (1 2 ) (2 3 ) (1 2 ) 
(2 3 ) (1 2 ) (2 3 ) (1 2 ) (2 3 ) (1 2 ) (2 3 ) (1 2 ) (2 3 ) (1 2 ) 
(2 3 ) (4 6 ) (4 8 ) (4 12 ) (4 14 ) (4 16 ) (4 20 ) (5 7 ) (5 9 ) (5 13 ) 
(5 15 ) (5 17 ) (4 5 21 ) (8 10 ) (8 12 ) (8 14 ) (8 16 ) (8 18 ) (8 20 ) (9 11 ) 
(9 13 ) (9 15 ) (9 17 ) (9 19 ) (8 9 21 ) (4 8 ) (4 10 ) (4 14 ) (4 16 ) (4 18 ) 
(4 20 ) (5 9 ) (5 11 ) (5 15 ) (5 17 ) (5 19 ) (4 5 21 ) (4 6 ) (4 8 ) (4 10 ) 
(4 16 ) (4 18 ) (4 20 ) (5 7 ) (5 9 ) (5 11 ) (5 17 ) (5 19 ) (4 5 21 ) (4 6 ) 
(4 8 ) (4 10 ) (4 12 ) (4 14 ) (4 16 ) (4 20 ) (5 7 ) (5 9 ) (5 11 ) (5 13 ) 
(5 15 ) (5 17 ) (4 5 21 ) (4 6 ) (4 10 ) (4 12 ) (4 16 ) (4 18 ) (4 20 ) (5 7 ) 
(5 11 ) (5 13 ) (5 17 ) (5 19 ) (4 5 21 ) (4 6 ) (4 8 ) (4 10 ) (4 12 ) (4 14 ) 
(4 16 ) (4 18 ) (4 20 ) (5 7 ) (5 9 ) (5 11 ) (5 13 ) (5 15 ) (5 17 ) (5 19 ) 
(4 5 21 ) (4 6 ) (4 8 ) (4 10 ) (4 12 ) (4 14 ) (4 16 ) (4 18 ) (4 20 ) (5 7 ) 
(5 9 ) (5 11 ) (5 13 ) (5 15 ) (5 17 ) (5 19 ) (4 5 21 ) )