(() () () () () () () () (1 2 ) (2 3 ) 
(3 4 ) (4 5 ) (5 6 ) (6 7 ) (7 8 ) (1 3 ) (3 4 ) (4 6 ) (6 7 ) (7 8 ) 
(1 2 ) (2 4 ) (4 5 ) (5 6 ) (6 7 ) (7 8 ) (1 2 ) (2 3 ) (3 4 ) (4 5 ) 
(5 7 ) (7 8 ) (9 10 16 ) (15 20 ) (15 26 ) (15 32 ) (14 19 ) (14 25 ) (13 14 31 ) (12 13 18 ) 
(13 24 ) (12 23 ) (12 30 ) (11 17 ) (9 11 16 22 ) (11 29 ) (9 16 28 ) (9 21 ) (9 11 12 13 14 15 16 27 ) (9 10 16 ) 
(15 20 ) (15 26 ) (15 32 ) (14 19 ) (14 25 ) (13 14 31 ) (12 13 18 ) (13 24 ) (12 23 ) (12 30 ) 
(11 17 ) (9 11 16 22 ) (11 29 ) (9 16 28 ) (9 21 ) (9 11 12 13 14 15 16 27 ) (9 10 16 ) (15 20 ) (15 26 ) (14 19 ) 
(14 25 ) (12 13 18 ) (13 24 ) (12 23 ) (11 17 ) (9 11 16 22 ) (9 11 12 13 14 15 16 21 ) (9 10 16 ) (15 20 ) (15 26 ) 
(15 32 ) (14 19 ) (14 25 ) (13 14 31 ) (12 13 18 ) (13 24 ) (12 23 ) (12 30 ) (11 17 ) (9 11 16 22 ) 
(11 29 ) (9 16 28 ) (9 21 ) (9 11 12 13 14 15 16 27 ) (9 10 16 ) (15 20 ) (15 26 ) (15 32 ) (14 19 ) (14 25 ) 
(13 14 31 ) (12 13 18 ) (13 24 ) (12 23 ) (12 30 ) (11 17 ) (9 11 16 22 ) (11 29 ) (9 16 28 ) (9 21 ) 
(9 11 12 13 14 15 16 27 ) (9 10 16 ) (11 17 ) (12 13 18 ) (14 19 ) (9 11 12 14 15 16 18 20 ) (9 10 16 ) (15 20 ) (15 26 ) (15 32 ) 
(14 19 ) (14 25 ) (13 14 31 ) (12 13 18 ) (13 24 ) (12 23 ) (12 30 ) (11 17 ) (9 11 16 22 ) (11 29 ) 
(9 16 28 ) (9 21 ) (9 11 12 13 14 15 16 27 ) (16 17 21 22 ) (20 26 ) (20 32 ) (19 25 ) (18 19 23 31 ) (19 24 31 ) (18 19 30 31 ) 
(16 21 22 29 ) (21 27 ) (16 18 19 20 21 22 28 31 ) )