(() () () () () () (1 4 ) (4 6 ) (1 2 ) (2 3 ) 
(3 4 ) (4 5 ) (5 6 ) (1 2 ) (2 3 ) (3 4 ) (4 5 ) (1 2 ) (2 4 ) (4 6 ) 
(1 3 ) (3 4 ) (4 5 ) (5 6 ) (1 2 ) (2 3 ) (3 4 ) (4 5 ) (5 6 ) (7 9 10 11 ) 
(10 15 ) (7 9 10 16 ) (9 10 21 ) (7 9 10 22 ) (9 14 ) (9 18 ) (7 9 19 ) (8 12 13 ) (12 17 ) (12 23 ) 
(8 12 24 ) (7 8 9 10 12 20 ) (7 9 10 11 ) (10 15 ) (7 9 10 16 ) (9 10 21 ) (7 9 10 22 ) (9 14 ) (9 18 ) (7 9 19 ) 
(8 12 13 ) (12 17 ) (12 23 ) (8 12 24 ) (7 8 9 10 12 20 ) (7 9 10 11 ) (10 15 ) (7 9 10 16 ) (9 10 21 ) (7 9 10 22 ) 
(10 26 ) (7 9 10 27 ) (9 14 ) (9 18 ) (7 9 19 ) (9 25 ) (8 12 13 ) (12 17 ) (12 23 ) (8 12 24 ) 
(12 28 ) (8 12 29 ) (7 8 9 10 12 20 ) (7 9 10 11 ) (9 10 21 ) (7 9 10 22 ) (10 26 ) (7 9 10 27 ) (9 18 ) (7 9 19 ) 
(9 25 ) (8 12 13 ) (12 23 ) (8 12 24 ) (12 28 ) (8 12 29 ) (7 8 9 10 12 20 ) (7 14 15 16 ) (14 15 21 ) (7 14 15 22 ) 
(15 26 ) (7 14 15 27 ) (14 18 ) (7 14 19 ) (14 25 ) (17 23 ) (8 17 24 ) (17 28 ) (8 17 29 ) (7 8 14 15 17 20 ) 
(14 18 ) (14 25 ) (15 16 19 ) (17 28 ) (17 20 29 ) (15 19 27 ) (14 15 17 19 26 29 ) (7 9 10 11 ) (10 15 ) (7 9 10 16 ) 
(9 10 21 ) (7 9 10 22 ) (10 26 ) (7 9 10 27 ) (9 14 ) (9 18 ) (7 9 19 ) (9 25 ) (8 12 13 ) (12 17 ) 
(12 23 ) (8 12 24 ) (12 28 ) (8 12 29 ) (7 8 9 10 12 20 ) (7 9 10 11 ) (10 15 ) (7 9 10 16 ) (9 10 21 ) (7 9 10 22 ) 
(10 26 ) (7 9 10 27 ) (9 14 ) (9 18 ) (7 9 19 ) (9 25 ) (8 12 13 ) (12 17 ) (12 23 ) (8 12 24 ) 
(12 28 ) (8 12 29 ) (7 8 9 10 12 20 ) )