(() () () () (2 3 ) (3 4 ) (1 2 ) (2 3 ) (3 4 ) (1 2 ) 
(2 3 ) (3 4 ) (1 2 ) (2 3 ) (3 4 ) (1 2 ) (2 4 ) (1 2 ) (2 3 ) (3 4 ) 
(7 10 ) (7 13 ) (7 16 ) (7 18 ) (5 8 ) (5 11 ) (5 14 ) (5 6 17 ) (5 9 17 ) (5 12 17 ) 
(5 15 17 ) (5 17 20 ) (5 7 17 19 ) (7 10 ) (7 13 ) (7 16 ) (7 18 ) (5 8 ) (5 11 ) (5 14 ) 
(5 6 17 ) (5 9 17 ) (5 12 17 ) (5 15 17 ) (5 17 20 ) (5 7 17 19 ) (7 10 ) (7 13 ) (7 16 ) (7 18 ) 
(5 8 ) (5 11 ) (5 14 ) (5 6 17 ) (5 9 17 ) (5 12 17 ) (5 15 17 ) (5 17 20 ) (5 7 17 19 ) (7 10 ) 
(7 13 ) (7 16 ) (5 8 ) (5 11 ) (5 14 ) (5 6 17 ) (5 9 17 ) (5 12 17 ) (5 7 15 17 ) (10 13 ) 
(10 18 ) (5 11 ) (5 14 ) (5 19 ) (6 12 ) (6 15 ) (5 6 10 20 ) (7 10 ) (7 13 ) (7 16 ) 
(7 18 ) (5 8 ) (5 11 ) (5 14 ) (5 6 17 ) (5 9 17 ) (5 12 17 ) (5 15 17 ) (5 17 20 ) (5 7 17 19 ) 
(7 10 ) (7 13 ) (7 18 ) (5 8 ) (5 11 ) (5 14 ) (5 19 ) (6 9 ) (6 12 ) (6 15 ) 
(5 6 7 20 ) (10 13 ) (10 16 ) (10 18 ) (5 11 ) (5 14 ) (5 6 17 ) (5 12 17 ) (5 15 17 ) (5 17 20 ) 
(5 10 17 19 ) (7 10 ) (7 13 ) (7 16 ) (7 18 ) (5 8 ) (5 11 ) (5 14 ) (5 6 17 ) (5 9 17 ) 
(5 12 17 ) (5 15 17 ) (5 17 20 ) (5 7 17 19 ) (7 10 ) (7 13 ) (7 16 ) (5 8 ) (5 11 ) (5 14 ) 
(5 6 17 ) (5 9 17 ) (5 12 17 ) (5 7 15 17 ) )