(NIL (1) (2) (3) (1) (3 5) (6) (7) (8) (4 8) (10) (9 11) (12) (13) (14) (15)
 (15) (15) (17 18) (19) (17 18 16) (20 21) (22) (23) (24) (25) (26) (26) (28)
 (27 29) (29) (30 31) (32) (32) (33 34) (35) (36) (35) (37 38) (39) (40) (40)
 (40) (41 42 43) (44) (45) (46) (47) (46) (49 47) (50 48) (51) (52) (53) (54)
 (55) (56) (55) (58) (59) (57 60) (57 60) (62) (62) (63 64) (65 61) (66) (67)
 (68) (67) (69 70) (71) (72) (73) (74) (75) (76) (76) (77 78) (79) (80) (81)
 (82) (77) (83 84) (81 84) (85 86) (87) (88) (89) (89) (89) (90 91 92)
 (90 91 92) (94) (93 94) (95 96) (97) (98) (98) (100) (99 101) (102) (103)
 (104) (104) (106) (107) (108) (109) (110) (105 111) (112) (113) (114) (115)
 (115) (116 117) (118) (119) (120) (120) (121 122) (123) (124) (125) (126)
 (127) (128) (129) (127) (131 128) (129 132) (130 132) (134) (133 135) (134)
 (137 136) (138) (137 136) (140) (139 141) (142) (139 140) (141 144) (145 142)
 (146 143) (147) (147) (149) (148 150) (151) (152) (152) (153 154) (155) (155)
 (157) (156 158) (159) (160) (161) (162) (163) (164) (165) (164) (167) (168)
 (169 166) (170) (170) (171 172) (170) (173 174) (173 174) (173 174) (177 176)
 (178) (179) (180) (181 175) (182) (183) (184) (183) (186 184) (187) (185 188)
 (188) (185 190) (189 191) (192) (189 191) (194 192) (193 195) (196) (197)
 (198) (199))