(NIL (1) (1) NIL (4 3) (4) (4) (7) (4) (3 7 9) (10 8) (10) (6 12 2) (2) (12)
 (5 15) (6 16 14) (16) (18 8 14) (19 11 13) (17 20) (6 19 11) (22) (19 13)
 (17 20 24) (20 24) (22 24) (26 27) (27) (28 29) (21 30) (31) (25 31 23) (29)
 (25 34 23) (35 32) (33 35) (37 32) (34 31) (28 29) (38 39 40) (40 37 39 32)
 (42) (43) (43 36 38) (45) (45) (47) (45) (49) (50 44) (51 48) (52) (53)
 (50 44) (51 55 47) (54 56) (41 57) (55) (59 46 54) (60) (57 61) (62) (61)
 (59 54 56) (65) (41 65 64) (67) (58 67) (69 63) (70) (69) (72) (73 63) (66 74)
 (75 71) (76) (77) (73) (79 71) (77 80) (74 68 80) (66 82) (75 80) (82 84)
 (75 79) (86 71) (77 79) (78 88) (81 89) (83 88) (91) (81 92) (81 89 92)
 (81 92 86) (85 95) (94 96) (81 92 86) (93 85 94 95 98) (99) (90 100 96) (101)
 (99 96) (102 103) (104) (97 105 87) (99 87 96) (107 104) (105 108) (108)
 (99 96) (110 111) (112) (97 113 109) (114) (114) (106 116) (106 116) (114)
 (119) (106 115 120) (121) (119) (123 117 118 120) (122 124) (123) (124 126)
 (122 123 118) (124 128) (125 128) (129 130 127) (131) (131) (133) (134) (134)
 (133) (130 127) (138 134) (137 139 132) (138 135) (141) (141) (138 135)
 (144 142 143 136) (137 145) (145 140) (139 143 144) (140 148)
 (140 141 144 136) (146 150) (142 150) (149 152) (146 152) (154) (147 152)
 (142 144) (154 156 149 157) (158 151) (159) (154 149) (155 161 159) (153 162)
 (160 163) (164) (164) (166) (164) (168) (169) (170) (168) (163) (173 167 168)
 (174) (173 168) (171 174 176) (177) (165 167 176) (170 166 176) (171 180 179)
 (181 174) (178 182) (183) (182) (185 184) (170 167 176) (187 172 175 184)
 (188) (189) (177 179 180 187 175) (189 191) (192) (186 190 192) (194)
 (193 194) (193 194) (197) (198) (199) (190 191) (201 196 198) (172 191 183)
 (195 203 199) (204) (185 201 203) (204 206) (195 206) (206 200) (209)
 (210 196 208) (202 211 207) (202 210) (213 208) (214 207) (214) (216)
 (217 215) (205 206) (219 208) (219 215) (219 215 216) (212 222) (219)
 (217 212 222 224) (225 220) (218 226) (226) (211 220 221 224) (229 223)
 (217 212 215 224) (226 229 231) (218 232) (233 228 223) (233 227 230) (235)
 (223 232) (218 230 232) (218 231 223 226) (233 237 239) (238 240)
 (227 228 230 240) (242) (234 227 240) (244 238) (241 243 245) (246) (243 245)
 (236 248) (249 247) (241 249) (249) (241 249) (250 251 252 253) (251 252 253)
 (250 255) (254 256) (256) (258) (258 254) (260) (252 253 247) (258 262)
 (254 262) (264) (265) (266 255) (259 267 263) (266 261) (259 269) (270 263)
 (267 270 263) (265 258) (273 272) (257 273 271) (275) (273 268 270)
 (257 277 272) (278 271) (275 279) (276 277 272) (281 278) (282) (274 283)
 (282) (285) (286 280) (287) (274 283 288) (289 284) (289) (285) (292 284 287)
 (292 287) (284 285) (295 287) (296) (297 290 292) (298 291 293) (299))