(NIL NIL NIL NIL (4 3) (5 2) (6) (7) (8) (9) (5 2) (11 1) (11 8) (5 1)
 (10 13 12 14) (15) (16) (15) (18 16) (17 19) (17 19) (19) (17 22) (23) (18)
 (25 21 22) (17 19 25) (20 27) (26 28 24) (26 20 27 24) (19) (31 21 24)
 (31 28 30) (29) (32 34) (35) (36) (36 33) (34) (35 39) (36 40) (38 41) (41 33)
 (37 43) (38 39) (42 45) (46 43) (37 47) (48) (49) (50 44) (51) (51) (50)
 (42 45) (51 55 54) (52 56) (57) (57) (58 59) (49 55) (50 55) (58 62 61)
 (62 53) (64 63) (65 60) (66) (67) (68) (66) (69 70) (66) (69 72) (65 59)
 (73 74 70) (73 74) (76 71) (77) (78) (76) (75 80) (81 77) (81) (75 77 80) (84)
 (85) (81 84 79) (75 79 80) (81 88) (81 88) (83 86 87 88) (86 88) (83 92)
 (83 92) (94 87) (95) (89 96) (97) (82 98) (99) (97 93) (82 101 90) (97) (103)
 (90 100 93 104) (105 102) (98 91 104) (98 93 103) (91 108 99)
 (108 107 100 102) (108) (108 101) (105 109 110 111 112) (113) (114) (106 115)
 (114) (113) (115 118) (119) (116 117 120) (121) (117 120) (106 120) (124)
 (116 125) (119) (121 125 127) (121 123 124 127) (129 122 125) (130 126) (130)
 (132) (133 126 128) (130) (130) (131 136 128) (131 134 136) (137 138) (138)
 (140) (131 136 128) (139 141 142) (132 142) (137 141 144) (145 143 135)
 (140 135 144) (139 147) (137 147) (149) (133 144) (145 148 150 143 151)
 (146 152) (152) (146 154) (155) (146 154) (156 157) (153 157) (146 152)
 (155 160) (161) (161 157) (163) (161) (165) (153 165) (167 158 159 166)
 (156 157 167) (169 166) (166 167) (156 167 164 159 166) (167) (162 173 168)
 (164 173) (156 164 167) (171 176 173 168) (169 177 174) (178) (179 172 175)
 (179 172) (170 181 175) (178) (178) (180 184) (180 184) (170 183 186)
 (176 168) (185 187 188 181) (189) (190) (189) (182 192) (193 191) (194) (195)
 (196) (194) (169 188 175) (194 199) (196 200) (170 172 199 183 184) (202 189)
 (194 203) (204) (204 197) (206) (198 207 200) (198 206) (201 209) (210 207)
 (201 209) (212) (211 213 208) (211 212) (210 212 208) (203 197 200)
 (217 214 215 216) (217 212 208) (219 216) (211 220) (221 215) (218 222)
 (221 215) (224) (225 213 205) (226 222) (225 223) (225) (211 220 213)
 (226 230) (227 231) (218 232) (232) (234) (234 229 223) (236) (237) (233 237)
 (229 214 230) (233 240) (241 237) (242 235) (243 228) (244 239) (245) (242)
 (244 247) (248) (242 238 239) (250 246) (251) (252) (253) (251 247) (250 246)
 (252 256) (255 256) (249 250 246) (257 259) (258 260) (260) (258 259 253)
 (254 263) (260 264) (265) (266 262) (266 261) (262 264) (261 264)
 (267 269 270) (268 271) (266 270) (267 270) (273 274) (275 268) (276 269)
 (277 271) (277) (275 269) (280) (281 277 271) (282) (282 278) (284) (284 272)
 (286) (287) (278 279) (283 289) (289) (291 286) (291 281) (287 293 290)
 (287 293 290) (287 293) (288 294 295 296) (297 285) (296 285) (297 299))