(NIL NIL NIL NIL NIL NIL NIL NIL NIL NIL 
NIL NIL NIL NIL NIL NIL NIL NIL NIL NIL 
NIL NIL (1 2) (2 3) (3 4) (4 6) (6 7) (7 8) (8 9) (9 10) 
(10 11) (11 12) (12 14) (14 15) (15 16) (16 17) (17 18) (18 19) (19 21) (21 22) 
(1 2) (2 3) (3 4) (4 5) (5 6) (6 7) (7 8) (8 9) (9 10) (10 11) 
(11 12) (12 13) (13 14) (14 15) (15 16) (16 17) (17 18) (18 19) (19 20) (20 21) 
(21 22) (1 2) (2 3) (3 4) (4 6) (6 7) (7 8) (8 9) (9 10) (10 12) 
(12 14) (14 15) (15 17) (17 19) (19 20) (20 22) (1 2) (2 3) (3 4) (4 6) 
(6 7) (7 8) (8 9) (9 10) (10 11) (11 12) (12 13) (13 14) (14 15) (15 16) 
(16 17) (17 18) (18 19) (19 20) (20 21) (21 22) (1 3) (3 4) (4 5) (5 6) 
(6 7) (7 9) (9 10) (10 11) (11 12) (12 13) (13 14) (14 16) (16 17) (17 19) 
(19 21) (21 22) (23 41) (23 62) (23 77) (23 24 97) (40 61) (39 40 59 76) (40 60 76) (39 40 75 76) 
(39 40 76 94) (40 76 95) (40 96) (40 112) (39 111) (38 58) (37 38 74) (38 93) (37 38 110) (37 57) 
(37 92) (36 56) (35 36 73) (36 91) (36 109) (35 55) (35 90) (34 35 108) (34 54) (34 72) 
(34 89) (33 52 53) (33 53 87) (53 88) (33 53 106) (53 107) (33 71) (32 51) (31 32 70) (32 86) 
(32 105) (31 50) (31 85) (31 104) (30 49) (30 69) (30 84) (30 103) (29 48) (29 68) 
(29 83) (28 29 102) (28 47) (28 67) (28 82) (27 46) (27 66) (27 81) (27 101) (26 44 45) 
(26 45 99) (45 100) (26 65) (26 80) (25 43) (25 64) (25 79) (25 98) (23 42 97) (23 63 97) 
(23 25 26 27 28 29 30 31 32 33 ...) (23 41) (23 62) (23 77) (23 24 97) (40 61) (39 40 59 76) (40 60 76) (39 40 75 76) (39 40 76 94) 
(40 76 95) (40 96) (40 112) (39 111) (38 58) (37 38 74) (38 93) (37 38 110) (37 57) (37 92) 
(36 56) (35 36 73) (36 91) (36 109) (35 55) (35 90) (34 35 108) (34 54) (34 72) (34 89) 
(33 52 53) (33 53 87) (53 88) (33 53 106) (53 107) (33 71) (32 51) (31 32 70) (32 86) (32 105) 
(31 50) (31 85) (31 104) (30 49) (30 69) (30 84) (30 103) (29 48) (29 68) (29 83) 
(28 29 102) (28 47) (28 67) (28 82) (27 46) (27 66) (27 81) (27 101) (26 44 45) (26 45 99) 
(45 100) (26 65) (26 80) (25 43) (25 64) (25 79) (25 98) (23 42 97) (23 63 97) (23 25 26 27 28 29 30 31 32 33 ...) 
(23 41) (23 62) (23 77) (24 42) (24 63) (24 78) (25 43) (25 64) (25 79) (26 44 45) 
(26 65) (26 80) (27 46) (27 66) (27 81) (28 47) (28 67) (28 82) (29 48) (29 68) 
(29 83) (30 49) (30 69) (30 84) (31 50) (31 32 70) (40 61) (39 40 59 76) (40 60 76) (39 40 75 76) 
(39 40 76 94) (40 76 95) (40 96) (38 58) (37 38 74) (38 93) (37 57) (37 92) (36 56) (35 36 73) 
(36 91) (35 55) (35 90) (34 54) (34 72) (34 89) (33 52 53) (33 53 87) (53 88) (33 71) 
(31 51 70) (31 70 86) (23 24 25 26 27 28 29 30 31 33 ...) (41 62) (41 77) (41 42 97) (60 61 76) (61 96) (61 112) (60 95) 
(59 60 111) (59 75) (59 94) (57 58 74) (58 93) (57 58 110) (57 92) (55 56 73) (56 91) (56 109) 
(55 90) (54 55 108) (54 72) (54 89) (52 53 71) (53 88) (53 107) (52 87) (52 106) (50 51 70) 
(51 86) (51 105) (50 85) (50 104) (49 69) (49 84) (49 103) (48 68) (48 83) (47 48 102) 
(47 67) (47 82) (46 66) (46 81) (46 101) (44 45 65) (44 45 80) (45 100) (44 99) (43 64) 
(43 79) (43 98) (41 63 97) (41 43 44 45 46 47 48 49 50 51 ...) (23 41) (23 62) (23 77) (23 24 97) (40 61) (39 40 59 76) 
(40 60 76) (39 40 75 76) (39 40 76 94) (40 76 95) (40 96) (40 112) (39 111) (38 58) (37 38 74) (38 93) 
(37 38 110) (37 57) (37 92) (36 56) (35 36 73) (36 91) (36 109) (35 55) (35 90) (34 35 108) 
(34 54) (34 72) (34 89) (33 52 53) (33 53 87) (53 88) (33 53 106) (53 107) (33 71) (32 51) 
(31 32 70) (32 86) (32 105) (31 50) (31 85) (31 104) (30 49) (30 69) (30 84) (30 103) 
(29 48) (29 68) (29 83) (28 29 102) (28 47) (28 67) (28 82) (27 46) (27 66) (27 81) 
(27 101) (26 44 45) (26 45 99) (45 100) (26 65) (26 80) (25 43) (25 64) (25 79) (25 98) 
(23 42 97) (23 63 97) (23 25 26 27 28 29 30 31 32 33 ...) (23 41) (23 62) (23 77) (23 24 97) (40 61) (39 40 59 76) (40 60 76) 
(39 40 75 76) (39 40 76 94) (40 76 95) (40 96) (40 112) (39 111) (38 58) (37 38 74) (38 93) (37 38 110) 
(37 57) (37 92) (36 56) (35 36 73) (36 91) (36 109) (35 55) (35 90) (34 35 108) (34 54) 
(34 72) (34 89) (33 52 53) (33 53 87) (53 88) (33 53 106) (53 107) (33 71) (32 51) (31 32 70) 
(32 86) (32 105) (31 50) (31 85) (31 104) (30 49) (30 69) (30 84) (30 103) (29 48) 
(29 68) (29 83) (28 29 102) (28 47) (28 67) (28 82) (27 46) (27 66) (27 81) (27 101) 
(26 44 45) (26 45 99) (45 100) (26 65) (26 80) (25 43) (25 64) (25 79) (25 98) (23 42 97) 
(23 63 97) (23 25 26 27 28 29 30 31 32 33 ...) (23 41) (23 62) (23 77) (23 24 97) (40 61) (39 40 59 76) (40 60 76) (39 40 75 76) 
(39 40 76 94) (40 76 95) (40 96) (40 112) (39 111) (38 58) (37 38 74) (38 93) (37 38 110) (37 57) 
(37 92) (36 56) (35 36 73) (36 91) (36 109) (35 55) (35 90) (34 35 108) (34 54) (34 72) 
(34 89) (33 52 53) (33 53 87) (53 88) (33 53 106) (53 107) (33 71) (32 51) (31 32 70) (32 86) 
(32 105) (31 50) (31 85) (31 104) (30 49) (30 69) (30 84) (30 103) (29 48) (29 68) 
(29 83) (28 29 102) (28 47) (28 67) (28 82) (27 46) (27 66) (27 81) (27 101) (26 44 45) 
(26 45 99) (45 100) (26 65) (26 80) (25 43) (25 64) (25 79) (25 98) (23 42 97) (23 63 97) 
(23 25 26 27 28 29 30 31 32 33 ...) (41 62) (41 77) (42 63) (42 78) (43 64) (43 79) (44 45 65) (65 80) (46 66) 
(46 81) (47 67) (47 82) (48 68) (48 83) (49 69) (49 84) (50 51 70) (60 61 76) (61 96) 
(60 95) (59 75) (59 94) (57 58 74) (58 93) (57 92) (55 56 73) (56 91) (55 90) (54 72) 
(54 89) (52 53 71) (53 88) (52 87) (50 70 86) (41 42 43 44 46 47 48 49 50 52 ...) )