(NIL NIL NIL NIL NIL NIL (1 3) (3 5) (5 6) (1 2) 
(2 3) (3 5) (5 6) (1 2) (2 3) (3 5) (1 2) (2 3) (3 4) (4 5) 
(5 6) (1 2) (2 3) (3 4) (4 5) (5 6) (1 2) (2 3) (3 4) (4 5) 
(5 6) (1 2) (2 3) (3 4) (4 5) (5 6) (1 2) (2 3) (3 4) (4 5) 
(5 6) (2 3) (3 4) (4 5) (5 6) (1 2) (2 3) (3 4) (4 5) (5 6) 
(1 2) (2 4) (4 5) (1 2) (2 3) (3 4) (4 5) (5 6) (1 2) (2 3) 
(3 4) (4 5) (5 6) (2 3) (3 5) (5 6) (2 3) (3 4) (4 5) (1 2) 
(2 3) (3 4) (4 5) (5 6) (2 5) (5 6) (1 2) (2 3) (3 5) (1 2) 
(2 5) (5 6) (1 2) (2 3) (3 5) (5 6) (1 3) (3 5) (5 6) (1 2) 
(2 3) (3 5) (5 6) (7 14 15) (14 17) (7 14 18) (14 22) (7 14 23) (14 27) (7 14 28) 
(14 32) (7 14 33) (14 37) (7 14 38) (7 14 42) (14 46) (7 14 47) (14 54) (7 14 55) (14 59) 
(7 14 60) (7 14 64) (7 14 67) (14 70) (7 14 71) (14 77) (7 14 78) (14 80) (7 8 14 81) (9 21) 
(9 26) (9 31) (9 36) (9 41) (9 45) (9 50) (9 58) (9 63) (9 66) (9 74) 
(9 82) (9 86) (9 89) (9 93) (7 14 16 81) (7 14 19 20 81) (7 14 20 24 81) (20 25) (7 14 20 29 81) (20 30) 
(7 14 20 34 81) (20 35) (7 14 20 39 81) (20 40) (7 14 20 43 81) (20 44) (7 14 20 48 81) (20 49) (7 14 20 56 81) (20 57) 
(7 14 20 61 81) (20 62) (7 14 20 68 81) (20 69) (7 14 20 72 81) (20 73) (7 14 65 81) (7 14 79 81) (7 14 81 85) (7 14 81 88) 
(7 14 81 92) (14 83) (7 14 84) (14 90) (7 14 91) (7 9 14 20 81 87) (7 10 11) (10 14) (7 10 15) (10 17) 
(7 10 18) (10 22) (7 10 23) (10 27) (7 10 28) (10 32) (7 10 33) (10 37) (7 10 38) (7 10 42) 
(10 46) (7 10 47) (10 51) (7 10 19 52) (7 8 10 20 52) (9 13) (9 21) (9 26) (9 31) (9 36) 
(9 41) (9 45) (9 50) (9 58) (9 63) (9 66) (9 74) (9 76) (9 86) (9 89) 
(9 93) (7 10 12 20 52) (7 10 16 20 52) (20 25) (20 30) (20 35) (20 40) (20 44) (20 49) (20 53) 
(20 57) (20 62) (7 10 20 52 65) (20 69) (20 73) (20 52 75) (7 10 20 52 79) (7 10 20 52 85) (7 10 20 52 88) (7 10 20 52 92) 
(7 10 24 52) (7 10 29 52) (7 10 34 52) (7 10 39 52) (7 10 43 52) (7 10 48 52) (7 10 52 56) (7 10 52 61) (7 10 52 68) (7 10 52 72) 
(10 54) (7 10 55) (10 59) (7 10 60) (7 10 64) (7 10 67) (10 70) (7 10 71) (10 77) (7 10 78) 
(10 83) (7 10 84) (10 90) (7 10 91) (7 9 10 20 52 87) (7 17 18) (17 27) (7 17 28) (17 32) (7 17 33) 
(17 37) (7 17 38) (7 17 42) (17 46) (7 17 47) (17 51) (7 17 19 52) (7 8 17 20 52) (9 21) (9 31) 
(9 36) (9 41) (9 45) (9 50) (9 58) (9 63) (9 66) (9 74) (9 76) (9 82) 
(9 86) (9 89) (9 93) (20 30) (20 35) (20 40) (20 44) (20 49) (20 53) (20 57) 
(20 62) (7 17 20 52 65) (20 69) (20 73) (20 52 75) (7 17 20 52 79) (20 52 81) (7 17 20 52 85) (7 17 20 52 88) (7 17 20 52 92) 
(7 17 29 52) (7 17 34 52) (7 17 39 52) (7 17 43 52) (7 17 48 52) (7 17 52 56) (7 17 52 61) (7 17 52 68) (7 17 52 72) (17 54) 
(7 17 55) (17 59) (7 17 60) (7 17 64) (7 17 67) (17 70) (7 17 71) (17 77) (7 17 78) (17 80) 
(17 83) (7 17 84) (17 90) (7 17 91) (7 9 17 20 52 87) (7 10 11) (10 14) (7 10 15) (10 17) (7 10 18) 
(10 27) (7 10 28) (10 32) (7 10 33) (10 37) (7 10 38) (7 10 42) (10 46) (7 10 47) (10 51) 
(7 10 19 52) (7 8 10 20 52) (9 13) (9 21) (9 31) (9 36) (9 41) (9 45) (9 50) (9 58) 
(9 63) (9 66) (9 74) (9 76) (9 82) (9 86) (9 89) (9 93) (7 10 12 20 52) (7 10 16 20 52) 
(20 30) (20 35) (20 40) (20 44) (20 49) (20 53) (20 57) (20 62) (7 10 20 52 65) (20 69) 
(20 73) (20 52 75) (7 10 20 52 79) (20 52 81) (7 10 20 52 85) (7 10 20 52 88) (7 10 20 52 92) (7 10 29 52) (7 10 34 52) (7 10 39 52) 
(7 10 43 52) (7 10 48 52) (7 10 52 56) (7 10 52 61) (7 10 52 68) (7 10 52 72) (10 54) (7 10 55) (10 59) (7 10 60) 
(7 10 64) (7 10 67) (10 70) (7 10 71) (10 77) (7 10 78) (10 80) (10 83) (7 10 84) (10 90) 
(7 10 91) (7 9 10 20 52 87) (7 10 11) (10 14) (7 10 15) (10 17) (7 10 18) (10 22) (7 10 23) (10 27) 
(7 10 28) (10 37) (7 10 38) (7 10 42) (10 46) (7 10 47) (10 51) (7 10 19 52) (7 8 10 20 52) (9 13) 
(9 21) (9 26) (9 31) (9 41) (9 45) (9 50) (9 58) (9 63) (9 66) (9 74) 
(9 76) (9 82) (9 89) (7 10 12 20 52) (7 10 16 20 52) (20 25) (20 30) (20 40) (20 44) (20 49) 
(20 53) (20 57) (20 62) (7 10 20 52 65) (20 73) (20 52 75) (7 10 20 52 79) (20 52 81) (7 10 20 52 88) (7 10 24 52) 
(7 10 29 52) (7 10 39 52) (7 10 43 52) (7 10 48 52) (7 10 52 56) (7 10 52 61) (7 10 52 72) (10 54) (7 10 55) (10 59) 
(7 10 60) (7 10 64) (10 70) (7 10 71) (10 77) (7 10 78) (10 80) (7 9 10 20 52 87) (7 10 11) (10 14) 
(7 10 15) (10 17) (7 10 18) (10 22) (7 10 23) (10 27) (7 10 28) (10 32) (7 10 33) (10 37) 
(7 10 38) (7 10 42) (10 46) (7 10 47) (10 51) (7 10 19 52) (7 8 10 20 52) (9 13) (9 21) (9 26) 
(9 31) (9 36) (9 41) (9 45) (9 50) (9 58) (9 63) (9 66) (9 74) (9 76) 
(9 82) (9 86) (9 89) (9 93) (7 10 12 20 52) (7 10 16 20 52) (20 25) (20 30) (20 35) (20 40) 
(20 44) (20 49) (20 53) (20 57) (20 62) (7 10 20 52 65) (20 69) (20 73) (20 52 75) (7 10 20 52 79) 
(20 52 81) (7 10 20 52 85) (7 10 20 52 88) (7 10 20 52 92) (7 10 24 52) (7 10 29 52) (7 10 34 52) (7 10 39 52) (7 10 43 52) (7 10 48 52) 
(7 10 52 56) (7 10 52 61) (7 10 52 68) (7 10 52 72) (10 54) (7 10 55) (10 59) (7 10 60) (7 10 64) (7 10 67) 
(10 70) (7 10 71) (10 77) (7 10 78) (10 80) (10 83) (7 10 84) (10 90) (7 10 91) (7 9 10 20 52 87) 
(7 10 11) (10 14) (7 10 15) (10 17) (7 10 18) (10 22) (7 10 23) (10 27) (7 10 28) (10 32) 
(7 10 33) (10 37) (7 10 38) (7 10 42) (10 46) (7 10 47) (10 54) (7 10 55) (10 59) (7 10 60) 
(7 10 64) (7 10 67) (10 70) (7 10 71) (7 8 10 75) (9 13) (9 21) (9 26) (9 31) (9 36) 
(9 41) (9 45) (9 50) (9 58) (9 63) (9 66) (9 74) (9 76) (9 82) (9 86) 
(9 89) (9 93) (7 10 12 75) (7 10 16 75) (7 10 19 20 75) (7 10 20 24 75) (20 25) (7 10 20 29 75) (20 30) (7 10 20 34 75) 
(20 35) (7 10 20 39 75) (20 40) (7 10 20 43 75) (20 44) (7 10 20 48 75) (20 49) (7 10 20 56 75) (20 57) (7 10 20 61 75) 
(20 62) (7 10 20 68 75) (20 69) (7 10 20 72 75) (20 73) (7 10 65 75) (7 10 75 79) (75 81) (7 10 75 85) (7 10 75 88) 
(7 10 75 92) (10 77) (7 10 78) (10 80) (10 83) (7 10 84) (10 90) (7 10 91) (7 9 10 20 75 87) )