(NIL NIL NIL NIL (1 2) (2 3) (3 4) (1 2) (2 3) (3 4) 
(1 2) (2 3) (3 4) (1 2) (2 3) (3 4) (1 2) (2 4) (1 2) (2 4) 
(1 2) (2 3) (3 4) (1 2) (2 3) (3 4) (1 2) (2 3) (1 2) (2 3) 
(1 2) (2 3) (3 4) (1 2) (2 3) (3 4) (1 2) (2 3) (3 4) (1 2) 
(2 3) (3 4) (1 3) (1 2) (2 4) (1 2) (2 3) (3 4) (5 11) (5 14) 
(5 17) (5 19) (5 21) (5 24) (5 27) (5 29) (5 31) (5 34) (5 37) (5 40) 
(5 6 43) (7 13) (7 16) (5 7 18 43) (5 7 20 43) (7 23) (7 26) (7 33) (7 36) (7 39) 
(7 42) (5 7 43 45) (7 48) (5 12 43) (5 15 43) (5 22 43) (5 25 43) (5 28 43) (5 30 43) (5 32 43) 
(5 35 43) (5 38 43) (5 41 43) (5 43 47) (5 44) (5 7 43 46) (5 8) (5 11) (5 14) (5 17) 
(5 21) (5 27) (5 29) (5 34) (5 37) (5 40) (5 6 43) (7 10) (7 13) (7 16) 
(5 7 18 43) (7 23) (7 36) (7 39) (7 42) (5 7 43 45) (7 48) (5 9 43) (5 12 43) (5 15 43) 
(5 22 43) (5 28 43) (5 30 43) (5 35 43) (5 38 43) (5 41 43) (5 43 47) (5 44) (5 7 43 46) (5 8) 
(5 11) (5 14) (5 17) (5 19) (5 21) (5 24) (5 27) (5 29) (5 31) (5 34) 
(5 37) (5 40) (5 6 43) (7 10) (7 13) (7 16) (5 7 18 43) (5 7 20 43) (7 23) (7 26) 
(7 33) (7 36) (7 39) (7 42) (5 7 43 45) (7 48) (5 9 43) (5 12 43) (5 15 43) (5 22 43) 
(5 25 43) (5 28 43) (5 30 43) (5 32 43) (5 35 43) (5 38 43) (5 41 43) (5 43 47) (5 44) (5 7 43 46) 
(5 8) (5 11) (5 14) (5 17) (5 19) (5 21) (5 24) (5 27) (5 29) (5 31) 
(5 34) (5 37) (5 40) (5 6 43) (7 10) (7 13) (7 16) (5 7 18 43) (5 7 20 43) (7 23) 
(7 26) (7 33) (7 36) (7 39) (7 42) (5 7 43 45) (7 48) (5 9 43) (5 12 43) (5 15 43) 
(5 22 43) (5 25 43) (5 28 43) (5 30 43) (5 32 43) (5 35 43) (5 38 43) (5 41 43) (5 43 47) (5 44) 
(5 7 43 46) (5 8) (5 11) (5 17) (5 19) (5 21) (5 24) (5 27) (5 29) (5 31) 
(5 34) (5 37) (5 40) (5 6 43) (7 10) (7 13) (5 7 18 43) (5 7 20 43) (7 23) (7 26) 
(7 33) (7 36) (7 39) (7 42) (5 7 43 45) (5 9 43) (5 12 43) (5 22 43) (5 25 43) (5 28 43) 
(5 30 43) (5 32 43) (5 35 43) (5 38 43) (5 41 43) (5 7 43 44) (8 11) (8 17) (8 19) (8 21) 
(8 24) (8 27) (8 29) (8 31) (8 40) (8 9 43) (10 13) (8 10 18 43) (8 10 20 43) (10 23) 
(10 26) (10 33) (10 42) (8 12 43) (8 22 43) (8 25 43) (8 28 43) (8 30 43) (8 32 43) (8 10 41 43) 
(5 8) (5 11) (5 14) (5 19) (5 21) (5 24) (5 27) (5 29) (5 31) (5 37) 
(5 40) (5 6 43) (7 10) (7 13) (7 16) (5 7 20 43) (7 23) (7 26) (7 33) (7 39) 
(7 42) (7 48) (5 9 43) (5 12 43) (5 15 43) (5 22 43) (5 25 43) (5 28 43) (5 30 43) (5 32 43) 
(5 38 43) (5 41 43) (5 43 47) (5 7 43 46) (5 8) (5 11) (5 17) (5 19) (5 21) (5 24) 
(5 27) (5 29) (5 31) (5 34) (5 37) (5 40) (5 6 43) (7 10) (7 13) (5 7 18 43) 
(5 7 20 43) (7 23) (7 26) (7 33) (7 36) (7 39) (7 42) (5 7 43 45) (5 9 43) (5 12 43) 
(5 22 43) (5 25 43) (5 28 43) (5 30 43) (5 32 43) (5 35 43) (5 38 43) (5 41 43) (5 7 43 44) (5 8) 
(5 11) (5 14) (5 17) (5 19) (5 21) (5 24) (5 27) (5 29) (5 31) (5 34) 
(5 37) (5 40) (5 6 43) (7 10) (7 13) (7 16) (5 7 18 43) (5 7 20 43) (7 23) (7 26) 
(7 33) (7 36) (7 39) (7 42) (5 7 43 45) (7 48) (5 9 43) (5 12 43) (5 15 43) (5 22 43) 
(5 25 43) (5 28 43) (5 30 43) (5 32 43) (5 35 43) (5 38 43) (5 41 43) (5 43 47) (5 44) (5 7 43 46) 
(8 11) (8 14) (8 17) (8 19) (8 21) (8 24) (8 27) (8 29) (8 31) (8 34) 
(8 37) (8 40) (8 9 43) (10 13) (10 16) (8 10 18 43) (8 10 20 43) (10 23) (10 26) (10 33) 
(10 36) (10 39) (10 42) (8 10 43 45) (10 48) (8 12 43) (8 15 43) (8 22 43) (8 25 43) (8 28 43) 
(8 30 43) (8 32 43) (8 35 43) (8 38 43) (8 41 43) (8 43 47) (8 44) (8 10 43 46) (8 11) (8 14) 
(8 17) (8 21) (8 24) (8 27) (8 29) (8 31) (8 34) (8 37) (8 40) (8 9 43) 
(10 13) (10 16) (8 10 18 43) (10 23) (10 26) (10 33) (10 36) (10 39) (10 42) (8 10 43 45) 
(10 48) (8 12 43) (8 15 43) (8 22 43) (8 25 43) (8 28 43) (8 30 43) (8 32 43) (8 35 43) (8 38 43) 
(8 41 43) (8 43 47) (8 44) (8 10 43 46) (8 11) (8 14) (8 17) (8 19) (8 21) (8 24) 
(8 27) (8 37) (8 40) (8 9 43) (10 13) (10 16) (8 10 18 43) (8 10 20 43) (10 23) (10 26) 
(10 39) (10 42) (8 10 43 45) (10 48) (8 12 43) (8 15 43) (8 22 43) (8 25 43) (8 28 43) (8 38 43) 
(8 41 43) (8 43 47) (8 44) (8 10 43 46) (5 8) (5 11) (5 17) (5 19) (5 21) (5 27) 
(5 29) (5 37) (5 44) (5 46) (6 9) (6 12) (6 7 18) (6 10 18) (6 13 18) (18 20) 
(6 18 23) (6 18 39) (18 45) (6 18 48) (6 22) (6 28) (6 30) (6 38) (5 6 18 47) (5 8) 
(5 11) (5 14) (5 19) (5 21) (5 24) (5 27) (5 29) (5 31) (5 34) (5 6 43) 
(7 10) (7 13) (7 16) (5 7 20 43) (7 23) (7 26) (7 33) (7 36) (5 9 43) (5 12 43) 
(5 15 43) (5 22 43) (5 25 43) (5 28 43) (5 30 43) (5 32 43) (5 7 35 43) )