(NIL NIL NIL NIL (1 2) (2 3) (3 4) (1 2) (2 3) (3 4) 
(1 2) (2 4) (1 2) (2 3) (3 4) (1 2) (2 3) (1 2) (2 3) (1 2) 
(2 3) (1 2) (2 3) (3 4) (1 3) (3 4) (1 2) (2 3) (3 4) (1 3) 
(3 4) (1 2) (2 4) (1 2) (2 3) (3 4) (1 2) (2 3) (3 4) (1 2) 
(2 3) (3 4) (1 2) (2 3) (3 4) (1 2) (2 3) (3 4) (1 2) (2 3) 
(3 4) (5 8) (5 11) (5 13) (5 16) (5 18) (5 20) (5 22) (5 6 25) (7 10) 
(5 7 12 25) (7 15) (7 24) (7 26) (7 29) (7 31) (5 7 25 33) (7 36) (7 39) (7 42) 
(7 45) (7 48) (7 51) (5 9 25) (5 14 25) (5 17 25) (5 19 25) (5 21 25) (5 23 25) (5 25 28) 
(25 30) (5 25 35) (5 25 38) (5 25 41) (5 25 44) (5 25 47) (5 25 50) (5 27) (5 32) (5 34) 
(5 37) (5 40) (5 43) (5 46) (5 7 25 49) (5 8) (5 11) (5 13) (5 18) (5 20) 
(5 22) (5 6 25) (7 10) (5 7 12 25) (7 15) (7 24) (7 26) (7 29) (7 31) (5 7 25 33) 
(7 36) (7 39) (7 42) (7 45) (7 51) (5 9 25) (5 14 25) (5 19 25) (5 21 25) (5 23 25) 
(5 25 28) (25 30) (5 25 35) (5 25 38) (5 25 41) (5 25 44) (5 25 50) (5 27) (5 32) (5 34) 
(5 37) (5 40) (5 43) (5 7 25 49) (5 8) (5 11) (5 13) (5 16) (5 18) (5 20) 
(5 22) (5 6 25) (7 10) (5 7 12 25) (7 15) (7 24) (7 26) (7 29) (7 31) (5 7 25 33) 
(7 36) (7 39) (7 42) (7 45) (7 48) (7 51) (5 9 25) (5 14 25) (5 17 25) (5 19 25) 
(5 21 25) (5 23 25) (5 25 28) (25 30) (5 25 35) (5 25 38) (5 25 41) (5 25 44) (5 25 47) (5 25 50) 
(5 27) (5 32) (5 34) (5 37) (5 40) (5 43) (5 46) (5 7 25 49) (5 8) (5 11) 
(5 13) (5 16) (5 18) (5 20) (5 22) (5 6 25) (7 10) (5 7 12 25) (7 15) (7 24) 
(7 26) (7 29) (7 31) (5 7 25 33) (7 36) (7 39) (7 42) (7 45) (7 48) (7 51) 
(5 9 25) (5 14 25) (5 17 25) (5 19 25) (5 21 25) (5 23 25) (5 25 28) (25 30) (5 25 35) (5 25 38) 
(5 25 41) (5 25 44) (5 25 47) (5 25 50) (5 27) (5 32) (5 34) (5 37) (5 40) (5 43) 
(5 46) (5 7 25 49) (5 8) (5 11) (5 13) (5 16) (5 18) (5 20) (5 6 30) (7 10) 
(5 7 12 30) (7 15) (7 31) (5 7 30 33) (7 36) (7 39) (7 42) (7 51) (5 9 30) (5 14 30) 
(5 17 30) (5 19 30) (5 21 30) (5 30 35) (5 30 38) (5 30 41) (5 30 50) (5 32) (5 34) (5 37) 
(5 40) (5 7 30 49) (5 8) (5 11) (5 13) (5 16) (5 18) (5 20) (5 6 25) (7 10) 
(5 7 12 25) (7 15) (7 26) (7 29) (5 7 25 33) (7 36) (7 39) (7 42) (7 48) (7 51) 
(5 9 25) (5 14 25) (5 17 25) (5 19 25) (5 21 25) (5 25 28) (5 25 35) (5 25 38) (5 25 41) (5 25 47) 
(5 25 50) (5 27) (5 32) (5 34) (5 37) (5 40) (5 46) (5 7 25 49) (5 8) (5 11) 
(5 13) (5 16) (5 18) (5 20) (5 6 25) (7 10) (5 7 12 25) (7 15) (7 26) (5 7 25 33) 
(7 36) (7 39) (7 42) (7 45) (7 48) (7 51) (5 9 25) (5 14 25) (5 17 25) (5 19 25) 
(5 21 25) (5 25 35) (5 25 38) (5 25 41) (5 25 44) (5 25 47) (5 25 50) (5 32) (5 34) (5 37) 
(5 40) (5 43) (5 46) (5 7 25 49) (5 8) (5 11) (5 13) (5 16) (5 18) (5 20) 
(5 6 25) (7 10) (5 7 12 25) (7 15) (7 26) (7 29) (7 31) (5 7 25 33) (7 36) (7 39) 
(7 42) (7 45) (7 48) (7 51) (5 9 25) (5 14 25) (5 17 25) (5 19 25) (5 21 25) (5 25 28) 
(25 30) (5 25 35) (5 25 38) (5 25 41) (5 25 44) (5 25 47) (5 25 50) (5 27) (5 32) (5 34) 
(5 37) (5 40) (5 43) (5 46) (5 7 25 49) (8 11) (8 13) (8 16) (8 18) (8 20) 
(8 22) (8 9 25) (8 10 12 25) (10 15) (10 24) (10 26) (10 29) (10 31) (10 36) (10 39) 
(10 42) (10 45) (10 48) (10 51) (8 14 25) (8 17 25) (8 19 25) (8 21 25) (8 23 25) (8 25 28) 
(25 30) (8 25 35) (8 25 38) (8 25 41) (8 25 44) (8 25 47) (8 25 50) (8 27) (8 34) (8 37) 
(8 40) (8 43) (8 46) (8 10 25 49) (5 8) (5 13) (5 18) (5 22) (5 27) (5 6 30) 
(7 10) (7 15) (7 24) (7 29) (7 31) (5 7 30 33) (7 36) (7 39) (7 42) (7 48) 
(7 51) (5 9 30) (5 14 30) (5 19 30) (5 23 30) (5 28 30) (5 30 35) (5 30 38) (5 30 41) (5 30 47) 
(5 30 50) (5 32) (5 34) (5 37) (5 40) (5 46) (5 7 30 49) (8 11) (8 13) (8 16) 
(8 18) (8 20) (8 22) (8 9 25) (8 10 12 25) (10 15) (10 24) (10 26) (10 29) (10 31) 
(8 10 25 33) (10 39) (10 42) (10 48) (10 51) (8 14 25) (8 17 25) (8 19 25) (8 21 25) (8 23 25) 
(8 25 28) (25 30) (8 25 38) (8 25 41) (8 25 47) (8 25 50) (8 27) (8 32) (8 37) (8 40) 
(8 46) (8 10 25 49) (5 8) (5 11) (5 13) (5 16) (5 18) (5 27) (5 6 30) (7 10) 
(5 7 12 30) (7 15) (7 29) (7 31) (5 7 30 33) (7 36) (7 48) (7 51) (5 9 30) (5 14 30) 
(5 17 30) (5 19 30) (5 28 30) (5 30 35) (5 30 47) (5 30 50) (5 32) (5 34) (5 46) (5 7 30 49) 
(5 8) (5 11) (5 13) (5 16) (5 18) (5 20) (5 22) (5 6 25) (7 10) (5 7 12 25) 
(7 15) (7 24) (7 26) (7 29) (7 31) (5 7 25 33) (7 36) (7 39) (5 9 25) (5 14 25) 
(5 17 25) (5 19 25) (5 21 25) (5 23 25) (5 25 28) (25 30) (5 25 35) (5 25 38) (5 27) (5 32) 
(5 34) (5 7 25 37) )