(NIL NIL NIL NIL NIL NIL NIL NIL NIL NIL 
(2 3) (3 5) (5 6) (6 7) (7 8) (8 9) (1 2) (2 3) (3 4) (4 5) 
(5 6) (6 7) (7 8) (8 9) (9 10) (1 2) (2 4) (4 5) (5 6) (6 7) 
(7 8) (8 9) (9 10) (1 2) (2 3) (3 4) (4 5) (5 7) (7 8) (8 9) 
(9 10) (1 2) (2 3) (3 4) (4 5) (5 6) (6 7) (7 8) (8 9) (9 10) 
(1 2) (2 3) (3 4) (4 5) (5 6) (6 7) (7 9) (9 10) (1 2) (2 3) 
(3 5) (5 6) (6 8) (8 9) (9 10) (1 2) (2 3) (3 4) (4 5) (5 6) 
(17 26) (17 34) (17 42) (17 51) (17 59) (17 66) (11 18) (11 19 27) (11 12 20 27) (16 24) 
(25 33) (25 41) (25 50) (25 58) (25 65) (16 32) (16 40) (16 49) (15 16 57) (16 64) 
(15 23) (15 31) (15 39) (15 48) (14 15 63) (14 22) (14 30) (13 14 38) (14 47) (14 56) 
(13 21) (13 29) (13 46) (13 55) (13 62) (13 70) (20 28) (20 37) (20 45) (20 54) 
(11 20 27 61) (20 69) (11 27 36) (11 27 44) (11 27 53) (11 27 68) (11 35) (11 43) (11 52) (11 60) 
(11 13 14 15 16 17 20 25 27 67) (17 26) (17 34) (17 42) (17 51) (17 59) (17 66) (11 18) (11 19 27) (11 12 20 27) 
(16 24) (25 33) (25 41) (25 50) (25 58) (25 65) (16 32) (16 40) (16 49) (15 16 57) 
(16 64) (15 23) (15 31) (15 39) (15 48) (14 15 63) (14 22) (14 30) (13 14 38) (14 47) 
(14 56) (13 21) (13 29) (13 46) (13 55) (13 62) (13 70) (20 28) (20 37) (20 45) 
(20 54) (11 20 27 61) (20 69) (11 27 36) (11 27 44) (11 27 53) (11 27 68) (11 35) (11 43) (11 52) 
(11 60) (11 13 14 15 16 17 20 25 27 67) (17 34) (17 59) (11 18) (11 35) (11 60) (12 19 20) (19 36) (12 19 37) 
(12 61) (13 21) (13 14 38) (16 24) (25 41) (25 65) (16 40) (16 64) (15 23) (15 39) 
(13 15 38 63) (13 22 38) (11 12 13 15 16 17 19 25 38 62) (17 26) (17 34) (17 42) (17 51) (17 59) (17 66) (11 18) 
(11 19 27) (11 12 20 27) (16 24) (25 33) (25 41) (25 50) (25 58) (25 65) (16 32) (16 40) 
(16 49) (15 16 57) (16 64) (15 23) (15 31) (15 39) (15 48) (14 15 63) (14 22) (14 30) 
(13 14 38) (14 47) (14 56) (13 21) (13 29) (13 46) (13 55) (13 62) (13 70) (20 28) 
(20 37) (20 45) (20 54) (11 20 27 61) (20 69) (11 27 36) (11 27 44) (11 27 53) (11 27 68) (11 35) 
(11 43) (11 52) (11 60) (11 13 14 15 16 17 20 25 27 67) (17 26) (17 51) (17 59) (17 66) (18 19 27) (25 33) 
(25 58) (25 65) (24 32) (23 24 57) (24 64) (23 31) (22 23 63) (22 30) (22 56) (21 29) 
(21 55) (21 62) (21 70) (20 28) (20 54) (18 20 27 61) (20 69) (18 27 53) (18 27 68) (18 52) 
(18 60) (17 18 20 21 22 23 24 25 27 67) (17 34) (17 42) (17 51) (17 59) (11 18) (11 35) (11 43) (11 52) 
(11 60) (12 19 20) (19 36) (12 19 37) (19 44) (12 19 45) (19 53) (12 19 54) (12 61) (13 21) 
(13 14 38) (16 24) (25 41) (25 50) (25 58) (25 65) (16 40) (16 49) (15 16 57) (16 64) 
(15 23) (15 39) (15 48) (13 15 38 63) (13 22 38) (13 38 47) (13 38 56) (13 46) (13 55) (11 12 13 15 16 17 19 25 38 62) 
(17 34) (17 42) (17 51) (17 59) (11 18) (11 35) (11 43) (11 52) (11 60) (12 19 20) 
(19 36) (12 19 37) (19 44) (12 19 45) (19 53) (12 19 54) (12 61) (13 21) (13 14 38) (16 24) 
(25 41) (25 50) (25 58) (25 65) (16 40) (16 49) (15 16 57) (16 64) (15 23) (15 39) 
(15 48) (13 15 38 63) (13 22 38) (13 38 47) (13 38 56) (13 46) (13 55) (11 12 13 15 16 17 19 25 38 62) (17 26) (17 34) 
(17 59) (17 66) (11 18) (11 19 27) (11 12 20 27) (16 24) (25 33) (25 41) (25 65) (16 32) 
(16 40) (16 64) (15 23) (15 31) (15 39) (14 15 63) (14 22) (14 30) (13 14 38) (13 21) 
(13 29) (13 62) (13 70) (20 28) (20 37) (11 20 27 61) (20 69) (11 27 36) (11 27 68) (11 35) 
(11 60) (11 13 14 15 16 17 20 25 27 67) (26 42) (26 59) (26 66) (11 12 27 28) (16 32) (33 50) (33 65) (16 49) 
(16 64) (15 31) (15 48) (14 15 63) (14 30) (14 47) (13 29) (13 46) (13 62) (13 70) 
(28 45) (11 27 28 61) (28 69) (11 27 44) (11 27 68) (11 43) (11 60) (11 13 14 15 16 26 27 28 33 67) (17 26) (17 34) 
(17 42) (17 51) (17 59) (17 66) (11 18) (11 19 27) (11 12 20 27) (16 24) (25 33) (25 41) 
(25 50) (25 58) (25 65) (16 32) (16 40) (16 49) (15 16 57) (16 64) (15 23) (15 31) 
(15 39) (15 48) (14 15 63) (14 22) (14 30) (13 14 38) (14 47) (14 56) (13 21) (13 29) 
(13 46) (13 55) (13 62) (13 70) (20 28) (20 37) (20 45) (20 54) (11 20 27 61) (20 69) 
(11 27 36) (11 27 44) (11 27 53) (11 27 68) (11 35) (11 43) (11 52) (11 60) (11 13 14 15 16 17 20 25 27 67) (17 26) 
(17 34) (17 51) (17 59) (11 18) (11 19 27) (11 12 20 27) (16 24) (25 33) (25 41) (25 58) 
(25 65) (16 32) (16 40) (15 16 57) (16 64) (15 23) (15 31) (15 39) (14 15 63) (14 22) 
(14 30) (13 14 38) (14 56) (13 21) (13 29) (13 55) (13 62) (20 28) (20 37) (20 54) 
(11 20 27 61) (11 27 36) (11 27 53) (11 35) (11 52) (11 13 14 15 16 17 20 25 27 60) (26 42) (26 51) (11 12 27 28) (16 32) 
(33 50) (33 58) (16 49) (15 16 57) (15 31) (15 48) (14 30) (14 47) (14 56) (13 29) 
(13 46) (13 55) (28 45) (28 54) (11 27 44) (11 27 53) (11 43) (11 13 14 15 16 26 27 28 33 52) (42 59) (11 43) 
(11 60) (12 44 45) (12 61) (13 46) (13 62) (14 47) (14 15 63) (16 49) (50 65) (16 64) 
(11 12 13 14 16 42 44 48 50 63) (17 26) (17 34) (17 42) (17 51) (17 59) (17 66) (11 18) (11 19 27) (11 12 20 27) 
(16 24) (25 33) (25 41) (25 50) (25 58) (25 65) (16 32) (16 40) (16 49) (15 16 57) 
(16 64) (15 23) (15 31) (15 39) (15 48) (14 15 63) (14 22) (14 30) (13 14 38) (14 47) 
(14 56) (13 21) (13 29) (13 46) (13 55) (13 62) (13 70) (20 28) (20 37) (20 45) 
(20 54) (11 20 27 61) (20 69) (11 27 36) (11 27 44) (11 27 53) (11 27 68) (11 35) (11 43) (11 52) 
(11 60) (11 13 14 15 16 17 20 25 27 67) (17 26) (17 34) (17 42) (17 51) (17 59) (17 66) (11 18) (11 19 27) 
(11 12 20 27) (16 24) (25 33) (25 41) (25 50) (25 58) (25 65) (16 32) (16 40) (16 49) 
(15 16 57) (16 64) (15 23) (15 31) (15 39) (15 48) (14 15 63) (14 22) (14 30) (13 14 38) 
(14 47) (14 56) (13 21) (13 29) (13 46) (13 55) (13 62) (13 70) (20 28) (20 37) 
(20 45) (20 54) (11 20 27 61) (20 69) (11 27 36) (11 27 44) (11 27 53) (11 27 68) (11 35) (11 43) 
(11 52) (11 60) (11 13 14 15 16 17 20 25 27 67) (26 34) (26 51) (26 59) (11 12 27 28) (16 32) (33 41) (33 58) 
(33 65) (16 40) (15 16 57) (16 64) (15 31) (15 39) (14 15 63) (14 30) (13 14 38) (14 56) 
(13 29) (13 55) (13 62) (28 37) (28 54) (11 27 28 61) (11 27 36) (11 27 53) (11 35) (11 52) 
(11 13 14 15 16 26 27 28 33 60) (17 34) (17 59) (17 66) (11 18) (11 35) (11 60) (11 67) (12 19 20) (19 36) 
(12 19 37) (19 68) (12 19 69) (12 61) (13 21) (13 14 38) (16 24) (25 41) (25 65) (16 40) 
(16 64) (15 23) (15 39) (13 15 38 63) (13 22 38) (13 62) (11 12 13 15 16 17 19 25 38 70) )