(NIL NIL NIL NIL (1 2) (2 3) (3 4) (1 2) (2 3) (3 4) 
(1 2) (2 3) (3 4) (1 2) (2 3) (3 4) (1 2) (2 3) (1 2) (2 3) 
(3 4) (1 2) (2 3) (3 4) (1 2) (1 2) (2 3) (3 4) (1 2) (2 3) 
(3 4) (1 2) (2 3) (3 4) (1 4) (1 2) (2 4) (1 2) (2 3) (3 4) 
(1 2) (2 3) (3 4) (1 2) (2 4) (1 2) (2 3) (3 4) (1 2) (2 4) 
(1 2) (2 3) (3 4) (1 2) (2 3) (5 8) (5 11) (5 14) (5 19) (5 22) 
(5 26) (5 29) (5 32) (5 36) (5 38) (5 41) (5 44) (5 46) (5 49) (5 51) 
(5 54) (6 9) (6 12) (6 15) (6 20) (6 23) (6 27) (6 30) (6 33) (6 7 37) 
(6 10 37) (6 13 37) (6 16 37) (6 21 37) (6 24 37) (6 28 37) (6 31 37) (6 34 37) (6 37 40) (6 37 43) 
(37 45) (6 37 48) (37 50) (6 37 53) (6 39) (6 42) (6 47) (6 52) (5 6 37 55) (5 8) 
(5 11) (5 14) (5 17) (5 22) (5 29) (5 32) (5 6 7 35) (5 7 9 35) (7 10) (5 7 12 35) 
(7 13) (5 7 15 35) (7 16) (5 7 18 35) (5 7 23 35) (7 24) (5 7 30 35) (7 31) (5 7 33 35) (7 34) 
(5 7 35 39) (7 40) (5 7 35 42) (7 43) (5 7 35 47) (7 48) (5 7 35 52) (7 53) (5 7 35 55) (5 35 37) 
(5 35 45) (5 35 50) (5 36) (5 38) (5 41) (5 44) (5 46) (5 49) (5 51) (5 7 35 54) 
(5 8) (5 11) (5 14) (5 17) (5 19) (5 22) (5 26) (5 29) (5 6 7 35) (5 7 9 35) 
(7 10) (5 7 12 35) (7 13) (5 7 15 35) (7 16) (5 7 18 35) (5 7 20 35) (7 21) (5 7 23 35) (7 24) 
(5 7 27 35) (7 28) (5 7 30 35) (7 31) (5 7 35 39) (7 40) (5 7 35 42) (7 43) (5 7 35 52) (7 53) 
(5 7 35 55) (5 35 37) (5 35 45) (5 35 50) (5 36) (5 38) (5 41) (5 44) (5 49) (5 51) 
(5 7 35 54) (8 17) (8 22) (8 26) (8 32) (8 36) (8 38) (8 41) (8 44) (8 49) 
(8 54) (9 18) (9 23) (9 27) (9 33) (9 10 37) (9 24 37) (9 28 37) (9 34 37) (9 37 40) 
(9 37 43) (37 45) (37 50) (9 39) (9 42) (8 9 37 55) (5 8) (5 11) (5 14) (5 19) 
(5 22) (5 25) (5 26) (5 29) (5 32) (5 6 7 35) (5 7 9 35) (7 10) (5 7 12 35) (7 13) 
(5 7 15 35) (7 16) (5 7 20 35) (7 21) (5 7 23 35) (7 24) (5 7 27 35) (7 28) (5 7 30 35) (7 31) 
(5 7 33 35) (7 34) (5 7 35 39) (7 40) (5 7 35 42) (7 43) (5 7 35 52) (7 53) (5 7 35 55) (5 35 37) 
(5 35 45) (5 35 50) (5 36) (5 38) (5 41) (5 44) (5 49) (5 51) (5 7 35 54) (8 14) 
(8 19) (8 22) (8 25) (8 26) (8 29) (8 9 10 35) (8 10 15 35) (10 16) (8 10 20 35) (10 21) 
(8 10 23 35) (10 24) (8 10 27 35) (10 28) (8 10 30 35) (10 31) (8 10 35 39) (10 40) (8 10 35 42) (10 43) 
(8 10 35 47) (10 48) (8 10 35 52) (10 53) (8 10 35 55) (8 35 50) (8 38) (8 41) (8 46) (8 49) 
(8 51) (8 10 35 54) (5 11) (5 14) (5 17) (5 19) (5 22) (5 26) (5 29) (5 32) 
(5 6 7 35) (5 7 12 35) (7 13) (5 7 15 35) (7 16) (5 7 18 35) (5 7 20 35) (7 21) (5 7 23 35) (7 24) 
(5 7 27 35) (7 28) (5 7 30 35) (7 31) (5 7 33 35) (7 34) (5 7 35 39) (7 40) (5 7 35 42) (7 43) 
(5 7 35 47) (7 48) (5 7 35 52) (7 53) (5 7 35 55) (5 35 37) (5 35 45) (5 35 50) (5 36) (5 38) 
(5 41) (5 44) (5 46) (5 49) (5 51) (5 7 35 54) (5 8) (5 11) (5 14) (5 17) 
(5 19) (5 22) (5 25) (5 26) (5 29) (5 32) (5 6 7 35) (5 7 9 35) (7 10) (5 7 12 35) 
(7 13) (5 7 15 35) (7 16) (5 7 18 35) (5 7 20 35) (7 21) (5 7 23 35) (7 24) (5 7 27 35) (7 28) 
(5 7 30 35) (7 31) (5 7 33 35) (7 34) (5 7 35 39) (7 40) (5 7 35 42) (7 43) (5 7 35 47) (7 48) 
(5 7 35 52) (7 53) (5 7 35 55) (5 35 37) (5 35 45) (5 35 50) (5 36) (5 38) (5 41) (5 44) 
(5 46) (5 49) (5 51) (5 7 35 54) (5 8) (5 11) (5 17) (5 19) (5 22) (5 25) 
(5 26) (5 29) (5 32) (5 36) (5 38) (5 41) (5 44) (5 46) (5 49) (5 51) 
(5 54) (6 9) (6 12) (6 18) (6 20) (6 23) (6 27) (6 30) (6 33) (6 7 37) 
(6 10 37) (6 13 37) (6 21 37) (6 24 37) (6 28 37) (6 31 37) (6 34 37) (6 37 40) (6 37 43) (37 45) 
(6 37 48) (37 50) (6 37 53) (6 39) (6 42) (6 47) (6 52) (5 6 37 55) (5 8) (5 11) 
(5 14) (5 17) (5 19) (5 22) (5 25) (5 26) (5 29) (5 32) (5 6 7 35) (5 7 9 35) 
(7 10) (5 7 12 35) (7 13) (5 7 15 35) (7 16) (5 7 18 35) (5 7 20 35) (7 21) (5 7 23 35) (7 24) 
(5 7 27 35) (7 28) (5 7 30 35) (7 31) (5 7 33 35) (7 34) (5 7 35 39) (7 40) (5 7 35 42) (7 43) 
(5 7 35 47) (7 48) (5 7 35 52) (7 53) (5 7 35 55) (5 35 37) (5 35 45) (5 35 50) (5 36) (5 38) 
(5 41) (5 44) (5 46) (5 49) (5 51) (5 7 35 54) (5 8) (5 17) (5 19) (5 22) 
(5 25) (5 32) (5 6 7 35) (5 7 9 35) (7 10) (5 7 18 35) (5 7 20 35) (7 21) (5 7 23 35) (7 24) 
(5 7 33 35) (7 34) (5 7 35 39) (7 40) (5 7 35 42) (7 43) (5 7 35 47) (7 48) (5 7 35 52) (7 53) 
(5 35 37) (5 35 45) (5 35 50) (5 36) (5 38) (5 41) (5 44) (5 46) (5 49) (5 7 35 51) )