(NIL NIL (2) NIL (4 2) NIL (6 4 1) (7) (8) (9) (9 2) (11) (12 3) (10 5 13) (11)
 (13 15) (14 16) (16) (16) (19) (20 14) (21) (18 22) (17 21) (22 24) (23 24)
 (25 26) (18 21) (28) (29 22 24) (27 30) (25 30) (23 32) (33) (25 29)
 (26 35 34) (34 35 31) (33 35 31) (38) (29 23 24) (27 35 40) (41 37) (42 38)
 (43) (33 41) (43 45) (45 31) (42 36 47) (45 39) (49 44) (49 47) (43 36 51)
 (50 52 48) (52) (49 36 37) (53 46 55) (50 54 55) (57) (58 53) (52) (57 60 48)
 (58 61) (59 46 60) (63) (64) (65) (56 66) (67) (62 68) (69) (68) (68) (70 72)
 (67) (69 74) (63) (72 76) (62 71 77) (74 78) (74 78) (62 77) (81) (82 74 78)
 (83) (82 75 79) (83 73 85) (73 85) (80 83 73 85) (88 84) (89 87) (80 70 75 82)
 (81 73 74) (92 89) (69 76) (88 91 94 86) (95 84 87) (90 96) (92 89 96) (90 95)
 (92 89 94) (100 95 87) (100 87) (93 90 101 96 102) (103 97 99) (103) (103 97)
 (103) (105 107 97) (107) (98 109 99) (105 109) (98 111 104) (112) (113)
 (106 108 114) (113 106) (116) (117 110) (118) (114 116) (113 106)
 (121 108 120) (122 119) (123) (121 108 119) (125) (124 126) (121 117)
 (115 124 125 128) (128) (130 115 124 126) (115 128 123 126) (132 127)
 (122 118 128) (131 134 127) (132 134 127) (129 133 136) (130 136) (138 131)
 (138) (129 139 140) (137 141) (141 135) (143) (137 144) (142 144) (146) (147)
 (148) (145 149) (150) (147) (142 144) (153) (154 149 152) (145 155) (154 149)
 (153) (156 158) (159) (160) (161 157) (162) (159) (164 150 160) (164 151)
 (156 158) (164 167) (151 168) (161 169 157) (169 162) (157 151 168)
 (157 150 168) (162 173) (171 172 173) (166 175) (170 176) (177) (178) (178)
 (180 174) (181 165) (179 182) (182) (163 183 184) (180 165) (186 179)
 (163 182 187) (188) (189 183) (163 187 183 184) (188 191) (163 187 184)
 (193 191) (194 192) (194) (185 193 188) (194 190 197) (197) (194 199 189 192)
 (200) (196 189 199) (190 202) (185 194 190) (200 204 202) (200 204) (206)
 (201 195 207) (201 195 206 198 202) (209 205) (210) (209) (212 205) (213)
 (208 214) (212 203 205) (212) (209 203) (218 216) (210 219) (220 208 214)
 (211 221) (222 215) (223) (217 224) (223) (226 224) (226 224) (228) (226 224)
 (217 226) (225 231) (230 232) (233) (234) (227 228 235) (236) (233 228)
 (227 238) (239) (235 240) (235 240) (238) (241 242 243 229) (244) (236 238)
 (243 246) (229 246 240) (241 242 229 246) (249 244 237) (249 244 237)
 (249 237 247) (250 252 245) (252) (253 254) (254 248) (251 255 256)
 (250 251 256) (258) (259 245) (260) (261) (257 258) (263) (251 256)
 (265 262 255) (266 263) (265 253 262) (266 268 263) (266 268 263) (268 255)
 (257 266 271) (267 272 270 264) (269 271) (257 265 262) (266 275) (266 275)
 (277 269 271) (267 277 271 264) (269 279) (280 276 270 278) (281 272)
 (274 282) (274 282) (273 276 280) (284 285) (286) (287) (269 279) (289 284)
 (290 287) (290 285) (292) (293 287) (291 294) (292) (294 296) (289 286)
 (298 291 294) (297 299 288) (298 287) (301 288) (299 302) (283 303 296)
 (297 295 304) (305) (306) (304) (297 308) (289 286) (307 310) (299 302 310)
 (309 312) (313) (314 307) (315 311) (316 300) (317) (318) (317) (319 320)
 (321) (314 307 300) (314) (322 324) (325) (324 320) (327) (319 328) (321 327)
 (327 319) (322 323 327) (329 331 332 325) (330 333 326) (332 326 328) (335)
 (329 330 336) (337 331) (337) (331 339) (338 340) (341) (334 342) (341)
 (333 344) (343 344) (341 334) (347) (347) (346 349) (345 349 343) (351)
 (346 348 352) (353) (352) (355) (356 350) (354 356) (357 358) (358) (350 360)
 (361) (357 360) (361 363) (364 359) (365) (366) (365) (368) (346 351)
 (362 367 370) (369 371) (372) (371) (374) (371) (371) (377 373 374) (378)
 (378 376) (379 380 375) (381) (382) (383) (383) (379 380) (386 383) (387)
 (388) (389) (387) (391) (389 392) (393 390) (392) (395 388) (396 390) (377)
 (394 398) (397 399))