(NIL NIL NIL (3 2) (4) (5 1) (6) (6) (6) (9) (10) (9) (6) (4) (14 6) (8 12 15)
 (13 16) (17 10) (18) (19) (17 10) (18 21 7) (19 22) (21) (24 20 7)
 (19 11 21 7) (17 11) (27 20 22) (28) (25 28) (29 30) (27) (32 24) (26 20 32)
 (34) (34 29) (26 32) (25 33 29 23 37) (34 29 37) (25 36 39 23) (40 30 38) (41)
 (37 22 24) (43 39 38 31) (41 35 44) (42 45) (46) (45) (48) (49 46) (45)
 (49 51 46) (50 51) (53) (54) (55) (55) (55) (52 55) (59 47) (54) (57 61)
 (59 62) (61 55) (52 47 64) (60 63 64) (66 56) (65 67) (65 67) (69) (68 70)
 (67) (65 58 66) (73 70) (73) (73 56) (73 68 72) (77 75 69) (77) (77 70)
 (78 79 80) (81 74 71) (82 76) (81 74) (81) (85) (84 86) (83 87) (88) (88)
 (89 90) (88) (84 86) (82 93 87) (94) (95 88) (91 92 96) (89 94) (90 95)
 (89 99 96) (99 91 92) (101 98) (101 98) (103) (104 100) (99 92) (99 92 98 96)
 (104 100 107 102) (100 107 102 103) (108 109) (110) (105 106 111) (105 111)
 (104 109) (97 114 110) (113 115) (116) (117) (114) (117 119) (116 106 119)
 (97 113 119) (122) (117 123 106) (123) (121 125 120) (126 112) (126) (124 126)
 (129 128) (126) (131) (124 132 128) (133 127) (131 124) (133 135) (118 135)
 (137 130) (138 127) (137 133) (134 135) (138 140 141 136) (138 140 141)
 (137 133) (139 144 134 136) (144) (143 146) (143 144) (148 136) (149)
 (139 149) (142 145 151) (150 152) (153 147) (142 150 151) (155) (154 156)
 (157) (158) (158) (159 160) (161) (157) (163) (164 158) (165) (161 166) (167)
 (167) (169) (162 167) (169 171 168) (171) (170 171) (166) (169 175 168)
 (172 175) (162 175 168) (164 160) (179 173 168) (180 174) (177 180)
 (178 180 176) (177 178 179 174) (184 182 176) (184) (186 180 176) (187)
 (187 181) (189) (185 190) (171 179 175 168) (179 174 175) (185 193 187 192)
 (194 188 191) (194 190) (188 196) (193 190) (193 189 182 192) (194 199 191)
 (188 183 200) (201) (199 188 198 196) (203 183 200) (195 204) (201 205 197)
 (205 197) (188 198 199) (201 207 208) (209 206) (209) (205 208) (212 206)
 (203 208) (202 208) (213 214 215) (210 216) (217 211) (218) (217 211)
 (210 212 215) (211 221) (220 222) (222) (214 222) (211 221 216) (226) (226)
 (228) (218 229) (229 224) (231 219 227 223) (225 232) (225 220 229) (234 232)
 (228) (236 230 232) (234 237) (225 237) (233 239) (233 235 237) (241) (241)
 (233 234 237) (244 240) (242 245) (243 246) (246) (243 245) (249 238)
 (243 244) (242 251 245) (252 238) (250 253 248) (253) (255 248) (249 256)
 (257) (258) (247 256) (250 255 247) (261) (258 261) (261 256) (260 254 264)
 (254 255) (266 259 264) (267 260) (265 268 262) (269) (270) (268) (269 272)
 (273) (274 270) (265 266 259) (274 276) (277) (276 268) (273 279 271 263)
 (277 280) (277 279 271) (281 282) (283) (275 282 280) (284 285) (270 279 278)
 (280) (288) (289 286) (281 288 282) (291 278 286) (292 287) (291 275)
 (294 284 285) (289 295) (291 275 289 278 284) (292 296 297) (298) (287 298)
 (300) (290 292 297) (302 300) (287 295 297) (290 300 304) (305 302 301)
 (306 303) (299 307 293) (299 306) (305) (306 293 310) (311) (309 312)
 (313 308) (307 312) (313 315) (316) (307 312) (307 309 312) (319)
 (314 316 318 319) (321 317) (317 319) (323 308) (324 320) (325 318) (326)
 (325) (322 326 328) (322 328) (325) (331 318) (322 332) (333) (333) (321 325)
 (329 336) (336) (337 338 335) (337 338 331 327) (330 340) (330 340) (342 335)
 (334 343) (331 326 336) (345 330 340 334) (346 342) (347) (347 341 343)
 (339 349) (347 343) (339 351 344) (348 349 352) (350 351) (341 351) (355 349)
 (356 350) (353 355) (339 348 341 351) (354 355 359 352) (353 357 360)
 (353 357 360) (360) (353 363 356) (363 356) (361 365) (362 364 365) (353 363)
 (368 358 367 366) (369) (361 367 368) (353 357 360) (361 372) (369 373)
 (370 374) (371 374) (370 376) (377) (376) (376) (370 374) (371 381) (381)
 (370 374) (383 375 384) (371 381 384) (377 384) (378 375 384) (380 388)
 (385 386 389) (390) (370 373) (386 388 392) (393 391) (393 387) (379 390 395)
 (396 382) (393 389) (390 398) (385 389 382 392))