(NIL (1) NIL NIL (4) (5) (4) NIL (8 4) (5 7 9) (7 9) (11) (12 1) (3 6 13) (13)
 (3 5 13) (2 14 16) (17) (18) (6 16) (20 2 10) (20 2) (22) (19 23) (24) (25 10)
 (26) (27 15) (25 15) (29) (21 30) (29 28 21) (31 32) (31 32) (33 34) (34)
 (25 21) (37 31) (37 15) (30 39) (34 38 40) (41) (33 42) (35 43) (43 36)
 (33 41) (33 38 39) (45 47) (48) (45 47) (50 44) (50 35) (52) (49 53 46) (54)
 (52 48) (56) (57) (58 44) (59 54) (50 46) (44 61) (57 61 53) (60 62 63)
 (55 64) (65 51) (51 64) (60 63 55) (67 68) (61 55) (66 68 70) (71) (71)
 (65 69 70) (74 71) (59 62 63 70) (76 71) (73 76) (67 77 78) (75 79) (80)
 (74 78 72) (82 80) (81 82) (84) (85) (86) (84) (88) (89) (90) (90 87) (92)
 (93) (91 94) (95) (91 93) (97 94) (88) (91 99) (90 99 87) (83 101 94)
 (91 101 94) (101) (98 83 100 104) (105) (106) (107) (105 95) (107 109)
 (110 103) (111) (108 112) (110) (110) (107 109 102) (114 108 111) (117 116)
 (118) (119 96) (120) (113 120) (121 122) (120 112) (124 115) (123 125) (126)
 (125) (127 128) (124) (120) (130 131 126) (132) (132 128) (131 126)
 (113 124 131 115) (131 128) (137 133 134) (138 136) (137 122) (138 140 127)
 (141) (141 136) (129 139 140) (143 144) (140 127) (146 141) (147) (139 148)
 (147 142 143) (129 132 140) (149 151) (152 143 144) (146 142 151) (149 151)
 (155 135) (154 156 144) (153 157) (145 156 150) (138 151) (160 159 152)
 (156 160 144) (153 162 159) (163 158) (164) (164) (161 166) (166) (168) (169)
 (169) (168) (168) (172 173) (173 167) (171 175) (166) (177 168) (169 177 173)
 (171 165 179 175) (170 171 172 179 167) (178 179) (171 172 179 175) (183)
 (178 181 184) (185 165 176) (185 165 182) (187) (188 174) (180 189 176)
 (180 189) (190 191) (187 180) (193) (193 174 176) (194 195 191) (195 190)
 (196 197) (193) (199) (200 191 176) (201 197 192) (202 198) (203)
 (190 191 200) (186 205 198) (202 205) (196 197 200) (202 205 208) (209 198)
 (209 204) (186 211) (212) (213) (213 207) (209 204) (206 216) (214 216)
 (213 216) (210 219 214) (217 219 214) (210 219 214 207) (222) (223) (206 224)
 (222) (225 226 220 221) (226 220 221 224) (228) (226) (226 221 223) (230 231)
 (225 231 215) (233 227 232) (219 207) (225 235 228 215) (236 232) (236 232)
 (225 229 230 231 235 218) (238 239) (240) (233 227 239 232) (242 238)
 (234 238 242) (241 244 237) (234 237 242) (244 246) (242 238) (248)
 (249 247 240) (249 243) (251 237) (251 245) (253) (250 254) (255) (256) (257)
 (255) (255) (258 260) (260 252) (257 262) (258 263) (259 261 263) (265)
 (265 264) (258 260) (268 261) (258 260) (261 270 264) (271) (267 268 272)
 (267 269 272) (259 270 263) (267 269 275 272) (275 268 272) (266 267 277)
 (273 278) (269 279) (280) (280) (281 282) (274 279) (281 284) (283 285) (285)
 (283 284) (274 279) (289 286 288) (290 287) (291 276) (291) (292 293) (294)
 (293) (292 296) (289 276 288) (298 295 296) (297 298) (300 294) (301 295)
 (301) (303) (300) (298 292) (306 299 304) (307) (308) (306 303) (307 310)
 (302 311) (305 309 310) (311) (314 302) (313 315) (315) (317 309)
 (305 315 309) (319) (316 320) (317 321) (314 308) (317 309 323) (313 318 323)
 (316 319 323) (318 326 320 312) (327) (328) (326 320 312) (330 322 318)
 (330 322 327 324) (332 325 328) (333) (331 334) (335) (335) (337 336) (337)
 (334) (340 335) (340 335 329) (342) (337 343 336) (339 341 344) (339 344)
 (337 341 343 336) (338 347) (348 344) (332 325 329) (346 347 350) (351)
 (348 352) (349 351) (338 350 343) (354 355 352) (356) (345 357) (356)
 (357 359) (353 360) (361) (362) (345 361) (363 364) (365) (365) (365 358)
 (364) (369 358 367) (361) (371 367 368) (372) (371) (369 358 367 374)
 (374 368) (372 366 374) (369 377) (370 375 378) (379) (377) (378 373 381)
 (382 375) (380 383) (384 376) (370 381 375 378) (386) (385 387) (386 379)
 (377) (379 373 387 390) (389 391) (387 380 382 390) (379 390 383)
 (394 386 384 376) (395) (396 389 391) (385 397) (393 395 388 392) (396 399))