(NIL NIL NIL (3 1) (4) (3) (6) (7 5) (7 5) (7 5) (8) (10) (12) (12) (11 13 14)
 (2 15) (9 15) (17) (11 9 12) (19 16) (17 20) (17 19) (22 16) (23) (24) (23)
 (26 20) (27) (18 26) (23) (20 30) (27 29 30) (28 29 30) (25 33) (34 21) (35)
 (36) (32 35) (34) (39) (39 36 31) (41) (34) (43 37 38) (44 42) (44) (32 43)
 (28) (36 48) (41 37 49) (44 47 50) (40 46 51) (46 41 49) (40 49 38)
 (32 36 48 40 31) (45 46 55) (56 51) (57 53) (58) (54 59) (60) (61 52) (61)
 (57 54) (54 56 47 50) (65 53 51) (66) (67 62) (68 64) (69) (67 60) (66 63 64)
 (62 72) (72) (74 62) (75 68) (76) (77 69) (75) (67 79) (69 80) (81 78)
 (76 69 79) (73 83 70 71) (84) (85 78) (66 63) (78 87) (87 80) (89 85 88) (90)
 (89 70 88) (92 85) (92 86) (82 91 94) (95) (92 85) (97 91) (81 98) (98 93 94)
 (98) (100 101 96) (97 86) (101 103) (100 104) (105 95) (106 102) (105 99 102)
 (106 108) (108) (82 100 104) (82 100 103) (107 112) (113) (114 110 111)
 (114 108) (116 110 111) (117) (116 110) (119) (113) (121 118) (121 115 117)
 (123) (123 120) (125) (124 125 118) (123 109) (124 118 128) (121 119 111)
 (117 115 109 130) (131 127) (131 127) (129 132 133 126) (122 133) (135)
 (126 135) (129 135) (138) (138) (138) (139 141 134) (132 141 126)
 (140 143 136) (144) (138 132 126) (146 141) (146 140 134) (145 139 148 147)
 (146 134 143) (139 148 147 150) (142 151) (145 152) (137 149 152)
 (137 150 142 136) (145 155 152) (155 149 151) (155 152) (153 156 158)
 (149 159) (157 160) (161 154) (145 155 151) (154 163 159) (163 156 149 158)
 (161 164 165) (154 163) (164 167) (165 168) (169 157) (169 162 166) (161 169)
 (172 166) (162 167) (170 174) (172 175) (166 176) (177 171) (178 173)
 (178 173) (180) (179 181) (182) (181) (184) (185 183) (183 184) (178)
 (188 183) (189) (190) (185 191) (192) (187 191) (189) (185 179 188) (196 192)
 (187 197) (198) (195 198) (194 199 200) (201) (202) (203) (186 204) (205)
 (203) (204 207) (207) (193 186 209) (210 206) (211) (211 208) (210) (212 214)
 (215) (193 206 207) (217 213 215) (217) (217 216 208) (220) (220 213)
 (217 213 214) (218 220 223) (223 216) (225 218) (225 220) (226 227 222) (228)
 (229) (230 224) (218 227 221) (232 230 224) (233) (234) (219 235) (233)
 (219 237) (237) (239) (219 239 231) (236 239) (242) (243) (242) (241 245 238)
 (244 245 238) (247) (241 248) (248) (250) (242 238) (249 250 252 246 240)
 (249 250 252 240) (246 254) (254) (251 246 256) (257 253) (258 255) (253 256)
 (260 255) (257 261) (262) (261) (264) (265 251) (266) (267 262) (268) (268)
 (259 270) (258 270) (259 272) (271 272) (273 274 263) (258 260) (276 270 263)
 (274 277) (274 276 263) (279) (273 277 269 280) (280) (282 275) (281 283 278)
 (269 278 280) (273 285) (285) (279) (285 288) (289 284 286) (289 282 275 286)
 (291) (275 285 288) (282 293 286 287) (281 282 285 288) (292 295) (296)
 (297 284 294) (297 293) (297 290 294) (300) (283 293 287 296) (289 295)
 (283 291 295) (290 293 304) (301 304) (291 294 295) (290 299 307)
 (305 308 301 303) (309) (302 310) (311) (306 312) (298 312 306) (298 311)
 (314 315) (316) (315) (310) (316 319) (320) (320) (313 321 322) (323 318)
 (317 320) (324 325) (315 319) (318 327 312) (323 325 328) (329) (330 326)
 (331) (332) (332) (330 326) (335) (326 328) (337 333) (337 330) (339 334 335)
 (339) (338 341) (338 340 341 336) (343) (344) (338 341) (346 336)
 (347 342 343) (346 334) (349 342 336) (350 344) (347 351) (352) (353) (354)
 (355 348) (353) (355 357) (358) (345 358) (351) (361) (361 348 357) (361)
 (347 351) (363 356 365 358) (364 366) (367) (368) (361 354 348 365)
 (370 364 366) (345 371 367) (345 362 371) (373) (369 374) (372 375) (374 368)
 (374 359 368) (377 378) (379 376) (369 378 360) (378 372 360) (374) (377 383)
 (384 359 376) (384 378 372 375 360) (386 376) (369 379 383) (386 388) (389)
 (389 382) (385 391) (385 380 381 391) (380 391) (394) (385 391) (396 381)
 (393 394 397 390) (387 397 395) (399 392))