(NIL NIL (2 1) NIL (2 4) (4 1) (3 6 5) NIL (4 8) (2 8) (5 9 10) (1 8) (6 12 9)
 (3 12 10) (7 13 14 11) NIL (16 8) (4 16) (17 9 18) (2 16) (17 10 20) (5 18 20)
 (21 22 11 19) (16 1) (17 12 24) (6 18 24) (25 26 13 19) (3 24 20)
 (21 25 28 14) (22 7 28 26) (23 29 27 15 30) NIL (16 32) (32 8) (17 34 33)
 (4 32) (33 18 36) (34 9 36) (37 38 35 19) (2 32) (40 33 20) (34 40 10)
 (21 35 41 42) (40 5 36) (37 22 41 44) (38 42 11 44) (45 46 39 23 43) (32 1)
 (48 33 24) (34 12 48) (25 49 35 50) (6 48 36) (37 26 49 52) (38 52 13 50)
 (39 53 27 51 54) (3 40 48) (49 28 41 56) (50 56 42 14) (57 58 51 29 43)
 (7 52 56 44) (45 57 60 53 30) (46 60 54 15 58) (31 47 55 59 61 62) NIL (64 32)
 (16 64) (33 66 65) (64 8) (34 68 65) (17 68 66) (35 69 70 67) (2 64)
 (72 40 65) (72 66 20) (73 41 74 67) (72 68 10) (73 69 42 76) (21 76 70 74)
 (77 78 75 43 71) (64 1) (80 65 48) (80 66 24) (49 81 67 82) (12 68 80)
 (81 50 84 69) (25 82 84 70) (51 85 83 71 86) (3 72 80) (81 88 73 56)
 (82 28 74 88) (57 89 83 75 90) (84 88 14 76) (77 58 89 85 92) (78 92 29 86 90)
 (91 93 94 59 79 87) NIL (96 64) (96 32) (97 65 98) (96 16) (97 66 100)
 (100 33 98) (99 101 67 102) (96 4) (104 36 98) (104 18 100) (37 102 105 106)
 (96 2) (108 72 97) (108 40 98) (99 109 73 110) (108 20 100) (101 109 74 112)
 (102 41 110 112) (113 114 103 111 75) (108 104 5) (116 105 110 44)
 (22 116 106 112) (45 114 117 118 107) (96 1) (120 97 80) (48 120 98)
 (99 81 121 122) (24 120 100) (101 82 121 124) (49 102 124 122)
 (126 103 125 83 123) (6 104 120) (122 52 105 128) (26 124 106 128)
 (129 130 53 126 107) (3 108 120) (121 132 109 88) (122 132 110 56)
 (89 123 133 134 111) (132 28 124 112) (113 90 133 125 136)
 (57 114 136 126 134) (91 127 135 137 138 115) (7 116 132 128)
 (129 140 60 117 134) (130 140 136 118 30) (131 61 138 141 142 119) NIL
 (144 96) (144 32) (146 145 98) (144 16) (145 148 100) (146 148 33)
 (102 147 149 150) (144 8) (146 152 34) (17 148 152) (153 154 35 150) (144 4)
 (145 104 156) (146 156 36) (157 158 147 105) (148 18 156) (157 160 149 106)
 (37 158 160 150) (159 161 107 151 162) (156 9 152) (153 38 164 158)
 (154 160 19 164) (165 166 155 39 162) (144 2) (145 108 168) (146 40 168)
 (169 170 147 110) (168 148 20) (169 172 149 112) (170 172 41 150)
 (114 171 173 174 151) (168 10 152) (153 170 42 176) (21 154 172 176)
 (177 178 155 174 43) (168 5 156) (157 169 116 180) (158 180 170 44)
 (181 159 117 171 182) (172 22 160 180) (173 161 118 181 184)
 (45 184 182 162 174) (175 183 185 186 163 119) (180 176 11 164)
 (165 46 188 182 177) (188 166 23 184 178) (179 186 189 190 167 47) (144 1)
 (145 192 120) (146 192 48) (193 122 147 194) (148 192 24) (193 124 149 196)
 (49 194 196 150) (195 197 126 151 198) (12 192 152) (153 50 200 194)
 (25 154 196 200) (201 202 155 51 198) (6 192 156) (157 193 204 128)
 (158 52 204 194) (129 159 205 195 206) (26 160 196 204) (130 205 161 197 208)
 (206 208 53 162 198) (199 207 209 210 131 163) (200 13 204 164)
 (165 201 212 54 206) (166 27 208 212 202) (203 55 210 213 214 167) (3 192 168)
 (169 193 132 216) (170 194 216 56) (195 217 171 134 218) (172 28 196 216)
 (217 197 220 173 136) (57 218 220 174 198) (175 199 138 219 221 222)
 (200 14 216 176) (177 58 224 201 218) (178 220 29 224 202)
 (225 226 203 222 59 179) (7 180 204 216) (217 205 140 181 228)
 (218 60 228 182 206) (229 230 207 183 219 141) (208 228 30 220 184)
 (209 229 232 185 221 142) (230 232 210 186 61 222)
 (231 233 234 211 187 143 223) (188 224 228 15 212) (225 230 236 213 62 189)
 (226 31 232 236 190 214) (227 63 234 237 238 215 191))