(NIL NIL (1 2) NIL (1 4) (2 4) (6 3 5) NIL (4 8) (1 8) (9 5 10) (2 8) (9 6 12)
 (3 12 10) (13 11 7 14) NIL (8 16) (4 16) (17 9 18) (1 16) (17 10 20) (18 20 5)
 (21 22 19 11) (2 16) (17 12 24) (6 18 24) (19 25 13 26) (3 24 20)
 (21 28 25 14) (22 7 28 26) (23 29 15 27 30) NIL (16 32) (8 32) (33 17 34)
 (4 32) (33 18 36) (9 34 36) (35 37 19 38) (1 32) (33 40 20) (34 10 40)
 (21 41 35 42) (5 36 40) (41 22 44 37) (42 44 11 38) (23 45 43 39 46) (2 32)
 (33 24 48) (34 48 12) (49 50 35 25) (6 36 48) (49 52 37 26) (50 13 52 38)
 (51 53 27 39 54) (3 40 48) (49 41 28 56) (50 56 14 42) (57 58 51 29 43)
 (44 7 52 56) (57 45 60 53 30) (58 60 54 15 46) (31 55 47 59 61 62) NIL (64 1)
 (64 32) (66 65 40) (64 16) (66 33 68) (68 65 20) (41 67 69 70) (64 8)
 (66 34 72) (17 68 72) (69 73 35 74) (10 72 65) (67 42 76 73) (21 70 76 74)
 (43 77 71 75 78) (64 4) (66 36 80) (68 80 18) (81 82 69 37) (9 72 80)
 (81 84 73 38) (82 19 84 74) (83 85 39 75 86) (5 65 80) (81 67 44 88)
 (82 88 70 22) (89 90 83 45 71) (76 84 11 88) (89 77 92 85 46) (90 23 92 86 78)
 (79 91 93 94 87 47) (64 2) (3 65 96) (66 96 48) (98 67 97 56) (68 24 96)
 (49 98 69 100) (100 28 97 70) (57 99 101 71 102) (12 72 96) (98 50 104 73)
 (100 104 25 74) (51 105 101 75 106) (76 104 14 97) (99 58 108 105 77)
 (102 108 29 106 78) (79 103 109 110 107 59) (6 96 80) (81 98 52 112)
 (82 112 26 100) (113 114 83 53 101) (13 84 104 112) (113 105 116 85 54)
 (114 116 86 27 106) (55 87 107 115 117 118) (97 7 88 112) (113 89 60 120 99)
 (114 102 120 30 90) (91 103 121 122 115 61) (92 116 120 15 108)
 (93 109 121 124 117 62) (94 31 110 122 124 118) (95 119 111 123 125 126 63)
 NIL (128 64) (128 32) (66 130 129) (128 16) (33 130 132) (68 132 129)
 (131 133 69 134) (128 8) (130 136 34) (17 132 136) (137 138 35 133)
 (72 129 136) (137 131 140 73) (138 140 134 74) (139 141 75 135 142) (128 4)
 (130 36 144) (18 132 144) (145 37 133 146) (9 144 136) (137 145 148 38)
 (138 19 148 146) (139 149 147 39 150) (144 129 80) (81 145 131 152)
 (82 152 134 146) (153 154 83 147 135) (148 84 140 152) (149 85 156 141 153)
 (154 156 142 150 86) (87 143 151 155 157 158) (128 1) (160 129 65)
 (130 160 40) (67 161 131 162) (160 132 20) (41 162 164 133) (161 70 164 134)
 (71 165 163 135 166) (160 10 136) (137 42 168 162) (21 138 164 168)
 (169 170 139 165 43) (161 76 140 168) (169 77 163 172 141)
 (170 172 142 166 78) (79 167 171 173 174 143) (5 160 144) (145 162 44 176)
 (146 176 164 22) (177 165 147 45 178) (176 148 11 168) (169 177 180 149 46)
 (170 23 180 150 178) (151 171 179 181 182 47) (161 176 88 152)
 (153 89 163 177 184) (154 184 166 178 90) (167 91 179 185 186 155)
 (180 92 172 156 184) (93 173 181 185 188 157) (174 94 182 186 188 158)
 (175 95 183 187 189 190 159) (128 2) (192 129 96) (130 192 48)
 (98 193 131 194) (132 24 192) (49 194 196 133) (193 100 196 134)
 (101 197 195 135 198) (12 192 136) (137 50 200 194) (138 196 25 200)
 (201 202 139 197 51) (193 140 104 200) (201 105 195 204 141)
 (198 204 142 202 106) (199 203 205 206 143 107) (6 192 144) (145 194 52 208)
 (146 196 26 208) (209 197 147 53 210) (13 148 208 200) (201 209 212 149 54)
 (202 212 150 27 210) (203 55 211 213 214 151) (193 112 208 152)
 (153 113 195 209 216) (154 216 198 210 114) (199 211 217 218 155 115)
 (212 156 116 204 216) (157 205 213 217 220 117) (206 118 214 218 220 158)
 (207 159 215 219 221 222 119) (3 160 192) (193 161 224 97) (194 224 162 56)
 (99 225 195 163 226) (28 164 196 224) (57 165 228 197 226)
 (225 102 228 198 166) (227 229 199 167 103 230) (224 168 14 200)
 (201 58 232 169 226) (232 202 228 29 170) (229 233 234 203 59 171)
 (225 108 172 204 232) (227 233 205 236 173 109) (230 234 236 206 174 110)
 (231 235 237 238 175 207 111) (224 7 176 208) (209 177 60 240 226)
 (240 210 228 30 178) (229 179 241 242 211 61) (240 180 212 15 232)
 (233 241 244 181 213 62) (234 31 242 244 214 182) (215 235 243 245 246 183 63)
 (225 240 184 120 216) (185 227 241 121 248 217) (230 242 248 218 122 186)
 (231 243 249 250 219 123 187) (188 236 244 220 248 124)
 (125 237 221 245 249 252 189) (126 238 190 246 250 252 222)
 (239 223 127 247 251 253 254 191) NIL (256 64) (256 8) (72 257 258) (256 4)
 (9 260 258) (260 257 80) (259 261 84 262) (256 1) (264 257 65) (264 10 258)
 (259 265 76 266) (5 264 260) (261 266 268 11) (265 262 268 88)
 (263 92 269 267 270) (256 128) (272 129 257) (272 258 136) (259 274 140 273)
 (272 260 144) (261 274 148 276) (262 276 273 152) (275 156 277 263 278)
 (272 264 160) (161 265 273 280) (266 274 280 168) (281 282 275 172 267)
 (276 268 280 176) (269 180 277 284 282) (270 281 284 278 184)
 (279 271 283 285 286 188) (256 32) (130 272 288) (66 288 257)
 (131 289 290 273) (34 288 258) (137 274 292 289) (259 292 73 290)
 (293 275 141 294 291) (36 288 260) (145 276 289 296) (261 292 38 296)
 (297 149 293 277 298) (81 262 290 296) (153 297 300 278 291)
 (298 263 300 85 294) (279 299 301 302 295 157) (264 288 40) (162 304 289 280)
 (67 265 290 304) (281 305 163 291 306) (42 292 304 266) (169 282 305 308 293)
 (306 267 308 77 294) (283 173 307 309 310 295) (44 268 304 296)
 (297 177 305 284 312) (298 308 269 46 312) (299 285 309 314 313 181)
 (89 306 300 270 312) (301 286 313 307 185 316) (271 93 302 310 314 316)
 (189 287 303 311 315 317 318) (256 16) (272 132 320) (33 288 320)
 (321 133 289 322) (68 257 320) (321 324 134 273) (322 69 324 290)
 (323 325 135 291 326) (17 258 320) (321 138 328 274) (322 35 292 328)
 (329 330 323 293 139) (259 324 74 328) (329 275 332 325 142)
 (330 332 326 75 294) (143 295 331 333 334 327) (18 260 320) (321 146 276 336)
 (322 336 37 296) (297 337 323 147 338) (261 19 336 328) (329 337 340 277 150)
 (330 340 338 39 298) (299 339 341 342 151 331) (336 82 324 262)
 (337 154 325 278 344) (338 83 300 326 344) (301 339 345 346 155 327)
 (340 263 332 86 344) (279 341 345 348 333 158) (302 87 342 346 348 334)
 (303 335 343 347 349 350 159) (264 20 320) (321 164 352 280) (41 322 352 304)
 (305 353 323 165 354) (265 70 324 352) (281 353 356 325 166)
 (306 71 356 326 354) (355 357 358 167 307 327) (21 266 352 328)
 (329 170 353 360 282) (330 43 308 360 354) (355 361 362 171 309 331)
 (356 267 332 78 360) (357 361 283 364 174 333) (358 79 362 364 310 334)
 (359 363 365 366 175 311 335) (22 268 352 336) (337 178 284 353 368)
 (338 368 45 354 312) (355 179 369 370 339 313) (23 340 269 368 360)
 (361 285 369 372 341 182) (362 370 372 342 47 314)
 (343 363 371 373 374 183 315) (90 368 356 270 344) (357 286 369 376 345 186)
 (358 91 370 376 346 316) (359 371 377 378 347 317 187)
 (271 364 94 372 376 348) (365 287 373 377 380 349 190)
 (366 95 318 374 378 380 350) (367 319 351 375 379 381 382 191) (256 2)
 (384 257 96) (12 384 258) (259 385 104 386) (6 384 260) (261 386 13 388)
 (385 262 388 112) (263 116 389 387 390) (3 264 384) (385 265 392 97)
 (386 392 14 266) (393 394 387 108 267) (7 388 268 392) (269 396 389 15 394)
 (270 393 396 390 120) (395 397 391 271 124 398) (272 384 192)
 (193 385 273 400) (274 386 400 200) (401 402 275 204 387) (276 400 388 208)
 (389 212 277 404 402) (401 390 404 278 216) (279 391 403 405 406 220)
 (224 280 392 400) (401 225 281 393 408) (282 402 394 408 232)
 (395 409 410 403 236 283) (404 284 408 396 240) (397 405 412 285 244 410)
 (398 409 412 286 406 248) (399 411 413 414 287 407 252) (288 384 48)
 (194 416 289 400) (98 385 290 416) (401 417 195 291 418) (50 292 416 386)
 (201 402 420 293 417) (418 387 420 105 294) (403 205 419 421 422 295)
 (52 416 388 296) (297 209 404 417 424) (298 420 389 54 424)
 (299 405 213 426 425 421) (113 418 300 390 424) (301 406 425 419 217 428)
 (391 302 422 426 428 117) (221 407 303 423 427 429 430) (56 304 392 416)
 (417 226 305 432 408) (99 418 432 393 306) (227 409 307 433 434 419)
 (58 420 308 432 394) (233 410 433 436 309 421) (395 434 436 109 422 310)
 (423 411 237 435 437 438 311) (60 312 432 396 424) (433 412 241 313 440 425)
 (314 397 436 440 426 62) (413 437 442 441 245 427 315)
 (316 398 434 440 121 428) (429 414 441 435 249 444 317)
 (399 318 438 442 444 125 430) (445 415 431 439 443 253 446 319) (24 384 320)
 (321 196 448 400) (49 322 448 416) (417 449 323 197 450) (385 100 324 448)
 (401 449 452 325 198) (418 101 452 326 450) (451 453 454 199 419 327)
 (386 448 25 328) (329 202 456 449 402) (330 51 420 456 450)
 (451 457 458 203 421 331) (387 332 456 106 452) (453 457 403 460 206 333)
 (454 458 460 422 107 334) (455 459 461 462 207 423 335) (388 26 448 336)
 (337 210 404 449 464) (338 450 53 464 424) (451 211 465 466 339 425)
 (340 389 464 27 456) (457 405 465 468 341 214) (458 55 466 468 342 426)
 (343 459 467 469 470 215 427) (114 452 464 390 344) (453 406 465 472 345 218)
 (454 466 472 346 115 428) (455 467 473 474 347 429 219)
 (391 460 468 472 348 118) (461 407 469 473 476 349 222)
 (462 430 470 474 476 350 119) (351 463 223 471 475 477 478 431)
 (28 352 392 448) (449 353 228 480 408) (57 450 432 480 354)
 (481 482 451 229 355 433) (393 102 452 356 480) (481 484 357 230 409 453)
 (482 484 454 434 103 358) (483 485 455 231 359 435 486) (394 360 29 480 456)
 (481 488 457 234 361 410) (482 488 458 436 362 59)
 (483 489 490 459 437 235 363) (395 460 488 364 484 110)
 (485 489 461 411 492 365 238) (486 490 492 462 366 438 111)
 (487 491 493 494 239 463 439 367) (368 480 30 396 464)
 (481 369 412 496 465 242) (482 370 496 466 440 61)
 (483 243 371 497 498 467 441) (397 488 372 31 496 468)
 (489 413 497 500 373 246 469) (490 498 500 470 442 63 374)
 (471 375 491 499 501 502 247 443) (484 398 472 496 376 122)
 (485 414 497 377 504 473 250) (486 504 498 378 474 123 444)
 (487 499 505 506 475 445 251 379) (476 399 492 500 504 380 126)
 (477 493 415 501 505 508 381 254) (494 478 502 506 382 508 446 127)
 (495 479 255 503 383 507 509 510 447))