(NIL NIL (1 2) NIL (2 4) (1 4) (5 3 6) NIL (4 8) (2 8) (9 5 10) (1 8) (9 6 12)
 (3 10 12) (11 13 7 14) NIL (16 8) (16 4) (17 9 18) (16 2) (17 10 20) (5 18 20)
 (19 21 11 22) (16 1) (17 12 24) (18 24 6) (25 26 19 13) (3 20 24)
 (25 28 21 14) (26 7 28 22) (27 29 15 23 30) NIL (16 32) (32 8) (17 34 33)
 (32 4) (18 36 33) (9 34 36) (35 37 19 38) (32 1) (40 33 24) (34 12 40)
 (25 41 35 42) (6 36 40) (41 26 44 37) (42 44 13 38) (27 45 43 39 46) NIL
 (48 32) (16 48) (33 50 49) (48 8) (34 52 49) (17 52 50) (35 53 54 51) (48 4)
 (36 49 56) (18 50 56) (57 58 37 51) (9 52 56) (57 60 53 38) (58 19 60 54)
 (59 61 39 55 62) (48 2) (20 50 64) (10 52 64) (65 66 21 54) (5 64 56)
 (65 58 68 22) (68 66 11 60) (67 69 62 23 70) (48 1) (72 49 40) (72 50 24)
 (41 73 51 74) (52 12 72) (73 42 76 53) (25 74 76 54) (43 77 75 55 78)
 (6 72 56) (57 73 44 80) (58 80 74 26) (81 82 59 45 75) (60 13 76 80)
 (81 77 84 61 46) (82 27 84 62 78) (47 79 83 85 86 63) (3 72 64) (65 74 28 88)
 (66 76 14 88) (89 90 67 29 78) (7 68 88 80) (89 82 92 69 30) (90 92 84 70 15)
 (71 86 91 93 94 31) NIL (96 48) (96 32) (97 49 98) (96 16) (97 50 100)
 (100 33 98) (99 101 51 102) (96 8) (52 97 104) (34 104 98) (99 105 53 106)
 (17 104 100) (101 105 108 54) (102 35 108 106) (103 109 107 55 110) (96 4)
 (112 97 56) (112 36 98) (99 57 113 114) (18 112 100) (101 58 116 113)
 (102 116 37 114) (117 103 115 59 118) (9 112 104) (105 113 60 120)
 (106 120 38 114) (121 122 107 61 115) (116 19 108 120) (121 117 124 109 62)
 (122 124 110 39 118) (111 119 123 125 126 63) (96 2) (128 97 64) (128 20 100)
 (101 65 129 130) (10 128 104) (105 66 132 129) (132 130 108 21)
 (133 67 109 131 134) (5 128 112) (113 129 68 136) (130 116 22 136)
 (137 69 131 117 138) (136 11 132 120) (121 137 140 133 70)
 (140 138 124 134 23) (125 71 135 139 141 142) (96 1) (144 97 72) (40 144 98)
 (99 73 145 146) (24 144 100) (101 74 148 145) (41 102 148 146)
 (147 103 149 75 150) (12 144 104) (105 145 76 152) (106 146 152 42)
 (153 154 107 77 147) (25 108 148 152) (153 149 156 109 78)
 (154 43 156 110 150) (111 151 155 157 158 79) (6 144 112) (113 145 160 80)
 (114 44 160 146) (81 161 115 147 162) (26 116 148 160) (161 82 164 117 149)
 (162 164 45 118 150) (119 151 83 163 165 166) (152 13 160 120)
 (121 153 84 161 168) (122 162 168 46 154) (123 163 85 169 170 155)
 (27 124 168 156 164) (125 157 165 86 169 172) (47 126 158 166 170 172)
 (87 159 127 167 171 173 174) (3 144 128) (129 145 176 88) (130 28 148 176)
 (89 177 131 149 178) (132 14 176 152) (153 90 180 133 177)
 (178 156 29 134 180) (179 181 182 157 135 91) (7 160 176 136)
 (137 161 92 177 184) (138 164 184 30 178) (179 185 186 165 139 93)
 (140 180 184 15 168) (181 185 188 169 141 94) (182 186 188 172 142 31)
 (183 187 189 190 143 173 95) NIL (192 96) (192 32) (194 193 98) (192 16)
 (193 196 100) (194 196 33) (102 195 197 198) (192 8) (193 200 104)
 (194 200 34) (201 106 195 202) (17 196 200) (201 204 108 197) (202 35 204 198)
 (203 205 110 199 206) (192 4) (193 208 112) (194 36 208) (209 114 195 210)
 (18 196 208) (209 212 116 197) (210 212 37 198) (211 213 118 199 214)
 (9 208 200) (201 209 216 120) (202 216 38 210) (217 122 203 211 218)
 (212 19 204 216) (217 213 220 124 205) (218 220 206 39 214)
 (126 207 215 219 221 222) (192 2) (193 224 128) (20 196 224) (225 130 197 226)
 (10 224 200) (201 225 132 228) (226 204 21 228) (229 227 205 134 230)
 (5 224 208) (209 225 232 136) (226 212 22 232) (233 138 227 213 234)
 (11 228 232 216) (217 233 140 229 236) (234 220 236 230 23)
 (231 235 237 238 221 142) (192 1) (193 240 144) (194 240 40) (241 146 195 242)
 (196 240 24) (241 148 197 244) (41 242 244 198) (243 245 150 199 246)
 (12 240 200) (201 241 248 152) (202 242 248 42) (249 154 203 243 250)
 (25 204 248 244) (249 245 156 205 252) (250 43 252 206 246)
 (158 207 247 251 253 254) (6 240 208) (209 241 256 160) (210 44 256 242)
 (257 162 211 243 258) (26 212 256 244) (257 245 164 213 260)
 (258 260 45 214 246) (259 261 215 166 247 262) (248 13 256 216)
 (217 249 264 257 168) (218 264 258 46 250) (259 265 266 170 219 251)
 (260 264 27 220 252) (261 265 221 268 172 253) (262 47 266 268 254 222)
 (263 267 269 270 223 174 255) (3 240 224) (225 241 272 176) (272 226 28 244)
 (273 178 227 245 274) (272 228 14 248) (249 273 180 229 276)
 (276 274 252 29 230) (182 231 275 277 278 253) (272 7 256 232)
 (233 257 280 273 184) (280 234 260 30 274) (261 186 235 275 281 282)
 (276 280 236 15 264) (265 188 237 277 281 284) (268 238 278 282 284 31)
 (269 190 239 279 283 285 286))