(NIL NIL (1 2) NIL (1 4) NIL (6 4) (6 2) (6 1) (7 5 9) (8 3 9) NIL (6 12)
 (12 4) (7 14 13) (12 2) (8 16 13) (12 1) (9 13 18) (14 18 5) (15 10 19 20)
 (3 16 18) (22 17 11 19) NIL (12 24) (6 24) (13 25 26) (24 4) (14 28 25)
 (7 28 26) (15 29 30 27) (24 2) (16 32 25) (8 32 26) (17 33 34 27) (24 1)
 (36 25 18) (9 36 26) (37 19 27 38) (36 5 28) (37 40 29 20) (40 10 30 38)
 (21 41 39 31 42) (3 36 32) (22 44 33 37) (44 11 34 38) (23 45 39 35 46) NIL
 (48 24) (48 12) (25 50 49) (48 6) (26 49 52) (13 50 52) (53 54 27 51) (48 4)
 (28 49 56) (14 50 56) (57 58 29 51) (7 56 52) (53 57 60 30) (54 15 60 58)
 (55 61 59 31 62) (48 2) (32 49 64) (16 50 64) (65 66 33 51) (8 64 52)
 (53 65 68 34) (54 17 68 66) (55 69 67 35 70) (48 1) (36 49 72) (72 50 18)
 (73 74 37 51) (9 72 52) (53 73 76 38) (54 76 19 74) (55 77 75 39 78) (5 72 56)
 (57 73 80 40) (74 58 80 20) (41 81 59 75 82) (10 60 76 80) (81 42 77 84 61)
 (21 82 84 62 78) (79 83 85 86 63 43) (3 72 64) (65 73 44 88) (74 66 88 22)
 (89 90 67 45 75) (68 11 76 88) (89 77 92 69 46) (90 23 92 70 78)
 (79 71 91 93 94 47) NIL (96 48) (96 24) (97 49 98) (96 12) (97 50 100)
 (100 25 98) (99 101 51 102) (96 6) (104 97 52) (104 26 98) (99 53 105 106)
 (104 13 100) (101 54 105 108) (102 106 27 108) (109 110 103 55 107) (96 2)
 (112 97 64) (112 32 98) (99 65 113 114) (16 112 100) (101 66 116 113)
 (102 116 33 114) (117 103 115 67 118) (8 104 112) (113 68 105 120)
 (114 120 106 34) (121 122 115 69 107) (120 17 116 108) (109 121 124 117 70)
 (110 124 118 35 122) (111 71 119 123 125 126) (96 1) (97 128 72) (36 128 98)
 (99 73 129 130) (128 18 100) (101 74 129 132) (102 132 37 130)
 (103 133 75 131 134) (9 104 128) (129 76 105 136) (130 136 106 38)
 (137 138 131 77 107) (132 136 19 108) (109 137 140 133 78)
 (110 140 134 39 138) (111 141 142 79 139 135) (3 128 112) (113 129 144 88)
 (114 44 144 130) (89 145 115 131 146) (22 116 132 144) (145 90 133 148 117)
 (146 148 45 118 134) (147 149 150 91 119 135) (136 11 144 120)
 (121 137 92 145 152) (122 152 46 146 138) (139 147 153 154 93 123)
 (148 23 124 140 152) (141 149 153 156 94 125) (142 150 154 156 126 47)
 (143 151 155 157 158 95 127) NIL (160 48) (160 24) (162 161 49) (160 6)
 (164 161 52) (162 164 26) (53 163 165 166) (160 4) (168 161 56) (162 28 168)
 (57 169 163 170) (7 164 168) (169 172 60 165) (170 172 166 30)
 (173 171 61 174 167) (160 2) (176 161 64) (162 32 176) (65 177 163 178)
 (8 164 176) (177 180 68 165) (178 180 166 34) (181 179 69 182 167))