(NIL NIL (1 2) NIL (2 4) (1 4) (3 5 6) NIL (4 8) NIL (10 8) (4 10) (11 9 12)
 (2 10) (5 12 14) (1 10) (16 12 6) (3 14 16) (17 18 7 15) NIL (10 20) (4 20)
 (21 12 22) (2 20) (21 14 24) (24 5 22) (23 25 15 26) (1 20) (28 21 16)
 (28 6 22) (23 17 29 30) (28 3 24) (25 18 29 32) (26 30 7 32) (33 34 27 19 31)
 NIL (36 20) (10 36) (21 38 37) (36 8) (11 40 38) (2 36) (42 37 24) (42 38 14)
 (25 43 44 39) (1 36) (46 28 37) (46 38 16) (47 29 48 39) (46 42 3)
 (47 50 43 32) (18 50 44 48) (33 51 49 45 52) NIL (54 20) (54 10) (56 21 55)
 (54 8) (11 58 56) (54 4) (60 22 55) (60 12 56) (57 23 61 62) (60 58 9)
 (62 59 64 13) (54 2) (66 24 55) (66 14 56) (57 25 67 68) (60 5 66)
 (67 26 61 70) (68 70 62 15) (71 27 63 69 72) (54 1) (74 28 55) (74 16 56)
 (57 75 29 76) (60 74 6) (61 75 30 78) (17 62 76 78) (79 80 63 77 31) (74 3 66)
 (67 82 75 32) (68 82 76 18) (33 69 83 84 77) (70 82 7 78) (79 34 83 71 86)
 (80 19 86 72 84) (81 85 87 88 73 35) NIL (90 54) (90 36) (90 20) (93 91 55)
 (93 92 37) (90 10) (96 91 56) (96 92 38) (93 96 21) (57 94 97 99)
 (95 98 99 39) (90 8) (91 58 102) (40 92 102) (11 96 102) (105 97 59 103)
 (105 41 98 104) (90 4) (60 91 108) (93 108 22) (109 94 61 110) (96 12 108)
 (109 112 97 62) (23 110 112 99) (113 111 63 100 114) (9 102 108)
 (109 64 103 116) (105 112 13 116) (117 106 113 65 118) (90 2) (91 120 66)
 (42 92 120) (93 120 24) (67 94 123 121) (122 95 43 123) (96 14 120)
 (121 68 97 126) (122 98 44 126) (25 123 99 126) (129 69 124 100 127)
 (129 125 45 101 128) (120 5 108) (109 121 132 70) (110 123 132 26)
 (133 111 124 71 134) (132 112 126 15) (133 113 72 127 136)
 (129 27 136 114 134) (137 138 73 115 130 135) (90 1) (91 74 140) (46 92 140)
 (93 28 140) (94 141 75 143) (95 47 142 143) (96 140 16) (146 97 141 76)
 (146 98 48 142) (29 99 143 146) (147 149 100 77 144) (145 148 149 49 101)
 (140 6 108) (109 152 141 78) (110 30 143 152) (79 153 111 154 144)
 (17 146 112 152) (153 80 147 156 113) (154 156 149 114 31)
 (81 150 115 155 157 158) (140 3 120) (121 82 141 160) (122 160 142 50)
 (123 160 143 32) (161 163 124 83 144) (51 145 163 125 162) (18 160 126 146)
 (161 147 84 127 166) (52 148 166 162 128) (129 33 163 149 166)
 (164 167 85 169 150 130) (165 168 169 151 131 53) (132 160 7 152)
 (153 161 172 133 86) (34 163 172 134 154) (164 87 173 174 155 135)
 (172 19 156 166 136) (137 167 88 173 176 157) (138 169 174 176 35 158)
 (139 170 89 175 177 178 159))