(NIL NIL NIL (1 3) NIL (3 5) (2 5) (1 5) (6 4 8) NIL (5 10) (2 10) (11 7 12)
 (1 10) (11 8 14) NIL (10 16) (5 16) (17 11 18) (3 16) (6 18 20) (2 16)
 (17 12 22) (7 18 22) (19 23 13 24) (1 16) (17 14 26) (18 26 8) (19 15 27 28)
 (4 20 26) (30 21 9 28) NIL (32 16) (32 10) (33 17 34) (32 5) (33 18 36)
 (11 34 36) (35 37 19 38) (32 3) (33 20 40) (6 40 36) (41 21 37 42) (32 2)
 (33 22 44) (34 44 12) (45 46 35 23) (7 36 44) (45 48 37 24) (46 13 48 38)
 (47 49 25 39 50) (32 1) (33 52 26) (52 34 14) (35 53 54 27) (52 8 36)
 (53 56 37 28) (56 15 38 54) (29 57 55 39 58) (4 52 40) (30 60 41 53)
 (9 60 42 56) (57 31 61 62 43) NIL (64 32) (64 16) (33 66 65) (64 10)
 (34 68 65) (17 66 68) (67 69 35 70) (64 5) (36 65 72) (66 72 18) (73 74 67 37)
 (11 68 72) (73 76 69 38) (74 19 76 70) (75 77 39 71 78) (64 3) (40 65 80)
 (66 80 20) (81 82 67 41) (6 80 72) (73 81 84 42) (74 21 84 82)
 (75 85 83 43 86) (64 2) (88 65 44) (66 22 88) (45 89 67 90) (12 68 88)
 (89 46 92 69) (90 92 23 70) (47 93 91 71 94) (7 88 72) (73 89 48 96)
 (74 96 24 90) (97 98 75 49 91) (92 13 76 96) (97 93 100 77 50)
 (98 100 78 25 94) (79 95 99 101 102 51) (64 1) (52 65 104) (66 26 104)
 (105 106 67 53) (14 68 104) (105 108 69 54) (106 108 70 27)
 (107 109 55 71 110) (8 104 72) (73 105 112 56) (106 74 112 28)
 (57 113 75 107 114) (76 15 108 112) (113 58 109 116 77) (29 114 116 78 110)
 (59 79 111 115 117 118) (4 104 80) (81 105 60 120) (106 82 120 30)
 (121 122 83 61 107) (9 84 120 112) (113 121 124 85 62) (114 31 124 86 122)
 (63 115 123 125 126 87) NIL (128 64) (128 32) (129 65 130) (128 16)
 (66 129 132) (33 132 130) (67 133 134 131) (128 5) (129 136 72) (36 130 136)
 (73 137 131 138) (18 132 136) (137 74 140 133) (138 140 37 134)
 (75 141 139 135 142) (128 3) (129 144 80) (40 130 144) (81 145 131 146)
 (20 132 144) (145 82 148 133) (146 148 41 134) (83 149 147 135 150)
 (6 144 136) (137 145 84 152) (138 152 42 146) (153 154 139 85 147)
 (148 21 140 152) (153 149 156 141 86) (154 156 142 43 150)
 (151 155 157 158 143 87) (128 1) (129 160 104) (52 130 160) (105 161 131 162)
 (132 26 160) (161 106 164 133) (162 164 53 134) (107 165 163 135 166)
 (8 160 136) (137 161 168 112) (138 168 162 56) (113 169 139 163 170)
 (168 140 164 28) (169 114 165 141 172) (57 170 172 142 166)
 (167 171 173 174 143 115) (4 160 144) (145 161 176 120) (146 60 176 162)
 (121 177 147 163 178) (30 148 164 176) (177 122 165 149 180)
 (178 180 61 150 166) (151 167 179 181 182 123) (9 168 176 152)
 (153 169 124 177 184) (154 184 62 178 170) (155 179 185 186 125 171)
 (180 31 156 172 184) (157 173 181 185 188 126) (63 158 174 182 186 188)
 (159 175 183 187 189 190 127))