(NIL NIL NIL (2 3) (1 3) NIL (6 3) (2 6) (7 4 8) (6 1) (7 5 10) NIL (6 12)
 (3 12) (7 14 13) (2 12) (13 8 16) (14 4 16) (17 18 15 9) (1 12) (10 20 13)
 (5 14 20) (15 21 11 22) NIL (12 24) (3 24) (25 14 26) (2 24) (25 28 16)
 (28 26 4) (18 27 30 29) (1 24) (25 20 32) (5 26 32) (33 34 27 22) NIL (36 24)
 (2 36) (37 28 38) (36 1) (37 40 32) NIL (42 36) (42 24) (37 44 43) (42 12)
 (25 44 46) (42 6) (46 13 48) (42 3) (44 26 50) (46 50 14) (47 27 51 52)
 (7 48 50) (54 15 49 52) (42 2) (56 43 38) (44 28 56) (39 45 58 57) (46 56 16)
 (47 58 29 60) (56 48 8) (17 60 49 62) (56 4 50) (64 58 30 51) (18 64 60 52)
 (53 65 66 61 31) (54 64 9 62) (63 55 66 19 68) (42 1) (40 43 70) (44 70 32)
 (45 41 71 72) (46 20 70) (33 74 47 72) (10 48 70) (74 76 21 49) (5 50 70)
 (34 78 51 72) (74 22 78 52) (53 35 75 79 80) (54 11 76 78) (82 55 77 23 80)
 NIL (84 42) (84 36) (85 43 86) (84 24) (44 85 88) (37 88 86) (45 89 90 87)
 (84 2) (56 85 92) (92 86 38) (93 94 57 87) (28 88 92) (93 96 58 89)
 (39 94 96 90) (97 95 59 98 91) (84 1) (85 100 70) (100 40 86) (101 71 87 102)
 (100 88 32) (101 104 89 72) (104 41 90 102) (73 105 103 91 106))