(NIL NIL (1 2) NIL (1 4) NIL (4 6) (2 6) (1 6) (7 5 9) (3 8 9) NIL (6 12)
 (4 12) (7 13 14) (1 12) (16 13 9) (16 14 5) (17 18 15 10) NIL (12 20) (6 20)
 (13 21 22) (4 20) (21 14 24) (7 22 24) (25 26 15 23) (2 20) (8 22 28) (1 20)
 (16 21 30) (22 9 30) (17 31 23 32) (5 30 24) (25 34 18 31) (26 32 34 10)
 (33 27 36 19 35) (3 28 30) (11 38 29 32) NIL (40 20) (40 12) (21 42 41) (40 6)
 (22 41 44) (13 42 44) (45 46 23 43) (40 4) (48 41 24) (48 42 14) (25 49 50 43)
 (48 7 44) (45 26 49 52) (46 50 15 52) (53 54 47 27 51) (40 2) (28 41 56)
 (56 8 44) (45 57 29 58) (40 1) (30 41 60) (16 42 60) (61 62 31 43) (60 9 44)
 (45 61 64 32) (46 17 64 62) (33 47 65 63 66) (48 5 60) (61 34 49 68)
 (62 18 50 68) (69 70 35 63 51) (64 68 10 52) (53 69 36 65 72) (54 72 19 66 70)
 (67 71 73 74 55 37) (60 3 56) (57 61 38 76) (11 58 64 76) (77 78 59 65 39) NIL
 (80 40) (80 20) (81 41 82) (80 12) (81 42 84) (84 21 82) (83 85 43 86) (80 6)
 (88 81 44) (88 22 82) (83 45 89 90) (88 13 84) (85 46 89 92) (86 90 23 92)
 (93 94 87 47 91) (80 4) (48 81 96) (96 24 82) (83 97 49 98) (96 14 84)
 (85 97 50 100) (25 86 98 100) (101 102 87 99 51) (96 88 7) (97 104 89 52)
 (26 104 90 98) (53 105 99 91 106) (104 100 15 92) (93 54 108 105 101)
 (94 27 108 106 102) (109 110 95 55 103 107) (80 1) (112 81 60) (112 30 82)
 (83 61 113 114) (16 112 84) (85 62 113 116) (86 114 31 116)
 (117 118 87 63 115) (112 88 9) (120 113 64 89) (120 114 90 32)
 (121 65 115 91 122) (120 17 116 92) (93 117 121 66 124) (33 94 124 122 118)
 (125 126 95 67 119 123) (112 96 5) (113 128 97 68) (34 128 98 114)
 (69 129 115 99 130) (116 18 128 100) (101 70 129 117 132) (102 35 132 130 118)
 (131 133 134 71 103 119) (120 104 128 10) (121 129 72 105 136)
 (130 36 136 106 122) (131 73 137 138 107 123) (136 124 19 132 108)
 (109 125 133 137 74 140) (110 126 134 138 140 37) (111 135 127 139 141 142 75)
 NIL (144 40) (144 20) (146 145 41) (144 1) (148 145 60) (146 148 30)
 (61 147 149 150))