(NIL NIL (1 2) NIL NIL (4 5) (2 5) (1 5) (3 8 7) NIL (5 10) (2 10) (11 7 12)
 (1 10) (11 8 14) (3 14 12) (9 15 16 13) NIL (10 18) (5 18) (19 11 20) (1 18)
 (19 22 14) (22 20 8) (23 21 24 15) NIL (26 18) (26 10) (27 19 28) (26 4)
 (26 2) (31 28 12) (1 26) (27 22 33) (33 28 14) (23 29 34 35) (31 3 33)
 (37 32 35 16) NIL (39 26) (39 18) (27 41 40) (39 10) (28 43 40) (19 41 43)
 (42 44 29 45) (39 4) (30 47 40) (39 2) (31 49 40) (49 43 12) (32 50 44 51)
 (1 39) (33 53 40) (22 41 53) (42 54 55 34) (53 43 14) (54 44 57 35)
 (23 55 45 57) (59 58 56 46 36) (3 49 53) (37 54 50 61) (61 51 57 16)
 (38 62 63 52 58) NIL (65 39) (65 26) (66 40 67) (65 18) (41 66 69) (27 69 67)
 (42 70 71 68) (65 10) (66 43 73) (28 67 73) (74 75 44 68) (19 69 73)
 (74 77 70 45) (75 29 77 71) (76 78 46 72 79) (65 5) (20 69 81) (11 81 73)
 (21 77 82 83) (65 2) (66 49 85) (31 67 85) (87 50 68 86) (85 12 73)
 (74 89 51 86) (87 75 89 32) (88 76 90 91 52) (81 7 85) (89 83 93 13) (65 1)
 (66 53 95) (33 67 95) (97 54 68 96) (22 69 95) (55 99 70 96) (97 99 71 34)
 (98 100 101 56 72) (14 95 73) (74 103 57 96) (97 75 103 35) (105 98 76 104 58)
 (23 99 77 103) (59 107 100 78 104) (105 107 101 79 36) (102 106 108 109 60 80)
 (8 81 95) (24 82 99 111) (111 83 103 15) (113 107 25 84 112) (3 95 85)
 (61 96 115 86) (87 37 115 97) (116 88 62 117 98) (89 115 103 16)
 (116 90 63 119 104) (105 38 91 119 117) (106 64 118 120 121 92) (115 9 111 93)
 (113 123 17 119 94))