(() () () () (1 2 ) (2 4 ) (1 2 ) (2 3 ) (1 2 ) (2 4 ) 
(1 2 ) (2 3 ) (3 4 ) (1 2 ) (2 3 ) (3 4 ) (1 2 ) (2 3 ) (1 2 ) (2 4 ) 
(1 4 ) (1 2 ) (2 4 ) (1 2 ) (2 3 ) (1 3 ) (3 4 ) (1 2 ) (5 7 ) (5 9 ) 
(5 14 ) (5 17 ) (5 19 ) (5 6 21 ) (5 10 21 ) (5 8 16 21 ) (5 15 16 21 ) (5 16 18 21 ) (5 16 21 25 ) (5 20 21 ) 
(5 21 23 ) (5 22 ) (5 24 ) (5 16 21 28 ) (5 7 ) (5 9 ) (5 11 ) (5 14 ) (5 17 ) (5 19 ) 
(5 6 21 ) (5 10 21 ) (5 8 13 21 ) (5 12 13 21 ) (5 13 15 21 ) (13 16 ) (5 13 18 21 ) (5 13 21 25 ) (13 21 26 ) (13 27 ) 
(5 20 21 ) (5 21 23 ) (5 22 ) (5 24 ) (5 13 21 28 ) (5 7 ) (5 9 ) (5 11 ) (5 14 ) (5 17 ) 
(5 19 ) (5 6 21 ) (5 10 21 ) (5 8 13 21 ) (5 12 13 21 ) (5 13 15 21 ) (13 16 ) (5 13 18 21 ) (5 13 21 25 ) (13 21 26 ) 
(13 27 ) (5 20 21 ) (5 21 23 ) (5 22 ) (5 24 ) (5 13 21 28 ) (5 7 ) (5 9 ) (5 14 ) (5 17 ) 
(5 6 21 ) (5 10 21 ) (5 8 16 21 ) (5 15 16 21 ) (5 16 18 21 ) (5 16 21 25 ) (5 21 23 ) (5 22 ) (5 16 21 24 ) (5 7 ) 
(5 9 ) (5 11 ) (5 14 ) (5 17 ) (5 19 ) (5 6 21 ) (5 10 21 ) (5 8 13 21 ) (5 12 13 21 ) (5 13 15 21 ) 
(13 16 ) (5 13 18 21 ) (5 13 21 25 ) (13 21 26 ) (13 27 ) (5 20 21 ) (5 21 23 ) (5 22 ) (5 24 ) (5 13 21 28 ) 
(7 9 ) (7 11 ) (7 14 ) (7 17 ) (7 19 ) (7 10 21 ) (7 8 13 21 ) (7 12 13 21 ) (7 13 15 21 ) (13 16 ) 
(7 13 18 21 ) (7 13 21 25 ) (13 21 26 ) (13 27 ) (7 20 21 ) (7 21 23 ) (7 22 ) (7 13 21 24 ) (5 7 ) (5 9 ) 
(5 11 ) (5 17 ) (5 19 ) (5 6 21 ) (5 10 21 ) (5 8 13 21 ) (5 12 13 21 ) (5 13 18 21 ) (5 13 21 25 ) (13 21 26 ) 
(13 27 ) (5 20 21 ) (5 13 21 24 ) (5 7 ) (5 9 ) (5 11 ) (5 14 ) (5 17 ) (5 19 ) (5 6 21 ) 
(5 10 21 ) (5 8 13 21 ) (5 12 13 21 ) (5 13 15 21 ) (13 16 ) (5 13 18 21 ) (5 13 21 25 ) (13 21 26 ) (13 27 ) (5 20 21 ) 
(5 21 23 ) (5 22 ) (5 24 ) (5 13 21 28 ) (5 7 ) (5 9 ) (5 11 ) (5 14 ) (5 17 ) (5 19 ) 
(5 6 21 ) (5 10 21 ) (5 8 13 21 ) (5 12 13 21 ) (5 13 15 21 ) (13 16 ) (5 13 18 21 ) (5 13 21 25 ) (13 21 26 ) (13 27 ) 
(5 20 21 ) (5 21 23 ) (5 22 ) (5 24 ) (5 13 21 28 ) )