(() () () () () () () () () () 
() () () (1 2 ) (2 3 ) (3 4 ) (4 5 ) (5 6 ) (6 7 ) (7 8 ) 
(8 9 ) (9 10 ) (10 11 ) (11 13 ) (1 2 ) (2 4 ) (4 5 ) (5 6 ) (6 7 ) (7 9 ) 
(9 10 ) (10 11 ) (11 12 ) (1 2 ) (2 3 ) (3 4 ) (4 5 ) (5 6 ) (6 7 ) (7 8 ) 
(8 9 ) (9 10 ) (10 11 ) (11 12 ) (12 13 ) (1 2 ) (2 3 ) (3 4 ) (4 5 ) (5 6 ) 
(6 7 ) (7 8 ) (8 9 ) (9 10 ) (10 11 ) (11 12 ) (12 13 ) (14 25 ) (14 34 ) (14 46 ) 
(15 16 26 ) (24 33 45 ) (24 44 45 ) (24 45 56 ) (45 57 ) (23 32 ) (23 43 ) (23 55 ) (22 31 ) (22 42 ) 
(22 54 ) (20 21 30 ) (21 41 ) (21 53 ) (20 40 ) (20 52 ) (19 29 ) (19 39 ) (19 51 ) (18 28 ) 
(18 38 ) (18 50 ) (17 27 ) (17 37 ) (17 49 ) (15 26 36 ) (15 26 48 ) (15 35 ) (14 15 17 18 19 20 21 22 23 24 26 45 47 ) (14 25 ) 
(14 34 ) (14 46 ) (15 16 26 ) (24 33 45 ) (24 44 45 ) (24 45 56 ) (45 57 ) (23 32 ) (23 43 ) (23 55 ) 
(22 31 ) (22 42 ) (22 54 ) (20 21 30 ) (21 41 ) (21 53 ) (20 40 ) (20 52 ) (19 29 ) (19 39 ) 
(19 51 ) (18 28 ) (18 38 ) (18 50 ) (17 27 ) (17 37 ) (17 49 ) (15 26 36 ) (15 26 48 ) (15 35 ) 
(14 15 17 18 19 20 21 22 23 24 26 45 47 ) (14 25 ) (14 46 ) (15 16 26 ) (24 33 57 ) (24 56 57 ) (23 32 ) (23 55 ) (22 31 ) (22 54 ) 
(20 21 30 ) (21 53 ) (20 52 ) (19 29 ) (19 51 ) (18 28 ) (18 50 ) (17 27 ) (17 49 ) (15 26 48 ) 
(14 15 17 18 19 20 21 22 23 24 26 47 57 ) (14 25 ) (14 34 ) (14 46 ) (15 16 26 ) (24 33 45 ) (24 44 45 ) (24 45 56 ) (45 57 ) (23 32 ) 
(23 43 ) (23 55 ) (22 31 ) (22 42 ) (22 54 ) (20 21 30 ) (21 41 ) (21 53 ) (20 40 ) (20 52 ) 
(19 29 ) (19 39 ) (19 51 ) (18 28 ) (18 38 ) (18 50 ) (17 27 ) (17 37 ) (17 49 ) (15 26 36 ) 
(15 26 48 ) (15 35 ) (14 15 17 18 19 20 21 22 23 24 26 45 47 ) (14 34 ) (14 46 ) (15 35 ) (15 47 ) (16 36 ) (16 48 ) (17 37 ) 
(17 49 ) (18 38 ) (18 50 ) (19 39 ) (19 51 ) (20 40 ) (20 52 ) (21 41 ) (21 53 ) (22 42 ) 
(22 54 ) (23 43 ) (23 55 ) (24 44 45 ) (44 56 ) (14 15 16 17 18 19 20 21 22 23 24 44 57 ) (14 34 ) (14 46 ) (15 35 ) (15 47 ) 
(16 36 ) (16 48 ) (17 37 ) (17 49 ) (18 38 ) (18 50 ) (19 39 ) (19 51 ) (20 40 ) (20 52 ) 
(21 41 ) (21 53 ) (22 42 ) (22 54 ) (23 43 ) (23 55 ) (24 44 45 ) (44 56 ) (14 15 16 17 18 19 20 21 22 23 24 44 57 ) (14 25 ) 
(14 34 ) (14 46 ) (15 16 26 ) (24 33 45 ) (24 44 45 ) (24 45 56 ) (45 57 ) (23 32 ) (23 43 ) (23 55 ) 
(22 31 ) (22 42 ) (22 54 ) (20 21 30 ) (21 41 ) (21 53 ) (20 40 ) (20 52 ) (19 29 ) (19 39 ) 
(19 51 ) (18 28 ) (18 38 ) (18 50 ) (17 27 ) (17 37 ) (17 49 ) (15 26 36 ) (15 26 48 ) (15 35 ) 
(14 15 17 18 19 20 21 22 23 24 26 45 47 ) (14 25 ) (14 34 ) (14 46 ) (15 16 26 ) (24 33 45 ) (24 44 45 ) (24 45 56 ) (45 57 ) (23 32 ) 
(23 43 ) (23 55 ) (22 31 ) (22 42 ) (22 54 ) (20 21 30 ) (21 41 ) (21 53 ) (20 40 ) (20 52 ) 
(19 29 ) (19 39 ) (19 51 ) (18 28 ) (18 38 ) (18 50 ) (17 27 ) (17 37 ) (17 49 ) (15 26 36 ) 
(15 26 48 ) (15 35 ) (14 15 17 18 19 20 21 22 23 24 26 45 47 ) )