(() () () () () () (1 2 ) (2 4 ) (4 5 ) (1 3 ) 
(3 5 ) (5 6 ) (2 3 ) (3 4 ) (4 5 ) (5 6 ) (2 3 ) (3 4 ) (4 5 ) (5 6 ) 
(7 8 9 10 11 ) (9 11 14 ) (9 15 ) (9 11 18 ) (9 19 ) (12 16 ) (12 20 ) (7 10 13 ) (7 9 10 11 12 17 ) (7 8 9 10 11 ) 
(9 11 14 ) (9 15 ) (12 16 ) (7 9 10 11 12 13 ) (7 8 9 10 11 ) (9 11 14 ) (9 15 ) (12 16 ) (7 9 10 11 12 13 ) (7 8 9 10 11 ) 
(9 11 14 ) (9 15 ) (9 11 18 ) (9 19 ) (12 16 ) (12 20 ) (7 10 13 ) (7 9 10 11 12 17 ) (7 8 9 10 11 ) (9 11 18 ) 
(9 19 ) (12 20 ) (7 9 10 11 12 17 ) (7 8 9 10 11 ) (9 11 14 ) (9 15 ) (9 11 18 ) (9 19 ) (12 16 ) (12 20 ) 
(7 10 13 ) (7 9 10 11 12 17 ) (8 17 18 ) (7 8 9 17 19 20 ) (7 8 9 10 11 ) (9 11 18 ) (9 19 ) (12 20 ) (7 9 10 11 12 17 ) (7 8 9 10 11 ) 
(9 11 14 ) (9 15 ) (9 11 18 ) (9 19 ) (12 16 ) (12 20 ) (7 10 13 ) (7 9 10 11 12 17 ) (11 18 19 ) (10 11 12 17 18 20 ) 
(7 8 9 10 11 ) (9 11 14 ) (9 15 ) (9 11 18 ) (9 19 ) (12 16 ) (12 20 ) (7 10 13 ) (7 9 10 11 12 17 ) (7 8 9 10 11 ) 
(9 11 14 ) (9 15 ) (9 11 18 ) (9 19 ) (12 16 ) (12 20 ) (7 10 13 ) (7 9 10 11 12 17 ) (7 8 9 10 11 ) (9 11 14 ) 
(9 15 ) (9 11 18 ) (9 19 ) (12 16 ) (12 20 ) (7 10 13 ) (7 9 10 11 12 17 ) (7 8 9 10 11 ) (9 11 14 ) (9 15 ) 
(9 11 18 ) (9 19 ) (12 16 ) (12 20 ) (7 10 13 ) (7 9 10 11 12 17 ) (7 8 9 10 11 ) (9 11 14 ) (9 15 ) (9 11 18 ) 
(9 19 ) (12 16 ) (12 20 ) (7 10 13 ) (7 9 10 11 12 17 ) )