(() () () (1 2 ) (2 3 ) (1 2 ) (2 3 ) (1 2 ) (2 3 ) (2 3 ) 
(1 2 ) (2 3 ) (1 2 ) (2 3 ) (1 2 ) (2 3 ) (4 6 ) (4 8 ) (4 11 ) (4 13 ) 
(4 15 ) (5 7 ) (5 9 ) (5 10 ) (5 12 ) (5 14 ) (4 5 16 ) (6 11 ) (7 10 ) (6 7 12 ) 
(6 8 ) (6 11 ) (6 13 ) (6 15 ) (7 9 ) (7 10 ) (7 12 ) (7 14 ) (6 7 16 ) (4 8 ) 
(4 11 ) (4 13 ) (4 15 ) (5 9 ) (5 10 ) (5 12 ) (5 14 ) (4 5 16 ) (4 6 ) (4 8 ) 
(4 13 ) (4 15 ) (5 7 ) (5 9 ) (5 10 ) (5 14 ) (4 5 16 ) (4 6 ) (4 8 ) (4 11 ) 
(4 15 ) (5 7 ) (5 9 ) (5 10 ) (5 12 ) (4 5 16 ) (4 6 ) (4 8 ) (4 11 ) (4 13 ) 
(4 15 ) (5 7 ) (5 9 ) (5 10 ) (5 12 ) (5 14 ) (4 5 16 ) (4 11 ) (4 13 ) (4 15 ) 
(5 10 ) (5 12 ) (5 14 ) (4 5 16 ) (4 6 ) (4 8 ) (4 11 ) (4 13 ) (4 15 ) (5 7 ) 
(5 9 ) (5 10 ) (5 12 ) (5 14 ) (4 5 16 ) (6 8 ) (6 13 ) (6 15 ) (7 9 ) (7 10 ) 
(7 14 ) (6 7 16 ) (4 6 ) (4 8 ) (4 13 ) (4 15 ) (5 7 ) (5 9 ) (5 14 ) (4 5 16 ) 
(6 8 ) (6 11 ) (6 13 ) (6 15 ) (7 9 ) (7 10 ) (7 12 ) (7 14 ) (6 7 16 ) (4 11 ) 
(4 15 ) (5 10 ) (5 12 ) (4 5 16 ) (4 6 ) (4 8 ) (4 11 ) (4 13 ) (4 15 ) (5 7 ) 
(5 9 ) (5 10 ) (5 12 ) (5 14 ) (4 5 16 ) (6 8 ) (6 11 ) (6 13 ) (6 15 ) (7 9 ) 
(7 10 ) (7 12 ) (7 14 ) (6 7 16 ) )