(() () () () () () () () (1 2 ) (2 3 ) 
(3 4 ) (4 5 ) (5 6 ) (6 7 ) (7 8 ) (1 2 ) (2 3 ) (3 4 ) (4 5 ) (5 6 ) 
(6 7 ) (7 8 ) (1 2 ) (2 3 ) (3 5 ) (5 6 ) (6 7 ) (7 8 ) (16 23 ) (17 24 ) 
(18 19 25 ) (20 26 ) (21 27 ) (16 17 18 20 21 22 25 28 ) (9 16 ) (9 23 ) (10 17 ) (10 24 ) (11 18 ) (11 12 25 ) 
(15 22 ) (15 28 ) (14 21 ) (14 27 ) (13 20 ) (13 26 ) (9 10 11 13 14 15 19 25 ) (9 16 ) (9 23 ) (10 17 ) 
(10 24 ) (11 18 ) (11 12 25 ) (15 22 ) (15 28 ) (14 21 ) (14 27 ) (13 20 ) (13 26 ) (9 10 11 13 14 15 19 25 ) 
(16 23 ) (17 24 ) (18 19 25 ) (20 26 ) (21 27 ) (16 17 18 20 21 22 25 28 ) (9 16 ) (9 23 ) (10 17 ) (10 24 ) 
(11 18 ) (11 12 25 ) (15 22 ) (15 28 ) (14 21 ) (14 27 ) (13 20 ) (13 26 ) (9 10 11 13 14 15 19 25 ) (9 16 ) 
(9 23 ) (10 17 ) (10 24 ) (11 18 ) (11 12 25 ) (15 22 ) (15 28 ) (14 21 ) (14 27 ) (13 20 ) 
(13 26 ) (9 10 11 13 14 15 19 25 ) (9 16 ) (9 23 ) (10 17 ) (10 24 ) (11 18 ) (11 12 25 ) (15 22 ) (15 28 ) 
(14 21 ) (14 27 ) (13 20 ) (13 26 ) (9 10 11 13 14 15 19 25 ) (9 23 ) (10 24 ) (11 12 25 ) (13 26 ) (14 27 ) 
(9 10 11 13 14 15 25 28 ) (9 16 ) (9 23 ) (10 17 ) (10 24 ) (11 18 ) (11 12 25 ) (15 22 ) (15 28 ) (14 21 ) 
(14 27 ) (13 20 ) (13 26 ) (9 10 11 13 14 15 19 25 ) (9 16 ) (9 23 ) (10 17 ) (10 24 ) (11 18 ) (11 12 25 ) 
(15 22 ) (15 28 ) (14 21 ) (14 27 ) (13 20 ) (13 26 ) (9 10 11 13 14 15 19 25 ) (9 16 ) (9 23 ) (10 17 ) 
(10 24 ) (11 18 ) (11 12 25 ) (15 22 ) (15 28 ) (14 21 ) (14 27 ) (13 20 ) (13 26 ) (9 10 11 13 14 15 19 25 ) 
(9 16 ) (9 23 ) (10 17 ) (10 24 ) (11 18 ) (11 12 25 ) (15 22 ) (15 28 ) (14 21 ) (14 27 ) 
(13 20 ) (13 26 ) (9 10 11 13 14 15 19 25 ) (9 16 ) (9 23 ) (10 17 ) (10 24 ) (11 18 ) (11 12 25 ) (15 22 ) 
(15 28 ) (14 21 ) (14 27 ) (13 20 ) (13 26 ) (9 10 11 13 14 15 19 25 ) (16 23 ) (17 24 ) (18 19 25 ) (20 26 ) 
(21 27 ) (16 17 18 20 21 22 25 28 ) )