(NIL (1) (2) (3) (4) (4) (5 6) (7) (4) (8) 
(7) (11) (9 12) (8 9 12) (8) (13 14 15) (10 16) (17) (17) (18) 
(19) (19) (20) (22 23) (23) (24) (23) (24) (26 27) (25 26 27) 
(25 26 27) (30) (31) (29 33) (33) (21 34) (21 34) (32 36) (38) (21 25 29) 
(28 38) (37 39) (33) (39) (30 36) (38) (28 34 43) (28 43) (19 27) (44 48) 
(42 44 47 48) (28 38 45) (41 46 51) (51 52) (47 50) (47 50) (28 35 42) (41 57) (44 57) (46 47) 
(50 51 52) (48 60) (37) (53 54) (58) (59 60) (53 61) (61) (60 63) (64 69) 
(52 58) (45 53) (53 60) (73) (54 69 74) (35 60 63) (57 72) (75) (65 66) (49 66) 
(37 46) (52 76) (40 56 75) (71 80 81) (58 67 75 76) (62 77 78 80) (71 77 79) (86) (83) (56 69 73 82) 
(76 77 78 80) (72 76 79) (51) (61 66 78 90) (58 66) (61 65 71 72 90) (88) (54 60) (40 64 65 72) (74 87 96) 
(88) (37 43) (40 59 62 78) (65 67 70) (83 87) (53 95) (67 87 96 102) (74 87) (72 90) (35 75) 
(68 83 94 95) (87 104 110) (111 112) (68 86 92) (55 80 108) (82 104 105 110) (62 113 115) (91 96) (84 85 94 101) (78 116) 
(94 97) (79 89 90) (91 99 108) (77 94) (91 117) (22 49) (55 76 83 99 108) (78 95) (84 108 113) (40 55 75 87) 
(93 105) (102 105 112) (117 119) (93 107) (117) (89) (88 106 122) (84 86 93 125 135) (96 109 123) (133) 
(89 96 128 138) (81 127) (100 114 118 132) (95) (140) (142) (68 88) (86 94 112 139) (118 137 144) (147) 
(148) (55 89 113) (134 148 150) (93 113 143) (93 98 140) (65 86 103) (141 149) (81 94 143) (55 62 92 102 104 139) (67 146 150 156) 
(98 160) (97 142) (40 76 101 115) (89 151) (96 106 144 155) (93 140) (92 103 166) (166) (110 119 144 160) (99 110 130) 
(168) (106 113 116 124 136 142) (144 159) (167 170) (55 57) (105 115 127) (117 122 161 169 173) (92 126 132 134 164) (145 162 169) (108 112 119 149) 
(50 91 156) (130 145 173) (116 130) (64) (120 141 160) (151 179 184) (100 159 185) (114 138 142 164) (109 122 168 172) (117 130 143) 
(68 121 163) (126 129 174 181) (92 134 180 186) (114 136 139 171 185) (125 127 132) (81 101 178) (169 171) (120 162 192) (154 179 194) (121 156 188) 
(197) (142 182) (139 154 201) (97 111 147) (171) (99 143) (112 149 163) (50 184) (127 167) (114 157 178) 
(137 152 200 202 204 206) (125 196) (96 98 163) (94 107 112 176) (157 196) (127) (149 181 204 212) (186 206 208 217) (136 177 185 191 215) (124 193 196) 
(84 162 190) (137 190 205) (101 117 122) (151 177 209 223) (176 203 213) (129 157 183 207) (149 163 171 189) (206 210 227) (183 196 201 205 209) (182 199) 
(186 191 227) (200 206 214 229) (138 172 180 206 224) (133 219) (200 216 226) (166) (162 205 215 225) (107) (114 134) (192 194 214) 
(154 177 183 201) (128 131 182 209 221) (102 180 188 189) (231) (141) (124 183 195 219) (192 237) (121 153 164 181) (202 207 217) (129 141) )