(NIL (1) (2) (3) (4) (5) (6) (7) (8) (8) 
(9) (11) (11) (7) (12 14) (12 14) (10) (15) (10 15) (11) 
(10 16) (10 13 15 16) (17 18) (12 13 14) (20 22 24) (17 20 22) (21 26) (10 13 18 20) (21 26) (26) 
(12) (21 25 26 28) (31 32) (18 27 30) (17) (19 33) (29) (19 24 27 29 31) (36 38) (32 38) 
(40) (36) (33 34 37) (32) (38 44) (21 28) (27) (23 38 42 44) (10 18 24) (28 30 31 35) 
(29 31 32 35) (27 36 50) (25 47) (37 38) (23 43 49 50 54) (18 26) (30 45) (48 50) (23 41 49 52) (47 58) 
(55) (36 46 55) (45) (29 31 56) (42 46) (48 54 59 64) (60) (34 51) (23 45 51) (52 60 63) 
(53 62 65) (71) (56 70 71) (58 71) (63 66) (41 69 73) (64 76) (77) (64 76) (43 65 66 69) 
(42 45 46 49 51 52) (56 60 63 68 69 72) (39 57 72 73) (59 61 71) (39 58 80) (57 78) (38 64) (29) (70) (83 87) 
(67 69) (78 84) (75 78) (75 83) (79) (82 94) (75 77 82 89) (87 97) (90) (74 82 92 93) 
(41 56 69) (86 89 91) (79) (86 88) (59 67 82) (68 93) (52 63 68 74) (81 91 94) (64 82) (84 97 104) 
(84 97 106) (61 78) (61 74 85 102) (68 101 113) (96 99 113) (75 114) (81 98 116) (67 79 90 92) (91 97 106 112) (72 93) 
(81 107 115 119) (95 109 111 112 113) (121 122) (79 83 100 117) (116) (85) (84 104 117 126) (46) (108) (84 86 93 103) 
(80 84 90 96 112) (112 128 129) (46) (110 111 124) (80 90 105 106) (95 104) (124 129 135 136) (39 106) (99 102) (95 106 132) 
(98 116 126 128 130 133) (102 120) (117 139 141) (91 107 131) (92 143) (128 137) (68 83) (81 93) (100 139) (79 83 105 112 125) 
(74 84 98 148) (92 116) (133 138 146 150) (141) (112) (122 137 139) (94 127 149) (113 131 136) (107 140 141) (118 131 141 155) 
(99 128 129) (120 135 141) (126 130 149) (96 107 137 152) (81 107 120) (119 159) (88 149 151) (157 164) (136 145 161) (117 118 144) 
(130 131 134) (152 153 161) (147 171) (121 170) (116 139) (89 130 161) (39 87) (121 160) (150 159 162) (89 96) 
(136 150) (165) (141 142 176) (110 154 157 182) (110 164) (173 176) (132 139) (158 172 181 185) (119 150 171) (59 99) 
(98 175) (136 144 179) (120 189 191) (103 156 174 177) (92) (144) (163 189) (104 121 154) (126 193) (170) 
(144 155 183 186 193) (131 163 169) (154 159 185 189) (167 179 188 194 199) (97 114 144 161) (100 133 136) (60 65) (204) (103 119 172 196 200) (181 196) 
(188 197) (108 170 210) (123 145 155) (72 106 177) (86 100 165 214) (120 169) (153) (152 162 194) (174 193 197) (156 174) 
(156 173 182 192) (168 170 192 216) (166 183 220) (110 160) (171) (123 146 205 218) (189 192 225) (144 191 202) (109 119 177) (61 87) 
(111 184 192) (148 181 194 195) (141 210 215) (122 127 153 191) (223) (188 209 213 221) (127 136 159 163 182 190 201) (193 217 218 236) (125 134 144 175 187) (187) 
(127 141 165 211) (195 206 212 234) (126 156) (178 182 208) (157 182 228) (178 209 211 213 228 240) (138 178 181 197) (140 200 220 232) (88 122 124 130) (158 160 217 248) )