(NIL (1) (2) (3) (4) (5) (6) (7) (7) (8) 
(9 10) (10) (8) (12 13) (11) (11 13) (16) (12 17) NIL (14 16) 
(12 16 19) (20 21) (14 17) (18) (15 18 20 21) (21 23 24) (9 10) (26) (28) (22 26) 
(14 15 18) (31) (28 30 32) (26 27) (33) (28) (29) (26 27) (31 38) (33 37) 
(31 36) (33) (37 42) (29 35 38) (36 43) (38) (42 44) (25 34 45) (35 39 48) (49) 
(44 50) (43 44) (51) (30) (49) (37 44) (30 31 36 38) (37) (41 49) (10) 
(52 55 56 57) (22 38 41) (40 50 61) (16) (30) (59) (47 57) (51 55 67) (63 65) (27 54) 
(36 60) (46 53 65) (54 69 72) (65 67 70) (73) (73) (64 75) (77) (71 76) (77) 
(59 67 71 76) (15 36) (73) (52 56 66) (62 63 70) (68 84) (64 83) (62 79) (25) (14) 
(79 84 85) (61 64 67) (73) (66 69) (59 74 83) (63 89) (45 58 60 70 90) (91) (95 98) (68 77 99) 
(77 96) (62 70 78 90) (47 52 60) (66 67 82) (64 75 79 96 104) (71 87 94) (77 82 88 106) (70 71 78 86) (71 80 85 104) (70 87) 
(39) (106) (64 79 82 85) (105 108) (110) (93) (87) (84 88 113) (64 83 85) (93 96 107) 
(97 100 108) (80 88 90 100 105 111 112) (82 91) (100) (68 107 109) (60 69 72 82) (108 113) (78 100) (87 100) (66 115) 
(41 89 97) (70 78) (97 101 108 110 124) (68 92) (68 119 131 132) (99 107 115 131) (91 103 127) (90 117 125) (127) (18 23) 
(118 135 136) (138) (108 125) (123 133 141) (111 137 138 144) (98 137 142) (73 74 131) (58 89 98 140) (80 95 103 120) (96 106 131) 
(129) (88 124 131 137) (90 99 119) (84) (93 94 99 101 132) (109 144 151) (99 120 138) (120 155) (121 145) (125 155) 
(92 112 119 127 143) (115 126 131 137 138 151) (93 156) (117 121 127) (92 127 138) (148 153) (123 130 158) (132) (105 153) (122 141 152 166) 
(105 152) (127 138 148 153) (95 143 148 154) (130 146) (127 156) (128 141) (81 145 165 169) (159 166) (137 149) (96 123 140) 
(124 161) (159 167) (124 151 165 167) (107) (85 105 184) (143 158 169 178 184) (143 168 175 183) (187) (97 132) (115 120 126 128 155 164) 
(49 58 90) (162 180 190) (101 134 169) (139 192) (159 194) (78 98 111 116 184) (134 159) (25 54 56 64 65 82 90) (128) (156 196) 
(172 182) (142) (151 157 182 198) (155) (116 180 201) (152) (150 206) (161) (162 186) (110 128 134 147 181 191) 
(114 170 200) (92 126 129 166 207) (112 136 146 212) (146 152 180 191 201 209) (161 183 198) (149 189 211) (134 159 196) (122 180 188 209 212) (149) (139 173 182) 
(140 215) (156 173 177 197) (139 140 187) (118 124 142) (206) (156 194 196) (119 192) (130 138 185) (121 125 126 166 169 207) (103 208) 
(142 143 149 157 182 197 225) (114 208 218 222) (182 198) (173 177) (169 202 223) (128 183 200 207) (201 221 227) (147 200 234) (81 179 183 220 225) (159 163 185 206) 
(139 186 227) (149 195 210) (193 227 239) (95 185) (135 162 166 189 225 228) (74 96 98 104) (211) (211 217 230) (203 232) (120 156 225) )