(NIL (1) (2) (3) (4) (5) (1) (6 7) (8) (9) 
(10) (6 7) (12) (9 13) (10) (10 14) (15) (11 16) (16 17) (15 18) 
(19) (21) (17 18) (21 23) (20 24) (24) (24) (24) (20 22 26) (28) 
(21) (29) (20 28 31) (31 32) (26) (22) (30 34) (26) (27 37) (36 37) 
(36 39) (39) (25 30 35) (41) (42) (25 34) (25 38 42) (35 38 44) (39) (44) 
(36 37) (43 48) (46 52) (47 51) (46 50) (36 37) (40) (43 45 54) (50 53) (45 49 59) 
(11 36) (36 37 43) (46 48 57) (35 44 47) (27 61) (25 37) (18 21) (49 54 65) (35 68) (56 58 63 67) 
(50 53) (48 58 61) (52 61 67) (33 49 63 72) (57 68) (60 61 70) (47 51 73) (55 69 76) (50 53 69 73) (69 73 75 76) 
(53) (80) (82) (83) (42 53 56 66) (71 81 82) (64 84) (73 76) (72 77 79 84) (53 64) 
(66 87 90) (66 84) (55 61 63) (68 70 74) (89 93) (56 69 71 73) (86) (80) (48 50 62) (64 67) 
(62 92) (43 56) (26) (69 74) (74 78 86) (72 85 97) (45 77 85 100) (51 57 103) (43 50) (43 50) 
(80 99 102 104) (64 101) (81 98) (76 96) (77 78 79 104) (79 90 106 110 113) (71 99) (78 87 111) (96 100 111) (66 88 89 97 114) 
(96 108 116) (84 105) (118 121) (108 111) (111) (55 62 72 107) (83 88 121 125) (97 113 126) (116 124) (36 42 67) 
(87 93 94 125 128) (40 49 54 55 64) (77 90 124 130) (95 120 122 130 131) (110 112 131) (91 119) (53 94 99) (112 117 129) (114 136 138) (55 112) 
(112 115 133) (52 109) (115 132) (119 141) (106 134) (87 138 143 144) (92 93 104 105 137) (82) (86 98 108) (94 146) 
(89 135 137) (130 132 137) (88 146) (106 120 124) (127 133 151) (121 145 147 153) (108 128) (129) (148 150) (114 133) 
(118) (146) (137 140 159) (130 161) (147 153 163) (93 146) (118) (120 159) (83 143 157) (149 151) 
(163 169) (48) (107 168) (84 121 124) (105 139 155) (112 147 149 158) (96 131 172) (121 146 167) (91 141 145) (84 126) 
(146 155 177) (88 139 151) (176) (174) (91 93 150) (115 136 183) (102) (120 174 176) (86 142) (156 166 167 168 182) 
(124 127 130 189) (123) (149 159) (123 127 166) (178 190) (128 165) (131 163) (161 163 183) (95 105 150 153 187) (129 160 164) 
(134 165 173) (156 178) (53 74) (169 202) (88 138 143 200) (150) (118 158 189) (188 200) (123 147) (152 207) 
(159) (145 153 155 188) (123 129 145) (88 101) (134 198 200) (118 179 203 211) (117 172 213) (142 200 209) (87 128 154) (155) 
(187 195 208) (126 173) (184 189 221) (142) (127 130 176) (134 139 141 220) (153 191 215) (164 211 213) (222) (131 146) 
(199 207 227) (116 144 189) (91 166 172 183 196) (95 105 129) (202 213) (122 128 139 173 218) (215 221) (127 189 213 218) (89 158 165 184) (135 152 200 209 217 228 239) 
(134 177 192 198) (127 161) (194 196 197 199 236) (213 227) (62 64 83 103 189) (166 173 235 244) (134 154 188) (171 234 245) (172 173 208) (140 191 203 223) )