(NIL (1) (2) (3) (4) (5) (6) (5) (7 8) (7) 
(6 8) (10 11) (9 10) (12 13) (13) (12 15) (16) (7 11) (14 16) (14) 
(19) (21) (17 18 20) (19) (24) (17 18) (17) (20 27) (21 26) (21 24 28) 
(17 24) (25 29 30) (20) (23 32) (23 28) (32) (33 34 36) (36) (31 38) (34 39) 
(22 40) (20 21) (30) (23) (41) (32 42 44) (33 35 40 46) (40 43 44) (42) (38 49) 
(23 38) (32) (40) (24) (47) (42 43 53) (37) (40 50) (42 43 45) (23 43) 
(52 57 59) (28) (46 50 51) (51 61) (33 59) (43 47 62) (66) (64) (50 65) (62 68) 
(49 55 56 65 70) (54 55 65 70) (53 58) (54 68) (35 48 54 58 61) (39 63) (53 60 75) (47 48 70) (54 78) (22 55 63 66) 
(64 80) (53 70) (37 54 67 76) (46 51 54 56) (51) (63 79 85) (55 69 76 79) (61 66 73 84 85) (71 76 77) (82) 
(67 87 89) (73 89) (33 38) (22 44 51 53) (68 76 94) (91 92 95) (62 77) (55 60 61) (71 88) (88 89) 
(60 88) (26 30) (40 60) (63 68 75) (66 74 97) (71 93) (66 73 86) (44 54 69 103) (75) (75 80) 
(82 85 97 108) (58 79 106) (71 111) (90 99 112) (86 89 93 105) (50 71 84) (103 110) (82 100 110 112) (53 75) (82 102 107) 
(45 56) (120) (97 102 107 109) (18 31) (53 69 78 93) (106) (72 97 117) (55 67) (99 108 110 126) (112 123) 
(130) (101 105 118 130) (87 100 110) (87 104 116 122) (105 110 130) (83 107 115) (73 104) (94 120) (96) (51 108) 
(80 111 130) (87 98 114 124) (78 84 140) (82 83 89 107) (72 108 119) (81 126 130 145) (123 126 138 145) (78 102 126) (54 82 124) (87 109 120) 
(30 62) (74 81 85 106) (119 141) (71 124 127) (88 125 147) (74 81 147) (87 123) (90 98 118) (92 132) (111 117 132) 
(98 111 134) (101 135) (119 159) (100 139) (95 153 160) (64 80 128) (107 129 158) (117 139 141 142 144) (118 127 162) (83 121 152) 
(109) (118 144 154) (114 117) (99 100 108 122) (113 158 161) (105 113 140) (114 118 144 146 170) (67 104 108) (88 148) (92 111 145 173) 
(158 168) (116 125 135 137 146 152) (127 182) (120 141) (102 105 133 142 180) (90 118 152) (151 165 167 177 182 186) (163) (115 155 178) (100 178) 
(176 187 188) (177 179) (125 176) (187) (133 136 158) (83 88 139) (96 169 187) (95 172 179 183) (148 161 167 176) (133 154 171 181) 
(122 147 167 172 186) (90 116 154 157) (130 175 199) (126 193 202) (81 91 113 147) (132 195 203) (111 131 139 140 155 195) (73 91 116 140 145 151) (111 120 145 196) (115 143 147 160 161 164) 
(142 157 164 197) (94 114 162) (185 197 212) (67 113 133 156 179) (120 191) (155 187) (157 203) (166 213) (143 166 178 194) (108 118) 
(146) (128 149) (105 120 170 181) (115 174 194) (108 126 134 162) (87 172 188) (149 152 181) (149 161 181 184 216 218 219) (160 188 201 202) (134 155 168) 
(98 176 198) (81 195) (210 227 229) (180 207 233) (157 218) (82 136 140 152) (223) (184 208 226) (147 184 235) (191) 
(228) (191 205) (176 178 181 197) (193 199 212 238) (81 203 222) (149 151 160 168) (171 242) (69 126 135) (191 234) (194 222 247) )