(NIL (1) (2) (3) (4) (5) (5) (3) (6 7) (7) 
(8 9) (11) (8 9) (11) (12 13 14) (15) (9) (15 17) (10 16 17) (18 19) 
(10 13) (2) (20) (16) (19) (10 24) (18 25) (18) (21 23 27) (23) 
(30) (21 27 28) (26 29 30 32) (30) (29) (26 30 35) (34 35) (22 33 36) (25 34) (26 31 32 39) 
(27 28 34) (26 39) (34) (37) (28 31 36 43 44) (31 37 39 43) (26 28 44) (36) (33 45 46) (22 36) 
(44 50) (46 50) (22 36 46) (50) (41 49) (48 53 55) (37 39) (49) (45 54) (33 40 52) 
(48 52 53 57) (47 52 59) (41) (44 53 63) (55) (52 65) (47 65) (40 51 56) (48 62 63) (44 52) 
(60) (47 64 66 70 71) (51 61 72) (67 69) (42 63 68 70) (59 67) (54 64 71) (47 51 53 59 65) (67) (71) 
(51 74 77) (56 61 72) (48 57 60 79) (63 65) (38 72) (67 77 78) (62 82 86) (84 87) (62 82) (54 61) 
(80 81 88) (79 91) (38 44 90) (74 85 88) (49 61 69) (68 85) (66 84 86) (91) (73 89) (96) 
(62 66 77) (81 95 100) (64 83) (92) (58 73 98) (74 88 103) (93 95 96) (56 66 86) (38 79 90) (83) 
(51 69 77 89) (101 105 110) (90 98 99) (50 55 58 63) (104) (58 68 81 106) (94 109 115) (88) (100 105 113) (85) 
(89 92 103 114) (57 69 70 80) (62 70) (77 107) (68 112) (104 118) (85) (84 93 108) (113) (38 105) 
(73 92 111 123) (114 117 130) (80 93 94) (75 80 97 103 124) (107 132) (102 103 113 118 123) (76 89 109 116) (102 121) (73 102 114) (92 98 102 110) 
(86) (91) (56 85) (99 117 126 131) (119 124) (73 91 94 134) (90 94 95 142 143) (68 99 103 105 141) (68 94 99 104) (67 99) 
(106 132) (119 120) (149 152) (108 127 138) (124 131 149) (69 75 79 99) (105 111 122 129 138) (73 76 89 109 110 116) (125 140 151) (113 120 132 134 141) 
(94 119) (68 115) (74 99) (126 137 163) (75 94 115 140 145 157) (154 158 162) (73 83 92) (126) (58 146) (145 163) 
(93 102) (112 131 134 161 164) (111 149 170) (129 172) (57 80 97 108) (154) (83 87 123) (97 120 161 165) (84 102 143) (139 147 162) 
(107 167) (165) (42 118) (113 114 115 146 148 171) (76 131 184) (89 101 143) (136 158 169) (75 102 158 161) (109 120 157 173 175 181) (97 147 148) 
(73 176) (70 93) (172 184) (143 151 153 158 161 164) (135 150 157 175) (124 188) (97) (94) (110 162) (57 143) 
(121 155 159 192 197) (124) (152 179) (79 200) (143 158 195) (102 146 167) (162 186 193) (58 144 150) (127 145 205) (101 134 167 188) 
(75 158) (132 143 154 185) (153 185 195 199) (126) (174 202) (121 125 132 136 146 153 168 203) (104 148 156 171 192 203) (157 192 203) (152 193 196) (122 132 185 197 206 217) 
(80 96 103) (129 132 208) (93 122 180) (129 135 144 152 199) (153 203 212) (138 179 214) (131 134 138 141) (129 206 212) (98 117 150 156 171 175 206) (149 157 192 193 228) 
(115 142 158) (111 126 135) (121 185 229) (99) (104 122 129 170) (135 153 207 220) (164 166 226) (133 139 226 229) (116 179) (135 138 140 183 198 222) 
(115 226) (76 157 186) (148) (209 233 234) (52) (166 184) (127 145 208 211 221) (108 139 144) (193 205 218) (76 126 153) )