(NIL (1) (2) (3) (4) (4) (5 6) (7) (8) (8) 
(6) (10 11) (9 10 11) (13) (12 14) (9) (15 16) (15) (18) (16 18) 
(17 19) (17 18) (20) (21 23) (21) (17 18) (20) (24 26) (19 26 27) (28) 
(28 29) (24) (22) (21 23 27) (30) (25 29 35) (36) (20 22) (28 33 38) (31 37) 
(34 39 40) (32 33 35 38) (38) (27 42) (29 30 43) (31 37 44) (41 42) (32 40) (42 48) (41) 
(29 39) (32 41) (37 44) (49) (41 49) (39 53) (31 37) (43 51 55) (45 47) (41 49) 
(54 56) (61) (51 60 62) (51) (48 50 53) (34 36 43 64) (36) (62) (66) (43 49 64) 
(58 62 66) (32 39 40) (38 48) (58 60 62 67) (44) (56) (65 67 68) (69 70 74 76) (78) (60 72) 
(77) (47 63 67 71) (55 62) (60) (61 70) (45 46 62 64) (59 62 80) (31 37 42) (47 51 55 81) (64) 
(57 59 76 81 83) (49 57) (51 56 73) (57 65 73 86) (86 89) (46 90 93) (65 83) (52 89 97) (59 69 95) (84 97) 
(74 77) (63 65 67 92 93) (70 73 90 91 101) (74 77 86) (59 69 84 86) (75 103) (41 54 72) (107) (71 78 87 88 95 98 101) (46 52 57 74 75 76 87 90 93 97) 
(34 56 90) (75 104 111) (66 70 110) (57 60 72) (79 82 85 110) (94 95 98 110 112) (79 93 100) (66 72 84 96 104) (109 114 117) (25 34 42) 
(46 59 84) (63 81 84 113) (86 96 117) (101 102 114 118 123) (67 94) (102 107) (47) (65 71 72 79 85 120 127) (110) (58 77) 
(107 115 119) (87) (86 98 126) (105 112 120 130 131) (109) (59 72 98) (74 77 102) (80 117) (82 116 124) (94 98 115) 
(77 107) (140) (102 107 109 110) (89 115 120 127) (112 135 137) (110 120 123 145) (94 112 133 135 141) (124) (134 141 148) (146) 
(85 143) (48 59) (126 134 146) (115 132 146 147) (57 81 105) (109 120 125 127) (119 132 156) (122 142 146 147 149 152) (105 109) (103 144 154) 
(99 120 122 129 139) (80 85 117) (99 112 138) (146 149 156) (85 95) (143 158) (106 150 164) (106 113) (168) (149 163) 
(85 137) (70 86 87 101 111 127) (63 123 132 135) (126 132 139 149 155) (160) (121 167) (90 135) (107 116 119 140) (128 158 173 176) (47 97 118) 
(157 158 164) (119 128) (174) (115 116 137 141) (132 150) (88 115) (70 137) (144 148 178 182) (126 129 132 146 151 171) (139 187) 
(164 177) (142 176) (144 147 167) (134 143 152 154 163) (84 126 130 151) (122 137) (75 102 162) (66 97) (117 140 147 155) (160 181 192 199) 
(150 162 180 190) (85) (125 155 169 187) (103 158 170) (143 165 168 173) (88 102 105) (107 140 148 163 185) (193) (75 96 198) (164) 
(139 180) (123 144 198) (142 193 196) (97 103 172) (128 155 192 196) (118 152 162 169 195) (157 171 179) (74 126 202) (138 158 192 214) (173 176 197) 
(138 169 183) (139 176) (136 181 190 208 215) (139 151 185 191 205 215) (99 111 127 141 180 205 218) (116 149 155) (112) (175 178 191) (208 217 224) (139 151 153 168 217) 
(108 154 222) (200 216) (108 114 133 146 218) (171 187 218 221) (103 174 181 189) (163 186 211) (157) (79 104) (210 217) (138) 
(215) (124 125 168) (206 234) (101 138) (188 190 218 228) (57 79 118) (142 176 197 225) (182 215 236 246) (99 186 202 216) (151 223) )