(NIL (1) (2) (3) (4) (5) (6) (7) (5) (8 9) 
(10) (8) (9 12) (11 13) (11 12) (15) (14 16) (16) (17) (19) 
(20) (20) (14 15) (17) (6) (22) (22 23 25) (21) (18 21 24 27) (26 28 29) 
(27) (23 24 28) (27) (29) (26 34) (26 27 28) (29 31) (30 37) (21 24) (26 32) 
(36 37) (35 39) (31) (40 42) (36 40) (26 31 34) (21 23 25) (42) (30 41 44) (38 44) 
(42) (43 44) (26) (29) (10) (54) (41 42 46) (50) (32 35 39 46) (32) 
(38 48 55) (33 47 55) (30 33 52 55 57) (46 49 50 61) (57) (52 64) (11) (44) (46 54 60 67) (51 58 65 66) 
(53 70) (36 61 69) (63) (62 71 72 73) (45 53 57 68 69) (71 72 73) (70) (48 57 60) (58 66 73) (62 71) 
(59 69 78) (76) (42 43 53) (75 79) (19) (58 65 72 81) (62 73) (51 59 62) (71 73 81) (64 75 85 88) 
(44 51 55) (49 60) (58 90) (80 91 93) (45 76) (91 95) (76 90) (76) (68 73 80 81) (60 73) 
(80 84 88) (74 81) (80 98) (93 99) (94 103) (95 101 102) (77 86 103 104) (59 74 79) (86 101) (82 100) 
(54 73) (97 101) (79 105) (48 53 67 88) (74 86) (26) (81 91 93 116) (82) (76 117) (84 95 111) 
(90) (86 87 90) (117) (95 101 113 116) (115) (34) (107 117) (108 124) (104) (123) 
(86 89 97 106 111) (106) (94 107 117) (112 125) (106 133) (78 112 126) (91 115 121) (125 130) (56 82 107 109 119) (54) 
(100 124 132) (79) (87 111 119 125) (56 100 136) (56 108 120 126) (90 111 132 142) (128) (143) (100 137 146) (77 83 104 148) 
(98 125) (92 109 111 132) (126 129 150) (96 100 122 127 136 150 152) (115 144) (141 150) (28 140) (154) (77 124) (144 159) 
(104 136 146 148 151) (139) (74 109 116) (135 139 142) (82 106 112 147) (74 80 93) (127 160) (107 118 138 147) (82 85 132) (56 100 116) 
(135 147) (118 154) (106 124 134 138) (130) (168) (132 155 163) (94 154) (128 156 157) (121 135 160) (151 159) 
(126 130 156) (118 121) (124 126 151) (180) (175) (165 169 179) (169 184 185) (147 156 179) (114 123 155) (104 144) 
(159) (89 105 115 129) (188) (79 105) (184) (167 185) (113 153) (172 181) (110 131 153 178 183) (154) 
(72) (148) (110 116 129) (89 139 184) (148) (129 163) (161 173) (140 149 187) (120) (114 163 186 198) 
(188 204) (123 133 152 166 194) (173 211) (181) (158 180) (144 173 185) (146 169) (112 130 143) (130 137 203) (105 120 150 161) 
(148 174 192 194) (137 213) (120 180 186 216) (127 141) (56 138 140 184 206) (210) (83 108 180 203) (174 202 215) (92 95 105) (140 171 176 182 187) 
(120 153 156 171 172 179 201) (137) (187 192 202 217 232) (131 216) (96 162) (130 151 186) (195) (99 114 191) (177 219) (68 95) 
(137 178 228 236) (123 172 224) (135) (170 226) (118 147 154 183 190) (96 240) (133 150 167 195 227) (156 201) (169 204 228 246) (118 134 167 188) )