(NIL (1) (2) (2) (4) (3 5) (6) (7) (8) (9) 
(10) (8) (11 12) (13) (14) (11) (15) (14) (14) (16 17) 
(14) (20 21) (17 19 21) (14) (18 22) (16 21) (16 17 18) (19 24 25) NIL (9) 
(25 29) (18 20) (27 29) (23 30) (23 31) (19 30) (19) (22 37) (25 34) (28) 
(18 24 29 36) (8) (32 39 40) (23 26 36 38) (22) (25 30) (39) (34 45) (23 27 32 36 46) (19 46) 
(36) (35 37 50 51) (19 27) NIL (24 39) (35 49 51) (39 41 44) (29 47 48 49) (28) (35 44 59) 
(43 59) NIL (59) (28 34 41 54) (41 42) (38 40 45 47 49 65) (53) (52 57 67) (31 38 50 54) (18 24 36) 
(26 33 39 56) (54 56) (33 35 37 46) (27 55) (33 38) (52 66) (43) (33 58 69) (58) (41 43) 
(45 69 72) (33 50 62 70) (22 26) (23 33) (56 58 62 64) (61 82) (24 58 73 83) (24 36 83) (33 34 40 46) (50 60 61) 
(42 57) (56 63 76 82) (78) (43 44 71 72) (26 77) (78) (31 66 84) (92) (28 51 88) (56 70) 
(57 60 74 82) (65 75 86) (61) (64 92 93) (44 52 82) (41) (67 81) (26 34 69) (43) (80 84 98) 
(45 68 75) (76 80 96 109) (22 67) (112) (37 53 64 103) (75 97 106) (100 103) (56 69 89) (82 118) (95) 
(68 115 120) (41 75 95 108) (107 110 117) (69 117) (77 88 93 115 124) (35 79) (101 105 116 121) (116 125) (113 121) (112 123) 
(52 57 72 102) (64 93) (104 108) (117) (91 100 111) (80 88 101) (74 125) (75 87) (76 80 96) (122 127) 
(121 131 133) (97 122 130) (74 113 132) (62) (80 137) (45 74) (33 61) (105 111 146) (130 148) (97 129 139 149) 
(7) (84 132 137) (129 134 147 149) (65 85) (90 136 143) (61 81 93 111) (73 131 144 148 155) (107) (105 106 118 141) (106 142) 
(61 108 139) (55 115) (112 128 131) (128 144 156 159) (157) (137) (102 105 123 145) (125) (77 131 138 155) (109 143) 
(77 81 87) (72) (101 118 143 153 162) (71 90 101 124 131 132 160) (79 85 100 156) (35 74) (126 134 150) (58 68 103) (164 170 176) (129 147 156 158) 
(74 144 163 180) (172) (89 100 111) (100 158) (67 78 87) (59 76 100) (71 80 107 119) (110 133 155) (85 119 173 188) (133) 
(113 133 167) (75 123) (60 143 161) (66 109 182) (73) (124 161) (163 173) (86 95 148 156 186) (93 94 153) (96 194) )