(NIL (1) (2) (3) (4) (4) (5) (6 7) (8) (8) 
(9) (9 10) (11) (6 7) (12 13) (13) (13 14) (15) (15 16) (17 18) 
(10) (16 18) (18 21) (18 19) (19 23) (14 23) (24 25) (18) (8) (28) 
(19 23) (18) NIL (13) (22 23 34) (25 32) (24 34) (17 21 32) (37) (20 22 23 29) 
(17 27) (34 38) (24 29 33 35) (22 38) (20 28) (44) (41) (30 33 47) (10 14) (17 31 49) 
(19 28) (26 30 43) (35) (38 53) (14 23 33 37) (38 40) (52 55) (25 45 57) (36 48 49) (33 50) 
(46) (56 58) (39 62) (37 40 60) (25 33 50 56) (51 64) (37 43) (32 52) (45 57 61) (40 46) 
(20) (65 67) (56 67) (24 25 44) (74) (38 47 67) (36 51 63 69) (48 60 77) (42 54) (39 47 65 69) 
(53 68) (75 77 80) (40 68 69) (46 51 67 71) (42 56) (56) (54) (53 70 73 75 78) (27 61 65) (55 72 81 87) 
(48 77) (20 76) (76 79 88) (91) (68 88 92 94) (60 76 82) (66 67 80 81 91) (65 95) (95) (58 67) 
(69 75 76 81) (80 98) (53 84) (83) (88) (64 93) (35 48) (31 76) (45 68 74) (41 77 86) 
(99) (50 76 94 104) (55) (5 33) (32 66) (51 59) (33) (65 78 115) (42 102 114) (78 90) 
(91) (42 46 74) (69) (83 95) (87 102) (80 93 101) (17 32 35) (110) (77) (59 63) 
(40 44 57 76) (98 100 108) (72 132) (102 103 127) (134) (134) (93 94 100) (115) (105 112 125 133) (81 135) 
(54 59 111) (71 79 95) (141) (106 128) (134) (66 126) (71 106) (120 125) (32) (64 137 139) 
(119 145) (59 107 112 145 148) (81) (64 111 151) (118) NIL (121 139) (86 98 138 146) (94) (31 49 103 107 110 156) 
(79 97) (66 131 132 136 142) (76 114) (84 111) (97 107 111 125) (96 99 128 132) (119 157) (96 134 144) (124 133 137 162) (144) 
(40 52) NIL (85 157) (139) (30 36 73) NIL (136 159) (99 100 170) (107 125 129) (90) 
(97 116 128 140 150) (181) (114 178) (53) (100 113) (72 164) (126) (163) (70 113 180) (116 153 165) 
(187) (61) (106 133) (20) (114 142 152 190) (131) (81 173) (147 148 155) (66 79 166) (171) )