(NIL (1) (2) (1) (3 4) (3 4) (5 6) (6) (2) (7) 
(8 10) (10) NIL (8 10 13) (14) (12 15) (14) (7 13) (11 16) (19) 
(16 17) (11 14) (15 18 22) (15 17) (18 21) (25) (20 23) (7) (16 23) (14) 
(14 18) (24 27) NIL (21 32 33) (12 15) (25 32 33) (10 13 33) (34 37) (21 27) (30 33) 
(26 27) (31) (29 37) (27) (25 38) (25) (11 17) (40 43 44 47) (25 32 35) (9 34 48) 
(32 35) (37) (46 49) (47) (26 34 35 44 52) (25 44) (39 48 52) (41 42 50 54) (56 58) (46) 
(55 57) (17) (60) (9 41) (49 50 51) (30 53) (38 62 64 65) (29 49) (29 56) (65 66) 
(50) (56) (21 48 54) (36 38 70) (38) (57) (58 75 76) (67 69 72 74) (58 61 62) (49 77) 
(69 73 77) (69 71) (31 50 52 56) (25) (80) (20 40) (57 66) (64 79 80 86) (52 53 59 68) (63 89) 
(28 57 62) (65 72 79) (50 69) (87 90) (75 83 84) (79 85) (87) (36 53 71 77) (28 32 52) (76 94) 
(39 42 45) (34 47) (28 72 77) (28 90) (38 54 60 72) (14) (35) (60 77 82 91 101) (85 88 90) (51 60 91 98 101) 
(30) (83 88 92 94 103 105) (109) (39) (27 84) (34 72 114) (51 69) (92 106) (77 95 115) (58 66) 
(119) (95 110 118) (92) (103) (41) (60) (78) (55 80) (59 92) (73 110 113) 
(104) (24 26 46 72) (35) (81 91) (36 49 71) (81 104 113 114) (91 119) NIL (51 109) (36) 
(96 99) (79 107) (57 59) (36 62 77 83) (107 122) (90 102 110 135 144) (45 51 61 105) (130 137 139) (80) (51 136) 
(109 121 125) (102) (93 141) (78 115 124) (137) (67 92 101 136 149) (85 97 104 118) (64 123) (84 103 105 110) (96 151 158) 
(80 129 154) (65 82 113 119) (78 97 122 135) (97 133 153) (95 143) (152) (147 150) (89) (80 106 116) (106 134 154 159 168) 
(103 155 158) (54 65 117) (96) (78 129) (60 98) (121 150) (95 97 110 161 172) (59 95 159) (26 42 74) (106 130 138 168) 
(134 136 144 160) (78 137 157 162) (102 107 157 169) (28 93 102) (177 180) NIL (127) (108 121 185) (144 151 182) (171 182) 
(136 141) (66) (147) (134) (99 145 167 170) (67 138 149 169) (92 146 153) (135 145 155 167) (94 122 197) (70 140) )