(NIL (1) (2) (3) (4) (1) (6) (3 7) (5 6) (9) 
(3 6) (8 10) (11 12) (9) (11 12 14) (12 14) (10 14) (11 14) (14) (13 19) 
(7 19) (20 21) (10) (12 14) (22) (19) (22 23) (18) (27) (13 16 17) 
(13 15 17) (24) (19 32) (8 18) (22 26 33) (15) (28 29 35) (12) (22 26 32 38) (26 38) 
(23 24 34) (25 29 30 40) (35) (16 21) (22 23 28 34 36 44) (16) (17 28 32 36) (17 25 43) (37 38) (27 31 35 46) 
(21 38) (22) (13 21 41) (22 40 44) (17 37 43 51) (31 48) (45 47) (51) (54 57) (49 56) 
(42 49) (58 59) (44 49 56) (16 33 41) (39 61) (16 18 21 23) (43 46 52 58 59) (29) (41 63) (40 69) 
(25 27 39 40) (60) (33 39) (62 64) (43) (45 47 53 69) (47 54 69) (39 47 61 68 70) (50 53 59 78) (57 66 76) 
(67) (29 57) (53 55 61 74) (81) (31 42 81) (6) (39 60) (27 52) (63) (55) 
(67 80) (82 89) (55 61 73 89) (50 88 89 90) (77 82 94) (85) (15) (39 59 72) (74 76 85) (44 61 72) 
(53 60 62 64) (83 100) (44 65) (52 66 75 76) (94) (16 68 75) (74 93) (79 84 104) (72 95) (69 71 105) 
(52 79) (31 42 45 53) (78 97) (72 79) (92) (70) (57 75) (112 114) (107) (73 77 116) 
(65 86 104) (61 98) (70 92) (99) (102 110 111 117) (77 83 85 107) (100 115) (106 113 125) (82 90 101 126) (63 81 90) 
(108) (41 46 93 127) (128) (109 115) (46 64 70 87 98) (107 111) (35) (97 104 111) (91) (71 92) 
(111) (71 74 86 95) (79 85 88 140) (80 83 86) (90 123 138) (145) (77 79) (109) (94) (115 135) 
(53 123 150) (55 79 84 103 151) (51 150) (105 141) (76 85) (129 133 144) (116 136) (114 121) (75 91 114) (145) 
(29) (5 7) (109 124 137) (55 153) (109 126 162) (123 125 140) (109 120 156) (60 70 83 90 97) (132 150 162) (122) 
(60 75 91 105 142) (125) (86 103 118 133) (53) (106 125) (95 103 114) (105 153 174) (61 177) (60) (132 170) 
(96 131 133 164 180) (50 135 170) (93 120 143) (110 112 132 138) (122) (149 164) (55 118 124) (120) (149) (140) 
(99 141 155 173 177) (91 93 103 112) (129 173) (86 102 155 177) (87 189) (101 107 110 146) (83 180 182 190) (66 135 163 166) (65 124 145 190) (151 162 176) )