(NIL (1) (2) (2) (2) (3 4) (5 6) (4) (6 8) (7) 
(7 8) (1) (11 12) (10 11 12) (10 11 12) (13) (9 14) (9 10 16) (15 16) (14 16) 
(17 20) (17) (19 22) (20 23) (23) (18 19) (26) (24) (23 27) (27 28) 
(29) (10) (18 21) (28 29) (21) (25 31 34) (25) (37) (29 33) (30) 
(39) (29 37) (26) (40 42) (39) (34 38 41 45) (34) (35 37) (43 48) (24) 
(32 39 42 47 50) (20 26) (35 38 45) (41) (39) (36 51) (36 47) (3) (46) (21) 
(7) (21 37) (27 58) (27 32) (26) (47) (38) (40) (33 37) (43 51 60) 
(48 69 70) (6) (41) (54 62 68) (51 74) (49 52 56) (40 42 45) (40 59) (64 75) (64 67 77) 
(60 65 72 74 76) (36 37 50 52 73) (49) (64) (48 50) (74 78) (14 72 84) (44 50) (67 74 88) (50 63 67) 
(48 86) (35 36 86) (70 79) (50 67 83) (46 55) (36) (57 94) (44 69) (73 95) (36 64 73 85 88) 
(71 87) (47 74 78 88) (56 82) (48 65 90) (71 79 88 91) (48 86 98) (60 76 100) (21 36) (74 84 85) (43 88 92) 
(46 69) (50) (73) (63 92 108) (42) (53 78 101) (30 31 112) (30 73) (57 69 78 93) (56 71 78) 
(53 60 65 79 88) (69 81) (56 98 102) (63 69 118) (64 102) (54 116) (18 62) (44 84 103) (30 55) (59 90 97 122) 
(53 56 109 125) (55 57 116) (104) (47 114) NIL (70 87 109 114 117) (44 65) (53 66 76 114) (67 112) (62 124) 
(73 129) (131) (51 73 89 95) (110) (80 99 101 106) (92 139) (45 107) (22) (40 42 113) (55 68) 
(120 121 140 144 148) (71 129) (86 126) (53 72 112 125 152) (63 89 107 131) (116) (105) (85 90 151) (64 122) (122 140) 
(147 155) (45 82 100) (105 108 126) (161 162) (53 133 136) (85 91 113 128 143) (82 122) (115 136 145 157) (92 163) (123 137 139 157) 
(91 114) (35 78 98 117) (98 101 134 139 141) (90 138 163) (77 138 164) (49 110 113) (57 98 99 164) (51 176) (93) (53 96 148 176) 
(94 114 166) (46 77 113 160) (65 125 136) (107 111 139 178 183) (97 177) (55 109 116 158) (65 142) (50 91) (154 164 168) (53) 
(70 182) (103 158) (153) (160 186) (97 127 146 154 191 192) (50 52 60) (95 128 137) (140) (96 119 179 181) (128 158 164 180) )