(NIL (1) (2) (3) (4) (5) (6) (7) (7) (9) 
(8) (8 10) (10 11) (13) (11) (13) (16) (12 13 15) (13 15) (12 19) 
(17) (17 19) (18 20) (18) (7) (23 24) (16 20 25) (16) (14 26 27 28) (27) 
(12 25) (22 31) (23 28) (26 30) (21 22 29 30) (8) (33 35) (14 19 21 24 28) (33 35) (23 27 28) 
(26 33) (26 40) (34 35 40) (20 32) (42) (42 43) (41 44) (40) (14 32) (46 48) 
(31 50) (26 27 36) (22 45) (20) (21) (39 46 54) (49) (22 28) (36 45 51 54 57) (48 54 55) 
(38 53) (56 61) (33 43 61) (56) (46 57 58 63) (46) (18 27 28 36 57) (48 52 55 57 66) (54 65) (15 31) 
(50) (37 49 58 66) (50 70) (37 60 66) (32 41) (43 55 75) (33 70) (39 58 77) (48) (43) 
(33) (68) (69 72) (59 71 73) (33 49 70) (54 71 81) (61) (73) (43 75 77) (36 39 83) 
(39 60) (44 81 85 90) (89) (49 78) (53 58 71 75) (64) (56 85) (48 63) (51 78) (68 86 90) 
(43) (48 49 75) (62 80 91 100) (41 59) (69 79) (47 84 86) (93 96 99) (48 78) (69 91) (57 61 75) 
(60 92) (58 63 77) (74 75 94 96) (64 65 89) (37 44) (60 68 77) (51) (80 94 112) (105) (78 119) 
(63 68) (120) (81 87 112) (100) (38 99) (59 96) (79 100 109) (92) (47 54 102 118) (71 76 85 90 93) 
(88 130) (85 90 123) (94 111 128) (67 116 117 127) (80 109 115) (61 108) (26 77) (74) (85 106 122) (130) 
(100 111 137) (82 97 135) (132) (141) (84 110) (85 106) (63 138) (44 78 121 123) (84 88) (72 87 106) 
(56 108) (121 138) (85 113 147) (102) (126 144) (49 74 108) (104) (123 134 149) (79 81 91 99 113 126) (71 85 101 151) 
(37 95 107 148) NIL (60 104 154) (50 136) (99 118 148) (68) (84 141) (92 107 108) (111 135) (103 146) 
(110 113 136 137) NIL (41 80 141 172) (130) (74 137) (74 88 151) (156) (101 133 139) (147) (114 119) 
(128 147) (36 61 107 156) (41 82 141) (80 145 160 181 183) (80 84 123 153) (115 127 129 160) (88 105 135) (186) (109 117 162 165) (135 159) 
(95 107 132 166) (56 60) (108 133 187) (121 122 126 157 162) (116 184) (103) (132 175 184 196) (62 110 122 165 181) (163 165) (88 166 174 180 182 197) )