(NIL (1) (2) (3) (3) (4) (5 6) (4 5) (7) (9) 
(10) (11) (8 12) (13) (5 6) (14 15) (4) (8 15 17) (16 18) (14 18) 
(12 17) (13) (19) (18 22) (23) (23 24) (14 15) (25 26) (28) (13) 
(26) (27 28) (23 24 30) (33) (29) (9 18) (21) (32) (34 35 37) (27 31) 
(22 30) (32 34) (20 27 34) (31 38) (26 37) (35 38) (27 34) (33 44 45 46) (25 34) (21 32) 
NIL (25 31 41 43) (48) (25) (38 39 47 50) (43) (43 44 49) (29 37) (32 51 56) (42 46) 
(21 42) (39 48) (52) (50 54) (49 59) (39 63) (50) (56 62) (57 60 65) (36 40 59 63) 
(48 55 59) (68 70 71) (66 72) (35 59) (42 55 65) (34) NIL (42 62 71) (47 62) (43) 
(22) (58 69 73 81) (69 76 77) (52 61 83) (29 59 61) (64 77 85) (53 59) NIL (65) (62 70 87) 
(86) (66 67 75) (57 71 81) (79) (40 42 50) (69 70) (54 55 83) (66 71) (93) (40 66 76 87) 
(72) (53) (75 93 94 102) (40 52 65) (86 89 95 104) (36 71) (71 77 89) (36 74 91) (97) (93 106) 
(45 60 64 66 85) (74 79 86) (53 82 104 111) (46) (41 99) (39) (99 107) (69 78 108) (117) (44 80 104) 
(43) NIL (91 94) (60 80 86) (90 91 97 101) (61 64 80 90) (72 109 112 118 124) (54 98) (65 70 80 99) (60 63 119) 
(36 67 74) (100 117) (16) (85 103 104 126) (53 105 108) (74 107 129) (112) (93 131) (89 95 104) (37 121) 
(66 107 135) (80 119) (74 80 125 139) (67 83 95) (96 114) (49 80) (42) (139 145) (83 110 119) (62 92 105) 
(89 134 147) (106 126 132) (92 110 116 127) (35) (124) (112 140) (74) (129 145) (110 132 133 136 138) (86 109 159) 
(58 114 124) (111) (58 129 151) (64 122 154) (98 152 159) (104 115) (87 158) (118 135 140 160) (65 131) (109) 
(30 44) (145) (42) (112 130 147 148) (123 144 156) (101 130 173) (79 97 130 145) (72 151 160) (22) (99 101 107) 
(63 102) (178) (150 151) (119) (85) (78 101 108 115) (73 96 129) (101 141 165) (45) (103 140) 
(90) (121 155 162 166 178) (49 67 79 189 191) (102) (127 152 171 175) (185) (117 191) (97 128 130 181 196) (90 96 124 154) (143 149 163 192) )