(NIL (1) (2) (2) (3) (5) (6) (4 7) (8) (7) 
(9) (10 11) (5) (10 11) (14) (13 15) (12 13 15) (12 16) (16) (15) 
(11) (10 21) (18 20) (18 19) (24) (24) (17 21) (20 26 27) (20 21 25 26) (10 11) 
(23 28) (6) (9 13) (18 27) (31) (17 19 20 22) (36) (34) (24 34 37) (39) 
(35 38 39) (23 38 40) (42) (31 34) (25 33 41) (44) (33) (29) (12) (25) 
(40 46 48) (30 49 51) (42 49 50) (34 35 50) (32 33 41) (36) (51) (22 29 35 38 44 49) (43 48 49) (18 22) 
(19 34) NIL (53 61) (32 42) (28 47) (42 50 52 58) (20) (42) (27) (45 50 69) 
(30 59 61) (28) (26 53) (28 38) (62 73) (29 65 70 75) (45 57 58 64) (56 62 63) (47 56 57) (51) 
(41 47 67 72 74 75) (45 51 71) (47 82) (30 51 72) (36) (76) (70) (39) (32 58) (71) 
(75 79) (66 71 79) (22) (56 84 90 93) (58 59) (86) (73 79) (82 92) (55 60 63 86) (43 72 96) 
(32) (71 80 81 95) (72 78 79) (63 75 90 95) (32 66 93) (52 69 91) (61 91 97) (36) (56 102) (29 75) 
(58 75) (52) (56 58) (63 82 102) (52 72 76 83 88) (84 96) (66 90 100 106 115) (104 111) (81 87 95 103) (82 99 119) 
(56) (60 96) (90) (97 116 121) (55 70 104) (48 60 110) (60 66 80 110) (41 66) (64 80 83 87 110) (43 113 124) 
(63 67 76) (111 130) (105 107 111 131) (57 81) (57 89) (77 111 112 129) (108) (39) (87 93 108 138) (64 107 119 126) 
(117 126) (53 74) (30 73 89 138) (123 126) (41 143) (77 128 135) (57 61 138) (32 74 100 124) (117 124 125 134 138) (127) 
(140) (66 116) (143) (77 97 138) (32 117) (78 85 93 114 127) (34 60) (102 106 148) (125 139 150) (121 125) 
(56 93 116) (66 137) (28 71) (91 137 154) (92 113 133 157) (144) (19) (78 94 165) (88) (89 144 162) 
(100 102) (164) (100 109 125 153) (9 62) (88 105 153) (72 97 108 122) (130 171) (170) (41) (68) 
(71 133 175) (56 62 90 167) (128 172) (113 119 141 145 156 173 179) (98) (159 169 180) (128 132 136 177 185) (85 166 168) (55 67 153) (66 85 138) 
(112 139 188) (89 123 158) (106 173) (151 161) (78 96 97) (98 146 158) (156 170) (176 189 191) (54 58 60 174) (57 90 179) )