(NIL (1) (2) (3) (4) (5) (5) (6) (6) (9) 
(7 8 10) (9) (6 7) (12 13) (11 14) (11 13) (8 13) (11 14 17) (15 17) (18 19) 
(16 20) (16) (18 19) (21 23) (21 22) (25) (12) (22) (17) (19 28) 
(14 16 27) (23 29 31) (23) (24) (20 32) (3) (28) (35) (28 35) (30 34 35 36) 
(21 27) (13) (40) (32 34) (28 34) (14) (26 46) (32 41 42) (25 45) (26 40 42) 
(26 39) (26) (30 51) (26 27 49) (38 51) (18) (48) (39 54 57) (35 56) (33 45 51 52 59) 
(37 38 53 58) (48) (27) (24 30) (57) (52 58) (66) (28 46 63) (56 66) (21 32 33) 
(58) (43 52) (37 43) (38 51) (12 13) (22 59) (30 47 67) (33 55) (19 28) (26 35 42) 
(25 41 68 73) (40 77) (38 53) (71 79) (46 52 56) (54 73 75) (46 67 74 76) (22) (49 57 79) (79) 
(24 36 39) (44 58 65) (26 49 91) (60 64 66 92) (77) (61 64 66 76) (42) (37 59 91) (47 60 71 88) (73 94) 
(34 35 46) (94) (46 100) (52 55 97) (36 37 55) (46 89 102) (53) (36 62 77 96 104) (78 101) (40 70 74 76 95) 
(43 60) (44 59 83) (81) (70 77 97 107 113) (71 85 93 103 108) (110) (97 110) (92) (47 52 92) (40 84 89 102) 
(103 109) (46 55) (42 44 81) (82 105 118) (83 124) (50 79 119 121 122) (78 120) (43 68 118) (56 67 104) (84 85) 
(123 124) (53 78 106 117) (72 77) (67 93) (95 98 103) (94) (113) (91 110) (70 102 105) (44 78 90 113 117) 
(64 87 131) (84 89) (124) (70 101 103) (60 75) (6) (106 108) (89 94 116) (38 58 73 90) (123 142 147) 
(131) (26) (111 136) (47 62 71) (151 153) NIL (72 114 129) (135 148) (65 68 80 107) (121 146 152 158) 
(143) (126) (63 64 119) (71 109 114 136) (91 144) (69 124) (141 153 160) (149) (99 114 124 138) (38) 
(43 84 108 139) NIL (151 167) (85 119 141) (131 171) (114 133) (127) (53 91 144) (173) (69 103 116 124 142) 
(153) (44 75 117) (89 165) (50 71 108 179) (166) (111 169) (84 87 90) (72) (62 95 129) (98) 
(125) (88 98) (60 104 168 191) (107 132 168 184) (115 149 192) (63 143) (62 155 166 169 177) (116 159) (66 101) (59 125) )