(NIL (1) (2) (3) (3) (4 5) (4 5) (6 7) (8) (9) (10) (11) (12) (13) (14) (15)
 (14) (17 16) (18) (19) (17 16) (21) (19 22) (20 23) (24) (25) (26) (27) (27)
 (28 29) (30) (30) (32) (33 31) (34) (35) (36) (37) (36) (38 39) (38 39)
 (41 40) (42) (43) (42) (44 45) (46) (47) (48) (49) (50) (51) (52) (53) (53)
 (54 55) (56) (57) (58) (59) (60) (61) (62) (63) (63) (65 64) (65 64) (66 67)
 (68) (68) (69 70) (71) (69 70) (73 72) (74) (75) (76) (77) (78) (79) (80) (81)
 (82) (83) (83) (84 85) (86) (87) (84 85) (89 88) (90) (91) (92) (93) (94) (95)
 (96) (97) (98) (99) (100) (101) (102) (103) (104) (104) (106) (107) (105 108)
 (109) (110) (110) (112) (113) (114 111) (115) (115) (116 117) (118) (119)
 (120) (121) (121) (122 123) (124) (124) (125 126) (127) (128) (129) (130)
 (131) (132) (132) (133 134) (135) (135) (137 136) (137 136) (137) (139 140)
 (141) (138 142) (143) (144) (145) (145) (147) (146 148) (149) (149) (150 151)
 (152) (153) (152) (154 155) (156) (157) (158) (156) (159 160) (161) (162)
 (163) (164) (165) (166) (166) (167 168) (169) (170) (171) (172) (173) (174)
 (175) (176) (177) (178) (179) (179) (181) (180 182) (183) (184) (185) (186)
 (187) (188) (188) (189 190) (191) (192) (192) (193 194) (195) (196) (196)
 (198) (197 199) (200) (201) (202) (203) (204) (205) (206) (207) (208) (209)
 (210) (209) (210 212) (211 213) (214) (215) (216) (217) (218) (219) (220)
 (221) (222) (223) (224) (225) (226) (227) (228) (229) (230) (231) (232) (233)
 (234) (234) (234) (236 237) (235 238) (239) (240) (240) (241 242) (243) (244)
 (245) (246) (247) (248) (249) (247) (251 248) (250 252) (249 252) (250 254)
 (250 254) (253 255 256) (257) (258) (259) (260) (261) (262) (263) (264) (265)
 (266) (267) (268) (269) (270) (271) (272) (273) (274) (275) (276) (276) (278)
 (277 279) (280) (281) (282) (282) (283 284) (285) (286) (287) (287) (289)
 (290 288) (290 288) (291 292) (293) (294) (295) (296) (296) (297 298) (299)
 (299) (300 301) (302) (303) (300 301) (305 304) (306) (307) (307) (308 309)
 (310) (311) (312) (313) (314) (315) (316) (316) (317 318) (319) (320) (321)
 (321) (323) (322 324) (325) (326) (327) (328) (329) (330) (331) (332) (333)
 (333) (335) (334 335) (337 336) (338) (338) (338) (341) (339 340 341)
 (342 343) (344) (345) (346) (347) (347) (349) (348 350) (351) (352) (353)
 (354) (355) (355) (356 357) (358) (359) (360) (361) (362) (363) (364) (365)
 (366) (366) (367 368) (369) (370) (371) (372) (373) (374) (374) (375 376)
 (377) (378) (378) (380) (379 381) (382) (383) (384) (385) (386) (387) (388)
 (389) (390) (391) (392) (393) (394) (395) (396) (396) (397 398) (399))