(NIL NIL (2) NIL (4 1) (4 3 1) (6) (7) (8) (8) (9 10) (11 5) (12) (13) (10 5)
 (4 2 1) (16 5 8) (17 12 15) (18) (19) (20) (19) (14 22) (23) (24) (25 20)
 (20 24) (20 14 22) (25 27 28 21) (21 22) (26 27 28 30) (31) (31) (32 29) (34)
 (25 27 28) (29 36 31) (32 29 36) (38) (34 39 37) (35 33 40) (40) (42) (43)
 (42) (35 44 45) (33 46) (47) (41 48) (49) (50) (49) (52) (52) (51 54) (55)
 (55) (57 53) (57 56) (55) (59 60 53) (61) (58 62) (62) (64) (65) (65 58)
 (67 63) (61) (67 69) (69) (65 58 71) (68 72) (73) (74 70) (75) (75) (66 71)
 (74 78) (76 77 79) (76 79) (81 77) (75 79) (77 78) (82 83 84) (85 80) (86)
 (87) (86) (89 87) (90 88) (91) (92) (93) (93) (95) (96) (97 94) (95)
 (99 94 96) (98 100) (98 100) (99 94 96) (98 100) (104) (105) (104)
 (106 107 103) (108 102) (109) (108 101) (111) (109 112) (113) (114) (114)
 (113) (117) (118) (116 110 119) (110 119) (121 116) (122) (115 123) (116 118)
 (116 117 110) (124 126) (123 126 120) (128) (126 119) (130 124 128)
 (130 115 128) (124 125 132) (129 133) (131 134) (135) (131 134 127) (137 136)
 (138) (139) (140) (141) (142) (143) (142) (141) (146) (147 144) (140)
 (145 146 149))