(NIL NIL (2) (3) (1) (3 5) (6) (4 7) (8) (9) (3 1) (4 11) (9 11) (13) (13) (15)
 (14 15) (17 12) (18 16) (17 12) (18 20) (21) (21) (10 19 22 23) (10 19 21)
 (25) (26 24) (27) (27) (29) (30) (31) (32) (31) (29) (33 35 28) (27) (35 37)
 (35 37 32) (34 38 39) (36 40) (41) (42) (33 40) (44 36) (42 45) (42 45)
 (41 44) (43 48) (49 47) (50) (36 40) (43 44 52) (46 53) (48) (55 46)
 (51 56 54) (57) (58) (57) (60) (58 61) (62) (59 63) (62) (65 59) (66) (67)
 (66) (68 69) (69 63) (70 71) (72 64) (62) (74 67 69 64) (75 70 71) (76) (77)
 (78) (79) (73 80) (79 72) (81 82) (79 72) (82 84) (73 77) (82 86) (87) (87)
 (89 85) (81 89) (83 85 91 88) (91) (93 85 88) (91 88) (94 95) (92 96) (97)
 (96) (98 99) (100) (100) (100) (103) (102 104) (90 104) (106 101) (107)
 (105 108) (109) (107 102) (110 111) (112) (113) (112) (114 115) (105 106)
 (113 117) (114 115 118) (116 119) (120) (119) (122 120) (122) (121 124) (125)
 (126) (122) (123 127 128) (125 128) (125 128) (123 126 131) (129 132)
 (132 127) (134) (130 135) (130 135) (129 137) (129 137) (138 139) (139 133)
 (141) (142) (140 143 136) (140 142) (145) (146 136) (147) (148 144) (145 136))