(NIL NIL (2) (1) (4) (3 5) (6) (3 1) (5 8) (9 6) (9 6) (11) (10 12) (11 7)
 (13 7) (15) (15) (15) (18 16) (19 14) (20 17) (19) (22 14) (23 17) (21 24)
 (23) (25 26) (26 21) (26) (29 21) (29) (21 31) (25 32) (33 27 30) (34 28) (35)
 (35) (37) (38) (34) (38 40) (37 40) (41 42 36) (28 40) (41 42 44) (42 44 38)
 (43 44) (47) (46 47) (49) (50) (51 45) (52) (51 39) (54) (55) (53 55) (57 48)
 (57) (54) (59 60) (61) (61) (58 63) (64) (65) (65 62 56) (67) (62 64) (63 48)
 (66 70 56) (67 71) (72) (66 70 56) (73 74 68) (75) (75) (77) (75)
 (76 69 78 79) (77 69 79) (81 80) (82) (83) (84) (85) (86) (86) (86) (89)
 (90 88) (91) (92 87) (91 87) (93 94) (93 94) (96) (97) (96) (99) (97 100)
 (101) (100) (98 99) (102 104) (101 104) (101 103 104) (107) (108 102)
 (105 106 108) (105 108) (111) (105 107) (103 104) (114 111 109 110 95)
 (113 115 112) (116) (117) (115) (113 119) (117 120) (121) (116 119) (122 123)
 (124) (121 123) (125 118 126) (127) (127) (129 128) (130) (130) (125 126)
 (131 133) (132 134) (135) (135) (131 132 133) (138 136) (137 139) (140) (141)
 (141) (143) (140) (138 135) (145 146 142) (147 143) (146 144) (145 149 142))