(NIL NIL (2) (3) (4) (3) (4 6 1) (5) (8) (7 9) (7 9) (11) (10 12) (12) (11)
 (12 15) (16) (17) (18 13 14) (17 10 14) (18 20 13) (19 21) (21) (22 23) (23)
 (25 24) (26) (27) (25 24) (29) (27 30) (28 31) (32) (26 29) (33 34) (34 31)
 (35 36) (35 36) (38) (38) (39) (40 41) (41) (43 42) (43 42) (45) (42) (43 47)
 (45 48) (49 46) (49 44 37 46) (51) (52) (51) (52 54) (50 55) (54) (57 53 56)
 (57) (59) (60 52) (50 53 55 61) (62 56) (58 63) (64) (65) (65) (65) (64)
 (66 67 69) (65 69) (66 71) (67 72) (73) (65 69) (75 70 71) (73 76 68) (77)
 (74 77) (74 77) (78 80) (80) (82 78) (83 79) (79 80) (82 85) (85 78)
 (81 84 87) (83 86 87) (89) (90) (90) (89) (81 91 84 93) (94 88) (83 85)
 (81 91 84 96) (97 92 94) (98) (99) (81 91 92 93 96) (99 101 95) (102) (99 101)
 (104 88) (103 104) (106) (105 107 100) (107 100) (100 101) (102 110)
 (105 111 103) (109 112) (113) (106 111) (100 101 95) (116 112) (107 117)
 (115 118) (119) (113 108 120) (121) (122) (122) (120) (114 125) (113 120)
 (121 126 127) (123 124 128) (124 128) (130) (130) (129 132) (123 128)
 (124 134) (133 134) (131 135 136) (137) (135 136) (139) (140) (141) (139)
 (138 140 143) (142 144) (145) (146) (147) (131 141 143) (146 149))