(NIL NIL (2) (2 1) NIL (5 2) (6) (5) (8 2) (8 1) (8) (7 4 11) (8) (11 13 1)
 (14) (13 3) (16 6) NIL (18 9) (11 3) (10 15 19) (5) (20 7 22 21) (15 22 3)
 (16 20 24 12) (12 10 24) (16 26 23) (10 14 22) (26 28 21) (29 23)
 (18 16 28 15) (26 21 31) (20 31 19 12) (26 31 23) (33 34 17) (25 35 29) (36)
 (12 9 31) (38 23 24) (25 34 39) (35 40) (25 39) (42) (38 23) (41 44 37 30)
 (45 32) (42 45) (47) (45) (49) (50 48) (50 46) (50 47) (49 42) (50 54) (55)
 (35 44) (57 45 32) (58) (50 27 59) (52 60 47) (59 46 55) (42 58) (51 63 56)
 (63 47 56) (65 43) (66 59) (65 51) (66 52 68) (65 53 61) (51 70 62) (58 52 47)
 (72 53 69) (73) (72 61) (64 75) (76 69 62) (67 77) (64 73 75 62) (79) (51 75)
 (27 43 56) (82 75 69) (83 76) (80 74 67 84 70) (64 81 83 71) (86) (87) (83 53)
 (88 74 89 77 84) (89 84 86) (82 80 67 77) (92) (92 90) (94) (95) (94) (95 97)
 (95 97) (99) (98 100 78) (100 85) (93 102) (100) (100 78) (91 94) (93 94)
 (107 78) (108 96 97) (108 102) (110 96) (98 106 111) (98 111) (110 96)
 (98 106 114) (109 103 115) (116) (116) (118 111 105) (118 101 113) (120)
 (109 114) (122 120 105) (119 120 104 122) (119 117 104 122) (124 125)
 (123 126) (127) (127) (129) (107 101 102) (131 117) (132 104) (123 133)
 (107 97) (131 135 125 121) (129 136) (137) (132 138 128) (137 134) (140) (140)
 (142) (143) (138 128 144) (138 144 130) (138 144) (138 128 143) (147 148 112)
 (149))