(NIL (1) (1) (1) (4) (2) (6) (6 3) (7 8) (6) (9 10) (6 4) (5 7 12) (13) (5 12)
 (9 12) (5 16) (17 14) (12 5 10) (15 8) (6) (15 7 21 8) (11 22) (22 17)
 (15 21 8) (25 19 14) (20 26 17) (24 27) (28) (26) (11 30 17 22) (20 31)
 (29 30) (32 33 18) (30 17) (29 35 31) (36 33) (35 31 28) (9 20 25) (31 39 28)
 (39 13 17) (41) (11 39 18) (43 37 40) (43 41 28) (45 23 35) (46 31) (47)
 (36 48 33) (45 23 40 33) (36 32) (51 44 34) (50 37 32) (53 48) (42 54) (55)
 (52 56) (56) (58) (52 58) (51 54) (53) (62) (38 60 63) (64) (59 60 62) (66 64)
 (66 49) (67 57 68) (69) (69) (71) (42 62 61) (73 52 58) (74 63) (67 75 49)
 (76) (77 70 72) (76 70) (57 76 68) (77 72 80) (70 72 80) (74) (83 77)
 (84 78 80) (83 80) (81 70 86 65) (82 87) (87) (89) (90) (82 91) (89 82 85)
 (74 68) (76 94 65) (89 95) (96) (97 78 79) (97 84) (89 95) (91 84 100)
 (93 101 88) (96 82 100 90) (103) (104 98 85) (105 101) (103) (84 87 78 79)
 (104 91 93 108) (109 92 101) (97 109) (92 111 107) (99 112 102) (98 110 113)
 (113) (101 111) (110 111 102) (117) (118 99) (111) (105 120 92 101)
 (114 119 121) (119 115 121) (114 123) (106 124) (118 120 112) (123 116 126)
 (120 110) (115 128) (127 106 129) (130) (122 131) (114 131) (133) (132 134)
 (135) (132 133 125) (122 131 125) (130) (139 136) (140) (140) (137 140)
 (137 140) (143 144) (145) (145) (147 141) (138 140) (146 149))