(NIL NIL (1) NIL (4) NIL NIL (7) (7) (9 2) (3 10) (9 6) (4) (11) (14) (8 4) (7)
 (14 17) (5 17 1) (2 19 12) (14 20) (10 12) (5 22) (7) (24 20) (8 25 11)
 (13 26) (13 22 25) (3 16 28) (11 24) (21 25 18 30) (31 27) (32) (31) (16 34)
 (35 22) (35 23) (26 34 29) (38) (39 15 23) (26 30) (41 29 23) (38 42) (39 43)
 (43 15) (32 45 36) (27 41 23 38) (32 47 42) (47) (49) (50) (32 37 50)
 (52 33 43 36) (52) (54) (49 36 42) (56 45 54 48) (45 54 56) (43 51 56)
 (40 59 54) (60 55) (59 44 55) (60 62) (46 63 48) (60 53 62) (57 65 61 64)
 (39 58 59 46 55) (59 15 54 48) (67 68 63) (68) (58 33 70) (69 71) (70)
 (73 67 64) (74 71) (57 65 75 69) (75) (77 69) (65 73 61 64) (73 58 64 53 61)
 (57 68 63) (73 66 67 81) (82 78 80) (73 66 71 81) (81 69 80) (81 69 53 74)
 (77 86 80) (83 76 87) (88 72) (89) (61 86) (66 75 91 80) (92 84 79) (93 85)
 (94) (78 94) (96) (84 76 91 78) (82 92 98) (75 86 80) (100 84) (100 96)
 (100 92 85 79) (89 98 103) (97 104) (105) (106 101) (104) (108 94) (109)
 (107 108) (90 109 111) (102 112) (112) (114) (102 112) (90 102 111)
 (114 99 116 117) (115 118) (110 95 118) (120) (120) (120) (118) (121 122 124)
 (124) (113 115 124 120) (127 126 119) (106 108 101) (121 129 127) (130)
 (122 131) (130 125) (130 119) (134) (122 135) (131 133 135) (137) (138 128)
 (139 136) (140) (123 140) (142) (140) (133 135) (135) (138 146)
 (145 139 147 136) (122 134) (136 138 145 146 149 128))