(NIL NIL (2 1) (2) NIL (5 2 1) (4) (6) (8 4) NIL (3 8 7) (6) (10 9 12) (10 7)
 NIL (15 10 4 1) (16) (17 14) (18) (6 16) (6 18) (17 8) (18 22 20) (22 13)
 (23 24) (23 19 24) (3 23 19 21 24) (27) (22 11 14) (16) (17 30 20) (9 12 31)
 (26 27 11 31) (31 21 29 13) (34 28) (34 27 32) (34 28) (34) (26 36 28 38) (39)
 (37 39) (26 38) (27 38 32) (43 40) (43 37) (26 30 29) (33 41 46 40) (45 46 40)
 (42 35 47 48) (33 42 44 37 46) (43 46) (50 51 48) (27 30) (51 36 53)
 (25 28 54) (50 54 48) (41 54) (33 25 57 48) (49 58 55 56) (50 58) (54) (58 61)
 (35 60 61) (59 63) (49 54) (65 64) (41 50 53 48) (65 58 67 52 61) (66 68)
 (68 64) (67 62 47 56) (49 53) (59 60 72) (73 68 64) (50 51 72) (68 60 75)
 (73 76) (77) (76 64) (68 72) (80 56) (81 62 70) (82 75 71) (74 78 82)
 (83 84 79) (81 62 64) (86 79) (75 86) (66 79 88) (79 88) (90 83 87) (91 85)
 (90) (91 84 93) (83 93) (88) (91 69 96) (66 78 88) (98 94) (85 87 88) (100 69)
 (88 70 78) (73 88) (98 84 103) (89 94 104) (97 105) (106 101) (106 99) (106)
 (109) (92 101 102 95 110) (100 109 102 95) (109 101) (113) (114 99 95)
 (113 102) (115 116 111) (106 99 85) (118 95) (107 108 109 119) (111 120)
 (115 116 111 120) (92 110 119) (118) (124 100) (123 124 107 116 115)
 (125 126 111) (127) (127) (129 108) (114 107 102 95 118) (131 125 110)
 (132 111) (131 125) (123 134) (121 116 135) (115 136) (117 127 136) (138)
 (137 139 133 128) (139) (138) (142) (137 143 112) (130 144) (145 122 141)
 (145) (122 132 142) (148) (139 149 128))