(NIL NIL (1 2) NIL (1) NIL (6) (6 3) (6) (9) (8 10 4) (3 10) (8 9) (7 11) (14)
 (15) NIL (4) (3 7) (19 11 13) (20) (19 11 18 13) (5 18) (20 22 23) (12 7 5)
 (25 19) (25) (25 14 18) (20 28 16) (29 23) (30) (22 31) (31) (33) (33) (26 35)
 (30 24) (33 37) (26 21 38 32) (39) (40) (34 39) (34 36 38) (38) (17 27 44)
 (45) (35 46) (34 36 45 40) (41 48) (46 39) (43 50) (41 51 48) (52) (49 53)
 (54) (54) (56) (57) (57) (56) (54 47) (42 60 61) (42 61) (49 52) (42 55 64)
 (65 58 62 63) (64 61 56) (52) (57 42 68 61 64) (66 67 68) (65 68) (68 61 64)
 (59 62 55 72) (73) (59 62 71 72) (75 69) (57 67 60 71 72) (74 77) (66 78)
 (66 78) (77 62) (81 58 69 74) (82 78 63) (81 59 69) (75 84 83 79) (66 84)
 (82 76 86 79) (66 75 84 83) (85 88) (89 80) (90) (91) (89) (89 76) (91 86 94)
 (58 72) (91 94 96) (97) (98 87) (82 96 80) (100 70 94) (100 92 87) (102)
 (93 102 95) (97 103 104) (102) (106) (106 94) (91 100) (109 86 94) (76 109)
 (111 110 103) (98 101 112) (113 107) (113 107) (113 93 95) (116 104)
 (101 93 112) (105 107 108 118) (106 99 118) (105 107 111) (98 102 111)
 (122 70) (107 117 123) (105 124) (113 121 123) (125 126 119)
 (105 122 107 108 118) (92 111) (113 129 123 119) (129 117 119) (131) (131)
 (99 124 133) (115 134) (135) (121 114 131 122) (137) (138 132 125 134) (139)
 (130 140) (139) (142 135) (141 143) (130 139) (138 130 120) (145 146 126)
 (146 125 135 128) (130 114 131 125 120) (139 149 128))