(NIL NIL (2) (1 2) NIL NIL (6) (7 3) NIL (9) (9) (7 2) (12 11) (9 12 5) (11 14)
 (1 15) (8 4 13 14) (14) (18) (19) (4 18) (21 20) (22) (15 18) (24 10 16)
 (25 23) (8 24 1) (4 27) (28) (25 21 29) (30 17 23) (26 28) (10 28) (25 33 19)
 (33 21) (18) (16 36 21) (13 37 27 23) (37 29 35) (31 32 39) (40 38) (32 37 34)
 (42) (39 43) (44) (42 35) (13 46) (31 47) (48 43) (42 29) (39 50) (51)
 (31 47 38 52) (44 53) (48 54) (49 41 54) (55 56) (40 49 51) (31 51)
 (48 45 53 59) (57 60) (55 40 59) (62 60) (62) (64) (65) (57 60 65) (64 41)
 (62 58) (63 69) (48 45 53 59) (55 71 58 56) (72 65) (73) (74 63) (74)
 (57 70 68 76) (77) (77) (76) (71 65 56) (57 72 81 70) (82 78 67)
 (61 82 68 76 67) (79 81 78 67) (60 73 81 68) (86) (70 68) (88 56)
 (61 85 89 86) (90 83) (87 91 66) (91) (93 75 66) (93 75) (95) (96) (97 84)
 (87 93 75 84) (99) (99 95) (101 94 96) (100 102) (100 101) (90 82) (105 94 95)
 (80 106 100 102 98) (107) (107 92) (109 103) (109 103 104) (97 99 106)
 (112 110) (112 110) (114 104) (115) (116 111) (113 115 111) (112 111) (105 92)
 (104) (121 115 119) (122) (121 118) (108 124) (120 124) (126) (122 127)
 (126 108) (123 124) (116 108 127 130) (124) (132) (133) (134 120 130)
 (129 135 117) (136) (125 137 128) (134 122) (139 117 130) (140) (141 127)
 (132 120) (126 143 130) (144) (145 137) (139 146 138) (129 116 143)
 (140 135 148 131) (125 149))