(NIL NIL (1 2) NIL (2 4) (1 4) (5 3 6) NIL (4 8) (2 8) (9 5 10) (1 8) (9 6 12)
 (3 10 12) (11 13 7 14) NIL (8 16) (4 16) (17 9 18) (2 16) (17 10 20) (5 18 20)
 (19 21 11 22) (1 16) (17 12 24) (18 24 6) (25 26 19 13) (3 20 24)
 (25 28 21 14) (26 7 28 22) (27 29 15 23 30) NIL (16 32) (8 32) (33 17 34)
 (4 32) (33 18 36) (9 34 36) (35 37 19 38) (2 32) (33 20 40) (34 40 10)
 (41 42 35 21) (5 36 40) (41 44 37 22) (42 11 44 38) (43 45 23 39 46) (1 32)
 (33 48 24) (34 12 48) (25 49 35 50) (6 36 48) (49 26 52 37) (50 52 13 38)
 (27 53 51 39 54) (3 48 40) (41 49 28 56) (42 56 14 50) (57 58 43 29 51)
 (7 44 52 56) (57 53 60 45 30) (58 60 46 15 54) (31 47 55 59 61 62) NIL (64 32)
 (64 16) (65 33 66) (64 8) (65 34 68) (17 66 68) (67 69 35 70) (64 4)
 (65 36 72) (66 72 18) (73 74 67 37) (9 68 72) (73 76 69 38) (74 19 76 70)
 (75 77 39 71 78) (64 2) (65 80 40) (66 20 80) (41 81 67 82) (10 68 80)
 (81 42 84 69) (82 84 21 70) (43 85 83 71 86) (5 80 72) (73 81 44 88)
 (74 88 22 82) (89 90 75 45 83) (11 76 84 88) (89 85 92 77 46) (90 92 78 23 86)
 (47 79 87 91 93 94) (64 1) (65 96 48) (66 96 24) (49 97 67 98) (68 12 96)
 (97 50 100 69) (25 98 100 70) (51 101 99 71 102) (6 96 72) (73 97 52 104)
 (74 98 104 26) (105 106 75 53 99) (76 13 104 100) (105 101 108 77 54)
 (106 27 108 78 102) (103 107 109 110 79 55) (3 96 80) (81 97 112 56)
 (82 28 112 98) (57 113 83 99 114) (84 112 14 100) (113 58 116 85 101)
 (114 116 29 86 102) (103 115 117 118 87 59) (7 104 112 88) (89 105 60 113 120)
 (90 114 120 30 106) (107 115 121 122 91 61) (92 116 120 15 108)
 (109 117 121 124 93 62) (110 31 118 122 124 94) (111 95 119 123 125 126 63)
 NIL (128 64) (128 32) (65 130 129) (128 16) (66 132 129) (33 130 132)
 (131 133 67 134) (128 8) (68 129 136) (130 136 34) (137 138 131 69)
 (17 132 136) (137 140 133 70) (138 35 140 134) (139 141 71 135 142) (128 4)
 (144 129 72) (130 36 144) (73 145 131 146) (18 132 144) (145 74 148 133)
 (146 148 37 134) (75 149 147 135 150) (9 144 136) (137 145 76 152)
 (138 152 38 146) (153 154 139 77 147) (148 19 140 152) (153 149 156 141 78)
 (154 156 142 39 150) (79 143 151 155 157 158) (128 1) (160 129 96)
 (130 160 48) (97 161 131 162) (132 160 24) (161 98 164 133) (49 162 164 134)
 (99 165 163 135 166) (12 160 136) (137 161 100 168) (138 168 162 50)
 (169 170 139 101 163) (25 164 140 168) (169 165 172 141 102)
 (170 51 172 142 166) (103 167 171 173 174 143) (6 160 144) (145 161 176 104)
 (176 146 52 162) (105 177 147 163 178) (164 26 148 176) (177 106 180 149 165)
 (178 180 53 150 166) (167 107 179 181 182 151) (176 168 13 152)
 (153 169 108 177 184) (154 184 178 54 170) (171 109 179 185 186 155)
 (172 180 27 156 184) (173 110 181 185 188 157) (174 182 55 186 188 158)
 (175 111 183 187 189 190 159) NIL (192 128) (192 64) (193 129 194) (192 32)
 (130 193 196) (65 196 194) (131 197 198 195) (192 16) (193 132 200)
 (66 194 200) (201 202 133 195) (33 196 200) (201 204 197 134) (202 67 204 198)
 (203 205 135 199 206) (192 8) (193 208 136) (68 194 208) (137 209 195 210)
 (34 196 208) (209 138 212 197) (210 212 69 198) (139 213 211 199 214)
 (17 208 200) (201 209 140 216) (202 216 70 210) (217 218 203 141 211)
 (212 35 204 216) (217 213 220 205 142) (218 220 206 71 214)
 (143 215 219 221 222 207) (192 4) (193 224 144) (224 194 72) (145 225 195 226)
 (36 196 224) (225 146 228 197) (73 226 228 198) (147 229 227 199 230)
 (18 224 200) (201 225 148 232) (202 232 226 74) (233 234 203 149 227)
 (228 204 37 232) (233 229 236 205 150) (234 75 236 206 230)
 (231 235 237 238 151 207) (9 224 208) (209 225 240 152) (240 210 76 226)
 (153 241 211 227 242) (228 212 38 240) (241 154 244 213 229)
 (242 244 77 214 230) (231 243 245 246 215 155) (240 19 232 216)
 (217 233 156 241 248) (218 248 242 78 234) (235 243 249 250 219 157)
 (236 244 220 39 248) (237 245 249 252 221 158) (238 79 246 250 252 222)
 (239 223 247 251 253 254 159) (192 2) (256 194 80) (196 256 40)
 (81 257 198 258) (20 256 200) (257 202 260 82) (41 258 204 260)
 (262 83 261 206 259) (10 256 208) (257 210 84 264) (42 212 264 258)
 (265 266 259 85 214) (260 21 264 216) (265 218 268 261 86)
 (268 266 43 220 262) (263 267 269 270 87 222) (5 256 224) (257 226 272 88)
 (258 228 44 272) (89 273 259 230 274) (272 260 22 232) (273 234 276 261 90)
 (274 276 236 45 262) (263 238 275 277 278 91) (11 264 272 240)
 (265 242 92 273 280) (266 280 244 46 274) (267 275 246 281 282 93)
 (280 268 276 23 248) (269 277 281 250 284 94) (252 270 47 278 282 284)
 (271 286 279 283 285 254 95) (192 1) (193 288 160) (288 194 96)
 (161 289 195 290) (288 196 48) (289 162 292 197) (97 290 292 198)
 (163 293 291 199 294) (288 24 200) (201 289 164 296) (202 296 290 98)
 (297 298 203 165 291) (49 292 204 296) (297 293 300 205 166)
 (298 99 300 206 294) (167 295 299 301 302 207) (288 12 208) (209 289 304 168)
 (210 100 304 290) (169 305 211 291 306) (50 212 292 304) (305 170 308 213 293)
 (306 308 101 214 294) (295 171 307 309 310 215) (25 304 296 216)
 (217 297 172 312 305) (218 306 312 102 298) (299 173 307 313 314 219)
 (300 51 220 308 312) (301 174 309 313 316 221) (103 302 310 314 316 222)
 (303 175 311 315 317 318 223) (6 288 224) (225 289 320 176) (226 320 290 104)
 (177 321 227 291 322) (292 228 52 320) (321 178 324 229 293)
 (105 322 324 230 294) (323 325 231 295 179 326) (26 296 320 232)
 (233 297 180 321 328) (234 328 298 322 106) (323 329 330 235 181 299)
 (300 324 236 53 328) (325 329 237 332 301 182) (326 330 107 332 238 302)
 (327 331 333 334 303 239 183) (320 304 13 240) (241 305 336 321 184)
 (242 336 108 322 306) (323 307 337 338 243 185) (308 324 244 54 336)
 (325 309 337 340 245 186) (326 109 338 340 246 310)
 (247 327 339 341 342 311 187) (328 336 27 312 248) (329 337 313 344 249 188)
 (330 110 338 344 250 314) (331 339 345 346 251 189 315)
 (252 332 340 55 344 316) (253 333 341 345 348 317 190)
 (334 111 318 342 346 348 254) (255 335 191 343 347 349 350 319) (3 288 256)
 (257 290 352 112) (258 352 292 56) (113 353 259 294 354) (352 260 28 296)
 (353 114 356 261 298) (57 354 300 262 356) (355 357 358 263 302 115)
 (352 304 14 264) (265 306 116 353 360) (360 266 308 354 58)
 (355 361 362 267 117 310) (356 360 268 29 312) (357 361 364 269 118 314)
 (358 362 364 270 59 316) (359 363 365 366 271 119 318) (352 7 320 272)
 (273 322 368 353 120) (368 274 324 60 354) (355 326 369 370 275 121)
 (356 368 276 30 328) (357 330 369 372 277 122) (358 332 370 372 278 61)
 (359 334 371 373 374 279 123) (360 368 336 15 280) (361 369 338 376 281 124)
 (362 370 340 376 282 62) (363 371 342 377 378 283 125)
 (344 364 31 372 376 284) (365 373 377 346 380 285 126)
 (380 366 374 378 348 286 63) (367 382 287 375 379 381 350 127))