(NIL NIL (1 2) NIL (2 4) (1 4) (5 3 6) NIL (4 8) (2 8) (9 5 10) (1 8) (9 6 12)
 (3 10 12) (11 13 7 14) NIL (8 16) (4 16) (17 9 18) (2 16) (17 10 20) (5 18 20)
 (19 21 11 22) (1 16) (17 12 24) (18 24 6) (25 26 19 13) (3 20 24)
 (25 28 21 14) (26 7 28 22) (27 29 15 23 30) NIL (16 32) (8 32) (33 17 34)
 (4 32) (33 18 36) (9 34 36) (35 37 19 38) (2 32) (33 20 40) (34 40 10)
 (41 42 35 21) (5 36 40) (41 44 37 22) (42 11 44 38) (43 45 23 39 46) (1 32)
 (33 48 24) (34 12 48) (25 49 35 50) (6 36 48) (49 26 52 37) (50 52 13 38)
 (27 53 51 39 54) (3 48 40) (41 49 28 56) (42 56 14 50) (57 58 43 29 51)
 (7 44 52 56) (57 53 60 45 30) (58 60 46 15 54) (31 47 55 59 61 62) NIL (64 32)
 (64 8) (65 34 66) (64 4) (65 36 68) (9 66 68) (69 70 67 38) (64 2) (65 72 40)
 (10 66 72) (73 42 67 74) (5 72 68) (69 73 44 76) (70 11 76 74)
 (71 75 77 46 78) (64 1) (65 80 48) (66 12 80) (81 50 67 82) (6 80 68)
 (69 81 52 84) (70 84 13 82) (83 71 85 54 86) (3 80 72) (73 81 88 56)
 (74 88 14 82) (89 58 75 83 90) (7 76 88 84) (89 85 60 77 92) (90 92 78 15 86)
 (87 91 93 94 79 62) NIL (96 64) (96 32) (65 98 97) (96 16) (33 98 100) (96 8)
 (66 97 102) (98 102 34) (99 67 103 104) (17 100 102) (106 101 35 104) (96 4)
 (108 97 68) (98 36 108) (69 99 109 110) (100 108 18) (101 37 110 112)
 (9 108 102) (70 109 103 114) (114 110 38 104) (105 71 116 115 111)
 (106 19 114 112) (113 107 116 118 39) (96 2) (120 97 72) (98 120 40)
 (73 121 99 122) (100 20 120) (41 122 101 124) (10 102 120) (121 74 126 103)
 (42 122 126 104) (105 75 123 127 128) (106 124 21 126) (130 107 125 43 128)
 (5 108 120) (121 76 109 132) (122 44 132 110) (133 123 77 134 111)
 (124 132 22 112) (113 125 45 134 136) (114 11 132 126) (138 115 133 78 127)
 (134 138 116 46 128) (129 117 135 139 140 79) (138 130 118 23 136)
 (131 119 137 140 142 47) (96 1) (144 97 80) (98 144 48) (81 145 99 146)
 (100 144 24) (49 146 101 148) (12 102 144) (145 82 150 103) (50 146 150 104)
 (105 83 147 151 152) (25 106 148 150) (154 107 149 51 152) (6 108 144)
 (145 84 109 156) (146 52 110 156) (157 147 85 158 111) (26 148 156 112)
 (113 149 53 158 160) (114 156 13 150) (162 115 157 86 151)
 (158 162 116 54 152) (163 164 117 87 153 159) (154 27 162 118 160)
 (161 164 166 119 55 155) (3 144 120) (121 145 168 88) (168 122 146 56)
 (89 169 123 147 170) (168 124 28 148) (57 149 172 125 170) (168 150 126 14)
 (169 90 151 127 174) (58 152 170 174 128) (129 91 175 176 153 171)
 (130 172 29 174 154) (131 173 176 178 155 59) (168 7 132 156)
 (169 157 92 133 180) (180 170 60 134 158) (135 171 93 181 182 159)
 (172 180 160 30 136) (161 137 173 182 184 61) (138 180 174 15 162)
 (163 139 94 175 181 186) (164 140 176 182 186 62) (165 141 95 177 183 187 188)
 (166 142 31 178 184 186) (167 143 179 185 188 190 63) NIL (192 96) (192 64)
 (193 97 194) (192 32) (98 193 196) (65 196 194) (99 197 198 195) (192 16)
 (100 193 200) (33 200 196) (201 101 197 202) (192 8) (193 204 102)
 (204 66 194) (205 103 195 206) (34 196 204) (205 208 197 104) (208 67 198 206)
 (105 209 207 199 210) (17 204 200) (106 212 201 205) (35 212 202 208)
 (209 107 213 214 203) (192 4) (193 108 216) (216 194 68) (217 218 109 195)
 (36 196 216) (217 220 197 110) (69 218 220 198) (219 221 111 199 222)
 (18 200 216) (217 224 201 112) (220 37 202 224) (113 225 221 203 226)
 (9 204 216) (217 114 228 205) (70 228 206 218) (115 229 219 207 230)
 (228 220 38 208) (209 229 116 221 232) (210 71 232 222 230)
 (117 211 223 231 233 234) (228 19 212 224) (225 229 236 213 118)
 (226 236 214 39 232) (119 215 227 233 237 238) (192 2) (193 240 120)
 (240 194 72) (121 241 195 242) (196 240 40) (241 122 244 197) (73 242 244 198)
 (123 245 243 199 246) (20 200 240) (241 124 201 248) (41 244 202 248)
 (249 245 125 203 250) (10 204 240) (241 252 205 126) (74 252 206 242)
 (243 253 127 207 254) (42 244 252 208) (209 253 256 245 128)
 (210 75 256 246 254) (129 257 258 211 247 255) (212 21 252 248)
 (249 130 253 260 213) (250 43 260 214 256) (257 131 261 262 215 251)
 (5 240 216) (217 241 132 264) (218 76 264 242) (265 266 219 133 243)
 (44 220 244 264) (265 245 268 221 134) (266 268 77 222 246)
 (135 267 269 270 223 247) (264 248 22 224) (225 249 265 272 136)
 (226 268 45 272 250) (137 269 273 274 227 251) (11 228 252 264)
 (265 138 253 276 229) (254 266 276 230 78) (139 277 278 231 267 255)
 (276 268 256 46 232) (257 140 269 277 280 233) (258 270 278 79 280 234)
 (259 141 271 279 281 282 235) (276 236 260 23 272) (261 142 273 277 284 237)
 (262 47 274 280 284 238) (263 143 275 281 285 286 239) (192 1) (193 288 144)
 (288 194 80) (145 289 195 290) (288 196 48) (289 146 292 197) (81 290 292 198)
 (147 293 291 199 294) (288 200 24) (289 148 201 296) (49 292 202 296)
 (297 293 149 203 298) (204 12 288) (289 300 205 150) (82 300 206 290)
 (291 301 151 207 302) (50 292 300 208) (209 301 304 293 152)
 (210 83 304 294 302) (295 211 303 305 306 153) (25 300 212 296)
 (297 154 308 213 301) (298 51 308 214 304) (299 215 305 309 310 155)
 (6 288 216) (217 289 156 312) (218 84 312 290) (313 314 219 157 291)
 (292 220 52 312) (313 293 316 221 158) (314 316 85 222 294)
 (295 223 315 317 318 159) (26 296 312 224) (225 297 320 313 160)
 (226 316 53 320 298) (161 321 322 299 227 317) (300 228 13 312)
 (313 162 324 229 301) (314 302 324 230 86) (163 325 326 303 231 315)
 (316 324 304 54 232) (164 325 328 305 233 317) (326 87 328 306 234 318)
 (165 327 329 330 307 235 319) (324 308 27 236 320) (321 325 166 332 309 237)
 (322 328 332 310 55 238) (323 167 329 333 334 311 239) (3 288 240)
 (241 289 336 168) (242 336 290 88) (169 337 243 291 338) (292 336 244 56)
 (337 170 340 245 293) (89 338 340 246 294) (295 171 339 341 342 247)
 (296 336 28 248) (249 297 172 337 344) (57 250 344 340 298)
 (299 173 341 345 346 251) (300 252 14 336) (337 301 348 253 174)
 (90 348 254 338 302) (303 339 175 349 350 255) (348 58 340 304 256)
 (257 176 305 341 349 352) (258 91 306 342 350 352)
 (353 354 259 177 307 343 351) (308 348 260 29 344) (356 261 178 309 345 349)
 (356 262 310 346 59 352) (353 357 358 263 179 311 347) (336 7 312 264)
 (265 313 180 337 360) (360 266 92 338 314) (361 362 267 339 181 315)
 (316 340 268 60 360) (361 364 269 341 182 317) (362 364 93 270 342 318)
 (183 363 365 366 271 343 319) (360 344 320 30 272) (321 361 368 273 184 345)
 (322 364 368 274 346 61) (323 365 369 370 275 185 347) (348 324 276 15 360)
 (325 361 372 277 186 349) (326 362 94 372 278 350)
 (327 363 373 374 279 187 351) (328 364 372 280 62 352)
 (353 329 365 373 376 281 188) (354 330 366 95 374 376 282)
 (355 331 367 375 377 378 283 189) (356 332 31 368 372 284)
 (357 333 369 373 380 285 190) (358 334 370 376 380 286 63)
 (359 335 371 287 377 381 382 191))