(NIL NIL (1 2) NIL (2 4) (1 4) (5 3 6) NIL (4 8) (2 8) (9 5 10) (1 8) (9 6 12)
 (3 10 12) (11 13 7 14) NIL (8 16) (4 16) (17 9 18) (2 16) (17 10 20) (5 18 20)
 (19 21 11 22) (1 16) (17 12 24) (18 24 6) (25 26 19 13) (3 20 24)
 (25 28 21 14) (26 7 28 22) (27 29 15 23 30) NIL (16 32) (8 32) (33 17 34)
 (4 32) (33 18 36) (9 34 36) (35 37 19 38) (2 32) (33 20 40) (34 40 10)
 (41 42 35 21) (5 36 40) (41 44 37 22) (42 11 44 38) (43 45 23 39 46) (1 32)
 (33 48 24) (34 12 48) (25 49 35 50) (6 36 48) (49 26 52 37) (50 52 13 38)
 (27 53 51 39 54) (3 48 40) (41 49 28 56) (42 56 14 50) (57 58 43 29 51)
 (7 44 52 56) (57 53 60 45 30) (58 60 46 15 54) (31 47 55 59 61 62) NIL (64 32)
 (64 16) (65 33 66) (64 8) (65 34 68) (17 66 68) (67 69 35 70) (64 4)
 (65 36 72) (66 72 18) (73 74 67 37) (9 68 72) (73 76 69 38) (74 19 76 70)
 (75 77 39 71 78) (64 2) (65 80 40) (66 20 80) (41 81 67 82) (10 68 80)
 (81 42 84 69) (82 84 21 70) (43 85 83 71 86) (5 80 72) (73 81 44 88)
 (74 88 22 82) (89 90 75 45 83) (84 11 76 88) (89 85 92 77 46) (90 92 78 23 86)
 (47 87 91 93 94 79) (64 1) (65 96 48) (66 96 24) (49 97 67 98) (68 12 96)
 (97 50 100 69) (25 98 100 70) (51 101 99 71 102) (6 96 72) (73 97 52 104)
 (74 98 104 26) (105 106 75 53 99) (76 13 104 100) (105 101 108 77 54)
 (106 27 108 78 102) (103 107 109 110 55 79) (3 96 80) (81 97 112 56)
 (82 28 112 98) (57 113 83 99 114) (84 112 14 100) (113 58 116 85 101)
 (114 116 29 86 102) (103 115 117 118 87 59) (7 104 112 88) (89 105 60 113 120)
 (90 114 120 30 106) (107 115 121 122 91 61) (92 116 120 15 108)
 (109 117 121 124 93 62) (110 31 118 122 124 94) (111 95 119 123 125 126 63)
 NIL (128 64) (128 32) (65 130 129) (128 16) (66 132 129) (33 130 132)
 (131 133 67 134) (128 8) (68 129 136) (130 136 34) (137 138 131 69)
 (17 132 136) (137 140 133 70) (138 35 140 134) (139 141 71 135 142) (128 4)
 (144 129 72) (130 36 144) (73 145 131 146) (18 132 144) (145 74 148 133)
 (146 148 37 134) (75 149 147 135 150) (9 144 136) (137 145 76 152)
 (138 152 38 146) (153 154 139 77 147) (148 19 140 152) (153 149 156 141 78)
 (154 156 142 39 150) (151 155 157 158 143 79) (128 2) (160 129 80)
 (130 160 40) (81 161 131 162) (20 132 160) (161 82 164 133) (41 162 164 134)
 (83 165 163 135 166) (10 160 136) (137 161 84 168) (162 138 168 42)
 (169 170 139 85 163) (140 21 164 168) (169 165 172 141 86)
 (170 43 172 142 166) (167 171 173 174 143 87) (5 160 144) (145 161 176 88)
 (146 44 176 162) (89 177 147 163 178) (148 164 22 176) (177 90 165 180 149)
 (178 180 45 150 166) (151 167 179 181 182 91) (11 168 176 152)
 (153 169 177 92 184) (178 154 184 46 170) (155 179 185 186 93 171)
 (156 172 180 23 184) (157 173 181 185 188 94) (158 47 174 182 186 188)
 (159 175 183 187 189 190 95) (128 1) (192 129 96) (130 192 48)
 (97 193 131 194) (132 192 24) (193 98 196 133) (49 194 196 134)
 (99 197 195 135 198) (12 192 136) (137 193 100 200) (138 200 194 50)
 (201 202 139 101 195) (25 196 140 200) (201 197 204 141 102)
 (202 51 204 142 198) (103 199 203 205 206 143) (6 192 144) (145 193 208 104)
 (208 146 52 194) (105 209 147 195 210) (196 26 148 208) (209 106 212 149 197)
 (210 212 53 150 198) (151 199 107 211 213 214) (208 200 13 152)
 (153 201 108 209 216) (154 216 210 54 202) (155 109 211 217 218 203)
 (204 212 27 156 216) (157 205 110 213 217 220) (158 206 214 55 218 220)
 (159 207 111 215 219 221 222) (3 192 160) (161 193 224 112) (162 224 194 56)
 (113 225 163 195 226) (196 164 28 224) (225 114 228 165 197)
 (57 226 228 166 198) (227 229 167 199 115 230) (224 200 14 168)
 (169 201 116 232 225) (170 232 202 226 58) (227 233 234 171 117 203)
 (204 228 172 29 232) (229 233 173 236 205 118) (230 234 236 174 206 59)
 (231 235 237 238 207 175 119) (224 7 208 176) (177 209 240 225 120)
 (178 60 226 240 210) (227 211 241 242 179 121) (212 228 180 30 240)
 (229 213 241 244 181 122) (230 242 244 182 61 214)
 (183 231 243 245 246 215 123) (232 216 240 15 184) (233 241 217 248 185 124)
 (234 242 248 186 218 62) (235 243 249 250 187 125 219)
 (188 236 31 244 248 220) (189 237 245 249 252 221 126)
 (238 222 246 250 252 190 63) (191 239 127 247 251 253 254 223) NIL (256 128)
 (256 64) (257 129 258) (256 32) (130 257 260) (65 260 258) (131 261 262 259)
 (256 16) (257 132 264) (66 258 264) (265 266 133 259) (33 260 264)
 (265 268 261 134) (266 67 268 262) (267 269 135 263 270) (256 4) (257 272 144)
 (272 258 72) (145 273 259 274) (36 260 272) (273 146 276 261) (73 274 276 262)
 (147 277 275 263 278) (18 272 264) (265 273 148 280) (266 280 274 74)
 (281 282 267 149 275) (276 268 37 280) (281 277 284 269 150)
 (282 75 284 270 278) (151 279 283 285 286 271) (256 2) (257 288 160)
 (288 258 80) (161 289 259 290) (260 288 40) (289 162 292 261) (81 290 292 262)
 (163 293 291 263 294) (20 288 264) (265 289 164 296) (266 296 290 82)
 (297 298 267 165 291) (41 268 292 296) (297 293 300 269 166)
 (298 83 300 270 294) (295 167 299 301 302 271) (5 288 272) (273 289 304 176)
 (274 304 290 88) (177 305 275 291 306) (44 276 292 304) (305 178 293 277 308)
 (89 306 308 278 294) (295 307 179 309 310 279) (304 296 22 280)
 (281 297 180 305 312) (282 312 306 298 90) (299 307 181 313 314 283)
 (308 284 45 300 312) (301 309 182 313 316 285) (302 310 314 91 316 286)
 (183 303 311 315 317 318 287) (256 1) (257 320 192) (320 258 96)
 (193 321 259 322) (320 260 48) (321 194 324 261) (97 322 324 262)
 (195 325 323 263 326) (320 24 264) (265 321 196 328) (266 328 322 98)
 (329 330 267 197 323) (49 324 268 328) (329 325 332 269 198)
 (330 99 332 270 326) (199 327 331 333 334 271) (6 320 272) (273 321 336 208)
 (274 336 322 104) (209 337 275 323 338) (324 276 52 336) (325 210 340 277 337)
 (105 338 340 278 326) (327 339 211 341 342 279) (26 336 328 280)
 (281 329 212 337 344) (282 344 338 330 106) (331 339 213 345 346 283)
 (340 332 284 53 344) (333 341 214 345 348 285) (107 334 342 346 348 286)
 (215 335 343 347 349 350 287) (3 320 288) (289 321 352 224) (290 352 322 112)
 (225 353 291 323 354) (352 324 292 56) (325 226 356 293 353)
 (113 354 356 294 326) (227 357 295 327 355 358) (352 328 28 296)
 (297 329 228 353 360) (298 360 354 330 114) (355 229 361 362 299 331)
 (57 356 332 300 360) (357 230 361 301 364 333) (358 362 364 302 334 115)
 (231 359 363 365 366 335 303) (352 7 336 304) (305 337 368 353 240)
 (306 368 354 338 120) (369 355 339 241 370 307) (356 340 308 60 368)
 (357 369 242 372 341 309) (358 370 372 310 121 342)
 (311 359 243 371 373 374 343) (360 368 344 30 312) (361 369 345 244 376 313)
 (362 370 376 314 122 346) (363 371 245 377 378 315 347)
 (316 364 372 376 348 61) (317 365 373 246 377 380 349)
 (366 350 374 378 123 380 318) (247 367 319 375 379 381 382 351))