(NIL NIL (1 2) NIL (2 4) (1 4) (5 3 6) NIL (4 8) (2 8) (9 5 10) (1 8) (9 6 12)
 (3 10 12) (11 13 7 14) NIL (8 16) (4 16) (17 9 18) (2 16) (17 10 20) (5 18 20)
 (19 21 11 22) (1 16) (17 12 24) (18 24 6) (25 26 19 13) (3 20 24)
 (25 28 21 14) (26 7 28 22) (27 29 15 23 30) NIL (16 32) (8 32) (33 17 34)
 (4 32) (33 18 36) (9 34 36) (35 37 19 38) (2 32) (33 20 40) (34 40 10)
 (41 42 35 21) (5 36 40) (41 44 37 22) (42 11 44 38) (43 45 23 39 46) (1 32)
 (33 48 24) (34 12 48) (25 49 35 50) (6 36 48) (49 26 52 37) (50 52 13 38)
 (27 53 51 39 54) (3 48 40) (41 49 28 56) (42 56 14 50) (57 58 43 29 51)
 (52 7 44 56) (57 53 60 45 30) (58 60 46 15 54) (31 47 55 59 61 62) NIL (64 32)
 (64 8) (65 34 66) (64 4) (9 66 68) (65 36 68) (69 70 67 38) (64 2) (10 66 72)
 (65 72 40) (73 42 67 74) (5 72 68) (69 73 11 76) (70 44 76 74)
 (71 77 46 75 78) (64 1) (12 66 80) (65 80 48) (81 50 67 82) (6 80 68)
 (69 81 84 13) (70 52 84 82) (71 83 85 54 86) (3 80 72) (73 81 14 88)
 (74 88 82 56) (89 58 75 83 90) (84 7 76 88) (89 85 92 77 15) (90 60 78 92 86)
 (87 91 93 94 79 62) (64 16) (65 33 96) (17 96 66) (97 67 35 98) (96 68 18)
 (69 19 100 98) (70 97 100 37) (71 101 39 99 102) (96 20 72) (73 21 98 104)
 (41 74 97 104) (105 106 43 75 99) (100 76 22 104) (105 77 108 101 23)
 (106 108 45 102 78) (47 103 79 107 109 110) (96 80 24) (25 81 98 112)
 (49 82 97 112) (113 114 51 83 99) (26 100 84 112) (113 85 27 116 101)
 (114 116 53 102 86) (87 103 115 117 118 55) (88 28 112 104)
 (105 89 120 29 113) (57 106 120 114 90) (91 115 121 122 107 59)
 (92 108 30 116 120) (93 31 117 121 124 109) (94 118 122 124 61 110)
 (95 111 119 123 125 126 63) NIL (128 64) (128 32) (65 130 129) (128 16)
 (96 132 129) (33 130 132) (131 133 97 134) (128 8) (66 129 136) (17 132 136)
 (137 138 133 98) (130 136 34) (137 131 140 67) (138 35 140 134)
 (139 141 99 135 142) (128 4) (144 129 68) (18 132 144) (145 146 100 133)
 (9 144 136) (137 69 148 145) (138 19 148 146) (149 139 101 147 150)
 (130 36 144) (145 70 131 152) (146 37 134 152) (153 154 147 102 135)
 (148 140 38 152) (153 149 71 156 141) (154 156 142 39 150)
 (103 143 151 155 157 158) (128 2) (160 129 72) (132 20 160) (161 162 133 104)
 (10 160 136) (137 73 161 164) (138 164 21 162) (105 139 165 163 166)
 (130 160 40) (161 74 131 168) (41 162 134 168) (169 106 163 135 170)
 (42 140 164 168) (169 165 75 172 141) (170 43 172 142 166)
 (167 171 173 174 143 107) (5 160 144) (145 161 76 176) (146 176 22 162)
 (177 178 147 108 163) (11 148 164 176) (177 77 165 149 180)
 (178 180 150 23 166) (167 179 181 182 151 109) (176 44 168 152)
 (153 169 177 78 184) (154 184 45 178 170) (171 179 185 186 155 110)
 (180 172 156 46 184) (173 181 79 185 188 157) (174 47 182 186 188 158)
 (175 159 183 187 189 190 111) (128 1) (192 129 80) (192 132 24)
 (193 194 133 112) (192 12 136) (137 81 196 193) (25 138 196 194)
 (113 139 197 195 198) (130 192 48) (193 82 131 200) (49 194 134 200)
 (201 114 195 135 202) (50 196 140 200) (201 197 83 204 141)
 (202 51 204 142 198) (199 203 205 206 143 115) (6 192 144) (145 193 84 208)
 (146 208 194 26) (209 210 147 116 195) (196 148 13 208) (197 85 212 149 209)
 (210 27 212 150 198) (199 211 213 214 151 117) (208 200 52 152)
 (153 201 86 209 216) (154 216 53 210 202) (203 211 118 217 218 155)
 (212 204 156 54 216) (87 205 213 217 220 157) (206 214 55 218 220 158)
 (119 207 215 219 221 222 159) (3 192 160) (161 193 224 88) (162 224 28 194)
 (225 226 163 195 120) (196 164 14 224) (89 197 228 165 225)
 (226 228 29 166 198) (227 229 167 199 121 230) (224 200 56 168)
 (169 90 232 201 225) (57 170 232 226 202) (227 233 234 171 122 203)
 (228 58 204 172 232) (229 233 173 91 236 205) (230 234 236 174 206 59)
 (231 235 237 238 207 175 123) (224 7 208 176) (177 209 92 225 240)
 (178 240 226 30 210) (227 211 241 242 179 124) (228 212 180 15 240)
 (229 93 241 244 213 181) (230 31 242 244 182 214)
 (183 231 243 245 246 215 125) (232 240 216 60 184) (233 94 241 217 248 185)
 (234 242 248 186 61 218) (235 126 243 249 250 187 219)
 (188 236 244 248 220 62) (189 237 95 245 249 252 221)
 (238 222 246 250 252 190 63) (239 191 127 247 251 253 254 223) NIL (256 64)
 (256 32) (65 258 257) (256 16) (96 257 260) (33 258 260) (261 262 97 259)
 (256 8) (66 257 264) (17 264 260) (261 265 98 266) (34 258 264)
 (265 67 268 259) (262 35 268 266) (263 269 267 99 270) (256 4) (272 257 68)
 (18 272 260) (261 273 100 274) (9 272 264) (265 69 276 273) (266 19 276 274)
 (277 267 101 275 278) (36 258 272) (273 70 259 280) (262 280 37 274)
 (281 282 263 275 102) (276 268 38 280) (281 277 71 284 269)
 (282 284 270 39 278) (279 283 285 286 103 271) (256 2) (288 257 72)
 (20 288 260) (261 289 290 104) (10 288 264) (265 73 292 289) (266 292 21 290)
 (105 267 293 291 294) (258 288 40) (289 74 259 296) (41 262 296 290)
 (297 106 263 291 298) (42 268 292 296) (297 293 75 300 269)
 (298 43 300 270 294) (295 299 301 302 271 107) (5 288 272) (273 289 76 304)
 (274 304 22 290) (305 306 275 108 291) (11 276 292 304) (305 77 308 277 293)
 (306 308 278 23 294) (279 295 307 309 310 109) (44 304 296 280)
 (281 297 305 78 312) (282 306 312 45 298) (299 110 307 313 314 283)
 (284 312 46 300 308) (285 301 309 79 313 316) (286 47 302 310 314 316)
 (303 287 311 315 317 318 111) (256 1) (320 257 80) (320 24 260)
 (261 321 322 112) (320 12 264) (265 81 321 324) (25 266 324 322)
 (113 267 325 323 326) (320 258 48) (321 82 259 328) (49 262 328 322)
 (329 114 263 323 330) (50 268 324 328) (329 325 83 332 269)
 (330 51 332 270 326) (327 331 333 334 115 271) (6 320 272) (273 321 84 336)
 (322 274 336 26) (337 338 275 116 323) (276 13 324 336) (337 85 325 340 277)
 (338 27 340 278 326) (279 327 339 341 342 117) (52 328 336 280)
 (281 329 337 86 344) (338 282 344 53 330) (283 339 118 345 346 331)
 (340 284 332 54 344) (87 285 333 341 345 348) (286 334 342 55 346 348)
 (119 287 335 343 347 349 350) (3 320 288) (289 321 352 88) (290 28 352 322)
 (353 354 291 323 120) (292 324 14 352) (89 325 353 293 356)
 (354 356 29 294 326) (355 357 295 327 121 358) (56 328 352 296)
 (297 90 329 353 360) (57 298 360 354 330) (355 361 362 299 122 331)
 (58 300 332 356 360) (357 361 301 91 364 333) (358 362 364 302 334 59)
 (359 363 365 366 335 303 123) (7 336 352 304) (305 337 92 353 368)
 (306 368 30 354 338) (355 339 369 370 307 124) (308 340 356 15 368)
 (357 93 369 372 341 309) (358 31 370 372 310 342)
 (311 359 371 373 374 343 125) (368 60 344 360 312) (361 94 369 345 376 313)
 (346 362 370 376 314 61) (363 371 377 378 315 126 347)
 (348 364 372 376 316 62) (317 365 95 373 377 380 349)
 (366 350 374 378 380 318 63) (367 351 319 375 379 381 382 127) (256 128)
 (384 129 257) (130 384 258) (131 259 386 385) (384 132 260) (261 388 133 385)
 (262 388 386 134) (263 389 135 387 390) (384 264 136) (137 265 385 392)
 (138 388 392 266) (393 394 139 389 267) (268 140 386 392)
 (393 269 396 141 387) (394 270 396 390 142) (143 271 395 397 398 391)
 (384 272 144) (145 273 385 400) (400 146 388 274) (401 402 147 389 275)
 (276 400 148 392) (393 277 404 149 401) (394 404 402 150 278)
 (279 403 405 406 151 395) (400 280 386 152) (153 281 408 387 401)
 (154 408 402 390 282) (283 403 409 410 155 391) (284 404 156 396 408)
 (397 285 405 409 412 157) (286 158 406 410 412 398)
 (287 399 407 411 413 414 159) (384 288 160) (161 289 385 416)
 (162 388 416 290) (417 418 163 389 291) (164 416 292 392)
 (393 293 420 165 417) (394 418 420 166 294) (419 421 167 295 395 422)
 (296 386 416 168) (169 297 417 387 424) (170 418 424 390 298)
 (419 425 426 171 299 391) (396 424 172 300 420) (421 425 301 428 173 397)
 (422 426 428 302 174 398) (423 427 429 430 303 175 399) (176 416 304 400)
 (401 177 305 417 432) (402 306 418 432 178) (419 179 403 433 434 307)
 (404 432 180 308 420) (421 433 436 181 309 405) (182 422 434 436 310 406)
 (183 423 435 437 438 311 407) (184 424 432 312 408) (425 433 185 440 409 313)
 (426 440 434 314 410 186) (427 435 187 441 442 315 411)
 (188 428 436 316 440 412) (317 413 429 437 441 444 189)
 (430 414 190 438 442 444 318) (415 431 191 439 443 445 446 319) (384 320 192)
 (193 321 385 448) (194 388 448 322) (449 450 195 389 323) (196 324 448 392)
 (393 325 452 197 449) (394 450 452 198 326) (451 453 199 327 395 454)
 (448 328 386 200) (201 329 449 387 456) (202 450 456 390 330)
 (451 457 458 203 331 391) (204 396 332 452 456) (453 457 333 460 205 397)
 (454 458 460 334 206 398) (455 459 461 462 207 335 399) (208 336 448 400)
 (401 209 337 449 464) (338 402 450 464 210) (451 211 339 465 466 403)
 (212 404 340 452 464) (405 453 465 468 213 341) (454 214 466 468 342 406)
 (407 455 467 469 470 215 343) (216 344 464 456 408) (345 457 465 217 472 409)
 (458 472 466 410 346 218) (459 467 473 474 411 219 347)
 (412 460 468 472 220 348) (349 461 413 469 473 476 221)
 (462 414 470 222 474 476 350) (463 351 415 471 475 477 478 223)
 (224 352 448 416) (417 225 353 449 480) (418 450 480 354 226)
 (481 482 451 227 419 355) (228 420 356 452 480) (481 484 229 421 453 357)
 (482 484 358 230 422 454) (423 483 485 231 455 359 486) (232 480 360 456 424)
 (481 361 457 488 425 233) (482 362 488 426 458 234)
 (483 489 490 459 235 427 363) (428 488 236 484 364 460)
 (485 489 365 492 237 429 461) (486 490 492 366 462 430 238)
 (487 491 493 494 463 431 239 367) (240 480 368 464 432)
 (481 241 496 433 369 465) (482 466 242 496 434 370)
 (483 243 435 371 497 498 467) (484 436 372 468 496 244)
 (485 437 469 497 500 245 373) (438 486 246 498 500 374 470)
 (439 247 487 375 499 501 502 471) (472 488 376 496 248 440)
 (377 473 489 497 249 504 441) (378 490 504 498 474 442 250)
 (491 499 251 505 506 475 443 379) (444 492 500 504 252 380 476)
 (381 493 477 501 445 505 508 253) (494 478 446 502 254 506 508 382)
 (495 447 255 503 383 507 509 510 479))