(NIL NIL (1 2) NIL (2 4) (1 4) (5 3 6) NIL (4 8) (2 8) (9 5 10) (1 8) (9 6 12)
 (3 10 12) (11 13 7 14) NIL (16 8) (16 4) (17 9 18) (16 2) (17 10 20) (5 18 20)
 (19 21 11 22) (16 1) (17 12 24) (18 24 6) (25 26 19 13) (3 20 24)
 (25 28 21 14) (26 7 28 22) (27 29 15 23 30) NIL (16 32) (32 8) (17 34 33)
 (32 4) (18 36 33) (9 34 36) (35 37 19 38) (32 2) (20 33 40) (34 40 10)
 (41 42 35 21) (5 36 40) (41 44 37 22) (42 11 44 38) (43 45 23 39 46) (32 1)
 (48 33 24) (34 12 48) (25 49 35 50) (6 36 48) (49 26 52 37) (50 52 13 38)
 (27 53 51 39 54) (3 48 40) (41 49 28 56) (42 56 14 50) (57 58 43 29 51)
 (7 44 52 56) (57 53 60 45 30) (58 60 46 15 54) (31 47 55 59 61 62) NIL (64 32)
 (16 64) (33 66 65) (64 8) (34 68 65) (17 68 66) (35 69 70 67) (64 4)
 (36 65 72) (18 66 72) (73 74 37 67) (9 68 72) (73 76 69 38) (74 19 76 70)
 (75 77 39 71 78) (64 2) (80 65 40) (20 66 80) (41 81 67 82) (10 68 80)
 (81 42 84 69) (82 84 21 70) (43 85 83 71 86) (5 80 72) (73 81 44 88)
 (74 88 22 82) (89 90 75 45 83) (84 11 76 88) (89 85 92 77 46) (90 92 78 23 86)
 (47 87 91 93 94 79) (64 1) (96 65 48) (96 66 24) (49 97 67 98) (68 12 96)
 (97 50 100 69) (25 98 100 70) (51 101 99 71 102) (6 96 72) (73 97 52 104)
 (74 98 104 26) (105 106 75 53 99) (76 13 104 100) (105 101 108 77 54)
 (106 27 108 78 102) (103 107 109 110 55 79) (3 96 80) (81 97 112 56)
 (82 28 112 98) (57 113 83 99 114) (84 112 14 100) (113 58 116 85 101)
 (114 116 29 86 102) (103 115 117 118 87 59) (7 104 112 88) (89 105 60 113 120)
 (90 114 120 30 106) (107 115 121 122 91 61) (92 116 120 15 108)
 (109 117 121 124 93 62) (110 31 118 122 124 94) (111 95 119 123 125 126 63)
 NIL (128 32) (128 16) (130 33 129) (128 8) (34 132 129) (17 132 130)
 (131 133 35 134) (128 4) (136 36 129) (18 136 130) (131 137 37 138)
 (9 136 132) (133 137 140 38) (134 19 140 138) (135 141 139 39 142) (128 2)
 (144 40 129) (144 20 130) (131 41 145 146) (10 144 132) (133 42 145 148)
 (134 148 21 146) (135 149 43 147 150) (5 144 136) (137 145 44 152)
 (138 152 22 146) (153 154 139 45 147) (11 140 148 152) (153 149 156 141 46)
 (154 156 142 23 150) (151 143 155 157 158 47) (128 1) (48 160 129)
 (24 160 130) (131 49 161 162) (12 160 132) (133 50 164 161) (25 134 164 162)
 (135 163 165 51 166) (6 160 136) (137 161 52 168) (138 168 162 26)
 (169 170 139 53 163) (164 140 13 168) (169 165 172 141 54)
 (170 27 172 142 166) (143 167 171 173 174 55) (3 160 144) (145 161 176 56)
 (176 146 28 162) (57 177 147 163 178) (164 148 14 176) (177 58 180 149 165)
 (178 180 29 150 166) (151 167 179 181 182 59) (176 7 168 152)
 (153 169 60 177 184) (154 184 178 30 170) (155 179 185 186 61 171)
 (172 180 156 15 184) (157 173 181 185 188 62) (158 31 174 182 186 188)
 (175 159 183 187 189 190 63) NIL (192 128) (192 64) (192 32) (195 193 129)
 (195 194 65) (192 16) (198 193 130) (198 194 66) (195 198 33)
 (131 196 199 201) (197 200 201 67) (192 8) (193 204 132) (204 68 194)
 (195 34 204) (133 196 205 207) (197 69 206 207) (17 198 204) (134 199 205 210)
 (210 200 70 206) (210 35 201 207) (135 211 213 202 208) (209 212 213 71 203)
 (192 4) (193 216 136) (216 194 72) (195 36 216) (137 196 219 217)
 (73 218 197 219) (198 216 18) (217 138 199 222) (74 200 222 218)
 (37 219 201 222) (225 139 220 202 223) (225 75 221 203 224) (9 204 216)
 (217 228 140 205) (218 228 76 206) (219 228 38 207) (229 220 141 231 208)
 (209 221 77 230 231) (210 19 228 222) (234 211 229 142 223)
 (234 212 78 230 224) (225 234 213 231 39) (143 214 226 232 235 237)
 (215 227 233 236 237 79) (192 2) (193 240 144) (240 194 80) (195 240 40)
 (145 196 241 243) (81 242 197 243) (198 20 240) (241 146 199 246)
 (82 200 246 242) (41 243 201 246) (249 147 244 202 247) (249 83 245 203 248)
 (10 204 240) (241 148 205 252) (242 84 252 206) (42 243 252 207)
 (253 244 149 255 208) (209 245 85 254 255) (210 252 21 246)
 (258 211 253 150 247) (254 258 212 86 248) (249 258 43 213 255)
 (259 261 151 214 250 256) (257 260 261 215 87 251) (5 240 216)
 (217 241 264 152) (242 218 264 88) (219 44 243 264) (153 265 267 220 244)
 (89 245 267 221 266) (246 264 222 22) (265 154 247 223 270)
 (90 248 270 266 224) (225 249 267 45 270) (155 268 271 273 226 250)
 (269 272 273 227 91 251) (11 228 252 264) (265 253 156 229 276)
 (266 276 92 230 254) (267 276 46 231 255) (268 157 277 279 232 256)
 (257 269 278 279 233 93) (234 276 270 23 258) (259 158 271 277 282 235)
 (260 272 278 282 236 94) (261 47 273 279 282 237)
 (262 159 274 280 283 285 238) (263 275 239 281 284 285 95) (192 1)
 (193 288 160) (288 194 96) (195 288 48) (161 196 291 289) (97 290 197 291)
 (198 288 24) (289 162 199 294) (98 200 294 290) (49 291 201 294)
 (297 163 292 202 295) (297 99 293 203 296) (204 12 288) (289 300 164 205)
 (290 100 206 300) (50 291 300 207) (301 292 165 303 208) (209 293 101 302 303)
 (25 210 300 294) (306 211 301 166 295) (306 302 212 102 296)
 (297 306 51 213 303) (167 298 214 304 307 309) (103 299 215 305 308 309)
 (6 288 216) (217 289 312 168) (218 312 290 104) (219 52 291 312)
 (169 292 315 220 313) (105 293 315 221 314) (26 312 222 294)
 (313 170 295 223 318) (106 318 296 314 224) (225 297 315 53 318)
 (321 298 171 226 316 319) (321 299 227 317 107 320) (300 228 13 312)
 (313 301 324 172 229) (314 324 108 230 302) (324 315 303 54 231)
 (325 327 173 304 232 316) (326 327 109 305 233 317) (234 27 324 318 306)
 (325 330 174 307 235 319) (326 330 110 308 236 320) (321 327 330 309 55 237)
 (322 328 331 333 175 310 238) (323 329 332 333 111 311 239) (3 288 240)
 (241 289 336 176) (242 336 290 112) (243 336 291 56) (177 292 339 244 337)
 (113 293 339 245 338) (336 28 246 294) (337 178 295 247 342)
 (114 296 342 338 248) (249 57 339 342 297) (298 179 340 343 345 250)
 (299 115 341 344 345 251) (300 252 14 336) (337 301 348 180 253)
 (338 348 116 254 302) (58 339 348 303 255) (304 340 181 349 351 256)
 (257 305 117 341 350 351) (258 348 29 342 306) (354 259 307 182 343 349)
 (354 260 308 118 344 350) (354 261 309 345 59 351)
 (355 357 262 310 183 346 352) (353 356 357 119 263 311 347) (336 7 312 264)
 (265 313 360 337 184) (266 360 314 338 120) (267 60 339 315 360)
 (361 363 268 340 185 316) (362 363 269 341 121 317) (318 360 270 342 30)
 (361 366 271 343 186 319) (362 366 272 344 122 320) (321 363 366 273 345 61)
 (322 364 367 369 274 346 187) (323 365 368 369 275 347 123)
 (348 324 276 15 360) (325 361 372 277 188 349) (326 362 372 278 124 350)
 (327 363 372 279 62 351) (328 364 373 375 280 189 352)
 (353 329 365 374 375 281 125) (354 330 366 31 372 282)
 (355 331 367 373 378 283 190) (356 332 368 374 378 284 126)
 (357 333 369 375 378 285 63) (358 334 370 376 379 381 286 191)
 (359 335 371 287 377 380 381 127))