(NIL NIL (2) (3) (4) (5) (3) (5) (8) (7 9) (10 1) (8) (11 12) (7 1 9 12) (14)
 (15 13) (11 14) (15 17 6) (13 18) (16 19) (11) (13 21) (22 20) (15 22) (24 6)
 (25 17) (26) (16 27 18) (27 20) (23 28 29) (28) (23 31) (32) (33 29) (30 34)
 (34) (30 32) (37 35) (38 36) (38) (40 36) (37 34) (42) (43 40 36) (44) (45)
 (41 45) (47) (48) (49) (49 46) (50 51 39) (52) (53) (44) (53 55) (49 55 39)
 (57) (58 54) (59) (59) (58 53) (60 62 56) (60 62 56) (61 64) (65 63) (66)
 (61 64) (66 68) (69) (67 70) (69) (72) (68 63) (74 70) (75) (75 71) (76 77 72)
 (78) (73 79) (80) (81) (80) (81 83) (81 83) (84 85) (86) (87) (82 88) (89)
 (90) (82 88) (82 86) (85) (82 94) (91 92 95) (92 94) (97 93 96) (97) (99 96)
 (98 100) (100) (101 102) (101 102) (98 102) (98 102) (106 101) (98 102)
 (106 108 104) (107 109) (110 103) (110) (109) (113 112) (114 103) (115 111)
 (115 111) (105 117) (116 118) (116 118) (120) (105 113 111) (122 116 117)
 (123 118) (122 116 118) (125 119) (124 126) (127) (128) (129) (128)
 (123 126 120) (121 129 132) (130 133) (134) (121 130 131 132) (136) (137)
 (138 133) (137) (138 140 133) (139 141 134) (142) (143 135) (144) (145)
 (143 135) (147) (148 144) (147) (150) (148 151) (145 150) (153 149)
 (153 149 152) (154 155) (156) (146 157) (158) (159) (160) (159) (162) (163)
 (159) (163 165) (161 166) (167) (168) (166 160) (170) (171 168) (172)
 (171 164 168) (169 173 174) (175) (171) (177 164 168) (178) (178 175)
 (179 180) (180) (182) (179 183) (184 176) (183) (179 183 176) (182)
 (188 181 176) (178 173) (187 190) (186 179 190) (192) (189 192) (185 194)
 (185 194) (193 196) (197) (198 191) (199) (200) (197 191) (202 200) (195 203)
 (202 198) (201 195 205) (193 196) (202 207 200) (206 208) (208) (210 195)
 (211) (201 208) (211 213) (209 204 214) (215) (216) (209 211 204 213)
 (218 216) (219) (220) (219 212) (219) (212 221 223) (217 223) (225 212 221)
 (225 222) (227 221) (228 224) (226 229) (228) (229 231) (232) (233 226) (234)
 (234) (235 236 230) (236) (234) (239) (237 239) (241 238) (241) (237 239)
 (239) (242 243 245) (246) (235 236 245) (243 244 248) (244 248)
 (249 250 247 240) (242 250) (252 246 240) (249 253 247) (254) (255) (251 256)
 (257) (249 252) (259 254) (260) (257 259) (261 262) (258 263) (257 259)
 (265 258 261 262) (266 264) (265 258 260) (266 268 264) (269) (270) (271)
 (267 268) (273 271) (273 270) (273 271) (274 276) (275 277 272) (274 275 276)
 (279) (279 272) (274 275 276) (282 277 272) (283) (281 283 280) (281 283)
 (284 285 278 286) (287) (282 280) (289 278 286) (281 289 277) (290 291)
 (292 287) (292 288) (293 294) (295) (292 285) (297) (297 293) (299 296) (300)
 (298 301) (302) (303) (302) (305) (306) (307 303) (302) (298 300)
 (306 309 310) (311) (307 310 303) (313 312) (314 308) (307 309 310)
 (316 311 303) (313 317) (315 318) (314 308 316 304) (318 320) (321 319) (321)
 (321 315) (322 323 324) (325) (326) (325) (328) (329) (329) (329) (332 326)
 (331 333) (330 334 327) (331 332 327) (335 336) (336) (338 334) (339 335)
 (337 339) (341) (341) (342 343) (338 334) (345 341) (346 340 342) (347)
 (345 330) (347 349) (348 350) (349 344) (346 349 343) (353 344) (354 340)
 (355 351 352) (356) (354 340) (356 358) (357 358) (355 348 358 350 352)
 (361 351) (362 359) (363 360) (364) (363 360) (361 359 360) (362 367)
 (365 366 368) (369) (370) (369) (370 372) (372) (363 368) (371 375) (374 376)
 (377) (373 374 376) (378 379) (380) (380) (378 379) (383) (381 382 384) (385)
 (384) (377 379) (388) (380 389) (386 390) (385 390) (386 392) (393 391) (394)
 (385 390) (386 387 396) (393 397) (398) (394 396))