(NIL (1) (1) (2) (4) (5) (6) (7) (3 8) (9) (3 7) (7) (6) (13 12) (14 11 10)
 (14 10) (16) (11 16) (13 8 12) (19 17) (20) (20 15) (21 22) (18 23) (23) (25)
 (24 25) (18 25) (28) (28) (30) (30) (32) (27 32 26) (33 34) (30) (33 27 36)
 (36 32) (33 27 38) (34 39) (35 37 39) (41 29 31 40) (42) (42) (41 29)
 (34 29 39) (42 46) (45 47) (47) (49 45) (49 43 48) (43 45 47) (52 44) (53)
 (50 53) (50 53) (51 56) (57 54 55) (58) (57 55) (60 54) (61) (58 62) (63) (63)
 (65) (65) (65) (68 64) (65) (66 69 70) (59 67 71) (62) (69 70) (74) (75 73)
 (76 71) (76 71) (59 78) (78) (67 77 79 80) (75 59 73 67 71) (82 80) (82)
 (81 84) (83 84 79) (77 86) (87 72) (77 86) (89 72) (90 87) (91) (92) (91 88)
 (89 72) (93 85 95 88) (96) (81 90 95 88) (98 85) (89 72) (99 100 93 94) (101)
 (102 96) (102) (104 96) (102 96) (102) (107 103 104) (108) (105 106 108) (110)
 (109 110) (112) (97 112) (97 106 107 103) (115 109 110) (116) (116 112)
 (113 116) (116 112) (120) (121 114 117 119 111) (121 114 111) (122 123 118)
 (124) (125) (125) (122 123) (125 128) (129) (130 127) (131) (132 126) (133)
 (131) (135) (131) (137) (138 135) (138 134) (139 140 136) (140) (142 135)
 (142 136) (141 144) (142 136) (145 146) (147) (148) (149 143) (148 143)
 (145 146) (150 152) (153) (151 152) (148 143 152) (154 156 151) (155 156)
 (154 158) (150 158) (160) (161 157) (154 158) (163 157 160) (161 164 159)
 (165) (166) (167) (162 165) (169 168) (170) (171) (172) (162 165) (174 167)
 (173 175) (176) (170 175) (177 178) (179) (180) (179) (181 182) (177 178)
 (183 184) (185) (186) (185) (186 188) (189) (190) (191) (187 189) (193 191)
 (194 192) (194) (194) (197) (195 198) (198) (193 191) (201 198) (202 195)
 (202 195) (202) (203 205) (206) (207) (204 208 200) (209) (210) (210 199)
 (196 212) (213) (209) (212 215) (211 216) (214 216) (218 211) (214 215)
 (218 220) (219 221) (222) (223) (223) (217 225) (225) (227) (227)
 (217 229 224) (230) (228 231) (226 228 229) (233 232) (233) (235 230)
 (236 231) (236) (237 238 232) (237 238) (234 237 238) (241 239) (242) (242)
 (243 244) (245) (246) (243 244) (248 246 240) (248 245 240) (250 247)
 (250 246) (252 247) (253) (251 253) (251 253) (254 256) (257 255) (249 258)
 (259) (260) (261) (259) (262 263) (264) (265) (265) (266 267) (266 267)
 (268 269) (269) (271) (272) (270 272) (271) (273 275) (276 268) (276 268)
 (270 278) (277 279) (274 280) (280) (281 282) (281 282) (284) (285) (283 285)
 (287) (286 287) (289) (290) (287) (292) (291 293 288) (294) (295) (296) (296)
 (297 298) (298) (297 300) (299 300) (296) (297 300 303) (302 303) (305 301)
 (306) (306 304) (308) (307 308) (309 310) (311) (312) (311) (314) (314)
 (316 312) (315 317) (318) (313 319) (315 316 312) (321 319) (315 316)
 (323 318) (321 323 320) (324 325) (313 314) (324 327 319) (322 324 325 327)
 (329) (329 326) (331 328) (332) (330 333) (334) (335) (335) (333) (330 331)
 (339) (340 336) (337 341) (338 341) (343) (344) (337 341) (346) (338 347)
 (347 344) (348 349) (345 350) (350) (351 352) (353) (354) (353) (355 356)
 (353 342) (345 348 349) (358 359) (354 360) (357 360) (360) (361 363)
 (355 364) (365 357) (365) (356 367) (362 368) (369) (370) (371 366) (372)
 (356 367) (373 374) (375) (366 374) (377 376) (378) (379) (380) (381) (380)
 (380) (381 384) (385 383) (386) (387) (386 382) (389) (390) (391) (386)
 (393 388 389) (394 390) (393 390) (388 396) (395 397) (394 397) (399 392))