(NIL (1) (2) (1) NIL NIL (6 5 1) (6 5 3) NIL (9 6 1) NIL (11 9 3) (12 4 5 10)
 (12 4 7 10 8) (13 14) (14) (16) (13 16) (13 16) (18 19 15) (20) (17 20) (22)
 (18 19) (24) (25 23) (26) (21 22 24) (26 28) (25 28 23) (29 30) (27 28)
 (32 29) (33) (32 29) (32) (36 30) (36 31) (33 38) (34 39) (34 35 38) (40 41)
 (27 31) (42 37 43) (33 35 38 43) (41 37 45) (40 46) (44 47) (44 46) (46)
 (49 50 47) (51) (48 52) (42 37 43) (54 53) (48 50 54) (52 56) (57 55) (57 55)
 (59) (59) (61) (58 62) (60 62) (58 64) (65) (66) (64) (68) (67 69 63)
 (67 69 63) (66 69) (70 72) (67 63 72) (67 63 72) (75 70) (74 76 71) (75)
 (76 78) (70 71 78) (80) (73 81 79) (82) (74 83) (83 77) (85) (86) (86) (84 88)
 (89) (90) (84 88) (92 87) (89 93) (90 93) (94 95) (92) (97 87) (97 95) (97 90)
 (92) (99 101 96) (89 97 101 87) (98 100 103 96) (91 100 99 103) (105 96)
 (105 102) (98 107 106) (93 103) (109 104) (105 102 110) (108 111) (106 110)
 (113 107) (114 112) (113 112) (116) (116) (114 117 118) (118) (115 120) (121)
 (122) (115 117 118) (123 124) (125) (123 124) (127) (125 119 128) (129) (127)
 (130 131 126) (132) (131 125 128) (134) (132 134) (136) (132 134)
 (137 138 133) (138 136) (138 133) (137 141) (140 142) (139 143) (144)
 (140 142) (146) (147 144) (145 147 135) (149) (146) (151 135) (149 152)
 (145 147 152) (151 135 144) (153 155) (154 155 150) (157) (158) (156 159)
 (156 158) (161 159) (162 160) (163 148) (164) (163 148) (166) (166) (168)
 (162) (170 164 168) (169 171 165) (172 167) (171 167) (174) (171)
 (169 174 176) (177 175) (177 172) (179 175) (180 173) (178 181) (182) (182)
 (183 184) (185) (182) (187 184) (187) (185 189) (190) (188 191) (188 191)
 (193) (186 191) (195) (193 196) (194 197) (197) (198 199 192) (197)
 (201 199 192) (202 200) (201) (203 204) (203 204) (204 199) (206 207) (208)
 (209) (210) (203 207) (210 212 205) (212 205 208) (211 214) (210 212 205)
 (211 213 214 216) (211 216) (218 213) (219 215) (218 215) (221 213) (217 222)
 (216) (222 224) (225) (226 223) (227) (228) (219 229) (217 226 219) (231)
 (226 220) (233 229) (234 230) (234) (236 231) (235 237) (238 232) (238)
 (239 240) (241) (242) (235 236 231) (243 244) (245) (246) (247) (248) (249)
 (248) (250 251) (250 251) (253) (254) (255) (254) (257 256) (257 256)
 (259 252) (252 254) (252 254) (258 260) (263) (262 263) (263 261) (266)
 (267 262) (266) (269 268) (266) (270 271 264) (271) (272 273) (273 264 268)
 (274 275 265) (274 275 265) (269 271 265) (270 278) (279 277) (280) (281)
 (280) (275 278) (284 280) (282 284 276) (286) (286) (285 287 288) (288) (290)
 (289 290) (288) (289 291 293) (294) (283 295) (295) (297 296) (298 292) (299)
 (299) (301) (301) (292 294) (301 304) (305 303) (306 300 302) (306 300 302)
 (308) (309) (310) (308) (305 300) (313 309) (314 307) (313 307 310)
 (314 316 312) (316) (315 316 312) (319) (317 318 311 320) (321) (320)
 (317 320) (324) (322 325) (321 324) (322 323 327) (325 327) (329 326)
 (322 325 327) (331) (330 332) (333 328) (334) (335) (336) (336) (338)
 (337 339) (339) (341) (338) (343) (337 341 344) (342 344) (346 340) (338)
 (345 348 340) (345 346 348) (347 350) (340 350) (347 350) (353 349 351 352)
 (353 351) (355 349 352) (356) (353 352) (356 358) (357 359) (349 358 351)
 (361 354 356) (362 359) (355 358) (362 364 357 359) (354 364)
 (362 357 366 359) (367) (363 368 365 360) (369) (367 360) (371) (365 366 360)
 (372 373) (369 374) (375) (376) (377) (378) (379) (370 380) (381) (382) (383)
 (384) (384) (384) (387) (388) (381) (386 387 390) (391) (389 391) (385 393)
 (393) (385 389 391) (395 396) (397 392) (397) (396))