(NIL NIL (1) (2) (1) (4 5) (6) NIL (2) (9 5) (9 3 5) (8 9 3 6) (7 12) (13)
 (14 10) (13) (11 16) (13 10) (16 18) (19 15) (18) (20 21 17) (22) (22) (24)
 (25 23) (24) (22) (28) (29 23) (25 30) (31) (30) (30) (33 34 32) (35)
 (26 34 32) (36 37) (38) (25 34) (36 40) (41 38) (42) (42 39) (44) (27 45)
 (43 46) (47) (48) (46) (50 48) (51) (50 43) (52 53) (49 51 53) (55) (56) (56)
 (55) (57 59) (60) (61) (52 62) (63) (64) (64) (58 66) (58 61) (61) (67 69 54)
 (65 70) (71) (71) (73 68) (70) (75) (65 76) (65 76 68) (73 78) (79) (80 72)
 (81 77) (81) (74 83 77) (82 84) (77 80) (86) (82 84 86) (84 86) (89) (90 85)
 (91 87) (92) (90 85) (94) (93 95) (89 85 87) (97 93 88) (98 96) (98 95)
 (100 96) (101) (99 102) (103) (104) (105) (106) (107) (105) (102) (107 110)
 (110 103) (112 104) (113 111) (111 112) (114 115) (116 108) (117) (109 118)
 (116 108 109) (118 120) (119 120) (120) (122 123) (124) (125) (121 126)
 (121 124) (123 118) (129 124) (130 125) (121 130) (131 132) (133 126)
 (133 128) (135) (136) (137) (138 126) (137 126) (139 140) (141 134) (138 140)
 (139 143) (127 144) (139 134 143) (137 126) (145 147 134) (148 142) (148 142)
 (148) (141 151) (142 152) (153 146) (149 152) (149 151) (156) (146 157 152)
 (155 156) (150 159) (158 160) (161 154) (162) (163) (161 154) (165) (163 165)
 (164 167) (168) (169 166) (170) (171) (169) (171 173) (172 173) (171 173)
 (173) (169) (178 174) (179 172) (177 180 176) (177 179) (179 172)
 (180 182 175 183) (184) (177 179) (186 182 176) (187 181 183) (188) (185 187)
 (185 186 176) (186 183 175) (188 191 192) (192 181 184) (194 187)
 (193 194 189) (196) (197) (189 191 192) (195 197 199) (200 190 198) (198 200)
 (202) (201 203) (203 190) (201 205) (204 206) (200) (208) (209 204) (209 207)
 (209 206) (204 212) (210 211 212) (214) (215) (214) (214) (218 216) (218)
 (220 215) (217 221 213 216) (219 220) (217 223) (217 220 215) (225 219 222)
 (225 216) (227) (219 228 221) (226 228 223) (227 224) (229 222 231) (230 232)
 (232) (234) (235) (236 230) (227 222 224) (236 238) (226 235 238) (236 240)
 (241 239) (242) (233 241) (241) (237 238) (241 237 239) (243 244 247) (248)
 (246 245 249) (250) (250) (250) (253) (254) (252 254) (253) (257 251)
 (258 254) (257 251 255) (260 256) (261) (258 262) (259 263) (264) (265) (266)
 (266) (267 268) (268) (266) (269 271) (272) (272) (274) (275 270) (276)
 (273 276) (278) (279) (280) (273 274 270) (282 277 280) (281 283) (281 283)
 (285) (286) (283) (285 288) (289) (290) (291 287) (287 288) (293) (291 294)
 (290 294) (284 296) (292 296) (298) (297 299) (300) (300) (299) (301 303)
 (303 302 295) (302 303) (301 302 303) (307 295) (308) (309) (305 310 304)
 (306 311) (311) (311) (306 314) (313 315) (315) (317) (313 318) (319)
 (319 312) (321) (322 320) (322 320) (322 320) (324 316 325) (326) (313 318)
 (324 325 328) (329 323 326) (330) (329 323) (323 316 325 328) (329 333)
 (334 327) (332 335) (336) (334) (338 331 327) (338 332 326) (337 340)
 (330 341) (331 340 336) (341 343) (344) (345 342) (346) (346) (342 343)
 (346 349) (348 350) (350) (339 351 352) (339 348 347 352) (353 354) (355)
 (356) (357) (358) (357) (358 360) (361) (358 360) (357) (361 364 359)
 (362 365) (366) (366) (363 368) (369) (362 363 364) (371 365) (369 372)
 (373 367) (374) (375) (376) (377 370) (372 367) (372 366) (379 380 376)
 (370 381) (381) (377 380) (381 384) (385 378) (385 378 383) (378 382 384)
 (388) (389) (387 390) (391) (388) (393 386 391) (393 386 387 390) (395 392)
 (394 396) (396) (385 393 389 383) (397 398 399))