(NIL (1) (1) (1) (3) NIL (6) (2 3 4) (8) (8) (10) (7 11) (12) (9 12) (14) (14)
 (5 15 16) (17) (13 14) (19 5 15 16) (18 20) (21) (20) (17 23) (18 24) (18 24)
 (26 21) (27) (25 27) (29) (29) (22 31) (30 32) (33) (32) (28 22 31) (35 36 30)
 (33 37) (38) (28 30 31) (28 31) (41 34 38 40) (42) (43) (42) (45 39) (44 46)
 (47) (44 46) (49) (46) (44 45) (48 49 52) (50 51 53) (50 52) (43 39)
 (56 54 55) (57) (56 54 55) (57 59) (60) (61) (60) (58 61 63) (62 64) (60)
 (58 62 63 66) (67 64) (68) (67 64) (65 70) (71) (69 71) (73) (74) (75) (75)
 (76 77) (76 77) (79 72) (78 80) (81) (82) (78 79) (82 84) (81 84) (78 79)
 (83 84 87) (86 87) (88 89) (90) (83) (90 92 85) (93) (94) (94) (96) (97)
 (98 91 95) (97) (100) (98 101) (98 101) (91 103) (94) (105 100) (106)
 (107 102 95) (107 102 95 104) (106 103) (110) (111 104) (108 112) (108 112)
 (105 99 103) (115 108 111 104) (114 115) (117) (113 116 118) (119) (118)
 (121 120) (122) (113 109 118) (121 124 119) (122 125) (125) (123 127) (128)
 (122 127) (130 123 126) (127) (131 132) (133) (123 125) (135 127)
 (136 134 128) (136 134 128) (138) (137 138) (139 140) (136 133 128) (140 142)
 (139 143) (129 144) (141 144) (129 146) (146) (147 148) (145 149) (145 149)
 (149) (152) (153 151) (153 150 151) (151 152) (153 156) (154 157 150)
 (155 157) (159) (154 160) (158 160) (162) (163) (163) (161 164 165)
 (161 164 165) (165) (168) (166 168) (164 168) (164 168) (171 172 166 167)
 (169 173) (170 172) (174 175) (169 171 175 167) (177 176) (178) (177)
 (166 167 168) (179 181) (179 181) (179 181) (183 184) (185 180) (186 182)
 (187) (187) (188 189) (186) (187 191) (182 191) (193 188 192) (193) (189 191)
 (194 196) (196 192) (195 197 198) (199) (200) (190 198) (202 199) (203)
 (201 202) (205) (203 206) (206) (203 208) (209) (210) (211 207) (211) (213)
 (209) (210 215) (204 214 212 216) (211 215 207) (218 212 214 216)
 (218 212 213 216) (217 220) (221) (217 220) (221 223) (224) (225) (224)
 (226 227) (227) (225 219 229) (228 230) (226 230) (226 219 229 222)
 (233 228 232) (233) (233 231) (236) (236) (234 238) (239) (235 237 239) (241)
 (242 240) (242) (244 240) (243 245) (244) (243 247) (248) (246 247) (250)
 (251 248) (250) (249 251 253) (254) (255) (256) (252 256) (258) (258)
 (257 260) (259 261) (252 254) (260 263) (259 264) (259 261 264) (266 262)
 (266) (259 261 263) (265 266 269 262) (267 270) (268 271) (272) (273)
 (265 266 269) (275 271) (274 276) (275 268 271) (277 278) (279) (279) (279)
 (279) (281 282 283) (284) (285) (285) (287) (286 288) (289) (287) (289 291)
 (292) (293) (294) (295) (295) (297 280) (290 294 280) (299) (297 300)
 (301 296) (298 299) (301 303) (303 296) (303) (305 306 304) (306) (307 308)
 (308) (307 310) (302 311) (302 311) (313 312) (314 309) (315) (316) (315)
 (317 318) (318) (315) (321 317) (322 319) (323) (321 319) (314 309) (323 326)
 (325 327 320) (324 328) (329) (329) (331) (331) (330 333) (334) (332 334)
 (336) (337) (338) (338 335) (336) (337 341) (339 342 335) (340 343) (344)
 (345) (345) (345) (347 348) (349) (344) (347 348 351) (352) (353) (354)
 (353 346 350) (356) (355 357) (350 352) (354 357 359) (360) (347 348 351)
 (362 358) (363) (364) (362 358 359) (363 366) (364 367 360) (368) (369) (369)
 (371) (361 371 365) (365 368) (370 374) (361 371 375) (375) (377) (372 375)
 (361 379) (378 380) (381) (378 380 376) (378 380) (373 384) (382 383 384)
 (385 386) (381 383 384) (387 388) (389) (390) (387 388) (392) (393 391) (394)
 (393 389) (393 390) (397 391) (394 398) (398))