(NIL (1) (2) (1) NIL (5) (5 3 4) (5 1) (6 3 4 8) (6 2 8) (10 4) (11 7) (11)
 (9 13) (12 14) (14) (14) (9 13 7) (16 17 18 15) (12) (18 20 15) (21) (17 22)
 (18 20 15) (19 23 24) (25) (26) (27) (25) (28 29) (30) (31) (26 29) (26 29)
 (19 23 24) (35 31) (36) (33 34 37) (33 37) (33 35 32) (34 35 31) (41 40)
 (42 38) (41 39 32) (42 44 38) (43 45) (46) (47) (47) (49) (49) (47) (43 44)
 (53 47) (49 53) (54 55 48) (56) (56) (50 51 52 53 48) (59) (57 59) (58 60 61)
 (59 54) (57 58 60 63) (61 64) (64) (66 62) (60 61 63) (66 68 62) (69) (67 70)
 (58 61 63) (69 72) (65 73 67) (74 70) (65 73) (76 71) (77) (71 72) (66 62 72)
 (67 70 80) (81 77) (77 80) (77 80) (82 75 84 78 79) (83 85) (86) (85) (83 88)
 (89 87) (88) (81 75 84 79) (90 91 92) (93) (92 87 88) (90 95) (93 96) (97)
 (98) (99) (100) (100) (94 102) (102) (104) (105 94) (98 94) (105 107)
 (108 101 103) (108 101) (110) (107 104) (108 101 112) (113 109 111) (114)
 (115) (106 115) (113 109 111) (117 118) (116 119) (114 118) (121 119) (122)
 (122 120) (124) (121 117) (122 126) (123 127) (124 127) (129 125 128) (130)
 (123 124 126) (129 132 128) (132) (131 133 134) (135) (136) (136) (138) (139)
 (138) (137 138) (139 142) (141 143) (140 144) (145) (145) (147) (148)
 (146 149) (150) (150) (150) (146 149) (154 150) (155 151) (155 151) (157)
 (158 152) (153 156 158 152) (158) (161 156) (161 152) (162 163 159) (164)
 (165) (165) (167) (164) (169 168) (169 168) (153 171) (172 166) (153 169)
 (174 167) (166 175) (170 172 176) (170 171 176) (178) (179 173 160) (177 180)
 (181) (181) (173 176) (177 184 180) (177 184 180) (186 182) (187 183) (188)
 (188) (190 185) (182) (185 192 183) (193 189) (191 193 189) (191 194) (196)
 (195 196) (198) (197 198) (200) (201) (200) (203) (202 204) (205) (203)
 (201 204 207) (205 208) (209 199) (209) (211 206) (210 212) (209 199)
 (213 214) (215) (215) (209 206 199) (217 218) (218 216) (220) (220) (217 222)
 (220) (222 224) (217 225) (226 221) (226 219) (227 228) (229) (228 223)
 (225 223) (229 231 232) (233) (234) (234 230) (230 232) (237) (227 228 232)
 (234 238 239) (235 240) (237 239) (242 235) (235 239) (244 238) (241 243 244)
 (234 238 239) (241 243 244 247) (236 244 247 240) (249 246 248) (241 249 245)
 (236 245 246 247) (249 252) (253 248) (251 254) (250 255) (251 252)
 (257 253 248) (257 256) (258 259) (260) (261) (261) (263) (263) (265) (261)
 (265 267 262 264) (266 268) (269) (269) (271) (272) (273) (274) (269)
 (274 276 270) (276 270 271) (275 277 278) (279) (280) (281) (279) (282 283)
 (284) (285) (286) (287) (288) (287) (289 290) (283) (289 290 292) (290 292)
 (293 294) (292 287) (292 287) (297 294 288) (289 297) (297) (298 291 300 293)
 (299 301) (302 295) (303 296) (304) (305) (304) (307) (305 308) (309) (304)
 (306 307 311) (308 312) (313 310) (314) (315) (316) (317) (318) (317) (320)
 (321) (322) (322) (322 319) (317) (322 326) (323 324 325 327) (328) (328)
 (328) (330 331) (329 332) (333) (334) (333) (334 336) (337) (333) (339 334)
 (340 335) (341 336) (342) (341 336) (344) (341) (338 346) (347) (348 342 344)
 (348 343) (350 344) (345 349 350) (352) (353) (354) (346 342 344)
 (354 356 351) (355 357) (357) (354 356 351) (355 357 360) (361) (362)
 (362 359) (364 358) (364 358) (366) (365 367) (363 368) (369) (370) (371)
 (371) (364 358) (369 374) (373 375) (376) (377) (377 372) (379) (380)
 (378 381) (381) (383) (378 380) (385) (386 382) (387) (388 384) (389) (388)
 (391) (392 384) (393) (394) (395 390) (396) (395) (395 390) (390 392))