(NIL NIL (2 1) (3) (4) (3) (6) (4 7) (8) (9) (10 5) (10 5) (10) (11 13) (13 5)
 (15) (12 16) (17 11) (18 14) (18 14) (20) (21) (22) (22) (19 23 24) (24)
 (26 19 23) (23 24) (25 28) (27 29) (28) (25 31) (29 32) (26 31) (34)
 (27 35 32) (27 35) (37 36 29) (38) (33 36 37) (30 40) (41 38) (41 38) (43)
 (40) (42 43 45 39) (46) (44 46) (47 48) (49) (49) (49) (51 52) (49) (51 52 54)
 (54) (53 56) (57 50 55) (58) (53 55 56) (60) (58 61) (62) (59 63) (63) (59 63)
 (66) (59 63) (68) (65 67 69) (67 69 64) (71) (70 72) (65 72) (69 64)
 (75 70 72) (76) (73 74 77) (73 75) (79) (80) (78 80) (81 82) (77 80) (74 84)
 (82 85) (86) (77 80) (83 86 88) (89) (87 88) (90 91) (81 86 88) (83 93 87)
 (94) (93) (92 93) (97 95) (97 95) (97) (98 99 100 96) (101) (102) (103) (103)
 (103) (106 104) (107) (105 107) (109) (110) (108 111) (108 111) (113) (113)
 (115) (116 112) (114 117) (115) (119 112) (118 120) (121) (117 119) (114 123)
 (124 120) (125) (125 118) (127) (122 128) (126 128) (130) (122 131) (130)
 (125) (132) (129 135 134) (136) (136) (137 138 133) (139) (140) (139)
 (140 142) (141 143) (137 138 133) (145 140 142) (146 141 143) (146 141)
 (148 144) (149) (150) (147 148 144) (151 152) (153) (154) (155) (151 152)
 (156 157) (158) (158) (156 157) (161 160) (155 157) (163 159) (162 164) (165)
 (164 160) (166 167) (168) (169) (169) (169) (172) (172) (165 167)
 (171 173 174 175) (170 176) (170 171 175) (178 173) (178 174) (179 180)
 (180 176) (177 179 180) (183) (181 183) (185) (186) (187) (187 182 184) (186)
 (187 182 190) (190 182 184) (186 182) (193 187 184) (194 192) (195) (196)
 (197) (197 189 191) (196) (200) (201 198) (189 200) (195) (203 204 198)
 (202 203 204) (201 188 189 198 204) (207 206 191) (206 207) (209) (209 205)
 (210 211) (212 208) (209 199) (213 214) (212 214) (216 208) (216 208)
 (217 218) (219 213) (219 215) (221) (221) (223) (221) (225 220) (226) (226)
 (225 220) (229 222) (230) (231 224) (227 228 232) (229 222) (234 228 223)
 (227 235 231 224) (236 232) (235 227 230) (238 224) (238) (240 231 224)
 (241 236 239) (242) (243 237) (244) (245) (246) (233 245) (248) (243)
 (249 250) (249 250) (252 247) (251 253) (254) (253) (256) (257) (258 254)
 (259) (252) (260 261) (261 256) (257 263) (259 264) (263) (263) (251 267 264)
 (259 268) (265 269) (268 255) (265 269 262 271) (262 271) (273 272) (274)
 (274) (276 270) (266 274) (275 278) (276 279) (266 260 269 271) (281 275 277)
 (281 275) (283 276) (282 284) (283) (284 277 286 280) (282 287) (283 277 278)
 (289 285 280) (289 288) (289 286) (283 277 279) (290 293 286) (291 294) (295)
 (295) (297) (295) (297 299) (298 299 292) (301) (302) (302) (303 304) (304)
 (306) (300 301 296) (308 302) (309 303) (310) (309 304) (305 310 312) (313)
 (314 307) (312) (314 316 311) (314 307 316) (318) (318) (317 318) (321 320)
 (315 318) (323 311 320) (324 319) (324) (322 325 326) (327) (327) (322 323)
 (322 323 319) (331 327) (329 332) (333 328) (330 333) (335 328) (336)
 (330 332) (338 334 335) (329 338 328) (340 334 335) (337 341) (337 340)
 (341 343) (344) (345 342) (346 339) (346 339) (347 348) (348) (347 350)
 (349 350) (348) (353 347) (354 351 352) (353 351) (354 356 352) (354 356)
 (357 358) (357 358) (354 356 349) (361 359) (362 355) (361 359) (363 364 360)
 (365) (365) (367) (368) (369 366) (369) (369) (371 372) (373 366) (370 374)
 (373 366) (374 376) (377 370) (378) (379) (380) (378) (381 382) (383) (383)
 (382) (385 386 384) (386 383 375) (387 388) (389) (389) (390 391) (392) (393)
 (390 391) (395 392) (396) (385 386 375) (397 398) (393 399))