(NIL NIL (2) (3) (4) (3) (4) (5 7) (5 7) (7) (6 1 10) (11) (1 8 9 10) (12 13)
 (14) (14) (15) (16 17) (18) (18) (20) (20) (22) (19 23) (19 23) (21 23)
 (19 23) (27 21) (26 28 24) (29) (26 28) (26 27) (25 29 32) (32 28 24) (34 30)
 (34 29) (34) (33 35 37 31) (33 35 37) (39 31) (38 40) (41) (42) (43 36) (44)
 (45) (43 36) (46 47) (46) (48 49) (50) (51) (52) (53) (52) (53 55) (56) (57)
 (57) (56) (60) (58 60) (59 60) (58 59) (64 62) (63 54 65) (63 61 65) (67)
 (66 68) (69) (70) (71) (71) (73) (74) (75) (76) (75 72) (78) (76 79) (80) (81)
 (80) (80) (83 84) (81 83) (86 77) (85 87) (86) (82 86 77) (89 90 84) (91 87)
 (85 92) (93) (94) (88 93) (94 96) (85 92) (98 94 96) (98 95 96) (100) (99 100)
 (91 87) (99 103 95) (99 103 95) (105 101 102) (105 100) (107 102) (107 101)
 (106 107) (110 104) (110) (112 108 109 104) (109 110) (97 113 114) (114 104)
 (115 116 111) (97 116 108 112) (113 118) (117 119) (115 118 111) (117 118)
 (122 119) (123) (123) (123) (126) (124 127 120) (121 126) (129) (125 126 120)
 (131 124) (121 132) (130 133 127) (130 131 127) (133 135) (136) (134 136)
 (138 128) (139) (140) (137 138) (134 135) (139 143) (137 143) (145 139) (146)
 (147 141 144) (147 141) (145 128) (148 149 150) (141 150) (147 142 152)
 (153 148) (153 151) (155) (154 156) (157) (158) (158) (153 151) (161 159)
 (162) (162 160) (161 157) (165 159) (165 159) (162 167) (163 164 167)
 (169 166) (170 168) (171) (172) (173) (174) (175) (176) (176) (178) (174)
 (179 180) (181) (177 181) (182 183) (183) (183) (179 180) (185 182 187)
 (188 184) (184) (190 186) (191 189) (191) (193 187) (194 189) (195) (196)
 (192 197) (198) (199) (199) (198) (197) (203 198) (204 199) (203) (202 206)
 (201 205 207) (208 200) (209) (210) (208) (207 200) (201 213 205) (212 214)
 (211 215) (210 215) (214 208) (209 218 212) (211 219 215) (219 216)
 (217 218 211) (213 208) (221 223) (224) (225 220) (226 222) (226 222)
 (220 222 223) (226 229) (230) (228 231) (227 232) (227 232) (234) (233 235)
 (234) (236 237) (235 237) (236 239) (237) (241 240) (241 238) (243) (244)
 (242 245) (245 239) (245 239) (248) (249 246) (250) (251) (252) (248)
 (253 254 247) (245 239) (252 247 256) (257 254) (258 253) (259) (260)
 (249 247 256) (260 262) (263 255) (264) (261 264) (266) (265 267) (268) (269)
 (269) (268) (270 271 272) (273) (272) (275 271) (273 276) (275 270)
 (274 277 278) (278) (275) (281 274 277) (282 280) (283) (283) (283 279)
 (283 279) (287) (284 287) (289) (290) (291 286 288) (292) (290 285 286)
 (291 294) (290) (296 294 288) (295 296) (298 293) (299) (297 300) (297 298)
 (297 298) (292 302 303) (299 304) (305 300) (306 301) (307) (308) (307)
 (293 304) (306 311) (312) (313 301) (314 308 310) (315) (316) (317) (317)
 (319) (315) (321 316) (322 320) (322 309 318 319) (322) (325 323 309 318)
 (326) (321 318) (326 328) (329 327) (329 324) (331) (330 332) (333) (330 332)
 (332) (329 324) (337 333) (338) (338 334 335 336) (340) (339 341) (342) (342)
 (344) (345) (346 343) (338 335) (348 340) (348 344) (345 350) (347 351) (352)
 (349 352) (354) (349 351) (346 351) (353 354 357) (354 357) (355 358 359)
 (356 360) (356 360) (359) (363 360) (364) (361 365) (362 366) (367) (365)
 (369) (370 368) (370 366) (372) (373 368) (374) (375) (376) (377) (376)
 (378 379) (380) (371 381) (382) (383) (371 374) (385 384) (386) (385 383)
 (388 384) (386 388) (387 390) (387 390) (392) (393) (394 389) (395) (395)
 (397 391) (396 398) (396 398) (400) (401) (402 399) (400) (402 404) (401 404)
 (400) (404 407) (403 405 407) (409 406) (409 406) (410 411) (411 408)
 (412 413) (413) (414 415) (399 400) (417 415) (418 414) (419 416) (420) (419)
 (418 416) (420 423) (424) (425) (426) (422 424) (428 421) (426 429) (430)
 (431) (431) (426 429) (425 428 421) (425 428 421) (435 436 432) (436 431)
 (433 438) (427 439) (437 440) (441 434) (442) (441) (443 444) (444) (441)
 (443 446 447) (445 448) (448) (450) (449 451) (450) (449 453) (450)
 (452 453 455) (456) (457) (458) (458 454) (460) (461) (459 460) (463) (463)
 (465 462 464) (465) (467 461 464) (465) (469 461 464) (468 462 470) (471)
 (466 471) (473 472) (474) (475) (473 472) (477) (475 478) (476 478) (479 480)
 (481) (482) (482) (484) (483 484) (486) (487) (488) (487) (490 485 488)
 (489 491) (490) (492 493) (493 485) (492 495) (494 496) (494 496) (494 496)
 (490 488))