(NIL (1) (2) (2) (4) (4) (5 6) (7) (3 7) (9) (10) (11 8) (12) (13) (13) (14 15)
 (15) (17 14) (18) (18) (20 16) (17 14) (19 21 22) (23) (24) (25) (24) (24)
 (25 27 28) (27 28) (26 29 30) (31) (32) (31) (34 32) (35) (36) (33 37) (38)
 (39) (40) (38) (42 40) (41 43) (41 42) (43 45) (46) (44 46) (48) (48) (50 47)
 (51) (52) (49 53) (54) (55) (56) (57) (58) (59) (57) (56) (60 61 62) (63) (64)
 (65) (66) (66) (67 68) (67 68) (69 70) (67 68) (71 72) (71 72) (73 74) (75)
 (76) (77) (78) (79) (80) (80) (81 82) (83) (83) (85) (85) (84 86 87) (86 87)
 (89 88) (90) (91) (92) (93) (94) (95) (94) (94) (98 95) (98 96) (100) (100)
 (101 102) (99 103) (104) (97 99 101 102) (105 106) (107) (108) (105 106)
 (108 110) (111) (109 110) (113 112) (114) (113 111) (116) (115 117) (118)
 (119) (120) (121) (121) (121) (124) (125) (122 124) (123 126 127) (128) (129)
 (130) (131) (132) (132) (131) (134 135) (136) (137 133) (138) (139) (140)
 (141) (142) (133 136) (143 144) (145) (146) (147) (148) (149) (150) (151)
 (152) (151) (154) (153 155) (155) (156 157) (158) (158) (159 160) (159 160)
 (162) (161 163) (164) (165) (165) (166 167) (168) (168) (170) (169 171) (172)
 (173) (172) (174 175) (175) (177) (178 173) (179 176) (179 176) (181)
 (180 182) (183) (183) (185) (186) (185 184) (186 188) (189) (187 190)
 (187 190) (192) (191 192) (194) (193 195) (196) (197) (198) (199) (200) (199)
 (202) (201 202) (204) (205) (203 206) (203 206) (207 208) (203 206) (210)
 (210 207 208) (209 212) (211 213) (214) (215) (216) (217) (216) (218 219)
 (220) (221) (222) (221) (221) (225) (226 223 224) (227) (228) (228) (228)
 (229 230 231) (232) (233) (232) (235) (234 236) (237) (237) (239) (240) (237)
 (242 240) (243 238) (242 240) (241 244 245) (246) (247) (248) (249) (250)
 (248) (250 252) (249 252) (251 253 254) (255) (256) (257) (258) (259) (260)
 (259) (260 262) (263) (261 264) (261 263) (266) (265 267) (267) (265 269)
 (270) (271) (268 272) (273) (274) (268 272) (273 276) (275 277) (278) (278)
 (280) (281 279) (282) (281 279) (283 284) (283 284) (286) (286) (285 287 288)
 (289) (290) (291) (291) (291) (293 294) (295) (292 296) (297) (298) (295)
 (299 300) (299 300) (302) (303) (303) (301 303) (305 306) (307 304) (307)
 (309 304) (310) (311) (312) (312) (314) (313 315 308) (315) (313 315)
 (317 318) (319) (320) (320) (313 315 308) (321 323) (324) (325) (322 316 325)
 (321 322 323 316) (325 328) (328) (330 324) (329 331 326) (332) (332 327)
 (329 331 327) (333 335) (334 336) (337) (336) (332 335) (337 340)
 (338 339 341) (342) (343) (342) (345) (346 343) (347) (348) (349 344) (350)
 (351) (352) (353) (354) (355) (356) (357) (358) (359) (358) (361 360) (361)
 (362 363) (361 359) (364 365) (366) (367) (366) (369 368) (369) (371 367)
 (372 368) (373) (370 374) (370 372) (373 376) (377 374) (378) (378 375)
 (377 375) (379 381) (382) (383) (384) (378 381) (386) (387 384) (387 383)
 (385 389 380 388) (380 389 384) (388 391) (385 392) (393 390) (394) (395)
 (390 392) (396 397) (396 397) (398 399) (399) (401) (402 398) (403 400) (404)
 (399) (405 406) (407) (408) (409) (409) (410 411) (410 411) (413) (414)
 (412 415) (413) (417 416) (418) (419) (420) (421) (422) (423) (424) (425)
 (426) (427) (426) (428 429) (430) (430) (432) (432) (434) (434 431)
 (433 435 436) (437) (438) (439) (440) (433 436) (442 439) (442 438) (444)
 (443 445) (446 440) (447) (448) (441 449) (449) (451) (449) (450 451 453)
 (441 452 453) (450 455) (454 456) (450 455) (458) (459) (459) (460 461 454)
 (462 456) (463) (457 464) (457 463) (466) (466) (465 467 468) (467 468 464)
 (469 470) (471) (470) (473 471) (474) (475) (476) (477) (478 472) (479) (480)
 (481) (482) (483) (484) (485) (486) (486) (488) (489) (490 487) (491) (492)
 (493) (485) (491 495) (494 496) (497) (492 495) (498 499))