(NIL (1) (1) (2 3) (4) (3) (6) (5 7) (8) (8) (10) (11) (10) (9 11 13) (14) (14)
 (15 16) (17 12) (17 12) (18 19) (20) (21) (22) (22) (23 24) (25) (26) (27)
 (28) (29) (29) (30 31) (32) (33) (34) (35) (36) (35) (37 38) (39) (39) (37 38)
 (41 42 40) (42 40) (43 44) (45) (46) (45) (46 48) (49 47) (49) (50 51) (52)
 (53) (53) (54 55) (56) (57) (57) (58 59) (60) (59) (58 59) (61 63) (61 62 63)
 (65 64) (66) (67) (68) (69) (70) (71) (72) (72) (68) (75 71) (74 76) (75 70)
 (73 76 78) (74 79) (77 80) (77 79) (81 82) (83) (83) (84 85) (84 85) (84 85)
 (87 88) (89) (89 86) (91) (92) (90 93) (92) (90 93 95) (96) (90 93 95) (98 94)
 (99) (100 96) (97 101) (102) (102) (103 104) (104) (106 103) (107) (105 108)
 (109) (110) (109) (110 112) (111 112) (114) (115) (113 116) (116) (118)
 (117 119) (118) (121 117 119) (122) (122 120) (124) (124) (124) (127)
 (123 125 128) (129) (130 126) (131) (132) (133) (134) (135) (136) (136) (135)
 (139 136) (134) (140 141) (142) (143) (138 144) (137 145) (137 145) (137 145)
 (146 147 148) (146 147 148) (149 150) (151) (152) (153) (154) (152) (155 156)
 (157) (157) (159) (158 160) (161) (158 159) (162 163) (162 163) (165) (166)
 (167) (168) (169) (164 168) (170 171) (172) (173) (172) (175) (174 176) (177)
 (178) (178) (180) (179 181) (182) (183) (184) (184) (185 186) (185 186)
 (187 188) (189) (187 188) (189 191) (190 192) (193) (192) (195 190) (193 196)
 (194 197) (194 197) (199) (200) (198 200) (201 202) (203) (204) (204)
 (205 206) (207) (208) (209) (210) (211) (212) (213) (214) (214) (216) (217)
 (217 215) (219) (220) (220) (218 222) (219) (223 224) (225) (226) (225 221)
 (228) (227 229) (227 228) (231) (232) (233 230) (234) (229 231) (234 236)
 (235 237) (238) (236 232) (239 240) (241) (241) (243) (242 244) (244)
 (245 246) (247) (248) (249) (249) (249) (247) (250 251 252 253) (254) (254)
 (255 256) (257) (258) (259) (260) (261) (262) (260) (264) (265 261) (266 263)
 (266) (267 268) (269) (270) (270) (270) (273 271) (273 271) (274 275 272)
 (276) (277) (278) (279) (280) (281) (282) (283) (284) (284) (285 286) (287)
 (287) (289 288) (287) (289 291 288) (289 291) (293) (292 294) (295) (290 296)
 (297) (298) (298) (300) (301) (302) (303) (299 304) (299 304) (305 306) (307)
 (308) (308) (309 310) (309 310) (312) (313 311) (314) (314) (316) (315 317)
 (318) (318) (319 320) (319 320) (322) (321 323) (324) (324) (322) (326 327)
 (325 328) (329) (330) (331) (331) (332 333) (328) (332 333 335) (332 333 335)
 (337) (338 334) (339) (338 336) (332 333 335) (340 342) (341 343) (344) (345)
 (346) (347) (348) (348) (347) (350 351) (349 352) (351) (354 352) (355 349)
 (353 356) (353 356) (358) (359) (360) (361 357) (361) (363 357) (364) (364)
 (365 366) (362 367) (368) (369) (370) (371) (362 365 366) (370 373) (371 374)
 (372 375) (376) (377) (378) (379) (380) (380) (382) (383) (384) (385 381)
 (386) (387) (388) (388) (389 390) (391) (389 390) (393 391) (394) (395) (393)
 (394 397 392) (398) (395 399) (396 400) (400) (402) (401 403) (401 402) (405)
 (404 406) (407) (407) (409) (410) (410) (411 412 408) (413) (404 406)
 (413 415) (414 416) (416) (417 418) (418) (419 420) (421) (422) (423) (424)
 (425) (426) (427) (425) (428 429) (430) (430) (431 432) (431 432) (431 432)
 (434 435) (432) (433 435 437) (438) (439) (439) (441) (436 439) (443 440)
 (442 444) (445) (446) (447) (445) (449) (450 448) (449 447) (451 452) (453)
 (453) (454 455) (456) (455) (457 458) (459) (459) (461) (462) (460 461)
 (462 464) (465) (465) (467) (466 468 463) (467) (466 468 470) (471) (469 472)
 (473) (473) (475) (474 476) (474 475) (476 478) (479) (477 480) (481) (481)
 (483) (484) (482 485) (486) (487) (482 485) (489 486) (490) (491 487) (492)
 (493) (491 488) (492 495) (493 496) (497 494) (498) (499))