(NIL (1) (1) (3) (2 4) (5) (5) (7) (6 8) (9) (10) (10) (9) (9) (11 12 14)
 (13 15) (10 13 14) (17 15) (18 16) (19) (20) (21) (17 16) (22 23) (24) (25)
 (24) (22 23) (25 28) (29) (27 29) (31) (26 30 32) (26 32) (28 24) (34 35 30)
 (33 35) (34 35 30) (33 35) (36 39) (36 37 39) (41 38 40) (42) (42) (42)
 (43 45) (44 46) (47) (48) (49) (50) (50) (50) (50) (52 54) (53 55) (51 53 55)
 (57) (58) (57 56) (59 60) (61) (59 60) (62 63) (63) (65 62) (66) (67) (68 64)
 (68) (70) (69 70) (71 72) (73) (74) (74) (76) (76) (77 78) (73) (75 77 80)
 (77 78 80) (81 82 79) (82) (75 84) (81 85) (86 79) (87) (83 86) (89 87)
 (86 79) (90 91) (90 91 88) (93) (92 94) (95) (96) (97) (98) (99) (100) (99)
 (96) (100 102 103) (101 104) (101 102 103) (105 106) (107) (105 106) (109)
 (107 110) (108 111) (112) (113) (114) (107 110) (115 116) (117) (117) (119)
 (120) (121) (122 118) (123) (122 118) (122) (122) (126 127) (125 127)
 (129 124) (130 126) (130 128) (131 132) (133) (132) (135) (134 136) (133 135)
 (138 134 136) (138 134 136) (137 140) (139 141) (139 141) (142 143) (144)
 (145) (145) (145) (148) (146 147 149))