(NIL NIL (2 1) (3) (3) (3) (1) (4 5 7) (6 7) (9 8) (9 8) (10 11) (12) (13) (14)
 (15) (16) (17) (18) (17) (19 20) (19 20) (22) (21 23) (21 22) (25) (26 24)
 (27) (27) (29) (28 30) (31) (32) (33) (34) (33) (34 36) (35 36) (38) (39) (39)
 (41 37 40) (42) (42) (44) (45) (44) (47) (48) (49 46) (50) (51) (43 52) (53)
 (54) (54) (56) (57 55) (56) (56) (58 60) (57 59 60 55) (58 59 60) (61 62 63)
 (62 63) (65) (66 61) (67 64) (68) (68) (69 70) (71) (72) (72) (74) (73 75)
 (76) (77) (78) (79) (80) (81) (82) (83) (84) (85) (86) (83) (86 88) (89) (90)
 (91 87) (86 88) (92 93) (91 93) (92 95) (96) (97 94) (98) (97 94) (100)
 (99 101) (99 100) (102 103) (104) (105) (106) (107) (107) (108 109) (110)
 (111) (112) (113) (114) (115) (116) (117) (118) (119) (120) (120) (121 122)
 (123) (124) (125) (124) (123) (128 126 127) (128 125) (128 125 127) (125)
 (130 131 126 132) (129 133) (134) (135) (136) (137) (138) (139) (140) (139)
 (141 142) (143) (144) (141 142) (146 143) (147) (148 144) (146 143))