(NIL (1) (2) NIL (4 2) (4) (6 3 5) (6 3) (8 5) (8 7) (10) (11 9) (12) (13) (14)
 (15) (16) (16) (18) (17 18) (20) (19 21) (21) (19 21) (24) (25 22 23) (26)
 (27) (28) (29) (30) (31) (32) (31) (33 34) (29) (35 36) (37) (36 32)
 (33 34 39) (38 40) (41) (35 40) (41 43) (42 44) (42 44) (46) (47) (45 48) (46)
 (49 50) (51) (51) (51) (53 54) (52 55) (56) (56) (52 55) (57 59) (58 60)
 (58 60) (60) (61 63) (64) (65) (64) (64) (65 68 62) (67 68 62) (66 70) (65 70)
 (69 72) (73 71) (74) (75) (76) (75) (77 78) (79) (79) (81 80) (82) (83) (84)
 (84) (83) (85 86 87) (88) (88) (90) (89 90) (91 92) (88) (91 92 94) (95)
 (93 96) (93 96) (93 96) (99) (97 98 99) (100 101) (102) (103) (102) (105 103)
 (106 104) (106) (106 104) (108 109) (107 110) (110) (107 110) (113 111) (114)
 (114) (115 116 112) (117) (114) (117 119) (118 119) (121 120) (121) (122 123)
 (124) (122 123) (125 126) (127) (128) (129) (130) (131) (132) (133) (132)
 (133 135) (132) (137 136) (138) (139 134) (139 134) (140 141) (142) (143)
 (144) (145) (146) (146) (148) (146))