(NIL NIL (1 2) NIL (2 4) NIL (4 6) (1 6) NIL (6 9) (4 9) (10 7 11) (2 9)
 (5 11 13) (1 9) (10 8 15) (3 13 15) NIL (9 18) (4 18) (19 11 20) (2 18)
 (19 13 22) (5 20 22) (23 14 21 24) (1 18) (19 15 26) (3 22 26) (17 23 27 28)
 NIL (18 30) (9 30) (31 19 32) (6 30) (10 32 34) (4 30) (31 20 36) (32 36 11)
 (33 21 37 38) (7 34 36) (40 35 12 38) (2 30) (31 22 42) (32 42 13)
 (43 44 33 23) (5 36 42) (43 46 24 37) (44 14 46 38) (39 45 47 48 25) (1 30)
 (31 50 26) (32 15 50) (33 52 51 27) (34 50 8) (52 35 16 54) (3 50 42)
 (43 51 56 28) (44 52 17 56) (29 57 45 53 58) NIL (60 30) (60 18) (61 31 62)
 (60 9) (61 32 64) (19 62 64) (63 65 33 66) (60 6) (61 34 68) (10 68 64)
 (69 35 65 70) (60 4) (61 72 36) (72 62 20) (63 73 74 37) (72 11 64)
 (73 76 65 38) (76 21 66 74) (39 77 75 67 78) (7 72 68) (40 80 69 73)
 (12 80 70 76) (77 41 81 82 71) (60 2) (61 84 42) (62 22 84) (43 85 63 86)
 (13 64 84) (85 44 88 65) (86 88 23 66) (45 89 87 67 90) (5 72 84)
 (85 46 73 92) (86 92 74 24) (93 94 87 47 75) (14 88 92 76) (77 93 96 89 48)
 (78 96 90 25 94) (49 79 91 95 97 98) (60 1) (61 50 100) (62 100 26)
 (63 101 51 102) (100 15 64) (101 52 65 104) (104 66 27 102)
 (105 106 53 103 67) (8 100 68) (101 108 69 54) (108 16 70 104)
 (105 109 55 71 110) (3 100 84) (85 112 101 56) (86 112 102 28)
 (57 113 87 103 114) (112 88 17 104) (105 58 116 89 113) (29 106 116 90 114)
 (115 117 118 59 91 107) NIL (120 60) (120 30) (61 122 121) (120 18)
 (62 124 121) (31 122 124) (123 125 63 126) (120 9) (64 121 128) (122 128 32)
 (129 130 123 65) (19 124 128) (129 132 125 66) (130 33 132 126)
 (131 133 67 127 134) (120 6) (68 121 136) (122 136 34) (137 138 123 69)
 (10 136 128) (129 137 140 70) (130 35 140 138) (131 141 139 71 142) (120 4)
 (72 121 144) (122 36 144) (145 146 123 73) (20 124 144) (145 148 125 74)
 (146 148 126 37) (147 149 75 127 150) (11 144 128) (129 145 152 76)
 (130 152 146 38) (77 153 131 147 154) (148 132 21 152) (153 78 156 133 149)
 (39 154 156 134 150) (155 157 158 135 79 151) (7 144 136) (137 145 80 160)
 (138 160 146 40) (161 162 139 81 147) (12 140 160 152) (153 161 164 141 82)
 (154 41 164 142 162) (155 163 165 166 143 83) (120 2) (168 121 84)
 (122 168 42) (85 169 123 170) (124 22 168) (169 86 172 125) (43 170 172 126)
 (87 173 171 127 174) (13 168 128) (129 169 88 176) (130 170 176 44)
 (177 178 131 89 171) (132 23 176 172) (177 173 180 133 90)
 (178 45 180 134 174) (175 179 181 182 135 91) (5 168 144) (145 169 184 92)
 (146 46 184 170) (93 185 147 171 186) (148 184 24 172) (185 94 188 149 173)
 (186 188 47 150 174) (175 187 189 190 95 151) (14 176 184 152)
 (153 177 96 185 192) (154 186 192 48 178) (155 179 187 193 194 97)
 (156 188 192 25 180) (157 181 189 193 196 98) (158 182 49 190 194 196)
 (159 183 191 195 197 198 99) (120 1) (100 121 200) (122 200 50)
 (201 202 123 101) (124 26 200) (201 204 125 102) (202 51 204 126)
 (203 205 103 127 206) (15 200 128) (129 201 208 104) (208 130 52 202)
 (105 209 131 203 210) (204 132 27 208) (209 106 212 133 205)
 (210 212 53 134 206) (207 211 213 135 107 214) (8 200 136) (137 201 108 216)
 (138 216 54 202) (217 218 139 109 203) (216 16 140 208) (209 217 220 141 110)
 (210 220 142 55 218) (143 211 219 221 222 111) (3 200 168) (169 201 224 112)
 (170 224 202 56) (113 225 171 203 226) (204 224 172 28) (225 114 228 173 205)
 (57 226 228 174 206) (115 229 230 175 227 207) (224 208 17 176)
 (177 209 225 116 232) (226 178 232 210 58) (227 117 233 234 179 211)
 (29 212 180 228 232) (229 118 233 236 181 213) (230 234 236 182 59 214)
 (231 119 235 237 238 183 215) NIL (240 120) (240 60) (241 121 242) (240 30)
 (122 241 244) (61 244 242) (123 245 246 243) (240 18) (241 124 248)
 (62 242 248) (249 250 125 243) (31 244 248) (249 252 245 126) (250 63 252 246)
 (251 253 127 247 254) (240 9) (241 256 128) (64 242 256) (129 257 243 258)
 (32 244 256) (257 130 260 245) (258 260 65 246) (131 261 259 247 262)
 (19 256 248) (249 257 132 264) (250 264 66 258) (265 266 251 133 259)
 (260 33 252 264) (265 261 268 253 134) (266 268 254 67 262)
 (135 263 267 269 270 255) (240 6) (241 272 136) (68 242 272) (137 273 243 274)
 (34 244 272) (273 138 276 245) (274 276 69 246) (139 277 275 247 278)
 (10 272 256) (257 273 140 280) (258 280 70 274) (281 282 259 141 275)
 (276 35 260 280) (281 277 284 261 142) (282 284 262 71 278)
 (263 143 279 283 285 286) (240 4) (241 288 144) (72 242 288) (145 289 243 290)
 (244 36 288) (289 146 292 245) (290 292 73 246) (147 293 291 247 294)
 (20 288 248) (249 289 148 296) (250 296 74 290) (297 298 251 149 291)
 (252 292 37 296) (297 293 300 253 150) (298 300 254 75 294)
 (255 295 299 301 302 151) (11 288 256) (257 289 304 152) (290 258 304 76)
 (153 305 259 291 306) (260 292 304 38) (305 154 293 308 261)
 (77 306 308 262 294) (155 309 310 307 295 263) (296 21 304 264)
 (265 297 156 305 312) (298 266 312 306 78) (307 157 313 314 267 299)
 (39 268 300 308 312) (309 158 313 269 316 301) (310 314 316 302 79 270)
 (159 311 315 317 318 303 271) (7 288 272) (273 289 320 160) (274 80 320 290)
 (161 321 275 291 322) (40 276 292 320) (321 162 293 324 277)
 (322 324 81 278 294) (279 163 323 325 326 295) (12 304 320 280)
 (281 305 164 321 328) (282 328 82 322 306) (307 165 323 329 330 283)
 (324 41 284 308 328) (309 166 325 329 332 285) (310 326 83 330 332 286)
 (311 167 327 331 333 334 287) (240 2) (241 336 168) (336 242 84)
 (169 337 243 338) (244 336 42) (337 170 340 245) (85 338 340 246)
 (171 341 339 247 342) (22 336 248) (249 337 172 344) (250 344 338 86)
 (345 346 251 173 339) (43 340 252 344) (345 341 348 253 174)
 (346 87 348 254 342) (175 343 347 349 350 255) (13 336 256) (257 337 352 176)
 (352 258 88 338) (177 353 259 339 354) (340 44 260 352) (353 178 356 261 341)
 (354 356 89 262 342) (343 179 355 357 358 263) (352 344 23 264)
 (265 345 180 353 360) (266 360 354 90 346) (347 181 355 361 362 267)
 (348 356 45 268 360) (349 182 357 361 364 269) (350 358 91 362 364 270)
 (351 183 359 363 365 366 271) (5 336 288) (289 337 368 184) (290 368 338 92)
 (185 369 291 339 370) (340 292 46 368) (369 186 372 293 341)
 (93 370 372 294 342) (371 373 374 343 187 295) (368 344 24 296)
 (297 345 188 376 369) (298 376 346 370 94) (371 377 378 347 189 299)
 (348 372 300 47 376) (373 377 380 349 190 301) (374 378 380 350 95 302)
 (375 379 381 382 351 191 303) (368 14 352 304) (305 353 384 369 192)
 (306 96 370 384 354) (307 371 385 386 355 193) (356 372 308 48 384)
 (309 373 385 388 357 194) (374 386 388 358 97 310)
 (311 375 387 389 390 359 195) (376 360 384 25 312) (313 385 377 392 361 196)
 (314 392 386 378 362 98) (315 387 393 394 363 197 379)
 (316 380 49 388 392 364) (381 317 389 393 396 365 198)
 (382 318 390 394 396 366 99) (383 319 199 391 395 397 398 367) (240 1)
 (241 400 200) (100 242 400) (201 401 243 402) (50 244 400) (401 202 404 245)
 (402 404 101 246) (203 405 403 247 406) (400 26 248) (249 401 204 408)
 (250 408 102 402) (409 410 251 205 403) (51 252 404 408) (409 405 412 253 206)
 (410 412 254 103 406) (207 407 411 413 414 255) (15 400 256) (257 401 416 208)
 (402 258 416 104) (209 417 259 403 418) (52 260 404 416) (417 210 405 420 261)
 (105 418 420 262 406) (419 421 422 211 407 263) (408 416 27 264)
 (265 409 212 417 424) (410 266 424 418 106) (419 425 426 213 267 411)
 (420 268 53 412 424) (421 425 269 428 214 413) (422 426 428 414 107 270)
 (423 427 429 430 415 215 271) (8 400 272) (273 401 432 216) (274 108 432 402)
 (217 433 275 403 434) (276 404 54 432) (433 218 405 436 277)
 (434 436 109 278 406) (279 435 437 438 407 219) (16 416 432 280)
 (281 417 220 433 440) (282 440 110 434 418) (419 435 441 442 283 221)
 (436 284 420 55 440) (421 437 441 444 285 222) (422 438 442 444 286 111)
 (423 287 439 443 445 446 223) (3 400 336) (337 401 448 224) (402 338 448 112)
 (225 449 339 403 450) (340 404 448 56) (449 226 405 452 341)
 (113 450 452 342 406) (451 453 454 343 227 407) (28 408 448 344)
 (345 409 228 449 456) (410 346 450 456 114) (451 229 457 458 347 411)
 (57 348 412 452 456) (453 230 457 460 349 413) (115 454 458 460 350 414)
 (231 455 459 461 462 351 415) (416 17 448 352) (353 417 464 449 232)
 (354 450 116 464 418) (451 233 419 465 466 355) (58 356 420 452 464)
 (421 234 465 468 357 453) (117 454 466 468 358 422)
 (423 455 235 467 469 470 359) (29 424 464 456 360) (425 236 465 457 472 361)
 (426 118 458 466 472 362) (459 237 467 473 474 363 427)
 (460 428 59 468 472 364) (461 429 238 469 473 476 365)
 (119 462 430 470 474 476 366) (463 239 471 431 475 477 478 367))