(NIL NIL (1 2) NIL (4 2) (4 1) (5 3 6) NIL (4 8) (2 8) (5 10 9) (1 8) (6 12 9)
 (3 10 12) (11 13 7 14) NIL (16 8) (4 16) (17 9 18) (16 2) (17 10 20) (5 20 18)
 (11 21 22 19) (16 1) (17 12 24) (6 18 24) (25 26 13 19) (3 20 24)
 (25 28 21 14) (26 7 28 22) (27 29 15 23 30) NIL (16 32) (32 8) (17 34 33)
 (4 32) (33 18 36) (34 9 36) (37 38 35 19) (32 2) (20 33 40) (34 40 10)
 (41 42 35 21) (5 40 36) (37 41 44 22) (38 11 44 42) (39 45 43 23 46) (32 1)
 (48 33 24) (34 12 48) (25 49 35 50) (6 48 36) (37 26 52 49) (38 52 13 50)
 (39 51 53 27 54) (3 48 40) (41 49 28 56) (42 56 14 50) (57 58 43 29 51)
 (52 7 44 56) (57 53 60 45 30) (58 60 46 15 54) (47 55 59 61 62 31) NIL (32 64)
 (16 64) (33 65 66) (64 8) (34 68 65) (17 68 66) (35 69 70 67) (4 64)
 (72 65 36) (72 66 18) (37 73 74 67) (72 68 9) (73 38 69 76) (76 70 19 74)
 (77 78 39 75 71) (64 2) (80 65 40) (20 66 80) (41 81 67 82) (10 68 80)
 (81 42 84 69) (82 84 21 70) (43 85 83 71 86) (5 72 80) (81 44 73 88)
 (82 88 74 22) (89 90 83 45 75) (11 84 88 76) (77 89 92 85 46) (78 92 86 23 90)
 (47 79 87 91 93 94) (64 1) (96 65 48) (96 66 24) (49 97 67 98) (96 68 12)
 (97 50 100 69) (25 98 100 70) (51 101 99 71 102) (6 72 96) (97 52 73 104)
 (26 104 74 98) (105 106 99 53 75) (104 100 13 76) (77 105 108 101 54)
 (78 27 108 102 106) (55 79 103 107 109 110) (3 96 80) (81 97 112 56)
 (112 82 28 98) (57 113 83 99 114) (100 84 14 112) (113 58 116 85 101)
 (114 116 29 86 102) (115 117 118 59 87 103) (112 7 104 88) (89 105 60 120 113)
 (90 114 120 30 106) (115 121 122 61 91 107) (108 116 92 15 120)
 (117 121 124 62 93 109) (118 122 124 94 110 31) (119 123 125 126 63 95 111)
 NIL (128 64) (32 128) (65 130 129) (16 128) (66 129 132) (33 130 132)
 (133 134 67 131) (128 8) (68 129 136) (34 130 136) (137 138 69 131)
 (17 136 132) (133 137 140 70) (134 35 140 138) (135 141 139 71 142) (4 128)
 (144 72 129) (144 130 36) (145 73 146 131) (144 18 132) (133 145 74 148)
 (37 134 146 148) (149 150 135 147 75) (144 9 136) (137 152 145 76)
 (138 152 146 38) (77 139 153 154 147) (152 140 19 148) (149 78 141 153 156)
 (150 39 156 142 154) (143 79 151 155 157 158) (128 2) (160 129 80)
 (160 130 40) (81 161 131 162) (20 160 132) (133 82 161 164) (41 134 164 162)
 (135 165 83 163 166) (10 160 136) (137 161 84 168) (162 138 168 42)
 (169 170 139 85 163) (140 21 164 168) (169 165 172 141 86)
 (170 43 172 142 166) (171 173 174 87 143 167) (5 144 160) (161 176 145 88)
 (162 44 146 176) (89 177 163 147 178) (176 164 22 148) (149 90 177 165 180)
 (150 180 45 166 178) (91 179 181 182 151 167) (11 152 176 168)
 (169 177 92 153 184) (170 184 154 178 46) (171 179 185 186 93 155)
 (184 172 180 23 156) (173 181 185 188 94 157) (174 47 182 186 188 158)
 (175 183 187 189 190 95 159) (128 1) (192 129 96) (192 130 48)
 (97 193 131 194) (192 24 132) (133 98 196 193) (49 134 196 194)
 (135 195 197 99 198) (192 12 136) (137 193 100 200) (138 200 194 50)
 (201 202 139 101 195) (25 196 140 200) (201 197 204 141 102)
 (202 51 204 142 198) (103 199 203 143 205 206) (6 144 192) (193 208 145 104)
 (194 52 146 208) (105 209 195 147 210) (26 196 208 148) (149 106 212 197 209)
 (150 212 53 198 210) (211 213 214 151 199 107) (208 152 13 200)
 (201 209 108 153 216) (202 216 154 210 54) (211 217 218 155 203 109)
 (212 216 27 204 156) (213 217 220 157 205 110) (214 55 218 220 158 206)
 (215 219 221 222 111 159 207) (3 192 160) (161 193 224 112) (162 224 194 56)
 (113 225 163 195 226) (196 224 164 28) (225 114 228 165 197)
 (57 226 228 166 198) (115 227 229 230 199 167) (224 200 14 168)
 (169 201 116 225 232) (170 232 202 226 58) (171 117 227 233 234 203)
 (204 228 172 29 232) (173 118 229 233 236 205) (174 59 230 234 236 206)
 (175 119 231 235 237 238 207) (224 7 208 176) (177 209 240 225 120)
 (178 240 60 226 210) (241 242 211 121 179 227) (228 212 180 30 240)
 (241 244 213 122 181 229) (242 244 214 61 182 230)
 (243 245 246 215 123 183 231) (240 232 216 15 184) (241 248 217 124 185 233)
 (242 248 218 62 186 234) (243 249 250 219 125 187 235)
 (244 248 220 188 236 31) (245 249 252 221 126 189 237)
 (246 250 252 222 63 190 238) (247 251 253 254 223 127 191 239) NIL (256 128)
 (256 64) (257 129 258) (256 32) (257 130 260) (260 65 258) (259 261 131 262)
 (256 16) (264 257 132) (264 66 258) (259 133 265 266) (264 33 260)
 (261 134 265 268) (262 266 67 268) (269 270 263 135 267) (256 4) (272 144 257)
 (272 72 258) (259 273 145 274) (272 36 260) (261 273 146 276) (262 73 274 276)
 (277 278 263 275 147) (272 264 18) (273 280 265 148) (280 266 274 74)
 (149 281 275 267 282) (37 280 276 268) (269 150 281 277 284)
 (270 284 282 75 278) (271 283 285 286 279 151) (256 2) (288 257 160)
 (80 288 258) (259 161 289 290) (40 288 260) (261 162 289 292) (81 262 292 290)
 (294 263 293 163 291) (20 264 288) (289 164 265 296) (82 296 266 290)
 (297 298 291 165 267) (41 292 296 268) (269 297 300 293 166)
 (270 83 300 294 298) (299 301 302 271 167 295) (5 272 288) (289 304 273 176)
 (290 304 274 88) (177 305 291 275 306) (44 292 304 276) (277 178 308 293 305)
 (89 278 308 294 306) (279 307 309 310 179 295) (280 22 304 296)
 (297 305 180 281 312) (90 306 312 282 298) (299 283 307 181 313 314)
 (300 45 312 308 284) (301 285 309 182 313 316) (302 286 310 314 91 316)
 (303 287 311 315 317 183 318) (256 1) (320 257 192) (320 96 258)
 (259 193 321 322) (320 48 260) (261 194 324 321) (97 262 324 322)
 (263 323 325 195 326) (320 264 24) (321 196 265 328) (98 328 266 322)
 (329 330 323 197 267) (49 328 324 268) (269 329 332 325 198)
 (270 99 332 326 330) (271 199 327 331 333 334) (6 272 320) (321 336 273 208)
 (322 336 274 104) (209 337 323 275 338) (324 336 52 276) (277 210 337 340 325)
 (105 278 340 326 338) (279 341 342 211 339 327) (336 26 280 328)
 (329 337 212 281 344) (338 106 344 282 330) (339 213 283 345 346 331)
 (344 332 53 340 284) (341 214 285 348 345 333) (342 346 348 286 107 334)
 (343 215 287 349 350 347 335) (3 320 288) (289 321 352 224) (290 352 322 112)
 (225 353 291 323 354) (324 292 352 56) (353 226 356 293 325)
 (113 354 356 294 326) (355 227 357 358 327 295) (328 28 352 296)
 (297 329 353 228 360) (354 298 360 330 114) (299 355 229 361 362 331)
 (57 332 300 356 360) (301 357 230 361 364 333) (115 302 358 362 364 334)
 (359 303 231 363 365 366 335) (7 336 352 304) (305 337 353 368 240)
 (338 306 368 354 120) (241 369 339 370 307 355) (60 308 340 356 368)
 (369 242 372 341 309 357) (370 372 342 121 310 358)
 (243 373 374 343 371 311 359) (368 344 360 30 312) (369 244 376 345 313 361)
 (370 376 346 314 122 362) (371 245 377 378 347 315 363)
 (372 376 348 61 316 364) (373 246 377 380 349 317 365)
 (374 378 123 380 350 318 366) (247 375 379 381 382 351 319 367) NIL (384 256)
 (384 64) (386 385 258) (384 16) (388 385 264) (386 388 66) (387 389 266 390)
 (384 8) (386 68 392) (17 388 392) (393 394 390 70) (384 4) (396 385 272)
 (396 386 72) (387 397 274 398) (396 388 18) (397 280 389 400) (400 398 390 74)
 (401 402 399 282 391) (396 9 392) (393 404 398 76) (394 404 19 400)
 (78 395 405 406 402) (384 2) (385 408 288) (386 408 80) (409 290 387 410)
 (20 388 408) (409 412 389 296) (82 412 390 410) (298 411 413 414 391)
 (10 408 392) (393 410 84 416) (394 412 21 416) (417 418 395 86 414)
 (5 396 408) (409 420 397 304) (410 420 398 88) (306 411 421 422 399)
 (412 420 22 400) (401 421 424 413 312) (402 422 424 414 90)
 (423 425 426 314 403 415) (11 404 420 416) (417 92 405 422 428)
 (418 428 406 23 424) (419 426 429 430 94 407))