(NIL NIL (1 2) NIL (2 4) (1 4) (5 3 6) NIL (2 8) (1 8) (3 9 10) NIL (8 12)
 (4 12) (2 12) (13 9 15) (14 5 15) (1 12) (13 10 18) (14 6 18) (3 15 18)
 (21 16 11 19) (21 7 17 20) NIL (12 24) (8 24) (25 13 26) (4 24) (25 14 28)
 (2 24) (25 15 30) (26 30 9) (27 16 31 32) (5 28 30) (34 29 17 31) NIL (36 24)
 (36 12) (37 25 38) (36 8) (37 26 40) (13 38 40) (39 41 27 42) (36 4)
 (37 28 44) (14 38 44) (39 45 29 46) (36 2) (37 48 30) (38 15 48) (39 49 50 31)
 (48 9 40) (49 52 41 32) (52 16 42 50) (33 53 51 43 54) (5 48 44) (34 56 45 49)
 (56 17 46 50) (35 57 51 47 58) (36 1) (38 60 18) (60 40 10) (61 42 19 62)
 (6 44 60) (64 61 46 20) (3 48 60) (21 66 61 50) (66 11 62 52) (54 67 68 63 22)
 (66 7 56 64) (65 67 23 58 70) NIL (72 24) (72 12) (25 73 74) (72 4) (73 76 28)
 (14 74 76) (77 78 29 75) (72 2) (73 30 80) (15 74 80) (81 82 75 31) (5 80 76)
 (77 34 84 81) (78 84 17 82) (79 83 85 35 86) NIL (88 72) (88 36) (88 24)
 (73 91 89) (37 91 90) (88 12) (74 89 94) (38 94 90) (25 91 94) (97 92 75 95)
 (97 39 93 96) (88 8) (40 90 100) (26 91 100) (101 41 93 102) (13 94 100)
 (101 104 42 96) (97 102 27 104) (99 105 103 43 106) (88 4) (108 89 76)
 (108 44 90) (28 91 108) (77 92 109 111) (45 93 110 111) (14 108 94)
 (78 109 95 114) (114 46 110 96) (97 114 29 111) (98 79 117 115 112)
 (113 99 116 117 47) (88 2) (120 89 80) (48 90 120) (91 30 120) (81 121 123 92)
 (49 123 93 122) (15 94 120) (121 82 126 95) (122 126 50 96) (97 123 126 31)
 (129 98 83 124 127) (129 99 125 51 128) (9 120 100) (101 122 132 52)
 (102 123 132 32) (53 133 103 125 134) (16 104 132 126) (54 133 136 105 128)
 (33 129 136 106 134) (131 135 137 138 55 107) (5 108 120) (121 84 109 140)
 (122 56 140 110) (34 123 140 111) (141 124 85 143 112) (113 125 57 142 143)
 (114 140 17 126) (146 115 141 86 127) (142 146 116 58 128)
 (129 146 35 117 143) (130 118 144 147 149 87) (131 59 145 148 149 119) NIL
 (152 88) (152 24) (153 91 154) (152 12) (153 156 94) (25 156 154)
 (97 157 158 155) (152 8) (153 160 100) (26 154 160) (161 102 155 162)
 (13 156 160) (161 164 104 157) (162 27 164 158) (163 165 106 159 166) (152 4)
 (153 108 168) (28 154 168) (169 170 111 155) (14 156 168) (169 114 172 157)
 (170 29 172 158) (173 171 117 174 159) (152 2) (153 176 120) (176 154 30)
 (177 178 123 155) (15 156 176) (177 180 157 126) (178 180 158 31)
 (129 179 181 182 159) (9 176 160) (161 177 132 184) (178 162 184 32)
 (185 186 163 134 179) (16 164 180 184) (185 181 188 165 136)
 (33 186 188 166 182) (187 189 190 138 167 183) (5 176 168) (169 177 140 192)
 (178 170 192 34) (193 194 171 179 143) (172 17 180 192) (193 146 181 196 173)
 (194 35 196 174 182) (195 197 198 149 175 183) (152 1) (156 18 200)
 (10 200 160) (201 202 164 19) (6 200 168) (201 172 204 20) (3 200 176)
 (21 201 180 206) (202 11 206 184) (22 203 188 207 208) (7 204 206 192)
 (210 23 196 205 207))