(NIL (1) NIL (3) (2) (3 5) (6) (3 5) (8) (9 7) (8) (11 7) (4 12 10) (12) (4 1)
 (2 15) (9 12 15) (17 13) (17) (18 16) (20 19) (21) (22) (21) (14 24) (25) (26)
 (27 23) (28) (26 22) (30 23) (31) (29 31) (27 31) (34 29) (35 32) (33 34 32)
 (37) (35 37) (37) (35 40) (37) (42 36 38 39) (41 43) (44) (45) (46) (44) (48)
 (47 48) (49 50) (46 48) (49 52 47) (53) (46 48) (51 53 55) (46 48) (57 56)
 (58) (57 54) (50 60 55) (59 61) (62) (63) (64) (64) (51 61) (67 63) (66 68)
 (66 68) (65 70) (71) (69 71) (73) (74 72) (65 69 70) (75 76) (77) (77) (79)
 (78 80) (81) (81) (81) (84) (85) (84) (84) (85 88) (86 87 88) (86 87 88)
 (89 91) (90 92) (90 83 91) (91) (92 94 95) (96) (82 92 95) (98 96) (99 93)
 (100) (99 93) (98 96) (97 103) (101 104) (99 103) (106 100) (107 104)
 (105 107 102) (109) (97 106 100) (97 106 102) (105 108 112) (113 110 111)
 (114) (113) (113 110 111) (114 116 117) (117) (115 119) (120) (120) (122)
 (121 123 116) (124 118) (123 116) (122 118) (118 119) (124 127 128) (129)
 (129 126) (130 131) (132 125) (133) (129) (133 135) (136) (136) (138)
 (137 139 134) (138) (140 141) (138) (140 141 143) (137 134 143) (145 142 144)
 (146) (147) (148) (146) (146) (149 150 151) (152) (153) (153) (154 155) (156)
 (153) (156 158) (158) (157 160) (161 159) (162) (163) (164) (157 160)
 (157 158) (164 167) (165 168) (166 168) (170) (169 171) (172) (173) (173)
 (174 175) (176) (175) (178 176) (173) (180 176) (177 178 180) (180 175)
 (182 183) (179 184) (185 181) (186) (177 181 183) (186 188) (177 181 183)
 (187 190) (177 178 183) (187 189 190 192) (193) (194) (195) (194)
 (196 197 191) (198) (199) (199) (201) (201) (201 200) (204) (204)
 (196 197 191) (207 199) (204 208) (202 203 204 208) (209 210) (211) (210 206)
 (211 213) (201 208 200) (210 215) (212 216) (214 215) (218 212 205) (217 219)
 (220) (221) (221) (223) (224) (225) (226 222) (227) (224) (226 229) (230)
 (222 231) (227 232) (228 232) (232) (228 230) (233 236) (237) (236) (238 239)
 (238 239) (241) (242) (241) (241 240) (242 245) (234 246) (234 243 244 246)
 (247 248) (249 235) (250) (251) (250) (253) (249) (250 255) (246)
 (257 251 254 256) (258) (259 252) (260) (260) (262) (263) (264) (261 263)
 (266 264) (267) (268) (268) (269 270) (266) (272) (272) (265 274 268)
 (273 275) (273 274 268) (276 277) (278 271) (269 270 278) (279 280) (279 280)
 (277 275 269 270) (275 277 271) (281 282 284) (285) (281 284) (285 287)
 (281 282 284) (289 283 288) (290 286) (290) (289 286) (283 293) (294)
 (290 295) (292 295) (297 291) (298) (298) (299 300) (291 294) (301 302)
 (300 302) (304 303 296) (299 304 296) (305 306) (307) (308) (307) (308 310)
 (311) (312) (311) (311) (310) (313 315 316) (317 309) (318) (314 309 317)
 (319 320) (321) (322) (323) (322) (325) (324 325) (326 327) (326 327) (329)
 (330) (331) (330) (332 333) (334) (335) (336 328) (335 328) (338) (339)
 (339 336) (341) (342) (343) (340 341) (345 343) (346 344) (337 345) (348 342)
 (349 343) (350 344) (346 351) (352) (347 352) (351) (346 348) (356 351)
 (347 356 352) (354 358) (353 355 359) (357 360) (361) (361) (362 363) (359)
 (362 363 365) (365 357) (364 367) (368) (363 367) (370 366 368) (371) (372)
 (371) (374) (373 375) (369 376) (377) (378) (376) (379 380) (381) (370 368)
 (369 383 376) (381 384) (385) (386) (386) (388) (389) (382 390) (390) (388)
 (393 391) (386) (393 387 382 395) (394 396) (394 396) (397 398) (398) (400)
 (398 392) (402 397) (398) (404 397) (402 405 399) (406) (401 403 407) (408)
 (409) (410) (409) (407 400) (411 412 413) (414) (414) (415 416) (417) (418)
 (416) (420 415) (418 421) (422) (423) (424) (425 419) (426) (423)
 (425 419 428) (422) (426 430) (427 431) (427 431) (429 431) (433 434)
 (419 430 423) (433 428 436 432) (434 437) (434 437) (434 437) (438 439 440)
 (441) (442 435) (438 440) (441 444) (435 445) (442 446) (443 445) (446 448)
 (446 448))