(NIL NIL (2) (3) NIL (5 3) (6) (4 6) (5 1) (4 6 1) (10) (9 11 7) (11 7 8)
 (11 8) (13 14) (9 13 14) (11) (10 7 8) (18 13) (19 12) (17 19 12 16)
 (20 21 15) (22) (17 15) (24 22) (25) (25) (24 22) (26 28) (27 29) (30) (31)
 (32) (33 23) (33 23) (32) (36 23) (35 37) (34 37) (33 36) (39) (38 41) (42)
 (43) (43 40) (45) (46) (46) (48) (48) (48) (51 47) (49 50 44 51 47) (51 47)
 (52 53 54) (51) (52 53 54 56) (49 44 54 56) (58 55) (59) (57 60) (57 59)
 (61 62) (63) (64) (61 62) (65 66) (60 62) (68 63) (67 69) (70) (70) (71 72)
 (73) (72) (75) (76) (77 71) (78) (78) (74 80) (73 80) (82) (80) (67 68)
 (85 77) (86 80) (81 82 87 79) (88) (83 88) (88) (91 84) (81 86) (90 84 93)
 (89 90 93) (95) (96) (94 95) (90 93) (99 84 96) (91 99 96) (84 101)
 (97 100 92 94 102) (98 103) (100 94 102) (105 103) (98 102) (105 107 92)
 (107 104) (109) (105 110) (109) (110 112) (113 106 108) (114) (115) (115 111)
 (117) (114 111) (113 106 111) (119 120) (121 118) (122) (123) (123)
 (118 119 120) (115 120) (121 117 127) (126 128) (128) (129 130 123) (131)
 (130 125) (125 127) (125 126 127) (131 116 133 135) (134 136) (124 132 135)
 (131 116 133 134 135) (139) (124 140 136) (140 136) (142) (137 138 143)
 (141 142) (145 138) (137 146) (147 144) (147) (149) (149 144) (150 151)
 (148 150 151) (153 152) (153) (153 152) (148 149) (154 157) (158) (156 159)
 (159) (155 158) (162 159) (163 156) (162) (162 156 159) (163 165 166 160)
 (162 160) (156 157) (161 169 155) (170 167) (171 164) (171 164) (171 168)
 (174) (170 167 168) (170 164 167 168) (177 172 173 176) (178 174) (179) (177)
 (179 181 175) (180 182) (181) (182 184) (182 184) (186) (187) (188) (185 189)
 (185 187) (180 190 191) (192) (192) (192) (195) (196) (197) (194 198)
 (194 198 183) (200) (194 196) (193 202 199 183) (203) (201 204) (201 204)
 (193 201 202) (206 207) (208) (207 199) (210 208) (210 208) (212) (213 205)
 (214) (211 215) (216) (217) (218) (211 215) (209 217 220) (219 221) (222)
 (222) (224) (225) (225) (225) (226 227 228 223) (229) (230) (231) (232) (233)
 (228) (235 232) (236) (237) (233 238) (234 238) (240) (241 239) (233 238)
 (233 237) (244) (245 239) (234 243 246) (241 244) (245 248) (249 242 243)
 (250 247) (250) (249 243) (250 253 246) (252 254 247) (255) (254) (257 256)
 (257 256) (251 259) (259) (261) (258 262) (251 263) (264) (264) (266 260)
 (262) (265 268) (265 268) (258 261) (267 269 270 271) (267 269 271) (273)
 (274) (275 272) (274 272) (277) (277) (276 279) (280) (281 278) (282) (274)
 (274) (275 285 278) (282 284 286) (276 285) (277 288) (289 282 286) (290)
 (289 287) (283 292) (292) (291 294) (292) (290 294 296) (281 285)
 (297 298 293) (291 299) (298 291 293 296) (301) (300 302) (300 302) (304)
 (305) (305) (300 301) (307 308 295) (308) (302 295 310) (309 311) (306 312)
 (313) (313 303) (303 312) (316) (314 315 317) (315 316) (319) (318 320) (321)
 (322) (323) (324) (325) (323) (326 327) (327) (329 325) (330) (331) (329 326)
 (332 333) (331 333) (331 333) (322) (329 337) (338 332 335 336) (339 328)
 (340 334) (338 333 328) (340 342) (332 342 336) (341 343 344) (344)
 (332 342 335) (346 347 343) (345 348) (349) (350) (349) (352) (352) (354 351)
 (355) (354 351) (353 357) (357) (353 356 359) (358 360) (360) (362) (360)
 (362 364) (361 365) (366) (366) (366) (366) (370 368) (361 365)
 (363 372 371 367) (373) (374) (369 375) (369 375) (377) (378 376) (377) (380)
 (378 381 376) (374) (382 383) (379 384) (385) (385) (387) (388) (385) (390)
 (390) (392) (393 388 391) (386 388 392) (393 395) (396) (396) (398 391) (399)
 (400) (401) (401 389) (403 397) (404) (400) (404 406) (407) (394 407)
 (394 404 406) (402 407 410) (394 403 397 406) (409 412) (413)
 (410 405 414 408) (402 415) (410 405 414) (402 414 408) (411 413)
 (417 419 415) (420) (418 420) (422 416) (420) (424 421 422 416) (425) (426)
 (427) (425) (426 429) (430) (431) (427 423 432) (433 428) (433 428) (435)
 (435) (437) (438) (438) (433 428) (441 438) (441 434 438) (441) (435 444)
 (434 445 439 440) (441 434 435) (442 436 445 447 440) (448) (448))