(NIL NIL NIL (2 1) (4) (4) (3 4) (3 4) (8 6) (6 7) (5 10) (11 8) (9 12) (13)
 (14) (12) (14 16) (17) (18) (17) (19 20 15) (21) (18 20) (21 23) (24) (25)
 (25) (27 22) (23) (25 29) (29 21) (28 30 31) (32) (33) (33 26) (33 26)
 (34 35 36) (37) (38) (39) (40) (39) (42) (43) (44) (44) (46 40) (47) (43 40)
 (49 47) (50) (49) (49) (41 50 52 45 53) (54) (51 55) (56) (51 55) (58)
 (58 56 48) (58 48) (57 61) (59 61) (57 63) (62 64) (65) (65 60) (60 62 63)
 (65 68) (66 69) (70) (71) (72) (72) (68 64) (67 75 71) (76 72) (73 74 77)
 (74 67 75) (76 79) (78 80) (81) (82) (81) (84) (83 85) (85) (82 84) (85 88)
 (89 83) (90) (91 87) (85 88) (90 93 86 87) (94) (91 95) (96) (95) (85 88)
 (91 99 94) (100 95) (101) (97 92 101) (97 98 92 101) (102 103 104) (105) (106)
 (107) (105) (102 103 104) (110) (108 109 111) (106 110) (113 108 109)
 (113 108 111) (115) (116 109) (117) (114 118 112) (114 117 112) (119 120)
 (115) (114 122) (123 118) (123 119 120) (123 119 120) (121 123)
 (124 125 126 127) (128) (128) (124 126 127) (131) (131 128) (133)
 (130 132 133) (129 135) (123 119 120) (129 137) (130 132 138) (139 133)
 (140 136) (130 134 138) (140 142 135) (141 143) (144) (144) (142 136)
 (147 144) (145 148) (149) (149) (145 148) (150 152) (147 141) (146 151 154)
 (154 150) (146 156) (157) (157) (159) (146 156) (153 161 155 160) (162 158)
 (163) (161 157) (163 165) (164 166) (166) (168) (169) (170 167) (171)
 (170 164) (173 167) (172 174) (175) (172 173) (171 173) (178 174) (178 172)
 (179 180) (181 175) (177 181) (183) (182 184) (185 176) (186)
 (177 179 180 176) (188 182 184) (185 189) (187 188) (190 191) (188 182 183)
 (193) (194 192) (195) (196) (197) (194 189 191) (193 191) (195 200)
 (201 197 199) (202) (202) (204) (201 197) (204 206) (207) (203 208)
 (203 205 208) (203 206) (211 205 207) (212 208) (209 213 198) (214) (213 198)
 (214 216) (217) (210 218) (219) (210 218) (219 221) (220 222 215) (223) (223)
 (223) (220 222) (225 227 224) (220 222) (228 229) (228 229)
 (225 226 227 229 224) (228 232) (232) (234 230 231) (234 230) (236) (233 237)
 (238) (238) (235 240) (241) (241) (233 236 231) (241 244) (235 244 238) (246)
 (246 239 240) (245 246) (243 244) (250 245 248) (251) (249 252) (253)
 (254 247) (242 253) (247 256) (253) (258 255 256) (259) (260) (261) (261)
 (261) (257 264) (257 261) (265 266) (267 263) (266 264) (266 262)
 (267 269 270 263) (268 270) (269 272) (273) (274 271) (273) (274 276 271)
 (275 277) (277) (275 279) (278 280) (281) (280) (283 278) (282 284) (284)
 (286) (285 287) (280) (281 289 286) (290) (291 285) (291 288) (293) (293)
 (292 295) (294 296) (297) (294 296) (299) (298 300) (300) (301 302) (303)
 (304) (297 302) (306 304) (299) (308 303) (290 285 287) (306 310 303)
 (308 311 304) (298 300 310) (313 307) (314 311) (305 315 309) (316)
 (313 307 309) (318 312) (316 318 312) (320) (321) (317 319 320) (316 318 312)
 (321 323 324) (324 319) (323 326) (322 323 326) (325 327 328) (321 317 326)
 (330 325 327 328) (322 325 326) (332 327) (329 333) (330 332) (334 335)
 (329 331 332) (337 334) (337 336) (339) (338 340) (341) (342) (342) (343 344)
 (344) (346) (345 347) (347) (348 349) (350) (350) (351 352) (353) (354) (354)
 (356) (355 357) (355 356) (357 359) (357 359) (361 360) (362 358) (363) (364)
 (364) (366) (367) (368) (369 365) (370) (371) (372) (372) (369 365) (374 375)
 (364) (377 371) (378 374) (379 376) (380 373) (380) (377 374 375)
 (380 373 383) (384) (381 384) (386 382) (386) (388 382) (385 389) (390)
 (386 382) (385 388 392) (393 390) (394 391) (394 387 391) (396) (395 397)
 (396) (397 399) (400) (395 397 399) (402 398 400) (394 391) (404 400) (405)
 (406) (406) (401 402 406) (409 403 408) (410) (410) (412) (410) (412 414)
 (411 415) (413 414) (417 415) (418 411 407) (418) (420) (418) (420 422)
 (421 423 407 416) (419 420 422) (425) (426 424) (427) (426 424) (429)
 (428 430) (431) (430) (433 431) (434) (435) (436) (437) (438) (436 432) (436)
 (441 438) (441 440) (443 438) (434 432) (442 445) (446) (444 447 439) (448)
 (449))