(NIL (1) NIL (3 1) (4) (3 1) (6) (5 7) (2 5 7) (9) (4 6) (10 11) (3) (13 10)
 (14 12) (15) (13 9) (8 14 17 12) (13 11 9) (19 14) (8 16 20) (16) (22 20)
 (17 21 23) (24) (25 18) (26) (27) (25) (18 29) (26 30) (28 31) (32) (27 31)
 (34 32) (34) (27 30) (33 37) (38) (35 37) (36 38 40) (41) (39 40) (33 40) (44)
 (36 45 39) (46) (43 46) (42 48) (49 47) (50) (51) (42 43 44) (53) (52 54) (55)
 (56) (56) (58) (49 54 47) (60 56) (60 52) (57 59 62) (59 62) (57 61 64) (65)
 (66) (66 63) (68) (68) (65 63) (71) (67 68 71) (67 68 71) (74) (75) (74)
 (73 77 76 69 72) (70 78) (78) (73 75 77) (81 79) (81 79 80) (83) (84) (85)
 (86) (82 87) (82 86) (89) (89) (91) (91) (92 93) (93 88) (90 95) (94 96) (91)
 (98 92 95) (98 92 95) (100) (97 98) (99 100 102) (101 102) (104) (104)
 (106 103) (107) (105 107) (109) (105 107) (110 111) (112) (113) (114)
 (110 111) (114 116) (108 117) (110 111) (118 119) (120) (121 115) (122)
 (114 119) (122 124) (125) (125) (115 119) (121 128) (125 128) (130 123 127)
 (129 131 126) (131 126) (133) (132 134) (129 133) (134 136) (137 132)
 (129 130 123 126) (139 134 136) (137 139) (138 141) (137 139) (143 135) (144)
 (138 140 141 144) (146) (146 142) (142 135 143) (145 147 149) (147 149)
 (145 148 149) (147 152) (148 149) (154) (145 147 155) (156) (157 152)
 (145 154 151) (158 159) (150 160) (153 161) (162) (160) (163 164) (150 160)
 (161 166) (163 167) (168) (169 164) (168) (168) (172 165) (173) (170 171 174)
 (175) (176) (176) (175) (179) (179 176) (177 180 181) (177 181) (183)
 (180 184) (185) (183) (187 184) (178 188) (181) (189 182 190) (191)
 (178 180 181) (193 192) (194) (186 194) (196) (193 186 192) (194 198) (199)
 (196 199) (201 195) (195 199) (203 196 200) (201 203) (204 205) (202 206)
 (196 199) (205 208 197 200) (197 207 208) (210) (208 200) (209 204 212)
 (211 212) (197 212 207) (209 211) (216) (214 217) (216) (214 219)
 (220 215 213) (218 221) (221) (218 221) (218 220) (214 217 219)
 (223 225 226 222) (224 226) (225 228) (223 225 228) (227 230) (229 230 222)
 (232) (233 227) (234 231) (231 232) (236) (233 237) (238) (236) (235 238 240)
 (241) (242) (243) (244 239) (244) (243 239) (242) (246 248) (249 245)
 (235 240) (251 244 247 248) (252) (253) (254) (249 255) (249 254) (257 245)
 (258) (259 256) (260) (250 261) (259 255) (250 263) (264) (264) (266 260)
 (265 267) (267) (262 264) (265 269 270) (271) (268 272) (272) (268 270)
 (274 275) (275 272) (277) (277) (276 278 279) (280) (273 281) (276 279)
 (273 283 280) (284) (281 285) (282 284) (283) (287 288) (289 286) (289 286)
 (291) (290 292) (292) (294) (289 285) (290 292 296) (294 296) (290 295 298)
 (299) (297 299) (298 293) (297 302) (297 299 302) (300 301 304) (305)
 (297 300 302) (306 307 303) (308) (309) (309) (310 311) (312) (313) (313)
 (315) (312) (314 317) (316 318) (318) (319 320) (318) (322 319) (323 320)
 (322 319) (321 323 325) (325 320) (324 327) (323 327) (329 326) (321 327)
 (329 331) (330 332) (330 332) (334 328) (330 332) (324 333 334 336) (337 328)
 (338 335) (338 335) (337 328) (341) (337 328) (341 343) (339 342 344)
 (338 342 335 344) (345 346 340) (347) (345 346 340) (349) (350) (351) (352)
 (347 350) (353 354) (354 348) (356) (357) (353 357) (355 358 359) (358 359)
 (361 360) (361 360) (354 348 351) (361 364) (365 360) (362 363 366) (366)
 (362 368) (363 368) (363 365) (369 371) (370 372) (373) (373) (372 367)
 (371 368) (377 362 370) (378 375 376) (379) (380) (379 374) (382) (380 382)
 (382) (385) (385 384) (385 381 383 384) (387 388) (386 389) (390) (391) (392)
 (386 389) (394) (395) (396) (393 395) (397 398) (399) (399) (399) (402)
 (401 403) (404 400) (405) (402) (406 407) (408) (408) (410) (411) (407 400)
 (411 413) (409 413) (415) (410 416) (417 411) (418) (409 410 413)
 (411 420 416) (419 412 421) (420 414) (422 423) (424) (425) (425) (427) (428)
 (428) (426 430) (429 431) (432) (429 431) (429 430) (434 435) (436) (437 432)
 (437) (436 432) (433 438 440) (440) (433 442) (443) (433 442 437)
 (445 438 439) (441 444 446) (439 440) (443 446 448) (445 448))