(NIL NIL (1) (1) (4) (2 3 4) (6) (5 7) (6) (6) (9 10) (10 5) (10) (11 12 13 8)
 (13 11 5) (12 15) (15 8) (17 14) (18 16) (19) (19) (21) (18) (11 13) (20 24)
 (19 24) (26 20 21 23) (25 27) (26 20 23) (26 22 23) (27 30) (25 31) (29 32)
 (31) (34) (25 35 29) (25 34 29) (33 37) (33 35 28 37) (39) (36 40) (41) (41)
 (43) (44 38) (44 38) (46) (45 47) (48) (42 48) (50) (51) (52) (53) (49 52)
 (53 55) (56) (53 55) (42 45 47) (59 53) (58 60 56) (59 55) (62 56) (60 62)
 (64 56) (57 65 63) (58 66) (67) (66 61 54) (65 61 63) (67 69 70) (71) (68 72)
 (73) (74) (75) (76) (77) (73) (73) (74 79 80) (74 80) (82 77) (82 78 79) (84)
 (81 83 84) (85 86) (87) (87) (86) (90 88) (91) (92) (93) (89 94) (95) (95)
 (97) (97 96) (98 99) (100) (99) (102) (103) (98 103) (98 103) (106 100 104)
 (105 107 101) (107) (108 109) (106 104) (108 111) (112) (110 111) (114) (114)
 (114) (115 116 117 112) (113 118) (119) (120) (121) (122) (123) (120)
 (121 125) (122 126) (124 127) (128) (129) (130) (124 126) (124 126) (133 128)
 (131 134) (131 132 133) (136) (136) (138) (137 139 135) (139 135) (136)
 (141 142) (141 142) (140 144) (145) (146) (147) (145) (139 142 135) (146 150)
 (137 150 144) (147 152) (153 149) (154 151 143) (148 150) (155 156) (156)
 (158 143) (155 159) (154 159) (161 157) (161 160) (163) (162 164) (163 157)
 (166) (166) (165 166) (169) (169 167) (171) (171) (173) (174) (175) (170 176)
 (172 176 168) (172 175) (170 175) (180 176) (179 181 168) (177 182) (178 183)
 (177 182) (177 182) (172 180) (178 187 186) (188 184) (185 186 187)
 (188 190 184) (189 191) (188 190 183) (193 191) (194 192) (195) (196) (197)
 (196) (195) (197 199 200) (195) (201 202 198) (203) (203) (205) (204 205)
 (207) (208) (206 207) (210) (210) (203) (210 213) (204 213) (210 213)
 (209 211 215 216) (209 211 215 216) (218 214) (219) (212 220) (219)
 (212 222 220) (221 223) (224) (212 222) (226) (221 222) (217 228 224)
 (226 229) (225 230) (231) (232) (233) (234) (229) (234 236) (236 231) (238)
 (239) (235 240) (235 237 240) (227 237 235 239) (243 240) (227 235 239)
 (243 245 240) (242 244 246) (241 244 245) (248) (237 238) (241 250 243)
 (249 242 251) (252 246) (253) (254) (255) (256) (249 251 247) (257 258)
 (257 258) (260) (260) (262) (263) (262) (265 259) (265) (266 267 261 264)
 (268) (259 260) (265 261 270) (266 267 271) (272 264) (273) (274 268) (275)
 (275) (275 269) (273) (276 278 279) (279) (281 280) (282) (283) (282) (285)
 (277 286) (276 277 278 279) (283 285 288) (289 287) (287 288) (283 291)
 (290 292) (293) (284 294) (295) (295) (297) (298) (297) (299 300) (290 292)
 (301 302 296) (303) (304) (299 302) (306 304) (306 296) (308 300) (309)
 (305 307 310) (305 310) (309) (313 311) (314 312) (315) (315) (313 304)
 (307 318 312) (319 311) (317 320) (321) (322 316) (322) (323 324) (325)
 (323 324) (327) (328) (329) (330 326) (328) (325 327) (331 333) (334) (335)
 (336) (330 332 333) (338 326) (338 336) (340) (341) (342) (340) (339 344)
 (338 335) (337 346 339 341) (347 342 344) (345 347) (348 349) (347 344)
 (345 351 343) (350 352) (353) (354) (353) (354 356) (356) (355 358) (350 352)
 (355 358 360) (355 358 360) (361 362 359) (363 357) (364) (365) (366) (367)
 (366) (366) (370) (371 368) (372) (373) (372) (372) (371 367) (364)
 (378 373 375 376) (369 379 374) (380) (381) (377 380) (380) (381 383 384)
 (385) (386 382) (387) (387) (389) (385 382) (386 391) (388 390 392) (393)
 (394) (395) (396) (394) (397 398) (395 398) (397 400) (401) (402) (403) (402)
 (404 405 399) (406) (401) (403 405 408) (404 405 408) (399 408)
 (409 410 411 406) (412) (413) (414) (413) (416) (407 416) (407 416) (412)
 (418 420 415) (417 419 420 414) (422) (422 415) (421 422) (425) (426 423)
 (426 424) (428) (428) (427 429 430) (431) (430 423) (433 432) (434) (427 430)
 (436) (437 429) (434 437) (435 439) (440) (441 438) (441 438) (443) (442 444)
 (444) (433 437 432) (446 447) (443 447) (446 447))