(NIL (1) (2) (3) (4) (2) (3) (4 6) (5 7 8) (5 8) 
(10) (7 10) (9 11) (13) (12 14) (5 7 8) (11 16) (17) (13 16) (13) 
(20) (15 17) (21) (15 16) (15 17) (20) (14) (15 17) (18 19 20 24 25 28) (21) 
(18 20) (16 30) (12 14 17) (28) (15 31) (19 26 35) (32) (25 27) (19 22) (18 24) 
(35 39 40) (19 37 40) (33 36) (29 30 34 39) (15 21 31) (23 26 32 45) (43 45) (42 44) (48) (25 34 42 43 46) 
(36 41 48) (28 40) (26) (39 47) (34 43 46) (36 41 42) (24 47) (27 29 37 54) (25 46) (29 50 57 59) 
(50) (29 50 59) (58 61) (29 43) (23) (22 59) (49 52 61) (27 29) (58 61) (51 69) 
(28 30 38) (38 52 61 62) (49 63) (55 57 70) (41 44 47 72) (32 43) (52 74) (33 48 59) (56 63 64 78) (25) 
(57 62 65 69 79) (25 43) (70 80 81) (55 64 69 73) (77 82) (60 63) (30 35 52) (49 52 76 86) (24 33 59 80) (68 72) 
(72 74 88) (48 69 76) (81) (74 76 81) (79) (60 89) (27 50 53) (27 33 39) (34 59) (44 55 56 61 66 97) 
(38 55) (38 64 67 68) (80 81 99) (44 72) (55 68) (49) (27 37) (76 81) (37 101) (94) 
(70 88 105) (47 68) (42 109) (66 86 99 107) (51 112) (79 100 102 114) (102) (66 81) (82 87 103 109) (71 80 85) 
(103) (84 110 111 121) (58 102) (70 89 114 119) (124) (70 113) (102) (86 93 100 115) (73 94) (32) 
(70 71 117 121) (75 97 131) (14) (102 103) (115) (83 100 104) (79) (110) (89 122) (88 124 136) 
(114 129 134) (62 67 78 109) (65 77 78) (58 115 127 142) (133) (72 116 122) (56 90) (108 146) (100 108 145) (124) 
(55 121) (92 107 113 122 135) (134) (51 105 113 123) (88 108) (126 147) (89 106 130 144 152) (99 118) (157) (71 89 148) 
(121 123) (120) (75 154 160) (116 134) (144 146) (160) (132 161) (95 96 137 141 147) (105 126 128 167) (118 161) 
(128 154) (60 85 137) (95 130 161) (49 51 81 98) (89 112 153) (140 160) (91 112) (123 129) (122) (146) 
(79 80) (121 141) (113 139 172) (49 108) (92 168) (119 139 147) (152) (51) (143 185 186) (87 144) 
(123 128 166 179) (180) (56 78 104) (127 173 177 189) (63 105) (78 111) (55) (113 178 179) (96 111 135) (108 173 180 198) 
(88 174) NIL (152 158) (123) (163 165 173) (158 188) (94 98) (139 167) (172 189) (71 185 186) 
(138 160) (172 191) (183) (138 146 179) (95 187) (209) (88 124) (83) (71 87 111 142 158 177) (110 115) 
(57 65) (112 174) (117 122 126) (151) (87 104 185 220) (96 127 198) (207) (160 173) (106) (118 135 144 171 193) 
(68 93 221) (136 195 209 221 222) (90 213) (205 229) (36 202) (194) (64 87 114) (138 234) (113 151) (163 216) 
(164 225) (112 120 127 136 178 210 218) (176) (131 170 234) (100 153 155) (139 192 222) (166 209) (158 194 234) (134 154) (84 237) )