(NIL (1) (2) (3) (4) (2) (5 6) (3 6) (8) (7) 
(8) (7 11) (8 10) (12 13) (9 14) (14) (11) (1) (17) (9 14 18) 
(7) (10 12) (16) (23) (16 20) (9 21) (9 18) (12 27) (15 19 26) (19 26) 
(22 25) (7 17 27) (20) (9 23) (14) (15 23) (22 26 33 35) (18 24 30) (30 32 34 35) (15 28 34) 
(25 29 37 38 40) (23 32) (41 42) (40 42) (15 20 42) (37) (20 26 40) (24 28 31) (38 42) (34) 
(43) (39 46) (39 47) (36 51) (41 44) (40 49 52) (26 40 45) (51 57) (19 57) (22 39 47) 
(35) (44 49 53 59 61) (41 44 53 61) (45 55 56) (52 60) (19 46) (33 48 59) (25) (42) (46 61) 
(40 42 48) (41 56 61) (36 40 69) NIL (54 67) (21 69 71) (51 66) (58 60) (26 36 71) (48 63) 
(29 37 40 42) (31 36 55) (49 52 58 74 82) (45 55 56) (46 58 63 67) (49) (41 44) (64 80 83 84) (22 40 68) (84) 
(54 77) (82) (38) (44) (38 57) (84) (69 83) (63 69 75 92) (43 49 73) (31 72 93) 
(73 85) (77 82) (71 92 101) (72) (88) (58) (50 65 80 98) (22) (86 104) (46 59 79 94) 
(95 109) (69 89 90 105) (50 97) (75 82) (68 99) (57 82 115) (46) (65 106 112) (41 86) (81 83 84 89) 
(85 90 91) (58 79) (29 46 93) (78 98) (101) (50 106 111 112) (60 76 95) (49) (125) (60 110 126) 
(70 88 113) (78 79 117) (97 115) (75 82 95 109) (123) (70 81 101 108 133) (53 68) (62 87 122) (50 92 100) (60 108 139) 
NIL (105 125) (58 61 90) (65 97 115 138) (65 82 96 106) (59) (53) (95) (53 58) (50 92) 
(73 87) (65 72) (140) (91 98 131) (44 66 72) (102 128 142 153) (77 81) (52 127) (100 117 133) (23) 
(33 89) (60 66) (69 81 117) (53 82) (136 139) (110 131 142) (50 158) (120) (120 140) (49 57 150) 
(83 92 99) (113 146 159) (102 105 107 114 128) (64 147) (135 159 160) (152 173) (122 154) (81) (89 151 158 159 176 177) (86 103 135 158) 
(36 58 62) (162 177) (78 84 119) (56 124) (94 111) (54 60 90) (157 167 170) (59 87) (97 101 120 130 139 176 185) (126 144) 
(153) (116) (96 136 161) (124 141 169) (77 83 138 140 186) (62 66 68 72) (104) (75 108 133 187) (88 99 143) (104 106 110) 
(62 66) (120 146) (156 160 168 180 185 196) (32 47) (89 138) (109 178) (138 154) (78 120 129 164 181) (139) (189 194) 
(144) (156 188) (110 193) (128 171 174) (125 134 143 171 193 211) (94 134 167 191) (56) (112 134 178) (111 125 181 202) (78 87 175) 
(177) (75 118 127 130 178) (203) (144) (90 108 110 122 180) (103 121 174 199) (77 85) (169 185) (140 159 190 211) NIL 
(107 153) (117 223) (96 131 194 211 226) (64) (109 211) (54 192 205) (139 170) (112 214) (55 135 230) (89 157) 
(83 135 147) (189) (111 207) (108 126 148 170 176 181) (88 123 165) (126 163 223) (89 99 195 234) (174 195 210 228 241) (79 184 232) (227) )