(NIL (1) (2) (3) (4) (4) (3) (5 6 7) (4 7) (8 9) 
(9) NIL (5 12) (10 11) (8 11) (12 14 15) (13 16) (17) (8 13) (16) 
(10 15) (18 21) (20) (11) (14 15 19) (17 23) (17 19 21) (17 21) (18 23) (24 25 26 27 29) 
(20 22) (26) (28) (22 23) (22 28 30) (18 21) (25 27) (30 36) (24 26) (38) 
(29 34 36) (21 32) (32 33 40) (39 40) (40 41) (44) (34 39) (38) (39) (45 47) 
(28 45 47) (46) (18 19) (34) (26 53) (50) (33 46 50) (31 43 46) (43 47) (56) 
(46 56) (37 42 54 57) (31 50) (41 58 59) (56) (52 62) (25) (50 54 58) (35 44 60) (23 31) 
(61) (46 54) (64 68) (63 68) (35 42 55) (56 59 70) (40 47) (48 56 73) (77) (62 68 75) 
(71) (48 53 60 76) (35 73 77 81) (64) (61 72) (52 63 83) (37 84) (62) (37 69 71 79) (39 41 48) 
(63) (86) (60 80 90) (48) (31 66) (66 83) (38 67) (71 79 95 97) (78 96) (32) 
(35 43 56) (49 56 72) (88 89) (33 54 65) (62 70 77 81 102) (80 96 101) (63 80 103) (50) (28) (51 66 104) 
(62 73 77) (41 94) (62 67) (76 103) (81 110) (49 50 54) (51 72 90) (85 112) (86 115) (98 100) 
(63) (76 96 113) (59 105) (49 91 108 110) (78 102 114 118) (46 48 77 101) (73) (76 78 119) (35 40) (69 87) 
(58) (49 130) (81 114) (42 116 130) (78 110 122) (48 113) (85 134 135) (32 35) (31 42 46) (113 121) 
(51 114 138) (93 105 109 110 140) (91 119 123 136) (110) (68 118 129 141) (54 81 84) (142) (120 122 123) (72 106 107) (35 90) 
(128 132 150) (101 133 147) (115 130) (35 53 85) (88 117 128) (99 150) (82 125 132) (33 42) (89 106 108) (116 122 157) 
(108 145 147 154 160) (102 153) (26) (95 116 126) (94 132 155) (54 69 163) (91 103 111 142) (51 111 126 148) (142 158) (78) 
(136 147) (104) (88 112 138) (63 115 139) (121 126 149) (67 105 129) (84 154 156) NIL (82 88 143) (103 148) 
(55 82 104) (98 125 131 146 177) (80 163 165 172) (61 80 116 136 178) (156) (161 164) (31 48 52 56 109) (51 127 166 185) (81 88) (135 164) 
(70 106 134) (81 91 112 132 158) (66 105 189) (32 70 94) (74 155) (82 93 116 136) (94 113 132) (161) (30 42 100) (74 129 137) 
(86 124 132 145) (152) (193 196) (95 157 203) (153 179 198) (135 168) (157 188) (145 163) (92 161) (60 113) 
(86 134 170 198) (152) (212) (121 164 166 199) (80 104 166) (116 148 157 159 194) (108 165 206) (123 149) (143) (176 178 204 218) 
(49 65 170) (109) (93 216) (129 164 181 204 217) (186) (198 220) (195) (160 174) (165 180 208 209) (60 61) 
(86 180) (75 131 162 206) (75 179 210) (115 129 132 152 199) (166 185 223) (79 85 191) (107 137 148 179 183 198) (91 202) (37 41) (51 149 197) 
(106 192) (149 194 228) (43 144) (198 218 224 229) (182 192 193) (127 200) NIL (48) (98 125 149) (171 211 224 225) )