(NIL (1) (1) (2 3) (4) (4) (5 6) (7) (8) (3) 
(9) (9) (7) (11) (14) (13 14) (15) (17) (10 12 18) (12 15) 
(15) (19) (22) (15) (12 13 17) (12 24) (18 20 26) (20 22 25) (16 23 25 26) (13 26) 
(22) (23 26 31) (20 30 32) (28 29 33) (28 33) (18 20) (29 33) (16 26) (23 26) (27 34) 
(20) (9 10) (17) (37) (21 27 36 37) (28 45) (19) (13) (40 44) (36) 
(37 38 50) (35 40 46 47) (35 50) (21 25 39) (45) (28 48) (55) (38 45) (35 44 51) (43 51) 
(34 43 54) (47 54 58) (46 59) (61) (60 63) (29 30) (49 57 63) (8) (40 51 62 66) (42 57) 
(31 36 41) (61) (33 36 38 68) (45) (64 67 70) (28 37) (41 69) (48 58 60 72 76) (38 55) (55 58 65 73) 
(80) (35 42) (36 72) NIL (38) (47 49 76) (60 79 83) (40 73) (70 74 84) (40 66) 
(53 56 75) (31 41) (62 67 82 86) (53 86) (78 89 91) (42 54) (40 42 57) (74 75) (55 84 88) (53 56 64 77 80 89) 
(14) (58 67 71 94) (62 75) (14) (91 98) (40 41 53) (71 96 97) (61 74 82) (46 50 79) (21 50 86 88 101) 
(69 94 96) (82 110) (70 80 104) (111) (58 59 71) (94 100) (95) (49 76 79 100) (53) (41 52) 
(63 106) (91 104 106 112) (85 87 117 119) (51 57 76) (88 105) (86 92 117) (65) (100 102) (94) (126) 
(76) (55 56) (59) (34 113) (113 125) (81 83 116) (63 71 96 108) (41 48 57 58 60) (122) (1) 
(119) (72 129) (57) (60) (58 142) (85 117 135) (90 139) (88 91 102 143) (143) (81 88 101 124) 
(40 132) (96 144 150) (125) (22) (45 83 101) (78 122) (47 89 137) (54 102 112 121) (41 88 145 151) (28) 
NIL (99 126) (88) (93 162) (56 87 92) (86 98) (103 112 137) (50 92) (81 88 138 141) (98 102 108 112 121) 
(48 57 71 87) (66 80 127 155) (89) (75) (60 148) (63) (87 100) (92 94 97 109 110 150) (75 132) (71) 
(90 130 136 171) (148 166) (97 114 135 145 160) (152) (79 125) (91 106) (54 80) (138 162) (59 161) (52 110 129 168) 
(69 188) (52 172 177) (66 121 124 155) (114 122) (114 135 188) (108 195) (2) (47 115 140 174) (94 188) (102 118) 
(97 177 194) (93 118) (52 114 123) (79) (178) (113 123 165) (98 158) (93 188 194) (194) (37 168) 
(85 159 166 190) (167 181) (115 125 188 207) (141) (86 120 144) (133 171 174 188) (3) (93 161 176 201 211) (154 208) (90 103 104 137 158 197) 
(97 114) (76 172) (110 161 183) (105 190 206 215) (108 128 184 204) (29) (133) (117 128 161) (75 96 118 190 226) (136 174) 
(190 196) (116 135 184 217) (52) (46 73 204) (134 174 191) (133 154 222 225) (149 167 204 227) (58 64 107 120 160 204) (69 101) (128 175 192) 
(69 131) (67 74) (52 81 84 106) (128) (104 212 243 244) (83 112 180) (94 151 164) (103 130 178) (114 136 217) (165 172 182 195 225) )