(NIL (1) (2) (3) (4) (4) (5) (7) (8) (9) 
(7) (6 9 11) (5) (12) (14) (10 15) (16) (17) (14) (14) 
(2) (19 21) (18 20) (18) (10 21) (19) (24 26) (21 27) (17 22) (26) 
(10 19 21) (13 22 25) (6) (22 31) (25 30) (19 25) (23 27) (19) (13) (13 20) 
(22 35 38) (4 21) (15 26) (10 21) (28) (23 35 42 45) (17) (32 47) (13 35) (37) 
(29 34 46) (30 42 47) NIL (24 38 44) (20) (51 52) (33 54) (22 43 45 57) (31 42 49 58) (46 54) 
(32 35 36 43 52) (50) (46 47) (38 56) (39 54 61) (62 64) (66) (54 63) (34 36 38) (57 66) 
(39 59) (23 24) (40 41) (26 29 47) (33 61 64) (22 36 54) (39 49 56 57) (56) (65 78) (56 61) 
(59 72) (34 46) (67) (40 63 76) (43 69) (53 56) (37 53 63 74 75) (44 48 55) (22 50 53 57 60) (60 67 79 85) 
(51 55 57 61) (71 77) (37 75 82) (51 65) (38 61) (77) (53 73 83) (44 49 53) (80) (50 79) 
(62) (82 85 100) (71) (84 87) (66) (37 40 45) (40 52 53 69) (83 87) (76 94) (63 75 99) 
(73 94 103 108) (69 79 80) (13 43 68 76) (75 77 94 101) (39 73) (50 103 106) (34 68 103) (53 112) (80 81) (58 69 87 88) 
(49 76) (69 80 108 114) (33 55 118) (114) (79 91 94) (55 90) (33 74 109) (71 72 87) (55 72 97 98 115 127) (51 95 107) 
(10) (55 68 79 93 103) (31) (89 124) (92 106) NIL (41 86 117 136) (83 92 118) (74 97 118 132) (48) 
(53 109) (44 75) (91 109 133) (58 95 104 109 134) (4) (111 130 134 139) (117 126 138) (97 110 121) (41) (123) 
(68 86 138 140 143) (99 102 146) (85 87) (82 105 133 138) (64 98) (48 68 90 101) (97 124 155) (147) (126 134 138 139) (85 88 135) 
(131 152 158) (103 145 149) (81 144) (138 143) NIL (103 140 145) (117 122) (72 138 165) (48 50 59 112) (48 96 133 150 152) 
(37 40 49 76) (114 119 153) (142) (86 97 100 133 165) (79 91) (70 168) (80 86) (85 120) (38) (139 162) 
(110 147 166) (117 123 177) (98 128 146) (36 74) (105 117 144 170) (135 137) (39 131 136) (122 165 177 185) (76 99 130) (102 138 155 179) 
(98 108 139) (96 155 164) (104 169 170) (96 108 153) (41 130 147 171) (74 124 140 195) (122 185) (55 104 137 189) (123 172) (79 97) 
(104 121 145) (13 179) (32 45 73) (185 202) (45) (110 128 186) (118 194) (22) (182) (116 167) 
(75 85 131 182 186) (58 70 87 101) (79 109 120 122 184) (172) (155 171 214) (82 134 176 189 207) (64 125) (188) (112 135 171 205 213) (115 190) 
(110) (110 163) (183) (188) (120) (83 199 205) (122 160 168 215) (105) (132 143 173 186 203) (125 126 153 167 187) 
(95 120 190) (130 135 180 226) (70 88 197) (91 157 221) (159 231) (84 123 164 180) (116 120 142 156 167 224) (158 191 194) NIL (160 191 194 224 236) 
(188 206 233) (161) (201 241) (77 150) (147) (36) (75 126) (164) (92 191) (39 52) )