(NIL (1) (2) (3) (4) (5) (6) (6) (7) NIL 
(5 10) (8 9 11) (7 11) (9 11) (9 13) (11) (14 15) (9 11) (11) (17) 
(12 18) (8 19 20) (13) (14 21) (19 20 24) (19 20 24) (15 16 19) (25) (7) (17 27) 
(17) (27 28) (32) (2) (26) (30 33 35) (26 28) (12 30) (35 37 38) (31 36 39) 
(23 33 38) (20) (34 39) (43) (22 33) (33 35) (32 43) (31 41) (39 48) (39 42) 
(40) (26 33) (21 30 34) (41) (23 29 50 52) (17 24) (23 42) (48) (8) (40) 
(31 36 44 57) (45) (40 50 61) (44 54) (19 20 24) (55) (25 53) NIL (47 62 64) (60 65) 
(54 58 66) (36 45 46 68) (12 20 29) (40 41) (57 58 62 72) (69 74) (50 73) (36) (8) (66 68) 
(33 50) (20) (64 75) (17 79) (81) (75) (26) NIL (22 34 50 84) (28) 
(39 84) (41 60) (45 55 74 89) (40 49 52 78) (73) (67) (46 48 63) (40 55 68 73) (40 57 77 81) (59 88 89 91 98) 
(40 56 96) (47 75 78) (50) (99 100) (66 85) (69) (20) (99) (29 102) (45 46 99) 
(41 79 99) (47 63 100) (30 62) (30) (49 65 111) (50 87) (64 87 89 110) (94) (108) (69 91) 
(49 59 80 116 119) (17) (35 41 52 57 90) (48 92 99) (53 74 94 98) (40 61 67 88) (49 53 81 112 114) (67) (54 104 107) (80 94 99 105 106) 
(92) (56) (59 67 77 123) (78 91 126) (61 91) (46 55 61 82) (66 74) (94 111) (86 127 130 134) (121 124) 
(44 118) (65 105 113 119 127) (74) (61 71 82 95 103 106) (40 53 61 79 81 106 109) (95 109 134) (63 86 109) (32) (55 73 106) (65 77 84 88 103) 
(131) (82 83) (70) (133 150) (86 125) (84 137) (47 51 135) (127) (77 144) (88 96 133 143 144) 
(155 160) (97 130) (49 101 103 112) (55 67 69 118) (78 106 142) (99 116 128 151) (54 56 74 96) (110 131 144 149 157) (130 135) (97 120 124 167) 
(66 79 122 164) (107 146 162) (66 112) (93 116 139 160) (97 128 139 167) (83 123 130 159 166) (144) (65 97 114 136) (101 162) (50 53 87) 
(100 137 146) (112 146 160) (71 112) (144 152) (93 121 141 167) (75 128) (153 158 160 169 183) (144 155 175) (59 85 111 152 159) (125 140 143 166) 
(172) (105 106) (161 176 187 191) (86 150 172 184) (102 106 114 152) (92) (76) (113 177) (191) (174 187) 
(173 193) (122) (168) (135 194) (117) (161) (141 174 181) (167 193) (115 163 204 207) (93 94 132 142 146 202) 
(181 192 194) (53 87 109 196) (71 131 210) (139 170) (75) (158 192) (47 50 51 96 128) (188) (145 218) (148 183 189 197) 
(94 165 192) (110 133 157 214) (146 174) (76 86 117 141) NIL (34 52) (102 135 159) (51 91 212) (89 109 177) (21 59) 
(80 145) (93 119 158 229) (211) (90 164 204) (81 90 93 101 151) (67 87 103 156 165 173) (171 178) (49 88 227) (98 147) (92 117 136 216) 
(95 116) (76 179 198 203 213 238) (123) (192 225 232) (200 203) (1) (209) (54) (218) (178) )