(NIL (1) (2) (3) (4) (5) (5) (4) (6 7) (9) 
(10) (8 9) (12) (8) (8 11) (9) (13) (10) (11 12 14 16) (10) 
(20) (11 17 21) (8) (10) (22) (15 16 25) (14 16) (18 19 22) (15 16 18) (18 19 23 27) 
(25) (15 23 25 27) (32) (33) (33) (20 30) (19 29) (31) (21 23 37) (18 33 38) 
(17 36 39) (36 40) (31) (33 41) (29 40) (37) (24 42) (31) (18 38) (21) 
(46 47) (43) (24) (36 43) (35 38) (30 37) (47) (46 47) (29 34 42) (41) 
(58) (42) (44) (26 28 47 53) (62) (34 48 65) (48 63 64) (26 45) (32 46) (51 52 65 68) 
(34 51 55) (39 71) (44 45) (41 45 51) (26 69) (28 52 54 72 73) (35 57 75) (43 56) (41 43 57) (72 74) 
(49 66 72 75) (69) (28 37 47) (44 64) NIL (53 75 80 82) (73) (28 35 51) (66 80) (30) 
(60 85 90) (41 66) (46 53 63 73 90) (52 55 56 73 82) (28 56 92) (49 60 70) (59 87) (47 48 91) (67 76 89 98) (54 60 86) 
(75 84 87) (67 68 71 73) (59 66 86) (75 91) (87 99) (35 64) (62) (20 85) (49 56 64 88 100) (103) 
(101) (97 105 110) (60 69 97) (99 107) (57 75 94 114) (81 82 96 99) (93 106) (115) (51 79) (119) 
(109 115) (71 117) (72 73 120) (26 51) (54 103) (53) (80 101) (115) (68 99) (110 117) 
(112) (80) (121 131) (96 109 117) (102 128) (121) (112) (137) (49 113) (58 86 102 107 132) 
(52 117 123 140) (133) (121 122 125 126) (84 104 109 126 137) (49 128 138) (77 107 139 144) (121 132 137) (51) (43 95 101) (84 97 134) 
(128 132) (147) (83 91 97) (99) (78 120) (69) (144) (134) (132 136) (43 59 72 83 156) 
(145) (130 149) (85 88) (119 153 157) (89) (39) (110) (58 71 120) (119 153 167) (101 159 167) 
(54 141 160) (123 152 158) (150 158 169) (159) (61 89 108 169) (75 98) (147 163) (167) (95 167) (108 129) 
(53 80 123 148) (116 121 155) (140 143 150 166) (113 134 160) (100 106 128) (165 170) (117 142) (113 118 167) (52 84) (188) 
(110 119) (119 157) (108 172 173) (149 191 192) (92 134 187) (138 151 158) (122 194) (137 143) (58 172 192) (107 139 163) 
(88 145 154) (50 172) (181 193) (70 110 155) (53 58 81) (101 121) (203) (156 193) (164 187) (149 202) 
(31) (102 187 198 200) (81 96 138 140 180 198) (3) (133 186 198) NIL (111 124 149 202) (145 163 193 198) (133 156 196 213) (138 139) 
(70 83 139 186 189) (164) (78 161 196 199) (130) (192) (183 224) (128 131 177 180 186 199) NIL (94) (138) 
(79 178) (154 193) (149 195 223) (45 55 92) (152) (222 232) (213) (126 193 230 231) (23) (116) 
(150 161) (95 225) (136 198) (219) (101 136) (179 217) (161 176) (135 198 231 246) (199) (84 120 142) )