(NIL (1) (2) (2) (3 4) (1) (5 6) (5 6) (7 8) (9) 
(10) (11) (12) (5) (13) (13) (13) (13) (15 17 18) (13) 
(16 20) (10) (5 6) (16 20 23) (19 23) (25) (24 26) (20 26) (13 22) (28 29) 
(24 28 29) (19 21) (19) (31) (22) (14 21 27) NIL (13) (30) (30) 
(27 39) (36) (39 40) (11 35) (3) (24) (21 31 39) (15) (41) (28 45 48) 
(42 45) (38 39 50) (16 20 25) (24 28 32) (20 26 44) (27 33 43 50) (38 39 45 55) (24) (51 57) (31 41) 
(47 48) (47 49 51 58) (56) (52) (24) NIL (21 27 28) NIL (34 55 60 62 65) (36 39) 
(54) (43 55 64) (72) (27 33 43 58) (33 57 62) (53 54 61 75) (65) (51 60 74) (35) (35 53 54 68 77) 
(56 57 72 78) (73 74) (62 79) (31 37) (54) (36 84) (56 69 76) (40 53 54 67 75) (47 51 66) (72 79 88) 
(34 78 83) (80 87) (38 68 85 89) (64 92) (40 46) (66 80 90) (42) (86 96 97) (43 86 95) (86 96) 
(42) (56 76 99) (70 85 98) (81 94) (67 82) (68 81 86 90) (100) (91 94 97) (49) (57) 
(66 102 109) (60) (56 76) (30 34) (70 71 107) (52 67 70 93) (73 81 98) (113 117) (74 103) (70 101) 
(37 64 85 113 114) (84) (108 116) (11) (48 57 89 112) (38 54 58) (75) (106) (74 88) (46 103) 
(70 92 106 110) (81 92) (119) (59 109 130) (38 79 80) (114) (48 49) (78 87) (115 136) NIL 
(34 101 107 126) (139) (32 62) (91 99 107) (74 92) (70) (70 96 105 113) (82 96) (89) (71 103 105 123) 
(109 110 115 147) (76 101 114 129) (110 120 124 145) (68 70 111) (88) (46 92 113 128) (111 139) (60 124 139) (73 90 125 153) (99 131) 
(63 102 137 140) (99 155) (81 96 120 138) (114 118 120) (132 135 156 158 163) (95) (55 66) (35) (61 148) (91 166) 
(111 115 120) (130) (79 127) (139 173) (78 126) (93 134 157 168) (82 96) (108 149) (99 137) (108 171) 
(86 148 163) (135) (59 137 144 150 154 180) (90) (73 127) (83 117 184) (138 157 174 178) (69 134 142 143) (112 118 150 160 178) (87 134) 
(114 137) (95 104 114 125 151) (109 163) (95 120 123 147 167) (51 74) (89 138 191) (96 104 110) (138 185) (183) (101 118 131) 
(125 167) (135 140 163 170) (76 117 126) (91 106 122 155) (93 128 134 145) (105 114 128) (156 202) (90 102 152) (143 168 193) (83 141 160 176) 
(89 209) (154 182 209) (121 176 177 194) (210) (94 172) (169 178) (198) (127 176 180 202) (37 57 62) (98 123 166) 
(111 165 167 193) (91 103 153) (33 35 60) (141 217) (73 135 173) (150) (85 90 108 185) (203) (76 135) (136 140 153 184) 
(42) (124 192 213 228) (33 42 140) (144 188 200) (191 201 203 207) (189) (98 169 173) (94 98 145 173 181 206 208) (109 158 168) (146 154) 
(69 111 143 219) (167 203 210) (193 218) (66 80) (69 93 101) (187 194 212) (136 181 235) (144 151 155) (119 183 186 187 194 201) NIL )