(NIL (1) (1) NIL (3) (2 5) (6) (4 6) (8) (9 7) (8) (11 7) (12) (13) (9 14)
 (9 14) (10 16) (14) (13) (10 19 15 16) (17 20) (17 20) (17 19 15) (22 23) (24)
 (25) (18 21 23) (27) (20) (18 21 22 29 23) (26 28 30) (26 30) (25 28 30)
 (25 27 30) (29 23) (34 26 35) (36) (36 32) (38) (39) (28 40) (35 32) (41 42)
 (43 37) (33 43 37 31) (45) (42 28 40) (43 47) (46 48) (44 46 48) (33 44 31 48)
 (51 45) (52) (49 53) (50 52) (52) (49 56) (53 56) (57 50 58) (59) (60 54) (61)
 (60 55) (60 54) (64) (65 61) (66 62 63) (66) (66 62) (66 62 63) (70)
 (67 68 71) (72) (73 69) (74) (73) (76) (74 77) (78) (75 78) (78) (81) (82 75)
 (83 79) (84) (85 80) (85 80) (86 87) (88) (89) (87) (89 91) (90 91) (93) (94)
 (93) (92 95 96) (97) (97) (99) (99) (98 101) (92 96) (101 103) (102 104) (104)
 (105 106) (107 100) (107) (108 109) (108 109) (110 111) (112) (113) (114)
 (115) (115) (115) (113) (118 119) (117 120) (117 120) (122) (118 119) (124)
 (122 124) (126) (125 127) (121 123 116 128) (123 116 128) (129 130) (129 130)
 (132) (132) (133 134) (135) (116 125 126) (137 133) (137 135) (138 139 136)
 (137 133) (131 140 141) (142) (142) (144) (145 143) (146) (146) (147 148)
 (145 143) (147 150) (149 151) (151) (153 149) (153 152) (150) (148 156 151)
 (154 155 157) (147 148 156) (149 159 151) (154 159) (161 152) (156 152)
 (163 160) (162 164) (162 163 157) (165 166) (166 160) (155 168) (169 158)
 (170 164) (171 167) (172) (172) (174) (169 165) (171 176) (177 167) (178 175)
 (179) (180 173) (181) (180 173) (180) (173 184) (174 176) (186 181 184)
 (187 183) (188) (189) (190) (189) (188 182) (185 188) (193 194) (195 191)
 (196 192) (195 189) (195 190 192) (199 191) (197 200) (197 200) (199)
 (203 197 200) (203) (201 203) (202 206) (205 207) (198 208) (209) (210)
 (211 204) (202 205 206) (198 206) (204 205 198 206) (215) (209 213 216)
 (209 213 216) (217 218 214) (219) (211 220) (221) (218) (211 216)
 (217 218 224) (222 223 224) (219 212 224) (227 221) (228) (225 229 222)
 (226 230) (229) (228) (233 230 232) (226 234) (233 230) (226 236 234)
 (236 231) (237 238) (239) (236 231 232) (236 231) (242 239) (243)
 (241 235 243) (244 245) (241 242 235 239) (246 247 240) (246 247) (247))