(NIL (1) (2) (3) (2) (5) (6) (4 7) (7) (4 5) (10) (11 7) (12) (11 7) (14 8)
 (9 15) (13 15) (17 16) (18) (19) (20) (21) (22) (23) (24) (25) (26) (26) (19)
 (25 29) (29 24) (25 31) (31) (33 27) (25 33) (34 35) (36 32) (37 30) (37 30)
 (28 39) (40) (37) (41 42 38) (43) (44) (44) (45 46) (46) (47 48) (49) (49)
 (51) (50 51) (45 48) (54 47) (52 55) (51 55) (57) (58 52 53) (50 58) (59 60)
 (61 56) (59 60) (62 63) (64) (64) (62 63) (62 63) (68 64) (65 67 69) (69)
 (65 67 69) (72) (73 66 70 71) (74) (75) (75) (65 69) (75 78) (79) (80) (81)
 (82) (83) (84) (85) (85 77) (76 85) (88 77 86) (88) (90 77) (90 77 86) (86)
 (89 90 93) (91 92 94 87) (88 77 93) (94 96) (97 95) (98) (97 87) (100 91)
 (98 101) (98 101) (98 101) (99 103 104) (105) (105 102) (105) (107 108)
 (106 109) (109) (106 111) (111) (106 109) (114) (115 110 111) (114 111)
 (113 114) (115 117 118) (110 119 112) (120) (121) (122 116) (123) (124) (123)
 (118) (124 127) (128) (126 127) (129 130) (131) (132) (132) (129 130)
 (132 125 135) (136) (134 136) (133 134 136) (139) (137 140) (141) (142)
 (138 143) (138 143) (142) (146) (145 147 144) (145 147) (149 144) (148 150)
 (150) (152) (149) (153 154 148) (155) (156) (154 151 152) (158) (156 159)
 (157 158) (154 150) (153 162 159) (162 156) (161 162 159) (162 159)
 (163 166 160) (165 167) (165 166) (166) (170 164 165 160) (169 171 167)
 (163 171) (169 173) (174 168) (174 168) (172 174) (177) (178) (179) (177 168)
 (179 181 175 176) (180 182) (183) (180 181 175) (185) (186 184) (185 182)
 (188) (186 188 184) (179 181 175) (186 189 191 183) (192 184) (193 190)
 (193 190) (187 189 191) (195 196) (195 196) (198) (194 199) (197 200) (201)
 (197 200) (194 199) (204) (205 197) (202 203 206) (203 205) (201 208) (209)
 (210) (209) (209 206) (211 213) (214 207) (215) (215) (212 215) (218)
 (217 219) (220 216) (217 218) (220 222 216) (223) (221 224) (223) (226) (227)
 (225 228) (229) (227 224) (221 231) (229 232) (233) (234) (235 230) (235)
 (229 231) (236 238) (234 230 238) (240) (235 240) (241 242 236) (235 240)
 (236 244) (245 237) (241 245) (242 247) (239 248) (243 237 247 239))