(NIL NIL (2 1) (2) (4) (4) (6) (5 7 3) (2) (9 3) (5 9 3) (11 6) (12) (13 7)
 (14) (5 9 1) (8 10 12 16) (17 13) (13 7 16) (14 16) (18 20) (21) (19 22)
 (19 22 15) (23 24) (24) (26 23) (27) (28) (26) (27 30) (26) (29 30 32) (33 31)
 (33) (25 28 31 32) (33 36) (37) (35 37) (37) (35 40) (41 34 38) (42 39) (43)
 (42 39) (45) (46) (43 47) (44 47) (49) (49 48) (43 46) (51 52) (51 52)
 (52 44 47) (46) (52 44 56) (53 56) (58 55) (58 55) (60) (43 56) (59 54 62)
 (63) (64) (64) (60 64) (65 67 61) (68) (57 69) (50 67 66) (71) (72) (73 68)
 (74 70) (57 61 72) (74 76 70) (77) (73 76 68) (78 79) (70 72) (81 75)
 (81 75 78) (83 80) (83) (83 79) (86 80) (87) (82 84 88) (82 84 87) (82 83)
 (91 84) (90 92 85 88) (89 93) (94) (95) (92 86) (89 90 92) (98 95) (98 93)
 (99 100) (97 101 96) (102) (100) (97 101 104) (105 96) (101 104) (106 107)
 (108 102) (109 103) (109) (111) (106 107 102) (113 110 112) (114) (115) (114)
 (114) (117 118) (115 119) (116 118) (121) (122) (121) (121 119) (122 125 120)
 (123 125 120) (124 126 127) (128) (124 126 127) (129 130) (127) (130 132)
 (130 132 128) (124 132 126) (129 135) (131 135) (137) (138 133) (139) (140)
 (140 134) (139) (138 133 136) (143 144) (145 142) (146) (140 144) (146 148)
 (149) (148) (141 151) (149 152) (153) (153 147 150) (141 134 151)
 (147 156 149) (153 156) (147 150 158) (155 157 159) (154 157 159) (161 155)
 (157 159) (154 155 163) (154 155 163) (162 165) (164 166) (165) (164 168 160)
 (169 162) (166 168) (161 164 168 160) (170 172 166) (171 173 167)
 (171 173 167) (174 175) (176) (172) (178 175) (179 174) (180) (177 181) (182)
 (183) (182) (177 180) (185 186) (187) (188) (188) (188 184) (191 190)
 (190 183) (193 184) (193) (195 189 184) (196 192) (196) (198 192) (199)
 (195 194) (201 192) (202 199) (200 203) (204) (203) (206 197) (202 199)
 (204 206 197 208) (209 205) (205 197 208) (209 211) (212 207) (210 213) (214)
 (215) (216) (214) (218 216) (213) (220 214) (218 221 215) (217 218 221)
 (220 216) (219 223 224) (225 222) (226) (226) (228) (225 222) (230) (227 231)
 (228 231) (233) (233 227) (233 229) (234 236 232) (227 229 230)
 (234 236 238 232) (227 229 230) (234 236 240) (241 235 238) (242 239) (243)
 (244 237) (245) (245) (244) (247 248) (244))