(NIL NIL NIL NIL NIL (5 4) (5 4 3 2) (2) (7 8) (9) (10 6) (11 1) (12) (12)
 (6 2) (15 7) (11 16 1) (15 9) (13 18) (19 17) (16) (20 14 21) (22) (22) (24)
 (24) (25 26) (25 26) (22) (29 23 24) (26 30) (22) (30 32) (33) (25 33 31) (35)
 (36 28) (28 29 23 32) (33 38) (34 39 31) (34 39) (27 36 38) (34 39 42) (42 40)
 (44) (41 45 43 37) (41 43 44) (45 47) (47) (49 37 48) (50 46) (50) (51 52)
 (50 46) (51 52 54) (55 53) (49 46 48) (53) (58 54) (55 58) (58) (56 61) (62)
 (62 60 57) (59 64) (65) (66) (67) (67) (67) (68 70) (59 64) (66 72) (73 71)
 (74) (63 69 71 72) (76) (74 77) (75 76) (79) (78 80) (80) (78 79) (74 76)
 (82 83 84) (81 85) (85) (84) (82 84 78) (89 86 88) (90) (91 87) (91 87) (91)
 (92 94) (94 87) (95 96) (93 95 96) (94) (99 93 95) (100 96) (101) (102)
 (97 99) (101 104) (105 102) (106) (101 104) (98 108) (109 103) (105 108 103)
 (107 109 111) (112) (98 107 111) (107 109 111) (115) (107 109 111) (117 112)
 (116 118) (115 117) (113 118 120) (121 116) (114 110 119 122) (123) (114 122)
 (114 110 119 122) (126) (123 125 127) (127) (129) (130 124 125) (130 124 128)
 (132) (133) (134) (131 135) (136) (131 134) (138) (139) (139 136) (141)
 (137 139) (140 143) (142 143) (145 144) (146) (147) (148) (148) (148)
 (150 151) (152) (150 151) (151) (154 155 152) (156 149) (155 152) (158)
 (156 159) (157 160) (161) (153 155 149) (162 163) (154 163) (165 157 159)
 (166) (161 167) (168) (169 162) (170) (170) (170 164) (169 162) (169)
 (164 172 175) (164 167) (171 172 173 174 175 177) (177 172 173 174 175) (179)
 (179) (171 181 176) (171 181 176) (180 182 183) (177 170 175) (185 180 183)
 (186) (187 184) (187 182) (178 189) (186 182) (188 191) (189 192) (193)
 (194 190) (193 190) (194 196) (197) (195 198) (195 198) (195 198) (201)
 (202 200) (203) (201) (204 205 199) (206) (202 205 200) (208) (209 199)
 (206 208) (211) (212 207) (209 212 207) (210 214) (215) (213 216) (216)
 (213 216) (219) (213 214) (217 218 221) (222) (223) (220 223) (225 224) (226)
 (212) (226 228) (229) (230) (227 231) (232) (233) (234) (234) (236) (235 237)
 (238) (235 236) (240) (241 238) (241 237) (242 243) (244 239) (245) (246)
 (244) (248) (249))