(NIL (1) (2) NIL (4) (5 1) (1) (2) (3 8) (9 6) (10 7) (11) (11) (11) (7 9) (14)
 (10) (17) (16 15 18) (19) (20) (19) (22) (19) (20 24) (25 23 12 13) (26) (27)
 (28) (28) (29 30) (30) (21 30) (30) (33 34) (35 29) (33 34 29 32) (37) (38)
 (39) (40) (41 36) (36 38) (40 43) (32) (45 35 29) (39 46) (47 44) (46 38)
 (49 42) (50) (51 48) (52) (51) (52 54) (55) (56) (57) (52 54 31) (53 54)
 (60 55) (61 56) (58 61) (59 63) (62 64) (63) (66) (59 67) (68 64) (69) (65 69)
 (69 62) (65 68) (73 70) (67) (65 75 70) (76) (74 76) (75 69) (79) (80)
 (81 77 78) (82) (83 71 72) (81 78 71) (78) (83 86) (85 87 72) (88) (81 77 86)
 (90 87) (91 85 72) (92 89 84) (92) (89 94) (92) (96 84) (82 86) (96 98)
 (99 93 95) (91 98) (101 85) (93 102) (89 102) (99 94 104) (96 89 101)
 (106 103) (97 107) (106 99 103) (97 109 95) (110) (110) (112 108 104)
 (113 111) (105 109) (106 99 93 94 102) (113 116) (105 113 116) (117 118)
 (105 107 116 110) (115 100 118 120) (111 120) (114 115 122) (108 122 100)
 (115 120) (125 124 117) (125 119 111) (114 127 122) (119 111 120) (129 100)
 (116 112 111 104) (115 131 119) (131 126 119) (114 131 100 127)
 (121 123 134 128) (129 126 134) (136 128) (136) (121 130 138 128)
 (129 123 133 134) (140 135) (139 141) (137 142) (130 124 132 134)
 (140 144 128) (145 141) (137 144) (147 141) (145 139 147) (148 149 142))