(NIL (1) NIL NIL (4) NIL (6 3) (4 7 2) (8 5) (6 4) (2) (10 3 1) (8 12) (11 12)
 (5 12) (14 15 13) (9 16) (11 13) (18) (16 18) (5 18) (9 16 21) (22) (14 21)
 (9 20 24) (25) (22 25 19) (23 17 25) (28 26) (28 27) (30) (31 26) (31)
 (23 17 25 19) (34) (33 34) (32 36) (29 37) (38) (25) (40 37) (41 39) (41 38)
 (40 37) (44 35) (45 38) (41 46 39) (43 47) (48) (48) (50) (51) (42 52) (47)
 (46) (49 50 55) (49 42 54 55) (42 55) (50 58) (49 59 52 54) (57 60) (60 53)
 (59 52) (57 53 63 56) (49 59 54) (65 53) (66) (67 62 64) (68) (69 61) (69)
 (71) (69) (69 61) (67 64) (73 74 75) (66 63) (77 75 61 71) (70 78) (77 71)
 (78 80) (81) (82) (73 83 72) (74 84 79) (83 76 70) (86) (85 87) (85 86) (89)
 (90 88) (74 83) (90 92) (92 86) (94) (95 88) (91 96) (91 96) (98) (99) (98)
 (101) (97 99 93 102) (97 98) (103 104) (99 104) (106 103) (107) (104) (98 93)
 (106 100 110) (102 111) (109 112) (113) (113) (113 107) (105 116 108)
 (113 107) (115 108 118) (117 118) (114 120) (120) (122) (105 115 108 118)
 (123 124) (114 124 117 119) (117 118) (124 127 119) (126 128) (129 122) (129)
 (131 120) (122 131) (133) (134) (131 125) (136) (121 137 132 134) (130 138)
 (137 134) (121 130 140) (135 136) (121 132 142) (130 140 142 138) (137 142)
 (145 139 141) (146 144) (145 139 141 144) (146 148) (149))