(NIL NIL NIL NIL (4) (5 3 1) (4 1) (4) (8 2) (7 8 3) (10) (7 5) (12) (10 13 9)
 (14) (14 6) (13 3 2) (17 16) (10 13 9 6) (19) (20 14) (19 14) (11 20 22 16)
 (23 15) (17 23 15) (8 3 13) (17 26 24) (27) (18 27 21) (18 27) (28 30)
 (25 29 31) (26 19 15) (33 31) (34 29) (34) (36 21) (25 33 24) (36 38)
 (39 35 37) (40) (40) (38 37 32) (42 43) (44) (25 34 29) (41 42 46) (47 43)
 (48) (42 46 43) (36 46) (47 51) (45 49 51) (53) (54) (55) (53) (57) (58 54)
 (59 56) (53) (61 54 57) (60 61) (63) (63) (52 64 65) (63) (61 52 56) (68 63)
 (69 62) (67 69 62) (68 62 64) (67 50 72 65) (71 72) (69 72) (72) (66 76 70 73)
 (66 75 76) (78 50 74) (78 77) (80) (80) (82 79) (80) (82 84) (66 76 50 71)
 (86 80) (78 86) (88 80) (89 79 87) (85 79 89) (84 87) (92) (82 89 92)
 (90 83 94) (90 94) (89 92 74) (97 83) (93 98 85 81) (97 85 83) (98 100 91)
 (93 101) (93 100) (103 95 96) (101 104) (105 81) (98 103) (105 107) (99 108)
 (108) (101 103 96) (106 109 111) (110 112) (112) (114 102) (115 110) (115 110)
 (113 117) (118) (111 81) (106 110 120) (121 115) (121 119) (123) (124 116)
 (123) (126) (126) (116 128) (129) (129 125) (123) (129 132) (133) (125 134)
 (131 135 127) (122 124 133 127) (137 136) (137 136) (133 125 127) (122 140)
 (140 136) (142) (130 141 143) (137 144) (145 139) (138 146) (138 146)
 (138 146) (149))