(NIL NIL (2) (3) (3) (5) (2) (6 7 1) (7) (5 1) (10 6) (10 4 9) (8 10 4) (13)
 (14) (10 6) (16 12 15) (17 11) (16 11 12) (16 12 13) (17 11 20) (21)
 (19 20 15) (14) (18 22 24) (23 17 24) (26 25) (26 25) (16 11 15 9) (29 25)
 (23 18 29 22 24) (12 29) (27 32) (33 31) (34) (35 28 30) (35 28 30) (37)
 (33 30) (34 39) (33 30) (41 38 40) (42) (43) (42) (45) (46) (44 46) (41 37 39)
 (49 42) (49 36 46) (50 51 48) (52 47) (52) (54) (43 51) (49 42) (57 54)
 (57 54) (58 59 47) (57 52) (61) (59 61 56) (63) (47 64) (65 58) (66 62)
 (67 60 55) (67) (58 61) (62 70) (67 70 55) (60 62 63 70) (73 71) (68 70)
 (73 75 53 71) (74 76 69) (76 69 72) (75 69) (77 72) (80 78) (80) (82 78)
 (79 82) (83 84) (84 78) (81 85 86) (86) (83 84) (89 85) (79 80) (91 86)
 (90 92 87) (93) (94) (81 89 92 85) (94 96) (96) (91 88) (99 95) (97 98 100)
 (101) (102) (103) (104) (101) (106) (105 107) (108) (106 103) (105 107 110)
 (111) (108 112) (113 109) (114) (108 112) (108 110) (114 117) (118) (116 119)
 (120) (119) (116 118) (114 117) (124 118) (125 120) (122 115 125 123) (127)
 (128) (121 128) (121 126 127) (131) (129 131) (125) (125) (131 135) (133 136)
 (132 133 134 136) (134 136) (139) (137 140) (130 140 138) (137 142) (143)
 (137 142) (138 139) (146 143) (147) (147) (147 141))