(NIL NIL NIL (3 2) (4) (5) (1 6) (7) (1 3) NIL (4) (1 11) (12 6) (12) (6)
 (9 14 15) (16) (8 16) (18 13) (10 19) (10 16) (21) (18 21) (19 22 23) (23)
 (25 22) (25) (17 25 19) (28 26 20) (29) (29) (30 31 24) (32) (32) (34) (27 35)
 (34 27) (37) (35 38) (33 38) (35 37) (41 40) (41) (27 32) (44 36 37) (44 36)
 (37 46) (41 45 46 39) (33 48) (27 29) (33 50 45 38) (50 43 45 39) (51 52)
 (42 53) (54 48) (54 47) (56 48) (57 55) (58) (49 58) (58) (57 55) (58 62) (63)
 (49 61 64) (65) (49 58 62) (66 59 60 67) (53 48) (67 69) (69 62) (49 71)
 (60 61 72) (65 73 67) (74 70) (75) (76 68) (60 61 71 64) (68 70 71) (66 67 71)
 (75 68 80) (73 78 79 80) (77 80) (81 83 79) (82 83) (60 69 62) (77 86 79 80)
 (61 86 63) (88 77 80) (82 87 88) (89 90) (82 83 87 88) (92 84 85) (92 91 84)
 (94) (93 95) (94) (97) (98 93) (97 93) (98 100) (99 100) (102 96) (99 100)
 (95 104) (105 102 96) (105 102) (107 103) (108) (109) (106 108) (111)
 (101 112) (113) (109 101 111) (115 112) (116) (115) (113 116 118) (115 110)
 (113 116 120) (115 110 112) (122 116 118) (123 117) (114 124 120) (115 110)
 (124 126 119 120) (117 126 120) (128) (121 129) (130 125) (131)
 (121 114 123 128) (133 119) (132 134) (132 133) (136) (137 135) (138 127)
 (139) (139) (121 122 126 119) (141 142) (140 143) (143) (142 136) (146)
 (147 143) (148) (149))