(NIL NIL (1 2) NIL (4 2) (4 1) (5 3 6) NIL NIL (9 8) (9 2) (9 1) (3 11 12) NIL
 (14 9) (14 4) (14 2) (11 15 17) (5 17 16) (14 1) (15 12 20) (6 20 16)
 (3 17 20) (23 18 13 21) (23 7 19 22) NIL (14 26) (9 26) (27 28 15) (8 26)
 (30 10 28) (26 4) (27 16 32) (26 2) (27 17 34) (11 28 34) (18 29 35 36)
 (5 34 32) (33 38 19 35) (26 1) (27 40 20) (40 12 28) (41 29 42 21) (6 40 32)
 (33 44 41 22) (3 40 34) (23 46 41 35) (46 13 42 36) (37 24 47 48 43)
 (38 7 46 44) (45 39 47 25 50) NIL (52 26) (14 52) (27 54 53) (9 52) (28 53 56)
 (15 54 56) (29 55 57 58) (52 2) (60 53 34) (60 17 54) (61 55 62 35) (11 60 56)
 (64 61 57 36) (64 18 62 58) (59 37 66 63 65) NIL (68 26) (68 4) (70 69 32) NIL
 (72 52) (72 26) (73 53 74) (72 14) (54 73 76) (27 76 74) (75 55 77 78) (72 9)
 (80 73 56) (80 28 74) (75 81 82 57) (80 15 76) (81 84 77 58) (82 29 84 78)
 (79 59 83 85 86) (72 4) (88 32 74) (88 76 16) (33 89 90 78) (72 2) (60 92 73)
 (92 34 74) (75 93 61 94) (17 92 76) (93 62 77 96) (96 94 35 78)
 (79 97 95 63 98) (80 92 11) (81 100 93 64) (100 82 94 36) (65 101 83 102 95)
 (100 18 84 96) (97 66 101 85 104) (37 98 104 102 86) (87 67 99 103 105 106)
 (5 92 88) (38 108 89 94) (108 19 90 96) (98 39 109 110 91) (72 1) (112 40 74)
 (112 76 20) (113 114 41 78) (80 12 112) (113 116 82 42) (114 116 84 21)
 (115 117 118 43 86) (6 88 112) (113 120 89 44) (114 120 90 22)
 (45 121 115 91 122) (3 92 112) (113 46 124 94) (23 114 124 96)
 (98 47 125 115 126) (116 124 100 13) (125 48 117 102 128) (24 128 126 118 104)
 (129 130 49 106 119 127) (124 7 108 120) (121 125 132 109 50)
 (122 25 132 110 126) (133 134 51 111 123 127))