(NIL NIL NIL (2 3) (1 3) NIL (3 6) (2 6) (7 4 8) (1 6) (7 5 10) NIL (6 12)
 (3 12) (13 7 14) (2 12) (13 8 16) (4 14 16) (15 17 9 18) (1 12) (13 10 20)
 (5 14 20) (15 21 11 22) NIL (12 24) (6 24) (25 13 26) (3 24) (25 14 28)
 (7 26 28) (27 29 15 30) (2 24) (25 16 32) (26 32 8) (33 34 27 17) (4 28 32)
 (33 36 29 18) (34 9 36 30) (35 37 19 31 38) (1 24) (25 20 40) (26 40 10)
 (41 42 27 21) (5 28 40) (41 44 29 22) (42 11 44 30) (43 45 23 31 46) NIL
 (24 48) (12 48) (49 25 50) (6 48) (49 26 52) (13 50 52) (51 53 27 54) (3 48)
 (49 28 56) (50 56 14) (57 58 51 29) (7 52 56) (57 60 53 30) (58 15 60 54)
 (59 61 31 55 62) (2 48) (49 64 32) (50 16 64) (33 65 51 66) (8 52 64)
 (65 34 68 53) (66 68 17 54) (35 69 67 55 70) (4 64 56) (57 65 36 72)
 (58 72 18 66) (73 74 59 37 67) (9 60 68 72) (73 69 76 61 38) (74 76 62 19 70)
 (39 63 71 75 77 78) (1 48) (49 80 40) (50 20 80) (41 81 51 82) (10 52 80)
 (81 42 84 53) (82 84 21 54) (43 85 83 55 86) (5 80 56) (57 81 44 88)
 (58 88 22 82) (89 90 59 45 83) (11 60 84 88) (89 85 92 61 46) (90 92 62 23 86)
 (47 63 87 91 93 94) NIL (96 48) (96 24) (97 49 98) (96 12) (97 50 100)
 (25 98 100) (99 101 51 102) (96 6) (97 52 104) (98 104 26) (105 106 99 53)
 (13 100 104) (105 108 101 54) (106 27 108 102) (107 109 55 103 110) (96 3)
 (97 112 56) (98 28 112) (57 113 99 114) (14 100 112) (113 58 116 101)
 (114 116 29 102) (59 117 115 103 118) (7 112 104) (105 113 60 120)
 (106 120 30 114) (121 122 107 61 115) (116 15 108 120) (121 117 124 109 62)
 (122 124 110 31 118) (63 119 123 125 126 111) (96 2) (97 128 64) (98 128 32)
 (65 129 99 130) (100 16 128) (129 66 132 101) (33 130 132 102)
 (67 133 131 103 134) (8 128 104) (105 129 68 136) (106 130 136 34)
 (137 138 107 69 131) (108 17 136 132) (137 133 140 109 70)
 (138 35 140 110 134) (135 139 141 142 71 111) (4 128 112) (113 129 144 72)
 (114 36 144 130) (73 145 115 131 146) (116 144 18 132) (145 74 148 117 133)
 (146 148 37 118 134) (135 147 149 150 119 75) (9 136 144 120)
 (121 137 76 145 152) (122 146 152 38 138) (139 147 153 154 123 77)
 (124 148 152 19 140) (141 149 153 156 125 78) (142 39 150 154 156 126)
 (143 127 151 155 157 158 79) (96 1) (97 160 80) (98 160 40) (81 161 99 162)
 (100 20 160) (161 82 164 101) (41 162 164 102) (83 165 163 103 166)
 (10 160 104) (105 161 84 168) (106 168 162 42) (169 170 107 85 163)
 (108 21 164 168) (169 165 172 109 86) (170 43 172 110 166)
 (167 171 173 174 87 111) (5 160 112) (113 161 176 88) (114 44 176 162)
 (89 177 115 163 178) (164 116 22 176) (177 90 165 117 180)
 (178 180 45 118 166) (167 179 181 182 119 91) (11 168 176 120)
 (121 169 92 177 184) (122 184 46 178 170) (171 179 185 186 123 93)
 (180 124 172 23 184) (173 181 185 188 125 94) (174 47 182 186 188 126)
 (175 127 183 187 189 190 95) NIL (192 96) (192 48) (97 194 193) (192 24)
 (98 196 193) (49 194 196) (195 197 99 198) (192 12) (100 193 200) (194 200 50)
 (201 202 195 101) (25 196 200) (201 204 197 102) (202 51 204 198)
 (203 205 103 199 206) (192 6) (208 193 104) (194 52 208) (105 209 195 210)
 (26 196 208) (209 106 212 197) (210 212 53 198) (107 213 211 199 214)
 (13 208 200) (201 209 108 216) (202 216 54 210) (217 218 203 109 211)
 (212 27 204 216) (217 213 220 205 110) (218 220 206 55 214)
 (207 215 219 221 222 111) (192 3) (224 193 112) (194 224 56) (113 225 195 226)
 (28 196 224) (225 114 228 197) (57 226 228 198) (115 229 227 199 230)
 (14 224 200) (201 225 116 232) (226 202 232 58) (233 234 203 117 227)
 (204 29 228 232) (233 229 236 205 118) (234 59 236 206 230)
 (231 207 235 237 238 119) (7 224 208) (209 225 240 120) (210 60 240 226)
 (121 241 211 227 242) (212 228 30 240) (241 122 229 244 213)
 (242 244 61 214 230) (215 231 243 245 246 123) (15 232 240 216)
 (217 233 241 124 248) (242 218 248 62 234) (219 243 249 250 125 235)
 (220 236 244 31 248) (221 237 245 249 252 126) (222 63 238 246 250 252)
 (223 239 247 251 253 254 127) (192 2) (256 193 128) (194 256 64)
 (129 257 195 258) (196 256 32) (257 130 260 197) (65 258 260 198)
 (131 261 259 199 262) (16 256 200) (201 257 132 264) (202 264 258 66)
 (265 266 203 133 259) (33 260 204 264) (265 261 268 205 134)
 (266 67 268 206 262) (135 263 267 269 270 207) (8 256 208) (209 257 272 136)
 (272 210 68 258) (137 273 211 259 274) (260 34 212 272) (273 138 276 213 261)
 (274 276 69 214 262) (215 263 139 275 277 278) (272 264 17 216)
 (217 265 140 273 280) (218 280 274 70 266) (219 141 275 281 282 267)
 (268 276 35 220 280) (221 269 142 277 281 284) (222 270 278 71 282 284)
 (223 271 143 279 283 285 286) (4 256 224) (225 257 288 144) (226 288 258 72)
 (145 289 227 259 290) (260 228 36 288) (289 146 292 229 261)
 (73 290 292 230 262) (291 293 231 263 147 294) (288 264 18 232)
 (233 265 148 296 289) (234 296 266 290 74) (291 297 298 235 149 267)
 (268 292 236 37 296) (293 297 237 300 269 150) (294 298 300 238 270 75)
 (295 299 301 302 271 239 151) (288 9 272 240) (241 273 304 289 152)
 (242 76 290 304 274) (291 275 305 306 243 153) (276 292 244 38 304)
 (293 277 305 308 245 154) (294 306 308 246 77 278)
 (247 295 307 309 310 279 155) (296 280 304 19 248) (297 305 281 312 249 156)
 (298 306 312 250 282 78) (299 307 313 314 251 157 283)
 (252 300 39 308 312 284) (253 301 309 313 316 285 158)
 (302 286 310 314 316 254 79) (255 303 159 311 315 317 318 287) (192 1)
 (320 193 160) (194 320 80) (161 321 195 322) (196 320 40) (321 162 324 197)
 (81 322 324 198) (163 325 323 199 326) (20 320 200) (201 321 164 328)
 (202 322 328 82) (329 330 203 165 323) (41 204 324 328) (329 325 332 205 166)
 (330 83 332 206 326) (167 327 331 333 334 207) (10 320 208) (209 321 336 168)
 (210 84 336 322) (169 337 211 323 338) (42 212 324 336) (337 170 340 213 325)
 (338 340 85 214 326) (215 327 171 339 341 342) (328 21 336 216)
 (217 329 172 337 344) (218 338 344 86 330) (219 173 339 345 346 331)
 (43 220 344 332 340) (221 333 174 341 345 348) (222 334 342 87 346 348)
 (223 335 175 343 347 349 350) (5 320 224) (225 321 352 176) (226 322 352 88)
 (177 353 227 323 354) (228 44 324 352) (353 178 356 229 325)
 (89 354 356 230 326) (355 357 231 327 179 358) (328 22 352 232)
 (233 329 180 353 360) (234 330 354 360 90) (355 361 362 235 181 331)
 (236 45 360 332 356) (357 361 237 364 333 182) (358 362 364 238 334 91)
 (359 363 365 366 335 239 183) (11 336 352 240) (241 337 368 353 184)
 (354 242 92 368 338) (355 339 369 370 243 185) (244 368 46 340 356)
 (357 341 369 372 245 186) (358 370 372 246 93 342)
 (247 359 371 373 374 343 187) (344 360 368 23 248) (361 369 345 376 249 188)
 (346 362 370 376 250 94) (363 371 377 378 251 189 347)
 (348 364 47 372 376 252) (253 365 373 377 380 349 190)
 (366 350 374 378 380 254 95) (255 367 191 375 379 381 382 351) NIL (384 192)
 (384 96) (385 193 386) (384 48) (194 385 388) (97 388 386) (195 389 390 387)
 (384 12) (385 392 200) (100 386 392) (201 393 387 394) (50 388 392)
 (393 202 396 389) (394 396 101 390) (203 397 395 391 398) (384 6)
 (385 400 208) (400 386 104) (209 401 387 402) (52 388 400) (401 210 404 389)
 (105 402 404 390) (211 405 403 391 406) (13 400 392) (393 401 408 216)
 (394 408 108 402) (217 409 395 403 410) (404 396 54 408) (405 218 412 397 409)
 (410 412 109 398 406) (219 399 407 411 413 414) (384 3) (385 416 224)
 (416 386 112) (225 417 387 418) (388 416 56) (417 226 420 389)
 (113 418 420 390) (227 421 419 391 422) (14 416 392) (393 417 424 232)
 (394 116 424 418) (233 425 395 419 426) (58 396 420 424) (425 234 421 397 428)
 (426 428 117 398 422) (423 235 429 430 399 427) (7 416 400) (401 417 432 240)
 (402 432 418 120) (241 433 403 419 434) (60 404 420 432) (433 242 421 405 436)
 (121 434 436 406 422) (423 435 243 437 438 407) (15 424 432 408)
 (409 425 433 440 248) (410 124 440 434 426) (427 441 435 249 442 411)
 (436 428 412 62 440) (429 437 441 250 444 413) (430 438 442 444 125 414)
 (431 446 439 251 445 443 415) (384 2) (385 448 256) (448 386 128)
 (257 449 387 450) (448 388 64) (449 258 452 389) (129 450 452 390)
 (259 453 451 391 454) (448 16 392) (393 449 456 264) (394 456 132 450)
 (265 457 395 451 458) (66 452 396 456) (453 266 460 397 457)
 (458 460 133 398 454) (455 267 461 462 399 459) (8 448 400) (401 449 464 272)
 (402 464 450 136) (273 465 403 451 466) (452 404 68 464) (453 274 468 405 465)
 (137 466 468 406 454) (455 467 275 469 470 407) (464 456 17 408)
 (409 457 472 465 280) (410 472 140 466 458) (459 473 467 281 474 411)
 (468 460 412 70 472) (461 469 473 282 476 413) (141 462 470 474 476 414)
 (463 478 471 283 477 475 415) (4 448 416) (417 449 480 288) (418 480 450 144)
 (289 481 419 451 482) (480 452 420 72) (453 290 484 421 481)
 (145 482 484 422 454) (291 485 423 455 483 486) (480 456 18 424)
 (425 457 488 481 296) (488 426 148 482 458) (483 297 490 427 489 459)
 (484 74 460 428 488) (485 489 298 492 461 429) (486 490 492 430 462 149)
 (487 491 493 494 463 431 299) (480 9 464 432) (433 465 496 481 304)
 (434 496 482 466 152) (497 483 467 305 498 435) (484 468 436 76 496)
 (485 497 306 500 469 437) (486 498 500 438 153 470)
 (439 487 307 499 501 502 471) (488 496 472 19 440) (489 312 497 473 504 441)
 (490 498 504 442 156 474) (491 505 499 313 506 443 475)
 (444 492 500 504 476 78) (445 493 501 505 314 508 477)
 (494 478 502 506 508 157 446) (495 510 447 503 507 509 315 479) (384 1)
 (385 512 320) (512 386 160) (321 513 387 514) (388 512 80) (513 322 516 389)
 (161 514 516 390) (323 517 515 391 518) (20 512 392) (393 513 520 328)
 (520 394 164 514) (329 521 395 515 522) (516 82 396 520) (521 330 524 397 517)
 (522 524 165 398 518) (519 331 525 526 399 523) (10 512 400) (401 513 528 336)
 (402 528 514 168) (337 529 403 515 530) (516 404 84 528) (529 338 532 405 517)
 (169 530 532 406 518) (519 531 339 533 534 407) (528 520 21 408)
 (409 521 536 529 344) (536 410 172 530 522) (523 537 531 345 538 411)
 (524 532 412 86 536) (525 533 537 346 540 413) (173 526 534 538 540 414)
 (527 542 535 539 541 347 415) (5 512 416) (417 513 544 352) (418 544 514 176)
 (353 545 419 515 546) (516 544 420 88) (545 354 548 421 517)
 (177 546 548 422 518) (355 549 423 519 547 550) (544 520 22 424)
 (425 521 552 545 360) (426 180 546 552 522) (547 361 554 427 553 523)
 (524 90 428 548 552) (549 553 362 556 429 525) (550 554 556 430 526 181)
 (551 555 557 558 527 431 363) (544 11 528 432) (433 529 560 545 368)
 (434 560 530 546 184) (561 547 531 369 562 435) (532 548 436 92 560)
 (549 561 370 564 437 533) (550 562 564 438 185 534)
 (439 551 371 563 565 566 535) (552 536 560 23 440) (553 376 561 537 568 441)
 (538 554 562 568 442 188) (555 569 563 377 570 443 539)
 (444 556 564 568 540 94) (541 557 565 569 378 572 445)
 (558 542 566 570 572 189 446) (559 574 447 567 571 573 379 543))