(NIL NIL NIL (3 2) NIL (3 5) NIL (7 5) (7 3) (6 8 9) (7 2) (4 11 9) NIL (7 13)
 (5 13) (14 8 15) NIL (13 17) (7 17) (14 19 18) (5 17) (18 15 21) (19 8 21)
 (22 23 20 16) (3 17) (19 9 25) (25 6 21) (26 23 10 27) (2 17) (29 11 19)
 (4 29 25) (26 12 30 31) NIL (33 17) (7 33) (34 19 35) (3 33) (34 37 25)
 (37 35 9) (26 38 39 36) (33 2) (34 29 41) (11 35 41) (42 43 30 36) (4 37 41)
 (42 45 38 31) (43 12 45 39) (44 46 32 40 47) NIL (49 33) (49 13) (49 7)
 (50 35 52) (14 51 52) (49 5) (55 51 15) (55 8 52) (54 56 57 16) (49 3)
 (37 50 59) (59 9 52) (53 60 39 61) (55 6 59) (61 63 57 10) (49 2) (65 50 41)
 (11 65 52) (53 43 66 67) (4 65 59) (60 66 45 69) (61 12 69 67)
 (62 68 70 47 71) NIL (73 49) (73 33) (74 50 75) (73 17) (34 77 75) (73 13)
 (74 51 79) (77 18 79) (73 7) (74 82 52) (82 75 35) (53 83 84 76) (77 82 19)
 (78 84 86 36) (14 82 79) (88 54 83 80) (81 88 20 86) (73 5) (74 55 91)
 (77 91 21) (15 79 91) (92 94 56 80) (81 22 94 93) (82 8 91) (92 83 57 97)
 (23 97 86 93) (88 94 97 16) (100 89 95 98 58) (100 90 96 24 99) (73 3)
 (74 103 59) (37 75 103) (60 104 76 105) (77 103 25) (107 78 38 105) (82 9 103)
 (61 109 83 104) (109 84 39 105) (106 62 110 85 111) (26 107 109 86)
 (108 113 111 40 87) (6 103 91) (92 115 63 104) (93 115 107 27) (115 109 97 10)
 (118 110 116 64 98) (117 28 113 118 99) (73 2) (74 121 65) (121 75 41)
 (66 122 76 123) (77 29 121) (42 123 78 125) (11 82 121) (122 67 83 127)
 (43 84 127 123) (68 124 85 128 129) (125 30 127 86) (131 44 129 126 87)
 (4 103 121) (122 69 133 104) (123 45 133 105) (106 134 124 70 135)
 (107 125 133 31) (126 108 46 135 137) (12 109 133 127) (134 110 71 128 139)
 (135 139 129 111 47) (130 112 136 140 141 72) (139 131 137 32 113)
 (132 138 141 143 48 114))