(NIL (1) NIL (3 1) (4) (5) (6) (6) (8) (8) (2 5) (9 10 11 7) (12) (9 10 11)
 (9 10 11) (12 15) (13 15) (17 14) (18) (19 16) (19) (21) (20 22) (22) (23 24)
 (25) (26) (25) (26 28) (29) (27 28) (29 31) (32) (33 30) (30 31) (34 35)
 (34 35) (37) (36 38) (38) (39 40) (36 40) (42) (41 43) (44) (44) (46) (45 47)
 (48) (46) (49 50) (45 46) (50 52 47) (51 53) (54) (55) (56) (57) (57) (59)
 (59) (54) (58 62) (59 63) (64) (58 60 62) (66 61 64) (65 66) (65 66 61)
 (67 69) (70) (68 71) (71) (73) (73 68) (75) (74 76) (76) (77 78 72) (79) (79)
 (74 78 72) (82 79) (83) (83) (81 83) (84 86) (87 80) (88) (89 85) (90) (91)
 (91) (93) (92 94) (94) (92 96) (97) (98) (98) (99 100) (101) (100) (103)
 (99 95 104) (105 102) (99 104) (104) (108 102) (106 109) (107 110) (99 103)
 (106 107 109 112) (113) (114 111) (115) (116) (117) (116) (118 119) (120)
 (118 119) (122) (122) (124 120) (121 125) (123 126) (126) (122 120)
 (129 123 128) (130) (130 127) (132) (132) (133 134) (132) (131 135 136)
 (134 136) (138 135) (131 139) (139) (138 133) (137 140 141 142) (137 142)
 (143 144) (145) (146) (147) (148) (143 144))