(NIL NIL (2 1) (3) (4) (5) (6) (7) (3) (9) (10 6) (10 6) (12 7) (13 8) (14)
 (11 15) (13) (17 16) (17 16) (18 19) (20) (21) (22) (23) (24) (22) (26 23)
 (27) (25 28) (25 27) (30) (25 27) (32) (33 28 31) (34) (35 29) (36) (37) (36)
 (38 39) (39) (41 37) (42 40) (43) (44) (45) (45) (42 40) (44 48) (49 47)
 (49 46) (51 47) (52) (50 53) (54) (55) (56) (57) (58) (50 52) (57 60) (61)
 (59 61) (58 61) (63 64) (65 62) (65) (66 67) (68) (62 63 64) (66 67 70)
 (68 71) (72) (73 69) (74) (75) (74) (77) (75 78) (79) (79) (78) (82 76)
 (81 82 76 80) (83 84) (85) (85) (86 87) (83 84) (84) (89 90 88) (91)
 (89 90 88) (93) (92 94) (95) (94) (97 92) (98 96) (99) (99) (101) (99)
 (101 103) (104) (105 100) (105 100 102) (107) (108) (109) (109) (106 108)
 (111 112) (113) (114) (114) (114) (115 117 110) (115 117) (118 119) (119)
 (121 116 118) (122 120) (122) (124 120) (123 125) (125) (123 124) (127 128)
 (129) (130) (131) (127 128) (132 133) (126 134) (135) (135) (137) (137 136)
 (135) (138 139 140) (141) (142) (141) (144) (145) (146 142) (146 142)
 (147 148 143) (147 148))