(NIL (1) (2) (3) (4) (4) (5 6) (5 6) (8) (7 9) 
(9) (10) (10 11) (10) (7 9) (7 11) (13 15 16) (14) (16 18) (12 15 16 18) 
(20) (12 15 19) (17 22) (23) (24) (25) (23) (24) (16) (19 29) 
(26) (20 23 30) (24 27 32) (31) (31) (28 32 34) (33) (20 25 28) (28 34) (38) 
(27 29 35 39) (36 40 41) (42) (33 40 41) (27 28 35) (40 41) (35) (43) (42 44) (33 41) 
(49) (21 46 48 49) (45 51) (21 53) (32 34 40) (47 53) (44 50) (52) (51 52) (56 59) 
(54) (48 51) (56 58) (58) (29 39) (54 62) (43 54) (42) (38) (45 57 69) 
(49 55) (37 45 49 69) (48 72) (59 65 67 69) (37 67 69) (60) (45 52) (57 58 75) (64 66 67 73) (79) 
(37 45 64) (37 43 45 50 71) (41) (60 70 80) (66 82) (84) (73 78) (52) (67) (43) 
(55 56) (55 61 76 84) (61 62 89) (86 89) (50 64 75 93) (55 70 72) (47 66 71 90 96) (79) (63 88 97) (67) 
(53 68) (60 75 90) (71 73 78) (52 73 96) (91 95) (56 88 97) (64 70) (85 92 97 102) (103 108) (68 81 83 105) 
(66 76 87 103) (91 109) (93) (100 102) (64 65) (86 92) (79 103) (63 74 109) (117 118) (80) 
(94 95) (114 116) (117) (64 77 91 106) (91 104 106 115 119 121) (93 104 112 117) (87 112) (110) (56 66 69 113) (78 120 124) 
(128) (122 131) (81 109) (109) (34 40) (91 133) (55 94 113 114 120) (58 60 96) (89 96) (61 65 69) 
(65 129 134) (71 115) (130) (74 102 110 143) (56 57 90 135) (77 82 113 120) (81 83 87 119) (65 85) (75 106 142) (47 103 120) 
(67 76) (63 82 83 95 139 145 150) (109) (98 107 109 140 142) (87 125 126 133 139) (94 99 132 138) (96 105 129) (68 98 111 116 129 130) (119 137) (88 107 122 142 147) 
(128 136 144 157) (105 160) (155) (98 144 149) (113 153) (99 119 140 141) (107 130 141 152) (117 149) (87 117 140) (98 144) 
(119) (125 164) (113 121 149) (122 154 170) (104 128 167) (98 130 146 153) (65 114 176) (150 168) (141 159 164 165 169 173 176) (77 118 169) 
(109) (124 159) (80 81) (46) (115 166) (99 111 130 155) (84 168) (101 110 127 182 185) (111 112 135 160 176) (120 125 132 149) 
(127 152 157 163) (64 72 145) (139 141 146 151 174) (107 136 152 179 186) (119 184) (99 170) (127 141 156) (104 179) (121 162 192) (198) )