(NIL (1) (2) (3) (3) (4 5) (6) (7) (4 5) (8 9) 
(10) (11) (12) (13) (11) (14) (15 16) (14) (17) (17) 
(19) (18) (17 22) (11) (21) (19 22) (25) (20 26) (18 20 21) (21 28) 
(25 26) (20 21) (22) (27 28) (30) (23 27 31 35) (6) (18 25 32) (23 24 29 38) (37 39) 
(28 31) (27 28 38) (35 38) (39) (30) (30 34 40) (42 46) (33 44) (29 43) (28 48) 
(31 49 50) (47 49) (31 48) (34 39) (33 52) (27 30 41 50) (28 39) (50 53) (36 37 51) (51 55) 
(27 57) (30 41 50) (36 41 51 58 61) (52 53) (41 45 47 53) (36 55 65) (56 59) (58 59 64) (52 57 65) (55) 
(56) (54 61 70) (41 61 68) (36 54 60 71) (50 54 57) (39 42) (54 57) (57 60 71) (30 76) (60 66 76) 
(64 76) (41 53 72) (26) (45 49) (58 65 71 83) (61 80 83) (73 85) (68 71 79) (73 88) (65 68 74 79) 
(49 58 65 75) (86 90) (51 55 69 75) (31 46 75) (63 69 78 87 88 92) (52 59 63) (55 71) (34) (81 87) (56 69) 
(89 100) (37 56) (82 101) (81) (73 85 104) (40 45 71 79 83) (61 64 98 100) (75 81 83 90) (70 87 93) (98 99 104) 
(62 71 86) (62 70 91 96) (95 97) (62 88 100 106) (62 68 86) (87) (63 66 89) (93 98 99 112) (78 87 108 111 112) (99 105 107) 
(75 85 97) (72 96 109 121) (75 78 102 115) (82 90) (72 78 114) (85 93 117) (95 117) (106) (63 64 84) (127) 
(101 123 128) (99) (73 93 106 123) (99 117) (77 79 91 99) (90 91) (95 111 133) (96 135) (109 124) (127 131) 
(103 121 123 129) (103 123 135) (116 142) (139 141) (90 118) (82 126 132 136) (116 128 130 142) (63 74 107 111) (131 139) (53 72 128) 
(67 92 124) (84 88 121 128 151) (98 119 129 137 138 151) (67 122 138) (125) (95 110 129) (86 90 106 116) (95 110) (96 105 111 126) (77 116 150 159) 
(110 114 152) (109 116 127 152) (145 147 149 159) (45 70 77) (121 136 163) (113 137 144 163) (92 143) (135 162) (120 128 130 132 137 155) (62 81) 
(70 116 136 156) (82 111 156) (158 167) (113 163) (121 135 149) (131 154 158) (91 161) (112 143) (127) (122 129 131) 
(108 158 169) (140 150) (60 68 85 128) (96 105 149 171) (165) (141 176 184) (144 156) (172 182 185) (156 163 170) (188) 
(108 145 158 159 172) (93 134 152) (150 151 155 173) (158) (74) (130 145 162 192) (111 139 140 196) (161 189 195) (144 167 184) (164 165 170) )