(NIL (1) (2) (3) (4) (5) (6) (7) (7) (8 9) 
(7) (10) (10) (12) (14) (11 15) (15) (13 17) (11) (18) 
(18) (19 20) (16 17) (22 23) (16 19 21) (11 20 21) (22) (24) (28) (24 27) 
(19 26) (26 30) (16 17) (29 31) (34) (26) (35) (27 33) (13 16 17) (37) 
(32 35 36) (38 40) (16) (38 41) (42) (44) (35) (30 33 47) (41) (32) 
(34) (44 48) (33 40 50 51) (49 52) (25 53 54) (40 52) (21 27 29 33) (37 44) (40 46) (25 43 53 56) 
(25 54) (55) (49) (39 41 42 43 48) (32 38) (62) (66) (67) (36) (46 67) 
(56 67) (59 60 68) (42 68) (58 59 66) (42 54 63) (63 64 68) (43 74) (43 45 58 68) (68) (25 54 59) 
(76) (4) (72) (55 56) (65 69) (61 68 84) (51 59 63) (65 81) (70 83 86) (65 72 78 79) 
(31) (73 75 81 85) (45 85 88) (76 82) (76 77 80 90) (45 71) (73 89) (78 80 89) (61 92) (81 87 95 98) 
(71 92) (72 77 79 87 93 101) (60 86 87 92) (68 74) (59 73) (73 104) (97 98) (102 105 107) (93 95 98) (83) 
(79 82 106) (63 105) (100 110 112) (81) (107) (63 73 90) (76 115) (70) (82 91 99 105) (83 102) 
(111 117) (46 71 75) (92 98 106) (57 82 88 90 112 118) (99 113) (115) (81 98 104) (109 110 114 124) (119 121 125) (70 90 99 106) 
(120 124 126 129) (77 97 98 99) (69 90 104 110) (102 109 118) (69 86 96 106 122) (94 117 122) (94 109 131) (128 134) (93 117) (93 112 119) 
(78 92 114) (64 104 116 126) (113 134 141) (74 75 83 90) (111 123 130 138) (138) (75 100) (97 141) (131 143) (57 77 96 107 127 133) 
(71 121 140) (92 104 113) (126) (88) (134 135) (139 151) (145) (157) (149) (138 147 153) 
(108 149) (161) (96 143 148) (133 162) (161) (134 150) (142 151 159) (111 132) (138 161 168) (116 117 153) 
(127 132 145) (111 133 136) (114 153 156) (135 158) (103 116 144 157) (169 174) (117 127 135) (128 152 165) (176) (129 134 139) 
(127 130 149) (94 163 178) (103 116 139 153) (140 158 162) (158 159) (136 178 181) (91 175 177) (181) (119 146) (108 142) 
(140 162 170 188) (164 170) (57 114 120 153 155) (107 127 155) (103 128 137) (126 141) (105 153 194) (127 167 168 178) (127 142 184) (127 169) )