(NIL (1) (2) (3) (4) (5) (6) (6) (7) (8 9) 
(9) (10 11) (12) (13) (13) (14 15) (12) (16) (4) (15) 
(15 17) (19 20) (18 21) (14 17 20) (24) (18 19 25) (19 23) (18 20) (26) (23 29) 
(22 23 28) (22 24 27) (23 26) (30) (30 33) (28 29 33) (29) (26) (30) (17 28) 
(32) (17 18 22) (27 28) (28 35) (44) (14 20) (31 35 41 42 46) (30) (27 31 39) (42) 
(34 40 41 43 48) (35 40 46 49) (47) (27 45) (22 40) (36 43 53) (38 41 44 52) (38 55 56) (38) (40 41 44) 
(53) (61) (52 56 62) (50 63) (49) (40 53) (49 54 55) (38 64) (52) (38 56 66) 
(54 64) (59 64) (31 38 55) (36 38 54 60) (72) (58) (68) (60 64) (37 43) (34 40 45 47) 
(67 75) (59 74) (58 63 70) (36 50 54 62) (45 64 76) (45 69 75 78 83) (60 73 75) (64 67) (34 70 78 79 85) (48 64 73) 
(71 78 85) (50 55 70) (74 77 91) (34 48 58 73) (51 71 90) (66 85) (69 72 83 85) (65 67 95) (57 69 81) (93) 
(70 71 79) (34 79 83 85 99) (58) (57 89) (88) (54 89) (75 90 96 100 105) (95 97) (94) (67 95) 
(71 76 81 84 90) (86 102) (78 83 110) (82 102) (69 78 82) (57 73 106) (82 98) (91 110) (91 105 106) (67 83) 
(71 87 103 116) (106 108) (109 112 114 119 121) (34 99) (38 41) (86 88 91 102 110) (107 111) (108 121) (65 88 100 103 112 122 125) (80 101 103 106 112) 
(118 122) (71 72 115) (115 123 125 127) (116 124) (92 110 120 129) (118) (128) (114 118 121 129) (90 99 121) (105 129) 
(65 133) (72 92 110) (82 89 96 105 113) (136 137) (48 71) (95 114) (100 134 143 144) (84 92 102 107 119 147) (89) (80 139 147) 
(86 99 121 145) (96) (127 132 139 151) (118 129 143) (113 116) (91 114 117 137 139) (120 141 143 146) (101 104 106) (110 128 140) (122 158) 
(83 88 109 152 158) (139 147 161) (74 111 124 126 144) (111 162) (133 164) (132 151 156 157) (51 84 85 90) (146 163 167) (107 114 132 143) (102 105 136) 
(67) (117 148 171) (71 97 103 125) (68 113 132) (168 170) (74 90 124 173) (148 156 163) (166 176) (92 132) (109 150) 
(126 152 153) (113 151 158) (87 154) (168) (133 146 147 161 167 176) (74 77 86) (141 149 156 181) (155) (30) (131 160 165 167 174 178 189) 
(111 112 136) (80 141 144) (164) (82 93 144) (141 159 162 168) (98 107 110) (135 168 169) (100 126) (104 131 172 187 188) (140 168 170 199) )