(NIL (1) (2) (3) (4) (5) (6) (6) (3) (7 8 9) 
(7 8) (8 9) (10) (11 12 13) (13) (14) (16) (15) (17) (16) 
(20) (15 17) (19 22) (15 17) (18 23) (11 18) (13) (20 25 26 27) (22 24) (18 24) 
(10) (28) (29) (28 33) (20 26 31 33) (21 24 31) (25 27 33) (32 37) (32 34) (28 29 36) 
(28 30) (35 39) (31 37) (30 39 40) (36 38) (32 35) (39 41) (30 40 42 46) (42 45) (25 31) 
(36 43) (51) (37 50) (30 35 38 52) (35 52) (45) (44 52) (24 31 32) (48) (59) 
(48 50 56 57) (38 40 47) (30 43) (38 55 63) (64) (52 58 59) (49) (51 59) (41 61 65 67) (69) 
(57 62) (42 56 63) (48 67) (50 66 71) (54 57) (58 73) (55 63 66) (56 77) (59 64) (61) 
(44 60) (28 63) (53 60 78) (62 80) (74) (70 73 85) (45 53 54 63 68) (35) (41 72) (86) 
(76 85) (45 75) (47 83) (66 67 75 82 84) (65 74) (79 81 89) (76) (56 95) (49 83) (78 84 96) 
(60 64) (78 86) (60 76 98) (82) (75 91) (98 105) (71 72 87 104) (54 101) (68 77 86 103) (54 68 76 77 79 104) 
(70 91) (93) (75 82 109) (79 111) (90 92 114) (49 112) (89 93 95) (111) (93 114) (68 86 88 105 117) 
(103 105) (61 74 82) (95 96 99) (86) (47 50 72 92 104) (75 84 99) (62 81 108) (60 87 98 105) (70 80 127) (81 84 104 115 128) 
(96 107 110 126) (78 127) (98 107 114 118) (83 110 111) (124) (101 106) (84 87 111) (12) (90 122) (73 79 98 126) 
(90 93 96 132 138) (95 99 104 127) (103 110) (81) (84 112 117 124 125) (112 119) (72 112 130 132 139) (56 68 73 74 144) (68 86 112 118 132) (68 115) 
(84 107 117 141) (115 123 141) (151) (108 111) (99 124 136) (83 118 127 137) (115 128) (93 104 111) (147 148) (72 109 127 130) 
(131) (88 130 134) (145 149 159 162) (88 145 146 151 159) (139 152) (88 132 136 157) (134) (97) (98 102) (103 127 150) 
(115 123 127) (126 156 160) (143 151) (53 64 71) (102 107) (101 138 161) (130 137 145 158 169) (171 176) (133 166 167 174) (75 90 112 122) 
(163 166) (95) (121 152 153 163) (116 118 120 143 150 157) (134 172) (171 183) (147 176) (65 75) (72 108 109) (163 166) 
(134 182) (161 189) (156) (153) (129 147 154) (110 155) (183 192) (83 135) (113 125 166 176 184 189) (106 131 180) )