(NIL (1) (2) (2) (3 4) (5) (5) (5) (5) (6 7 9) 
(8 10) (7 8) (11) (10 12) (11 14) (14) (16) (17) (15 18) (11 17) 
(8) (19 20) (13 19 21) (22) (22 23) (21 24) (25) (25 26) (25) (27) 
(29) (29) (27 28 32) (27 32) (30 31 33) (33) (34 35) (28 31) (36 37) (31) 
(30 33 34) (30 32 40) (41) (39) (26) (42 44) (37) (47) (39 40 41) (28 34 42) 
(37 40) (34 45) (38 44 45 49) (39) (48 49) (46) (43 48) (46 53) (39) (54 55 56 58) 
(39) (46 57) (38 42 49) (51 55) (43 54 58 61 63) (38 41 56) (53 62 64) (64 65) (25) (41 46 47 52 61) 
(59 67) (46 57) (70) (48) (49) (54 71 75) (50 54) (51 59 65) (49 50) (68) 
(77) (56 64 69 78 81) (38 49 51 81) (43 48 70) (46 83) (76 77) (57 79 80) (84) (60) (50 80) 
(50 55 57 58 63) (59 61 64) (59 63 79) (66 67 69) (85 88 94) (62 72 74 79 80) (60 66 80 86) (87 90 96) (81 86) (82 89) 
(99) (70 85 92) (66 68) (73 87 91 96 103) (86 88) (84 97 99) (88 94 99) (70 71 72 89) (78 96) (43 81) 
(66 91 92 93 96 108) (81 111) (94 108 110) (76 109 113) (91 114) (103 111 115) (80 86 91 95 102) (104 111) (60 68 82) (101 112) 
(74 99 119) (81 86 88 111) (110 112) (97 118 122) (120) (100 104 107 116 125) (93 108) (66 87 93 102 119) (115 121) (105 123 126) 
(127) (89 106) (104 128) (69 125) (97 125) (118) (118 125) (108 121) (95 118) (107 133) 
(106 118 122 128) (90 125) (55 66) (90 97 112 121) (90 141) (93 95) (70 100) (83 137) (124 143 144) (58 72) 
(115 117 120 141) (86 88) (87 90 91 95 131 132 152) (100 105 111) (107 131 133 145 146) (108) (90 139) (136) (130) (88 112 136) 
(99 100 127) (90 136) (118 135) (147 149 161 163) (113 141) (117 126 136 148) (106 166) (129 130 151) (119 166) (133 139 164) 
(119 137) (116 137 142 150) (121 140 167) (126 132 136 156) (139 162 172) (96 128) (127) (157 176 177) (140 143 144) (133 148 174) 
(76 128) (128) (106 107 128 158) (129 176) (117 164 174) (155) (130 138 148 171 185) (130 139) (114 135 162) (107 114 144 150 156) 
(117 145 188) (114 134 138) (167 182 184) (169 193) (160 174) (184) (166 174 177) (187 197) (131 142 157 173 174 177) (179 187 199) )