(NIL (1) (2) (3) (4) (5) (5) (6) (3) (7 8 9) 
(10) (11) (11) (11) (13) (12 14) (14 15) (14) (12 14) (15 16 18) 
(15 19) (17 18 21) (12 17 18) (21) (23 24) (19) (16 23 24) (17 26) (27) (27) 
(29 30) (17) (20 22 30 32) (22 26 31) (31 33) (29 30) (33) (34 35 36 37) (31 32) (36 37) 
(20 24 28) (28 40) (38 42) (25 28 40) (31 41) (22 31) (45) (35) (20 28 39) (29 30) 
(43) (28 39) (25 43 48 49) (32 41) (34 41) (35 45) (40 47) (44 55) (47 53) (58) 
(43) (34 57) (35 58 62) (44 57 61) (48 62) (53 60) (46 54 56) (20 34) (33 52) (42) 
(56 61 65) (51 55) (57 61) (51 64 70) (56 72) (36 39 56) (53 65 68 70 73) (46 74) (67) (41 43) 
(50 56 74 80) (64 68 71 72) (38) (50 82) (70 71) (48 60) (74 79 83) (50 63) (55 85) (88 89) 
(61 65 67) (76 80) (60 78 85) (35) (53 61) (64 71) (52 55 87) (77 81 93) (84 93) (75 77 94 97) 
(93) (39 74 90) (60 100) (73 89) (97 99) (67 82 94) (77) (89 105 106) (39 91 94 99 101) (81 96) 
(63 91 98 101) (52 58 78 80) (91 94 101) (57 61) (53 64 91) (111) (6) (100 105) (103) (76 101) 
(82) (63 98 112 117) (87 106 110 115) (81 86 97) (69 84 102) (82 98 102 114 124) (39 43 68) (85 123) (105 113 114 128) (66 77 115) 
(96 108 117 118 127) (76 95 96 124 130) (66 103 129) (23 26) (120 129) (60 74 88 89 114) (75 107 108 117) (133) (76 134) (123 137) 
(63 109 121 138) (50 72 139) (90 122 138) (142 143) (54 59 94 142) (69 126 134) (96 108 119) (59 112 121 132) (86 121 145 147) (89 100 107 113 139) 
(92 95 149) (60 69 77 115 121) (66 101 146) (91) (107 124 147) (92 147) (98) (112 114 151) (89 106 132) (59 91 95 118) 
(118 143) (81 151) (58 84 127) (137 156 157) (163) (80 83 93 106) (102 104 131 144) (109 120 144) (141 160) (86 112 131) 
(116 167) (111 151 155 167) (151) (124 143 150 156 169 170) (95 103 112 125) (175) (98 117 118 155) (155 158) (122 130 141) (66 96 98) 
(129 158) (37 46 48 50 68) (76 141) (116 135 179) (72 111) (135 164 171) (89 179 183) (104 108) (92 118) (116 122 135 145 183) 
(89 119 154 180 184) (143 145 150 163 189) (144 159) (164 171 176) (115 173) (156 158 177) (90 95 164 179) (144 148) (169) (159 187 189 190) )