(NIL (1) (2) (3) (4) (4) (4) (5 6 7) (8) (5) 
(8 10) (9 11) (9 11) (12) (14) (12 13) (9 11) (12) (15 16 17) (14) 
(13 20) (19 20) (18 21) (19) (21 22) (15 16) (23 25) (21) (27) (20) 
(27) (17 26) (25 32) (15 28) (19 28) (29 31) (27) (26 30 35 36) (38) (29 30 33 34) 
(29 30) (39 41) (33 34 41) (40) (24 37 43) (38 43 44) (42) (24 32 37) (19) (36 44) 
(42 46) (46 48) (40 42 48) (43 49) (44) (39 45 52) (36) (37 54) (42) (44 45 53) 
(24 51) (40 45) (36 45) (61 63) (52 62) (60 61) (46 60) (47 56 63) (48 51) (61) 
(37 50) (63 67) (49 60) (54 64 67) (50 74) (74) (73 75) (72 77) (52 60) (76) 
(52 59) (57 71 81) (54 59 66) (55 77 83) (64) (67 71) (73 86) (83 87) (79 85) (50 59) 
(88) (74) (56 92) (55 61 65 87) (68 76 89 92) (75 81 88) (70 90 95) (65 68) (45 81 90) (6) 
(73 95 99 100) (65 73 86 92 100) (63) (47 96) (94 101) (105) (78) (84 91 102 103) (94) (71 84 90) 
(108) (77 96) (88 109) (57 65 85 107) (78 87 100) (37 49) (72 89 99) (99 103 107) (111 112) (103 105 110) 
(58 68 78) (118) (119) (58 79 91 96 102 107) (91 97) (105 123 124) (70 108) (125 126) (105) (117 119) 
(69 112) (89 103 121) (98 105 114) (85 109 127) (80 91) (116 121 129 131 134) (114 118 120) (121) (104) (84 86 93 97) 
(127 139) (76 93 108 118) (109 122) (79 92 118) (127 131 140) (145) (91 113 137) (114 116 126 138) (68 110 134 144) (78) 
(114) (135 138) (81 108) (53 82) (110 128 153) (55 100) (122 152) (124 136) (94 95 118 119) (100 140) 
(123 124 130 154) (95 111 132) (104 128 143 152) (136 137) (105 149) (65 104 112 156) (122 142 162) (79 153) (115 121 155) (141 157 161) 
(127 150 151 161 163) (169) (123 138) (144 162) (104 122 161 172) (115 138 162 164) (98 130 163 172 173 176) (82 115 127 152 155) (136 162) (109 124) 
(93 149 154 163) (98 144 145 162) (109 138 146 155) (135 162 180) (109 150 173 182) (134 141 157 185) (153 164 181) (31 100) (90 116 139) (46 73) 
(72 76 92) (134 147 159) (91) (93 95 151) (80 104 124) (165 172 182) (122 191) (120 186) (101 117 166 186) (180) )