(NIL (1) (2) (3) (4) (5) (5) (7) (2) (8 9) 
(5) (6 7) (8 9 11 12) (13) (14) (14) (14) (17) (10 16) (17) 
(16 18) (11) (20 21) (19 21) (19 23) (10 15 18 22) (16 22) (18 27) (23 26) (19) 
(29) (19 20 22) (31) (23 24 26 27 30) (28 29 30) (27 33) (28 31) (25 36) (29 32) (20 27 30) 
(33) (30 36) (19 41) (32 42 43) (32 34 35) (32 36 37) (34 38 40 44 46) (44) (43 45) (49) 
(46 48) (44 49) (30 38) (49) (25 34) (25 37 48) (35 40 42 46) (40 44 49 53) (47 57) (52) 
(37 54) (45 47 48) (58) (60 61) (47 48 55 63) (39 47 57) (62 66) (65) (54 68) (52 67) 
(38) (60 68) (67) (61 70 71) (58 74) (51 61 69) (67) (65 77) (65 75) (70) 
(50 53 60) (57 62 63 64) (59 66 72) (73 74 81) (72 79) (73 78 83) (78) (80 82) (72) (69 83 85 88) 
(52 54 87) (84 85 88) (55 57 81) (86) (94) (84) (82) (70) (87) (34) 
(56 71 78 98) (56 74 76) (69 94) (87) (77 79) (82) (78) (69 84 86 97) (79 91 94 106 108) (64 69 75 78) 
(82 105) (51 79 81 98) (102 105) (64 68) (55 58) (92 95 115) (51 101 103 106) (55 74 98) (103 118) (92) 
(90 117 118) (103 111) (116) (82 107) (82) (90 106 107 120) (56 58 118) (124) (56 106 120) (117 123) 
(73 87 97 112 114) (93 99 124 125 131) (88 117) (102 121) (76 87 106 116 119) (76 100 119) (101 109 124) (78 113 120) (113 119 128) (91 120 122) 
(93 117 139) (82 87 127) (109 122 130 141) (114 127) (117) (84 95 115) (101 103) (140 141) (104 138 146) (99 131 143) 
(108 114 129 142) (80 97) (77 93) (97 103 125) (50 59 66) (101 113 128) (55 75 96) (51 86 144 152) (91 94 126) (135 139 142) 
(143) (76 115 131) (102) (56 59 118) (139 140 155) (119 133 157) (86) (102 114 137 153) (90 115 129 131) (98 122) 
(73 83 163) (126 147) (133 169) (116 122 145 168) (75 77 89) (164 165 171) (80 162) (116 169) (90 130) (110 179) 
(109 169) (93 100 125 172) (93 135 177) (145 176) (104 183) (150 171) (99) (95) (131 135) (120 136 153 154 156) 
(129 132) (103 109 156) (96 186) (117 152 153 164) (123 169 183) (149 189) (133 144 150 152 168 180) (75 154) (97 140 167) (139) )