(NIL NIL (2) (3 1) (4) (5) (6) (7) (7) (9 8) (9 8) (10 11) (12) (13) (14) (15)
 (16) (15) (17 18) (19) (20) (20) (22) (21 23) (21 23) (25 24) (25) (26 27)
 (28) (26 27) (28 30) (29 31) (32) (33) (34) (35) (36) (37) (38) (39) (40) (41)
 (42) (43) (44) (45) (46) (47) (44) (49 47) (50) (51) (50) (52 53) (54) (55 48)
 (54 48) (57 55) (58 56) (59) (60) (59) (61 62) (63) (63) (65 64) (66) (67)
 (68) (66) (69 70) (68 70) (71 72) (73) (74) (73) (75 76) (77) (78) (79) (80)
 (81) (80) (83) (82 84) (85) (80) (86 87) (86 87) (89 88) (90) (89 88) (91)
 (93) (94 92) (95) (96) (97) (97) (98 99) (100) (101) (102) (103) (103)
 (105 104) (106) (107) (108) (109) (110) (111) (111) (113 112) (114) (115)
 (115) (115) (116 118) (118) (117 119 120) (121) (122) (122) (124) (123 125)
 (126) (126) (128) (129 127) (130) (131) (132) (133) (134) (135) (136) (137)
 (135) (139 136) (138 140) (137 139) (140 142) (138 143) (141 143) (145)
 (145 144) (147) (147) (149) (148 150) (146 151) (152) (153) (154) (154)
 (155 156) (157) (156) (155 159) (157 160) (161 158) (162) (161 158) (164)
 (163 165) (166) (166) (168) (169 167) (170) (171) (169 167) (172 173)
 (171 173) (175) (174 176) (177) (178) (178) (179 180) (181) (181) (182 183)
 (184) (184) (185 186) (187) (187) (188 189) (190) (191) (190) (193 192)
 (193 192) (195) (196) (197) (194 197) (199) (198 200) (201) (202) (203) (203)
 (204 205) (206) (207) (208) (207) (209 210) (209 210) (211 212) (211 212)
 (213 214) (215) (216) (217) (217) (219) (218 220) (221) (222) (223) (224)
 (222) (225 226) (225 226) (228) (228) (227 230) (229 231) (232) (233) (232)
 (234 235) (236) (237) (237) (239) (240) (241 238) (242) (243) (244) (244)
 (245 246) (247) (245 246) (249 248) (250) (251) (252) (250) (254) (253 255)
 (256) (257) (256) (258 259) (260) (261) (262) (263) (264) (260) (266 264)
 (265 267) (268) (268) (269 270) (271) (272) (273) (274) (273) (275 276)
 (274 276) (275 278) (277 279) (280) (281) (282) (283) (283) (284 285) (286)
 (287) (288) (288) (288) (289 291) (290 292) (293) (293) (295) (294 296) (297)
 (297) (297))