(NIL (1) (1) (2 3) (4) (5) (6) (7) (8) (9) (9) (9) (10 11 12) (11 12) (13 14)
 (15) (13 14) (17) (18 16) (19) (20) (21) (22) (23) (24) (25) (26) (27) (25)
 (26 29) (28 29) (30 31) (30 31) (33) (34) (34 32) (35 32) (37 36) (38) (39)
 (39) (39) (41 42 40) (41 42) (43 44) (43 44) (46) (47) (45 47) (49) (50 48)
 (51) (52) (52) (53 54) (53 54) (55 56) (55 56) (55 56) (58 59) (60) (57 59)
 (61 62) (63) (63) (61 62) (66 63) (65 67 64) (68) (69) (69) (71) (70 72) (73)
 (74) (75) (76) (76) (77 78) (76) (79 80) (77 78 80) (81 82) (83) (83) (84 85)
 (86) (87) (88) (89) (90) (91) (92) (93) (93) (94 95) (96) (97) (98) (99) (100)
 (101) (102) (103) (104) (103) (106) (105 107) (107 104) (105 109) (108 110)
 (108 110) (111 112) (111 112) (114) (115) (116) (117) (113 115) (116 119)
 (118 120) (121) (122) (123) (124) (125) (126) (127) (127) (129) (130 128)
 (130) (131 132) (133) (133) (134 135) (134 135) (134 135) (137 138 136)
 (137 138 136) (139 140) (141) (142) (143) (144) (145) (144) (146 147) (148)
 (148) (149 150) (150) (152) (149 152) (153 154 151) (155) (155) (157) (158)
 (156 159) (160) (161) (162) (163) (164) (164) (166) (165 166) (168) (169 167)
 (169 167) (170 171) (171) (170 173) (172 174) (175) (176) (177) (177) (179)
 (179) (178 179) (180 182) (181 183) (184) (185) (186) (187) (188) (188)
 (189 190) (191) (192) (193) (194) (195) (196) (197) (198) (199) (198) (201)
 (202 199) (203 200) (204) (205) (205) (206 207) (208) (208) (210) (211)
 (209 211) (212 213) (214) (215) (216) (217) (218) (219) (220) (221) (220)
 (221 223) (222 224) (225) (226) (227) (228) (228) (227) (230 231) (229 231)
 (233 232) (233) (234 235) (234 235) (236 237) (237) (238 239) (240) (241)
 (242) (242) (243 244) (245) (243 244) (245 247) (246 248) (249) (249)
 (250 251) (250 251) (252 253) (253) (254 255) (256) (257) (258) (259) (260)
 (261) (262) (261) (264) (265) (266 263) (263 264) (266 268) (267 269)
 (267 268) (269 271) (270 271) (273) (274 272) (273) (275 276) (275 276)
 (277 278) (279) (280) (280) (279) (281 282 283) (284) (285) (285) (285)
 (286 288) (289 287) (289) (291 287) (290 292) (293) (294) (295) (296) (296)
 (298) (299))