(NIL NIL (2 1) NIL (4 3) (5) (6) (7) (7) (9 8) (10) (11) (12) (13) (13) (14 15)
 (16) (17) (16) (19) (17 20) (18 19) (20 22) (22) (21 22) (25 23) (26 24) (27)
 (28) (29) (29) (30 31) (32) (33) (34) (33) (36) (35 37) (38) (39) (40) (41)
 (40) (42 43) (44) (45) (46) (47) (47) (49) (50) (51) (52 48) (53) (54) (54)
 (53) (57 55 56) (58) (59) (59) (60 61) (62) (62) (62) (65 63 64) (65 63 64)
 (66 67) (68) (69) (70) (71) (72) (73) (74) (74) (75 76) (77) (78) (79) (80)
 (81) (79) (82 83) (84) (85) (86) (87) (85) (89 87) (89 88) (90 91) (92) (92)
 (93 94) (95) (96) (96) (98) (99) (97 100) (101) (101) (102 103) (104) (105)
 (106) (107) (108) (109) (110) (111) (112) (113) (112) (114 115) (116) (117)
 (118) (117) (118 120) (121 119) (121) (122 123) (123) (122 123) (125 126)
 (124 127) (128) (124 127) (129 130) (131) (132) (133) (134) (132) (133 136)
 (134 136) (137 138 135) (138) (139 140) (141) (142) (143) (143) (145 144)
 (145) (147 144) (146 147) (149) (148 150) (151) (151) (153 152) (153 152)
 (155) (154 155) (156 157) (156 157) (158 159) (160) (161) (161) (162 163)
 (164) (165) (166) (167) (168) (169) (170) (170) (170) (172 173) (174) (175)
 (174) (177 171 175) (178) (178 176) (179 180) (181) (182) (183) (184) (185)
 (186) (187) (188) (188) (190) (189 191) (183) (193 192) (194) (194) (195 196)
 (197) (198) (198) (200) (201 199) (202) (203) (204) (205) (206) (205) (208)
 (209 206) (207 208) (210 211) (210 211) (213) (210 211) (212 215) (214 216)
 (217) (217) (218 219) (219) (221) (218 222) (223) (224) (225 220) (226) (227)
 (226) (228 229) (230) (227 229) (231 232) (233) (233) (234 235) (236) (237)
 (238) (238) (239 240) (241) (242) (243) (244) (243) (244 246) (247) (248)
 (249) (250) (251 245) (251 245) (252 253) (254) (255) (256) (257) (258) (258)
 (260) (259 261) (262) (261) (264) (265 263) (265 262) (266 267) (266 267)
 (268 269) (270) (271) (272) (270) (274 271) (273 275) (276) (275 272)
 (276 278) (277 279) (280) (281) (281) (282 283) (284) (284) (285 286) (287)
 (287) (289) (290) (291 288) (292) (293) (292) (294 295) (291) (297 296)
 (297 296) (299))