(NIL NIL (2) (2) (3 4 1) (4 1) (5 6) (7) (8) (9) (10) (11) (11) (12 13) (13)
 (14 15) (14 15) (17 16) (14 15) (18 19) (20) (21) (22) (22) (24) (24) (26 23)
 (27) (25 28) (29) (30) (31) (31) (33) (34) (35 32) (36) (35 32) (37 38) (39)
 (40) (41) (41) (40) (42 44) (43 45) (43 45) (47) (48) (49 46) (50) (50)
 (51 52) (53) (52) (53 55) (54 56) (51 52) (58 53) (57 58) (59 60) (61) (62)
 (61) (63 64) (65) (66) (66) (67 68) (69) (70) (70) (71 72) (73) (73) (74 75)
 (75) (76 77) (78) (79) (80) (81) (82) (83) (83) (84 85) (86) (87) (88) (89)
 (90) (91) (92) (89) (93 94) (95) (96) (97) (97) (99) (98 100) (101) (102)
 (103) (104) (105) (103) (106 107) (108) (108) (109 110) (110) (111 112) (113)
 (114) (113) (114 116) (117) (115 118) (119) (120) (120) (122) (122) (121 122)
 (123 125) (124 126) (127) (128) (127) (129 130) (131) (131) (133) (130 128)
 (132 133 135) (134 136) (137) (134 136) (139) (137 139) (138 140 141) (142)
 (143) (144) (145) (146) (145) (148) (146 149) (147 150) (151) (152) (153)
 (154) (155) (156) (157) (155) (159) (156 159) (161 158 160) (162) (163) (163)
 (164 165) (166) (167) (168) (169) (170) (171) (171) (173) (172 174) (175)
 (175) (177 176) (178) (179) (180) (181) (181) (183) (182 184) (183) (186 182)
 (187) (188 184) (188 184) (190) (189 191) (192) (193) (185 194) (195) (194)
 (196 197) (198) (199) (200) (201) (202) (198) (203 204) (202 204) (205 206)
 (205 206) (207 208) (209) (209) (211) (210 211) (212 213) (214) (215) (215)
 (217 216) (218) (217 216) (219 220) (221) (222) (223) (224) (225) (226) (227)
 (228) (229) (230) (229) (231 232) (231 232) (233 234) (235) (235) (233 234)
 (238) (237 238) (236 239 240) (239 240) (242 236) (243) (241 244) (244)
 (245 246) (247) (248) (249) (250) (250) (252) (252) (251 253 254) (255) (256)
 (257) (258) (259) (260) (261) (262) (262) (264) (265 263) (266) (267) (268)
 (268) (269 270) (271) (272) (273) (274) (275) (276) (277) (278) (278) (280)
 (281) (282 279) (282) (280) (284 285 279) (286) (287) (283 288) (289) (290)
 (288) (291 292) (293) (294) (295) (296) (296) (297 298) (299))