(NIL NIL (2 1) (2 1) (4) (3 4) (6) (5 7) (5 6) (9 8) (8) (11 10) (12) (11 10)
 (13 14) (13 14) (16) (17) (17 15) (19) (18 20) (21) (22) (23) (24) (25) (26)
 (24) (27 28) (29) (25 28) (29 31) (30 32) (33) (33) (35) (36) (37) (34 38)
 (39) (40) (41) (42) (42) (43) (45 44) (46) (46) (48) (49) (50 47) (49) (51 52)
 (53) (53) (55) (56) (57 54) (55) (58 59) (60) (61) (62) (63) (64) (65) (66)
 (63) (67 68) (69) (70) (71) (72) (73) (74) (75) (76) (77) (77) (78 79) (80)
 (81) (82) (82) (83 84) (85) (86) (87) (88) (89) (89) (91) (90 92) (93) (94)
 (95) (94) (97) (98 95) (99 96) (100) (101) (101) (103) (102 103) (105 104)
 (105) (107 104) (106 108) (109) (109) (111) (110 112) (113) (114) (114) (116)
 (115 117) (118) (118) (119 120) (121) (122) (123) (124) (125) (126) (126)
 (127 128) (129) (130) (131) (132) (133) (134) (135) (136) (137) (138) (138)
 (140) (139 141) (142) (143) (144) (142) (145 146) (145 146) (145 146)
 (147 148 149) (150) (151) (152) (153) (154) (154) (156) (156) (155 157 158)
 (159) (160) (160) (161 162) (163) (164) (165) (166) (167) (167) (169 168)
 (170) (171) (172) (173) (174) (175) (173) (177 176) (178) (179) (172)
 (179 181) (180 182) (183) (184) (185) (186) (187) (188) (188) (190) (189 191)
 (192) (189 191) (194 192) (193 195) (196) (197) (197) (198 199) (200) (200)
 (201 202) (203) (204) (205) (206) (207) (208) (208) (209 210) (211) (211)
 (212 213) (214) (215) (216) (217) (217) (219) (220) (218 221) (222) (223)
 (224) (224) (226) (226) (226) (227 229) (225 230) (231) (228 231) (228 231)
 (233 234 232) (233 234 232) (234 232) (235 237) (236 238) (239) (240) (241)
 (242) (241) (242 244) (245) (243 246) (247) (248) (249) (250) (250) (252)
 (253) (251 253) (254 255) (256) (257) (256) (258 259) (260) (261) (261)
 (262 263) (264) (265) (266) (267) (268) (267) (269 270) (267) (271 272) (273)
 (274) (275) (275) (277) (276 278) (276 278) (279 280) (281) (282) (283) (284)
 (283) (286) (287) (288) (284 287) (289 290) (291 285) (292) (293) (294) (295)
 (295) (297 296) (297 296) (299))