(NIL NIL (2 1) NIL (4 1) NIL (4 6) (2 6) (6 1) (7 9 5) (3 8 9) NIL (6 12)
 (4 12) (7 14 13) (12 1) (9 13 16) (5 14 16) (10 15 17 18) NIL (20 12) (20 6)
 (21 22 13) (4 20) (14 24 21) (7 24 22) (15 25 26 23) (20 1) (28 21 16)
 (28 9 22) (29 30 17 23) (5 24 28) (29 32 25 18) (30 10 32 26) (19 34 31 33 27)
 NIL (36 20) (36 6) (38 37 22) (36 4) (40 37 24) (38 7 40) (39 42 26 41) (36 1)
 (28 37 44) (38 44 9) (46 39 45 30) (40 5 44) (41 45 32 48) (46 42 10 48)
 (50 43 47 49 34) NIL (52 20) (52 12) (53 21 54) (52 6) (56 53 22) (56 13 54)
 (57 23 58 55) (52 4) (24 60 53) (14 60 54) (61 25 62 55) (7 56 60)
 (64 57 61 26) (64 15 58 62) (65 66 63 59 27) (52 1) (28 53 68) (68 16 54)
 (29 70 69 55) (68 56 9) (30 69 57 72) (70 58 72 17) (71 31 59 73 74) (5 60 68)
 (76 69 61 32) (76 70 62 18) (77 78 71 33 63) (64 76 10 72) (65 77 80 73 34)
 (19 66 78 80 74) (75 67 79 81 82 35) NIL (84 52) (84 20) (85 53 86) (84 12)
 (88 85 54) (88 86 21) (89 90 87 55) (84 6) (85 56 92) (92 86 22) (94 57 87 93)
 (88 13 92) (89 96 58 93) (94 90 96 23) (97 95 91 98 59) (84 4) (85 100 60)
 (100 24 86) (102 61 87 101) (88 14 100) (104 89 101 62) (104 90 25 102)
 (105 106 91 103 63) (7 100 92) (64 108 101 93) (94 108 102 26)
 (95 103 109 110 65) (104 96 15 108) (112 105 66 97 109) (112 106 98 110 27)
 (67 107 99 111 113 114) (84 2) (8 116 92) (84 1) (85 118 68) (28 86 118)
 (69 120 119 87) (88 118 16) (89 119 70 122) (90 120 29 122)
 (121 91 71 123 124) (118 9 92) (126 119 72 93) (94 120 30 126)
 (95 127 128 121 73) (126 96 122 17) (127 97 130 123 74) (31 128 98 130 124)
 (75 99 125 129 131 132) (5 100 118) (76 119 101 134) (134 120 32 102)
 (77 136 121 135 103) (104 134 122 18) (105 135 78 138 123)
 (106 136 138 33 124) (137 139 140 79 107 125) (126 10 108 134)
 (142 127 135 109 80) (142 136 128 110 34) (137 143 144 81 111 129)
 (112 19 130 142 138) (139 143 146 82 113 131) (140 144 146 35 114 132)
 (133 141 145 147 148 83 115) (3 118 116) (126 117 11 150) NIL (84 152)
 (52 152) (153 154 85) (36 152) (20 152) (153 86 157) (154 53 157)
 (158 159 155 87) (156 37 157) (12 152) (88 153 162) (154 162 54)
 (89 155 163 164) (162 21 157) (158 166 90 163) (166 159 164 55)
 (167 160 91 168 165) (6 152) (153 170 92) (154 56 170) (171 172 155 93)
 (38 156 170) (170 22 157) (158 94 175 171) (172 159 57 175)
 (95 160 176 177 173) (175 39 174 161) (162 13 170) (180 96 163 171)
 (172 180 58 164) (181 173 182 97 165) (166 180 175 23) (167 184 98 176 181)
 (168 184 59 182 177) (169 185 186 183 99 178) (4 152) (153 188 100)
 (188 154 60) (155 101 190 189) (40 156 188) (188 24 157) (158 193 189 102)
 (159 61 190 193) (160 191 194 195 103) (192 41 161 193) (188 14 162)
 (104 163 198 189) (198 62 164 190) (200 105 191 199 165) (166 193 25 198)
 (202 167 106 194 199) (200 168 195 202 63) (169 196 201 203 204 107)
 (7 188 170) (108 189 206 171) (172 64 206 190) (208 173 207 109 191)
 (192 174 42 206) (193 175 206 26) (194 211 176 110 207) (208 65 195 177 211)
 (196 209 212 213 111 178) (210 43 197 211 179) (180 15 206 198)
 (112 181 207 216 199) (200 208 182 216 66) (183 201 209 113 217 218)
 (216 202 211 184 27) (185 203 212 217 114 220) (186 67 204 213 218 220)
 (219 187 205 214 115 221 222) NIL (2 224) (224 1) (3 226 225) NIL (228 152)
 (84 228) (153 230 229) (52 228) (154 232 229) (85 230 232) (155 231 233 234)
 (228 12) (236 162 229) (88 230 236) (231 163 238 237) (236 232 54)
 (240 233 164 237) (240 89 238 234) (241 239 165 242 235) (228 6) (244 229 170)
 (244 230 92) (245 246 231 171) (244 56 232) (172 245 248 233) (246 248 234 93)
 (173 247 249 250 235) (244 236 13) (180 245 252 237) (252 96 246 238)
 (253 181 254 247 239) (240 248 252 58) (241 182 256 249 253)
 (242 97 256 254 250) (183 243 251 255 257 258) NIL (260 228) (260 152)
 (261 229 262) (260 84) (261 264 230) (153 264 262) (231 265 266 263) (260 52)
 (268 261 232) (268 154 262) (269 270 233 263) (268 85 264) (269 272 265 234)
 (270 155 272 266) (271 235 273 274 267) (260 20) (276 262 157) (276 264 86)
 (158 278 277 266) (268 276 53) (280 159 270 277) (280 272 278 87)
 (281 160 282 274 279) (260 12) (284 261 236) (284 162 262) (286 237 285 263)
 (88 284 264) (288 265 238 285) (288 286 163 266) (289 287 239 290 267)
 (268 284 54) (240 269 292 285) (270 292 286 164) (241 271 293 294 287)
 (288 89 272 292) (296 289 242 273 293) (296 290 294 274 165)
 (243 291 295 297 298 275) (284 276 21) (166 300 277 286) (288 90 300 278)
 (167 290 301 302 279) (280 300 292 55) (304 281 168 301 294)
 (296 304 282 91 302) (305 306 169 283 298 303) (260 4) (308 188 262)
 (308 100 264) (309 310 189 266) (268 308 60) (309 270 312 190)
 (312 310 272 101) (314 311 313 274 191) (308 24 276) (316 193 277 309)
 (316 310 102 278) (317 194 311 318 279) (280 316 312 61) (281 195 320 313 317)
 (282 320 318 314 103) (196 315 319 321 322 283) (308 14 284) (324 309 198 286)
 (288 104 310 324) (325 290 311 326 199) (324 312 292 62) (200 325 328 313 294)
 (296 105 326 328 314) (315 201 327 329 330 298) (316 324 300 25)
 (332 317 202 301 325) (332 326 106 318 302) (319 203 327 333 334 303)
 (304 328 320 332 63) (305 204 321 329 333 336) (306 322 107 330 334 336)
 (307 205 323 331 335 337 338) (260 2) (116 264 340) (260 1) (118 264 342)
 (268 68 342) (119 272 343 344) (28 276 342) (346 120 343 278) (280 346 69 344)
 (345 282 348 121 347) (284 16 342) (288 122 343 350) (70 292 350 344)
 (296 345 351 123 352) (346 29 300 350) (354 347 351 302 124)
 (304 354 348 71 352) (353 306 356 355 125 349) (308 5 342) (134 310 358 343)
 (76 312 358 344) (345 135 359 314 360) (316 346 32 358) (362 318 136 347 359)
 (362 77 348 320 360) (137 361 363 364 322 349) (324 358 350 18)
 (326 359 138 351 366) (360 78 328 366 352) (353 139 361 367 368 330)
 (332 354 366 33 362) (355 140 363 367 370 334) (356 364 79 368 370 336)
 (357 141 365 369 371 372 338) (3 340 342) (150 343 341 374))