(NIL NIL NIL (2 3) (1 3) NIL (3 6) (2 6) (7 4 8) NIL (6 10) (2 10) (11 8 12)
 (1 10) NIL (10 15) (6 15) (16 11 17) (3 15) (7 17 19) NIL (15 21) (10 21)
 (22 16 23) (6 21) (22 17 25) (11 23 25) (24 26 18 27) (3 21) (22 19 29)
 (7 29 25) (30 20 26 31) (2 21) (23 12 33) (8 25 33) (13 27 34 35) (4 29 33)
 (37 9 31 35) (1 21) (23 14 39) (5 29 39) NIL (21 42) (15 42) (43 22 44) (6 42)
 (43 25 46) (44 46 17) (47 48 45 26) (3 42) (43 29 50) (44 50 19) (51 52 45 30)
 (7 50 46) (47 51 54 31) (48 20 54 52) (49 55 53 32 56) (2 42) (43 58 33)
 (8 58 46) (47 59 60 35) (4 58 50) (51 37 59 62) (9 54 60 62) (63 64 38 55 61)
 (1 42) (43 39 66) (5 66 50) (51 67 41 68) NIL (15 70) (10 70) (16 72 71)
 (6 70) (17 71 74) (11 72 74) (75 18 73 76) (2 70) (12 78 72) (8 74 78)
 (79 13 76 80) (1 70) (82 14 72) NIL (70 84) (42 84) (21 84) (86 43 87) (15 84)
 (85 71 89) (86 44 89) (22 87 89) (88 45 91 92) (10 84) (85 72 94) (87 94 23)
 (16 89 94) (97 73 90 95) (97 24 96 92) (6 84) (85 74 100) (86 100 46)
 (87 25 100) (47 102 88 103) (17 89 100) (101 105 75 90) (48 105 91 102)
 (105 103 26 92) (93 49 104 107 108) (11 94 100) (101 110 76 95)
 (110 103 27 96) (97 110 18 105) (98 111 113 106 77) (99 112 113 28 108) (3 84)
 (86 116 50) (87 29 116) (51 117 88 118) (19 89 116) (117 52 120 91)
 (118 120 30 92) (93 53 121 119 122) (7 116 100) (117 102 54 124)
 (118 103 31 124) (125 126 119 104 55) (20 120 105 124) (125 128 121 56 107)
 (126 128 122 32 108) (123 127 129 130 109 57) (1 84) (85 82 132) (86 132 66)
 (87 39 132) (67 135 88 134) (14 94 132) (137 83 133 95) (135 137 40 96)
 (5 132 116) (117 68 140 134) (135 118 140 41) (136 119 69 141 142) NIL
 (144 84) (144 70) (145 85 146) (144 42) (145 86 148) (144 15) (145 150 89)
 (146 71 150) (147 152 151 90) (148 150 44) (149 151 91 154) (144 10)
 (145 156 94) (156 146 72) (147 157 158 95) (16 150 156) (97 151 157 160)
 (152 73 158 160) (161 98 153 159 162) (144 6) (145 164 100) (146 74 164)
 (101 165 147 166) (148 164 46) (165 102 149 168) (150 164 17)
 (165 151 105 170) (166 152 75 170) (167 153 106 171 172) (48 168 154 170)
 (171 174 169 107 155) (11 156 164) (165 110 176 157) (166 176 158 76)
 (111 177 167 159 178) (18 176 170 160) (161 177 113 171 180)
 (162 180 178 77 172) (173 163 179 181 182 114) (144 3) (145 184 116)
 (148 184 50) (117 185 149 186) (150 184 19) (185 151 120 188) (52 188 154 186)
 (189 187 121 190 155) (7 184 164) (165 185 192 124) (54 186 168 192)
 (125 193 187 169 194) (20 188 170 192) (193 128 189 196 171)
 (194 174 196 56 190) (175 129 191 195 197 198) (144 2) (146 78 200)
 (148 58 200) (12 156 200) (201 203 79 158) (8 200 164) (201 166 205 80)
 (202 168 205 60) (205 203 176 13) (208 204 178 81 206) (4 200 184)
 (186 210 202 62) (210 9 205 192) (194 211 212 207 64) (1 144) (145 214 132)
 (146 82 214) (147 216 215 133) (148 214 66) (149 218 215 134) (214 14 156)
 (137 157 215 220) (216 83 158 220) (221 222 138 217 159) (214 5 184)
 (185 215 224 140) (186 224 218 68) (187 225 219 141 226) NIL (228 144)
 (228 84) (145 230 229) (228 70) (146 232 229) (85 230 232) (231 233 147 234)
 (228 42) (148 236 229) (86 230 236) (231 237 149 238) (228 15) (150 229 240)
 (230 89 240) (241 242 231 151) (71 232 240) (241 244 152 233) (242 244 234 90)
 (245 243 153 246 235) (44 236 240) (241 237 154 248) (242 238 91 248)
 (249 250 243 155 239) (228 10) (156 229 252) (230 252 94) (253 231 157 254)
 (72 232 252) (253 233 158 256) (256 234 95 254) (257 258 159 235 255)
 (16 252 240) (241 260 253 160) (97 242 260 254) (161 243 261 262 255)
 (244 73 260 256) (257 162 261 245 264) (262 98 264 246 258)
 (163 259 247 265 266 263) (228 6) (268 229 164) (230 268 100)
 (165 231 269 270) (232 74 268) (166 233 269 272) (101 272 234 270)
 (273 274 167 271 235) (236 268 46) (269 168 237 276) (102 276 238 270)
 (277 169 271 239 278) (17 268 240) (241 269 170 280) (242 105 270 280)
 (281 282 243 271 171) (244 75 280 272) (273 281 284 245 172)
 (274 282 284 246 106) (173 247 275 283 285 286) (48 276 280 248)
 (249 174 277 281 288) (250 288 278 107 282) (289 290 175 251 279 283)
 (11 252 268) (292 269 176 253) (110 292 254 270) (293 177 271 255 294)
 (292 272 76 256) (257 273 293 178 296) (258 111 296 294 274)
 (179 295 297 298 259 275) (292 18 260 280) (281 293 300 261 180)
 (282 300 113 262 294) (295 181 301 302 263 283) (296 300 284 77 264)
 (297 182 301 304 265 285) (298 302 304 266 114 286)
 (299 303 305 306 267 183 287) (228 3) (308 229 184) (230 308 116)
 (185 309 231 310) (236 308 50) (309 186 312 237) (117 310 312 238)
 (187 313 311 239 314) (19 308 240) (241 309 188 316) (242 120 316 310)
 (317 318 243 189 311) (52 312 316 248) (249 317 320 313 190)
 (250 320 121 314 318) (315 319 321 322 251 191) (7 268 308) (309 324 269 192)
 (310 324 270 124) (193 325 311 271 326) (54 276 312 324) (325 194 313 277 328)
 (125 326 328 278 314) (315 327 329 330 279 195) (20 316 324 280)
 (281 317 196 325 332) (282 128 332 326 318) (319 327 333 334 283 197)
 (332 328 320 56 288) (289 321 329 333 336 198) (290 129 322 330 334 336)
 (291 323 331 335 337 338 199) (228 2) (229 340 200) (78 232 340)
 (201 233 341 342) (58 236 340) (202 237 341 344) (12 252 340)
 (203 346 253 341) (346 342 79 256) (257 343 204 347 348) (8 268 340)
 (205 269 341 350) (350 342 80 272) (273 343 206 351 352) (344 276 60 350)
 (351 345 354 277 207) (346 292 13 350) (351 347 293 356 208)
 (352 356 348 81 296) (353 357 358 297 209 349) (4 340 308) (309 210 341 360)
 (344 312 360 62) (362 211 361 313 345) (360 9 350 324) (325 351 361 212 364)
 (362 64 354 328 364) (355 363 365 366 213 329) (228 1) (214 229 368)
 (230 132 368) (369 370 231 215) (82 232 368) (369 372 216 233)
 (370 372 234 133) (373 371 217 374 235) (368 236 66) (369 237 218 376)
 (370 376 238 134) (377 378 371 219 239) (14 252 368) (369 380 253 220)
 (370 137 380 254) (221 371 381 382 255) (372 83 380 256) (257 222 381 373 384)
 (258 138 384 374 382) (383 385 386 259 223 375) (5 368 308) (309 369 224 388)
 (310 388 140 370) (389 311 225 371 390) (68 312 388 376) (377 389 313 226 392)
 (378 392 314 141 390) (379 315 391 393 394 227) NIL (396 228) (396 144)
 (397 229 398) (396 84) (230 397 400) (145 400 398) (231 401 402 399) (396 70)
 (397 232 404) (146 398 404) (405 406 233 399) (85 400 404) (405 408 401 234)
 (406 147 408 402) (407 409 235 403 410) (396 42) (397 236 412) (148 398 412)
 (413 414 237 399) (86 400 412) (413 416 401 238) (414 149 416 402)
 (415 417 239 403 418) (396 21) (87 400 420) (43 420 412) (88 416 421 422)
 (396 15) (397 424 240) (150 424 398) (241 425 426 399) (424 400 89)
 (425 242 401 428) (151 428 402 426) (429 430 243 427 403) (424 71 404)
 (405 432 244 425) (406 432 152 426) (433 407 245 434 427) (432 408 90 428)
 (429 433 409 246 436) (430 436 153 410 434) (437 438 247 411 431 435)
 (44 424 412) (413 440 425 248) (414 440 154 426) (249 415 441 442 427)
 (440 416 91 428) (429 250 417 441 444) (430 444 418 155 442)
 (443 445 446 419 251 431) (22 424 420) (448 428 421 92) (448 45 440 422)
 (93 449 450 423 444) (396 10) (397 252 452) (156 452 398) (453 253 454 399)
 (400 452 94) (453 401 254 456) (456 157 402 454) (457 458 255 403 455)
 (72 452 404) (405 460 453 256) (406 460 158 454) (257 407 461 462 455)
 (408 460 95 456) (457 258 461 409 464) (458 464 410 159 462)
 (465 466 259 463 459 411) (23 420 452) (456 421 468 96) (16 424 452)
 (453 260 425 470) (454 470 426 160) (472 261 455 427 471) (97 456 470 428)
 (429 457 262 471 474) (161 430 472 474 458) (473 475 476 263 431 459)
 (432 73 460 470) (461 433 478 471 264) (162 472 434 478 462)
 (473 479 480 265 435 463) (98 464 478 474 436) (437 465 482 475 479 266)
 (438 163 466 476 480 482) (439 467 477 267 481 483 484) (24 448 468 470)
 (469 99 449 486 474) (396 6) (488 397 268) (488 398 164) (489 269 490 399)
 (488 400 100) (489 401 270 492) (165 492 402 490) (493 494 491 271 403)
 (488 74 404) (405 496 489 272) (406 496 490 166) (273 407 497 498 491)
 (101 496 408 492) (493 274 409 497 500) (494 167 500 410 498)
 (501 502 275 411 495 499) (488 46 412) (413 504 276 489) (414 168 490 504)
 (505 415 277 506 491) (102 416 504 492) (493 505 417 278 508)
 (494 508 169 418 506) (507 509 510 419 279 495) (488 420 25) (103 512 421 492)
 (47 512 504 422) (104 513 514 423 508) (488 17 424) (489 516 425 280)
 (516 490 426 170) (281 517 491 427 518) (516 492 105 428)
 (429 282 520 493 517) (430 520 518 171 494) (519 521 522 283 431 495)
 (496 432 75 516) (517 497 284 433 524) (518 524 498 434 172)
 (519 435 525 526 285 499) (520 500 106 524 436) (437 501 521 525 528 286)
 (173 438 502 522 526 528) (439 503 523 527 529 530 287) (48 440 504 516)
 (517 505 532 441 288) (174 518 532 442 506) (289 533 443 507 534 519)
 (520 508 532 107 444) (533 290 536 445 509 521) (534 175 536 446 522 510)
 (535 537 538 447 291 523 511) (512 448 26 516) (513 540 520 449 108)
 (540 49 532 450 514) (536 541 542 515 109 451) (11 488 452) (489 544 292 453)
 (544 176 454 490) (545 293 491 455 546) (110 544 492 456)
 (457 493 545 294 548) (458 548 177 546 494) (295 547 549 550 459 495)
 (496 544 460 76) (545 497 552 461 296) (552 498 462 546 178)
 (297 547 553 463 499 554) (548 552 111 500 464) (465 501 298 549 553 556)
 (466 179 502 550 554 556) (467 299 503 551 555 557 558) (512 544 468 27)
 (513 560 112 469 548) (18 544 470 516) (517 300 545 562 471)
 (518 180 546 562 472) (473 301 547 519 563 564) (474 520 113 562 548)
 (566 475 302 549 521 563) (566 181 476 550 522 564)
 (565 567 568 477 303 551 523) (552 562 478 77 524) (570 479 304 553 525 563)
 (570 182 480 554 526 564) (565 305 571 572 481 555 527)
 (566 570 482 114 556 528) (567 571 574 306 483 557 529)
 (568 572 574 183 484 558 530) (569 573 575 576 307 485 559 531)
 (560 562 486 28 540) (566 487 541 578 115 561) (396 3) (397 580 308)
 (580 398 184) (309 581 399 582) (400 580 116) (581 310 584 401)
 (185 582 584 402) (311 585 583 403 586) (50 580 412) (413 581 312 588)
 (414 582 588 186) (589 590 415 313 583) (117 416 584 588)
 (589 585 592 417 314) (590 187 592 418 586) (315 587 591 593 594 419)
 (29 420 580) (118 584 421 596) (51 596 422 588) (597 598 119 592 423)
 (19 424 580) (581 600 425 316) (582 188 426 600) (317 583 601 602 427)
 (120 600 584 428) (429 318 585 601 604) (430 604 189 586 602)
 (587 319 603 605 606 431) (52 440 600 588) (589 601 320 441 608)
 (590 602 608 442 190) (443 591 321 603 609 610) (592 121 608 604 444)
 (445 593 322 605 609 612) (446 594 191 606 610 612)
 (613 614 447 595 323 607 611) (448 30 600 596) (597 616 449 122 604)
 (598 53 608 450 616) (617 618 123 451 599 612) (7 488 580) (581 620 489 324)
 (582 620 490 192) (325 621 583 491 622) (124 620 584 492)
 (493 326 624 585 621) (193 494 624 586 622) (587 623 625 626 327 495)
 (54 504 620 588) (589 621 328 505 628) (194 622 628 506 590)
 (507 591 629 630 329 623) (125 592 624 628 508) (509 593 625 629 632 330)
 (510 594 626 630 632 195) (511 627 631 633 595 331 634) (512 620 31 596)
 (597 126 624 513 636) (598 636 55 514 628) (127 515 599 632 637 638)
 (20 600 620 516) (517 621 640 601 332) (518 196 640 602 622)
 (623 519 603 333 641 642) (640 520 128 624 604) (625 521 605 334 641 644)
 (626 522 606 197 642 644) (645 646 627 523 335 607 643) (640 608 628 56 532)
 (533 648 641 629 336 609) (534 648 198 630 610 642)
 (535 649 650 631 611 337 643) (648 129 632 536 612 644)
 (613 645 537 652 633 649 338) (614 650 646 652 634 199 538)
 (615 539 651 653 654 647 635 339) (616 636 640 32 540)
 (617 541 656 130 637 644) (648 618 542 656 638 57)
 (619 652 543 657 658 131 639))