(NIL (1) (2) (3) (4) (4) (3) (5) (3) (1) 
(9 10) (7) (7) NIL (14) (8) (8 9) (8 11) (12) (15 17) 
(8) (16) (11 19) (20) (14 16) (23 25) (14 21) (19 22) (13 14 23) (9 10 28) 
(20 21) (15 25) (8 15) (6 16 20) (28) (16) (3) (21 23 32) (26) (19 20) 
(10 36) (35) (18 21 29 33 42) (31) (17 43) (34 42) (40 41 44 45) (43) (42) (20 32 48) 
(35 41) (46) (26 40 44) (21 32 33 52) (4 23) (30 41 49) (11 15 27) (5 29) (33) (18 59) 
(37 51 59) (45) (57) (30) (29 30 42) (31) (38 52 65) (29 30 39) (34 44 50) (69) 
(7 57) (57 69) (29 39) (8 23) (9 12) (58) (27 65) (6 13 24 44) (59 62 64 67 78) (47 72) 
(39 70) (31 48 73) (6 30) (25 36 55) (45 83) (7 63) (38 47 53 58) (60 75) (11 41) (46 62 71 72) 
(41 69) (4) (70 78) (47 49 79) (46 59 64 70) (56 66 81) (30 41 54 59 63 81) (24 54 75) (78) (39 44 51) 
(37 53 54) (55 59 93) (62 75) (52 62 68) (33 36) (104) (49 66) (67) (33) (24 62) 
(51 88) (68 88) (11 66 105) (68 74) (39) (49 82) (7 66) (26 95) (54 67) (31 63 88) 
(25 52 85) (37 116) (53 54 55 61 91) NIL (40 57 66 73 83) (63 76 111) (95 112 125) NIL (20 68) (33) 
(101 118) (32 128) (101 104) (33) (86 92 93 104 107) (60 61 71) (30 61 90 93) (62 88 95 121) (124) (71) 
(70 78 89 91) (26 59) (79 106 127) (70 120) NIL (69) (85) (79 110) (81 131) (89) 
(58 78 85 127) (98 130 138) (68 110 120 134) (75 124) (100 151) (49 140 141) (52 102 137) (124) (115 122 149 158) (13 51 56) 
(77 125 137 149) (52 83 95) (104) (54 115) (68) (62 136) (33 35 55) (106 164) (55 69 136) (86 143) 
(87 111 156) (52 92 124 128 136 144) (18 92 140) (152) (36 37 58 85 99 132 145) (65) (47 97 135 138) (151) NIL (47 58 63 174) 
(120 175) (24 82 97 147 166) (95 102 112 147) (124 128 155 168 176) (96 121 166) (94 154 173 177) (17 109) (31 126) (27 50 104) (14) 
(133 186 189) (102 155) (84 177 184) (144 191) (54 55) (142 182 184 185) (185) (38 63 137 184) (131 157 178) (24 36 52 122) 
(79 168) (37 40 145 162) (105 141 159) (89 166) (53 69 100 134) (194) (57 92 110 129) (90 152 196) (135) NIL 
(114 125 129 162 177) (163 206) (72 92 95 133) (112 141 158) (127) (76 119 148) (89 106 211) (101 124 180 195) (109 168) (139 152 161 191 197) 
(76 95) (193 197) (81) (100 161 169) (47 71 106) (56 80 87 178) (37 49 78 92) (164 221) (63 99 204 213) NIL 
(71 168 180) (196) (74 96 119 182) (52 56) (111 199) NIL (95 96) (144 175 180 225) (55 156 159 163 231) (163 235) 
(86 192) (208 233) (185 186) (80 104 127 223) (190 198) NIL (76 103 167 177 197 200) (157 217) (41 93 108 219) (88 224) )