(NIL (1) (2) (3) (3) (5) (4) (2) (3) (6 9) 
(4 8 10) (11) (12) (12) (13) (14) NIL NIL (13) (5 7) 
(11 18) (15 16 20) (19) (7 16 17) (19) (22) (22) (14 23) (24) NIL 
(29) (29) (23 27) (33) (24 34) (18 29 30) (10 30) (24) (21 35) (31 36) 
(32 39) (30 31 35) (14) (25 28 30 41) (18 43) (22) (12 37) (43) (27) (24 34 46) 
(7) (22 25 37) (45) (42 45) (36 39 43 46 51) (32 34 52) (40 47) (27 48) (51 57) (28 37) 
(42) (37) (23 47) (57) (54) (15 43) (42 56 59) (63) (23 29) (57) 
(35 46 52) (19) (21 50) NIL (55 61) (68) (13) (21 57 72 76) (33 53) (7 19) 
(55 61) (40 45) (69) (48 55 56 64) (80 81) (37 50) (44 54) (35 36 60) (66 79 88) (73 78 80) 
(14) (39) (61 89) (27 31 43) NIL (26 41) (45 77) (82 89) (48 92) (28) 
NIL (67 73) (26 59 88 90 101) (37 38 40) NIL (51 87 91) (66 104) (28 38 48 54 59 82) (15 57) (35 60 73 78 82 97) 
(39 52 76 82) (98) (40 54 95) (62 72 81 91 112) (79 92) (48 50 78 111) (74 98) (59 89 95 106) (62 64 96 110) (30 41 43 77) 
(23 82) (50 66) (37 48 94) (46 104 112) (81 111) (52 86) (25 31 80 101) (27 83) (85 86) (65 101 107 129) 
(118) (48 74 81) (65 68) NIL (27) (71 86 122) (42 107 124) (130) (44) (26 55 74 98 118 127) 
(86 99) (92) (81 134) (67 143) (28 31 32 37) (112) (75 119 125 127 128) (88) (52 69 70 86 93 139) (88) 
(65 70 82 148) (72 76) (141 143) (46 64) (27) (49 78 91 135) (47 130) (86 135 146) (42 64 99 115 128) (65 94 100 107) 
(63 106 130) (95 103 110 133 161) (50 132) (115 121) (35) (49 55 68 73 160) (122 137 153) (67 87) (111 154) (20 21 63 82) 
(73 74 100 126 130) (41 90 170) (66 91) (26 151) (171) NIL (71 125 167) (90 92 133) (77 131) (62 84 85) 
(70 72 99) (59 78 158) (26 82 89 109 163 166) (112 131 178) (56 100 150 152 172) (115 135 184) (106 109 112) (92 145 163) (140) (60 135) 
(163 168 184) (147 154 181) (25 97 190) (41 76 84 104 145) (117) (68 70 117 150 179) (64 85 172) (62 115 157 188) (147 159 186) (167) 
(183 190 196) (87 103 129 147 177 190) (108 129 178) (64 157) (103 130 174 199) (56 172 186) (61 112 122) (83 97 178) (54 92) (93 151) 
(66 85 115 128) (46) (143 175) (94 213) (166 169) (114 177) (132) (204) (93 158 198) (128 191 204) 
(64 171 187 198) (72 117 142) (49 175 203) (62 112 140 151 197) (141 143 149 156 190) (144 155 157) (58) (132 162) (69) (127 148 153) 
(38 133 182 230) (65 180) (164 167 196) (25 28 48 156) (62 153) (26 127 143) (64 151 193) (74 83 84 112 122 144 203) (52 60 120 132) (229 236) 
(87) (141 223) (72 170 188) (141 185) (67 69) (62 73 109 131 217) (219) (22 121) (69 182) (65 83) )