(NIL (1) (2) (3) (4) (3) (5) NIL (5 6) (7) 
(5) (6 7) (10 11) (8 12 13) (3) (5 15) (8 10 11 15) (12) (17) (2) 
(18 19) (14 20) (13 18 19) (21) (13) (9 21 22) (21) (26) (8 18) (12 19) 
(6) (23 28) (29 32) (10 11 16 29) (30 32 34) (33) (35) (25 36) (38) (13) 
(37) (41) (22 31) (41) (26 34) (27 42) (37) (47) (16 29) (48) 
(37 40) (46) (41 43 50) (21 34) (45 46 47) (51) (36 43 50) (32 45 49) (38 55 58) (38 47) 
(43 52) (27 57) (24 38) (56 59) (39) (40 43 48 49) (56) (25 52) (48) (56 60 69) 
(70) (50) (27 50 66) (24 60 67) (59 61) (59 68) (61) (43 50) (24 67 78) NIL 
(73) (49 68) (29 32) (69) (42 71) (14 40) (51 53 57) (24 86) (45 79) (50 67 70) 
(39 63 66 75) (76) (66 92) (44 85) (44 65 75) (39 83) (44 56) (40 45 68) (24 39 75) (70 89) 
(50 75) (45 53 71) (94) (8 25) (79) (96) (31 45 52) (66 89 95 104) (51 92) (39 64 78 87 102) 
(84 88 100) (81 85 105 111) (81 100) (42 49 84 89) (61 70 72 82 92) (35 54 104) (53 103) (72 78 99) (66 89) (54 72 89) 
(30) (52 112) (71 75 81 119) (65 85 100 107) (82) (39 80) (105) (37 43) (44 88 109) (27) 
NIL (76 105 110 125) (129) (93) (68 122) (64) (73 88 99 134) (46 113) (120) (85 97 138) 
(112) (90 118 128 137) (44 75) (75 96 102 103) (78) (46 69) (44 82 90) (35) (41 86 105) (99 100 110) 
(58 77 82) (35 65) (129) (97 146) NIL (101) (109) (20 86) (135) (118 155) 
(138 148) (107) (39 52 117) (39 48 148) (63 106 138) (88 102 157) (97 135 149) (114 122 150 153) (50 52 58 70 158) (57 75 97) 
(170) (143) (82 104 148) (119 138) (103) (31 45 85) (75 76 138) (50) (88 89 93 175) (62 127) 
(119 128) (108 168) (120 165) (41) (27) (152 177) (129) (87 102 108 119 162) (150) (66 76 85 125) 
(24 75 154) (106 133 187) (87) (74 123) (28) (111 123) (45 50 52 155) (52 106 111 145) (44 75 161) (55 73 162) 
(84 87 100 125 155) (79 163 191) (126 152 183 188) (121) (59 116 181) (82 98 166 196 203) (82 183 194) (64 91 99 139 195) (60 72 197) (24) 
(127 154 179 208) (89) (59 161 167) (74 147) (188 204) (31 169) (173 198) (148) (92 189) (64 85 206) 
(12) (183 186 201) (167) (24 87) (79 99 154) (86 185) (183) (98 125 126 197 200 211) (144) (97 197 204) 
(45 117) (178 208) (87 141 217) (122 133 161 224) (60 181 210) (68 79 164) (64 72 145 204) (65 154) (163) (25 145) 
(53 105 155 195 225) NIL (78 96 107) (48 136) (186 214) (64 112 221) (68 118 195 196) (230) (139 188 246) (50 103) )