(NIL (1) (2) (3) NIL (3 5) NIL (6) (7 8) (4 9) 
(6 7) (4 9) (2) (11 13) (4 11) (7 8 13) (15 16) (10 16) (16) (11) 
(8) (17) (22) (19 20 21) (22 24) (17) (4 24) (12 14 21 22 26) (18) (18) 
(25) (27 28) (17) (10 14 23 27) (10 17 24) (28) (12 21) (32 35) (12 14) (17 18) 
(12 26) (23 28) (15 27) (41) (20 33 36 42) NIL (35 46) (22) (32) (38 39 48) 
(20 29 42) (19) (34 38) (38 40) (20 30) (45) (31 48) (24 30 42) (10 45) (54) 
(34 35 41) (27 37 40) (29 30 37 39) (62) (63) (2) (19 55) (18 61) (32 64) (43) 
(59) (26 29) (36 46 53 62 65) (68 69) (39 70) (25 61) (49) (59 74) (30) (23 69) 
(61) (27) (15 67) (30 38 48) (47 59 62) (38 82) (34 77) (9 17 19) (33 65 76) (81 84) 
(48) (70) (75 80 85) (31 39 67 71 87) (43 85) (74 75) (44 83) (50 77 93) (24 37 83) (74) 
(50 80 82 96) (30 77 82 91) (52) (33 62 77 81) (59 102) (74 85) (23 70) (102) (25 77) (25 50) 
(100) (18 36 66) (29 77) (35) (35) (72 89) (73 98 103) (36 50 87) (14 16) (25 58 90 95 97 98 105 108) 
(107 119) (66 73 86 88) (58 106) (93 97 111) (30) (99) (31 53 123) (51 56 60 127) (63 111 115) (14 21) 
(127) (103) (36 52) (32 57) (45 72 83) (66) (46 72) (46 132) (32 62) (121) 
(28 76 115) (85 91 101 129 136) (45 48 96) (16) (14 144) (57) (76 115) (69) (30) (117) 
(27 126) (87 97) (123) (132 134) (51 126) (107 134 147) (75 78 125) (67) (118 145 152) (108) 
(32 42 92 97) (69) (28) (97 108) (95 146) (31 54 84 164) NIL (54) NIL (99 122 133 142) 
(90 102 136) (95 108) (74 151) (85) (92 108 149 162) (48) (75) (125 144 176) NIL (109 174) 
(78 126 150 159) (44 61 80 126 175) (156) (51 143) (121 129 157) (112 134 145 164) (79 122 183 186) (155 174 179 187) (52 95 142 143 163) (74 133) 
(98 131) (104 114 176 187) (78 101 141 148) (182) (143 150 155 185) NIL (128 195) (23) (74 187) (150) 
(181) (96 103 120 134) (86 147 155 189) (103 122 169) (186) (148) (127 132 168 187) (169 205) (192) (80 112 119 147) 
(148) (64) (185 192) (90 105 191) (87 93 156 176) (103 134 167) (37 59 75 137) (173) (23 46 92 110 149 163) (45 96 111 122) 
(72 169 182) NIL (71 74 108) (79 180 194) (36 38 70 206) (108 137) (38 224) (170) (85 139 160 164 173) (152 153) 
NIL (46) NIL (60 203) (91 184 219) (147) (113 224) (90 95 215) (181 219) (79 184 195) 
NIL (88 112 143 226) (71 137 227) (62 159 160 241) (112 132) (174 241) (50 226) (110 125 167 212) (160 213 243) (103 135 235 244) )