(NIL (1) (2) (3) (4) (5) (6) (6) (5) (9) 
(5) (7 9 11) (10) (9) (2) NIL (8 10 11 14 15) (17) (9) (6) 
(11 14) (9 15) (17 21) (13 21) (13) (16 21 22) (7 10 15) (18 21 25) (8 13) (16 23) 
(13) (11 25 29) (7 30 32) (25 27) (8) (6 9 15) (7 23 28) (23) (12 17) (7 32 36) 
(31 36 38) (20) (34 37) NIL (41 44) (36 38) (17 22) (17 19 20 24) (18 24) (45) 
(48) (20 34) (35 41 44) (32 46) (51) (17 25) (14 20) (19 26 43) (11 29) (22 29 42) 
(50) (12 17 57) (28 42 50) (16 19 32) (26 33 63) (46 49 65) (14 15) (63) (22 28) (30) 
(14 52) (35 58 60 63) (51) NIL (49) (7) (47) (18 35 54 62) (40 43 68) (37 66 67) 
(7 44 69 75) (37 44) (32 81) (29 34 50 51 53) (43 54 65 71) (22 36 44 64 70 73) (43 84) (26 48) (57 86) (46 59 68) 
(48 82) (29) (69 79) (89) (33 83) (22 38 59 76) (31 57 88) (12 83) (88) (22) 
(78 92) (72) (24 34 39) (46) (42) (52 57) (68 70 74 104) (82 90 97 102) (101) NIL 
(65 71 98) (56 62 66 99) (54 103 107) (58 79 85) (27 60) NIL (66 88) (62 93 108) (30 43) (49 71 91 101 118) 
(59 61 97 105) (65) (37 83 121) NIL (101) (33 61 84) (93 121) (79) (12 30 123) (93 106) 
(64 98 119 120) (22 119) (63 123) (82 110 123 132) (56 105) (113) (78 81 82) (12 47 100 102) (135) (39 85 86 129) 
(51 104) (56 114) (140) (65 124 134 139) (101) (51 70 71 72 93 115) (113 137) (46 119) (114) (67 117) 
(29 50 74 99) (66) (71 76 93 124 135 150) (85 130) (108 141) (67 92 124 132 154) (30 55) (63) NIL (92 141 149) 
(64 126 145 146) (111 117) (77 133) (62 122 146) (33 53 132) (52 75) (130 146 166) (139) (30 54 141) (61 106 151) 
(40) (18 89 159) (61 99) (76 95 143) (43) (79) (60 104 171) (81) (155 165 174) (98 141) 
(74 114 173 175) (77) (122) (107 110) (123 161 162) (98 128 178) (125 157) (75 108 112 153 164) (22 39) (111 118 146 174) 
(94 139 140 153 178) (155) (122) (75 126 175) (72 134) (13 77 104) (24) (140 154 181) (44 51) (129 133 156) 
(69 155 172) (130 138 146) (73 82 97 126 153 166) (112) (49 128 169) (147 182) (56 98 167) (55 73 164) (154 177 179) (39) 
(166) (161) (30 110 186) (108 138 144) (139 174) (62 65 115 180) (33 75 108 125 210) (84 211) (69 105 106 194) (52 82 169) 
(74 110 117 128 177) (33) (62 127 200) (55 74) (131) (103 213) (126 142 216) (16 55 106) (107) (120 162 208) 
(86 119 224) (47 151) (26 46 93) (214 217) (230) (29) (153 154 174) (116 125) (185) (120) 
(47 136) (119) (87 123 241 242) (201 206 222) (39 161 171 182 224) (93 115) (55 184) (53 66 208) (173 187 225 248) (86 156) )