(NIL (1) (2) (3) (4) (1) (4 6) (1) (7 8) (4) 
(5 9 10) (9) (4 6) (7 8) (10 12) (15) (15) (10) (10 12) (14 18 19) 
(20) (7 18) (21) NIL (13 16 21) (11 23) (16 17) (11) (23 24 25) (20) 
(19) (27) (26) (13) (22 34) (14) (31 32 35) (21) (36) (18) 
(16 20) (29) (22 29) (30 36) (39) (25 30 40) (26 27 35 46) (45 47) (33) (29 39 40 49) 
(8 13) (17) (13 24 31) (43) (22 38) (1) (39) (27 34) (27) (49 56) 
(37 46 56 59) (11 19 40) (44) (57 58) (13 18) (48 61) (58) (36) (12 39) (20 64 67) 
(58) (26 42 59) (23 41 51) (4) (36 49 51) (42 63) (32 34 44) (41 69) (49 57) (20 64) 
(60 67 78) (49) (64) (65 81) (52) (23 30) (44 48) (48) (29 48) (38 45 50 67 76) 
(2 56) (74 84) (25 62 75) (19) (42 61) (37 60 71 88 90) (30 54 59 62 83 85) (49 89) (65 97) (52 64 88) 
(61 69 97) (42 84 101) (68 70) (43 49 56 86) (98) (61 78) (46 92) (72 83 91) (52 88) (93 102) 
(66) (42) (53 100) (99 102) (32 55 60 67 71) (44 58 74) (66 105) (50 75) (113) (5 25) 
(19) (43 72 90) (35 85) (78) (42 66) (29) (31 79 84) (125) (11 73 74 106) (77 106) 
(41 86) (51 97 113) (54 83) (23 70 130) (27) (84 90) (63 104 111 125) (41) (128) NIL 
(56 73 78) NIL (82) (119) (113) (76 81 105) (122) (61 73 86) (109 128) (72 79 96) 
(83 85) (38 52 106) (71 73 91 106) (124) (50 125) (30 85 127) NIL (51 92 100) (83 128) NIL 
(155) (161) (30 135) (16 30 52) (93) (102) (41 120 140 162) (33 61 76) (150 165) NIL 
(71 81 149 163) (5 163) (78 97 111 120 147) (92 163) (125 169) NIL (46) (156) (143) (46 58 172) 
(115 149 173) (62 108 133 180) (87 117 119) (22 27 44 138) (38 112) (110) (61) (109 130 174) (43 89 158) (70 99 147) 
(83 147) (53 85 89 122) (61 63 121) (180) (146) (131 146 180 181) (55 137) (122) (162 187) (136 181) 
(50 149) (173 175) (82 169) (67 68 193) (66 190) NIL (69 132) (41 51 205) (98 118) (150 176 188) 
(63 71 182) (150 166 181) (99) (71 116) (102 109 202) (35 182) (89 152) (56 109) (53 210 218) (139 151) 
(55 109 175 183) (138 168 200) (71 144 145 195) (24 127) (221) (28 61) (82) (106) (140 203) (31 32 46 80 190) 
(198) NIL (46) (118 192) (83 141 172 185 204) (126 130 186 223) (114 141 152) (45) (32 103 119) NIL 
(157 194 225) (103 198) (28 104 237) (139 146 150) (227 237) (131 178) (127) (153 237) (55 160 215) (107 115 118 127 221) )