(NIL (1) (2) (1) (4) (5) (6) (2 4) (3 8) (7) 
(5) (10) (12) (4) (13) (9) (12) (15) (3) (15 17 19) 
(14 16) (14 20) (9 17) (20) (23 24) (15 16) (8 22) (20) (16) (14 26) 
(25 28) (30) (24 27) (22 31) (33) (26 29) (17) (16 25 33) (15) (16 25 37) 
(19 23) (21 32) (27) (11 16 28 41) (40 42) (34) (42 44) (35) (44 46) (33 45) 
(18 49) (28 33) (37 51) (25) (24) (45 55) (26 41 46) (22 29 31 44) (14 23 26) (53 56) 
(18 28 32) NIL (4) (50 51) NIL (31 56) (20 42 63) (25) (47 61) (21 28 54) 
(25 28 36 62) (51) (34) (59 69) (71) (34 58 75) (66) (58) (34) (73) 
(11 50 55 62) (71) (31) (33 42) (67 78 81) (49) (55 73) (24 67) (58 84) (23 61) 
(45 46 69) NIL (32 38 39) (43 75) (50 76) (76) (33) (46 63 71) (76 82 93) (37 59) 
(77) (27 62 80 86) (93) (81 83 84 87 88 99) NIL (52 54 90 102) (59) (49 81 92) (6) (56) 
(78) (48 69 76 90) (69 82) (79) (12) (38 78) (95) (74 108) (37 46) (32) 
(46 56 62) (88 100) (18 21 78 97) (22 71) (53) (96 123) (43 108) (5) (59 69) (121) 
(50 116) (106) (63 128 131) (61 73 124) (53) (39 81 91 97) (104 135) (89 114 137) (84 97 98 119 121) (60 117) 
(69 134) (47 48 73 94) NIL (63 103 109) (28) (92 141) (65 67 77 84 109) (96 108 141) (27 59 101) (86 140) 
(90 104) (44 84 124) (39 70 79 121 131 141) (107 112 113) (107 116 121 149) (94 143) (140) (39 89 105) (51 56 61 79 83 143) (48 63 90) 
(77 97 113) (80 131) (70 113 122 130 140) (47) (32 65 82 116) (137 139) (166) (40 86) (157) (95 153) 
(54) (95 102 110 118) (121) (33) (123 158) (54 67 74 96 105 156) (131) (66 103 167) (38 68 80 112) (96) 
(86) (58 146 152) (81 161) (74 134 164) (67 159) (43 183) (128 129 169 175) (53 107 149) (89 123 188) (22) 
(59) (64 148 182 185) (86 94 99 103) (103 175 183) (49 101) (59 80 95 96 113 127 173) (89) (105 168 190 197) (46 190) (77 87 187) 
(65 179 190) (128 193) (35 37 41) (122 145 151 156 181 199) (102 111 125 127) (46 112 176) (167 187) (91 117 180) (96 137 170 173 205) (84 103 108) 
(66 82 88 170 197 199) (60 122 158 209) (82 110 116 182) (66 157 184) (136 159 167 172) (82 119 156) (23 174) (65 110 137 157 171 198) (61 193) (95) 
(97) NIL (43 140 151) (136 177) (163) (107 117 132 171) (165 187 218 221) (79 98 164 175 213) (115 142 219) (204) 
(57 199) (110) (84 94) NIL (127 178 200 208 222) (79 131 226) (116) (150 164 226) (85 90 99 130 141 175) (75 88 194 224) 
(52 72 129 154) (18 111) (145 196 200) (52 231) (192 196 227) (78) (212 244) (153 201) (148) (197 225) )