(NIL (1) (2) (1) (3 4) (5) (6) (5) NIL (2 9) 
(7 8 9) (6 9) (5 10) (11) (2) (13) (13 15) (10) (6 9) (16 17) 
(17) (7 12 20) NIL (7 17) (7 13 19) (14 23) (2) (5 23 27) (20 27) (11 15 18 25) 
(3 9) (23) (14 27) (33) (11 22) (18 21) (26 32) (15 37) (20 34 38) (37) 
(18 25 28 35) (12 34) (12) (21 31 40 41) (15 25 42) (42) (45 46) (33 41) (41) (38 47) 
(38 49) (14) (18 50) (21 35 43 53) (21 25 43) (36 40 43 47) (32 55) (44) (33 49) (41) 
(13 32) (37 48) (26) (48 60) (46 59) (24 50) (51) (51 54) (4 9) (37 42 49 52 64) 
NIL (39) NIL (37 49) (6 10 71) (17 37) (39 64) (41 57) (30 58) (44 47 57) 
(57 59 60 73) (24 41) (62 73) (49 61 62) (43 60 72 75) (6) (56 60) (44 64) (10) (46) 
(14) (69 84) NIL (40 51 59) (39 65 74 79) (39 43 44 53) NIL (18 24) (40 70 81 82) NIL 
(88) (63 64 94) (53 99) (53) (51 55) (67 90) (4) (71 84 103) (74 93 96) (23) 
(44) (31 86 87) (58 63 71 77 86 107) (67 79 89 107) (36 62 103) (52 66 86 88) (66 99) (19 86) (68) (60 106) 
(72) (85 106 118) (100 117) (24 36 42 72) (70 80) NIL (68) (57 61 70) (84 93 112 117) (128) 
(19 33) (46 75) (34) (67 103 104) (75) (80 101) (89) (61 95) (31 100) (114 123) 
(140) (91 93 103) (56 62 104 127) (85 94 98) (69 70 86) (77 90) (43) (116 130) (120 131) (52) 
(30) (108 149) (85 112 121) (86 109) (65 115 141) (99 136) (29 98 111 120) (33 110) (90 98) (94) 
(112 139) (53 77 83 124) (106 145 148) (58 76 116) (95 159) (91) NIL (135) (29 87 96 134 163) (142 147) 
(112 151) (72 75 156 160) (35) (48 173) (103 117) (148) (30 51 91) (111 117) (49 113) (61 74 119) 
(68 81 93 120) (132 148) (94 139) (42 102 131 150) (122 138 143 148 164) (61 122 167) (95 107 125) (102) (45 51 91 98) (174) 
(106 131 142) (42 58 131) (109 133) (98 132 170 190) (26) (88 133) (89 96 116 159) (113) (106 178) (142 150) 
(95 198) (39 87 115) (44 69) (82 113 163) (189) (65 79 113 148) (111) NIL (113 125 154 155 186) (102) 
(13) (94 113 159 185 205) (97 98 150 156) (152 164) (94 128 213) (28 91 126) (63 165) (85) (81 153 161) (92) 
(54 77 160) (209) (127 164 182 192) (101 179) (55 74) (105 218) (80 158) (92 106 201) (86 203) (3) 
(36 72 207 221) (108 115) (173 188 204) (30 34 94) (101) (122 126 224) (178 233) (108 143 194) (141 156 166 181 195) (95 154 169 184) 
(77 84 115 181 182 184) (83 153 165 221 237) (94) (156 196) (50 192 201) (80 220) (139) (236) (77 119 124 235) (56 199 222) )