(NIL NIL (2) (3) (4) (4 1) (6) (7) (7) (9 8) (10) (11) (12 5) (13) (14) (15)
 (15) (17) (18) (19) (20) (19 16) (21 22) (21 22) (23 24) (25) (26) (27) (26)
 (27 29) (28 30) (31) (32) (33) (34) (35) (34) (34) (35) (39 37 38) (36 40)
 (41) (42) (42) (43 44) (42) (46) (45 47) (48) (45 47) (50 48) (51) (49 52)
 (49 52) (53 54) (55) (56) (57) (58) (59) (59) (61) (60 62) (63) (64) (65) (64)
 (66 67) (68) (69) (70) (70) (72) (69) (74 71 72) (73 75) (73 75) (76 77) (78)
 (73 75) (76 80) (81) (82 78) (81 78) (83 84 79) (85) (86) (87) (88) (87) (87)
 (81 79) (89 91 92) (90 93) (94) (95) (96) (97) (98) (98) (96) (97 101)
 (99 100 102) (99 100 102) (104) (105 103) (106) (107) (100 101) (107 109)
 (110) (107 109) (112) (113 108 110) (114) (115 111) (116) (117) (118) (119)
 (120) (121) (122) (123) (124) (124) (126) (125 127) (128) (129) (129) (126)
 (130 131 132) (132 128) (131 134) (133 135) (130 134) (137 133 135) (138)
 (138) (139 140 136) (141) (142) (141) (144) (145 143) (144) (147 143)
 (145 148) (148) (146 150) (148) (149 152) (153 150) (153 146) (155)
 (154 156 151) (157) (158) (158) (159 160) (160) (162 159) (163) (161 164)
 (164) (165 166) (167) (164) (169 168) (170) (170) (172) (171 173) (174) (173)
 (171 176) (175 176) (177 178) (179) (179) (180 181) (182) (183) (184) (182)
 (185 186) (186 184) (187 188) (189) (190) (189) (190 192) (193 191) (194)
 (195) (193 191) (195 197) (194 197) (198 199) (196 200) (201) (202) (202)
 (204) (203 205) (206) (207) (207) (206) (210 208) (211) (212) (209 213) (211)
 (209 212 215) (213 216) (209 213 215) (218 216) (217 219) (220) (221 214)
 (217 219) (222 223) (224) (224) (226) (225 227) (228) (229) (230) (230)
 (231 232) (231 232) (229) (235 231 232) (235 232) (233 237) (234 238) (239)
 (236 240) (234 236 238) (242 239) (241 243) (234 236 237) (244 245) (246)
 (247) (248) (246) (249 250) (251) (252) (252) (254) (253 254) (255 256)
 (255 256) (257 258) (259) (260) (258) (261 262) (263) (259 262) (265 263)
 (266 264) (267) (268) (269) (270) (270) (272) (271 272) (274) (273 275)
 (273 275) (277) (278) (273 274) (276 278 280) (281 279) (281) (283) (282 284)
 (284) (285 286) (287) (288) (289) (287) (290 291) (291 288) (290 291)
 (292 293 294) (295) (296) (297) (298) (299))