(NIL NIL (2) (3 1) NIL (5 3) (5 2 1) (6 4 7) (7) (9) (6 7) (10 11 8) (12) (13)
 (14) (15) (16) (16) (17 18) (14) (17 18 20) (21) (21) (19 22 23) (24) (25)
 (26) (19 22 23) (26 28) (27 29) (30) (30) (31 32) (29) (33 34) (33 34)
 (34 31 32) (33 37) (36 38) (37) (36 38 40) (41) (42) (35 43 39) (35 43)
 (44 45) (46) (46) (48) (49 47) (50) (51) (51) (53) (54) (55) (52 54) (57 55)
 (57 56) (58) (60 59) (60 59) (62) (61 63) (63) (61 63) (65 66 64) (67) (67)
 (68 69) (70) (71) (71) (73 72) (74) (75) (74) (77) (78) (79) (75 80) (81) (82)
 (83) (82) (83 85) (86) (76 87) (84 88) (89) (88) (91) (92 84) (90 93) (94)
 (95) (95) (97 96) (98) (99) (99) (98) (101 102) (100 101 102) (103 104) (105)
 (101 102) (105 107) (108) (109) (106 110) (111) (111) (113 112) (114) (115)
 (116) (114) (115 118) (116 118) (117 119 120) (121) (121) (122 123) (124)
 (125) (126) (126) (128) (123) (129 130) (131) (131) (133 127) (132 134)
 (132 134) (136) (137 135) (137) (139) (140 135) (138 140) (138 140) (143)
 (142 144) (145 141) (146) (147) (148) (149) (150) (141 142 144) (149 152)
 (153 151) (154) (154) (156) (155 157) (158) (159) (155 156) (161 160) (162)
 (162) (164) (164) (165 166) (167) (163 167) (169) (169) (170 171 168)
 (169 168) (170 171 173) (174) (172 174) (176) (177 175) (177) (179 175) (180)
 (181) (178 180) (181 183) (182 184) (185) (186) (184) (187 188) (189) (190)
 (191) (192) (192) (194) (190) (193 194 196) (195 197) (197) (195 197)
 (198 200) (198 199 200) (201 202) (202) (201 204) (203 204) (205 206) (207)
 (208) (209) (210) (211) (211) (213) (213) (214 215) (216) (212 214 215)
 (217 218) (218 216) (220) (217 221) (222) (223) (219 224) (225) (219 220)
 (225 227) (226 228) (229) (227 224) (229 231) (232) (229 231) (234)
 (233 234 230) (235 236) (237) (238) (239) (240) (241) (242) (243) (244) (244)
 (245 246) (247) (248) (247) (250) (250) (249 252) (249 251 252) (253 254)
 (249 251 252) (253 254 256) (254 256) (255 256) (259) (258 260) (257 261)
 (260) (262 263) (264) (265) (266) (267) (268) (268) (270) (269 270) (271 272)
 (273) (274) (274) (275 276) (277) (275 276) (277 279) (280) (278 280) (282)
 (282) (281 283 284) (281 284) (282) (285 286 287) (285 286 287) (289) (290)
 (290 288) (289) (291 292 293) (293 288) (295) (294 296) (297) (297) (299))