(NIL (1) (1) (2) (4 3) (5) (6) (7) (8) (5) (9 10) (11) (11) (12 13) (14) (15)
 (16) (16) (17 18) (19) (20) (21) (16) (22 23) (22 23) (25) (26) (27 24)
 (26 24) (29) (28 30) (31) (32) (33) (34) (35) (31) (36 37) (36 37) (39)
 (35 37) (41 38 39) (38 40) (43 42) (44) (45) (46) (47) (44) (49 47) (50) (51)
 (52 48) (53) (54) (54) (51 48) (57 56) (58) (59) (60 55) (61) (62) (63) (62)
 (65 64) (65 63) (66 67) (66) (69 67) (69 67) (70 71) (70 71) (73 68 72) (74)
 (75) (75) (77) (76 78) (79) (76 77) (81 80) (82) (82) (84) (85) (86) (83 87)
 (88) (89) (90) (91) (92) (93) (94) (95) (96) (97) (96) (99) (98 100) (101)
 (100) (102 103) (104) (105) (106) (104) (105 108) (108) (107 109 110)
 (106 110) (111 112) (112) (114 109) (115 111) (113 116) (114 111) (116 118)
 (117 119) (120) (121) (122) (123) (124) (120) (122 126) (125 127) (128) (128)
 (130) (131) (132) (129 133) (134) (135) (136) (134) (138 135) (139) (137 140)
 (141) (141) (143) (143) (145 144) (146) (147 142) (148) (147) (148 150)
 (149 151) (152) (147 142) (154 149 151) (153 155) (156) (157) (158) (159)
 (160) (160) (161 162) (162) (163 164) (165) (166) (167) (168) (160) (169 170)
 (170 168) (171 172) (173) (174) (175) (174) (177) (178) (178 175) (180 176)
 (181) (179 180 176) (182 183) (184) (185) (185) (187) (186 187) (188 189)
 (190) (190) (192) (193 191) (193) (195) (196 191) (196) (197 198)
 (194 197 198) (194 198) (201 199 200) (202) (203) (204) (203) (201 199 200)
 (205 206 207) (208) (209) (210) (210) (211 212) (213) (214) (215) (216) (217)
 (218) (218) (218) (219 221) (222) (223) (220 224) (225) (226) (227) (228)
 (220 224) (222) (229 230 231) (232) (233) (229 231) (235 230) (234 236)
 (236 232) (233 238) (237 238) (240) (241) (242 239) (243) (242 239) (245)
 (244 246) (245) (247 248) (249) (250) (251) (252) (250) (252 254) (253 255)
 (256) (253 254) (258 255) (259) (257 260) (261) (262) (262) (262) (261) (266)
 (265 267 263 264) (268) (269) (270) (271) (272) (272) (274) (269) (276 272)
 (277) (274 278) (273 275 279) (280) (280) (281 282) (283) (284) (284)
 (285 286) (287) (288) (288) (290) (289 291) (289 290) (291 293) (294) (295)
 (292 296) (295) (298 296) (297 299))