(NIL NIL (2) (3 1) (2) (3 5 1) (4 6) (7) (7) (9) (10) (11 8) (12) (12) (14)
 (13 15) (16) (17) (18) (19) (20) (21) (21) (22 23) (24) (24) (25 26) (27) (28)
 (29) (30) (31) (29) (33 32) (34) (35) (35) (34) (36 38) (36 37 38) (39 40)
 (41) (42) (43) (44) (45) (45) (46 47) (48) (49) (50) (51) (52) (52) (54)
 (53 55) (56) (56) (57 58) (57 58) (59 60) (59 60) (61 62) (61 62) (64) (65 63)
 (66) (67) (68) (69) (70) (71) (72) (73) (73) (75) (76) (74 77) (78) (74 76)
 (77 80) (81 79) (81 78) (82 83) (84) (84) (86) (87) (87) (89 85 88) (90) (91)
 (92) (93) (94) (92) (94 96) (97) (98 95) (99) (100) (95 96) (100 102) (103)
 (104) (105) (106) (107 101) (107) (108 109) (110) (111) (111) (113 112) (114)
 (110) (114 116) (114 116) (115 117 118) (119) (120) (121) (121) (122 123)
 (122 123) (121) (121) (122 127) (125 127) (129 124) (129) (131) (132 126)
 (124 132 126) (134 128) (130 135) (133 136) (137) (138) (139) (139) (140 141)
 (139) (143) (140 144) (140 141 144) (145 146) (147) (148) (149) (149 142)
 (150 151) (150 151) (153 152) (154) (151) (153 156 152) (157) (158) (155 159)
 (160) (161) (161) (163) (160) (161 165) (162 164 166) (167) (161 165) (169)
 (162 164 166 170) (171 168) (172) (171 167) (172 174) (174) (173 176)
 (173 175 176) (178) (179) (177 180) (181) (182) (182) (183 184) (185) (186)
 (183 184) (187 188) (189) (190) (190) (192) (193) (194) (195 191) (196) (197)
 (197) (199) (200) (198 200) (202) (201 198) (204 203) (205) (206) (206)
 (207 208) (209) (207 208) (210 211) (212) (213) (213) (215) (214 215) (217)
 (218 216) (218 216) (220) (221) (219 222) (219 222) (224) (225 223) (226)
 (227) (226) (228 229) (230) (231) (232) (233) (233) (234 235) (233) (237)
 (234 235 238) (239) (240) (241) (242) (243 236) (242) (236 245) (244 245)
 (246 247) (247) (249) (250 248) (250 246) (252 248) (253) (251 254) (255)
 (256) (255) (258 256) (257 259) (260) (261) (262) (263) (263) (265 264) (266)
 (266) (267 268) (268) (268) (267 270 271) (269 272) (263) (274 269 270)
 (273 275) (276) (277) (278) (278) (280) (278) (282) (281 283 279)
 (283 279 280) (281 285) (281 285) (283 279 280) (287 288) (289) (284 287 288)
 (290 291 286) (292) (293) (293) (292) (294 296) (297) (297 295) (299))