(NIL (1) (2) (3) (4) (2) (5 6) (7) (8) (3) 
(7 10) (9) (3) (7) (8 10) (9 11) (8 10 13) (4 10) (9 11) (14 19) 
(10) (15 16) (17 18 22) (21 23) (12) (9) (12 20 22) (17 21 25) (12 17 20) (16 25 29) 
(23 28 29) (16) (5) (6) (32) (19 26 32) (26 31) (13) (8 14 33) (10 25) 
(24 39) (24 34) (37 41) NIL (19) (41) (25 26 38) (27 36 43) (37 39 42 44) (31 36) 
(20 25) (48) NIL (17) (24 30 31 38 45 54) (12 15 20 53) (32 51 55) (30 37 54) (34 41 54) (15) 
(44 47 59) (13 16) NIL (52 61) (52) (58 64) (18 56) (37) (12 13 32 63) (15 19 62) 
(48 62) (35 66 70) (70) (25 27) (30 45 48 51 61) (30) (26 46 60) (36 43) (28 45 77) (70 78) 
(43) (31 61 79) (66) (52 58) (82) (44 77) (3 63) (14 17) (41 87) (58) 
(57 81) (49 52 71) NIL (58 80) (26) (62 64) (76) (55 60 78) NIL NIL 
(42) (77 90) (43 56) (31 45 86) (56 78) (51 84) (92 99) (52) NIL NIL 
(98) (61 101) (68) (62 64) (55 102) (64 78) (47 63 104 108) (54 71) (30 44 77 101) (28 42) 
(49 50 83 108) (102 106 112) (52 82 118) (35 40 55 77 88 99) (96) (40 83) (91) (60 66) NIL (57 65 66 106) 
(34 87 99 117 127) (109 123) (52 61 77 105) (72 131) (32 49) (23 56 62) (55 81 95 110 117) (76 121) (91 136) (33) 
(115) (111) (27 101 111) (42 106) (14 36) (48 54 79 95) (36) (117) (51 55 88 96) (55 128 132) 
(85 98 105 114) (69 126) (117 118 146) (92) (78 96 104 150) (86 103 123) (69 95 105 155) (59 73 79) (68 82) (99) 
(148 150) (40 95 102 116) (79) (92) (125 158) (38 135) (101 107) (22 54 70) (101 130) (59 167) 
(155 164) (117 128) (73 82 114 126 136) (133 134 148) (58) (22) (98 174) (46 126 169) NIL (123 130) 
(101 138 140 154 162) (112) (58 87) (59 68 106 120 166) (108 111 127 163) (40 117 123 138) (89) (145 151 152 181) (50 77) (96 100 166) 
(51 135 161) (137 154) (94 123 134 152 185) (82 113 154 163) (108 141 160 182 190) (100 166 171) (136) (56 101 134 176) (187) (81 113 130 183) 
(50 56 72 142 184) (197) (192) NIL (174 188) (156 166 194) (143 158) (142) (55 72 102 133 154) (94 157 164 186 195) 
(89 195 201) NIL (27 70 109) (101 111 183) (69 93 95 213) (53 203 204) (111) (136 183 195 199) NIL (117) 
NIL (71 160 213) (50 81 94 202) (40 94 151 156 185) (199) (177) (159) (57 62) (150 188) NIL 
(196) (188) (73 123) (27 42) (51 95 168 195 217) (193) (121 122 204) (150 173 202 227 236) (110) (151 169) 
(103 143 170) (73 136 169) (224 228) (227 235) (227) (200 205) (246) (35 114 183) (159 196 240) (67 146 156 218) 
(157 235) (143 197 221 247) (83 214) (63 92 108 129 197) (119 212) (108 166 173 223) (148 181 189) (35 212) (5) (46 65 99 143 219 221 230) 
(45 67 80) (91 147 222) (32 212) (162) (128 151 186 261) (217 222 233) (106 146 231 244) (197 198 216 221) (192) (85 114 128) 
(121) (238) (56 215 231) (86 109 142) (92 129) (74) (164) (96 197 230 257 262) (68 128) NIL 
(106 161 233) (141) (213 250) (246 254) (78 159 220) (61 239) (17) (76 114) (44) NIL 
(100 198 272) (125 210) (277) (114 147 168 183 255) (167 183 206 269) (190 225 254) (17 51) (101 145 221 262) (58) (34 78 87 153) )