(NIL (1) (2) (2) NIL (4) (2) (3 6 7) NIL (3 4 7) 
(3 4) (8 11) (9 10) (8 9) (6 11) (8 13) (5 6) (13) (11) (6 9 10) 
(9 10) (14 16 21) (22) (5 12 22) (8 15 18) (13) (22 26) (8 15 17 20 21) (11) (10 12 17 29) 
(21 30) NIL (25) (18 24) (15 16) (15 24) (11 14) (23 36) (22 26) (29 36) 
(38) (28) (34 36 37) (38 43) (34 37) (19 20 27 31 43) (27 34 42) (44) (12 39) (47) 
(39) (18 26 35 36) (33 36) (11) (44 45) (27) (46) (29 32 36) (19 29 42) (33 52) 
(44 51 56) (60) (28 39) (28) (11) (26) (19 42) (36 65) (42) (48 54 55 59) 
(24) (46) (34 53) (27 51) (36 65) (28) (58 63 74) (6 26) (52 68 71 72) (26 42) 
NIL (19 23) (22 42) (20 32) (27 29) (23 57) (86) (46) (31 53 81 82) (49 50) 
(55 67 69) (52 74 84 88 91) (16 19 69) (29 67 75) (79) (32 75 87 93) (36 65) (68) (33) (51 67 85) 
(59 75 78 93 100) (91) (90) NIL (31 58 94) (32 64 85 98) (31 93) (16 21 32 78) (54 66 102) (2 104) 
(35 84) (34 39) (79 86) (15 27) (23 76) (66 84 112 113) (46 80 105 112) (69 108) (23 46 62 74) (107 112) 
(30 35 110) (45) (27 42 89 115) (99) (23 57 58) (45 116 118) (30 34 52 71) (51 55 111 116 125) (50 66 94) (38 60 126) 
NIL (40 41 51) (78 84) NIL (112) (61 66 117 135) (38 96 103 126) (45 93 111 123) NIL (105 137) 
NIL (74 91 126 136) (78 106 114) (50 115 136) (40 83 120 124 130) (29 62) (34) (97) (79 90 96 111 133) (26) 
(39 47 70 99) (49 53 74 105) (63 71 87 125) (69 132) (91) NIL (62 70) (84 105 119) (59 91 127) (53 101 133) 
(146 147) (117) (83 99 112) (123 159) (97 111 137) (67 165) (80) (107) (56 70 133 145 150) (29) 
(154) (25 125) (73 76 82 106) (78 125 135 162) (126) (40 115 147) (58 66 120 131) (48 88 95 108) NIL (119 140) 
(79 90 179) NIL (89 94 157) (56 76 166) (87 104) (72 144) (2) (110 164 167 180) (58 89 98 108 182) (127) 
(126 138 159 161) (93 109 142 146) (70 84 123 173 189) (132 163 192) (56 103 134) NIL (173 182) (189) (38 96 115) (44 73 161 174) 
(132 155 174 197) (88 90 153 193) (38 77 96 112) (128 191) (122 125) (116 139 171 173) (187 195) (83) (109 141 183) (58 63 67 132 138 157) 
(155 175) (41) (63 66 97 139 208) (33 55 127) (66 162) (50 56 62 178 199) (159) (80 107 127) (144) (146) 
(109 170) (188) (86 119 170 173) (48 158 164 200 204) (96 104 106 162 186 217) (23 40) (224) (40 123 134) (26 44) (114 123 178 221) 
(136) (62 138) (137 138) (231) (1) (102 114 123 126 153) (74 127 198) (81 85 122 134 156 168) (144) (180) 
(119 145) (53 184) (63 188) (2) (145 189) (147 210) (97 125 133) (109 111 142) (78 146) (93 119 125 226) 
(143 177) (159) (106 245) (16 20) (31 127 150 151 170) (74 100 128 197) (75 90 179) (160 187) NIL (94) 
(131 211) (49 234) (118 149 183) (221 250) (83 180) (167) (84 99 257) (94 96 116) (147 166 247) (213 224) 
(112) (169 208) (246) (72) (90 225 273) (55 165 177) (163 183) (73 102 131) (132 208) (201 215 221 259) 
(128 176 205 266 280) NIL (188) NIL (116) (62 133 185 193) (56 158 228) (108 153) (49 246) (89 91) 
(189 204 260 264) (231) (142 288 291) (53 194 229) (61 85 141 171) (237) (139 263) (289) (108 200) (71 172) )