(NIL (1) (2) (3) (4) (5) (3) (3) (5) (6 7 8) 
(9) (6) (7 11) (4) (6 13) (12 15) (8 15) (14 17) (15) (14 17) 
(12 18 19) (12 13) (22) (10 14 15 22) (16 20) (18 19) (21) (22 25) (28) (23) 
(17 19 24) (16 21 30) (25 27) (26 28) NIL (8 11) (33) (4 35) (26 36) (30 37) 
(32 34 39) (40) (16 18 20 23) NIL (34 37 38) (40) (39) (26 40) (17 19 44) (40 44 47) 
(34 39 43) (49) (18 25 31) (31 32 36 48) (9 44) (29 47) (19 25) (16) (32 46 50) (50 58) 
(35 59) (18 28 30) (9) (31 45) (17 24) (21 35 39 49) (8 12) NIL (37 51) (43 55) 
(34 48 50 68) (56 59) (10 50 55 62) (57 71) NIL (42 73) (13) (44) (60 64) NIL 
(65 80) (79) (48 53) (19 62 80) (37) (42 84) (16 17 67) (31 43 48 62) (25 39) (56 61) 
(76 80) (34 39 42 77) (31 59) (48 70) (82) (46 50 64 65) (35 73 92) (74 94) (41 91 94) (54 71 97) 
(41 61 89 98) (63 80 85 90 95 100) (32 98) (58 89) (82 93) (65 83 101) (59 83 84 87) (35 37) (28 104) (53 61 66 85 98) 
(46) (73 94) (63 93) (22) (45 56 68) (10 85) (61) (72 101 108) (24 34 89) (57 71) 
(115) (55 116) (3) (27 81) (68 92 99 119) (51 72) (72) (70 97 105) (97) (71) 
(61) (37 43 104) (82 91 97 103) (45 72) (98) (67 83 96 120) (25) (72 101 107) (54 65 79 107 120) (103 106) 
(2 78) (12 52) (48) (74 111 126) (63 133) (110 137 138 142) (40 44) (86 100 137) (9) (52) 
(103 136) (46 77 84) (106 128 136) (46) (24 77 80 87 131) (80 113 153) (51 87 98 136) (100) (40) (51 85 158) 
(62 154 155) (79) (106) (80 143) (133) NIL NIL (107 162) (63 79 132 166) (78) 
(69 99 103 134 144) (38 98 161) (82) (57 123 148) (107 134 140 148) (121) (138 145) (54) (41 89 133) (86) 
(119 163) (102 149) (123 153 163) (133 138 153) (129 149) (148) (75) (67 152 178) (49 56 58 62 65 149) (163) 
(74 81 173 189) (65 144) (54) NIL (161) (76) (86 151) (127 197) (130 141) (96 114 155) 
(67) (46 86) (84) (58 130) (114 153) (108) (83 196) (42 105 201) (100 105 176) (165 178) 
(158 209) (209) (84 129) (66 72 92 103 178) NIL (64 99 119) (112 139 151 212) (93 104 110 155) NIL (217) 
(85 183 198) (98) (132 135) (107 149 193) (120 134 146) (46 48 115 196) (113 123 124 148) NIL (98 139) (98 167) 
(217) (64) (125) (38 146 148) (105 215) (51 133) (102 116 177) (44 154) (35 36) (103 141 206 211) 
(119 191 215) (51 87 135 164 188 207 232) (63 128) (155 235) (88 111) (161 184) (43 154) (132) (3) (49 81 151 245) 
(181 201) (222) (87 174 243 249 251) (116 170 253) (148) (230 234) (73 151 199 219) (141 191 198) (154 229) (224) 
(106 111 164 188 198 227) (210) (152 175 181) (34 36 123 147) (225) (141 156) (136 245) (104 180) (139) (135) 
(220) (90 162 210) (191 199 217 229) (126 191 244) (127 192 194) (17) (122 149 156) (166 172 243 246) (68 113 216) (277) 
(108) (137 258) (195 213 236 256) (211 221) (143 162) (215 252) (178) (144 261 264) (245 277) (138 140 248 267) 
(218) (102 118 204 225 244) (82 187 234) (134 177) (44) (156 170 181) (64 163 249) (156 182 231) (242) (81 99 167 284 292) )