(NIL (1) (2) (3) (4) (3) (6) (7) (6) (8) 
(2) (4 7 11) (9 11) (4 10) (13 14) (5 15) (15) (9 10 11) NIL (5 15 19) 
(12 15) (7) (17) (8 9 11) (18) (4 18) (20 24) (12 24 25) (12 20) (15) 
(26) (28) (23 24 31) (13 19) (21) (15) (25) (22 27 32) (14) (3) 
(25 33 36) (21 30 33 40) (7) (43) (12 43) (24) (19 24 36 37 40) (12) (27 47) (48) 
(2) (26) (26 38) (34 35 36 37 40 53) (16 22) (23 36 48) (33 47) (14 43) (5 43 50) (34) 
(34 44 55) (23 30 31 39 46 52) (21 57) NIL (29 31) (28 61 62) (46 57) (34 39) (59) (15) 
(15 24) (5 68) (32 62 70) (21 32) (21 23) (40 65) (29 37 51 56 73) (35) (5 71) (54 66 73) 
(41 78) (16 30 59) (21 25 30) (33) (32 41 57) (20 21 72) (27) (29) (5 63) (44 49 57 83) 
(20 64 72 81) (24 45) (33) (59) (91) (12) (44 85) (23 94) (58 80) (64 97) 
(30 35) (95) (55 78) (51 54 93) (77) (48 64 101) (50 65 66) (102) (59 85) (43 85) 
(53 71) (54 100) (99) (27 46 96 103) (91) (40 41 60 111) (77 100 109) (41 103) (34 89) (58 82 105) 
(16) (46 49) (107) (48 58 81) NIL (5) (67 79) (53 78 83 84 89) (17 30 50 70) (36 66 98) 
(21 44 67 120) (39 81 121) (61) (31) (69 95 100 134) (105 115) (106 127) (73 128 134) (75 87 96 136) (99) 
(87 102) (62 63 68) (41 107 137) (90 112) (68 74 100 137 138) (20 44) (35 44 57) (60 112) (80 97 129) (53 65 132) 
(100 102) (105) (88) (100 129 143) (45 51 100 111) (29 126 135) NIL (113 117 137 139) (56 59) (59 85 114) 
(116 158) (123 146) (57 113 134) (130 162) (52 57 69 84 133) (159) (21 59 155) (46 95 116) (84 93 116 123) (51 92 116) 
(96 113 170) (67 136 162) (51 56 74 164 165) (76) NIL (124 144 166) (66 104 121 176) NIL (49) (92 145) 
(164) (114 136 177) (90 123 127 133 140 146) (63 134 171) (65 92 139 176) (113 139) (120 151 163 185) (115 123) (131 147 168) (106 128 142 184) 
(92 104) (86 100 101) (70 169) (143 188) (84 96) (173) (167) (32 93 125) (102 116 160 182) (167 192) 
(42 82 85 115 126 142 164 183) (119) (95 96 110 172 194) (79) (159 196) (58 67 144) (31 56 153) (118 126 138 167 191) (125 129 193 201) (58 118 154 156) 
(113) (198 202) (181) (60 120 136) (203) NIL (183 208) (83 124) (86 159) (103 161 187 215) 
(112 215) (45 121 131) (107 113 127 199) (90 136 166) (84 206) (62 150) NIL (216) (99 131 155) (90 207) 
(136) (72 87 130 138 144) (169) (49 71 89) (150 184) (135 203 207 214) (145 156) (107 156) (45 68 88 131) (94 199) 
NIL (175 184) (192 242) (167 207) (73 95) (96 169) (121 224 225 239) (129 161 241) (47 60 95 124) (41 74 128) 
(120 203 228) (71 118 141) (220 244) (203) (135 199) (69 89) (119 129) (120 147 192 206 219) (135 149 258) (60 94) 
(104 119 128 133 241) (88 122 194) (86 225) (53 101 121) (111 166 225) (86 201 225) (119 132 205 231 238) (141 176 235) (70 213 262) (58 135 137 226) 
(103 139 175) (233) (60 85 94) (63 200 223) (29 73) (154 186 203 217 246 265) (63 163) (217 228 240) (50 85 186) (122 171 251) 
(97 133 157 160 191) (190 252) (171) (49 112 168 246 264) (98 124 254) (91 197) (34) (28 62 207) (236) (104) 
(76 109 163 211 223) (278) (133 194) (58 81 117 152 170) (172 224) (291) (110 160 293) (110 137 209) (87 267 298) (16 134 202) )