(NIL (1) (2) (3) (2) (4) (6) (1) (3) (4) 
(8) (9) (5 7 8) (10 11) (13 14) NIL (5 7 8) (15 17) (5 16) (18) 
(9 13) (7) (20) (15) (20 21 22) (12) (9 16 20) (22 24) (18) (22) 
(18 24) (19 23 28) (10 13) (18 30) (21) (18) (26 28 31 33 35 36) (18 21) (18 28) (16 25 39) 
(9 19) (17 30) (40) (23 27 28 31) (3) (12 24 30) (31 46) (34) (7 8 12 19) (27 40) 
(32 39 49) (27 31) (45 47) (20) (30 35 36) (32 41) (26) (28) NIL (37 38 43) 
(41 47 58) (34 42 44 56) (26 31 58) (34 53) (47 55 62) (33) (60) (23 27 40 54) (37 41 45 47 58) (38 43 63 69) 
(44 59 70) (57) (57) (60) (23 43 64) (34 41 59) (45) (32 37 52 77) NIL (27 40 56) 
(78 79) (37 65) (38) (34 44 66 80) (61) (61) (16 38) (19 23 42) (49 71) (29 78) 
(79 84) (68 75 83) (42) (53 62 76 78) (38 59 84) (87 95) (53 58 60 91) (33 48 50) (52 59) (40 42 73) 
(42 49 60) (4) (49 53 63 79) (95 98) (37) (34 68 99) (62 100) (29 33 87 93) (63 104) (85) 
(45 68 98) NIL (58 93) (21 58) (34 44 69) (2 8) (25 72) (35 41 54 83) (65 67) (103 109 115) 
(69 84 112) (57 78) (60 72 80 112) (78) (59 119) (25 46 87) (42 48 69 96) (83 120) (61) (87 94 99 102 104) 
(20 112) NIL (97) (47 99 118) (51) (34 41 50) (36 110 117 131) (63 91) (60 65) (95) 
(26 28) (89) (43 72 94 109) (50 69 122 140) (37 54) (43 63 72) (58) (52 74 86 108) (148) (92 110) 
(117) (64 65 93 151) (78 109 145 151) (50 60 82 83) (26 36 54 75) (98) (107 123 130) (30 58 116 145) (50) (143 146 158) 
(57 130) (31 32 58) (61) (37 155) (50) (14 77) (93 150 151 159) (27 43) (119) (52 82 127 136 146) 
(83 96 121 148 164) (80 82) (85 170) (46 131) (72 100 109) (1) (62 81 97 128) (57 105 127) (34 66 67 165) (133 167 172) 
(58 78) (124 144) (117 171) (81 119) (97 112) (29 33) (66 85 174) (29 44 101) (141 155 187) (119 136) 
(97 118) (59 66) (71 104 129 155) (34 87 123 124 151) (151) (21 51 163) (125 154) (138 175) (74 120 189) NIL 
(65 68 117 144) (112 155 173) (42 58) (51 83 158) (20 30) (42 64 162) (121) (51) (83 132 146) (118 149 158) 
(150) (48 140) (69 86 100 162 179) (67 101 142 147 211) (29 112 130 167) (71 110 196) (152) (67 147 171 175 195) (167 192) (49 88 157 207) 
(89) (177 181) (63 74 187) (159 220 223) (72 154) (193 194 212) (127) (85 141) (121) (81 98 116 138) 
(71 113 155 220) (120 144 184) NIL (78 171) (149 172 197) (35) (81 106 148 176 198) (175 194 231) (87 184 203 216) (124) 
(174 192) (111 123) (54 94 140 181) (153 155 224) (165 209 222 228) (198) (76 115 206 210) (78 223 229) (153) (236) 
(34 113 149 216) (60 170) (154 196 247) (71 153 160) (68 146 183) (176 212) (48 96 235 251) (136 179 209 228) (143) (96 193 216 244) 
(32 52 141 146 156) (83 96 190 228) (157 183 200) (99 191 213) (137 202 207) (142 153 219 234 261) (49 160 189 225) (198 203 259) (51 108 134 163) (124 231) 
(172 255) (94 252) (204 267) (226) (39 55) (122) (155 217) (114 174 259) (68 107 203 207 223 227) (86 137) 
(147 160 278) (228 252 256) (92 95) (131) (51 199) (24) (90 197 200) (78 106 279) (123) (177) 
(75 128 129 132) (25 205) (66) (62 96 102 120 136 146 274) (158 211 225) (120 179 183 217 239) NIL (190 244) (222 287) (4) )