(NIL (1) (2) (3) (1) (4) (6) (7) (7) (8) 
(9) (5 10 11) (12) (5 9) (13) (12) (12) (14 15 16) (9) (14 15) 
(12) (18 20) (20) (16 19 23) (23) (15) (18) (22) (22) (26 27) 
(14 17) (16 25) (30) (18 19) (23 34) (5 11) (33) (25 27 29 31) (24 35) (34 37) 
(25 29) (18 25) (37 42) NIL (28) (21 43) (27) (4) (27) (25 39) 
(32 43) (27 50) (21 26 34) NIL (17 33 42) (40 53) (20) (37 41 42 44) (20) (39 46) 
(36) (5) (47 56) (39) (56 58 60) (34 48 54) (17 35 45 51) (14 16 61) (49 57 61) (43) 
(19 32 44 49) (53 71) (29 32 46 56) (72) (18) (32 65) (19) (64) (31 48 69 73) (18) 
(41) (19 21 41 51) (61 63) (26 39 59) (23 56) (51 54) (34 69) (45 87) (46 74) (35 41 45 51) 
(88) (34) (47) (51 84 93) (39 40 44 57) (34) (67 78 86 88) (49 75 78) (25) (77) 
(48 60 100) (31 76) (55 74 98) (61 76 82) (65 75 96 100) (82 105) (29 31 63 103) (32 78) (22 52 69 89) (47) 
(76 95) (98 108) (105) (51 62 79) NIL (45 49 108) (26) (32 77) (22 62 70 95) (38) 
(28 101) (109 110) (30 35) NIL (87) (79 93) (55 86 89 104 113 120) (28 29 31 75 95) (29) (117) 
(32) (104 114) (106) (70 102) (79 81) NIL (106) (75 82 83) (48 80) (52 68) 
(119 127) (24 91 129 131) (33 47 112) (53 77 139) (37 66 72 130) (23 62 117 144) (89 110 129 135) (68 70 128) (97) (21 136) 
(71 105) (93 134) (77 149) (77 110 135) (69 77 84 110) (68 105 121) (32 110 119 130) (75 82 150) (126) (49 86 111) 
(50 89 95) (62 99) (115 147) (63 87) (38 128 142 157) NIL (68 74 92 126) (70 155) (122 127 152) (62 90 135) 
(73) (79 112 166 169) (87 111) (87 156) (25 117 144) (94 105 125 152 173) (81 117 141) (120 163) (27 28 108) (76 84 116 154) 
(37 112) (110) (36 151) (50 65 74 116 124 143) (55 74 121) (118 127 134 139) (111 166) (132) (169) (10) 
(131 171 186) (68 96 117) (102 117 124) NIL (106 116 125 193) (103 109) (185) (88 90 125 126 145 158) (63) (73 81 152) 
(78 109 151 152) (76 91) (169 175) NIL (80 127 160 167) (32 88) (98 182) (91 172 177 183 186) (69 77) (91 200) 
(66 69 102) (92) (81 122) (35 85 138 175) (94 108 125) (21 29 119) (194 212) (66 116 205) (28 104) (124 134 154 185) 
(31) (54 113) (28 86 109) (42 50 56) (71) (146 156) (38 158 197 214) (28 59 107 130 137 159) (163 215) (24 44) 
(169) (105 122 132 147) (159 168 197 208) (72 176) (37 146) (81 109 130 155) (129 233) (96 202) (101 108 138) (91 204 216) 
(50 222) (112) (51 226) (45 69 175 179 230) (32 33 212) (215) (92 148) (207 234) (121 244) (111 233) 
(38 96 100 144 200 215 217) (166) (77 85 94 173) (111) (187 197 203 211) (88 201) (103 203) (145) (111 114 139) (35 85 139 142 166 171) 
(47 124 186 254) (63 114) (111 191 230 243) (86 242) (178 212 215 226 255) (218) (163 216 247 252 266) (62 103 116) (73 96 134 160 184) (22 74) 
(109 228) (104 112 196 236) (45 80 187) (113 158) (87 133 140 204) (99 135 137 152 193) (140 193) (173) (149 231) (43 110) 
(163 211) (120 124 168 239 280) (67 82 165 180) (60) (121 257) (40) (168 177 211) (178 196 257 279) (80) (70 280) 
(160 222) (107 151 158 223) (47 123) (173 285) (81 97) (66) (171 223) (82 156) (34) (169 261) )