(NIL (1) (2) (3) (3) (4 5) (4) (5 7) (4 5) (9) 
(8 10) (6 10) (5) (8 10) (6 14) (11 13) (15) (11 12 13 17) (13 17) (11 12) 
(19) (18 21) (16 18 19 20) (20 21) (19) (18) (18 24) (26 27) (23 24 26) (22 25) 
(23 26) (10) (22 28) (12 16 21) NIL (29 30) (30 31) (16 32 33) (20) (22 23) 
(38) (38) (16 26 35) (34 41) (42) (27 34 36) (41 43 46) (37) (25 44) (45 49) 
(39 42) (31 33) (38 46 52) (40 47 53) (46 48 50) (26 27) (37 44) (36 38) (39 49) (51 56 57) 
(43 59) (53) (40 46) (29 40) (37 41 58) (45) (34 37) (56) (37 66) (47) 
(28 32) (35 37 62 71) (40) (55 60 67) (36 40 50) (70) (39) (74) (45 61 63) (78) 
(79) (78 79) NIL (55 61 72 76) (35 65) (36 49 69) (65 81) (60 62 65 73) (63 77) (37 46) 
(56 63 71) (72) (68 81 85) (82 85) (71 78 88) (95) (76 89) (85) (67 89 98) (57) 
(52 58 61 63 75) (82) (98) (61 68 89 92) (34 85) (71 101) (36 50) (66 104) (92) (62 82 93 106) 
(81) (67 103 105) (50 51 108) (96 103 111) (53 75 81 99) (106) (48 99 109) (54 73 104 109) (91 96) (87 90 96 108) 
(68 115) (57) (48) (51 52) (54 64 84 102) (61 69) (44) (74 81 98 118) (57 84 108 112) (98 104) 
(87 88 91 125 126 129) (117) (78 111 124 128) (113 131) (54 73) (18) (87 89 95) (95 99 116) (68 107) (129 136) 
(95) (125) (47 109 110 139) (110 129) (31 35 107) (81 123) (47 101 119 139 141) (75 131) (80 94 122 131) (117 142) 
(102 140) (107 121 134 142) (137 152) (149) (68 87) (115 119 123 131) (156) (90 97 137 141) (72 83 107) (118 142) 
(99 133) (68 126 138) (93 161) (154) (99 131) (157) (113 159 162) (81 85 147) (69 70 133) (159) 
(126) (137 164 168) (70 109) (153) (129 167) (108 132 163 170) (91 99 118 120 158 173) (93 94 174 177) (64 176) (57 61 77) 
(103) (96 130 176) (82) (91 144 175) (113 158) (53) (146 164 173 176 180) (87 128) (84 177) (118 153 172) 
(89 126 173) (122 170) (102 110 169) (150) (66 110 116 118) (69 105 108 128) (137 188) (138 170 171 183) (139 156 183) NIL 
(7 12) (112 142 189) (140 159 162) (127 173) (86 151 174 181 190) NIL (129 189) (129) (160 166) (160) 
(124 209) (137 162) (99 149 192) (93 137) (113 118 129 143) (171) (119 143 175 198) (208) (184) (115 131 185 217) 
(54 115 130) (121 130 169) (66 105 127) (96 105 107 188) (109) (137 180) (136 191) NIL (77 80 119) (176) 
(132 163 188) (164 185) (139) (96 121 124 131 135 139 141 144 146 173) (144 167 170) (211 226) (159 186) (104 139 171 204) (152) (100 118 171 173 219) 
(201 208) (127 164 176 241) (127 164 233) (148 219) (167) (124 154 178) (85 95) (234) (152 170 197) (136 248) 
(111) (83 196 205 216 221) (151 212) (138 234) (69 97 147) (81 223) (123 194 203) (131) (121) (211 231) 
(78 135) (147 177 210) (160 161) (135 212) (147 177 199) (115 240) (90 191 240 248) (185 186 208 258) (86 95 150 180 261) (117 120) 
NIL (83 264) (101) (152) (100 197 244) (106 263) (150 219 233) (154 179) (106 233 251) (114 116 179 199 237) 
(143 211 271) (138 179) (114 152) (255) (128 146 155) (83 148 256) (164 196 204 231 267 284) (80 177 231) (87 145 151) (82 270) 
(202 228 250) (78 216) (226 266) (193 208 250 293) (123 149) (145 211) (123 258) (142 198 253) (153 177) (97 277) )