(NIL (1) (2) (3) (3) NIL (4) (5 7) (3 6) (8) 
(8 9) (11) (12) (1 6) (13) (10 12) (16) (7) (17) (15 17) 
(10 11) (10 12) (19) (10 11) (5) (13) (21 24 26) (21 23 26) (25) (13 17 21) 
(15 16) (14 15 16 22 26 29) (20 21 23 29) (15 25 27 30) (7 9 14) (31 33) (27 30) (19 34) (22 27 28) (19 20 22 25 37) 
(23 30) (24 33 41) (31 35 41) (18 26) (43) (28 40) (42 45) (14 33) (43) (37 39) 
(32 40) (33 38 44 49) (37 44) (38 42 50) (47) (28 48 49 53) (32 44 54) (25 53) (32 40 58) (55 56) 
(28 55) (47 52 58) (56) (40) (19 35) (37 61) (34 60) (54) (18 29 49 65) (54 61) 
(60 70) NIL (23 38 59) (20 26 31) (57 67) (67) (48 57 70) (47) (48) (58 66) 
(36 67) (26 47) (52 54) (36 65 76 78) (46 84) (77) (70 84) (34 44 66) (67 77 79) (11) 
(23 40) (44 72 78) (58 84) (92) (45 46 57) (61) (46) (62 64 79 81 86) (33 51) (62 90 93) 
(75) (79) (13 65) (72 101) (54 59 69 78) (32 40 92) (62) (46 58 66 84 96 102) (44 46 61) (61 99) 
(68 105) (54 108) (62 80 81 88) (88 89 100) (19) (49 72) (75 83) (58 95) (59 63 106) (117) 
(74 79 93 111) (102 120) (71 79 85) (72 86 110 121) (65 86 94 106) (85) (57 74 78 82) (80 92 115 124) (88 89 127) (98 102) 
(73 93 125) (62) (44 69) (53 54 109) (70 93 107) (73 82) (110) (63 80 93 123) (95 110 133) (77 133) 
(54 60 132) (81 103) (51 91 114 138) (52 63 116) (32 84) (144) (100 113 145) (59 106 142) (64 74 91 132 147) (59 98 110 129) 
(128 131) (47 99) (105 112 120) (71) (51 126) (120 121 134) (95 103 123 135) (135) (105 117) (18) 
(70 93 146) (63 139 140 156) (92 101 114 146) (108 110 122 147) (124) (51 78) (118) (138 150 162) (110 143) (63 95 123 129 159 166) 
(74 98 114 142 160) (94 101) (126 157) (32) (111 126 158 164) (99 123 166) (116 123 135) (151 168) (83 91 103) NIL 
(112 117) (124 135 139) (112 172 177) (101 125 164) (51) (46) (101 103 105) (80 104 150 159) (102 157 165 171 185) (94 136 181) 
(128) (129 134 135) (92 102 123) (132 188) (90) (87 178) (114 155) (95 194) (128 173) (179 189) 
(59 122 157) (154) (53 55 68 179) (66 82 89 120) (93 115 141 167) (136 146) (162 190 191) (124 156 166 177) (80 173) (81 86 114 140 205) 
(112 122 142 199) (167) (80 87 125 129 210) (12) (51 142) (144 204) (195 216) (96 138 145 191) (168) (102 124 134 142) 
(161 172 186 209) (150) (208) (138 206) (113 181 203) (135 213) (136 170 208) (198) (152 224) (87 200 222) 
(166 173 218) (80) (108 179 197 214 229) (128 177 200 216) (106 127 177) (142) (180 233) (109 201 203) (97 178 187) (64 117 220 221) 
(50 62) (100 187) (207) (122 195) (124 184 193 206) (157) (119 144) (22 146) (168 169) (165 192 222) 
(207) (113 115 120) NIL (122 126 128 158 228 249) (168 173) (184) (200 237 256) (63 191) (126 227) (28 214) 
(162 172 242) (227) (108 129 131 138) (204) (229 256) (97 126 230) (82 95 253) (199 215) (268) (256) 
(160 245) (36) (50 85 160) (184 216) (114 239) (101 268) (149 239) (198 246 260) (156 264) (206) 
(221) (98 144 153 215 218) (94 156 159 272) (67 79) (92 155 157 279) (68 100 248) (141 143 198 204 206 281 282) (167 258 284) (143 223 234 266 270) (167 198 233) 
(91) (122 146 188) (122 131 197 249) (68 93 140 160 244) (233 265) (153 245) (91 104 130 294) (239 286) (167 186 275) (64 226 270) )