(NIL (1) (2) (3) (4) (5) (6) (6) (5) (7) 
(6 9) (9 10) (10) (9 13) (8 12 14) (15) (16) (11 16) (16) (11 19) 
(20) (14) (21) (18 21 22) (18) (23 24) (23 24) (26) (20) (26) 
(14) (29) (17 18) (17) (19) (29 33) (26) (28 32) (30 35 36) (11) 
(9) (21 22 32 41) (26 27 42) (30 40) (27 30 36) (28) (37) (30 35) (27 31) (26 33 34 41) 
(24 34) (30 32 40 47) (29 46 50) (27 44 53) (48 53) (25 36 55) (26 31) (25 45) (38 41 49) (46 49 58) 
(59) (39 41) (62) (20) (43 60) (25 59 62) (26 29 51) (63) (45 49) (31 45 50) 
(34 66) (46 70) (47 49 56 64) (73) (54 67 68 74) (27 38) (40 48 53) (71) (34 43 62) (37 53 61) 
(32 39) (34 59 69) (64 78) (55 71 72 81) (65 77 83) (37 43 57 66 69) (52 85) (39 67 80) (37 67 78) (35 57 59 72) 
(63 85 88) (42 68 88) (61) (29 47) (52 63 89) (61 84 87) (82 96) (73 92) (51 90) (95) 
(77 94 95) (97) (42 70 75) (80 100) (91) (55 88) (43 101) (69 75) (79 90 103 106) (52 69) 
(61 79) (86 95 96) (73) (80 84) (37 66) (70 98) (44 97) (101 113) (51 59) (16) 
(99 103 116) (85 109) (72 118) (78) (95) (61 65 83 94) (61 87 101) (102 116) (15) (91 107 112 118 124 127) 
(43 89 99) (130) (93 115 121) (75 114) (111 127) (68 120 124) (88 125 131) (98 124 126) (46 63) (82 96) 
(73 106 111 126) (60 100) (58 103 131) (121) (88 100) (123 126 142) (27 68) (77 95 121 134) (75 99 126) (56 57) 
(69 93 111) (110 136 151) (75 128) (58 95) (115 116 127 131) (76 130 145) (92 118 150) (130) (52 108) (127) 
(75 85 154) (113 125) (67) (110 139 157) (107 150 160) (96 133) (133 160) (109 141 161) (76 122 124) (91 97 104 112 119 127 147) 
(125 152) (65 124 131) (69 123) (126 134 145) (27) (95 109 166) (81 116 160) (114 162) (59 67) (79) 
(91 162) (128 140) (49) (93 119 135 142 148 164 172) (104) (27 37) (35 57 179) (101 141) (176 184) (116 145 152 163) 
(101 112) (91 141 171) (101) (108 112 122 168) (167 182) (44 155 179 190) (58 104 164) (186 192 195) (82 193) (173) 
(104 135 136 162) (198) (52 66 69) (93 109 140) (166) (181) (44 72 115) (106 142) (144 179 199) (92 169 179) 
(114 123 138 163 164 181 207) (68 76 97 208) (42 110 136) (58 133) (178 193 198) (113 125 160 214) (114 150 183 198) (157 159 179) (209) (19) 
(123 170 199 201) (130 163) (76 103 114 150 208) (132 153 164) (211) (132 155 173) NIL (130 162 208) (54 70 124) (195 196 221) 
(85 107) (133 144) (102 208 209) (130 155) (97 209) (35 46 70 175) (214) (184 211) (113 114) (92 107 120 193) 
(112) (90 105 211 227) (54 129 208) (90 188 206) (120 135 164) (124 166) (74 128) (169 171 194) (108 144 167) (137 161 188 204 228) 
(166 188) (132 160 189 197) (82 111 154 163 197) (200) (69 134 223) (188) (83 197) (119 133 218) (117 188 219) (160) 
(134 182 186 212) (152 201 203 251) (189 215 236) (156 190 208 215) (153 252) (114 256) (79 195 241) (147 173 185 224 237) (81 149 154 249) (120 143 150 158 227 233) 
(97 116 218 241) (119 251 259) (219 264) (102 168 176 251) (138 268) (150 185 207) (210 269) (91 159 176 185 248 272) (92 109 111 243) (181 191 231) 
(146 201 224 235 271) (217) (115 158) (156) (109) (222 265) (132 144) (137 166 255) (217 279) (125 167) 
(132 194) (131 159 179 242 266) (118 137 185 188 199) (204 273) (219 243) (126 157 210) (76 123 144 167 208) (25 92) (105 207 243 290) (131 154 156 199 223 236) )