(NIL (1) (2) (3) (4) (5) (6) (7) (8) (9) 
(8) (8) (9) (8) (8) (15) (9 12 14) (16) (10) (14 18) 
(11 13) (17) (13 20 22) (20 22) (10) (19 23) (10 13 14) (26) (11 26) (26) 
(11 12 13 14 19) (24 31) (32) (21 30) (13 14 19) (26 32) (32 34) (18 25 31) (24 34 38) (11 18 22) 
(26) (27 29) (30 31 41) (27 37 39) (40) (36 41 44) (3) (24 28 31 42) (34 48) (31 34 35) 
(35 39 42) (25 27 50) (28 38) (21 42) (21 35 38) (32 49 51) (29 50) (34 42) (27 39) (56) 
(33 40 47 49 51) (51 54) (45 51 53) (37 52 56 62) (46 55 56 61) (58 61 63) (18 21) (44 56) (24 40) (58 59 62) 
(60 70) (27 29) (33 50 59) (46 60 62 73) (27 45) (68) (14 47) (70 75 77) (71 78) (45 46 68) 
(64) (50 78) (46 64) (46 53) (35) (45 54 56 72) (37 63 79) (53 65 74 77) (37 49 82) (24 40 67) 
(60 82 86) (88) (50 86) (66 83) (37 53 71) (55 91) (66 77) (29 67) (68) (93 95) 
(98) (65 91 94 97) (65 98) (52 82) (61 104) (21 33 35) (43 57 69 102) (39 58) (35) (88 96) 
(49 72) (24 50) (60 75) (65 68 77) (86 87) (50 75 84) (69 87 114) (103) (102) (55 69 79) 
(49 98) (86) (52 95 97 122) (54 66) (50 111 117 121) (43 94 109 125) (87 88) (74 83 124) (110) (54 80) 
(59 97) (61 75 83) (64) (76 109 117) (134) (117) (71 75 92 128) (73 100) (71) (80 84 94) 
(74 79) (100 122 134) (121 127 133) (80 111 132) (43 74 122 139) (107 110) (120 138) (90 103 114) (46 57 76 79 82 99 108) (63 139) 
NIL (67 131 135 144) (101 106 123 152) (113 114 123 147) (92 97 125) (79 102 132) (94 113) (145) (84 97) (146) 
(124) (76 145) (43 51 111) (34 41) (67 97 135 161) (64 89 99 121 139 151) (104 109 162) (138 160) (131 134 158) (124 145) 
(57 162) (110 120 127) (106 111 160 167) (99 173) (87 88 121 124) (76 123 136 146) NIL (80 88 167) (75 88 158) (143 153) 
(103 107 110 147 158) (143 151 165) (55) (128) (90 125 141) (46 85 96 150 163) (126 163 176 182) (108 147 158 164) (52 72 131) (77 85) 
(125) (67 104) (124) (143 151 177 190) (154) (65 80 157) (109 124) (43 103 182) (90 91 118 127) (114 174) 
(63 179) (119 133 178) (85 114 131 168) (201) (125 132) (143 159 195) (81 125 202) (89 135 172) (57 80 102 118 190 191) (94 158 182 185 189) 
(94) (118 163 173 190 204) (99 150) (125 204) (137 145 186) (80 149 191) (149 183 191 214) (120 157 194 216) (85 91 122 148) (89) 
(111 219) (108 178 194) (68 163) (102 135 196) (93 202) (163 172) (102) (188 207 225) (53 89 109) (95 126 193) 
(110 130 214 215) (212 226) (232) (119 132 168) (9) (110 161) (215) (101 183 208) (115 189 221) (102 169 190 199) 
(12) (220) (168 171 213) (96 108 121) (87 96 98 171) (136 153) (168 178 192) (121 196 201 225) (147 174 231 248) (114 229) 
(133 171) (81 84 85 187) (124 173 213 228) (152) (209 238) (81 179 199 202 218) (116 153 185 226 236) (240) (137 180 194 199) (68 188) 
(154 201 207 256) (48 82) (138 186 259) (194 246) (98 132 201) (195 212 216) (169 257) (105 168 170 179 263) (85 108 187) (85 90 234 246) 
(87 118) (129 137) (126 142 180 246) (157 164 245 247) (143 219) (26) (148 244) (151 225) (84 186 213) (108 133 192 211 221 232) 
(119 160) (68 104 157) (110 162 193 237 260) (134 256) (182 190 242 245 265) (116 146 162 191 211 250 275) (66 96 147 205) (177 187 233) (79) (89 117 137 149 276) 
(124 166 289) (89 171 203) (105 117 119 161 199 241) (118 150 173 193 235 238) (240 256) (128 200 207 234 236 238 295) (132 136 164 194 206) (103 175) (222) (112) )