(NIL (1) (2) (3) (3) (4) (4) (5 7) (3) (5 6) 
(8 9 10) (10) (7 9 12) (5) (8 13) (11 12) (11) (13 17) (8 13) (19) 
(10) (19) (19) (18 20) (16) (14 15 19) (14 15 18) (16 20 22) (14 16) (24 27 29) 
(22 26 30) (22 27 29) (25 32) (21 32) (25 28 30) (28 34) (15 21) (25 31) (23 32 37) (23 25 31) 
(16) (28) (30 36) (31 32 37 42) (36 40) (44 45) (22) (46) (11 26) (23 28 32 38 49) 
(23 31 34 35) (44 50) (48 51) (36 38) (46 47 49) (14) (41) (41 46) (53) (47 49 53 58) 
(29) (53) (31 35 43) (33 52 60) NIL (23 24 36 49) (31 57) (52 54 56 59 66) (45 65) (61 62) 
(58 65 68) (53 56) (33 38 51) (36) (46 52) (60 65) (33 74) (43 52 54 60) (68 73) (69 77) 
(43) (56 76) (41 46) (43 59 75) (34 50) (61 72) (26 27 61) (67 71 76) (8 10) (43 76 87) 
(79) NIL (78 89) (63 93) (31 92) (50 62) (57 92) (61 96) (70 76) (62) 
(43 80 83 95) (33 61 83 95 96) (40) (33 86) (55 70 104) (66 75) (69 70 77) (56 84 94) (76 91 105) (101 109) 
(23 33 49 57) (57 85 90 98) (55 59 61 82) (11) (88 92) (39 81 98) (15 65) (46) (39 87 110) (88 89 96 117) 
(49 73 89) (68 116 118) (75 88 91) (90 123) (70) (94 111) (55 76 79 102 126) (100 124) (18 37) (27 57) 
(101) (70) (74 82 87 92 125) (59 97 106 116) (79 111) (76) (82) (71 121 134) (31) (128 136) 
(62 80 83) (109 116) (85 137) (39 95 99 115 118) (110 124) (97 128 136) (122 146) (127 144) (130 144) (78 80 133 147) 
(101 120) (54 76 80 81 92) (84 96 113 124 152) (149) (122 153) (57 81) (87 149) (69 111 157) (77 93 105) (91 97 151) 
(55 134) (39 94 124 141) (69 73 86 99 139) (144 145 152) (110 142) (97) (77 112 116 140 154) (69 129 135 143) (78 140 142) (97 151 153) 
(85 107 126 138 140 150) (41 73) (83 104 147) (81 109 114 143) (103 153) (136) (144 155) (61 72 103 160) (38 40 156) (63 85 116) 
(55 108 125) (55 90 154) (81 168) (123) (164) (50 118) (33 120 125) (92 120 184) (113 133 185) (143 189) 
(111 143) (133 154) (91 131) (71) (99 113 181 184) (107 160) (77 95 96 108 114 139 176) (153 191) (158 192) (63 106 143 146) 
(63 86 99 123) (101 122 126 191) (125 139 140 160 177) (175) (78) (141 148) (82 106 110) (137 172 186 187 207) (86 182) (118 170) 
(119 146 210) (141 188 205 211) (165 201) (120) (94 97 155 189) (113 127 131 144) (18 26 37) (122 153) (56 102) (115 197) 
(69 74 113) (62 139) (184 193) (166 190 191 215) (113 196) (39 84) (132 144 165 197) (112 115 136 143 193) (147) (158) 
(125) (112 189) (107 128 145) (137 172) (105 133 141 157 166 221) (111 218 227) (100 138) (126 136 161 170 180 192) (71 91 136) (121 160 163 179) 
(96) (60 180) (146 167) (94) (89 103) (102 103 122 140 198 207) (137 180 204 212) (100 116 121 135 141) (65 96) (63 78 89 99 130) 
(190 210) (179 192 239) (110 159 203) NIL (95 180) (246) (38 58 100) (81 118 225) (242 254) (100) 
(108 155 200 209 256) (188) (78 136 218 242 254) (94 97 163 239) (142 146) (64 133) (114 129 176 181 226 266) (126 161 189 193 256 263) (164 199 242) (214 236) 
(64 72 75 82) (110 131 169) (105 108 150 249 250) (136 172 193 233) (140 143 149 156 257 265) (86 116 121) (222 224) (146 203 262 277) (150 247) (224) 
(60 139 276) (158 198) (33 56 87) (67 163 197 271) (177 182 249) (160 161 206 209 233) (112 170) (154 171 246 254 265 287) (171 219 250 279) (135 166 243 255) 
(143 156 203) (55 116) (71 94 119 250) (245 251 256) (103 142 277) (152) (192) (214 260) (151 171 234) (64 169 204 228 291) )