(NIL NIL (1 2) NIL NIL (5 4) (5 1) NIL (5 8) (4 8) (6 10 9) (2 8) (1 8)
 (7 13 9) (12 3 13) NIL (8 16) (5 16) (17 9 18) (4 16) (17 10 20) (6 20 18)
 (11 21 22 19) (2 16) (17 12 24) (1 16) (17 13 26) (7 18 26) (14 27 19 28)
 (3 24 26) (30 25 15 27) NIL (32 16) (5 32) (33 18 34) (32 4) (33 20 36)
 (6 36 34) (35 37 22 38) (32 2) (33 24 40) (32 1) (33 42 26) (7 42 34)
 (35 43 44 28) (3 42 40) (43 30 41 46) NIL (48 32) (48 16) (33 50 49) (48 5)
 (52 49 34) (50 18 52) (35 51 54 53) (48 4) (56 49 36) (50 20 56) (37 51 57 58)
 (6 52 56) (38 53 57 60) (60 54 22 58) (61 62 39 55 59) (48 2) (40 49 64)
 (50 64 24) (51 41 65 66) (48 1) (68 42 49) (50 26 68) (51 70 43 69) (52 68 7)
 (53 69 44 72) (70 54 72 28) (71 55 73 45 74) (3 68 64) (76 69 65 46)
 (30 70 76 66) (67 47 77 78 71) NIL (48 80) (32 80) (81 49 82) (80 16)
 (50 81 84) (33 84 82) (51 85 86 83) (80 8) (17 88 84) (5 80) (52 81 90)
 (90 82 34) (53 91 83 92) (84 18 90) (94 54 85 91) (35 94 86 92)
 (93 95 96 55 87) (88 9 90) (94 89 98 19) (80 4) (81 56 100) (100 82 36)
 (101 57 102 83) (100 84 20) (101 85 58 104) (37 104 86 102)
 (105 106 59 87 103) (88 100 10) (89 108 21 104) (6 100 90) (101 110 91 60)
 (38 102 110 92) (93 61 111 103 112) (94 22 110 104) (105 62 95 111 114)
 (114 106 39 96 112) (113 115 116 63 97 107) (11 108 98 110)
 (114 109 23 99 118) (80 2) (120 81 64) (120 40 82) (121 122 65 83) (24 84 120)
 (121 85 124 66) (122 41 86 124) (67 123 125 87 126) (12 88 120)
 (128 89 25 124) (80 1) (68 81 130) (42 82 130) (69 131 83 132) (84 26 130)
 (134 70 85 131) (134 43 86 132) (133 135 136 71 87) (88 13 130)
 (134 89 138 27) (7 90 130) (131 72 91 140) (140 132 44 92) (93 133 142 73 141)
 (94 140 134 28) (141 95 144 135 74) (136 142 96 45 144)
 (137 143 145 146 97 75) (140 14 98 138) (29 144 139 99 148) (3 120 130)
 (76 121 131 150) (150 132 122 46) (133 77 152 123 151) (30 150 124 134)
 (135 78 151 125 154) (47 152 136 154 126) (137 127 153 155 156 79)
 (128 15 138 150) (158 129 31 139 154) NIL (160 80) (48 160) (81 162 161)
 (32 160) (82 161 164) (162 49 164) (165 166 163 83) (160 16) (84 161 168)
 (50 162 168) (169 85 163 170) (33 168 164) (165 169 172 86) (166 51 172 170)
 (167 173 171 87 174) (160 8) (88 176 161) (17 176 168) (169 89 177 178)
 (160 4) (100 161 180) (162 56 180) (181 101 163 182) (36 180 164)
 (165 181 184 102) (166 184 57 182) (167 185 183 103 186) (20 180 168)
 (169 181 188 104) (170 188 58 182) (105 189 171 183 190) (37 172 184 188)
 (189 106 192 173 185) (190 192 174 59 186) (187 191 193 194 175 107)
 (10 176 180) (181 108 177 196) (196 21 178 188) (189 197 109 179 198) (160 1)
 (200 130 161) (200 68 162) (201 163 202 131) (200 42 164) (165 204 201 132)
 (166 69 202 204) (133 205 167 203 206) (200 26 168) (169 134 208 201)
 (170 70 208 202) (171 209 135 203 210) (172 43 208 204) (205 209 136 173 212)
 (206 212 71 174 210) (207 137 211 213 214 175) (200 13 176) (201 216 177 138)
 (208 216 178 27) (217 209 139 179 218) NIL (220 48) (220 32) (222 49 221)
 (220 16) (50 221 224) (33 222 224) (225 226 51 223) (220 8) (17 228 224)
 (220 5) (52 221 230) (230 222 34) (231 232 53 223) (230 18 224)
 (225 231 54 234) (35 226 234 232) (235 227 55 233 236) (230 9 228)
 (229 234 19 238) NIL (240 220) (240 160) (240 80) (242 161 243) (240 48)
 (241 221 245) (162 242 245) (81 245 243) (244 247 163 248) (240 32)
 (241 222 250) (242 250 164) (250 82 243) (244 165 253 252) (49 250 245)
 (255 223 251 246) (247 166 255 252) (253 248 255 83) (254 249 257 167 258)
 (240 16) (241 260 224) (260 242 168) (260 84 243) (244 169 262 263)
 (50 260 245) (225 265 261 246) (247 170 262 265) (265 248 85 263)
 (249 268 267 171 264) (33 260 250) (226 261 270 251) (172 262 270 252)
 (253 86 263 270) (273 254 272 173 264) (265 255 51 270) (266 227 256 275 271)
 (267 275 257 174 272) (273 275 268 258 87) (269 259 274 277 278 175) (240 8)
 (280 241 228) (280 176 242) (88 280 243) (244 283 282 177) (17 280 260)
 (229 281 261 285) (282 262 285 178) (89 283 285 263) (287 288 284 179 264)
 (240 5) (290 241 230) (290 90 243) (52 245 290) (231 291 293 246)
 (248 292 293 91) (290 250 34) (232 291 251 296) (253 292 296 92)
 (255 293 53 296) (297 233 256 294 299) (93 298 299 258 295) (290 260 18)
 (291 234 261 302) (94 292 302 263) (265 54 293 302) (305 266 235 294 303)
 (305 95 268 295 304) (35 302 270 296) (297 308 236 271 303)
 (273 298 96 308 304) (305 275 308 55 299) (300 276 306 309 311 237)
 (301 278 307 97 310 311) (280 9 290) (314 281 291 238) (314 292 283 98)
 (314 19 285 302) (239 315 317 303 286) (288 316 317 99 304) (240 4)
 (320 242 180) (100 320 243) (244 181 321 322) (56 245 320) (247 182 321 324)
 (248 101 322 324) (325 326 249 183 323) (320 250 36) (184 321 328 252)
 (253 328 102 322) (254 185 329 323 330) (255 328 57 324) (325 329 257 186 332)
 (326 332 258 103 330) (327 259 331 333 334 187) (260 20 320) (336 321 262 188)
 (336 322 263 104) (189 337 338 323 264) (265 336 58 324) (325 190 267 337 340)
 (105 326 268 338 340) (327 269 339 341 342 191) (37 328 270 336)
 (337 192 329 344 272) (273 106 344 330 338) (331 274 339 345 346 193)
 (275 340 344 59 332) (333 277 341 345 194 348) (334 278 342 346 348 107)
 (347 335 279 343 195 349 350) (280 320 10) (282 321 352 196) (108 283 322 352)
 (197 353 284 323 354) (336 21 285 352) (287 198 337 353 356)
 (288 356 109 338 354) (357 358 289 339 199 355) (6 290 320) (360 292 110 322)
 (360 324 293 60) (326 361 111 295 362) (360 38 328 296) (298 364 361 330 112)
 (61 299 364 362 332) (113 363 365 334 301 366) (360 336 302 22)
 (114 368 361 338 304) (305 62 368 362 340) (115 363 369 370 342 307)
 (364 368 39 308 344) (116 365 369 372 310 346) (366 370 372 63 311 348)
 (117 367 371 373 374 313 350) (360 314 11 352) (376 316 361 118 354)
 (376 368 317 23 356) (358 119 369 377 378 319) (240 2) (120 380 243)
 (380 64 245) (248 121 381 382) (380 40 250) (253 122 381 384) (255 382 65 384)
 (385 386 123 258 383) (24 260 380) (388 381 124 263) (265 388 382 66)
 (268 389 383 125 390) (388 41 270 384) (273 385 392 389 126)
 (67 386 275 390 392) (127 278 387 391 393 394) (12 280 380) (128 396 283 381)
 (396 25 388 285) (288 129 389 398 397) (240 1) (200 242 400) (400 130 243)
 (244 401 201 402) (68 245 400) (247 401 404 202) (248 404 131 402)
 (249 405 403 203 406) (42 250 400) (401 204 408 252) (253 402 408 132)
 (205 254 403 409 410) (255 404 69 408) (409 206 405 412 257)
 (133 410 412 258 406) (207 259 407 411 413 414) (260 26 400) (401 208 262 416)
 (134 416 263 402) (417 418 403 209 264) (265 70 404 416) (417 267 420 405 210)
 (420 418 135 268 406) (419 421 422 211 407 269) (416 43 270 408)
 (409 417 212 424 272) (273 410 136 424 418) (419 213 274 425 426 411)
 (275 412 71 420 424) (421 425 214 428 277 413) (137 422 426 428 278 414)
 (423 215 429 430 279 427 415) (280 13 400) (401 282 216 432) (402 283 138 432)
 (433 434 403 217 284) (432 27 285 416) (287 417 436 433 218)
 (288 436 434 139 418) (289 419 219 435 437 438) (290 400 7) (402 292 440 140)
 (404 293 72 440) (141 441 406 295 442) (440 408 44 296) (410 298 441 444 142)
 (442 299 412 444 73) (143 301 446 443 445 414) (440 416 302 28)
 (441 418 144 448 304) (305 442 420 448 74) (449 450 422 145 307 443)
 (448 308 444 45 424) (449 452 426 146 310 445) (450 452 428 311 75 446)
 (451 453 454 430 147 313 447) (314 14 440 432) (441 434 316 456 148)
 (29 436 317 456 448) (449 457 458 149 438 319) (3 380 400) (150 460 381 402)
 (76 404 382 460) (151 461 406 383 462) (46 408 460 384) (385 410 152 461 464)
 (386 77 412 462 464) (463 465 466 387 153 414) (30 388 460 416)
 (418 461 468 389 154) (420 78 390 468 462) (391 463 469 470 155 422)
 (47 424 468 464 392) (426 156 465 469 472 393) (428 466 470 472 394 79)
 (430 473 467 471 157 474 395) (396 15 460 432) (158 476 397 461 434)
 (31 436 398 468 476) (469 438 159 477 478 399))