(NIL NIL (2 1) NIL (2 4) (1 4) (5 3 6) NIL (4 8) (2 8) (9 5 10) NIL (8 12)
 (4 12) (13 9 14) (2 12) (13 10 16) (14 5 16) (15 11 17 18) NIL (20 12) (20 8)
 (21 13 22) (2 20) (21 24 16) (22 10 24) (23 26 25 17) (1 20) (24 3 28) NIL
 (20 30) (30 12) (21 32 31) (30 4) (32 34 14) (2 30) (24 31 36) (32 16 36)
 (33 25 37 38) (5 34 36) (40 38 35 18) (1 30) (42 31 28) (42 34 6) (42 3 36)
 (29 43 45 37) (40 44 45 7) NIL (20 48) (12 48) (21 50 49) (4 48) (14 50 52)
 (2 48) (24 54 49) (54 50 16) (55 25 51 56) (5 54 52) (58 56 53 18) NIL (30 60)
 (20 60) (31 61 62) (12 60) (32 61 64) (21 64 62) (33 66 65 63) (8 60)
 (22 68 62) (13 68 64) (23 69 70 66) (4 60) (34 61 72) (14 64 72) (73 74 35 65)
 (9 68 72) (74 15 76 70) (2 60) (78 61 36) (24 62 78) (79 80 37 63) (78 64 16)
 (79 82 65 38) (25 80 82 66) (67 39 81 83 84) (78 68 10) (86 26 69 80)
 (86 70 17 82) (87 88 27 71 84) (78 5 72) (73 40 79 90) (74 90 82 18)
 (91 75 41 83 92) (86 76 11 90) (19 94 88 77 92) (1 60) (42 61 96) (96 62 28)
 (97 98 43 63) (96 6 72) (73 97 100 44) (78 3 96) (97 79 45 102) (29 98 80 102)
 (99 81 46 103 104) (100 90 7 102) (106 103 101 47 91) NIL (108 60) (30 108)
 (109 61 110) (20 108) (109 112 62) (112 31 110) (113 114 111 63) (108 4)
 (109 116 72) (34 110 116) (73 117 111 118) (2 108) (109 78 120) (120 110 36)
 (79 121 122 111) (112 24 120) (113 80 121 124) (114 122 37 124)
 (125 126 115 81 123) (5 120 116) (128 121 90 117) (40 128 122 118)
 (119 129 123 91 130) (1 108) (109 132 96) (42 132 110) (97 133 134 111)
 (112 132 28) (113 136 133 98) (114 136 43 134) (137 138 99 115 135)
 (132 116 6) (140 100 133 117) (140 44 134 118) (119 141 101 142 135)
 (132 120 3) (133 121 102 144) (144 45 122 134) (145 146 135 103 123)
 (29 144 136 124) (125 137 148 145 104) (126 148 146 46 138)
 (139 147 149 150 127 105) (140 128 7 144) (145 106 129 141 152)
 (146 152 130 47 142) (143 147 153 154 131 107) NIL (156 108) (156 60)
 (109 158 157) (156 48) (156 30) (157 110 161) (158 61 161) (162 163 159 111)
 (156 20) (112 165 157) (158 165 62) (113 159 166 167) (160 165 49)
 (165 31 161) (162 170 114 166) (163 170 167 63) (172 164 115 171 168) (156 12)
 (158 64 174) (160 174 50) (32 174 161) (163 175 177 65) (21 174 165)
 (175 179 167 66) (169 176 51 179) (170 33 177 179) (67 182 172 178 180)
 (156 8) (158 68 184) (22 165 184) (185 186 69 167) (13 174 184)
 (185 175 188 70) (186 23 188 179) (187 189 190 71 180) (156 2) (120 157 192)
 (158 192 78) (193 194 159 121) (160 54 192) (192 36 161) (162 193 197 122)
 (163 79 197 194) (199 164 195 123 198) (24 165 192) (193 201 166 124)
 (201 194 80 167) (125 202 195 203 168) (169 201 196 55) (201 170 197 37)
 (126 171 206 198 202) (203 172 81 206 199) (204 207 208 127 173 200)
 (174 16 192) (194 175 82 210) (210 176 56 196) (197 210 177 38)
 (199 211 213 178 83) (201 210 25 179) (203 84 211 215 180)
 (181 212 205 215 57) (39 182 213 206 215) (85 208 214 216 218 183)
 (10 192 184) (185 86 220 194) (201 186 26 220) (203 187 221 87 222)
 (210 188 17 220) (221 211 88 189 224) (224 27 190 215 222)
 (89 216 223 225 226 191) (156 1) (228 132 157) (158 228 96) (229 159 133 230)
 (42 228 161) (162 229 134 232) (97 163 230 232) (233 234 164 231 135)
 (228 165 28) (236 229 166 136) (98 236 230 167) (137 237 238 231 168)
 (170 43 236 232) (233 138 171 237 240) (234 99 172 238 240)
 (241 242 139 173 235 239) (228 3 192) (193 244 229 144) (194 244 102 230)
 (145 195 245 246 231) (45 244 197 232) (233 146 245 198 248)
 (234 248 103 199 246) (247 249 250 147 235 200) (201 29 236 244)
 (202 245 148 237 252) (246 203 252 238 104) (204 247 149 253 254 239)
 (252 240 248 206 46) (241 207 249 253 150 256) (242 208 250 254 256 105)
 (243 209 251 151 257 258 255) NIL (260 156) (260 108) (261 157 262) (260 60)
 (158 261 264) (109 264 262) (159 265 266 263) (260 48) (160 268 261) (260 30)
 (261 270 161) (270 262 110) (162 271 272 263) (270 264 61) (163 265 271 274)
 (274 266 111 272) (275 276 164 273 267) (260 20) (261 165 278) (112 262 278)
 (279 166 263 280) (264 278 62) (282 265 279 167) (113 282 266 280)
 (281 283 284 267 168) (268 49 278) (169 269 286 279) (270 31 278)
 (170 271 279 288) (114 288 272 280) (281 289 171 273 290) (282 63 288 274)
 (275 289 283 172 292) (276 292 115 284 290) (277 293 294 291 173 285) (260 12)
 (174 261 296) (296 264 64) (297 175 265 298) (268 296 50) (269 176 297 300)
 (32 296 270) (297 177 271 302) (302 298 65 274) (275 303 304 178 299)
 (21 296 278) (297 179 279 306) (282 306 298 66) (283 308 307 299 180)
 (306 51 286 300) (181 301 307 287 310) (302 33 306 288) (289 182 303 312 307)
 (67 304 292 312 308) (305 309 313 314 293 183) (260 8) (261 316 184)
 (68 264 316) (185 317 265 318) (22 278 316) (317 186 320 279) (282 320 69 318)
 (283 321 187 319 322) (13 296 316) (317 188 297 324) (318 324 298 70)
 (325 326 319 189 299) (23 320 306 324) (325 328 321 190 307)
 (326 328 322 71 308) (323 309 327 329 330 191) (260 2) (261 332 192)
 (120 262 332) (193 333 334 263) (78 264 332) (194 265 333 336)
 (336 121 266 334) (337 338 195 335 267) (268 54 332) (340 269 196 333)
 (270 36 332) (197 271 333 342) (334 342 272 122) (335 343 198 273 344)
 (79 336 342 274) (275 337 343 199 346) (276 344 346 123 338)
 (277 345 347 348 339 200) (24 332 278) (201 333 350 279) (124 350 334 280)
 (281 202 351 335 352) (282 80 350 336) (337 354 283 203 351)
 (125 338 284 354 352) (339 204 353 355 356 285) (340 55 286 350)
 (341 205 351 287 358) (350 342 37 288) (289 351 206 343 360)
 (352 290 344 360 126) (291 207 345 353 361 362) (360 346 292 81 354)
 (293 208 347 355 361 364) (294 348 127 356 362 364)
 (295 209 349 357 363 365 366) (296 16 332) (210 297 333 368) (368 336 298 82)
 (337 369 211 299 370) (368 340 56 300) (301 369 212 341 372) (302 368 342 38)
 (369 303 213 374 343) (346 304 374 83 370) (371 305 375 376 347 214)
 (25 368 306 350) (369 378 351 215 307) (354 378 84 370 308)
 (371 309 379 380 216 355) (310 372 358 57 378) (373 311 382 217 359 379)
 (39 378 312 374 360) (375 379 313 384 218 361) (85 376 380 314 384 364)
 (377 381 315 385 386 219 365) (10 332 316) (317 388 220 333) (318 336 388 86)
 (337 389 319 221 390) (388 320 26 350) (389 321 222 351 392)
 (354 87 392 322 390) (223 323 355 391 393 394) (388 368 17 324)
 (325 369 396 389 224) (326 88 390 396 370) (371 327 391 225 397 398)
 (378 328 27 396 392) (379 329 393 226 397 400) (89 380 330 394 398 400)
 (401 402 381 331 227 395 399) (260 1) (261 228 404) (132 404 262)
 (405 229 406 263) (264 404 96) (405 265 230 408) (408 133 266 406)
 (409 410 231 267 407) (42 270 404) (405 412 271 232) (406 412 272 134)
 (233 413 407 273 414) (97 408 412 274) (275 234 409 413 416)
 (276 416 414 135 410) (417 418 277 235 411 415) (404 278 28) (236 405 420 279)
 (420 136 406 280) (281 421 237 422 407) (282 408 420 98) (409 283 421 238 424)
 (137 410 284 422 424) (423 425 426 411 285 239) (43 412 420 288)
 (289 421 428 413 240) (290 428 414 422 138) (241 291 423 429 430 415)
 (428 99 292 424 416) (417 242 293 425 429 432) (418 139 294 426 430 432)
 (243 295 427 419 431 433 434) (332 3 404) (405 244 333 436) (406 436 334 144)
 (437 245 407 335 438) (436 408 102 336) (337 409 437 246 440)
 (145 338 440 438 410) (339 247 439 441 442 411) (436 412 45 342)
 (437 444 413 343 248) (146 444 414 438 344) (345 249 439 445 446 415)
 (346 440 444 103 416) (417 250 347 441 445 448) (418 147 348 442 446 448)
 (449 450 419 251 349 443 447) (29 436 420 350) (437 252 421 351 452)
 (438 148 422 452 352) (453 454 423 253 353 439) (354 424 440 452 104)
 (453 456 425 254 355 441) (454 456 426 149 356 442)
 (455 457 458 427 255 357 443) (444 428 46 452 360) (453 460 429 256 361 445)
 (454 460 150 430 362 446) (455 461 462 431 257 363 447)
 (456 460 432 105 364 448) (449 457 461 464 433 258 365)
 (450 458 462 151 464 434 366) (451 459 435 463 465 466 259 367))