(NIL NIL (1 2) NIL (2 4) NIL (6 2) NIL (6 8) (8 4) (8 2) (7 11 9) (10 5 11)
 (8 1) (3 14 11) NIL (16 8) (6 16) (9 18 17) (16 4) (10 20 17) (16 2)
 (11 22 17) (7 18 22) (12 23 19 24) (5 20 22) (26 21 13 23) (16 1) (14 28 17)
 (3 28 22) (15 29 30 23) NIL (32 16) (32 8) (17 33 34) (32 6) (18 33 36)
 (36 9 34) (35 37 19 38) (32 2) (40 22 33) (11 40 34) (35 41 42 23) (7 40 36)
 (37 44 41 24) (38 12 42 44) (25 45 39 43 46) NIL (48 32) (48 16) (49 33 50)
 (48 8) (52 49 34) (52 17 50) (51 35 53 54) (48 6) (49 56 36) (56 18 50)
 (51 37 57 58) (52 56 9) (38 53 57 60) (54 58 19 60) (61 62 39 55 59) (48 2)
 (64 49 40) (64 22 50) (51 65 41 66) (52 11 64) (53 65 42 68) (54 66 23 68)
 (69 70 55 67 43) (64 7 56) (65 72 57 44) (72 66 58 24) (45 73 67 59 74)
 (68 72 12 60) (61 46 73 69 76) (25 62 76 74 70) (47 71 75 77 78 63) (48 1)
 (28 80 50) (52 80 14) (81 82 54 29) (3 64 80) (81 84 66 30) (82 15 84 68)
 (70 83 85 86 31) NIL (48 88) (32 88) (89 49 90) (88 16) (89 92 50) (92 90 33)
 (51 93 94 91) (88 8) (89 96 52) (90 96 34) (53 91 97 98) (92 96 17)
 (100 93 54 97) (35 100 94 98) (99 55 101 102 95) (6 88) (104 89 56)
 (104 90 36) (57 91 106 105) (92 104 18) (93 105 58 108) (37 94 106 108)
 (109 110 95 107 59) (104 9 96) (112 105 97 60) (38 112 106 98)
 (99 61 113 114 107) (100 112 19 108) (109 62 101 113 116) (110 39 102 114 116)
 (111 103 115 117 118 63) (88 4) (92 120 20) (10 120 96) (100 21 121 122)
 (88 2) (124 89 64) (124 90 40) (65 91 126 125) (92 124 22) (93 125 66 128)
 (94 41 126 128) (129 130 95 127 67) (11 124 96) (132 125 97 68)
 (132 126 42 98) (99 69 133 134 127) (100 132 23 128) (129 70 101 133 136)
 (130 102 134 43 136) (137 138 103 71 131 135) (124 7 104) (125 72 105 140)
 (140 126 106 44) (141 73 127 107 142) (128 140 24 108) (109 129 141 74 144)
 (45 110 144 142 130) (111 143 145 146 75 131) (132 140 112 12)
 (133 148 113 141 76) (46 142 148 114 134) (115 143 149 150 77 135)
 (25 144 136 148 116) (137 117 149 152 78 145) (138 47 118 150 152 146)
 (139 147 151 153 154 79 119) (5 124 120) (26 156 121 128) (156 132 13 122)
 (27 157 158 123 136) (88 1) (89 160 80) (92 28 160) (81 161 93 162)
 (14 96 160) (161 82 164 97) (100 164 29 162) (163 101 165 83 166) (3 124 160)
 (161 84 125 168) (162 168 30 128) (129 169 163 85 170) (15 132 164 168)
 (169 165 172 133 86) (170 172 166 31 136) (137 171 173 174 87 167) NIL
 (176 88) (48 176) (89 178 177) (176 8) (96 177 180) (52 178 180)
 (179 181 97 182) (6 176) (104 184 177) (178 56 184) (185 179 105 186)
 (184 9 180) (112 185 181 188) (60 188 186 182) (183 189 113 187 190) (176 1)
 (192 177 160) (178 192 80) (161 193 179 194) (14 180 192) (193 164 181 196)
 (82 194 196 182) (183 197 195 165 198) NIL (200 88) (48 200) (89 202 201)
 (200 32) (90 204 201) (49 202 204) (91 203 205 206) (200 16) (92 208 201)
 (202 208 50) (93 203 209 210) (204 33 208) (212 94 209 205) (51 212 210 206)
 (207 211 213 214 95) (200 8) (216 96 201) (52 202 216) (217 218 203 97)
 (216 204 34) (217 220 205 98) (53 218 220 206) (207 99 219 221 222)
 (216 208 17) (100 217 209 224) (224 218 54 210) (211 101 226 219 225)
 (35 212 220 224) (213 102 225 221 228) (226 214 55 228 222)
 (103 215 223 227 229 230) (200 6) (104 232 201) (56 202 232) (233 105 203 234)
 (232 204 36) (233 106 205 236) (236 57 234 206) (207 237 235 107 238)
 (232 208 18) (240 233 209 108) (234 240 58 210) (211 109 241 242 235)
 (37 212 240 236) (237 110 213 241 244) (238 214 242 59 244)
 (245 246 111 215 239 243) (216 232 9) (217 112 233 248) (248 218 234 60)
 (113 249 219 250 235) (38 248 220 236) (237 249 114 221 252)
 (61 238 252 250 222) (115 251 253 254 223 239) (224 240 248 19)
 (249 225 256 241 116) (62 256 226 242 250) (251 117 257 258 227 243)
 (256 39 252 228 244) (245 253 118 257 260 229) (246 254 258 260 230 63)
 (247 119 259 261 262 231 255) (200 4) (120 264 201) (20 208 264)
 (265 266 121 209) (10 216 264) (265 217 268 122) (224 21 268 266)
 (225 269 267 123 270) (200 2) (272 124 201) (64 202 272) (273 274 125 203)
 (40 204 272) (273 276 126 205) (274 276 65 206) (207 275 277 278 127)
 (272 208 22) (273 280 209 128) (274 280 66 210) (211 129 275 281 282)
 (212 276 41 280) (281 130 213 284 277) (282 284 214 278 67)
 (283 285 286 215 131 279) (216 11 272) (273 217 132 288) (274 288 218 68)
 (289 133 275 219 290) (288 276 220 42) (289 292 277 134 221)
 (69 290 292 278 222) (291 293 294 223 135 279) (224 288 23 280)
 (281 289 225 296 136) (70 296 226 290 282) (137 283 291 297 298 227)
 (292 284 228 43 296) (138 285 293 297 300 229) (286 71 294 298 300 230)
 (139 287 295 299 301 302 231) (7 232 272) (273 140 233 304) (274 72 234 304)
 (305 306 275 141 235) (276 304 44 236) (237 305 308 277 142)
 (238 308 73 278 306) (143 310 239 309 307 279) (280 304 240 24)
 (281 305 312 241 144) (282 312 242 306 74) (313 314 283 145 307 243)
 (45 312 308 284 244) (245 313 316 285 146 309) (246 316 286 314 75 310)
 (247 317 318 287 147 315 311) (304 288 248 12) (289 305 148 249 320)
 (290 320 250 306 76) (251 321 322 291 149 307) (320 46 308 292 252)
 (253 324 293 150 321 309) (254 324 294 77 322 310)
 (255 325 326 295 151 323 311) (25 320 312 256 296) (313 321 257 328 297 152)
 (314 298 322 258 328 78) (329 315 323 259 153 330 299)
 (47 316 324 328 300 260) (329 317 325 261 154 332 301)
 (318 330 326 262 79 332 302) (319 155 263 327 331 333 334 303) (5 272 264)
 (265 273 156 336) (336 266 280 26) (281 337 267 157 338) (336 268 13 288)
 (289 337 340 269 158) (338 27 340 270 296) (271 297 159 339 341 342) NIL
 (344 200) (344 176) (344 48) (345 202 347) (178 346 347) (344 32)
 (350 345 204) (350 49 347) (352 351 206 348) (344 16) (345 208 354)
 (354 347 50) (356 210 355 348) (350 354 33) (212 351 355 358) (51 358 352 356)
 (357 360 359 214 353) (344 8) (216 345 362) (362 346 180) (52 347 362)
 (363 218 365 348) (349 364 365 182) (350 362 34) (351 363 220 368)
 (53 352 365 368) (369 370 353 366 222) (362 354 17) (224 363 372 355)
 (372 54 365 356) (357 226 373 366 374) (35 358 372 368) (369 359 373 228 376)
 (370 360 55 374 376) (371 375 377 378 361 230) (344 6) (345 232 380)
 (184 346 380) (56 380 347) (381 234 383 348) (349 186 383 382) (350 380 36)
 (386 351 381 236) (386 352 57 383) (238 387 388 353 384) (380 354 18)
 (240 381 390 355) (390 58 383 356) (357 392 242 391 384) (37 358 390 386)
 (394 359 387 391 244) (394 360 388 59 392) (393 246 395 396 361 389)
 (362 380 9) (363 248 381 398) (398 364 382 188) (365 398 383 60)
 (401 384 366 399 250) (385 190 401 367 400) (38 398 386 368)
 (369 387 404 399 252) (61 370 388 401 404) (371 254 405 406 402 389)
 (372 390 19 398) (256 373 399 391 408) (401 62 408 374 392)
 (393 375 402 258 409 410) (394 39 404 408 376) (395 377 405 260 409 412)
 (396 378 406 410 412 63) (397 379 407 262 411 413 414) (344 4) (345 416 264)
 (20 354 416) (417 266 355 418) (10 362 416) (417 363 268 420) (418 21 372 420)
 (421 419 373 270 422) (344 2) (345 424 272) (64 347 424) (425 274 426 348)
 (350 40 424) (425 351 276 428) (426 352 65 428) (429 427 353 278 430)
 (424 354 22) (425 432 355 280) (426 432 66 356) (357 282 427 433 434)
 (358 428 41 432) (433 359 284 429 436) (434 360 436 430 67)
 (286 431 435 437 438 361) (362 11 424) (425 363 440 288) (426 440 365 68)
 (441 290 427 366 442) (428 440 42 368) (369 441 292 429 444)
 (69 370 444 430 442) (371 431 294 443 445 446) (372 440 23 432)
 (433 441 448 373 296) (442 70 448 374 434) (375 435 298 443 449 450)
 (436 444 448 43 376) (377 437 300 445 449 452) (378 71 438 446 450 452)
 (379 439 302 447 451 453 454) (7 380 424) (425 456 381 304) (426 72 383 456)
 (457 306 427 458 384) (386 428 456 44) (457 387 308 429 460)
 (458 460 388 73 430) (459 461 462 431 389 310) (432 456 390 24)
 (433 457 464 391 312) (434 464 74 458 392) (393 314 459 465 466 435)
 (45 394 436 460 464) (395 316 461 465 468 437) (396 462 466 468 438 75)
 (397 318 463 467 469 470 439) (12 456 398 440) (441 457 472 399 320)
 (401 442 472 458 76) (459 402 473 474 443 322) (46 404 444 460 472)
 (461 324 405 473 476 445) (462 406 77 474 476 446)
 (463 326 407 475 477 478 447) (25 472 448 464 408) (473 465 328 409 480 449)
 (474 466 78 410 480 450) (467 475 330 411 481 482 451)
 (47 412 468 476 480 452) (469 332 413 481 477 484 453)
 (470 79 414 482 484 454 478) (415 471 334 479 483 485 486 455) (5 424 416)
 (417 425 488 336) (418 432 488 26) (433 338 419 489 490) (420 13 488 440)
 (441 489 340 421 492) (490 27 492 422 448) (491 493 494 423 449 342) (344 1)
 (496 346 192) (496 347 80) (349 194 497 498) (28 354 496) (81 498 500 356)
 (362 496 14) (497 364 502 196) (82 365 502 498) (503 499 198 367 504)
 (372 29 502 500) (506 83 501 374 504) (3 496 424) (426 84 508 498)
 (500 508 30 432) (434 509 85 501 510) (15 508 502 440) (442 512 509 86 504)
 (506 512 510 31 448) (513 514 87 450 507 511))