(NIL NIL (2 1) NIL (4 2) (4 1) (3 6 5) NIL (2 8) (1 8) (3 10 9) NIL (4 12)
 (2 12) (5 13 14) (1 12) (6 13 16) (3 16 14) (7 18 17 15) NIL (12 20) (8 20)
 (4 20) (21 13 23) (1 20) (21 25 16) (22 25 10) (6 23 25) (26 28 17 24) NIL
 (20 30) (12 30) (31 21 32) (8 30) (31 22 34) (4 30) (31 23 36) (32 13 36)
 (37 38 33 24) (2 30) (40 32 14) (40 34 9) (40 5 36) (38 43 41 15) (1 30)
 (31 25 45) (32 16 45) (47 33 26 46) (34 10 45) (35 27 49 46) (6 45 36)
 (37 51 28 46) (47 38 51 17) (48 39 29 53 52) (40 3 45) (47 41 55 18)
 (55 42 11 49) (55 7 43 51) (19 56 58 44 53) NIL (60 30) (60 20) (61 31 62)
 (60 12) (61 32 64) (21 62 64) (63 65 33 66) (60 8) (61 34 68) (22 62 68)
 (63 69 35 70) (60 4) (61 72 36) (62 72 23) (37 63 73 74) (64 13 72)
 (38 73 65 76) (76 66 24 74) (77 78 39 75 67) (60 1) (61 80 45) (62 80 25)
 (63 82 81 46) (64 16 80) (47 84 65 81) (84 26 66 82) (83 48 85 86 67)
 (10 68 80) (49 69 88 81) (88 27 70 82) (83 50 89 71 90) (6 72 80)
 (51 73 81 92) (92 28 74 82) (83 93 94 52 75) (92 84 17 76) (77 85 93 53 96)
 (78 86 94 29 96) (87 95 97 98 79 54) NIL (60 100) (100 30) (61 102 101)
 (100 12) (64 101 104) (102 104 32) (105 106 103 65) (100 8) (68 101 108)
 (102 108 34) (109 110 103 69) (4 100) (72 101 112) (102 112 36)
 (113 103 73 114) (112 13 104) (105 116 113 76) (106 116 114 38)
 (77 117 107 115 118) (2 100) (40 102 120) (120 14 104) (106 122 121 41)
 (120 9 108) (110 42 121 124) (112 5 120) (126 43 114 121) (122 126 15 116)
 (123 118 44 128 127) (100 1) (130 101 80) (102 45 130) (103 132 131 81)
 (130 16 104) (105 84 131 134) (47 106 132 134) (107 133 85 135 136)
 (130 10 108) (109 138 131 88) (110 49 132 138) (111 140 133 139 89)
 (6 112 130) (92 131 113 142) (132 51 114 142) (93 133 143 115 144)
 (142 134 17 116) (117 146 96 135 143) (118 144 146 53 136)
 (137 119 145 147 148 97) (3 130 120) (55 132 150 121) (150 18 134 122)
 (123 56 152 151 136) (124 11 150 138) (154 125 140 57 151) (7 126 142 150)
 (58 127 156 151 144) (19 146 156 128 152) (59 148 129 153 157 158) NIL
 (160 100) (60 160) (101 162 161) (160 30) (102 164 161) (61 164 162)
 (103 165 166 163) (160 12) (168 161 104) (168 64 162) (105 169 170 163)
 (32 168 164) (169 106 165 172) (172 65 166 170) (173 174 107 171 167) (160 8)
 (176 161 108) (176 68 162) (109 177 178 163) (176 34 164) (110 165 177 180)
 (180 69 166 178) (181 182 111 179 167) (160 4) (112 184 161) (184 72 162)
 (185 113 186 163) (164 184 36) (185 165 114 188) (188 73 166 186)
 (189 190 115 167 187) (168 13 184) (185 192 169 116) (186 192 170 76)
 (117 193 187 171 194) (38 188 192 172) (173 118 189 193 196)
 (77 174 196 194 190) (119 175 195 197 198 191) (160 2) (120 161 200)
 (40 164 200) (201 202 165 121) (168 14 200) (201 204 169 122) (41 204 202 172)
 (173 123 203 205 206) (176 9 200) (201 124 177 208) (202 42 208 180)
 (181 209 125 203 210) (184 5 200) (201 212 126 185) (212 202 43 188)
 (189 213 203 127 214) (204 212 192 15) (205 193 128 213 216)
 (214 216 44 206 196) (217 218 129 197 207 215) (160 1) (130 161 220)
 (220 162 80) (221 222 131 163) (164 45 220) (221 132 165 224) (222 224 166 81)
 (225 223 133 226 167) (168 16 220) (221 169 134 228) (84 228 170 222)
 (229 230 223 135 171) (47 224 228 172) (173 229 232 225 136)
 (174 85 232 226 230) (137 231 233 234 175 227) (10 176 220) (221 138 177 236)
 (222 236 178 88) (237 238 139 223 179) (49 224 236 180) (181 237 140 225 240)
 (182 240 226 89 238) (183 141 239 241 242 227) (6 184 220) (221 185 142 244)
 (92 244 186 222) (245 246 223 143 187) (224 51 244 188) (189 245 248 225 144)
 (190 93 248 226 246) (145 191 247 249 250 227) (192 244 17 228)
 (229 146 193 245 252) (230 246 252 194 96) (231 147 195 247 253 254)
 (232 248 252 53 196) (233 148 197 249 253 256) (234 198 250 97 254 256)
 (235 149 199 251 255 257 258) (3 220 200) (201 221 150 260) (55 202 224 260)
 (261 262 203 225 151) (204 228 260 18) (229 261 264 205 152)
 (56 232 264 206 262) (263 265 266 153 207 233) (236 11 260 208)
 (209 154 237 261 268) (210 57 240 268 262) (263 269 270 241 155 211)
 (7 212 260 244) (245 261 156 213 272) (262 58 214 248 272)
 (263 273 274 249 157 215) (19 252 264 272 216) (217 265 273 276 158 253)
 (218 59 266 274 276 256) (219 267 275 277 278 159 257) NIL (280 160) (280 100)
 (281 161 282) (280 60) (281 162 284) (284 101 282) (283 285 163 286) (280 30)
 (164 281 288) (102 288 282) (283 289 165 290) (61 288 284) (285 289 292 166)
 (286 103 292 290) (287 293 291 167 294) (280 20) (62 296 284) (31 296 288)
 (63 292 297 298) (280 12) (300 168 281) (300 104 282) (283 301 169 302)
 (300 64 284) (285 301 170 304) (105 286 302 304) (305 306 287 303 171)
 (32 300 288) (289 308 301 172) (290 308 302 106) (173 291 309 310 303)
 (308 292 65 304) (305 174 293 309 312) (306 107 312 294 310)
 (295 175 307 311 313 314) (21 300 296) (316 297 66 304) (316 33 308 298)
 (318 317 67 299 312) (280 4) (184 281 320) (112 320 282) (283 321 185 322)
 (72 320 284) (285 321 186 324) (286 113 322 324) (325 326 287 323 187)
 (36 320 288) (289 328 321 188) (290 328 114 322) (189 291 329 330 323)
 (292 73 328 324) (325 190 329 293 332) (326 332 294 115 330)
 (333 334 295 191 327 331) (320 296 23) (336 297 74 324) (37 328 298 336)
 (338 337 75 299 332) (300 13 320) (321 192 301 340) (322 340 302 116)
 (341 342 193 323 303) (76 324 340 304) (305 325 344 341 194)
 (117 306 342 344 326) (343 345 346 195 307 327) (38 308 328 340)
 (341 329 348 309 196) (118 342 348 310 330) (349 343 197 350 311 331)
 (77 332 348 344 312) (333 345 349 198 352 313) (334 119 346 350 352 314)
 (335 199 347 351 353 354 315) (316 340 24 336) (78 344 317 337 356)
 (39 348 318 356 338) (339 352 357 358 79 319) (280 2) (360 281 200)
 (360 120 282) (283 201 361 362) (40 360 288) (289 202 361 364)
 (290 362 121 364) (365 366 291 203 363) (360 300 14) (361 204 301 368)
 (362 368 302 122) (369 205 363 303 370) (41 308 368 364) (365 369 309 206 372)
 (123 366 372 310 370) (311 367 371 373 374 207) (360 320 5) (361 212 321 376)
 (376 126 322 362) (377 213 363 323 378) (43 376 328 364) (365 377 329 214 380)
 (366 380 127 330 378) (367 331 379 381 382 215) (368 15 376 340)
 (341 377 384 369 216) (342 378 384 128 370) (217 343 371 379 385 386)
 (380 372 44 384 348) (218 373 349 381 385 388) (374 129 350 382 386 388)
 (389 390 219 375 351 383 387) (280 1) (392 281 220) (130 392 282)
 (283 221 393 394) (392 80 284) (285 222 393 396) (286 131 394 396)
 (397 398 287 223 395) (392 45 288) (289 224 393 400) (290 132 394 400)
 (401 291 225 402 395) (292 400 81 396) (397 401 293 226 404)
 (398 404 133 294 402) (405 406 295 227 399 403) (25 296 392) (408 396 297 82)
 (408 400 298 46) (83 409 410 299 404) (300 16 392) (393 412 301 228)
 (412 394 302 134) (229 413 395 303 414) (412 84 396 304) (305 230 416 397 413)
 (306 416 414 135 398) (231 415 417 418 307 399) (47 412 308 400)
 (413 401 232 309 420) (420 414 402 310 136) (233 415 421 422 311 403)
 (416 420 85 404 312) (405 234 417 421 424 313) (137 406 418 422 424 314)
 (407 235 419 423 425 426 315) (408 26 316 412) (416 409 86 317 428)
 (428 48 420 318 410) (411 87 424 429 430 319) (6 320 392) (393 432 321 244)
 (432 394 322 142) (245 433 395 323 434) (432 92 396 324) (325 246 433 397 436)
 (326 436 434 143 398) (437 438 247 399 327 435) (432 328 51 400)
 (401 248 329 433 440) (440 402 434 330 144) (441 442 331 249 403 435)
 (436 440 93 404 332) (333 405 441 444 250 437) (334 442 444 145 406 438)
 (335 443 445 446 439 407 251) (408 432 336 28) (409 94 337 448 436)
 (448 440 410 338 52) (339 411 444 449 450 95) (432 412 17 340)
 (341 413 452 433 252) (342 452 414 434 146) (343 453 454 253 415 435)
 (416 452 344 96 436) (437 417 345 453 456 254) (438 147 346 418 454 456)
 (439 419 455 457 347 255 458) (440 420 452 53 348) (421 441 349 453 460 256)
 (442 454 148 350 422 460) (443 455 351 461 462 423 257)
 (352 444 456 424 97 460) (445 457 425 461 353 464 258)
 (446 149 458 462 464 426 354) (355 427 447 459 463 465 466 259)
 (448 428 29 452 356) (449 429 456 98 357 468) (430 450 460 358 54 468)
 (469 470 451 99 359 464 431) (3 360 392) (393 472 361 260) (472 394 362 150)
 (261 473 395 363 474) (55 472 400 364) (365 262 401 473 476)
 (366 476 402 151 474) (263 475 477 478 367 403) (412 472 368 18)
 (413 473 480 264 369) (414 480 370 474 152) (265 475 415 481 482 371)
 (480 56 476 420 372) (421 266 477 481 484 373) (422 478 482 484 153 374)
 (267 479 423 483 485 486 375) (432 472 7 376) (473 433 488 272 377)
 (488 156 378 474 434) (475 273 489 490 379 435) (488 440 476 58 380)
 (441 477 274 489 492 381) (442 478 157 490 492 382)
 (443 479 275 491 493 494 383) (19 488 480 384 452) (481 276 453 489 496 385)
 (482 454 490 496 386 158) (483 277 455 491 497 498 387)
 (59 460 484 492 496 388) (389 461 485 278 493 497 500)
 (390 486 159 462 494 498 500) (501 502 391 279 487 495 463 499) NIL (504 280)
 (504 100) (506 505 282) (504 60) (505 508 284) (506 508 101) (286 507 509 510)
 (504 30) (505 512 288) (506 512 102) (513 290 507 514) (61 508 512)
 (513 516 292 509) (514 103 516 510) (515 517 294 511 518) (504 12)
 (505 300 520) (506 520 104) (521 522 507 302) (64 508 520) (521 524 509 304)
 (105 522 524 510) (306 523 525 526 511) (32 520 512) (513 521 308 528)
 (514 528 522 106) (529 530 515 523 310) (524 516 65 528) (529 525 532 517 312)
 (530 107 532 518 526) (527 531 533 534 519 314) (504 8) (506 536 108)
 (68 508 536) (109 537 510 538) (34 536 512) (514 540 537 110) (516 69 538 540)
 (541 542 111 518 539) (504 4) (505 320 544) (506 112 544) (507 545 322 546)
 (508 72 544) (545 548 509 324) (548 113 510 546) (549 326 547 511 550)
 (36 544 512) (513 328 545 552) (514 552 114 546) (515 553 330 547 554)
 (516 73 552 548) (549 553 556 517 332) (550 556 518 115 554)
 (334 551 555 557 558 519) (544 13 520) (521 560 545 340) (522 560 546 116)
 (342 523 561 562 547) (524 560 548 76) (549 561 344 525 564)
 (117 550 564 526 562) (551 527 346 563 565 566) (38 552 560 528)
 (529 561 568 553 348) (530 562 568 554 118) (555 531 563 350 569 570)
 (77 532 564 568 556) (557 533 565 352 569 572) (119 558 534 566 570 572)
 (559 535 567 354 571 573 574) (504 2) (576 505 360) (506 576 120)
 (507 577 362 578) (40 576 512) (513 580 577 364) (514 578 121 580)
 (581 366 515 579 582) (576 14 520) (521 584 368 577) (522 584 578 122)
 (523 585 370 579 586) (41 584 580 528) (529 581 588 585 372)
 (123 530 588 586 582) (590 531 587 589 374 583) (576 536 9) (124 592 537 578)
 (592 42 580 540) (541 582 125 593 594) (576 544 5) (577 376 545 596)
 (596 126 546 578) (597 598 579 378 547) (43 596 552 580) (581 597 600 553 380)
 (582 600 127 554 598) (555 583 382 599 601 602) (596 584 560 15)
 (597 585 384 561 604) (598 604 562 586 128) (605 606 587 563 599 386)
 (604 600 568 44 588) (605 608 589 569 601 388) (606 608 129 590 570 602)
 (390 607 609 610 591 571 603) (504 1) (612 505 392) (506 612 130)
 (507 613 394 614) (612 508 80) (613 616 509 396) (131 616 510 614)
 (617 398 615 511 618) (612 45 512) (513 620 400 613) (620 514 132 614)
 (515 621 402 615 622) (620 516 81 616) (617 621 624 517 404)
 (618 624 133 518 622) (406 619 623 625 626 519) (612 16 520) (521 628 613 412)
 (522 628 134 614) (414 523 629 630 615) (628 84 524 616) (617 629 416 525 632)
 (618 632 526 135 630) (527 619 418 631 633 634) (47 628 620 528)
 (529 629 636 621 420) (530 636 630 622 136) (531 623 422 631 637 638)
 (632 636 85 532 624) (533 625 424 633 637 640) (137 534 626 634 638 640)
 (641 642 535 627 426 635 639) (10 612 536) (138 644 537 614) (616 644 538 88)
 (618 139 645 646 539) (49 620 644 540) (541 140 645 622 648)
 (542 648 646 89 624) (141 647 649 650 543 626) (612 6 544) (613 432 545 652)
 (652 614 546 142) (615 653 434 547 654) (92 616 652 548) (549 617 656 653 436)
 (550 656 654 143 618) (438 551 619 655 657 658) (620 552 51 652)
 (621 653 440 553 660) (654 660 622 554 144) (442 555 623 661 662 655)
 (93 624 656 660 556) (657 444 557 625 661 664) (626 145 558 658 662 664)
 (446 559 659 627 663 665 666) (628 560 652 17) (629 653 668 561 452)
 (654 146 668 562 630) (563 454 655 631 669 670) (668 632 656 96 564)
 (657 565 456 633 669 672) (566 147 658 634 670 672)
 (673 674 659 567 458 635 671) (636 568 660 668 53) (676 669 661 460 569 637)
 (676 148 638 662 670 570) (677 663 639 571 462 671 678)
 (676 572 97 664 672 640) (641 673 677 680 665 573 464)
 (674 678 642 680 149 574 666) (675 679 681 682 643 575 466 667) (3 612 576)
 (613 472 577 684) (684 614 578 150) (615 685 474 579 686) (55 620 684 580)
 (581 685 688 621 476) (582 688 622 151 686) (478 583 687 689 690 623)
 (628 584 684 18) (685 629 480 585 692) (686 692 630 586 152)
 (482 587 693 694 631 687) (56 692 636 688 588) (689 484 589 693 696 637)
 (690 153 590 694 696 638) (691 486 591 695 697 698 639) (684 592 11 644)
 (154 645 700 593 686) (700 57 688 594 648) (649 690 155 595 701 702)
 (7 652 684 596) (597 685 488 653 704) (598 704 156 654 686)
 (705 706 655 490 599 687) (704 600 58 660 688) (705 708 689 661 492 601)
 (706 708 690 157 662 602) (707 709 710 691 663 494 603) (19 704 668 692 604)
 (605 705 712 693 496 669) (606 706 712 158 670 694)
 (707 713 714 607 695 498 671) (608 59 712 676 708 696)
 (677 713 716 709 697 609 500) (710 714 716 678 159 698 610)
 (502 611 679 711 715 717 718 699))