(NIL NIL (2) (2) (1) (5) (2) (4 7 5) (3 8) (3 7 5) (10 8) (11 6) (11 6) (13)
 (14) (15) (16) (17) (17 12) (9 16) (14) (20 21) (22) (9 11) (11) (19 25 22)
 (24 26) (27) (27) (19 20 25) (23 18 30 28 29) (9 17 12) (28) (33 29) (15)
 (29 35 28) (30 27 35) (23 37 28 29) (36 32 38 33) (31 39) (40) (40) (42) (43)
 (41 44) (42) (34 41 43 46) (44 47) (47) (47) (50) (51) (50) (49 52 44 53) (53)
 (55) (56 48) (51 55) (58 54) (58 45) (60 52 48) (55) (49 51 45 62 56)
 (57 60 63) (63) (65 54 64) (66) (66) (61 62) (59 69 63) (65 70 64) (71)
 (65 70) (73 67 68) (74) (74) (76) (73) (78) (67 79 71) (68 80) (80) (82 76)
 (75 83 72) (83 77) (81 85 72) (68 70) (87 84 86) (75 86) (89) (90) (89)
 (92 87) (93 88 90) (91 93 84) (92 88 90) (96) (97) (97) (95 99) (94 100)
 (101 98) (100 98) (103) (103) (105) (105) (107) (94 108 104) (94 108)
 (110 104) (109 110) (112) (113) (102 110) (115 111) (113 106 116)
 (106 109 110) (101 118) (116 119) (113 119) (121 117 120) (121 117)
 (114 123 120) (122 124) (117 119) (115 119) (121 127) (111 128) (129 114 117)
 (129 122 124) (131) (131 126) (130 133 125) (131) (130 135) (132 134 136)
 (134 135) (138 132) (139 136) (137 140) (139) (142 136) (139) (137 143 144)
 (129 122 123 126) (146 141 142 144) (130 132 133 135 146) (148) (147 149)
 (137 139 149) (141 151 143) (152 144) (149 142 144) (137 140 149 143)
 (155 151) (149 141 143) (147 157 155) (145 158 152) (158) (153 154 156 160)
 (153 160) (161 162) (153 157) (154 164 159) (145 164 160) (164 150 159)
 (163 167) (168) (163 167) (154 156 167) (171) (172 165) (173 168) (166 174)
 (171 165 166) (170 174 176) (169 177) (178) (169 170 175 176) (180)
 (169 173 176) (170 174 182) (183) (175 184) (185) (186) (185 178 180)
 (179 188) (186 189) (189) (187 191) (192) (193 190) (194) (195) (196) (197)
 (198) (195 181))