(NIL NIL NIL NIL (4) (4 3) (4) (4 3) (8) (2 1 8) (7 8) (1 9 11) (1 11) (12 13)
 (14) (13 9) (6 11) (17 15) (18 2 16) (17 2 16) (5 20 14) (19 10 21) (22) (23)
 (19 20) (10 25) (26 23) (27) (28 24) (21 26) (30 23) (23) (32) (33) (33 24)
 (29 30 34 35) (31 36) (35 26) (29 30 34 35) (34 35 27) (35 28) (41 39 37) (42)
 (41 40 37) (44) (45 42) (45) (47 38) (48) (45) (48 50 42) (48) (51 52) (52 43)
 (54) (55) (51 56) (38 44) (48 58 50) (58 53 55 46) (57 49 58) (49 39 58)
 (59 52 62) (61 53 63 46) (53 43 46 62) (65) (66 61) (67) (68 64) (69) (66 55)
 (71) (71) (73 72) (67 71) (57 65 63) (76 68 72) (77 70) (78) (74 60 78)
 (77 74 69) (81 60 79) (81 80) (83) (81) (74 75 76) (78 86) (78 86) (87 88)
 (89 80) (89 83 85) (91) (92) (90 91) (82 93 94) (95) (95) (91 79) (98 95)
 (97 98) (100) (99 100) (99 100) (101 102 103) (91) (105 102 103) (106 104)
 (106 84 96) (104 105 84 96) (109) (109) (111) (110 112) (113) (114 107)
 (108 112) (116) (115 117) (117) (115 117) (118 120) (121 119) (107 116)
 (116 110) (124) (123 125 119 120) (121 124) (124 118 120) (122 126 127 128)
 (128) (130 126) (122 124) (130 132 127) (131 133) (129 134) (134) (132 126)
 (137 136) (129 138) (124 118 119) (123 140 128) (129 130 140) (131 133 142)
 (137 134 143) (144) (137 134 143) (146 139 141) (146 139 141 144) (146 139)
 (149 135) (145 150) (151) (148 152) (153) (154) (154) (155 156) (147 156)
 (156) (147 150) (149 144) (153 161) (162 147 159) (163 157) (164 158 160)
 (162 155 158) (157 166) (167) (168) (164 168 160) (170) (171) (157 166)
 (161 157 158 160) (171 174) (169 174) (171 165 176) (177 175) (178) (179 172)
 (180 173) (179) (177 173) (179 183) (172 184) (185) (182 184) (183)
 (188 172 182 184) (189) (188 172 182 184) (187 180 188) (185 189 192) (193)
 (172 188 184) (186 195 181) (195 181 190) (186 197 191 192) (198) (195 191))