(NIL NIL (2) (3) NIL NIL (1) (7) (8) (9 2) (9) (10 11) (11) (3 8) (6 14) (11 4)
 (16) (17) (15 17) (16) (20) (21 19 18) (22) (23 12) (23 12) (25) (5 26) (25)
 (5 28) (5 28) (5 17 21) (31 28) (32) (31 13) (34 15 18) (34 28) (32 36)
 (10 31) (38 27 37) (38 28) (38 33 13 27) (26 28) (42 32 24 36 40) (30 42)
 (43 44) (42 37 40) (43 46 39) (47) (44 35 47) (33 45 49) (47)
 (33 45 48 51 49 29) (50 52) (35 44 46) (46) (55 54 50 51) (56 48) (57) (46 29)
 (59 56 52) (57 60) (59 51) (59 56 41) (53 63) (64 62) (65 58 61) (64 58)
 (30 59 48) (64 62 68 61) (66 68) (59 56 48) (41 58 71 61) (68 71)
 (64 73 62 60) (74 57) (65 74) (76) (74 70) (67 78) (68 71 52) (65 80) (81 78)
 (82 76) (81) (82 75 84 77) (85) (86 72) (67 87) (88) (85) (90) (90 67 87)
 (89 83 92 69) (85) (84 67 78) (83 95 88) (89 91 92 96) (95 87) (98 69) (94 95)
 (90 100 87) (91 101) (89 91 100 99 79) (92 103) (82 77 95) (105 93 102)
 (105 92 101 103) (107 96) (108 104) (109) (109) (108 104) (108)
 (97 113 93 111) (114 110) (114) (116 112) (108) (118) (119) (97 120)
 (109 102 120) (115 117 102 120) (102 118) (106 124 122 112) (121 125 111)
 (113 126) (127) (125) (129 117) (129 111) (131 128) (131 127)
 (133 115 132 117) (133) (135) (121 131 116 110) (137 127) (137) (138 139 117)
 (123 140 128) (115 139 127) (123 142) (141 133 143) (144) (133 143)
 (146 130 128) (147 135) (148 141 134) (137 132) (130 115 131 128)
 (123 134 151) (146 152 144) (153 148 136) (154) (155 150) (145 154)
 (153 150 136) (138 150 152) (153 159) (148 160) (161 136) (145 161 149 136)
 (148 158 160) (154 164) (155 164 163) (166) (166) (154 164) (169 168)
 (162 170) (169 162 168) (171 172) (172 157) (174) (174) (172 157) (177 173)
 (140 151 135) (162 179 165) (177 180) (170 181) (171 156 182 167) (181 176)
 (182 184) (185 171) (178 156 167 186) (178 180 175) (162 179 157 168)
 (185 189) (178 175 167 190) (188 190 167) (187 190) (193) (194 191) (195 192)
 (194) (197) (198) (178 189 183))