(NIL NIL NIL NIL NIL (5 3) (5 4 3) (7) (5) (2 9 4) (5 3) (11) (12 2 1) (9 13)
 (10 14) (4 6 14) (10 13) (17) (9 2 6 1) (19) (9) (21 19) (10 20 22) (12 22)
 (17 22) (15 18 25) (21 19 7) (12 21) (23) (29 16 17) (30) (30 25 7) (32)
 (33 8) (31 18 27 33) (28 35) (35) (34 26 37) (28 32) (15 39 24) (24 26 32)
 (41) (34 42) (28 43) (42 37) (35 42) (46) (47) (42) (46 45 49 8) (50) (51)
 (48 36 52) (40 53 38 44) (39 53) (55 40) (48 43 38 52) (51 44) (40 57 53 58)
 (49 33) (34 28 41) (36 52 58) (62 53) (62 61 40) (64 59) (60 56 62 54) (66)
 (61 67 59) (57) (69 54) (70 59) (69 36 58) (61 72 71) (73) (74 66)
 (73 63 64 66) (76 67) (77) (78) (65 79) (70 67 72) (81 65 71) (81 64)
 (81 65 78) (82 83 84) (85) (86) (85) (84) (89 85 79) (84 68) (75 91 83)
 (74 84) (92 93 79) (94 88) (75 93 86 79) (91 96) (92 93 86) (81 78)
 (90 99 96 88) (100 94 87) (101 80) (102 95) (97 102 95) (104) (105) (104)
 (98 107 103) (100 95) (98 109 87 80) (110) (97 111) (107 112) (113) (114)
 (97 101 111) (115 116) (111) (118) (116 119 104) (113 118) (105 121 116 119)
 (122) (106 115 123 120) (124 108) (125 117) (118) (125 127) (128) (129 126)
 (128) (131 117) (132) (130 133) (130 132) (135) (135) (137) (135) (129 131)
 (140 136) (124 127) (142) (143) (131 144) (145 140) (145 139 133) (137 144)
 (137 142) (140 149) (139 140 149) (137 142 136) (139 133 152) (153 149)
 (149 152) (142) (147 156 134 155) (138 157 146) (158) (154 148 158) (160)
 (138 139 140 149 156) (162 141 160) (163) (163 151) (157 141 162)
 (154 134 151 162) (148 157 150 167) (159 168) (169 141 160) (161 169)
 (171 166) (170 172) (173) (165 174) (171 164 165) (176) (177) (178 174)
 (172 176) (176) (170 181 166) (177 174 182) (178 173 182) (177 172 181)
 (181 173) (186) (186 174 184) (179 188) (189 183) (186 182) (187 189 191 175)
 (181) (193 189) (185 194 192) (193 187 175) (178 196) (179 197 182) (198 184)
 (178 180 191 196))