(NIL (1) NIL (3) (3) (1 5) (4) (7) (1 8) (1 8) (7) (8) (10 12) (13 2) (14) (13)
 (16) (2 17) (6 12 11) (13 2 19) (20) (21 15) (22 9) (23) (4 5) (25 6 8)
 (23 26) (27 18) (23 26 17) NIL (30 19 26) (28 31) (14 31) (24 27 31)
 (21 14 26 18) (35 24 32) (36) (35 23) (38) (39 32) (39 32) (27 38) (34 29 42)
 (43 39 28) (42 32) (45) (34 46 39) (34 38) (36 48) (49) (42 50) (51 44 46)
 (51 33) (53 47) (49 45 39) (50 43 55 40) (56) (44 47 56) (41 58 51) (53 59 37)
 (60) (58 33) (49 29 39) (41 58 63) (37 54 64) (65) (65 59) (67) (65) (59 69)
 (66 52 70) (59 69 62) (65) (63 55 47 40) (74 69) (75) (76 68 70) (77 62)
 (57 76) (77 79) (66 60 80) (80) (82 61 72) (81 83) (61 80) (62 79) (52 86 80)
 (84 86 71) (73 52 86) (89 61 72) (89 84 85 71) (83 78 86) (52 92) (93) (87)
 (91 94 95) (96) (84 93 95) (98 96) (98 90 71) (100) (101 96) (101) (91 103)
 (97 99 104) (98 90 91) (106 96) (97 107) (108 104) (108) (107) (88 106 103 96)
 (97 112) (113) (114 110) (114) (114 107) (117 111) (117) (113 108) (99 120)
 (121 102 118) (121 102 118) (121 104) (117 124 109) (122 125) (105 126 119)
 (125) (124) (129 110 111) (113) (129 131 127) (129 131 125) (123 131 128)
 (130 115 133 134) (105 126 135) (136) (135) (105 138 126) (138 119) (135 119)
 (141 126) (137 142) (137 141) (142 144) (105 135) (138 126 146) (105 134 119)
 (140 141 148) (145 147 149) (149) (139 151 143 144) (152) (153 147) (145 154)
 (153) (153 147) (157) (158) (142 151) (153 132 160) (145 139 143 160)
 (154 150 162) (162 150) (164 116 158) (146 148 143 144) (153 116 166 160)
 (161 163 167) (150 167) (169 163 157) (170 164 159 168) (170 155 168)
 (161 169 155 156 159) (169 156) (150 166) (163 175)
 (132 170 176 164 155 156 159) (163 116 175) (178 171 173) (179) (177 179)
 (177 178 172 174) (161 178 164 167) (179 182 183) (155 156 165 183 176)
 (177 185 171 173 174) (179 183) (187 176) (185 188) (185 180 188) (190 184)
 (186 188 181) (192) (188 181) (187 176) (195 180 181 182) (186 195 182)
 (187 180) (193 198) (193 198 191))