(NIL (1) (2) (3) (3) (3) (1) (1) (8) (4 9) (6 7) (1) (2 8 12) (13 4) NIL (15 1)
 (13 16) (15 4) (13 18) (19 5) (17 20) (6 18) (18 5) (12 11 10 23) (24 20)
 (7 12 8 23) (6 14 26 9) (14 7 19 23) (28) (27 11 28) (22 30) (6 21 28 10) (28)
 (26 20 28) (20 28) (31 29 10 35) (24 34 36) (36) (34 38) (39 33) (39) (38)
 (32 38) (24 34 38) (21 36 33) (24 32 36) (17 10 35) (24 41 47 45) (43 46 48)
 (42 49 40 44) (48) (37 40 51) (42 51 43 44) (53) (41 47) (43 47 44) (42 52 56)
 (57) (57 25) (59 55) (25 37 46 33 56) (50 53 61 58) (62) (63) (63) (50 60 61)
 (61 52 53) (67 63) (65 68 55 64) (69) (59 70) (68) (72) (73 60 69) (72)
 (68 60) (76 72) (77) (77) (73 69 54 79) (75 78 80) (81 66 71) (81) (66 70 80)
 (84) (70 80) (66 86) (77 70) (78 88) (85 78 87 88) (73 66 75 76) (77 91 69)
 (92 54) (89 92) (94 87) (84 95) (83 96) (81 93 86 94) (82 98 96) (74 99 85)
 (98 87) (74 83 94) (102 71) (83 92 71) (99 104) (105 90) (106) (106) (108 103)
 (108) (105 100) (101 111 103) (97 110 111) (113 102) (113 107 102) (105 85)
 (116 106 100 101 103) (97 106 116) (110 111 118) (114 115 119) (109 101 120)
 (114 115 119) (122) (119 112) (124) (123 124 117) (114 109 119) (107 127)
 (107 116 109 110) (129 123 117) (130 126 128) (129 126 128) (130 132) (133)
 (90 116 112) (135 119) (121 136 128) (135 127) (138 131 132 120)
 (123 125 135 128) (139 140) (122 135) (121 136 142 128) (137 138 132 143)
 (130 140 144) (145 139) (132 143) (139 134 147) (145 147) (149) (150) (150)
 (131 152) (146 134 152) (151 152) (152) (139 156 133 155) (157) (154 157)
 (146 157) (160) (153 160) (162) (160) (153 154 155 156) (148 151 152)
 (148 150) (157 167) (162 168) (162 166 168) (154 167) (171 159 160)
 (163 172 165 166) (173) (141 174 168) (158 175) (174 168) (177 158) (173)
 (161 179 164 158) (169 180 176) (179) (155 171) (137 138 126 142)
 (177 141 184) (169 178 185) (185 179 158) (187) (188 181 182 183) (189)
 (186 190) (169 188) (169 187) (193 178 182 192) (194) (195) (170 196 183)
 (193 183 175) (194 198 191) (170 195 199))