(NIL (1) (2) NIL (4) (5 1) (6 3) (5 2) (8) (7 9) (10) (10) (9) (12 13) (11 14)
 (11 14) (14) (17 15) (18) (19 16) (18 16) (20 21) (20 21) (23) (23) (25) (26)
 (26 22 24) (27 28) (22 23) (27 30 24) (31) (26 30) (33 29 31) (34) (34 32)
 (35 36) (36) (35 36) (37 38 39) (40) (40) (38 39) (41 43) (44) (45) (45)
 (46 47) (42 48) (49) (50) (51) (52) (49) (53 54) (55) (56) (57) (55) (57 59)
 (60) (58 61) (61) (63) (58 64) (61) (66 64) (58 67) (65 66) (69 62) (70)
 (68 69) (66 62 63) (73 69) (74 67) (75 70 72) (76) (77) (78) (78 71) (80)
 (81 79) (79 80) (78 71) (82 83 84) (82 84) (86) (85 86) (87 88) (88) (89 90)
 (91) (90 87) (93) (94) (95) (91 96) (92 94) (97 98) (99) (99) (100 101) (102)
 (99) (101 104) (105 102) (106) (106) (106) (109 103) (108 109) (107 109)
 (111 112) (113) (113 103) (114 115) (116 110) (117) (118) (118) (116)
 (121 120) (122 119) (121 118) (123 124) (123 124) (123 124) (126 127)
 (125 128) (125 127) (130) (130) (129 131 132) (133) (134) (135) (134)
 (137 136) (137) (138 139) (134) (140 141) (142) (143) (144) (143) (145 146)
 (146 144) (147 148) (149) (142) (145 151) (147 148 152) (149 152) (154)
 (153 155) (153 155 150) (156 157) (158) (158) (157) (161 159 160) (157) (163)
 (161 163 160) (162 165) (166) (167) (168) (168) (170 164) (171) (172) (173)
 (174) (169 174) (176) (177) (177) (178 179) (179) (180 181 175) (182) (181)
 (182 184) (180 184) (186 183) (187) (185 188) (185 188) (188) (191) (190 192)
 (193 189) (194) (193) (194 196) (196) (185 188) (197 199) (200) (200)
 (202 195) (202) (203 204) (205 198) (201 195 204) (205 207) (198 208)
 (209 206) (210) (211) (210) (211 213) (214) (215) (214) (217 212 215)
 (218 216) (211 213) (218 220) (219 221) (222) (221 216) (222 224) (225) (225)
 (223 224) (226 227 228) (229) (228) (230 231) (232) (230 231) (234 232) (235)
 (233 236) (236) (238) (237 239) (233 238) (241 237 239) (238) (243 237)
 (243 237 239) (242 245) (241 244 245 240) (246 247) (248) (249) (246 247)
 (251 248) (251 248) (253) (254) (249 255) (256) (257 252) (250 258) (259)
 (257 250) (259 261) (257 250) (260 262 263) (260 263) (265) (265 262)
 (267 264) (265 264) (266 268 269) (270) (271) (272) (273) (274) (275) (276)
 (272) (275 278) (277 279) (280) (281) (280) (282 283) (282 283) (284 285)
 (286) (285) (288) (289) (290 287) (291) (292) (293) (294) (295) (296) (297)
 (297) (297) (298 299 300) (301) (302) (302) (292) (305 301) (306 304) (306)
 (305 304) (308 309 303) (310) (311) (311) (313 312) (314 307) (313 307)
 (307 309 303) (317) (313 318 312) (315 319) (315 317) (321) (316 320)
 (323 322) (324) (325) (323 322) (326 327) (326 327) (326 327) (329 330)
 (331 328) (332) (333) (333) (332) (334 336) (337) (338) (339 335) (337 335)
 (338 341) (339 341) (340 343) (343) (345 344) (345 342) (347) (345)
 (347 349 344) (348 350) (351) (352) (350) (354 348) (346 351 354) (356 352)
 (355 357) (355 357) (353 359) (357) (361 358 360) (361 358 360) (363)
 (362 364) (362 364) (366) (366) (368) (369 365) (370) (371 367) (372)
 (369 365 367) (370 374) (372 374) (373 376) (373 375 376) (378) (377 379)
 (380) (379) (381 382) (382) (383 384) (382) (386 381 384) (385 387) (388)
 (389) (390) (390) (388) (393 390) (394 392) (395 391) (396) (397) (398) (399))