(NIL NIL (2) (3) (4) (5) (1 6) (5) (8) (6 9) (7 10) (1 6) (7 12 10) (13)
 (11 14) (11 13) (16) (17 15) (18) (14 16) (18 20) (17 20 15) (18 22) (23)
 (19 24) (25) (26 21) (26 21) (27 28) (29) (28) (29 31) (29 31) (28) (33 34 30)
 (33 34) (36 30 32) (36) (30 38) (35 37 39) (40) (41) (42) (40) (42 44) (43 44)
 (46) (45 47) (47) (49) (50) (51) (51 48) (53) (54) (55) (55) (51 48) (58 56)
 (57 59 52) (57 58) (60 61) (60 61) (59 61) (62 64) (65) (66) (65) (67 68 63)
 (67 68) (70 63) (69 71) (69 70) (73 71) (74) (75) (75) (76 77 72) (78) (73)
 (76 80) (76 80) (82 77 72) (83 79) (84) (84) (86) (81 85 87) (81 87) (89 88)
 (85 86) (90 91) (92) (93) (94) (95) (93) (92) (97 98) (99 94) (100 95) (99)
 (94 102) (100 102 96) (103 104) (103 104) (106 101) (105 107) (108) (109)
 (109) (111) (111) (113 110) (114) (113 110) (115 116) (117 112) (114 116)
 (117 119 112) (115 119 112) (118 119) (121 122 120) (123) (124) (125) (126)
 (127) (127) (125) (130 127) (131) (129 132 128) (132 128) (134) (133 134)
 (136) (137) (135 136) (137 139) (138 140) (129 132) (140 142) (141 143)
 (138 143) (145 144) (146) (146) (146) (148 149) (150) (147 149) (150 152)
 (153) (154 151) (155) (154) (155 157) (156 158) (159) (158) (154) (162 160)
 (163) (164) (161 165) (166) (167) (167) (167) (165) (171 167) (172) (173 168)
 (170 173) (169 175 168) (174 176) (177) (177) (169 172 168) (178 179 180)
 (178 180) (182) (179 182) (184) (185 183) (186) (186 181) (187 188) (187 188)
 (188) (187 191) (192) (192) (193 194 190) (194 189 190) (196) (195 197) (191)
 (193 197 199) (197 199) (201 198 200) (202) (203) (204) (203) (206) (206)
 (208) (209 205 207) (209 204 207) (211) (205 208) (204 206) (209 214 207)
 (205 215) (210 213 215) (217 212) (217 212 216) (218 219) (220) (220)
 (221 222) (221 222) (224) (225) (225 223) (223 224) (225 228) (226 229) (230)
 (230) (227 231 232) (233) (234) (235) (236) (236) (237 238) (233)
 (237 238 240) (235 240) (242 239) (239 240) (244) (241 245) (242 246)
 (243 244) (247 248) (249) (250) (251) (249) (252 253) (254) (255) (256) (256)
 (257 258) (259) (257 258) (259 261) (262) (262) (260 262) (260 261) (266 263)
 (266 264) (268 263) (265 268) (267 270) (269 271) (272) (273) (274) (275)
 (275) (276 277) (278) (276 277) (279 280) (278 280) (282 279) (279 280)
 (283 284) (281 285) (285) (287) (286 288) (289) (290) (289) (291 292)
 (291 292) (293 294) (295) (296) (297) (297) (298 299) (296) (301) (298 302)
 (298 299 301) (300 304) (305 302) (306 303) (307) (307) (308 309) (310) (311)
 (312) (312) (313 314) (315) (310) (314 317) (316 318) (318) (316 318)
 (321 319 320) (322) (323) (322) (325) (326) (327) (323 328) (323 328)
 (330 324) (331) (329 332) (330 324) (333 334) (335) (336) (335) (338 336)
 (337 338) (340) (339 341) (339 341) (343) (344) (342 343) (345 346) (347)
 (346) (348 349) (350) (351) (352) (352) (351) (355 352) (353 354 356) (356)
 (353 354 356) (354 356) (353 358 360) (358 359 360) (362) (359 360)
 (363 364 357) (361 365) (365) (366 367) (361 365) (369 368) (370) (361 365)
 (369 372 368) (373) (374) (370 375) (376) (371 376) (378) (378) (379 380)
 (381) (377 381) (382 383) (384) (383) (386) (387 382) (388 384) (388 384)
 (377 381) (386 391 384) (385 389 392) (393) (390 391) (395 389 392) (394 396)
 (397) (398) (398))