(NIL NIL NIL NIL NIL (5) (5) (5) (8) (1 9 4) (10) (11) (7 9) (1 13) (8 3)
 (15 9 4) (16 11) (17) (16) (19 2) (7 20) (16 7 2) (10 19 22) (12 17 23)
 (14 21 24) (25) (25) (24) (28) (6 21 29) (25 30 18) (25 30) (29 21) (24)
 (11 21 23) (20 22) (12 13 23 36) (6 37 24) (26 27 34 38) (14 24 36) (29 40)
 (25 41 33 34 35 38) (41 27 31 37) (43 32) (44 33) (45 34) (42 45) (43)
 (41 27 34 35 38) (41 27 31 38) (50) (51 47) (50) (53 32) (50) (49 43 55)
 (45 56) (57 52) (57 53 39) (42 56) (60 26 52 53) (49 50 48) (58 46 62)
 (58 46 62) (51 39 62 47) (30 26 40) (53 66 39 46) (67 60 63) (68)
 (64 65 61 69) (68) (64 71) (64 54 71) (73) (59 61 54 71) (68) (65 76)
 (65 76 71) (67 61) (42 26 56 46 54) (65 80 76) (64 79 80 71) (72 77 61 80 69)
 (83 75) (73 59 80 69) (72 85 77 78 81 82) (84 74 86) (86) (88 75) (88 70)
 (88 84) (85) (92 86) (93) (88 74 92 75) (84 90 95 93) (96) (96) (96) (84 95)
 (100) (93 91 100 70 87) (102) (97 103 101) (104) (90 103) (89 101 106)
 (107 99) (107) (109 99) (110 104) (110) (110) (106) (105 113 108 114 112)
 (113 114 108 112) (114 111) (90 103) (94 118 111 112) (98 119) (120)
 (105 114 121) (122 115) (122) (105 113 108 117 121) (114 119) (126 120)
 (116 125 127) (115 128) (105 108 127) (115 126) (130 123 124 131 128) (132)
 (133) (134) (129 134) (136) (137) (133) (139) (139) (139) (133) (129 142 143)
 (129 122 131) (145) (146 144) (147 140 136) (148) (147) (145 141 142 135 136)
 (148 151) (147 151) (153 150) (138 154) (155) (156 152) (155 148) (158) (159)
 (156 160) (161 149 152) (161 157 149) (156 158 152) (164) (153) (156 166)
 (153 138 149) (156 168) (169 165) (162 170) (163 171) (172 167) (173)
 (163 166 171) (162 163 166 170) (161 169 165) (177 162 163 166) (178 173 175)
 (178 175) (180) (180 173 176) (178 172 176) (177 174) (179 184) (185 182)
 (177 157 166) (187 173 175) (180 188 176) (189 181 183) (188) (191) (189 192)
 (185 190 192) (188 181) (193 195 182) (196 190 184) (197) (178 188) (186 199)
 (178 171 187) (201 189 182 183 184) (202 198) (194 203 200) (202 190)
 (194 205 198 200) (202 195 191) (193 186 207) (208 200) (204 207) (210)
 (169 157) (204 212) (213) (209 194 212) (200 201 212 183 189 191)
 (203 212 206) (217 211 215 216) (218 213) (217 211) (220 213 208) (219 220)
 (222) (222) (209 212 206) (225) (226 221) (226 222) (228) (229) (229 214 223)
 (231) (232) (231) (234 221 230) (235) (234 227) (221 231 224) (234 227 238)
 (239) (231 224) (241 221 230) (242 227 236) (233 243 239) (241) (227 245 235)
 (246 238 232) (233 243 238 246) (233 242 236 246) (225 223) (242 239 250)
 (251 244 246 240) (252) (253) (254 247 248) (252) (256) (257 237) (258)
 (258 247 248) (258) (261 255) (260 261 254) (249 263) (264) (264) (249 263)
 (267 255) (258) (259 269 267) (262 270) (270) (272) (254 256) (274 268 272)
 (258 254 248) (276 268) (277) (266 278 272) (278) (266 277 270) (281)
 (281 272) (283 282) (265 283 279 262) (273 283 282) (265 276)
 (266 278 287 272) (288 274) (266 270 276) (271 282 285 287 290 274)
 (283 290 274) (265 292 280 271) (265 292) (275 287 279 294) (286 295 271)
 (291 296) (295) (286 288 295) (299 271) (273 284 285 293 294)
 (275 292 279 262 288) (284 299 302) (291 303) (297 298 304) (298 301 304)
 (304) (284 302 295) (306 308) (309) (275 292 287 262)
 (293 297 300 302 311 284) (291 286 301 311) (313 309 312) (313 306) (297 315)
 (305 307 315) (316 317) (289 300 317 310) (316 319 312) (320) (321 318) (322)
 (319) (305 289 315 308 312) (325) (316 325) (321 327) (314 328 324 322) (329)
 (329) (325) (332 309) (333 318 327) (334) (325 310 318) (319 336)
 (337 326 334 320) (336) (324 334 336) (337 322 339 340) (331 341)
 (323 342 335) (337 314 323 340) (323 340 339 331) (345 341 344) (305 313 310)
 (347 334) (330 323 348 338) (348 324 326 335) (337 345 350) (338 342 350)
 (323 352) (342 350) (330 354) (354) (356) (345 330 356) (358) (359 344)
 (351 343 358) (356 351) (338 357 362) (362 355) (364 352) (356 351)
 (353 364 349 366 359) (346 366) (368 364 359 352) (369 367) (338 359 368)
 (371) (353 372 363 364 349) (373 360) (372 364) (353 375) (373 365 376)
 (361 363 367 368) (369 378 365) (377 379 360) (355 357 358 362 368 349)
 (381 371 365) (353 369 382 375) (379 374 383) (361 383) (373 382 376)
 (371 381) (377 386 387 383 360) (388) (385 389) (361 388) (378 374 391)
 (385 387 376 360) (387 383) (370 394) (394 380 384) (370 396 386) (397)
 (398 392) (385 399) (390 400) (401) (402) (402) (393 401 395) (404 405) (405)
 (407) (404 408) (403 405) (410) (397 391) (412 405) (402 412 407) (414 408)
 (409 415) (416) (411 415) (418 416) (417 418) (404 414) (411 421) (422)
 (422 416) (421 406 408) (425 418) (426 419 420 423) (426 423 424) (428)
 (409 426) (409 418 425 422) (428 431) (417 413 432) (433) (434 420) (435)
 (434) (433 419 420) (433 420) (427 439) (432) (417 429 431) (442 437) (442)
 (417 426 419 431) (427 436 445) (445 427 437 439) (441 420 445) (444 439 448)
 (449 430 447))