(NIL NIL (2) NIL NIL (5) (6 4) (3 7) (1) (5 4) (6) (11 4) (5 2) (3 6 13 1)
 (13 1) (15 4 14) (8 16) (13) (3 11 18) (13) (20) (8 9 21 12) (20) (3 11 4 13)
 (24 19 7 20 9) (15 10 25 14) (24) (8 10 12 27) (24 17 9 20) (29) (30) (30)
 (26 28 29 22 23) (33) (34) (29) (18 36) (37 33) (38) (39 35 32) (38 30)
 (37 35) (32 21 12 36) (43 34 39) (31 44) (45 42) (41 46) (43 42) (45 48)
 (47 48) (50) (40 48) (52) (41 53 45) (49 47 53) (55) (55) (41 53 46) (58 55)
 (47) (60 52) (61) (62 55) (63 51) (64) (61 58 57) (61 54 56 57) (50 67)
 (60 54) (69 62) (70 50 56) (70 50) (58 72 57) (73 65 67) (72 59 56) (70 57)
 (50 76) (77) (72 51 77) (79 65) (68 80 71) (68 80) (63 58 77) (68 73 83 66)
 (80 84 75 78) (82 71 85) (85) (85) (82 71 83 59) (89 88) (89) (91 86) (92)
 (93 87) (74 92) (81 93 95) (81 95) (89 88) (90 98) (98 92 87) (98) (101 95)
 (101) (86 103) (74 93 104) (99 93 104) (92 101) (99 107 102) (105 106 108 94)
 (74 82 71 83 59) (97 110) (106 108 111) (106 102 111) (111 103)
 (90 107 114 87 104) (106 115 102) (90 111) (99 117 104) (116 118)
 (114 109 117 96) (118 120) (121 119) (115 120) (123 100 118) (122 124)
 (121 123 100 119) (125 126) (89 110 88) (128 119 120) (129 100) (121 130 123)
 (130 125) (132) (132 112) (113 134) (135) (135) (129 112) (121 130 124 138)
 (139 127 136) (113 139) (139 133) (142 127) (142 126 134) (142 126 136)
 (137 145 131) (146 127) (147 141) (148) (149) (130 125 138) (147 140 151)
 (149 152) (126 135 151) (154 149 143 152) (154 149) (131 141 134 151)
 (141 133 135 127 151) (137 142 158) (142 158) (155 160 144) (153 159 143 160)
 (162 155 156) (154 160) (153 156 157 164 144) (164 150 143) (140 166)
 (155 166 144) (153 156 168) (169) (166) (163 171 168) (172) (172) (172)
 (163 171 168) (171) (161 177 165 175) (178) (170 179) (169 162 177 157)
 (179 181 176) (164 157 150 152) (161 170 183 175) (172 181 183 176)
 (169 165 183) (185 186 182) (187 184) (188) (179 183) (187 190) (180 191)
 (181 190) (185 170 193 174) (194 182) (194) (186 196) (197 191) (197 192)
 (180 197) (197 182) (201) (202 191 184) (203 180 188 167) (204)
 (201 195 180 198 184) (188 206) (203 207) (208) (206) (209 210 204 189)
 (173 206) (202 212 207 210) (211 213 192) (214) (215) (216 200) (204 213)
 (203 213 192) (209 219) (220 216) (220 214) (221 205 222) (222) (219 215)
 (225 220) (226 221) (225 222) (226 228 205) (226 228) (225) (225 224 205 200)
 (232) (233) (234 227 229 230 199) (235) (234 229 223) (227 237 231) (237 231)
 (233) (217 218 238 240) (237 199 240) (240 216) (218 243 223) (242 244)
 (217 245) (227 246 231) (241 246) (246) (249 230 239) (241 250 235)
 (235 238 246) (245) (253 247) (241 249 253 230) (254 255) (251 252 256 248)
 (257) (250 236 256) (250 255) (255 247) (253 230) (260 262 248) (235 263)
 (264 252 256) (235 263 256) (252 263) (267 256) (258 259 268) (267 247)
 (267 236) (265 261 271) (272) (273 258) (274 268) (268 271) (273 251 276)
 (257 277 270) (277) (274 279) (258 277) (281 259 275) (276) (274 283 270 279)
 (275 283) (285 280) (281 274 283) (270 287) (266 269 285 288) (289 280) (287)
 (291) (259 270 287 280) (266 285 293) (292 294) (292 294)
 (289 291 293 278 286) (297) (298) (299) (300) (297) (300 292 302) (297 284)
 (303 304) (305 290) (304 302 296) (307 303) (307) (308 309) (309)
 (290 301 311 295) (303 312) (313) (305 312) (315) (282 310 311) (313 315 317)
 (318) (319) (306 320) (321) (322) (315 317) (314 323 324) (317 295)
 (324 318 326) (321 327) (306 327) (329 320) (329) (331) (330 332 328) (332)
 (322 334 328) (334 319) (329) (337 330 328) (338 334) (314 339 316 336) (340)
 (338 335 336) (337 330 331 325) (337 314 316 328) (330 344 336) (345 338)
 (346 323) (346) (322 348) (340 349 343) (349 333 343) (333 335 344) (339 352)
 (353) (354 340 349) (355) (356 342 343) (323 356) (355) (355) (360)
 (361 347 356 343) (360) (354 350) (353 347 348 341 343) (365 360)
 (366 357 350 358) (349 341 347 325 352) (347 341 343 352) (341 325 344)
 (369 370 363 356 350) (371) (370 350 358) (362 373 366 359) (372 364 374 368)
 (373) (371 357 374 376) (377 364) (378 375) (378) (370 368) (381 372 357 374)
 (379 382) (382 376) (372 381 364 357 359) (361 385 376) (386 367 351 382)
 (362 386) (387 380 388) (377 385) (390) (380 391) (391 351 384) (393 380)
 (394 375 367 392) (395) (393 379) (396 397) (390 375 384) (386 379 399 391)
 (387 380 400) (387 390) (393 402 399) (395 403) (379 404) (379 388 403)
 (405 397 406 400) (401 397 406 383 392) (397 406) (402 389) (410 400)
 (401 410) (412 406 392) (410 405 408) (411 414) (396 415) (416) (409 417)
 (415) (419) (417 419 412 398) (409 419 396) (415) (411 396 414) (409 414)
 (425 411 412) (426 413) (418 427) (427 396 423) (426 396)
 (417 420 423 407 430) (428 431) (432) (420 421 430) (434 428 423)
 (430 428 398 422) (432 436 424) (434 437) (434 437) (429 439) (426 423 416)
 (441 430 427 398 422) (442 437) (443 421) (444 429 438) (442 436) (444 446)
 (447 439) (435 432 446 424) (442 428 431 424))