(NIL NIL (1 2) NIL (1 4) NIL (4 6) (2 6) (1 6) (7 5 9) (8 3 9) NIL (12 6)
 (12 4) (13 7 14) (12 2) (13 8 16) (12 1) (13 9 18) (14 18 5) (15 10 19 20)
 (3 16 18) (22 17 11 19) NIL (12 24) (24 6) (13 26 25) (24 4) (14 28 25)
 (7 26 28) (27 29 15 30) (24 2) (16 32 25) (8 26 32) (27 33 17 34) (24 1)
 (36 25 18) (26 9 36) (27 37 38 19) (5 28 36) (37 40 29 20) (10 40 30 38)
 (21 41 39 31 42) (3 32 36) (22 37 44 33) (44 11 34 38) (23 45 39 35 46) NIL
 (48 24) (48 12) (25 49 50) (48 6) (26 52 49) (13 52 50) (27 53 54 51) (48 4)
 (28 49 56) (14 50 56) (57 58 29 51) (7 52 56) (57 60 53 30) (58 15 60 54)
 (59 61 31 55 62) (48 2) (32 49 64) (16 50 64) (65 66 33 51) (8 52 64)
 (65 68 53 34) (66 17 68 54) (67 69 35 55 70) (48 1) (36 49 72) (72 50 18)
 (73 74 37 51) (9 52 72) (73 76 53 38) (74 76 54 19) (75 77 39 55 78) (5 72 56)
 (57 73 80 40) (74 58 80 20) (41 81 59 75 82) (60 10 76 80) (81 42 77 84 61)
 (21 82 84 62 78) (83 85 86 63 43 79) (3 72 64) (65 73 44 88) (74 66 88 22)
 (89 90 67 45 75) (68 11 76 88) (89 77 92 69 46) (90 23 92 70 78)
 (91 93 94 71 47 79) NIL (96 48) (96 12) (97 50 98) (96 6) (97 52 100)
 (13 100 98) (99 101 54 102) (96 4) (97 104 56) (14 104 98) (99 58 105 106)
 (7 104 100) (101 105 60 108) (102 15 108 106) (103 109 62 107 110) (96 2)
 (97 112 64) (16 112 98) (99 66 113 114) (8 112 100) (101 113 68 116)
 (102 17 116 114) (103 115 117 70 118) (96 1) (97 120 72) (120 18 98)
 (99 74 121 122) (9 120 100) (101 121 76 124) (102 124 19 122)
 (126 103 125 78 123) (5 120 104) (105 121 128 80) (106 128 122 20)
 (129 82 107 123 130) (108 10 124 128) (129 125 84 109 132)
 (21 130 132 110 126) (86 127 111 131 133 134) (3 120 112) (113 121 136 88)
 (114 136 122 22) (137 90 115 123 138) (116 11 124 136) (137 125 92 117 140)
 (138 23 140 118 126) (139 141 142 127 94 119) NIL (96 144) (48 144)
 (145 146 97) (12 144) (148 145 98) (148 146 50) (99 149 150 147) (144 6)
 (145 152 100) (152 52 146) (101 153 147 154) (13 148 152) (102 149 153 156)
 (156 150 54 154) (157 158 103 151 155) (144 4) (145 160 104) (146 160 56)
 (105 161 147 162) (148 160 14) (161 106 149 164) (58 150 164 162)
 (165 107 151 163 166) (7 152 160) (161 108 153 168) (162 60 154 168)
 (169 170 163 109 155) (15 164 168 156) (157 169 172 165 110)
 (158 172 62 170 166) (171 173 174 159 111 167) (144 2) (145 176 112)
 (176 146 64) (113 177 147 178) (148 176 16) (177 114 149 180) (180 66 150 178)
 (181 115 151 179 182) (8 152 176) (177 116 153 184) (178 68 154 184)
 (185 186 179 117 155) (184 17 180 156) (157 185 188 181 118)
 (158 186 188 70 182) (187 189 190 159 119 183) (144 1) (145 192 120)
 (146 192 72) (121 193 147 194) (148 18 192) (193 122 149 196) (74 150 196 194)
 (197 123 151 195 198) (9 152 192) (193 124 153 200) (194 76 154 200)
 (201 202 195 125 155) (196 200 19 156) (157 201 204 197 126)
 (158 202 204 78 198) (159 199 203 205 206 127) (5 192 160) (161 193 208 128)
 (162 194 208 80) (129 209 163 195 210) (164 208 196 20) (209 130 212 165 197)
 (82 210 212 166 198) (199 214 211 213 131 167) (10 208 200 168)
 (169 201 132 209 216) (170 210 84 216 202) (217 218 171 203 211 133)
 (21 172 216 204 212) (217 220 173 205 213 134) (218 220 174 206 214 86)
 (219 221 222 175 135 207 215) (3 192 176) (177 193 224 136) (178 194 224 88)
 (137 225 179 195 226) (22 180 196 224) (225 138 228 181 197)
 (90 226 228 182 198) (139 227 229 230 199 183) (200 11 224 184)
 (185 201 140 225 232) (226 186 92 232 202) (187 141 227 233 234 203)
 (23 188 232 204 228) (189 142 229 233 236 205) (190 230 94 234 236 206)
 (191 143 231 235 237 238 207) NIL (240 144) (96 240) (145 242 241) (48 240)
 (146 244 241) (97 242 244) (147 243 245 246) (24 240) (49 244 248) (12 240)
 (148 250 241) (242 250 98) (149 243 251 252) (250 244 50) (254 150 251 245)
 (99 254 252 246) (247 253 255 256 151) (25 248 250) (254 51 249 258) (240 6)
 (260 152 241) (260 242 100) (261 153 243 262) (260 52 244) (261 154 245 264)
 (101 264 262 246) (247 265 263 155 266) (26 260 248) (268 53 249 264)
 (13 260 250) (261 270 251 156) (102 262 270 252) (253 157 271 263 272)
 (254 54 270 264) (265 158 255 271 274) (266 103 256 274 272)
 (273 275 276 159 267 257) (27 268 258 270) (274 269 55 259 278) (240 4)
 (280 241 160) (242 280 104) (161 281 243 282) (280 244 56) (281 162 284 245)
 (105 282 284 246) (247 163 285 283 286) (28 248 280) (57 284 249 288)
 (14 250 280) (281 290 164 251) (106 290 282 252) (253 283 292 165 291)
 (254 284 290 58) (294 255 285 166 291) (292 107 256 286 294)
 (287 293 295 296 257 167) (290 29 258 288) (289 298 59 294 259) (7 260 280)
 (281 300 261 168) (282 300 108 262) (169 283 301 302 263) (300 60 284 264)
 (265 170 301 285 304) (266 304 109 286 302) (305 306 171 287 267 303)
 (300 268 30 288) (289 61 308 269 304) (290 15 300 270) (291 172 301 310 271)
 (302 310 292 110 272) (273 173 311 312 293 303) (274 310 304 62 294)
 (305 275 174 311 314 295) (306 276 312 314 111 296)
 (307 277 175 313 315 316 297) (298 308 278 31 310) (309 279 314 318 63 299)
 (240 2) (320 241 176) (320 242 112) (177 321 243 322) (320 244 64)
 (321 178 324 245) (113 322 324 246) (247 179 325 323 326) (32 248 320)
 (65 324 249 328) (16 250 320) (321 330 180 251) (114 330 322 252)
 (253 323 332 181 331) (254 324 330 66) (255 331 325 182 334)
 (332 115 256 326 334) (327 333 335 336 257 183) (330 33 258 328)
 (329 338 67 334 259) (8 260 320) (321 340 261 184) (322 116 262 340)
 (185 323 341 342 263) (324 68 340 264) (265 186 344 325 341)
 (266 344 117 326 342) (345 346 187 327 267 343) (340 268 34 328)
 (329 69 348 269 344) (330 17 340 270) (331 188 341 350 271)
 (342 332 118 350 272) (273 189 351 352 333 343) (274 344 70 350 334)
 (345 275 190 351 354 335) (346 276 352 354 119 336)
 (347 277 191 353 355 356 337) (338 348 278 35 350) (349 279 354 358 71 339)
 (240 1) (360 241 192) (242 360 120) (193 361 243 362) (360 244 72)
 (361 194 364 245) (121 362 364 246) (247 195 365 363 366) (36 248 360)
 (73 364 249 368) (360 250 18) (361 370 196 251) (122 362 370 252)
 (253 363 372 197 371) (254 364 370 74) (255 371 365 198 374)
 (372 123 256 366 374) (373 375 376 199 257 367) (370 37 258 368)
 (369 378 75 374 259) (9 260 360) (361 380 261 200) (380 362 124 262)
 (201 363 381 382 263) (380 76 364 264) (265 202 365 381 384)
 (266 384 125 366 382) (383 385 386 203 267 367) (380 268 38 368)
 (369 77 388 269 384) (370 380 270 19) (371 204 381 390 271)
 (390 372 382 126 272) (273 373 383 205 391 392) (274 384 390 78 374)
 (275 375 385 206 391 394) (276 376 386 127 392 394)
 (277 377 387 207 393 395 396) (378 388 278 39 390) (279 379 389 394 398 79)
 (5 360 280) (281 361 400 208) (400 282 362 128) (209 401 283 363 402)
 (400 284 364 80) (401 210 404 285 365) (129 402 404 286 366)
 (403 405 406 287 211 367) (400 40 368 288) (289 81 404 369 408)
 (290 400 370 20) (401 410 291 212 371) (372 130 292 410 402)
 (403 373 411 412 293 213) (82 410 404 294 374) (405 375 411 414 295 214)
 (406 376 412 414 296 131) (407 377 413 415 416 297 215) (41 298 408 410 378)
 (83 409 379 414 418 299) (380 300 10 400) (401 381 420 301 216)
 (402 132 302 420 382) (217 403 383 421 422 303) (384 404 84 420 304)
 (305 218 405 385 421 424) (306 406 386 422 424 133)
 (307 407 219 387 423 425 426) (388 42 308 420 408) (85 409 389 424 309 428)
 (21 410 420 310 390) (220 311 411 421 391 430) (312 412 134 422 392 430)
 (221 313 413 423 393 431 432) (86 314 414 424 394 430)
 (434 222 315 415 425 395 431) (434 316 416 426 396 135 432)
 (433 435 436 223 317 417 427 397) (318 398 418 43 428 430)
 (434 438 87 319 419 429 399) (3 360 320) (321 361 440 224) (322 440 362 136)
 (225 441 323 363 442) (440 324 364 88) (441 226 444 325 365)
 (137 442 444 326 366) (227 445 446 327 443 367) (440 44 368 328)
 (329 89 444 369 448) (330 440 370 22) (441 450 331 228 371)
 (372 138 332 450 442) (373 443 229 451 452 333) (90 444 334 450 374)
 (375 445 230 451 454 335) (139 376 446 452 454 336)
 (377 447 453 231 455 456 337) (338 448 45 450 378) (379 449 454 458 339 91)
 (380 340 11 440) (441 381 460 341 232) (442 460 140 342 382)
 (443 383 233 461 462 343) (384 460 444 92 344) (345 445 385 234 461 464)
 (346 141 446 386 462 464) (465 466 347 235 447 387 463) (388 460 348 46 448)
 (468 349 93 449 389 464) (450 23 460 350 390) (470 351 451 236 391 461)
 (470 352 452 392 462 142) (471 472 353 237 393 453 463)
 (470 354 94 454 394 464) (465 471 474 355 238 455 395)
 (466 143 472 474 356 456 396) (467 473 475 476 357 239 457 397)
 (468 470 358 47 458 398) (469 474 478 95 359 459 399) NIL (480 48) (480 6)
 (481 52 482) (480 4) (481 484 56) (7 484 482) (483 485 60 486) (480 2)
 (481 488 64) (8 488 482) (483 489 68 490) (480 1) (481 492 72) (9 492 482)
 (483 493 76 494) (5 492 484) (485 493 496 80) (496 486 10 494)
 (487 84 497 495 498) (3 492 488) (489 493 500 88) (490 500 11 494)
 (501 502 491 92 495) NIL (504 480) (504 240) (504 144) (506 241 507) (504 96)
 (242 506 509) (145 509 507) (508 243 510 511) (504 48) (481 505 513)
 (513 506 244) (513 146 507) (508 515 516 245) (97 513 509) (518 515 510 246)
 (518 147 516 511) (512 247 520 517 519) (504 24) (506 248 522) (513 49 522)
 (523 524 515 249) (504 6) (526 505 482) (526 260 506) (526 152 507)
 (508 529 528 261) (526 509 100) (531 528 262 510) (529 153 531 511)
 (512 533 530 263 532) (526 513 52) (483 527 514 535) (535 528 515 264)
 (535 529 516 154) (265 537 530 517 538) (101 535 531 518)
 (519 266 540 537 532) (533 520 538 155 540) (521 534 539 541 542 267)
 (26 526 522) (523 528 268 544) (524 535 544 53) (537 525 269 546 545) (504 4)
 (505 548 484) (548 506 280) (160 548 507) (508 281 550 551) (548 509 104)
 (553 282 550 510) (161 553 551 511) (512 554 283 555 552) (513 548 56)
 (485 557 514 549) (557 284 515 550) (162 557 516 551) (560 285 559 517 552)
 (105 553 557 518) (519 554 286 559 562) (520 163 562 555 560)
 (561 521 564 563 287 556) (28 548 522) (523 566 550 288) (57 524 557 566)
 (289 525 567 559 568) (7 526 548) (486 527 549 570) (570 528 300 550)
 (570 529 551 168) (573 572 301 530 552) (553 570 108 531)
 (554 572 302 575 532) (533 169 555 573 575) (574 576 577 534 556 303)
 (570 535 60 557) (571 487 536 558 579) (579 572 537 559 304)
 (170 579 573 538 560) (305 561 574 581 582 539) (562 579 109 575 540)
 (306 563 576 581 584 541) (171 564 577 582 584 542)
 (307 565 578 583 585 586 543) (570 544 30 566) (308 545 588 567 572)
 (579 588 61 546 568) (309 569 581 589 590 547) (504 2) (505 592 488)
 (592 506 320) (592 176 507) (508 321 594 595) (592 509 112) (597 322 594 510)
 (177 597 595 511) (512 598 323 599 596) (513 592 64) (489 601 514 593)
 (601 324 515 594) (178 601 516 595) (604 325 603 517 596) (113 597 601 518)
 (519 598 326 603 606) (520 179 606 599 604) (605 521 608 607 327 600)
 (592 32 522) (523 610 594 328) (65 524 601 610) (329 525 611 603 612)
 (8 526 592) (490 527 593 614) (340 528 594 614) (614 529 595 184)
 (617 616 341 530 596) (597 614 116 531) (598 616 342 619 532)
 (533 185 599 617 619) (618 620 621 534 600 343) (614 535 68 601)
 (615 623 491 536 602) (623 616 537 603 344) (186 623 617 538 604)
 (345 605 618 625 626 539) (606 623 117 619 540) (346 607 620 625 628 541)
 (187 608 621 626 628 542) (347 609 622 627 629 630 543) (614 544 34 610)
 (616 632 348 545 611) (623 632 69 546 612) (349 613 625 633 634 547) (504 1)
 (505 636 492) (636 506 360) (636 192 507) (508 361 638 639) (636 509 120)
 (641 362 638 510) (193 641 639 511) (512 642 363 643 640) (513 636 72)
 (493 645 514 637) (645 364 515 638) (194 645 516 639) (648 365 647 517 640)
 (121 641 645 518) (519 642 366 647 650) (650 520 195 643 648)
 (521 644 649 651 652 367) (636 36 522) (523 654 638 368) (73 524 645 654)
 (369 525 655 647 656) (526 9 636) (494 527 637 658) (380 658 528 638)
 (658 529 639 200) (661 660 381 530 640) (641 658 124 531)
 (642 660 382 663 532) (533 201 643 661 663) (644 383 534 662 664 665)
 (658 535 76 645) (495 536 646 659 667) (667 660 537 647 384)
 (202 667 661 538 648) (649 385 662 539 669 670) (650 667 125 663 540)
 (651 386 664 541 669 672) (652 203 665 542 670 672)
 (673 674 653 387 666 543 671) (658 544 38 654) (676 388 545 660 655)
 (667 676 77 546 656) (677 678 657 389 669 547) (636 5 548) (637 496 549 680)
 (680 638 550 400) (680 639 551 208) (401 682 683 640 552) (553 641 680 128)
 (642 554 685 682 402) (209 555 685 643 683) (403 644 684 686 687 556)
 (645 680 557 80) (681 689 497 558 646) (689 682 404 647 559)
 (689 210 683 648 560) (561 405 649 684 691 692) (129 562 689 685 650)
 (563 406 651 686 691 694) (564 652 687 692 694 211)
 (565 407 653 688 693 695 696) (654 680 566 40) (682 698 655 567 408)
 (81 689 656 698 568) (569 657 409 691 699 700) (570 10 680 658)
 (681 571 498 659 702) (420 572 660 702 682) (661 683 573 702 216)
 (705 684 574 421 662 704) (132 685 663 575 702) (707 686 576 422 664 704)
 (217 705 707 687 577 665) (706 708 709 688 578 423 666) (689 579 84 667 702)
 (711 690 580 499 668 703) (711 691 581 424 669 704) (705 218 711 692 582 670)
 (706 713 714 693 583 425 671) (707 711 694 584 133 672)
 (673 708 713 716 695 585 426) (674 219 709 714 716 696 586)
 (675 710 715 717 718 697 587 427) (42 588 676 702 698)
 (677 720 699 428 589 704) (85 678 711 720 700 590)
 (679 713 429 721 722 701 591) (3 636 592) (637 724 593 500) (724 638 594 440)
 (724 639 595 224) (441 640 726 727 596) (597 641 724 136)
 (642 598 729 726 442) (225 729 599 643 727) (644 443 728 730 731 600)
 (645 724 601 88) (501 733 725 602 646) (444 733 647 603 726)
 (226 648 733 727 604) (605 649 445 728 735 736) (137 606 729 733 650)
 (738 607 651 446 730 735) (738 608 227 652 731 736)
 (737 739 740 609 653 447 732) (44 610 724 654) (726 742 655 611 448)
 (89 656 733 742 612) (657 743 744 613 449 735) (614 724 11 658)
 (502 615 725 659 746) (746 460 616 660 726) (661 746 617 727 232)
 (748 749 618 662 728 461) (729 746 140 663 619) (748 751 620 664 730 462)
 (233 749 751 621 665 731) (750 752 753 622 666 732 463) (746 623 92 733 667)
 (747 755 624 503 668 734) (748 755 625 669 735 464) (749 234 755 626 670 736)
 (465 737 750 757 758 627 671) (738 141 751 755 628 672)
 (673 466 739 752 757 760 629) (674 740 753 235 758 760 630)
 (467 741 675 754 759 761 762 631) (746 676 632 46 742)
 (468 677 743 748 764 633) (678 744 93 755 764 634)
 (469 679 745 757 765 766 635))