(NIL NIL NIL (2 3) (1 3) NIL (3 6) (1 6) (7 5 8) NIL (6 10) (3 10) (11 7 12)
 (2 10) (4 12 14) (1 10) (11 8 16) (5 12 16) (13 17 9 18) NIL (10 20) (6 20)
 (21 11 22) (3 20) (21 12 24) (7 22 24) (23 25 13 26) (2 20) (21 14 28)
 (4 28 24) (29 15 25 30) (1 20) (21 16 32) (22 32 8) (33 34 23 17) (5 24 32)
 (33 36 25 18) (34 9 36 26) (35 37 19 27 38) NIL (20 40) (10 40) (41 21 42)
 (6 40) (41 22 44) (11 42 44) (43 45 23 46) (3 40) (41 24 48) (42 48 12)
 (49 50 43 25) (7 44 48) (49 52 45 26) (50 13 52 46) (51 53 27 47 54) (2 40)
 (41 28 56) (42 56 14) (57 58 43 29) (4 56 48) (49 57 60 30) (50 15 60 58)
 (51 61 59 31 62) (1 40) (41 64 32) (42 16 64) (33 65 43 66) (8 44 64)
 (65 34 68 45) (66 68 17 46) (35 69 67 47 70) (5 64 48) (49 65 36 72)
 (50 72 18 66) (73 74 51 37 67) (9 52 72 68) (73 69 76 53 38) (74 76 54 19 70)
 (39 71 75 77 78 55) NIL (40 80) (20 80) (81 41 82) (10 80) (81 42 84)
 (21 82 84) (83 85 43 86) (6 80) (81 44 88) (82 88 22) (89 90 83 45) (11 84 88)
 (89 92 85 46) (90 23 92 86) (91 93 47 87 94) (3 80) (81 96 48) (82 24 96)
 (49 97 83 98) (12 84 96) (97 50 100 85) (98 100 25 86) (51 101 99 87 102)
 (7 96 88) (89 97 52 104) (90 104 26 98) (105 106 91 53 99) (100 13 92 104)
 (105 101 108 93 54) (106 108 94 27 102) (103 107 109 110 95 55) (2 80)
 (81 112 56) (82 28 112) (57 113 83 114) (14 84 112) (113 58 116 85)
 (114 116 29 86) (59 117 115 87 118) (4 112 96) (97 113 60 120) (98 120 30 114)
 (121 122 99 61 115) (116 15 100 120) (121 117 124 101 62) (122 124 102 31 118)
 (123 125 126 103 63 119) (1 80) (81 128 64) (82 128 32) (65 129 83 130)
 (84 128 16) (129 66 132 85) (33 130 132 86) (67 133 131 87 134) (8 128 88)
 (89 129 68 136) (90 136 130 34) (137 138 91 69 131) (132 92 17 136)
 (137 133 140 93 70) (138 35 140 94 134) (135 139 141 142 95 71) (5 128 96)
 (97 129 144 72) (144 98 36 130) (73 145 99 131 146) (132 100 18 144)
 (145 74 148 101 133) (146 148 37 102 134) (103 135 147 149 150 75)
 (144 9 136 104) (105 137 76 145 152) (106 152 146 38 138)
 (107 147 153 154 77 139) (140 148 108 19 152) (109 141 149 153 156 78)
 (110 39 142 150 154 156) (143 111 151 155 157 158 79) NIL (80 160) (40 160)
 (161 81 162) (20 160) (161 82 164) (41 162 164) (163 165 83 166) (10 160)
 (161 84 168) (162 168 42) (169 170 163 85) (21 164 168) (169 172 165 86)
 (170 43 172 166) (171 173 87 167 174) (3 160) (161 176 96) (162 176 48)
 (97 177 163 178) (176 164 24) (177 98 180 165) (49 178 180 166)
 (99 181 179 167 182) (12 176 168) (169 177 100 184) (170 184 178 50)
 (185 186 171 101 179) (180 172 25 184) (185 181 188 173 102)
 (186 51 188 174 182) (103 183 187 189 190 175) (1 160) (161 192 128)
 (162 192 64) (129 193 163 194) (192 164 32) (193 130 196 165) (65 194 196 166)
 (131 197 195 167 198) (192 16 168) (169 193 132 200) (170 200 194 66)
 (201 202 171 133 195) (33 196 172 200) (201 197 204 173 134)
 (202 67 204 174 198) (135 199 203 205 206 175) (5 192 176) (177 193 208 144)
 (178 208 194 72) (145 209 179 195 210) (196 180 208 36) (209 146 212 181 197)
 (73 210 212 182 198) (199 211 147 213 214 183) (208 200 18 184)
 (185 201 148 216 209) (186 210 216 202 74) (203 211 149 217 218 187)
 (204 188 37 212 216) (205 213 150 217 220 189) (206 214 218 75 220 190)
 (151 207 215 219 221 222 191) NIL (224 160) (224 80) (225 161 226) (224 40)
 (225 162 228) (81 226 228) (227 229 163 230) (224 10) (225 232 168)
 (226 84 232) (169 233 227 234) (42 228 232) (233 170 236 229) (234 236 85 230)
 (171 237 235 231 238) (224 6) (226 240 88) (228 44 240) (89 241 230 242)
 (11 240 232) (241 234 92 244) (242 244 236 46) (245 243 93 238 246) (224 3)
 (225 248 176) (226 248 96) (177 249 227 250) (248 228 48) (249 178 252 229)
 (97 250 252 230) (179 253 251 231 254) (12 248 232) (233 249 256 184)
 (234 100 256 250) (185 257 235 251 258) (50 236 252 256) (257 186 260 237 253)
 (258 260 101 238 254) (239 255 259 261 262 187) (7 248 240) (241 250 264 104)
 (242 52 252 264) (105 265 243 254 266) (264 13 244 256) (265 258 108 245 268)
 (266 260 246 268 54) (109 262 267 269 270 247) (224 2) (226 272 112)
 (228 272 56) (113 273 230 274) (14 272 232) (273 234 116 276) (58 236 276 274)
 (277 275 117 238 278) (4 272 248) (273 250 280 120) (60 274 252 280)
 (121 281 275 254 282) (15 276 280 256) (281 258 124 277 284)
 (282 260 284 62 278) (125 262 279 283 285 286) (224 1) (225 288 192)
 (226 288 128) (193 289 227 290) (288 228 64) (289 194 292 229)
 (129 290 292 230) (195 293 291 231 294) (288 16 232) (233 289 296 200)
 (234 296 132 290) (201 297 235 291 298) (66 292 236 296) (293 202 300 237 297)
 (298 300 133 238 294) (239 295 203 301 302 299) (8 288 240) (241 290 304 136)
 (242 292 68 304) (137 305 243 294 306) (304 244 17 296) (305 298 308 140 245)
 (306 308 300 246 70) (141 302 307 309 310 247) (5 288 248) (249 289 312 208)
 (250 312 290 144) (209 313 251 291 314) (312 292 252 72) (293 210 316 253 313)
 (145 314 316 254 294) (255 295 211 315 317 318) (312 296 18 256)
 (257 297 320 313 216) (258 320 148 314 298) (321 322 259 217 315 299)
 (316 74 300 260 320) (321 324 261 301 218 317) (322 324 262 302 149 318)
 (323 325 326 303 263 219 319) (312 9 304 264) (265 305 328 314 152)
 (328 266 316 76 306) (329 330 307 267 153 318) (328 308 268 19 320)
 (322 329 332 309 269 156) (324 330 332 270 78 310)
 (271 331 333 334 311 157 326) NIL (336 224) (336 160) (225 338 337) (336 80)
 (226 340 337) (161 338 340) (339 341 227 342) (336 40) (228 337 344)
 (338 344 162) (345 346 339 229) (81 340 344) (345 348 341 230)
 (346 163 348 342) (347 349 231 343 350) (336 10) (352 337 232) (338 352 168)
 (233 353 339 354) (84 340 352) (353 234 356 341) (169 354 356 342)
 (235 357 355 343 358) (42 352 344) (345 353 236 360) (346 360 354 170)
 (361 362 347 237 355) (356 348 85 360) (361 357 364 349 238)
 (362 171 364 350 358) (239 359 363 365 351 366) (336 6) (368 337 240)
 (340 368 88) (241 369 341 370) (44 368 344) (345 242 369 372) (89 370 348 372)
 (373 243 349 371 374) (11 368 352) (353 369 244 376) (370 356 92 376)
 (377 245 371 357 378) (376 372 46 360) (361 377 380 373 246)
 (378 364 93 374 380) (379 381 382 365 247 375) (336 3) (384 337 248)
 (338 384 176) (249 385 339 386) (384 340 96) (385 250 388 341)
 (177 386 388 342) (251 389 387 343 390) (384 48 344) (345 385 252 392)
 (346 392 386 178) (393 394 347 253 387) (97 388 348 392) (393 389 396 349 254)
 (394 179 396 350 390) (395 397 398 255 351 391) (12 384 352) (353 385 400 256)
 (354 400 386 184) (257 401 355 387 402) (100 388 356 400)
 (401 258 404 357 389) (185 402 404 358 390) (259 405 406 359 403 391)
 (50 400 392 360) (361 393 260 401 408) (362 408 402 394 186)
 (395 403 261 409 410 363) (404 396 364 101 408) (397 405 262 409 412 365)
 (398 406 410 412 366 187) (399 407 411 413 263 367 414) (7 384 368)
 (369 385 416 264) (370 416 388 104) (265 417 371 389 418) (392 416 372 52)
 (393 266 420 373 417) (105 418 420 396 374) (397 267 419 421 422 375)
 (416 13 400 376) (377 401 268 417 424) (424 378 404 108 418)
 (425 426 379 405 269 419) (424 420 380 54 408) (425 428 381 409 270 421)
 (426 428 382 109 412 422) (427 429 430 383 413 271 423) (336 2) (432 337 272)
 (340 432 112) (273 433 341 434) (56 432 344) (345 274 433 436)
 (113 434 348 436) (437 275 349 435 438) (14 432 352) (353 433 276 440)
 (116 434 356 440) (441 277 435 357 442) (58 436 440 360) (361 441 444 437 278)
 (442 444 364 117 438) (443 445 446 279 365 439) (4 432 384) (385 433 448 280)
 (434 388 448 120) (281 449 435 389 450) (60 436 448 392) (393 282 449 437 452)
 (121 450 452 396 438) (397 451 453 454 283 439) (15 440 448 400)
 (401 441 284 449 456) (442 404 124 456 450) (443 451 405 457 458 285)
 (456 452 444 62 408) (457 445 453 409 460 286) (125 446 412 454 458 460)
 (447 455 459 461 462 287 413) (336 1) (464 337 288) (338 464 192)
 (289 465 339 466) (464 340 128) (465 290 468 341) (193 466 468 342)
 (291 469 467 343 470) (464 64 344) (345 465 292 472) (346 472 466 194)
 (473 474 347 293 467) (129 468 348 472) (473 469 476 349 294)
 (474 195 476 350 470) (295 351 471 475 477 478) (464 16 352) (353 465 480 296)
 (354 480 466 200) (297 481 355 467 482) (132 468 356 480)
 (481 298 484 357 469) (201 482 484 358 470) (483 485 486 299 359 471)
 (480 66 472 360) (361 473 481 300 488) (482 362 488 474 202)
 (483 489 490 301 363 475) (476 364 133 484 488) (485 489 492 302 365 477)
 (486 490 203 492 366 478) (487 491 493 494 303 367 479) (8 464 368)
 (369 465 496 304) (370 468 496 136) (305 497 371 469 498) (472 372 496 68)
 (473 306 497 500 373) (137 498 476 500 374) (499 307 501 502 477 375)
 (480 17 496 376) (377 481 497 308 504) (378 140 484 504 498)
 (379 485 499 309 505 506) (504 380 500 70 488) (381 489 501 310 505 508)
 (382 492 141 502 506 508) (503 383 493 311 507 509 510) (5 464 384)
 (385 465 512 312) (386 512 466 208) (313 513 387 467 514) (468 388 512 144)
 (513 314 516 389 469) (209 514 516 390 470) (515 517 518 471 315 391)
 (472 72 512 392) (393 473 316 513 520) (394 520 474 514 210)
 (395 521 522 515 475 317) (145 476 396 516 520) (517 521 524 397 477 318)
 (518 522 524 211 478 398) (519 399 523 525 526 319 479) (480 512 18 400)
 (401 481 513 528 320) (482 402 528 514 216) (321 483 403 515 529 530)
 (148 404 484 516 528) (322 485 405 529 532 517) (518 406 530 532 217 486)
 (323 519 487 407 531 533 534) (74 528 488 520 408) (529 324 489 409 521 536)
 (530 490 522 410 536 218) (325 491 531 411 537 538 523)
 (492 412 524 532 149 536) (326 525 493 533 537 413 540)
 (526 494 414 538 219 540 534) (415 327 527 495 535 539 541 542)
 (9 496 512 416) (417 497 513 544 328) (498 418 516 544 152)
 (545 546 517 329 499 419) (544 420 500 520 76) (545 548 521 330 501 421)
 (546 548 524 502 153 422) (547 549 550 331 525 503 423) (544 504 528 19 424)
 (425 545 552 332 529 505) (426 546 552 532 506 156)
 (547 553 554 333 427 533 507) (428 552 548 536 508 78)
 (549 553 556 334 537 429 509) (550 554 556 540 157 510 430)
 (431 551 555 557 558 335 541 511) NIL (560 336) (560 224) (561 337 562)
 (560 160) (338 561 564) (225 564 562) (339 565 566 563) (560 80) (561 340 568)
 (226 562 568) (569 570 341 563) (161 564 568) (569 572 565 342)
 (570 227 572 566) (571 573 343 567 574) (560 40) (561 576 344) (228 562 576)
 (345 577 563 578) (162 564 576) (577 346 580 565) (578 580 229 566)
 (347 581 579 567 582) (81 576 568) (569 577 348 584) (570 584 230 578)
 (585 586 571 349 579) (580 163 572 584) (585 581 588 573 350)
 (586 588 574 231 582) (351 583 587 589 590 575) (560 20) (164 564 592)
 (82 592 568) (593 594 572 165) (41 592 576) (593 596 580 166) (594 83 596 584)
 (595 588 597 598 167) (560 10) (561 600 352) (600 562 232) (353 601 563 602)
 (600 564 168) (601 354 604 565) (233 602 604 566) (355 605 603 567 606)
 (600 84 568) (569 601 356 608) (570 608 602 234) (609 610 571 357 603)
 (169 604 572 608) (609 605 612 573 358) (610 235 612 574 606)
 (611 613 614 359 575 607) (42 600 576) (577 601 616 360) (578 236 616 602)
 (361 617 579 603 618) (604 170 580 616) (617 362 620 581 605)
 (618 620 237 582 606) (619 621 622 363 583 607) (608 85 616 584)
 (585 609 617 364 624) (618 586 624 238 610) (611 619 625 626 365 587)
 (171 588 612 620 624) (613 621 625 628 366 589) (614 239 622 626 628 590)
 (615 623 627 629 630 367 591) (21 600 592) (593 604 172 632) (594 632 86 608)
 (633 634 595 612 173) (43 596 632 616) (633 636 620 597 174)
 (634 636 598 87 624) (599 628 635 637 638 175) (560 6) (561 640 368)
 (640 562 240) (369 641 563 642) (88 640 568) (569 370 644 641)
 (241 570 644 642) (643 571 645 371 646) (44 640 576) (577 641 372 648)
 (578 642 648 242) (649 650 579 373 643) (89 644 648 584) (585 649 652 645 374)
 (586 243 652 646 650) (647 651 653 654 587 375) (22 640 592) (594 644 656 90)
 (596 45 656 648) (657 658 91 652 598) (11 640 600) (601 641 660 376)
 (602 244 660 642) (377 603 661 643 662) (92 660 644 608) (609 378 645 661 664)
 (610 664 245 646 662) (665 666 611 379 647 663) (648 46 660 616)
 (617 649 380 661 668) (618 662 668 246 650) (669 670 619 651 381 663)
 (652 93 668 664 624) (665 669 382 672 625 653) (666 670 672 626 654 247)
 (667 671 383 673 674 627 655) (23 656 660 632) (657 634 676 94 664)
 (658 636 676 47 668) (672 677 678 95 659 638) (560 2) (561 680 432)
 (680 562 272) (433 681 563 682) (112 680 568) (569 434 681 684)
 (273 570 684 682) (686 571 685 435 683) (56 680 576) (577 681 436 688)
 (578 688 682 274) (689 690 579 437 683) (113 684 688 584)
 (585 689 692 685 438) (586 275 692 686 690) (691 693 694 439 587 687)
 (28 680 592) (594 684 696 114) (57 596 696 688) (697 698 115 692 598)
 (14 680 600) (601 681 700 440) (602 276 700 682) (441 603 701 683 702)
 (116 684 700 608) (609 442 685 701 704) (610 704 277 686 702)
 (611 443 703 705 706 687) (58 688 700 616) (617 689 444 701 708)
 (618 702 708 278 690) (691 445 619 703 709 710) (692 117 708 704 624)
 (705 693 446 625 709 712) (694 706 279 626 710 712)
 (447 695 627 707 711 713 714) (696 29 700 632) (697 634 716 118 704)
 (698 59 636 708 716) (699 638 712 717 718 119) (560 1) (561 720 464)
 (720 562 288) (465 721 563 722) (564 720 192) (721 466 724 565)
 (289 722 724 566) (467 725 723 567 726) (128 720 568) (569 721 468 728)
 (570 722 728 290) (729 730 571 469 723) (193 572 724 728)
 (729 725 732 573 470) (730 291 732 574 726) (471 727 731 733 734 575)
 (64 720 576) (577 721 736 472) (578 292 736 722) (473 737 579 723 738)
 (194 580 724 736) (737 474 740 581 725) (738 740 293 582 726)
 (739 741 583 727 475 742) (129 728 736 584) (585 729 476 737 744)
 (586 738 744 294 730) (739 745 746 587 477 731) (195 588 744 732 740)
 (741 745 589 748 733 478) (742 295 746 748 734 590)
 (743 747 591 749 750 479 735) (32 720 592) (593 196 724 752) (594 728 752 130)
 (753 754 595 732 197) (65 596 752 736) (753 740 597 198 756)
 (754 131 756 598 744) (199 748 599 755 757 758) (16 720 600) (601 721 760 480)
 (602 722 760 296) (481 761 603 723 762) (604 760 724 200)
 (761 482 764 605 725) (297 762 764 606 726) (483 727 763 765 766 607)
 (132 760 728 608) (609 729 484 761 768) (610 730 762 768 298)
 (769 770 611 485 763 731) (201 612 768 732 764) (769 772 613 486 765 733)
 (770 772 614 299 734 766) (771 773 615 487 767 735 774) (66 736 760 616)
 (617 737 776 761 488) (762 618 300 776 738) (739 489 778 619 777 763)
 (776 202 620 764 740) (741 777 490 780 621 765) (742 778 780 301 622 766)
 (743 491 781 782 623 779 767) (776 744 133 768 624) (769 745 492 784 625 777)
 (770 778 302 784 626 746) (771 779 493 785 786 627 747)
 (772 748 203 780 784 628) (773 781 749 494 785 788 629)
 (774 782 303 750 786 788 630) (775 751 787 789 783 631 495 790)
 (33 752 760 632) (633 753 204 792 764) (792 634 768 134 754)
 (772 205 755 793 794 635) (776 792 67 636 756) (780 206 757 793 796 637)
 (135 784 758 794 796 638) (207 788 759 795 797 798 639) (8 720 640)
 (641 721 800 496) (642 722 800 304) (497 801 643 723 802) (800 644 728 136)
 (729 498 804 645 801) (305 730 804 646 802) (803 805 806 647 499 731)
 (800 68 736 648) (649 737 500 808 801) (650 738 802 808 306)
 (803 809 810 739 651 501) (137 804 652 808 744) (805 745 812 809 653 502)
 (806 746 812 307 654 810) (655 807 811 813 814 503 747) (800 34 752 656)
 (657 138 804 816 754) (658 756 69 816 808) (139 812 817 818 758 659)
 (800 660 17 760) (761 801 820 661 504) (762 308 662 820 802)
 (803 821 822 505 763 663) (804 140 768 820 664) (665 769 805 821 824 506)
 (666 806 770 309 822 824) (667 807 771 823 825 826 507) (808 668 70 820 776)
 (828 669 777 809 821 508) (670 778 822 810 828 310)
 (671 509 779 830 823 829 811) (672 812 141 784 824 828)
 (673 813 785 825 829 510 832) (674 814 786 311 826 830 832)
 (833 834 675 815 787 511 827 831) (816 35 676 820 792)
 (836 677 142 817 824 794) (836 828 678 818 71 796)
 (837 838 143 819 679 798 832))