(NIL NIL (1 2) NIL (1 4) NIL (4 6) (2 6) (1 6) (7 5 9) (8 3 9) NIL (6 12)
 (4 12) (13 7 14) (2 12) (13 8 16) (1 12) (13 9 18) (14 18 5) (15 10 19 20)
 (3 16 18) (22 17 11 19) NIL (2 24) NIL (12 26) (6 26) (27 13 28) (2 26)
 (27 16 30) (8 28 30) (29 17 32 31) (1 26) (27 34 18) (28 9 34) (29 35 36 19)
 (3 34 30) (22 35 31 38) (11 36 32 38) (39 40 23 37 33) NIL (26 42) (24 42)
 (12 42) (43 27 45) (6 42) (43 28 47) (13 45 47) (46 48 29 49) (2 42)
 (43 51 30) (44 51 25) (51 45 16) (52 46 54 31) (8 51 47) (52 48 56 32)
 (17 54 49 56) (58 55 57 50 33) (1 42) (43 34 60) (45 60 18) (61 46 35 62)
 (9 47 60) (61 48 36 64) (64 49 19 62) (63 65 37 50 66) (51 3 60) (52 68 61 38)
 (22 54 62 68) (39 69 55 70 63) (68 11 56 64) (65 40 69 57 72) (66 23 72 70 58)
 (41 67 71 73 74 59) NIL (42 76) (26 76) (77 43 78) (12 76) (77 45 80)
 (27 78 80) (79 81 46 82) (6 76) (77 47 84) (78 84 28) (85 86 79 48) (13 80 84)
 (85 88 81 49) (86 29 88 82) (87 89 50 83 90) (4 76) (14 80 92) (7 92 84)
 (15 88 93 94) (2 76) (77 51 96) (78 30 96) (52 79 98 97) (16 80 96)
 (97 54 81 100) (100 98 82 31) (99 55 101 83 102) (8 96 84) (85 104 97 56)
 (86 98 32 104) (87 106 99 105 57) (104 17 88 100) (105 89 108 101 58)
 (106 102 108 90 33) (103 107 109 110 91 59) (1 76) (77 60 112) (78 34 112)
 (113 79 61 114) (80 18 112) (113 81 62 116) (116 35 82 114)
 (115 117 63 83 118) (9 112 84) (85 120 113 64) (86 120 36 114)
 (65 87 121 122 115) (88 120 19 116) (117 66 89 121 124) (118 124 90 37 122)
 (125 126 67 91 119 123) (5 92 112) (116 93 128 20) (10 94 120 128)
 (21 129 130 95 124) (3 96 112) (97 68 113 132) (98 132 114 38)
 (133 69 99 115 134) (22 132 100 116) (117 133 136 70 101) (39 118 134 136 102)
 (103 135 137 138 71 119) (104 120 11 132) (133 105 140 121 72)
 (40 106 140 122 134) (141 107 135 73 142 123) (23 136 140 108 124)
 (125 109 137 141 74 144) (126 41 110 138 142 144) (127 111 75 139 143 145 146)
 NIL (148 76) (148 42) (149 77 150) (148 26) (149 78 152) (43 150 152)
 (151 153 79 154) (148 24) (44 150 156) (148 12) (149 80 158) (150 158 45)
 (159 160 151 81) (27 152 158) (159 162 153 82) (160 46 162 154)
 (161 163 83 155 164) (148 6) (149 166 84) (150 47 166) (85 167 151 168)
 (28 152 166) (167 86 170 153) (168 170 48 154) (87 171 169 155 172)
 (13 166 158) (159 167 88 174) (160 174 49 168) (175 176 161 89 169)
 (170 29 162 174) (175 171 178 163 90) (176 178 164 50 172)
 (177 179 180 165 91 173) (148 4) (149 92 182) (14 182 158) (159 183 93 184)
 (7 182 166) (167 183 186 94) (184 15 186 174) (175 185 187 188 95) (148 2)
 (149 96 190) (51 150 190) (192 151 191 97) (190 152 30) (191 98 153 194)
 (52 192 154 194) (193 99 195 155 196) (156 25 190) (198 157 192 53)
 (16 190 158) (159 191 200 100) (192 160 54 200) (201 161 193 202 101)
 (200 162 31 194) (201 204 163 195 102) (202 204 55 164 196)
 (103 165 197 203 205 206) (8 190 166) (167 104 191 208) (208 168 192 56)
 (209 169 193 105 210) (208 170 194 32) (209 106 171 195 212)
 (212 210 172 57 196) (213 214 107 197 173 211) (208 17 200 174)
 (175 209 216 201 108) (176 216 210 202 58) (177 217 218 109 203 211)
 (204 212 178 216 33) (213 179 220 110 205 217) (214 218 220 59 206 180)
 (215 181 219 111 222 221 207) (148 1) (149 112 224) (150 60 224)
 (225 226 151 113) (152 34 224) (225 228 153 114) (226 228 61 154)
 (227 229 115 155 230) (224 18 158) (159 225 232 116) (160 232 62 226)
 (117 233 161 227 234) (162 35 232 228) (233 118 236 163 229)
 (234 236 164 63 230) (235 237 238 165 119 231) (9 224 166) (167 225 120 240)
 (240 168 226 64) (241 242 169 121 227) (240 170 36 228) (241 229 244 171 122)
 (65 242 244 172 230) (243 245 173 246 123 231) (240 232 19 174)
 (175 233 248 241 124) (176 248 234 242 66) (125 177 243 235 249 250)
 (236 244 178 37 248) (126 179 245 249 252 237) (180 67 246 250 252 238)
 (127 181 239 247 251 253 254) (5 224 182) (183 225 128 256) (256 184 232 20)
 (233 257 185 129 258) (256 186 10 240) (241 257 260 187 130)
 (21 258 260 188 248) (131 249 189 259 261 262) (3 190 224) (225 191 264 132)
 (226 192 68 264) (133 265 227 193 266) (264 228 194 38) (265 134 268 229 195)
 (266 268 69 230 196) (267 269 270 135 197 231) (264 22 200 232)
 (233 265 136 201 272) (234 266 272 202 70) (235 273 274 137 267 203)
 (39 268 236 272 204) (269 273 276 138 205 237) (238 274 276 71 206 270)
 (239 271 275 277 278 139 207) (264 208 11 240) (241 265 280 209 140)
 (242 266 280 210 72) (281 267 243 141 282 211) (40 244 280 268 212)
 (213 269 245 281 142 284) (214 270 246 73 282 284)
 (215 271 143 247 283 285 286) (272 23 216 280 248) (281 217 273 249 144 288)
 (218 282 274 74 250 288) (219 275 283 251 145 289 290)
 (41 220 276 284 252 288) (221 277 253 146 289 285 292)
 (222 278 75 286 290 292 254) (255 147 223 279 287 291 293 294) NIL (296 148)
 (296 76) (149 298 297) (296 42) (150 300 297) (77 298 300) (299 301 151 302)
 (296 26) (152 297 304) (298 304 78) (305 306 299 153) (43 300 304)
 (305 308 301 154) (306 79 308 302) (307 309 155 303 310) (296 24)
 (156 312 297) (44 312 300) (313 157 301 314) (296 12) (316 297 158)
 (298 80 316) (159 317 299 318) (45 300 316) (317 160 320 301) (318 320 81 302)
 (161 321 319 303 322) (27 316 304) (305 317 162 324) (306 324 82 318)
 (325 326 307 163 319) (320 46 308 324) (325 321 328 309 164)
 (326 328 310 83 322) (165 323 327 329 311 330) (296 6) (332 297 166)
 (298 332 84) (167 333 299 334) (47 300 332) (333 168 336 301) (85 334 336 302)
 (169 337 335 303 338) (28 332 304) (305 333 170 340) (334 306 340 86)
 (341 342 307 171 335) (308 48 336 340) (341 337 344 309 172)
 (342 87 344 310 338) (339 311 343 345 346 173) (13 332 316) (317 333 348 174)
 (318 88 348 334) (175 349 319 335 350) (320 336 49 348) (349 176 337 352 321)
 (350 352 89 322 338) (177 339 323 351 353 354) (29 340 348 324)
 (325 341 349 178 356) (350 326 356 90 342) (357 358 179 343 327 351)
 (328 344 352 50 356) (357 360 180 345 329 353) (358 360 330 91 354 346)
 (359 361 347 181 331 355 362) (296 4) (364 297 182) (298 92 364)
 (183 365 299 366) (14 364 316) (317 184 368 365) (318 368 93 366)
 (367 319 369 185 370) (7 364 332) (333 365 186 372) (334 372 94 366)
 (373 374 335 187 367) (15 368 372 348) (349 373 376 369 188)
 (350 376 370 95 374) (375 377 378 189 351 371) (296 2) (190 380 297)
 (298 380 96) (299 381 191 382) (51 380 300) (381 192 301 384) (97 384 302 382)
 (385 386 193 383 303) (380 30 304) (305 388 381 194) (306 98 382 388)
 (307 389 383 195 390) (52 308 388 384) (385 389 392 309 196)
 (386 392 99 310 390) (311 197 387 391 393 394) (380 312 25) (198 396 313 381)
 (53 396 314 384) (385 199 397 398 315) (16 380 316) (317 200 381 400)
 (318 400 100 382) (401 402 319 201 383) (384 320 400 54) (385 401 404 321 202)
 (386 404 322 101 402) (403 405 406 323 387 203) (400 388 31 324)
 (325 401 408 389 204) (326 408 390 402 102) (403 409 410 327 391 205)
 (408 404 328 55 392) (405 409 412 329 393 206) (103 406 410 412 330 394)
 (407 411 413 414 331 207 395) (8 380 332) (333 208 381 416) (334 416 382 104)
 (417 418 335 209 383) (416 336 56 384) (385 417 420 337 210)
 (386 105 420 338 418) (419 339 387 421 422 211) (416 388 32 340)
 (341 417 424 389 212) (342 424 106 390 418) (213 419 343 391 425 426)
 (424 420 344 57 392) (214 425 345 393 421 428) (107 346 426 394 428 422)
 (215 347 430 423 427 429 395) (416 17 400 348) (349 401 216 417 432)
 (350 432 108 418 402) (433 434 403 217 419 351) (420 432 404 352 58)
 (433 436 405 218 421 353) (434 436 406 109 422 354)
 (435 437 219 407 423 355 438) (424 432 408 33 356) (357 433 440 409 220 425)
 (358 440 410 110 434 426) (359 221 442 411 435 441 427)
 (360 440 412 436 59 428) (361 441 222 444 413 437 429)
 (438 111 442 444 414 430 362) (363 439 443 445 446 415 223 431) (296 1)
 (448 297 224) (298 112 448) (225 449 299 450) (300 60 448) (449 226 452 301)
 (450 452 113 302) (227 453 451 303 454) (448 34 304) (305 449 228 456)
 (306 456 114 450) (457 458 307 229 451) (452 308 61 456) (457 453 460 309 230)
 (458 460 310 115 454) (455 459 461 462 311 231) (448 18 316) (317 449 464 232)
 (318 464 450 116) (233 465 319 451 466) (452 320 62 464) (453 234 468 321 465)
 (117 466 468 322 454) (235 455 323 467 469 470) (464 456 35 324)
 (325 457 236 465 472) (326 472 466 458 118) (237 459 467 327 473 474)
 (468 460 328 63 472) (238 461 469 473 329 476) (462 330 474 119 476 470)
 (331 239 463 471 475 477 478) (9 448 332) (333 449 480 240) (334 480 120 450)
 (241 481 335 451 482) (480 452 336 64) (453 242 484 337 481)
 (482 484 121 338 454) (483 485 486 455 243 339) (480 456 36 340)
 (341 457 244 481 488) (342 488 482 122 458) (483 489 490 459 245 343)
 (65 484 460 344 488) (485 489 492 461 246 345) (486 490 492 462 346 123)
 (487 491 493 494 463 247 347) (480 464 19 348) (349 465 496 481 248)
 (350 496 482 466 124) (497 483 249 498 467 351) (484 66 468 352 496)
 (485 497 250 500 469 353) (125 486 498 500 470 354)
 (487 251 499 501 502 471 355) (488 496 472 37 356) (357 489 497 252 504 473)
 (358 126 490 498 504 474) (359 491 499 253 505 506 475)
 (360 67 492 500 504 476) (361 493 501 254 505 508 477)
 (127 362 494 502 506 508 478) (255 363 495 503 507 509 510 479) (5 448 364)
 (365 449 512 256) (512 366 128 450) (257 513 367 451 514) (512 464 368 20)
 (465 258 513 516 369) (466 516 129 370 514) (515 517 518 467 259 371)
 (512 480 10 372) (373 481 513 260 520) (514 374 520 130 482)
 (375 521 522 483 515 261) (21 376 516 520 496) (517 521 524 497 377 262)
 (378 131 522 524 498 518) (519 379 523 525 526 499 263) (3 380 448)
 (449 528 381 264) (450 528 382 132) (265 529 451 383 530) (452 68 528 384)
 (385 266 529 532 453) (133 386 532 454 530) (267 455 531 387 533 534)
 (456 388 528 38) (457 529 268 389 536) (530 134 536 390 458)
 (269 459 531 391 537 538) (536 460 69 532 392) (270 461 537 533 393 540)
 (135 462 534 394 538 540) (271 463 542 535 395 541 539) (22 464 528 400)
 (401 465 529 544 272) (530 402 136 544 466) (545 546 403 273 531 467)
 (468 404 532 70 544) (545 548 405 274 469 533) (546 548 406 137 534 470)
 (547 549 535 407 275 471 550) (39 472 536 544 408) (545 552 409 276 537 473)
 (546 552 410 138 474 538) (547 553 554 411 277 475 539)
 (540 552 412 71 548 476) (549 553 541 556 413 278 477)
 (550 554 556 414 139 478 542) (551 555 557 558 279 415 543 479)
 (480 11 528 416) (417 481 529 560 280) (530 418 560 482 140)
 (561 483 531 281 562 419) (484 420 532 560 72) (485 561 282 564 533 421)
 (486 141 562 564 534 422) (535 487 563 283 565 566 423) (40 488 536 560 424)
 (489 561 537 284 568 425) (142 490 568 562 426 538)
 (491 563 285 569 570 427 539) (540 492 73 564 568 428)
 (429 493 565 286 569 572 541) (494 430 143 566 570 572 542)
 (287 495 543 567 571 573 574 431) (23 496 544 560 432)
 (433 545 497 288 561 576) (434 546 562 144 498 576)
 (577 578 435 499 563 547 289) (436 548 74 500 564 576)
 (577 580 549 437 501 565 290) (578 580 550 502 145 566 438)
 (579 581 503 439 551 567 291 582) (41 440 552 504 568 576)
 (577 584 441 569 553 505 292) (578 506 442 584 146 554 570)
 (579 555 585 586 443 571 293 507) (572 556 584 444 75 580 508)
 (581 585 509 588 557 445 573 294) (582 586 588 558 446 147 574 510)
 (583 587 589 590 447 575 295 511 559) NIL (592 296) (592 148) (593 297 594)
 (592 76) (298 593 596) (149 596 594) (299 597 598 595) (592 42) (593 300 600)
 (150 594 600) (601 602 301 595) (77 596 600) (601 604 597 302)
 (602 151 604 598) (603 605 303 599 606) (592 12) (593 608 316) (608 594 158)
 (317 609 595 610) (80 596 608) (609 318 612 597) (159 610 612 598)
 (319 613 611 599 614) (45 608 600) (601 609 320 616) (602 616 610 160)
 (617 618 603 321 611) (612 604 81 616) (617 613 620 605 322)
 (618 161 620 606 614) (619 621 622 323 607 615) (592 6) (593 624 332)
 (624 594 166) (333 625 595 626) (596 624 84) (625 334 628 597)
 (167 626 628 598) (335 629 627 599 630) (47 624 600) (601 625 336 632)
 (602 632 626 168) (633 634 603 337 627) (85 604 628 632) (633 629 636 605 338)
 (634 169 636 606 630) (339 631 635 637 638 607) (13 624 608) (609 625 640 348)
 (610 640 626 174) (349 641 611 627 642) (88 612 628 640) (641 350 629 613 644)
 (175 642 644 614 630) (631 643 351 645 646 615) (640 632 49 616)
 (617 633 352 641 648) (618 648 642 634 176) (649 650 619 635 643 353)
 (644 620 89 636 648) (649 652 621 637 645 354) (650 177 652 622 638 646)
 (651 653 654 623 355 639 647) (592 2) (593 380 656) (190 594 656)
 (657 658 381 595) (96 596 656) (657 660 597 382) (658 191 660 598)
 (659 661 383 599 662) (51 656 600) (601 657 664 384) (664 602 192 658)
 (385 665 603 659 666) (660 97 604 664) (665 386 668 605 661)
 (666 668 193 606 662) (387 663 667 669 670 607) (16 656 608) (609 657 672 400)
 (672 610 200 658) (401 673 611 659 674) (660 612 100 672)
 (673 402 676 613 661) (674 676 201 614 662) (403 677 678 675 663 615)
 (664 672 54 616) (617 665 673 404 680) (674 618 680 202 666)
 (619 405 681 682 675 667) (668 620 676 101 680) (677 406 681 684 621 669)
 (678 682 684 203 670 622) (623 407 683 685 686 671 679) (8 656 624)
 (625 657 688 416) (626 208 688 658) (417 689 627 659 690) (660 104 628 688)
 (689 418 692 629 661) (690 692 209 630 662) (691 631 419 693 694 663)
 (664 688 56 632) (633 665 689 420 696) (690 634 696 210 666)
 (691 635 421 697 698 667) (668 105 636 692 696) (693 422 697 637 700 669)
 (694 698 700 670 211 638) (639 695 423 699 701 702 671) (17 672 688 640)
 (641 673 689 704 432) (690 642 216 704 674) (433 705 675 706 691 643)
 (692 644 676 108 704) (705 434 708 677 693 645) (706 708 217 678 694 646)
 (435 709 710 679 707 695 647) (704 58 680 696 648) (649 705 436 712 681 697)
 (650 218 712 682 706 698) (651 437 713 714 683 707 699)
 (708 109 712 684 652 700) (709 438 713 716 685 653 701)
 (710 219 714 716 686 702 654) (655 439 711 715 717 718 687 703) (592 1)
 (593 720 448) (720 594 224) (449 721 595 722) (596 112 720) (721 450 724 597)
 (225 722 724 598) (451 725 723 599 726) (60 720 600) (601 721 452 728)
 (602 722 728 226) (729 730 603 453 723) (604 113 724 728)
 (729 725 732 605 454) (730 227 732 606 726) (455 727 731 733 734 607)
 (720 18 608) (609 721 736 464) (610 722 736 232) (465 737 611 723 738)
 (612 736 724 116) (737 466 740 613 725) (233 738 740 614 726)
 (739 741 742 467 727 615) (728 62 736 616) (617 729 468 737 744)
 (618 730 738 744 234) (739 745 746 619 469 731) (117 620 744 732 740)
 (741 745 748 470 621 733) (235 742 746 748 734 622)
 (623 743 747 749 750 471 735) (9 720 624) (625 721 752 480) (626 722 752 240)
 (481 753 627 723 754) (628 752 120 724) (753 482 756 629 725)
 (241 754 756 630 726) (483 631 755 757 758 727) (64 752 728 632)
 (633 729 484 753 760) (634 730 754 760 242) (485 635 755 761 762 731)
 (636 121 760 732 756) (486 757 761 637 764 733) (243 758 762 764 734 638)
 (639 487 759 763 765 766 735) (736 752 19 640) (641 737 768 753 496)
 (754 642 738 768 248) (769 770 739 497 755 643) (768 644 740 756 124)
 (769 772 741 498 757 645) (770 772 742 249 758 646)
 (771 773 774 743 499 759 647) (66 744 760 768 648) (649 769 776 745 500 761)
 (650 770 746 776 250 762) (651 777 778 747 771 501 763)
 (125 772 776 748 652 764) (653 777 780 749 502 773 765)
 (774 778 780 750 251 766 654) (655 775 779 781 782 751 503 767) (3 720 656)
 (657 721 784 528) (658 722 784 264) (529 785 659 723 786) (784 660 724 132)
 (785 530 788 661 725) (265 786 788 662 726) (663 787 531 789 790 727)
 (784 68 728 664) (665 729 532 785 792) (666 730 792 786 266)
 (787 533 793 794 667 731) (133 788 668 732 792) (669 789 534 793 796 733)
 (267 734 790 794 796 670) (535 671 791 795 797 798 735) (784 22 736 672)
 (673 737 800 785 544) (800 674 738 786 272) (545 801 675 802 739 787)
 (788 800 676 740 136) (801 546 804 677 789 741) (802 804 678 273 790 742)
 (803 805 679 743 547 791 806) (792 800 744 70 680) (801 548 808 681 745 793)
 (802 274 808 682 746 794) (803 549 809 810 683 795 747)
 (804 748 808 684 137 796) (805 550 809 685 812 749 797)
 (806 810 275 812 686 750 798) (551 807 811 813 814 751 687 799)
 (784 752 11 688) (689 753 816 785 560) (690 754 786 816 280)
 (817 787 561 818 691 755) (788 816 692 756 140) (817 562 820 693 789 757)
 (758 281 818 820 790 694) (759 695 563 819 821 822 791) (792 816 72 760 696)
 (793 817 761 564 824 697) (282 824 794 818 762 698)
 (763 819 565 825 826 699 795) (700 764 141 820 824 796)
 (797 701 821 566 825 828 765) (766 702 283 822 826 828 798)
 (567 703 799 823 827 829 830 767) (800 816 23 768 704)
 (705 769 817 576 801 832) (706 770 818 288 802 832)
 (577 833 707 834 803 819 771) (772 708 144 804 820 832)
 (833 578 836 709 821 805 773) (834 836 806 774 822 289 710)
 (579 837 775 807 711 835 823 838) (712 776 808 74 824 832)
 (833 580 840 713 809 777 825) (834 290 840 714 810 778 826)
 (835 581 841 842 715 779 827 811) (812 840 780 836 145 828 716)
 (837 582 813 841 717 844 781 829) (782 838 842 844 814 718 291 830)
 (583 839 843 845 846 783 815 719 831))