(NIL (1) (1) (3) (4) NIL (6 1) (6 5) (2 8) (9) (10 7) (11) (6) (13 4) (14 12)
 (9 13) (16 14 12) (17 15) (18) (16 14 12) (19 20) (17 20) (19 22) (21) (24 22)
 (25) (26) (25 23) (28) (27 29) (30) (31) (32) (31) (33 34) (31) (33 34 36)
 (37) (35 38) (39) (40) (41) (39) (38) (41 44) (35 37) (41 46) (44 46 40)
 (47 48) (41 48) (49 50 45) (42 51) (52) (52) (43 54) (53 55) (56) (55) (58 56)
 (43 53 54) (59 60) (57 61) (61) (57 63) (63) (65 62) (66) (65 62) (67 68 64)
 (66 68) (67 70 64) (69 70) (72) (73 71) (74) (74) (75 76) (75 76) (77 78) (79)
 (80) (81) (82) (83) (84) (82) (85 86) (83 86) (88) (89) (86) (90 91 84)
 (92 87) (93) (90 91 84) (94 95) (96) (96) (98) (96) (100) (99 101) (98)
 (103 100) (97 103 102) (103 102) (106 104 105) (107) (108) (108) (110)
 (109 111) (112) (113) (109 110) (113 115) (115 112) (114 117) (114 115)
 (117 119) (120) (121 118) (121 116 118) (122 123) (124) (125) (125) (125)
 (125) (129 128) (130 127) (131) (132) (130 127) (133 126 134) (135) (136)
 (136) (133 134) (137 139) (137 139) (141) (138 142) (143) (144) (143)
 (146 144) (145 147 140) (146 144) (140 149) (145 147 149) (140 151) (150 152)
 (153) (154) (155) (148 156) (156) (158) (148 159) (155) (161 148 156)
 (161 156) (162 163 157 160) (164) (165) (166) (167) (168) (167) (169 170)
 (170) (171 172) (170) (171 172 174) (175) (173 176) (177) (173 175) (178 179)
 (179) (179) (180 182) (181 183) (177 182) (185 180) (185 184) (186 187)
 (186 187) (188 189) (190) (191) (190) (193 192) (194) (193) (196 192)
 (193 191) (198 192) (195 196 199) (200) (200) (195 196 198) (202 203 197)
 (201 204) (205) (205) (206 207) (208) (209) (208) (209 211) (206 207)
 (210 213) (214) (212 215) (216) (216) (218) (216) (217 219 220) (211 215)
 (217 220 222) (219 223) (224) (225) (221 224) (226 227) (228) (227) (229 230)
 (225 227) (229 232) (233) (233) (235 231) (234 236) (234 236) (237 238) (239)
 (239) (237 238) (235 230) (242 243 239) (241 244) (245 240) (246) (247) (248)
 (249) (245 240) (251 248) (250 252) (253) (253) (249 252) (256) (250 251)
 (257 258 253) (259 254 255) (259) (260 261) (260 261) (262 263) (264) (265)
 (265) (266 267) (268) (266 267) (268 270) (269 271) (272) (273) (274) (275)
 (272) (276 277) (278) (279) (278) (281 280) (282) (283) (284) (284) (286)
 (286) (284) (289) (290 285) (291 287 288) (291 288) (293 287) (292 293)
 (294 295) (295) (297 294) (298) (299) (300 296) (299) (298 296) (297 294)
 (297) (305 296) (306 301) (307 303) (308 302 304) (308 302) (308 304)
 (309 310 311) (312) (312) (312) (313 315) (316) (314 316) (317 318) (319)
 (320) (321) (322) (323) (317 318) (325 320) (323 326) (324 327) (328) (329)
 (329) (322 326) (329 332) (332 328) (330 331 333 334) (335) (336) (337) (337)
 (339) (338 340) (341) (338 339) (343) (341 343) (345 344) (345) (347)
 (346 348 342) (349) (350) (351) (351) (353 352) (353) (349) (353 356 352)
 (357) (356 351) (359) (354 356) (361 358 360) (362 355) (363) (364) (365)
 (365) (367) (368) (366 367) (370 368) (371) (372) (373) (374) (374) (369 376)
 (364) (378 374) (379 376) (377 380) (381 375) (379 376) (369 383) (377 384)
 (385 380 375) (385 381 375) (386 387 382) (388) (389) (386 387) (390 391)
 (392) (393) (394) (395) (395) (395) (394) (398 399) (396 397 400) (397 400)
 (401 402) (403) (404) (405) (406) (405) (407 408) (409) (410) (411) (409)
 (413) (412 414) (415) (416) (412 413) (418 415) (417 419) (420) (421) (422)
 (423) (424) (425) (426) (427) (428) (425) (429 430) (431) (432) (433) (431)
 (433 435) (436) (434 437) (434 437) (438 439) (439) (437) (442 438 439)
 (441 443) (444) (443 440) (442 440) (444 447) (448) (449))