(NIL NIL (2) (2 1) (4) (5) (6) (7) (3 5) (9 8) (9) (11 8) (12) (13) (12)
 (14 15) (15) (17 16) (18) (19) (19) (17 10) (20 22) (21 23) (21 23) (25) (25)
 (25 24) (26 28) (20 21 22) (26 30 24) (25 30 24) (27 29 32) (33) (34 31) (33)
 (33) (37 31) (34 36 38) (39) (35 40) (39) (42) (42 35 40) (43 44) (41 45) (44)
 (45 47) (41 47) (49 48) (49 46) (51) (52 48) (51) (50 52 54) (55) (53 56) (57)
 (58) (59) (60) (58) (60 62) (59 62) (61 63 64) (65) (61 64) (66 67) (67)
 (66 69) (70) (71) (68 72) (73) (69 63) (75 71) (74 76) (77) (78) (78) (74 76)
 (81) (82) (83 80) (84) (83 79) (85 86) (84 86) (88) (89) (90 87) (91) (91)
 (93) (91) (95) (96) (96) (98) (99) (100 92 93) (100 92 94) (97 102) (100 93)
 (103 104) (105) (106 101) (107) (104) (105 109 101) (108 110) (111) (110)
 (113 111) (114) (114) (116 112) (116 112) (117 118) (117 118) (115 120) (121)
 (122) (121 119) (124) (122 124) (126) (123 127) (127) (129) (129 123 125)
 (130 131) (132) (133) (133) (135) (131 128) (137 135) (137 132) (139 136)
 (137 132) (140 141) (140 141) (142 143) (134 144) (145) (146) (146)
 (138 147 148) (138 147 148) (139 141) (146 151) (147 151) (153 150 152) (154)
 (155 149) (155 149) (157) (156 158) (157) (160) (161 159) (162) (162) (162)
 (163 165) (166) (167) (164 167) (165) (169 170) (171 168) (171) (172 173)
 (174) (175) (176) (177) (176) (179) (180) (178 181) (182) (183) (183) (185)
 (186 184) (187) (186 184) (188 189) (190) (191) (192) (193) (192) (193 195)
 (194 196) (193 195) (194 198) (194 198) (196 200) (194 195) (202 197 199 200)
 (203) (203) (202 199) (204 206) (205 207) (205 207) (207) (201 210 205)
 (209 211) (212) (213 208) (214) (215) (216) (215) (214) (219 215) (219 216)
 (219) (217 220 222) (218 221 222) (217 224) (225 223) (226) (225 223)
 (223 224) (227 229) (228 230) (228 230) (232) (233 231) (232) (233 235)
 (236 231) (237) (234 238) (234 238) (237) (241 239) (242 240) (243) (244)
 (243) (246) (245 247) (248) (249) (250) (251) (252) (250) (253 254) (252 254)
 (253 254) (257 255 256) (257) (258 259) (259 256) (258 261) (261 255)
 (260 263) (262 264) (265) (265) (260 263) (268) (265 269) (267 270) (266 271)
 (271) (273) (266 274) (271) (276) (266 277 274) (275 278) (279) (280 272)
 (281) (282) (281) (282 284) (285) (284) (282 284) (287 288) (288)
 (290 283 285) (290 283 286 287) (292) (293) (289 293) (291 295) (296)
 (291 295) (297 298 294) (298) (297 300) (301) (302) (299 300) (301 304) (305)
 (306 303) (307) (305) (306 309 303) (307 309) (310 311) (312) (313) (314)
 (314) (316 315 308) (317) (318) (317) (319 320) (321) (321) (323) (324)
 (319 320) (322 326) (324 326) (327 328) (322 328) (330 325) (331 327)
 (330 325 327) (329 331 333) (329 332 333) (334 335) (336) (337) (335)
 (339 336) (338 340) (341) (342) (341) (341) (345 342) (345 342)
 (346 347 343 344) (348) (348) (350) (349 351) (352) (352) (354) (355) (351)
 (353 356 357) (358) (353 356 357) (360) (361 358) (362) (363) (361)
 (363 365 359) (366) (365) (364 359 368) (364 366 368) (370) (371)
 (369 370 367) (366 368) (364 374) (371 375 367) (373 375) (377 372) (378 376)
 (378 376) (379 380) (381) (382) (383) (380) (385 382) (385 382) (385 382)
 (380) (385 389 384) (385 389 383) (386 390 391) (387 392) (393 388) (394)
 (395) (394) (396 397) (397) (398 399) (399) (401 400) (401 398) (398 399)
 (403 404 400) (405) (404) (402 406 407) (408) (402 405 407) (410 406)
 (411 408) (411) (409 413) (409 413) (409 413) (416) (412 416) (417 418 414)
 (418) (419 420) (418) (421 422 415) (423) (423) (423) (425 426 424) (427)
 (420 422 415) (428 429) (430) (431) (430) (433 431) (434 432) (434 432)
 (435 436) (436) (435 436) (439) (440) (441 437) (442) (443) (443)
 (444 445 438) (446) (445) (444 438 448) (449))