(NIL NIL (1 2) NIL NIL NIL (6 2) (6 1) (3 7 8) NIL (1 10) NIL (12 10) (12 6)
 (12 2) (14 7 15) (12 1) (17 13 11) (17 14 8) (17 3 15) (19 20 9 16) NIL
 (12 22) (22 10) (23 13 24) (6 22) (23 26 14) (2 22) (23 15 28) (26 7 28)
 (29 30 27 16) NIL (32 22) (32 12) (23 34 33) (32 6) (26 36 33) (14 34 36)
 (27 35 37 38) (32 1) (17 34 40) (40 36 8) (19 42 41 38) NIL (32 44) (12 44)
 (45 34 46) (44 10) (48 46 13) (6 44) (50 45 36) (50 14 46) (51 52 47 38)
 (2 44) (54 46 15) (50 54 7) (52 55 56 16) (1 44) (58 45 40) (17 58 46)
 (59 60 41 47) (48 58 11) (18 49 60 62) (50 8 58) (51 64 59 42) (60 19 52 64)
 (43 61 53 65 66) (58 54 3) (60 68 20 55) (68 56 9 64) (66 21 70 57 69) NIL
 (32 72) (12 72) (34 73 74) (72 10) (76 13 74) (6 72) (73 36 78) (14 78 74)
 (75 80 79 38) (2 72) (82 15 74) (7 78 82) (83 84 16 80) (1 72) (73 40 86)
 (17 86 74) (75 87 41 88) (86 76 11) (18 90 77 88) (86 78 8) (87 92 79 42)
 (88 19 92 80) (81 43 89 93 94) (86 3 82) (83 88 20 96) (84 92 9 96)
 (85 98 21 97 94) NIL (100 44) NIL (102 32) (102 22) (103 33 104) (102 12)
 (106 34 103) (106 23 104) (105 107 108 35) (102 10) (24 110 104) (106 110 13)
 (25 108 111 112) (102 6) (114 103 36) (114 26 104) (105 115 116 37)
 (106 14 114) (107 118 115 38) (116 108 27 118) (39 117 109 119 120) (102 2)
 (122 28 104) (106 122 15) (29 108 123 124) (114 122 7) (30 116 123 126)
 (126 118 16 124) (127 128 31 125 120) NIL (130 100) (130 44) (131 101 132))