(NIL NIL (2 1) NIL (4 2) NIL (4 6) (2 6) (7 5 8) (6 1) (3 10 8) NIL (12 6) NIL
 (12 14) (14 6) (15 13 16) (4 14) (7 18 16) (2 14) (8 16 20) (18 5 20)
 (21 22 19 9) (14 1) (10 24 16) (3 24 20) (21 11 25 26) NIL (28 14) NIL (30 12)
 (30 4) NIL NIL (14 34) (12 34) (15 36 35) (6 34) (38 35 16) (38 36 13)
 (39 40 37 17) NIL (42 34) (12 42) (36 43 44) (42 6) (38 46 43) (46 13 44)
 (40 47 48 45) (4 42) (7 46 50) (2 42) (52 46 8) (52 5 50) (53 9 51 54) (42 1)
 (10 46 56) (3 52 56) (57 58 11 53) NIL NIL NIL (62 34) (62 28) (62 14)
 (65 35 63) (64 29 65) (62 12) (68 36 63) (68 15 65) (69 70 37 66) (62 6)
 (38 72 63) (72 16 65) (39 74 73 66) (68 72 13) (69 40 76 73) (70 76 74 17)
 (78 41 71 77 75) (62 4) (18 65 80) (72 7 80) (81 82 74 19) (62 2) (84 65 20)
 (72 8 84) (21 85 74 86) (84 5 80) (81 22 88 85) (82 88 9 86) (89 83 87 23 90)
 (62 1) (92 24 65) (72 10 92) (93 74 25 94) (3 92 84) (85 93 26 96)
 (86 11 94 96) (97 98 87 95 27))