(NIL NIL NIL NIL (3 4) NIL (4 6) (3 6) (5 8 7) (1 6) NIL NIL (2 12) NIL (11 14)
 (2 14) NIL (17 14) (11 17) (15 19 18) (17 6) (17 1) (10 21 22) NIL NIL (17 25)
 (11 25) (19 26 27) (6 25) (26 21 29) (4 25) (31 7 29) (3 25) (8 33 29)
 (5 33 31) (9 34 35 32) (1 25) (26 22 37) (10 29 37) (38 39 23 30) NIL (41 25)
 (41 17) (26 43 42) (41 14) (45 18 43) (11 41) (27 42 47) (19 43 47)
 (49 48 44 28) (15 45 47) (49 51 20 46) (41 6) (53 42 29) (53 43 21)
 (54 55 44 30) (41 1) (57 42 37) (57 43 22) (38 58 44 59) (53 57 10)
 (54 61 58 39) (55 59 23 61) (62 63 40 56 60) NIL (24 65) (65 14) NIL (68 41)
 (68 25) (69 42 70) (68 17) (69 43 72) (26 72 70) (74 73 44 71) (68 11)
 (69 76 47) (76 27 70) (48 77 78 71) (19 76 72) (49 80 77 73) (74 80 28 78)
 (75 82 79 81 50))