(NIL NIL NIL NIL NIL NIL (6) (6) NIL (9 5 6 2) (9) NIL NIL (13 10) (14) (13 7)
 (12 16) (11 17) (2 11 17) (5 17) (20) (3 11 21 4) (22 19) (20 4) (2 20)
 (8 11 16) (3 26 25 15 4) (27 19) (18 27 19) (22 29) (30) (30) (32) (23 32 1)
 (22 29) (35 31) (23 35 30) (26 14) (32 38 31) (39 34) (36 39 28 37) (23 38)
 (42 29) (43 40) (44) (33 35 28 44) (32 42 35 28) (46 41 47) (48) (47 24)
 (50 1) (51 45) (51 36 45) (33 53 37) (33 53 37) (51 36 45) (56 46) (57 49)
 (58) (49 56) (57 60 53) (60 59 52 55) (60) (57 53 63) (58 52 63) (65 64) (65)
 (65) (49 56) (57 52 69 55) (67 54 70) (65 69) (58 69) (73 61 55) (65 73 59)
 (75 62) (76 68) (77 61 71) (77 61 54) (66 75 54 70) (67 77 80) (79 80) (82 71)
 (61 62 80) (74 84 68 72) (85 71) (85 79 71) (85 78) (88) (85 79 71) (90)
 (82 67 85) (92 88) (81 92 86) (74 84) (95 78 79) (81 92 96) (97) (96 86 88)
 (81 82 99))