(NIL NIL NIL (2) (3) (5) NIL (7) (4 5) (7) (10) (1 9 11) (12) (13) (14) (14)
 (8 13) (17) (11 5) (1 8 11 5) (20 12) (21) (22) (23 13 6) (16 23 15)
 (8 10 1 6) (26) (27 12 19) (28 20) (17 29 22) (30 15) (25 18 27 24) (17 26)
 (33 28 15) (34) (35 24) (36) (30 37) (25 35) (18 35) (40 32) (33 28 14)
 (18 21 27 15) (43 35 30) (44 38 39) (43 33 29) (40 42 46 38) (47 31) (25 48)
 (49 44 32) (41 50) (48) (48 32) (53 39) (45 53) (54 55) (51 56) (57) (58 52)
 (55) (60) (52 51 45 53) (60 62) (58 62) (62 56) (65 63) (66) (67 61) (58 67)
 (59 68 69) (67 64) (66) (58 66) (73) (74 68 69) (73 59 71) (66 59) (73 77 61)
 (67 78 64) (79) (77 69 61 74) (81 68) (65) (81 83 78 71) (84) (85) (82 84 72)
 (75 87) (70 79 88) (59 68 69 83) (90 86 88) (81 83) (92 80) (91 76 93 70)
 (82 84 76 93) (94 95) (96) (96) (95) (95))