(NIL (1) (2) (3) (3) (5) (5) (7) (8 4 6) (4 6 7) NIL (11 8 6) (9 12 10)
 (11 9 10) (14) (12 14) (11 8) (12 17 14) (16 18) (18 15) (16 17 13) (17 13 15)
 (22 18) (21 19 23) (24) (25) (26 20) (27) (21 19 20 23) (29) (29 24) (30 31)
 (28 32) (27 32) (28 32) (26 30 31) (36) (37) (28 37) (34 38 39) (33 34 35 39)
 (41 38) (34 37) (42 43) (41 43 38) (41 43) (33 35 43) (41 47) (42 45 46 48)
 (49 44 40) (42 45 46 48) (50 51) (52) (49 51 40) (44 54) (50 55) (53 56)
 (52 54) (58 56) (59) (57 60) (60) (57 58) (60 63) (62 64) (65) (62 64)
 (65 67 61) (61 63) (69 62) (68 70) (71) (66 72) (73) (66 72) (74 75) (76) (77)
 (77) (66 72) (77 80) (74 75 80) (82 77) (83) (81 84) (84 78) (85 86) (87 79)
 (88) (88) (90) (87) (89 91 92) (89 91 92) (91 92) (86 79) (89 95 96) (97 93)
 (98) (98) (97 94) (99 101) (100 102) (102) (103 104) (100 102) (106 103)
 (105 106) (102) (106 109) (106 109 103) (107 111) (112) (113 110)
 (105 113 110) (115) (114 116) (117) (108 118) (119) (116) (121) (122 108)
 (123 119) (122 108) (122 119) (121) (122 127 119) (123 128 126 120) (129)
 (126 127 120) (130 131) (132) (131 124) (133 125 134) (135) (136) (137) (137)
 (136) (135) (141) (140 142) (138 139 143) (144) (145) (146) (143) (139 148)
 (146 148) (139 143) (147 150 151) (149 152) (152) (137 143) (147 150 151 155)
 (155 152) (157 149) (153 158) (159) (154 160) (161 156) (156 159) (159)
 (163 164 160) (162 165) (166) (162 163 164) (166 168) (169 167) (169) (169)
 (170 172) (170 171 172) (174) (173 175) (176) (177) (176) (178 179) (179)
 (180 181) (182) (183) (184) (177 179) (186) (187 183) (186 180 181)
 (185 187 189) (190) (191) (192) (189 184) (194 188 191) (195) (194 188)
 (193 197) (198) (198))