(NIL (1) NIL (3 2) (4) (3) (6 4) (6) (7) (8 5 7) (8 2) (11 5) (12) (9 10 13)
 (13 7) (13 7) (16) (9 10 16) (17 18 14 15) (19) (11 4) (18 21 14 15) (19 22)
 (17 21 15) (9 24) (25 18 14) (26 19) (27) (28) (20 29 23) (26 20) (30 31) (32)
 (33) (34) (33) (33) (34 37) (37) (39) (35 38 40) (35 36 40) (35 40) (34 40)
 (35 38 40) (42) (41 46 43) (47 44) (45 47) (47 44) (49 48 50) (48 50)
 (45 47 44) (49 53 50) (54) (52 55) (52 55) (57 51 56) (58) (55) (60 48)
 (59 61) (60 48) (58 63) (64) (65) (66 59) (66 59) (68 61) (67 69) (70) (71)
 (66 59) (73 68 61) (74 72) (73 62) (74 76 72) (77) (78) (75 79) (78)
 (74 76 72) (81 82 79) (82 78) (81 82 75 79) (81 82 80) (85 86) (86) (85 88)
 (88) (89 90 83) (91 84) (91 84 87) (93) (93) (95) (94 95) (97 96) (97 92 96)
 (98 99) (100) (98 99) (100 102) (102) (100 104) (105) (106) (107) (105) (105)
 (106 110) (107 109 111) (108 103 112) (111) (114 107) (114 109 103) (116 112)
 (115 117) (113 117) (115 119) (101 120) (120) (121 122) (114 108 109)
 (124 101 112) (123 125 118) (123 124 118) (124 120) (122 101 118 128)
 (122 101 128) (130 118) (130 126 127) (130 118) (133 127) (130 123 118)
 (129 135 127) (131 133 136) (137 126) (131 133 136) (139 132 134) (137 140)
 (138 140) (140) (142 143) (144) (145) (146) (137 140) (147 148) (149) (149)
 (149 141) (152) (153 150) (151 152) (155) (153 156) (154 157) (158) (158)
 (160) (158) (162 160) (163) (161 164) (165 159) (166) (165 159) (168)
 (165 159) (169 170) (171) (172) (173 167) (174) (173) (172 167) (177 176)
 (178 174) (179 175) (180) (180) (182) (181 182) (184) (185 183) (186) (187)
 (187) (186) (186) (189 191) (187 191) (193 188 189) (193 192) (193 189 190)
 (195 188 196) (186) (197 198) (194 196 198 192))