(NIL (1) (1) (3) NIL (3) (2 6) (5 4 7) (8) (4 6) (9) (11) (11) (13 10) (11)
 (15 10) (16 13) (17 12) (18) (17) (11) (16 12 13 21) (12 20 21 14) (20 21)
 (22 18 24) (18 24) (22 19 26) (27) (26 25 19 14) (29 27) (30) (31) (32)
 (23 30) (34 32) (28 23 30) (30) (37 31) (36 38) (34 39) (33 40) (41) (42)
 (33 34 37) (42 44) (45) (42 44) (45 47) (43 46 48) (49 35) (50) (50) (52)
 (51 53) (54) (52) (54 56) (54 56) (58 55) (57 59) (50) (57 58 61 55)
 (57 59 61) (57 61) (62 64) (65 63) (66) (67) (66) (69) (68 70) (71) (70)
 (73 71) (74) (75) (76 60) (73 68 60) (78 72) (76 79) (80) (81 77) (82) (83)
 (84) (85) (85) (86 87) (85) (89 86 87) (89) (89 87) (92) (93) (92) (90 93 95)
 (96) (95) (98 91) (99 96 88) (97 100 94) (99 94) (99 96 88) (103) (100 94 104)
 (97 100 104) (106 94) (107) (108 102) (109) (110) (101 111) (109) (113 101)
 (114) (115 111) (109) (105 116 117) (118) (118 112) (118) (121 112) (122 119)
 (123) (123) (124 125 120) (126) (124 125) (124 125 120) (129) (130 128) (130)
 (132 126) (133 127) (133) (131 132 127) (135 136) (137) (138) (139) (140)
 (138 134) (138) (139 143) (142 144) (145) (146) (141 142 143) (148 144)
 (148 144) (145 148) (146 150 151) (152) (153 147 149) (154) (154) (156)
 (155 156) (147 152) (153 159) (160) (161 155) (162) (161 149) (158 160)
 (165 163 164 157) (166) (163 165) (166 168) (169) (170) (171) (170) (173)
 (172 173) (175) (167 176) (177) (177) (177 174) (178 180) (179 181) (177 174)
 (182 183) (184) (185) (178 183) (187 184) (187 182) (186 189) (188 190)
 (187 182) (190 192) (193 188) (193) (195) (194 196) (197) (194 196) (199 191))