(NIL NIL (2) (3) (4) (5) (6 1) (7) (8) (9) (10) (7) (11 12) (13) (14) (14) (16)
 (16) (13) (19 15 16) (17 20) (21) (22) (20) (22 24) (25) (25) (25) (26 28)
 (25 23) (21 24) (18 31 23) (27 28 30 32) (33 29) (33) (35 29) (36) (36) (36)
 (34 37 39) (34 38 39) (41) (34 37 38 39) (41 43 40) (44) (42 45) (46) (47)
 (46) (49 48) (50) (42 45) (49 52 47) (50 53) (54) (50 52) (51 56) (57) (58)
 (51 54 56) (57 60) (58 61 55) (59 60) (61 63) (64) (65 55) (66) (66 62)
 (65 62) (69) (66 69) (68 71) (67 72) (73) (71) (74 75 70) (75 70 72)
 (67 75 70) (76 78) (77 79) (77 79) (81 80) (82) (81) (81) (73 78) (82 86) (87)
 (88) (89 83) (89 85) (84 88) (90 91 92) (93) (94) (95) (94) (97 95) (97 95)
 (99 96) (100) (99) (102) (98 102 96) (100 104) (105) (106) (107 101 103)
 (107 101) (108 109) (101 104) (111) (111) (113 107) (113 106 103) (113 107)
 (116 115 108 109) (106 111) (113 118) (109 119 112) (114 116 120) (121 117)
 (115 109 119) (114 123 116 112) (122 124 110) (122 124) (126) (127) (110 128)
 (129) (129) (131) (131) (133) (133) (135) (132 125 134 136) (135) (133)
 (139 132 125) (131 125) (138 132 141 134) (137 140 142) (137 139 141)
 (142 144) (145 130) (145 140) (146 147) (148) (149 143) (150) (130 144)
 (151 152) (153) (153) (154 155) (156) (157) (157) (159) (158 160) (160) (162)
 (163 158) (164) (164) (166) (165 166) (161 167 168) (161 165 166) (160) (171)
 (172 167 168) (173) (169 174) (175) (176) (175) (170 178 176) (179) (178)
 (179 181) (169 170 171) (177 179 181 183) (184) (178 183) (177 186 180 181)
 (187 184) (188 182) (187) (188 182 190) (185 189 191) (192) (193) (193)
 (194 195) (196) (192) (196 198) (197 198))