(NIL (1) (1) (3) (2 4) (5) (6) (7) (8) (9) (10) (11) (12) (12) (13 14) (14)
 (13 16) (17 15) (18) (19) (19) (20 21) (22) (22) (23) (24 25) (26) (27) (26)
 (28 29) (30) (31) (31) (33 32) (34) (35) (36) (37) (36) (37 39) (38 39)
 (41 40) (41) (43) (42 44) (45) (45) (46 47) (48) (49) (49) (48) (51 52)
 (50 53) (54) (54) (55 56) (57) (58) (58) (60) (59 61) (62) (63) (64) (64) (66)
 (65 67) (68) (69) (70) (71) (72) (73) (74) (75) (74) (75 77) (76 78) (79) (80)
 (81) (82) (83) (84) (85) (86) (87) (88) (88) (89 90) (91) (92) (93) (94) (95)
 (95) (97 96) (98) (99) (99) (99) (100 101 102) (103) (104) (105) (106) (107)
 (108) (109) (110) (111) (112) (113) (114) (115) (115) (116 117) (118) (119)
 (118) (121 119) (122) (123 120) (124) (125) (125) (126 127) (128) (126 127)
 (129 130) (131) (131) (132 133) (134) (135) (136) (137) (138) (139) (140)
 (141) (142) (142) (143 144) (145) (146) (147) (148) (149) (150) (151) (152)
 (153) (154) (155) (156) (157) (158) (158) (159 160) (161) (159 160) (162 163)
 (162 163) (164 165) (166) (167) (168) (169) (170) (170) (172) (173) (171 174)
 (174) (175 176) (177) (178) (179) (179) (180 181) (182) (183) (184) (185)
 (185) (187) (186 188) (189) (190) (191) (192) (193) (194) (194) (195 196)
 (197) (198) (199) (200) (201) (200) (202 203) (202 203) (204 205) (206) (207)
 (208) (209) (210) (211) (212) (213) (214) (215) (216) (216) (218) (217 219)
 (220) (221) (222) (223) (224) (225) (226) (227) (228) (228) (229 230)
 (229 230) (231 232) (233) (234) (235) (236) (237) (238) (239) (240) (240)
 (241 242) (243) (244) (245) (244) (247) (245 248) (249))