(NIL (1) (2) (3) (4) (4) (6) (7) (5 8) (9) (10) (9) (11 12) (13) (13) (14 15)
 (16) (17) (14 15) (17 19) (18 20) (21) (22) (23) (22) (25 23) (26 24) (26 24)
 (27 28) (29) (30) (31) (32) (32) (33 34) (35) (36) (37) (38) (39) (40) (41)
 (42) (43) (44) (45) (46) (47) (48) (49) (49) (50 51) (52) (53) (54) (55) (56)
 (57) (58) (59) (55) (60 61) (59 61) (60 63) (62 64) (65) (65) (66 67) (68)
 (69) (69) (71) (70 72) (73) (70 72) (73 75) (74 76) (75) (74 78) (77 79) (80)
 (81) (82) (83) (84) (85) (86) (87) (87) (89 88) (90) (90) (91 92) (93) (94)
 (93) (95 96) (97) (98) (99) (100) (101) (100) (102 103) (104) (103) (105 106)
 (107) (108) (109) (110) (111) (112) (113) (113) (114 115) (116) (117) (118)
 (119) (120) (121) (122) (123) (124) (124) (126) (125 127) (128) (128)
 (129 130) (131) (132) (133) (134) (135) (136) (137) (138) (139) (140) (140)
 (142) (141 143) (144) (145) (146) (147) (148) (148) (149 150) (151) (152)
 (153) (154) (155) (156) (157) (158) (159) (160) (161) (162) (163) (164) (165)
 (166) (167) (168) (169) (170) (171) (172) (173) (174) (174) (176) (177 175)
 (178) (179) (180) (178) (181 182) (183) (181 182) (185 183) (186 184)
 (186 184) (187 188) (189) (190) (191) (192) (193) (194) (195) (196) (197)
 (198) (199) (200) (201) (202) (202) (203 204) (205) (201) (206 207) (208)
 (209) (210) (210) (212) (211 213) (214) (215) (216) (217) (218) (219) (220)
 (221) (222) (223) (224) (225) (226) (226) (228) (227 229) (230) (231) (232)
 (233) (234) (235) (235) (236 237) (238) (239) (239) (241) (242 240) (243)
 (244) (244) (245 246) (247) (248) (249))