(NIL NIL (2 1) (3) (4) (5) (6) (7) (7) (9 8) (10) (11) (12) (13) (14) (15) (15)
 (17 16) (17) (19) (18 20) (21) (22) (23) (24) (25) (26) (27) (28) (28) (29 30)
 (28) (31 32) (31 32) (33 34) (35) (36) (36) (37 38) (39) (40) (41) (41)
 (42 43) (44) (45) (45) (45) (46 47 48) (47 48) (49 50) (51) (51) (53) (52 54)
 (55) (56) (57) (58) (59) (60) (61) (61) (62 63) (63) (65 64) (66) (67) (67)
 (67) (68 70) (68 69 70) (71 72) (73) (74) (75) (76) (76) (77 78) (79) (80)
 (80) (82) (81 83) (81 83) (84 85) (86) (87) (88) (89) (90) (91) (91) (92 93)
 (94) (95) (96) (97) (98) (99) (99) (100 101) (102) (103) (104) (105) (106)
 (106) (108) (107 109) (110) (111) (112) (113) (114) (115) (115) (117)
 (116 118) (118) (116 120) (121 119) (122) (123) (124) (123) (125 126) (127)
 (127) (129 128) (130) (131) (132) (133) (134) (135) (136) (137) (138) (139)
 (140) (141) (142) (143) (144) (143) (145 146) (147) (147) (149) (148 150)
 (151) (152) (152) (153 154) (154) (154) (155 157) (156 158) (159) (160) (161)
 (162) (163) (164) (165) (166) (163) (166 168) (169) (170 167) (171) (172)
 (173) (174) (175) (176) (177) (178) (178) (179 180) (181) (182) (182)
 (183 184) (185) (186) (187) (188) (189) (187) (189 191) (190 192) (193) (194)
 (195) (196) (197) (198) (199) (200) (201) (202) (203) (204) (205) (206) (207)
 (208) (209) (208) (209 211) (210 212) (213) (214) (214) (215 216) (217) (218)
 (217) (219 220) (219 220) (219 220) (221 222 223) (224) (225) (226) (227)
 (228) (229) (229) (230 231) (230) (233 231) (232 234) (235) (236) (237) (238)
 (239) (240) (240) (242) (243) (241 244) (244) (245 246) (247) (248) (249))