(NIL (1) (2) (3) (2) (4 5) (5) (6) (7 8) (9) 
(10) (9) (11) (13) (14) (10) (11 12) (13) (12 15 18) (14 16) 
(17 19) (16 19) (16 17) (19) (22 23) (21) NIL (17 19) (15 18) (15) 
(22 24 28 29) (20 22 24 28 29) (25 27 32) (29) (23 31) (20 26 28 34) (36) (12) (16 24) (37) 
(35 37 38) (20 31) (20 21) (34 39) (22 23) (25 28) (45 46) (12 16) (32 38 40) (33 41 45) 
(43 50) (32 35) (22 37) (48) (53) (30 37 47) (30 55) (33 39 41) (42 51 53) (40 44 48 55 59) 
(9) (60) (24 25 27 29) (41 56) (25 28 44) (1) (21 66) (51 52 55 56) (20 45 67) (37 61) 
(18 23) (34 54 66) (48 58 68) (35) (27 38 65 67) (71) (32 64 75) (42 68) (41 44 54 63 70) (40 71 77) 
(22 48 76) (60 68 71 75) (54 60 80) (54 59 65 71 73) (38 42 44 63) (57 59) (51) (57 78 83) (85 87 88) (46 62) 
(62 84) (26 52 76) (32 38) (41 54) (61 86 91) (44 61 73) (61 69 78 87 91) (74 77 82) (87 90) (84 92) 
(78 81 85) (82 92) (39 49 74) (84 94) (64 92 93) (100) (100) (39 94) (44 103) (70 77 104) 
(58 88) (49 77 90 100) (76 87 94) (57 72 98) (69 81 91 109) (64 85 100 108) (44 49 63 72 73) (33 43 44 56 67 108) (63 83) (72 105 110) 
(117) (92 98 101) (111 116 117) (79 91 94 106) (95 96 112) (93 113 115 118 123) (83) (99 116) (82 93 115 127) (116 120) 
(123) (93 121) (63 120) (55 65 74) (104 128) (93 100 103 114) (28 45) (89 104 123) (60 64 68) (46 49 54 87) 
(74 110 111 118 128) (54 78) NIL (129) (109 121 136 140) (131 133) (112 126 144) (97) (116 117 122) (129 145) 
(81 96 102) (107 129 134 135) (83) (137 139 145) (92 93) (103 128 130) (82 86 89) (84 134) (152) (49 89 95 98 137 139 158) 
(86 96 131) (141) (120 143) (160) (160) (130) (106) (106 122 135) (30) (165) 
(126 162) (101 113) (67 79 117 135) (93 109 122 161) (102 125 174) (106 126) (84 142) (132 142 173) (79 107 166) (104 144 153) 
(123 132) (96 147 171) (112 124) (109) (183) (81 132 161 164 179) (79 138 154) (110 135) (101 130 170) (74 146) 
(80 82 128) (167 185) (70 86 93 134) (134 181) (149 188) (126 179 181) (166 171 175 177) (126 132 191) (115 132 137 183) (79) )