(NIL (1) (2) (3) (3) (4 5) (5) (4) (5 8) (6) 
(6) (11) (7 10 11) (11) (12 13) (9 10 14) (15 16) (7 10) (8 18) (18) 
(17) (21) (19 20 21) (8 15 18) (24) (20 21) (22 23) (19 22 25) (26) (23 24 26) 
(22 29 30) (9 25) (22 32) (23 26) (24 34) (27) (25) (28 31 35 36) (36) (18) 
(38) (26 32) (28) (21) (36 40 44) (31 33 45) (28 42) (28) (33 38 42) (37 46) 
(24 26 44) (49) (46) (35 39) (11) (37 49) (43) (41 44) (47 58) (37 53 57 58) 
(24 26) (48 52 58) (33 35) (37 39 53 62) (59 62 63) (45 55 58) (46 65) (33 40 51 58) (59 66) (57) 
(45 62) (54 71) (55 71) (37 53 65) (59) (62) (50 61 76) (67 76) (53 62 68) (47 50 66) 
(54 62 69) (52 66) (69 77 80) (68 71 75 77) (53 81 84) (82 84) (73 84) (51 82 83) (41 50) (55 64) 
(77 79) (43 82) (59 70 77 90) (67 72 81 88) (56 73 74 85) (60 65 68 89) (69 74) (60 95) (55 68 77) (63 83 93) 
(73 99 100) (87 100) (56 57 83) (95) (71) (78 82) (79 92 101 103) (70 72) (44 61) (37 43 67) 
(81 102 108) (95 103) (94 105) (91 96) (86 106) (99 103 114) (82 100 104 116) (91 94 97) (39 74) (79 86) 
(23 55) (93) (86) (38) (115 118) (53 78) (60 115) (39 75 116) (59 90) (74 77 109) 
(69 84 121) (89 126 130) (113 120) (60 103) (34) (101 135) (72) (54 82 105 110) (102 107) (55) 
(117) (59 64 76) (72) (84) (39 110 116) (105 112) (78 107 117 124 128 144) (125 131 146) (113 139) (132 136 144) 
(108 136) (60 89 104 113 144) (113 148) (115 122 152) (143 152) (70 76) (87 112 121 123 145) (98 108 131) (74 93 133) (157) 
(112 117 127) (88 107 126 127) (87 98 114 150) (92 100 121) (97 116 130) (119 147 164) (149 156) (94) (168) (87 112 147 151 159) 
(56 113 137 169) (75 108 113 130 143) (69 142 156) (89 100 110 123 144 173) (108 140 150 157) (86 113 114 126) (157 171) (114 115 136) (129 133 155) (70 98 176) 
(64 116 169) (110 146) (165) (83 138) (127 138 172) (160) (113 115 145 158) (151) (65 105) (157) 
(40 62) (94 107 150 178) (57 65 144) (133 149 163) (111 143) (105) (104 173 182 194) (132 153 170 187) (128 186 189 193 194) (111 135) )