(NIL (1) (2) (3) (3) (4 5) (6) (7) (8) (5) 
(8 10) (8) (12) (11) (11) (9 15) (9 13 14) (16 17) (17) (18) 
(12 16) (17) (16) (16 22) (20 21 23 24) (25) (26) (26) (26) (21 24) 
(23 30) (28) (28 30) (19 29 33) (29) (32) (34) (20 22) (38) (21) 
(34 38) (31 33 35) (32) (35 40 41) (26) (45) (36 39 41) (44 46 47) (2) (33) 
(48) (19 27 31 43) (33 52) (35 47) (48) (29 30 39 43 49) (52) (51 56 57) (27 32) (35 37 52) 
(35 38 53) (43 51 54) (37 40 43 47) (60) (53 58) (55 59 64 65) (63 64 65) (60 65) (50) (66) 
(60) (48 54) (68) (57) (39 53) (51 71) (66) (58) (68 69 70 77) (66) 
(62 76 80) (68) (54) (58 76) (47 49 75) (81) (41 75) (67 69) (77) (66) 
(72 87) (31 46 54) (58 59 75 76) (69) (85) (61 65) (66 74) (42 49 55) (75 84 92 96) (66 78 93) 
(62 88) (52) (77 81 87 101) (99) (93) (80) (40 54) (97 102) (42 69 72 102) (78 81 91 92 95) 
(83 89 90 93 110) (105 108 109) (86 109) (27 51) (27 43 50 55) (73 99 111) (67 73 90 106) (42 65) (83 92 115) (105 119) 
(84 90 118) (81 98) (70 85 91) (77 81 112 121) (42 67 96) (103 118 123) (55 60 83 85) (91 112 120) (108) (43 107) 
(42 58 64 94 107) (92 95) (55 56 61) (54 106) (132) (79) (82 128) (119) (72 79 83 84 85 103) (79 89 91 99 101 119) 
(110) (74 106 111 122) (62) (97 104 119 126) (36) (110) (83 98 118 131) (106 116 143) (78 84 97 122 126) (104 122 140) 
(100 116 128 143) (106 116) (50 152) (61 131 149) (117 142 154) (61 63 84 86 98 128 131) (90 136 145) (102 126) (101 141) (73 104 149 156) 
(84 86 117) (105 117 158) (87 94 112) (67 130 137) (73 110) (124 151) (67 86 128) (127 151 164) (67 90 118) (138 150) 
(73 156) NIL (73 74 145 170) (79 160 162) (119 145) (70 99 159) (79 138 167) (95 137 138) (69 127) (151 153 170 171 172 178) 
(58 127) (122 135 177) (75) (114 135 166) (132 136 163 171) (45) (150) (94 130 148 167) (78 164) (98 117) 
(106) (123 125 163 165 184) (93 97 157) (90 131 177) (131 133 148 159 193) (117 134 152) (133 137 139) (124 160 165) (156 176) (150 197) )