(NIL (1) (2) (3) (4) (5) (6) (6) (6) (8) 
(7 9 10) (7 10) (11) (11 12) (13) (12 13) (14) (13 17) (15 16) (15 16) 
(19) (18) (18 20) (20) (20 22) (19 23) (18) (27) (28) (19 22 23) 
(26 30) (19 22 23) (31) (19 22 29) (15 16) (20 34 35) (32) (10) (24 26 32) (28 30) 
(29 37) (18 24) (36 37 39) (34 39) (43) (39) (24 34 37 40) (18) (32 36) (19 23) 
(28 30 39) (21 44 49) (36) (52) (54) (53 54) (41 50 51) (25 33 46 54) (42 48 53 55) (40 46 51) 
(60) (42 58 60) (54) (24 31 41) (40 46 64) (40 59) (21 45 57) (38 43 61 66) (62 66 67) (68) 
(33 46 48 54) (59 61) (45) (21 33 38 45) (50 62) (72) (48 50 73) (65 76 77) (41 62 73) (55) 
(79) (70) (82) (61 71 79) (69 75) (81) (57 60 73) (21 65) (81) (68 88) 
(74 78 81 87) (63 72) (76) (57 70) (46 80) (69) (41 47 50 95) (55 67 77) (72 90 96) (63 77) 
(83) (38 95) (89 98) (62 83) (63 75) (47 78 84 89) (80 99 106) (107) (47 89) (86 98) 
(72 82) (103) (64 69 98) (110) (92 96 102 110) (108) (84) (82 99) (75 104 109) (85 98 99) 
(84 103) (25 30 59) (71 75 112 113) (47 91) (84 86 111 123) (69 106) (100 103 118) (57 102) (123) (117) 
(80 83 113 126) (74 98 99 102) (56 74 109) (103) (94 108) (75 112 130) (63 108 133) (128 133) (75 80 110) (83) 
(90 105 119) (66) (95 116) (90 112 119) (116) (131 134) (63 91 139) (95 137 141) (119 124 132 134 142 145) (95 147) 
(94 114 123 130) (83 120 130) (83 107 151) (112 119 130) (94 133 141) (98 102 126 140) (91 95 127) (115 144 154) (97 146) (143) 
(114) (55 65) (137 151) (57 80 104 122) (110 119) (93 122 152 165) (111 166) (108 157) (116 155) (68 74 92 106) 
(94 167) (89 111 128) (159) NIL (148 155 163 167) (92 142) (64 154) (135 140 149 155) (124 144 166) (45 111) 
(144 175) (56 85) (115 146 156) (62 67 94) (92 106 121 122 144 180) (96 121 159) (78 102 151 161) (114 142 143 156) (89 122) (127 182 185) 
(90 138) (90 95 176) (86) (92 100 120 128 146 180) (132) (145 154 173 180) (125 133 159 165 194) (163) (151 178) (137 149 167) )