(NIL (1) (2) (3) (4) (5) (4) (6) (7 8) (8) 
(10) (11) (7 11) (13) (12) (9 13 15) (16) (12 14) (9 12 13) (14 17 19) 
(19) (20) (22) (21) (14 21) (22) (21 23 26) (23) (24 28) (18 27 28) 
(22) (20 24) (21) (21 26 31) (23 33) (29 31) (23 34) (30 35) (37) (29) 
(34 35) (18 41) (37) (24 37) (18 27 43) (27 32 41) (46) (15 18 24) (25 40 45) (18 40 47) 
(36 40 44) (30 32 36) (51) (32 51) (47 54) (49) (33 36 48 49) (50 51) (30 47 49) (47) 
(39 45 51) (18 32) (42 53 59) (47 62) (56 60) (33 56) (61) (32 42) (61) (28 62) 
(42 67) (54 62) (50 65 69) (38 55 63) (44 45 60) (47 57 69 72) (48 61) (60 70 72) (64 66 78) (25 33 67) 
(45 48 70) (61 79) (57 64 77 80) (63 80) (70 72 74) (52 82) (52 53 66 81) (54 60 69 84) (38 42 79) (80 86) 
(79) (67 82) (63 80) (63 68 81 83 92) (52 55 65 67 69) (62 71) (50 57 59 86) (48 67 89) (42) (91) 
(56 68 99) (73 76 96) (87) (68 100) (69 93 96) (93) (57) (74 94 101) (100 102) (58) 
(86 94 105) (77 90) (65 87 111) (76 87 108) (73 98 105 106 108) (52 63) (60 84) (95 115) (68 71 103) (48 90) 
(65 85 106 120) (78 117) (66 73 81) (50 95 100 122) (100 115 123) (102 106 116) (109 116 118 122) (107 108) (127) (63 96 101 119) 
(129) (56 81) (88 111) (55 81) (119 133) (71 128) (127) (38 117 123 130 132) (113 129 136) (85 91) 
(129) (91 116 118 119 133) (57 77 89 104) (129) (133) (135) (111) (131) (42 47 66 72 107) NIL 
(91 110 133 138) (75 97 109 133) (125 127 134 135) (58 124 144) (137) (111 132 154) (95) (112 132 139 144) (99 152) (105 110 120) 
(38 152) (90 123 159) (78 110 116) (90 130) (102 113 133 157) (144) (76) (104 128 147 153 156) (73 108 121 124) (115) 
(88 154 166) (94 103) NIL (168) (83 95 104 149 167) (68 95) (104 136 148) (150 165) (132 139) (142 147) 
(157 168) (92 96 119) (148 154 163 167) (168) (175 184) (93 108 173) (164 165 185) (102 114 182) (122 140 161 170 173) (125) 
(115 132 162 164) (55 151) (56 72 77 110) (76 87 104) (158 187) (131 166 194) (131 138 169 187 190) (153 190) (113 128 145) (122 140 160) )