(NIL (1) (2) (3) (3) (4) (6) (5 6) (7 8) (7) 
(5 10) (11) (9) (12 13) (9 12) (12) (9 16) (17) (14) (16) 
(17 19) (17 19) (15 21) (23) (20 23) (13 15 18) (14) (24) (21 27) (22 26 28) 
(25) (5) (15 27) (31) (29 30 32 34) (34) (28 34) (28) (22 32 34) (22 36 38) 
(20) (40) (18 29 40 41) (26 42) (26 37 43) (20 38) (42) (45) (48) (18 42) 
(30 46 49) (44 49) (30) (50 52) (46 54) (30 50) (51) (49) (39 42 48) (35 47 52) 
(46 49) (47 56) (53 55) (59) (51 58) (52) (55 61 64) (52 58) (35 46 54 66) (47 63 68) 
(60) (51 64) (66) (69) (69) (52 65) (60) (10) (53 67) (59 61 70) 
(35 59 61) (67 73 74) (71 74) (44) (52 57 72) (58 69 81) (52) (20) (82) (65 83) 
(42 48) (63 76) (56 76 82) (59 61) (46 64) (45 50) (57 92 93) (33 60 82) (64 90) (83) 
(33 39 69 76) (56 90 91) (84 90 98 100) (82 84) (71) (85 88 97) (63 98) (101) (107) (72 102 104 108) 
(75 110) (91 101) (84 99) (63 85) (65 81 114) (55 61 72 99 101) (70 106) (57 67 77 108) (117) (68 77 94) 
(57 64 102) (56 83) (81 97 107) (29) (62 121) (74 108) (97 113 121) (49) (111) (96 117 118) 
(70 93 112) (80 88 100 102) (85 131) (86 118 122) (75 131) (53 60 126) (80 95 109 124) (80 121) (32 45) (125 131) 
(107 117 140) (72 123) (51 67 86 94) (81 102 128 136 139) (85 86 87 105 110) (111) (78 91 100 122) (87 93 122 129) (61 70 77 139) (98 112) 
(114 141) (96 137 144) (47 143) (153) (63 101 121 154) (92 110) (99 101 107 147) (111 150) (122 151) (62 105 129 138 153) 
(53 103) (92 108 115) (81 114 117) (70 124 155) (158) (97 109 112 144) (95 160 161) (133 156 158) (79 81 103 122 137) (167) 
(159) (53 78) (105 134 155) (121) (95 161) (151) (66) (97 111) (104 141 164) (57 67 136) 
(75 145 171) (75 140 156) (118 137 149 178 182) (120 144 175 183) (57 81) (107 146) (105 128 171) (143 147 187) (107 116) (188) 
(188) (157 163) (85 182) (178) (75 78 118 180) (150 180) (121 147 149 156 178) (110 122 179) (106) (79 167) )