(NIL (1) (2) (3) (4) (5) (6) (7) (8) (8) 
(8) (9 11) (9 10 11) (10 12) (13 14) (10) (12 13) (13 14) (15) (19) 
(16 18) (21) (20 21) (21) (22) (21) (24) (17 25 26) (28) (17 24 25) 
(29 30) (20 27 28) (32) (30 33) (29 33) (35) (31) (33) (35) (30 36 39) 
(39) (40) (30 36) (34 35 38) (38 39) (23 38) (7) (42 46) (40) (37 44) 
(43 48 49) (31 34) (45) (39 44 47) (23 49) (48 54) (37 41 53) (49 57) (34 38) (51 57 59) 
(51) (19 37 47) (58) (48 62) (47 55) (41 47) (61 65) (32) (59 64 65) (60 61 66 68) 
(53 64 68) (31 61) (42 44) (69) (66 67 71) (75) (75) (54 65) (50 52) (30 41) 
(56 67) (43 48 49 53) (63 66 73 74 82) (43 56 63 71) (77) (13) (12 86) (42 54 87) (44 55 66 86) (64 88) 
(44) (77) (53 81) (63 77 78 80 89 91) (64) (52 75 83) (63 67 71 79) (65 72 84 86) (83 92) (70 87) 
(65 84 90) (52 55 84) (41 52 71 93) (41 50) (69 70 93 101 104) (38) (49) (72 83 92 94) (75) (67 71) 
(57 68 74 95 107) (50 81 94) (88 92 104) (91 92 105 109) (88 108) (99) (16) (51) (98 107 108) (82 90 104) 
(63 90 95 109) (44 57 71) (63) (115) (59 63 75 107) (49 106) (124) (70 79 90 127) (90 96) (112 116 118 121) 
(118) (72 85 99 101 117) (99 127 129) (108 110 129) (66 74 106) (65 87 91 95) (107 129 130) (81 101 119) (96 112 115) (34 95) 
(56 79 107 134) (103 116 127 135 136) (119) (112 114 125 142) (102 130 136) (126) (130) (97 122) (44 69 87) (113) 
(93 133 147) (70 120) (103 115) (140 150) (103 110 115 119 145) (123 127 154) (81 100 106) (69 90 97) (117 130 158) (50) 
(131 142) (113 114 137) (138) (97 145) (141) (157) (98 146 147 152) (97 128 133) (85 104 107 109 142) (107) 
(109 133 166) (70 103 104 110 145 148) (121 150 170) (156 159) (101 154 167) (77 106 131) (111 161 175) (164 173) (162 168 171) (140 141 160 178) 
(100 105 132 135 155) (83 104 123 125) (147 150) (118 121 144 148) (147) (162 163) (69) (63 111) (76 126 145 169) (105 149 177 189) 
(2) (125 151 165 183 186) (97 125 151 155 167 173) (100 175 184 192) (166 168 170) (138 143 161) (76 100 137 138 174 175 184) (124 130) (123 157) (141) )