(NIL (1) (2) (3) (4) (5) (6) (7) (5) (8) 
(9 10) (9 10) (5) (12 13) (14) (11 15) (16) (12) (17) (8) 
(15 18) (17 20 21) (22) (18 19) (17 20) (24 25) (20 21 24) (22) (25 28) (26 28) 
(24 29) (20 24) (26) (20 21) (22) (30) (27 29) (30 37) (32 33 35 36) (35 37) 
(33) (24) (39 42) (38) (37 43) (32 33 38) (22 26) (11 34) (37) (31 36 44) 
(45) (33) (23) (46) (51 53 54) (43) (45 48) (28 35) (29 35 41 48 53) (46 57) 
(55) (27 31 47 56) (37 56) (23 58 60) (33) (27 41 43) (35 46) (54 64 67) (45) (46 57) 
(37 39 48) (66) (45) (38 56) (31 44) (29 58 72) (40 61 68 70 76) (37 76) (23 57) (50 56 77) 
(55 76) (74 78) (31 47 63 68) (65 74) (68 72 84) (61 62) (77) (73 82) (81 87) (55 59 85) 
(80 87) (53) (86) (40 60 61) (34 55 63) (54) (40 55 92) (83 88) (56 96) (78 86) 
(49 59 77 79 93 100) (44 64 76) (83 86 87) (54 60) (70 83 86) (92 98 99) (69 79 100) (59 84 98) (52 75 80 104 107) (70 98 107) 
(103 108) (50 107) (91 98) (84 91) (111) (37) (52 111) (63 81) (97) (63 82 90 114) 
(117 119) (82 83 90 109) (41 70) (88 101 122) (44 117) (109 114) (126) (103 122 123) (40 85 98) (91 122) 
(81 104) (122) (120 129) (50 93 104 108 116) (106 126) NIL (101 121) (85 94 105) (56 65 77) (99 115 116) 
(113 115 118 136) (75 90 129) (116 142) (99 126) (50 75 83 104 118) (62 97 102 145) (105 125) (74 103) (51 52 64) (92 93 116 132) 
(70 134) NIL (23 35 41) (71 80 81 102 115 147) (113) (132 135 147) (126 146) (126) (93 145 152) (124) 
(154) (119 124) (62 85 123) (85 141) (141 143) (110 113 163) (117 120 163) (127 132 138) (125) (117 153) 
(80) (130 141) (123 131 135 149 168 172) (141 147 150) (143 149) (131 154) (135 166) (66) (99 101 168) (111 122) 
(165) (124) (81 140 147) (40 75 118) (130 156 162) (106 172) (95 168) (128) (130 156) (93 104 118 123 148) 
(93 97 107 147) (106 112 144 148 158) (44) (141 182) (92 149 165 179) (101 146 177) (92 100 117) (128 167) (95 139 176 194) (127) )