(NIL (1) (2) (3) (4) (3) (5) (7) (6 7) (8 9) 
(10) (6 8) (11) (13) (14) (15) (16) (17) (5) (17 19) 
(18) (12 20) (16) (16 19) (23) (22) (18 24 26) (12 20 25) (10) (12 18 29) 
(26 30) (18 26) (12 24) (28 31) (30) (22 30) (14) (15) (33 34) (32 38) 
(36 39) (38 41) (10) (18 24) (17 37) (32 42) (23 32 38) (27) (21) (32 35 48) 
(27 39 45) (40 47 51) (42 44 52) (36 52) (52) (25 35 48) (41 45 47 49) (38 48 51) (28 43 44 49) (46 55) 
(29 40 49) (44 49 50 54 60) (41 43) (49 50 51) (53) (57 64) (48 65) (31 43 56) (43 56) (54) 
(63 69) (38 41) (39 61) (37 68 71) (42 43 55) (42 61 70) (62 69) (74 75) (62 70) (56 58 79) 
(65 66) (61 68 80) (65) (54 59 69 72) (77) (56 65 70) (64 69) (53) (78 88) (86) 
(77 86) (30) (21 63 67) (57) (58 67 72 74 90) (84 88) (46 90 93) (65 80) (77 87 96) (77 87 92 98) 
(78) (76 98) (63 80 81) (66 72 89 98 101) (65 84) (70 94) (81 90 105) (65 79 87) (63 82) (88 92 109) 
(44 50 76 78) (59 68 81 87 88) (78 90 94 112) (91) (42 58 66) (83 103 114) (84 89 106 115) (42) (76 82 107 112) (72 82 113) 
(83 85 88 106) (103 108) (91 101) (110 111 116 118) (57 69 80 93) (85 89 116) (81 82) (86 89 98 111 118) (126) (61 93 107 114 117) 
(86 108) (126) (75 121) (76 113 115 121 122) (108) (107 125 128 129) (100 124) (99 120 121) (90 98 111) (55 63) 
(94 97 124) (108 114 138) (119) (86 109 115 133) (127) (135 141) (102 121 125 131) (79 87 93 140) (96 100 113 132 144 146) (71 100) 
(98 120 127) (84 134) (76 98) (120) (82 100 130) (58 66 70 94) (126 135 152) (110) (146 152) (104 121 148) 
(152) (125 152) (99 132 156) (101 120 136 153) (139 156 159) (142 159) (75 109 135) (101 111 112 117 148 150) (95 105 121 146) (110 161) 
(59 104 132 148) (140 165) (73 114 143) (170) (157) (85 100 127) (97 109 147) (81 104) (96 172) (61 95) 
(149 172) (85 107 120 128) (98 175) (105 137 154) (100 131) (67 129) (99 136 139 158 161 168 176 185) (174 187) (114 151 160) (135 141 176 184) 
(101 165) (91 144 158) (137 155 182) (117 182) (149 159 160) (74 82) (149) (107 163 185 192) (125 131 137) (104 124 125 142 175) )