(NIL (1) (2) (3) (4) (5) (6) (7) (8) (9) 
(6) (9) (9 11) (10 13) (10 11) (13 15) (16) (13 15) (14 17) (16 18) 
(14) (12 19) (17 18 21) (20) (19) (12 18) (21 25) (12 21) (24 27 28) (23 29) 
(17) (30) (26) (23 25 28 31) (3) (20 26) (30 34 36) (22 32 33 36) (23 36) (32) 
(37) (24 27 31 33 35) (39 41) (22) (23 29) (34 45) (28 44) (33 43 44) (33 39 40 44) (34 40) 
(37 38) (50) (42 51) (45) (54) (37 42 49) (53 54) (46) (26 52) (49) 
(43 52 53 56) (31 40) (30 42) (56 60) (26 32) (38 65) (48 66) (48 55) (42) (53 58 59) 
(38 48) (48 59) (33 46 59 62) (22 55 65) (47 60 71) (41 54 59 66) (47 70) (52 71) (12 21) (47 51 58 66) 
(51 67 72 73) (47 70 78 81) (43 50) (42 72) (73) (47 48 57 63) (76 82 85 86) (84 85) (56) (58 75 81) 
(68 74) (90) (92) (71 83) (18) (87 91) (41 64 95) (55 92) (38 47) (74 79 82 89) 
(52 62 67 69) (88 91 98) (48 63 74) (77 103) (32) (69 90) (46 61 69) (100) (86 88 99 104) (85 89 107) 
(77 82 92 97) (89 97 98) (60 100) (83 89) (51) (87 92 108) (105 114) (50 86) (47 63 107 114) (79 82 104 107) 
(76 91 92) (57 91 98) (77 102 112) (47 76 97) (76 105 123) (61 88 116) (69 83 118) (87 97 106) (94 103 116) (77 102) 
(97 115) (108 115 120 128 130) (73 94) (54 59 64 78 89) (96 124) (110 128) (94 116 123 135 136) (64 77 87 92) (66 73 97) (106) 
(83 98 134) (103 130 133) (68 84 133) (88 98 106 113 127) (96 109 112) (53 55 139 140) (132 134 139) (36 40 44 65) (60 127 143) (87 92 117 131) 
(110 122 139) (105) (88 141 143) (121 123) (137) NIL (96 112 147) (119 140 155) (121 155) (111 118 120 130 150) 
(55 87 119) (106 127 142 153) (87 108 152) (130 159) (99 151 159) (116 125) (93 163 164) (167) (77 89 103 121) (80 137) 
(94 114 166) (88 148) (142 147 153 155) (144 147 152 166) (116 122 145) (116) (117 136 154 172) (103 141 146 158) (173) (80 93 149 174) 
(99 120 164 177) (99 120 158) (77 86 93 119) (168) (96 106 107 111) (171) (153 175) (113 160 167) (151 153) (177 178) 
(67) (170 176 180 185) (130 137) (118 140 189 193) (99 120 127) (93 164 194) (146) (119 122) (96 140 142 154) (147) )