(NIL (1) (2) (3) (4) (5) (6) (7) (7) (8) 
(9 10) (11) (6) (12 13) (10 13) (14) (15 16) (16) (17) (19) 
(18 19) (20) (21) (16) (20) (21) (21) (27) (15 18 24) (24) 
(21 24 25) (28) (24 32) (22 23 33) (18 30) (33) (28 31) (34 35 36) (26 28) (34) 
(25 34) (22) (17 29) (26 40) (22 25 29) (38 40) (31 41) (40 42) (25 36) (22 36) 
(37) (42 46) (36 39 47) (50) (30 53) (25 52) (5) (50 55) (58) (48 57) 
(33 39) (38) (46 49 54 59 60 62) (30 43 60) (37 45 61 63) (26 38 48) (63) (30 33) (44 49 66) (42 45 55 62) 
(45 63 64 68) (48 59) (43 48 51 56) (43 67) (44 56 71) (48 49 56) (57 59) (69 71) (66) (34) 
(37 44 66 70 71) (73 78) (78) (78) (58 61 73) (43 56 60 77 79) (34 39 49 54) (67 75) (38 68) (70 85 87) 
(65 87) (83 86) (77 90) (29 44) (38 42 51) (75 92) (44 51) (93) (53) (85 94) 
(38) (77 88 100) (55 64 79) (20 43) (65 87 97) (75) (64) (63) (50 57 70 101) (106) 
(82 105) (81 85 104 108) (75 86) (81 93) (69 102) (43 52 55) (43 72 94) (76 88 90 91) (72 74 89 94 98 113) (61 76 103 116) 
(82 90) (65 97 116) (83 84 120) (74 90 91 115) (81 91 93 105 113) (74 94 95) (59 85) (78 95 113 115) (59) (82 95 114) 
(100 119) (105) (37 60) (50 68 70) (84 96 132) (67 81 123) (74 88 111 114) (119 127 130) (93 133) (91 114 122 133) 
(75 83) (76 105 114 121) (40) (74 93 108 111 127) (92 115 125 129) (118 137 138) (109 118 125) (72 74 128) (114 119) (104 107 128) 
(116 129 137) (99 123 127 128 142) (103 112 143) (101 123 124) (149) (76 130) (119) (83 150) (133 152) (102 107) 
(142 144 149 158) (108 122 125 126 150) (124 136 139 141 157 161 162) (96 138 140 144 150) (39) (99 122 125 131) (112 130 157) (143 152 163) (110 155 156 161) (83 130 140 143) 
(65 106) (148 163) (92 154 171) (69 155 165) (105) (69 95 118 140) (110 111 166 176) (163) (100 130) (106 159 160 178) 
(110 140 148 153 155 157) (132 166 167) (110 146 171) (74 108) (124 129 137 141 162) (156 168) (147 156) (182) (75 82) (73) 
(72 97 106 134 189) (84 96 140 166 169 175 190) (75 94 121 130 144) (145 160 184) (145 157) (110 118 131 163) (124 174 191) (74 96 158) (89 123 132 194) (83 146) )