(NIL (1) NIL (3 2) (4) (5) (6) (4) (7) (9) (8 9) (11) (12) (10 12) (14) (13 15)
 (16) (17) (17) (19) (18 20) (21) (22) (23) (23) (25 24) (25 24) (26 27) (28)
 (29) (30) (31) (32) (32) (33 34) (32) (33 36) (35 37) (38) (39) (40) (41) (41)
 (42 43) (44) (45) (46) (47) (46) (49 48) (50) (51) (52) (53) (54) (55) (56)
 (56) (57 58) (59) (57 58) (60 61) (62) (62) (64) (65) (65) (66 67 63) (68)
 (69) (70) (71) (70) (73 71) (74 72) (75) (75) (77) (78) (76 77) (78 80)
 (81 79) (81 79) (82 83) (82 83) (83) (86) (84 85 87) (88) (89) (90) (90) (92)
 (91 93) (94) (94) (96) (97 95) (98) (98) (99 100) (101) (102) (103) (104)
 (104) (103) (107) (106 108) (105 109) (109) (110 111) (112) (113) (113) (115)
 (114 115) (117) (116 117) (118 119) (120) (119) (121 122) (123) (124) (125)
 (126) (126) (125) (129 128) (130) (131 127) (132) (132) (133 134) (135) (136)
 (136) (137 138) (139) (140) (141) (142) (143) (144) (145) (146) (146) (148)
 (147 149) (150) (151) (151) (153 152) (154) (154) (155 156) (157) (158) (158)
 (160) (159 160) (162) (163) (164) (161 165) (166) (167) (168) (167) (169 170)
 (171) (170 168) (172 173) (174) (175) (176) (177) (178) (179) (180) (181)
 (182) (182) (184) (183 184) (183 184) (185 187) (186 188) (188) (186 190)
 (189 190) (191 192) (191 192) (194) (193 195) (196) (195) (197 198) (199)
 (200) (201) (202) (203) (204) (205) (206) (206) (208) (209) (209 207) (211)
 (212) (213) (210 214) (215) (216) (217) (218) (218) (219 220) (217) (221 222)
 (223) (224) (225) (220 222) (225 227) (226 227) (228 229) (230) (231) (232)
 (233) (234) (235) (233) (234 237) (236 238) (239) (239) (241) (242 240) (243)
 (244) (245) (246) (246) (247 248) (249) (250) (251) (251) (252 253) (254)
 (255) (256) (256) (258) (257 259) (260) (257 259) (260 262) (261 263) (264)
 (261 263) (266 264) (267) (265 268) (269) (270) (269) (271 272) (272)
 (273 274) (275) (276) (277) (273 274) (278 279) (280) (281) (282) (283) (284)
 (285) (286) (287) (288) (289) (290) (290) (291 292) (293) (294) (294)
 (295 296) (297) (297) (298 299) (299) (301) (300 302) (303) (304) (305)
 (298 302) (306 307) (308) (308) (309 310) (311) (311) (313 312) (314) (315)
 (316) (317) (315) (318 319) (320) (321) (322) (323) (324) (325) (326) (327)
 (328) (329) (329) (330 331) (332) (332) (332) (333 334 335) (336) (337) (338)
 (339) (338) (339 341) (340 342) (343) (344) (345) (346) (347) (345) (348 349)
 (350) (350) (351 352) (352) (354 351) (355) (353 356) (357) (358) (357)
 (359 360) (361) (362) (363) (362) (363 365) (364 366) (367) (368) (369) (370)
 (371) (372) (373) (374) (374) (376) (375 376) (378) (379) (377 380) (381)
 (382) (383) (382) (385 384) (385 384) (387) (388) (386 389) (390) (391) (392)
 (393) (394) (394) (396) (395 396) (398) (397 398) (395 396) (401 399 400)
 (401 399 400) (402 403) (404) (405) (406) (404) (407 408) (406 408) (409 410)
 (411) (410) (411 413) (409 413) (411 415) (412 414 416) (412 414 416)
 (417 418) (417 418) (419 420) (421) (422) (422) (419 420) (425 422) (426 423)
 (427 424) (428) (428) (429 430) (431) (431) (433 432) (434) (435) (435) (437)
 (438) (439) (436 440) (441) (441) (443) (442 443) (444 445) (446) (447) (448)
 (449))