(NIL (1) (1) (2 3) (4) (4) (5 6) (7) (8) (9) (9) (10 11) (12) (10 11) (13 14)
 (15) (16) (17) (18) (19) (20) (21) (22) (23) (24) (25) (26) (27) (27) (28 29)
 (30) (31) (30) (33) (29) (34 35 31) (36 32) (37) (36 32) (37 39) (39) (41 40)
 (41 40) (42 43) (44 38) (42 43) (46) (45 47) (48) (48) (50) (49 51) (49 50)
 (51 53) (52 54) (55) (56) (57) (58) (59) (59) (61) (62) (63) (60 64) (65)
 (60 64) (66 67) (68) (69) (70) (71) (71) (69) (73 74 72) (75) (75) (75)
 (76 77 78) (79) (80) (81) (82) (83) (84) (85) (85) (86 87) (88) (89) (90) (91)
 (92) (93) (92) (94 95) (96) (97) (98) (90) (98 100) (99 101) (102) (102)
 (103 104) (105) (106) (107) (108) (109) (110) (111) (112) (111) (114 112)
 (115) (116) (117) (113 118) (119) (119) (121 120) (122) (122) (124) (124)
 (126) (123 125 126) (127 128) (129) (130) (131) (132) (133) (134) (135) (135)
 (137) (138 136) (138) (140) (139 141) (142) (143) (143) (145 144) (146) (147)
 (148) (149) (150) (150) (151 152) (153) (154) (154) (153) (155 157) (158)
 (159) (160) (161 156) (162) (163) (164) (165) (166) (167) (168) (169) (168)
 (170 171) (172) (173) (174) (175) (175) (174) (177 178 176) (179) (178 176)
 (180 181) (182) (183) (184) (185) (184) (187) (186 188) (189) (190) (191)
 (191) (193) (193) (194 195) (194 195 192) (195 192) (196 197 198) (199) (200)
 (201) (202) (203) (204) (204) (206) (205 206) (208) (209 207) (210) (211)
 (211) (213) (212 214) (215) (216) (217) (218) (218) (220) (219 221) (222)
 (222) (223 224) (225) (226) (227) (228) (229) (230) (231) (231) (233 232)
 (234) (234) (235 236) (236) (237 238) (239) (237 238) (241 240) (242) (243)
 (244) (245) (246) (247) (248) (249) (250) (251) (252) (253) (253) (255)
 (254 255) (257) (258 256) (258 256) (259 260) (261) (262) (263) (264) (265)
 (265) (266 267) (268) (269) (270) (268) (271 272) (273) (273) (274 275) (276)
 (277) (276) (279) (278 280) (281) (282) (283) (284) (284) (285 286) (287)
 (288) (289) (289) (291) (291) (292 293) (294) (290 295) (290 295) (297 296)
 (298) (299) (298) (300 301) (302) (303) (304) (305) (305) (307) (306 308)
 (309) (310) (311) (311) (313) (314) (315 312) (316) (317) (317) (318 319)
 (318 319) (321 320) (322) (323) (324) (325) (326) (327) (328) (329) (329)
 (331) (330 332) (330 332) (333 334) (335) (334) (333 334) (338 335)
 (337 339 336) (337 338 336) (340 341) (342) (343) (339 341) (345 344) (346)
 (347) (348) (349) (350) (349) (351 352) (353) (353) (355) (354 356) (354 356)
 (358) (357 359) (360) (361) (361) (362 363) (364) (365) (366) (367) (368)
 (369) (368) (370 371) (372) (373) (374) (375) (376) (377) (378) (379) (380)
 (381) (380) (381 383) (382 383) (385) (385 384) (387) (386 387) (388 389)
 (385) (388 389 391) (392) (393 390) (394) (395) (396) (396) (397 398)
 (397 398) (400) (401) (402) (403) (403 399) (404 405) (406) (407) (406) (409)
 (409 408) (410 411) (412) (413) (414) (415) (416) (417) (418) (418) (419 420)
 (421) (421) (422 423) (422 423) (425) (426) (427 424) (428) (428) (430) (431)
 (429 432) (433) (434) (435) (435) (434) (436 437 438) (436 437 438) (439 440)
 (441) (442) (443) (444) (445) (446) (447) (447) (449 448))