(NIL NIL NIL (3 1) (3) (5) (6) (7) (7) (4 9) (10) (11) (12 8) (11) (4 6)
 (8 9 15) (10 16) (17) (18 12 2) (18) (13 20) (2 21) (19) (23 14) (23 13 20)
 (24) (21) (27) (28 26) (22 27 23 14) (30 24) (25 31) (30 24) (33)
 (29 25 31 34) (34) (36 26) (37 35) (37) (36) (37 40 25) (41 35) (41 32) (41)
 (28 44 39) (44) (42 46 38) (43 45 47) (42 46 45 32 38) (49 48) (50) (41 32 38)
 (52) (42 45 46 53) (50 54) (55) (56) (57) (58) (55) (58 60) (57 60) (60)
 (63 56) (58 63) (65) (51 62) (65 67) (64 58 67) (69 59 68) (69 68) (69)
 (64 67) (73 70) (69 73 68) (71 75 61 70) (76) (74 71 75) (59 75 66) (74 76 79)
 (72 80) (78 79) (72 66 74 71 75 61) (83 77 80) (82 84) (85) (81 83 78) (84 87)
 (88) (85 88) (81 83 77 78) (82 91 84) (90 92) (91 86) (92 94) (95 88) (93 96)
 (95 87) (90 95) (89 91 86))