(NIL NIL NIL NIL (1 4 2) (4) NIL (7 6 3) NIL (9 7 4) (9 1 4) (7 5 11) (11 7 6)
 (5 13) (6 2) (9 7 15 1) (13 16) (17 12 14) (16) (19 13) (5 20) (17 21 3) (22)
 (20 12 8) (17 12 20 10 3) (25 22) (26) (25) (27 28) (18 29 23 8) (29 23 8)
 (27 24) (26 24) (33 30) (34) (34 32) (34) (36 37) (36 37) (39) (39) (35 38 39)
 (42) (42 31) (44 41) (44 40) (42) (47) (48 31 40 41) (44 49) (48 44 40)
 (51 41) (52) (53) (43 52 49 46) (50 55 45) (56 53) (56) (52 46) (56 59)
 (51 49 45 46) (50 55 61) (62 57) (62 58 60) (62) (65 59) (53 66) (63 67 60)
 (48 46) (69 53) (68 70 58) (69 57) (72 68) (69 62) (74 64 72 70) (71 54 75)
 (73 64 74) (71 77) (69 63 58 60) (65 79 72) (80 77) (71 81 54) (71 80)
 (81 83 76) (84) (78 84) (83 77) (86 87) (88) (89) (90) (82 91) (90) (90)
 (92 85 94) (89) (91 96) (82 85 96) (88) (99 93 95))