(NIL NIL (2 1) NIL (4 2) (4 1) (5 3 6) NIL (4 8) (2 8) (9 10 5) NIL (8 12)
 (4 12) (9 14 13) (2 12) (10 16 13) (5 14 16) (11 15 17 18) (1 12) (14 6 20)
 (3 16 20) (22 7 18 21) NIL (2 24) NIL (26 24) (26 12) (26 8) (28 29 13) (4 26)
 (14 31 28) (9 31 29) (15 32 33 30) (26 1) (35 28 20) (6 35 31) (36 37 32 21)
 NIL (39 26) (39 12) (40 28 41) (39 8) (43 40 29) (43 13 41) (44 45 30 42)
 (39 4) (47 40 31) (47 14 41) (48 49 32 42) (43 9 47) (44 51 33 48)
 (45 15 51 49) (50 46 52 53 34) (39 2) (55 16 41) (43 55 10) (57 45 56 17)
 (47 5 55) (49 56 18 59) (57 11 51 59) (61 58 60 53 19) (39 1) (35 40 63)
 (20 41 63) (65 36 64 42) (47 6 63) (48 67 37 64) (65 49 67 21)
 (66 69 50 68 38) (55 3 63) (22 65 56 71) (67 59 71 7) (73 23 69 60 72) NIL
 (26 75) (24 75) (76 27 77) (2 75) (25 79 77) NIL NIL (82 75) (82 26)
 (76 83 84) (82 24) (86 83 77) (86 84 27) (87 88 85 78) (82 8) (90 84 29)
 (4 82) (92 31 84) (92 9 90) (93 94 91 33) (2 82) (79 96 83) (86 25 96)
 (87 80 97 98) (10 96 90) (92 5 96) (101 94 11 100) NIL (103 82) (103 75)
 (104 83 105) (103 39) (103 26) (104 84 108) (76 105 108) (109 110 85 106)
 (107 40 108) (103 24) (86 104 113) (113 77 105) (87 114 115 106) (113 27 108)
 (109 117 88 114) (117 110 115 78) (118 111 89 119 116) (103 12) (121 107 41)
 (121 28 108) (122 123 112 42) (103 8) (104 90 125) (43 107 125) (125 29 108)
 (109 128 91 126) (127 44 112 128) (121 13 125) (127 122 45 131)
 (128 123 131 30) (133 46 124 132 130) (103 4) (92 104 135) (47 107 135)
 (135 31 108) (109 93 136 138) (48 112 137 138) (121 14 135) (122 49 141 137)
 (123 141 32 138) (142 140 50 124 143) (9 135 125) (94 136 145 126)
 (127 51 145 137) (128 145 33 138) (139 148 129 95 146) (147 140 130 52 148)
 (141 15 131 145) (147 142 151 132 53) (148 143 151 133 34)
 (150 152 153 54 144 134) (103 1) (107 155 63) (35 155 108) (157 112 156 64)
 (121 155 20) (65 122 156 159) (123 36 157 159) (161 66 124 158 160)
 (6 155 135) (67 156 163 137) (157 163 37 138) (140 164 68 165 158)
 (141 163 159 21) (142 69 164 167 160) (161 165 143 38 167)
 (162 166 168 169 70 144))