(NIL NIL (2 1) NIL (2 4) (4 1) (3 6 5) NIL (4 8) (8 1) (6 10 9) NIL (8 12)
 (4 12) (9 13 14) (2 12) (5 14 16) (12 1) (10 13 18) (6 14 18) (11 19 15 20)
 (3 16 18) (22 7 17 20) NIL (24 12) NIL (26 24) (26 12) (27 25 28) (26 8)
 (13 30 28) (26 4) (32 14 28) (9 30 32) (33 34 15 31) (26 2) (36 16 28)
 (36 5 32) (33 37 17 38) (26 1) (40 18 28) (40 10 30) (41 19 31 42) (6 40 32)
 (33 44 41 20) (34 11 42 44) (21 45 35 43 46) (3 40 36) (37 22 48 41)
 (38 7 48 44) (45 39 49 23 50) NIL (26 52) (24 52) (53 54 27) (12 52)
 (56 53 28) (56 54 25) (29 57 58 55) (2 52) (53 60 36) (56 60 16) (37 57 61 62)
 NIL (26 64) (64 12) (65 66 28) (8 64) (65 30 68) (13 66 68) (69 70 31 67)
 (4 64) (72 65 32) (72 66 14) (33 73 74 67) (72 9 68) (69 34 73 76)
 (70 74 15 76) (77 78 71 35 75) (2 64) (80 65 36) (80 66 16) (37 81 67 82)
 (72 5 80) (81 38 84 73) (82 84 74 17) (39 85 83 75 86) (64 1) (65 40 88)
 (88 66 18) (89 90 41 67) (10 88 68) (69 89 92 42) (70 92 19 90)
 (71 93 91 43 94) (6 72 88) (89 96 73 44) (90 96 74 20) (45 97 91 75 98)
 (92 11 96 76) (77 46 100 93 97) (21 78 100 94 98) (99 101 102 47 79 95)
 (3 88 80) (81 89 48 104) (82 104 90 22) (105 106 83 49 91) (7 84 104 96)
 (97 105 108 85 50) (98 23 108 86 106) (99 107 109 110 51 87) NIL (112 64)
 (112 52) (26 112) (65 115 113) (114 53 115) (24 112) (114 54 118) (27 115 118)
 (55 119 117 120) (112 12) (66 113 122) (114 56 122) (122 115 28)
 (123 125 116 67) (124 57 125 117) (118 25 122) (124 58 128 119)
 (29 125 128 120) (121 127 59 129 130) (112 8) (132 113 68) (132 115 30)
 (69 133 116 134) (132 13 122) (123 70 133 136) (125 134 31 136)
 (137 138 71 126 135) (112 4) (140 72 113) (140 115 32) (141 73 116 142)
 (140 14 122) (123 141 74 144) (33 125 142 144) (145 146 126 143 75)
 (140 132 9) (141 148 133 76) (34 148 134 142) (77 149 143 135 150)
 (148 144 15 136) (137 78 149 145 152) (138 35 152 150 146)
 (147 151 153 154 139 79) (112 2) (156 113 80) (114 60 156) (156 115 36)
 (81 157 159 116) (158 159 61 117) (156 16 122) (123 82 157 162)
 (162 124 62 158) (37 125 159 162) (165 83 126 160 163) (165 161 127 63 164)
 (140 5 156) (157 84 141 168) (38 159 168 142) (169 160 85 170 143)
 (168 162 17 144) (145 169 86 163 172) (165 146 39 170 172)
 (147 166 171 173 174 87) (112 1) (176 113 88) (40 115 176) (89 177 116 178)
 (176 18 122) (123 90 180 177) (178 125 180 41) (91 126 181 179 182)
 (132 10 176) (177 92 133 184) (178 184 134 42) (185 186 179 93 135)
 (180 184 19 136) (137 185 188 181 94) (138 188 182 43 186)
 (139 183 187 189 190 95) (6 140 176) (177 192 141 96) (178 192 142 44)
 (97 193 179 143 194) (20 192 180 144) (145 98 196 181 193)
 (45 146 196 182 194) (195 197 198 99 147 183) (148 11 192 184)
 (185 193 100 149 200) (46 194 200 150 186) (195 101 151 201 202 187)
 (21 188 196 200 152) (197 102 153 204 201 189) (198 154 204 47 202 190)
 (103 199 155 205 206 203 191) (3 176 156) (157 177 208 104) (178 159 48 208)
 (105 209 179 160 210) (22 180 162 208) (209 106 212 181 163)
 (165 210 212 49 182) (166 107 211 213 214 183) (7 168 208 192)
 (193 209 108 169 216) (194 210 216 170 50) (195 109 171 211 217 218)
 (23 196 212 216 172) (197 110 173 213 217 220) (198 174 214 51 218 220)
 (199 111 175 215 219 221 222) NIL (224 112) (224 26) (225 115 226) (224 24)
 (228 225 118) (228 27 226) (227 229 230 120) (224 12) (232 225 122)
 (232 28 226) (227 125 234 233) (228 25 232) (229 233 128 236) (29 234 230 236)
 (235 238 231 237 130) (224 2) (225 240 156) (36 240 226) (227 159 241 242)
 (232 240 16) (233 241 162 244) (37 234 242 244) (165 245 235 243 246) NIL
 (248 112) (248 12) (250 249 122) (248 2) (252 249 156) (250 252 16)
 (251 253 162 254))