(NIL NIL (2 1) NIL (2 4) (1 4) (5 6 3) NIL (8 4) (1 8) (6 10 9) NIL (12 8)
 (12 4) (14 13 9) (12 1) (10 13 16) (14 6 16) (18 15 11 17) NIL (20 4) (1 20)
 (22 21 6) NIL (12 24) (24 8) (25 13 26) (24 4) (14 25 28) (28 26 9)
 (15 29 30 27) (2 24) (5 32 28) (1 24) (25 34 16) (34 10 26) (17 35 36 27)
 (6 28 34) (18 38 29 35) (38 30 36 11) (19 40 39 31 37) (3 32 34) (38 33 42 7)
 NIL (24 44) (44 20) (12 44) (25 45 47) (44 8) (49 45 26) (49 47 13)
 (50 51 48 27) (44 4) (45 28 53) (21 46 53) (14 47 53) (54 56 48 29) (49 53 9)
 (54 50 58 30) (15 51 58 56) (57 60 52 59 31) (2 44) (45 62 32) (5 62 53)
 (54 33 63 64) (1 44) (45 34 66) (22 66 46) (47 66 16) (69 48 35 67) (49 10 66)
 (50 71 36 67) (69 51 71 17) (70 52 72 73 37) (6 66 53) (54 38 75 67)
 (68 55 23 75) (18 69 56 75) (76 39 70 57 78) (71 58 11 75) (76 80 40 72 59)
 (19 78 80 73 60) (41 74 61 79 81 82) (3 62 66) (84 42 63 67) (84 7 64 75)
 (76 85 86 43 65) NIL (44 88) (24 88) (45 90 89) (8 88) (49 92 89) (90 92 26)
 (50 91 93 94) (4 88) (96 89 53) (28 96 90) (54 97 98 91) (96 92 9)
 (97 58 93 100) (98 100 30 94) (99 101 59 102 95) (2 88) (104 62 89)
 (104 32 90) (105 106 91 63) (96 5 104) (97 108 64 105) (98 33 108 106)
 (110 99 109 107 65) (1 88) (112 89 66) (112 90 34) (91 113 114 67) (10 92 112)
 (116 71 93 113) (116 114 36 94) (117 118 115 72 95) (96 6 112) (97 120 113 75)
 (38 98 120 114) (76 99 121 122 115) (116 120 100 11) (124 117 80 101 121)
 (124 40 122 118 102) (119 123 125 126 81 103) (104 3 112) (84 105 128 113)
 (128 106 42 114) (85 107 129 130 115) (120 7 108 128) (132 86 129 109 121)
 (132 122 130 43 110) (87 111 123 131 133 134) NIL (136 88) (136 20) (12 136)
 (136 8) (137 140 92) (140 139 13) (1 136) (137 143 112) (22 143 138)
 (143 139 16) (140 143 10) (116 141 144 147) (147 142 146 17) NIL (150 136)
 (150 44) (150 24) (45 152 153) (12 150) (139 151 155) (47 152 155)
 (25 153 155) (158 48 154 157) (150 8) (140 160 151) (49 160 152) (160 153 26)
 (50 163 162 154) (160 155 13) (165 142 161 156) (165 51 162 157)
 (158 165 163 27) (168 159 167 52 164) (150 4) (170 152 53) (170 28 153)
 (54 171 172 154) (14 170 155) (171 56 174 157) (158 174 172 29)
 (159 57 173 175 176) (170 160 9) (178 171 58 162) (178 172 30 163)
 (179 180 173 59 164) (165 15 178 174) (179 167 182 175 60)
 (180 168 182 176 31) (177 181 169 183 184 61) NIL (186 150) (186 136)
 (187 151 188) (186 88) (137 190 188) (186 44) (187 152 192) (190 89 192)
 (186 24) (187 153 195) (190 90 195) (45 192 195) (196 198 154 193)
 (194 197 198 91) (186 12) (187 201 155) (201 139 188) (202 203 156 189)
 (47 201 192) (202 157 205 193) (25 201 195) (196 158 202 207) (207 198 48 205)
 (159 209 199 208 206) (186 8) (187 160 211) (140 188 211) (161 212 189 213)
 (190 92 211) (141 191 215 213) (49 211 192) (217 162 212 193) (194 215 217 93)
 (211 26 195) (196 220 212 163) (197 220 94 215) (50 198 217 220)
 (223 221 199 218 164) (222 223 200 219 95) (201 13 211) (165 202 226 212)
 (226 142 203 213) (214 166 204 228 227) (51 217 226 205) (230 167 218 227 206)
 (207 226 220 27) (208 232 168 227 221) (230 223 209 52 232)
 (231 233 234 169 210 224) (186 4) (170 236 187) (96 190 236) (236 192 53)
 (237 171 239 193) (194 97 238 239) (236 28 195) (196 237 172 242)
 (197 98 238 242) (54 198 239 242) (245 240 199 173 243) (244 245 99 200 241)
 (14 236 201) (237 248 202 174) (56 239 248 205) (249 240 175 250 206)
 (207 248 29 242) (252 208 249 176 243) (252 245 209 57 250)
 (253 254 177 210 246 251) (236 211 9) (178 237 256 212) (215 238 256 100)
 (256 217 58 239) (179 240 218 257 259) (241 259 219 258 101) (256 30 220 242)
 (180 243 262 257 221) (222 244 262 258 102) (223 262 259 59 245)
 (181 260 263 265 224 246) (247 261 264 265 225 103) (15 248 256 226)
 (268 257 182 227 249) (230 268 250 60 259) (231 260 183 269 270 251)
 (252 268 232 262 31) (253 233 263 184 269 272) (254 234 265 270 272 61)
 (255 235 266 185 271 273 274) (186 2) (104 190 276) (276 62 192)
 (194 105 278 277) (276 32 195) (197 106 280 277) (278 198 280 63)
 (282 107 200 281 279) (236 5 276) (284 277 238 108) (284 278 239 64)
 (285 286 279 241 109) (284 33 280 242) (244 285 288 281 110)
 (245 286 288 282 65) (111 283 287 289 290 247))