(NIL NIL (2 1) NIL (4 2) (4 1) (3 6 5) NIL (4 8) (2 8) (5 9 10) NIL (4 12)
 (2 12) (5 13 14) NIL (16 12) (16 8) (4 16) (19 13 17) (9 19 18) (16 2)
 (22 17 14) (22 10 18) (22 5 19) (15 23 25 20) (21 24 25 11) (16 1) (6 28 19)
 (3 22 28) (29 7 25 30) NIL (16 32) (12 32) (33 17 34) (4 32) (36 33 19)
 (36 13 34) (35 37 38 20) (2 32) (22 33 40) (14 40 34) (35 41 23 42) (36 5 40)
 (41 37 44 25) (15 42 38 44) (45 43 39 26 46) (1 32) (28 33 48) (36 48 6)
 (49 50 37 29) (3 48 40) (41 49 52 30) (50 7 44 52) (53 51 45 54 31) NIL
 (56 32) (16 56) (57 33 58) (56 12) (57 60 34) (60 58 17) (35 61 62 59) (4 56)
 (57 36 64) (58 19 64) (37 65 59 66) (60 13 64) (68 61 38 65) (68 66 62 20)
 (67 39 69 70 63) (56 2) (57 72 40) (22 58 72) (41 73 59 74) (60 72 14)
 (73 42 61 76) (74 23 62 76) (77 43 63 75 78) (5 64 72) (73 44 65 80)
 (74 80 25 66) (67 81 75 45 82) (15 68 76 80) (81 69 84 77 46) (82 84 70 26 78)
 (71 79 83 85 86 47) (56 1) (57 88 48) (28 58 88) (49 89 59 90) (6 64 88)
 (89 50 92 65) (90 92 29 66) (67 51 93 91 94) (3 88 72) (73 89 52 96)
 (74 96 30 90) (97 98 75 53 91) (96 7 92 80) (81 97 100 93 54)
 (82 100 94 31 98) (55 83 95 99 101 102) NIL (56 104) (16 104) (105 58 106)
 (104 8) (108 18 106) (4 104) (105 64 110) (110 19 106) (107 112 111 66)
 (9 110 108) (109 21 114 112) (2 104) (116 105 72) (22 116 106)
 (107 74 117 118) (116 10 108) (109 118 24 120) (5 110 116) (117 122 111 80)
 (118 25 122 112) (113 82 119 123 124) (114 120 122 11) (126 115 121 27 124)
 (104 1) (128 105 88) (128 28 106) (107 90 130 129) (6 110 128)
 (129 132 92 111) (130 132 29 112) (113 131 133 94 134) (3 128 116)
 (117 129 136 96) (118 136 30 130) (137 98 119 131 138) (7 132 122 136)
 (137 140 100 133 123) (138 140 134 31 124) (139 141 142 102 125 135) NIL
 (144 104) (56 144) (105 146 145) (144 32) (57 148 146) (16 144) (150 145 106)
 (150 146 58) (107 151 152 147) (148 33 150) (149 152 154 59) (4 144)
 (156 110 145) (156 146 64) (157 111 147 158) (148 156 36) (149 158 65 160)
 (150 156 19) (162 151 157 112) (162 152 158 66) (113 163 164 153 159)
 (162 37 154 160) (67 161 164 166 155) (144 2) (168 145 116) (168 146 72)
 (117 169 170 147) (148 168 40) (73 149 170 172) (150 168 22) (118 151 169 174)
 (74 152 170 174) (119 176 153 175 171) (41 174 154 172) (173 75 176 178 155)
 (156 5 168) (169 157 122 180) (170 180 158 80) (181 182 123 159 171)
 (44 172 180 160) (161 81 184 173 182) (162 180 25 174) (181 163 186 175 124)
 (82 164 186 176 182) (177 183 187 188 165 125) (186 184 45 166 178)
 (179 83 185 188 190 167) (144 1) (192 145 128) (192 146 88) (129 193 147 194)
 (148 192 48) (89 194 149 196) (150 28 192) (193 130 151 198) (90 152 198 194)
 (131 153 195 199 200) (49 196 154 198) (202 91 197 155 200) (6 156 192)
 (193 204 132 157) (194 204 92 158) (205 195 133 206 159) (50 204 196 160)
 (161 197 93 206 208) (162 204 29 198) (210 163 205 134 199)
 (210 164 94 206 200) (201 165 207 211 212 135) (202 51 166 210 208)
 (95 203 167 209 212 214) (3 168 192) (193 216 169 136) (194 216 170 96)
 (137 217 195 171 218) (216 196 52 172) (173 97 220 197 218) (174 216 30 198)
 (217 138 175 222 199) (98 176 218 222 200) (139 177 223 224 219 201)
 (202 220 53 178 222) (221 179 224 226 203 99) (216 7 204 180)
 (181 217 140 205 228) (228 182 100 206 218) (219 141 183 229 230 207)
 (220 228 184 54 208) (221 185 230 232 101 209) (210 228 186 31 222)
 (142 223 229 187 234 211) (224 230 188 234 102 212)
 (143 225 231 189 235 236 213) (55 234 226 232 190 214)
 (227 233 191 236 238 103 215) NIL (240 144) (240 104) (241 145 242) (240 56)
 (241 146 244) (244 105 242) (243 245 147 246) (240 32) (148 248 241)
 (57 248 244) (245 149 249 250) (240 12) (60 252 244) (248 252 34)
 (61 250 253 254) (240 8) (256 108 242) (240 2) (168 241 258) (116 258 242)
 (243 259 169 260) (72 258 244) (245 259 170 262) (117 246 260 262)
 (263 264 247 261 171) (248 258 40) (259 266 249 172) (73 266 250 262)
 (173 263 267 268 251) (258 252 14) (76 270 253 262) (42 266 270 254)
 (255 271 77 268 272) (256 258 10) (257 120 260 274) (240 1) (276 241 192)
 (276 128 242) (243 193 277 278) (276 88 244) (245 194 280 277)
 (129 246 280 278) (247 279 281 195 282) (276 248 48) (277 196 249 284)
 (89 280 250 284) (285 281 197 251 286) (3 258 276) (277 288 259 216)
 (278 288 260 136) (217 279 289 290 261) (280 96 288 262) (263 218 289 281 292)
 (137 264 292 282 290) (219 291 293 294 265 283) (52 266 288 284)
 (285 289 220 267 296) (97 286 296 268 292) (287 221 293 297 298 269) NIL
 (300 240) (300 104) (302 301 242) (300 56) (301 304 244) (302 304 105)
 (246 303 305 306) (300 32) (301 248 308) (57 304 308) (309 310 305 250)
 (300 16) (302 312 106) (304 58 312) (107 313 306 314) (312 33 308)
 (310 316 59 314) (300 12) (318 301 252) (60 304 318) (319 320 305 253)
 (318 34 308) (309 319 322 254) (310 61 320 322) (255 311 321 323 324)
 (318 17 312) (314 320 62 326) (35 326 316 322) (63 327 328 317 324) (300 4)
 (302 110 330) (304 64 330) (331 332 306 111) (36 330 308) (310 334 65 332)
 (330 19 312) (313 331 336 112) (314 332 336 66) (113 315 333 337 338)
 (334 37 316 336) (67 335 317 340 338) (318 13 330) (68 320 342 332)
 (334 38 342 322) (343 69 335 344 324) (326 342 336 20) (327 70 343 346 338)
 (340 328 39 344 346) (341 71 345 347 348 329) (300 2) (301 258 350)
 (302 350 116) (303 260 351 352) (304 350 72) (354 305 351 262)
 (117 354 306 352) (353 264 355 356 307) (40 350 308) (309 266 358 351)
 (73 310 358 354) (355 311 268 359 360) (22 350 312) (313 118 362 352)
 (362 314 354 74) (363 315 356 119 364) (41 362 316 358) (75 364 317 366 360)
 (318 350 14) (319 368 351 270) (354 320 76 368) (271 369 355 321 370)
 (42 368 322 358) (369 272 372 359 323) (370 360 77 372 324)
 (273 325 361 371 373 374) (326 23 368 362) (370 327 364 78 376)
 (43 328 376 366 372) (377 378 79 329 367 374) (5 350 330) (331 380 122 352)
 (380 332 354 80) (333 356 381 382 123) (380 334 44 358) (81 384 335 382 360)
 (362 380 25 336) (386 363 381 337 124) (82 364 386 382 338)
 (339 383 387 388 365 125) (340 386 45 366 384) (341 385 83 388 390 367)
 (15 380 342 368) (370 84 343 382 392) (384 392 372 344 46)
 (345 385 85 393 394 374) (392 386 376 26 346) (377 347 388 86 393 396)
 (378 348 390 394 396 47) (379 349 391 395 397 87 398) (300 1) (301 400 276)
 (302 400 128) (401 278 303 402) (304 400 88) (401 280 305 404)
 (129 402 404 306) (403 405 282 307 406) (48 400 308) (309 401 408 284)
 (89 310 404 408) (409 286 311 405 410) (28 400 312) (313 130 412 402)
 (314 404 412 90) (414 315 413 131 406) (49 316 412 408) (410 91 317 414 416)
 (6 400 330) (331 402 132 418) (332 92 404 418) (333 420 133 406 419)
 (50 334 418 408) (93 420 335 422 410) (418 412 29 336) (419 413 134 337 424)
 (414 424 420 94 338) (339 421 425 426 135 415) (340 51 424 422 416)
 (417 341 423 426 428 95) (3 350 400) (401 288 430 351) (402 136 430 352)
 (353 403 290 431 432) (354 404 430 96) (434 355 405 431 292)
 (137 434 356 406 432) (294 357 433 435 436 407) (430 52 358 408)
 (409 296 431 359 438) (97 410 438 434 360) (298 361 435 439 440 411)
 (362 412 30 430) (138 363 413 442 432) (98 364 414 442 434)
 (139 436 365 443 444 415) (438 53 366 442 416) (417 99 367 440 444 446)
 (418 7 380 430) (419 140 381 448 432) (434 420 100 382 448)
 (449 450 421 383 436 141) (422 448 54 438 384) (450 452 423 385 101 440)
 (386 448 442 31 424) (449 454 425 387 443 142) (450 454 426 388 102 444)
 (451 143 455 456 427 389 445) (452 454 55 428 390 446)
 (453 456 458 429 391 103 447))