(NIL NIL (1 2) NIL (4 1) NIL (6 4) (6 1) (8 7 5) NIL (6 10) (1 10) (8 12 11)
 NIL (14 10) (6 14) (11 16 15) (14 4) (16 7 18) (14 1) (12 20 15) (8 20 16)
 (13 21 17 22) (5 20 18) (19 9 24 22) NIL (26 14) (26 10) (28 27 15) (26 6)
 (30 27 16) (28 11 30) (31 29 17 32) (26 4) (34 27 18) (34 7 30) (31 19 35 36)
 (26 2) NIL (39 14) (39 10) (41 40 15) (39 6) (43 16 40) (41 43 11)
 (42 44 45 17) (39 4) (47 40 18) (43 47 7) (19 44 48 49) (39 2) (39 1)
 (52 20 40) (41 12 52) (53 42 54 21) (8 52 43) (53 44 56 22) (13 54 45 56)
 (58 57 55 46 23) (52 47 5) (24 60 53 48) (9 60 56 49) (50 25 61 62 57)
 (51 52 3) NIL (39 65) (26 65) (10 65) (66 41 68) (28 67 68) (6 65) (66 43 71)
 (67 71 30) (11 68 71) (72 74 69 45) (32 74 70 73) (4 65) (66 47 77) (34 67 77)
 (77 7 71) (72 78 80 49) (79 73 36 80) (2 65) (66 83 51) (38 67 83) (1 65)
 (66 52 86) (12 68 86) (87 88 54 69) (8 86 71) (72 87 90 56) (88 74 13 90)
 (58 89 75 91 92) (77 86 5) (87 78 60 94) (9 90 80 94) (95 91 62 81 96)
 (83 3 86) (87 84 98 64) NIL (39 100) (100 14) (101 40 102) (100 10)
 (101 41 104) (104 15 102) (103 105 42 106) (6 100) (101 43 108) (16 108 102)
 (103 44 109 110) (11 108 104) (105 112 45 109) (106 112 17 110)
 (111 107 114 113 46) (100 4) (101 47 116) (116 18 102) (103 117 48 118)
 (108 7 116) (117 120 109 49) (19 118 120 110) (111 50 119 121 122) (100 1)
 (101 52 124) (20 124 102) (103 53 125 126) (12 124 104) (105 128 54 125)
 (106 128 21 126) (127 129 107 130 55) (8 108 124) (132 56 109 125)
 (126 132 22 110) (111 127 134 133 57) (112 13 132 128) (58 136 113 129 133)
 (136 114 134 130 23) (131 135 59 137 138 115) (5 124 116) (117 60 140 125)
 (24 118 140 126) (127 119 61 141 142) (9 120 132 140) (62 121 141 133 144)
 (25 144 142 122 134) (135 63 143 145 146 123) NIL (148 100) (39 148)
 (101 150 149) (148 14) (152 149 102) (152 150 40) (103 153 154 151) (148 10)
 (156 149 104) (156 41 150) (105 157 151 158) (152 156 15) (106 153 157 160)
 (42 154 158 160) (161 162 107 155 159) (148 6) (149 108 164) (43 150 164)
 (151 165 109 166) (152 16 164) (168 153 165 110) (168 154 44 166)
 (111 167 169 170 155) (156 11 164) (112 157 172 165) (166 158 172 45)
 (167 113 173 159 174) (168 172 17 160) (161 176 169 114 173)
 (162 170 176 46 174) (175 177 178 115 163 171) (148 4) (180 149 116)
 (150 47 180) (117 181 151 182) (152 180 18) (181 118 153 184) (182 154 184 48)
 (185 119 155 183 186) (164 7 180) (181 120 165 188) (182 49 188 166)
 (167 189 183 121 190) (19 168 184 188) (189 169 192 185 122)
 (50 190 170 192 186) (187 191 193 194 171 123) (148 1) (149 124 196)
 (52 150 196) (151 197 125 198) (152 20 196) (200 153 197 126) (200 154 53 198)
 (127 199 201 202 155) (12 156 196) (128 157 204 197) (204 54 158 198)
 (199 129 205 159 206) (200 204 21 160) (161 208 201 130 205)
 (208 162 202 55 206) (207 209 210 131 163 203) (8 164 196) (197 132 165 212)
 (198 212 56 166) (167 199 213 133 214) (168 212 22 200) (216 169 201 213 134)
 (216 170 214 202 57) (135 171 217 218 215 203) (212 13 172 204)
 (136 220 205 173 213) (58 206 214 220 174) (175 207 215 137 221 222)
 (216 176 208 220 23) (177 217 138 209 221 224) (178 59 218 222 224 210)
 (179 219 139 223 225 226 211) (5 196 180) (181 140 197 228) (182 60 228 198)
 (199 183 229 141 230) (24 200 184 228) (232 201 185 229 142)
 (232 61 186 202 230) (187 143 231 233 234 203) (9 228 212 188)
 (189 144 229 213 236) (190 230 62 236 214) (215 191 145 231 237 238)
 (232 25 192 236 216) (240 217 193 146 233 237) (240 218 194 63 234 238)
 (239 241 242 219 195 147 235) NIL (244 148) (244 100) (245 149 246) (244 39)
 (245 150 248) (101 246 248) (151 249 247 250) (244 26) (244 14) (152 245 253)
 (253 246 102) (153 254 247 255) (248 40 253) (257 154 254 249)
 (103 257 255 250) (251 256 258 259 155) (252 27 253) (244 1) (245 196 262)
 (262 246 124) (263 197 247 264) (52 248 262) (266 263 249 198)
 (266 264 125 250) (251 199 267 268 265) (20 253 262) (200 263 254 270)
 (264 126 270 255) (256 265 201 271 272) (257 53 270 266) (274 258 202 267 271)
 (127 268 259 274 272) (260 269 273 275 276 203))