(() () () () () () () (1 3 ) (3 5 ) (5 6 ) 
(6 7 ) (1 2 ) (2 7 ) (1 3 ) (3 4 ) (4 5 ) (1 2 ) (2 3 ) (3 5 ) (5 7 ) 
(2 3 ) (3 5 ) (5 6 ) (6 7 ) (1 2 ) (2 3 ) (3 7 ) (1 2 ) (2 3 ) (3 5 ) 
(5 7 ) (1 2 ) (2 3 ) (3 4 ) (4 5 ) (5 6 ) (6 7 ) (1 4 ) (4 5 ) (5 7 ) 
(2 3 ) (3 4 ) (4 5 ) (5 7 ) (1 2 ) (2 3 ) (3 4 ) (4 5 ) (5 6 ) (6 7 ) 
(2 3 ) (3 4 ) (4 5 ) (5 6 ) (6 7 ) (1 2 ) (2 3 ) (3 5 ) (5 6 ) (6 7 ) 
(15 16 19 ) (12 13 14 15 16 20 ) (15 16 20 27 ) (20 31 ) (20 36 37 ) (20 37 59 ) (37 60 ) (20 40 ) (20 44 ) (15 16 30 ) 
(16 35 ) (16 39 ) (16 43 ) (15 16 58 ) (15 34 ) (14 15 38 ) (15 42 ) (12 14 18 ) (12 14 26 ) (12 14 29 ) 
(12 14 33 ) (12 14 41 ) (12 14 57 ) (12 17 ) (12 25 ) (12 28 ) (12 32 ) (12 14 15 16 20 37 56 ) (8 9 10 11 12 13 ) (8 10 11 12 13 15 16 ) 
(8 10 11 12 13 16 34 ) (16 35 ) (10 11 12 13 16 38 ) (16 39 ) (8 10 11 12 13 16 42 ) (16 43 ) (8 10 11 12 13 16 47 ) (16 48 ) (8 10 11 12 13 16 52 ) (16 53 ) 
(8 10 11 12 13 19 ) (10 11 20 ) (8 10 11 12 13 22 ) (10 23 ) (8 10 11 12 13 30 ) (10 11 31 ) (10 36 ) (10 11 40 ) (10 11 44 ) (10 49 ) 
(10 54 ) (8 10 11 12 13 58 ) (10 59 ) (11 24 ) (11 37 ) (11 50 ) (11 55 ) (11 60 ) (8 12 13 27 ) (12 17 ) 
(8 12 18 ) (8 12 21 ) (12 25 ) (8 12 26 ) (12 28 ) (8 12 29 ) (12 32 ) (8 12 33 ) (8 12 41 ) (12 45 ) 
(8 12 46 ) (8 12 51 ) (12 56 ) (8 12 57 ) (8 10 11 12 13 14 16 ) (8 9 10 11 12 13 ) (8 10 11 12 13 19 ) (10 11 20 ) (8 10 11 12 13 22 ) (10 23 ) 
(8 10 11 12 13 30 ) (10 11 31 ) (8 10 11 12 13 34 35 ) (10 11 12 13 35 38 ) (35 39 ) (8 10 11 12 13 35 42 ) (35 43 ) (8 10 11 12 13 35 47 ) (35 48 ) (8 10 11 12 13 35 52 ) 
(35 53 ) (10 36 ) (10 11 40 ) (10 11 44 ) (10 49 ) (10 54 ) (8 10 11 12 13 58 ) (10 59 ) (11 24 ) (11 37 ) 
(11 50 ) (11 55 ) (11 60 ) (8 12 13 27 ) (12 17 ) (8 12 18 ) (8 12 21 ) (12 25 ) (8 12 26 ) (12 28 ) 
(8 12 29 ) (12 32 ) (8 12 33 ) (8 12 41 ) (12 45 ) (8 12 46 ) (8 12 51 ) (12 56 ) (8 10 11 12 13 35 57 ) (15 16 19 ) 
(12 13 14 15 16 20 ) (20 23 24 ) (20 24 36 ) (24 37 ) (20 24 49 ) (24 50 ) (20 24 54 ) (24 55 ) (20 24 59 ) (24 60 ) 
(15 16 20 27 ) (20 31 ) (20 40 ) (20 44 ) (15 16 22 ) (15 16 30 ) (16 35 ) (16 39 ) (16 43 ) (16 48 ) 
(16 53 ) (15 16 58 ) (15 34 ) (14 15 38 ) (15 42 ) (15 47 ) (15 52 ) (12 14 18 ) (12 14 21 ) (12 14 26 ) 
(12 14 29 ) (12 14 33 ) (12 14 41 ) (12 14 46 ) (12 14 51 ) (12 14 57 ) (12 17 ) (12 25 ) (12 28 ) (12 32 ) 
(12 45 ) (12 14 15 16 20 24 56 ) (15 16 19 ) (12 13 14 15 16 20 ) (20 23 24 ) (20 24 36 ) (24 37 ) (20 24 49 ) (24 50 ) (20 24 59 ) 
(24 60 ) (15 16 20 27 ) (20 31 ) (20 40 ) (20 44 ) (15 16 22 ) (15 16 30 ) (16 35 ) (16 39 ) (16 43 ) 
(16 48 ) (15 16 58 ) (15 34 ) (14 15 38 ) (15 42 ) (15 47 ) (12 14 18 ) (12 14 21 ) (12 14 26 ) (12 14 29 ) 
(12 14 33 ) (12 14 41 ) (12 14 46 ) (12 14 57 ) (12 17 ) (12 25 ) (12 28 ) (12 32 ) (12 45 ) (12 14 15 16 20 24 56 ) 
(8 9 10 11 12 13 ) (8 10 11 12 13 22 ) (10 23 ) (8 10 11 12 13 30 ) (10 11 31 ) (8 10 11 12 13 34 35 ) (10 11 12 13 35 38 ) (35 39 ) (8 10 11 12 13 35 42 ) (35 43 ) 
(8 10 11 12 13 35 52 ) (35 53 ) (10 36 ) (10 11 40 ) (10 11 44 ) (10 54 ) (8 10 11 12 13 58 ) (10 59 ) (11 24 ) (11 37 ) 
(11 55 ) (11 60 ) (8 12 13 27 ) (8 12 21 ) (12 25 ) (8 12 26 ) (12 28 ) (8 12 29 ) (12 32 ) (8 12 33 ) 
(8 12 41 ) (8 12 51 ) (12 56 ) (8 10 11 12 13 35 57 ) (8 9 10 11 12 13 ) (8 10 11 12 13 15 16 ) (10 11 12 13 16 38 ) (16 39 ) (8 10 11 12 13 16 42 ) (16 43 ) 
(8 10 11 12 13 16 47 ) (16 48 ) (8 10 11 12 13 30 ) (10 11 31 ) (10 11 40 ) (10 11 44 ) (10 49 ) (8 10 11 12 13 58 ) (10 59 ) (11 50 ) 
(11 60 ) (8 12 13 27 ) (12 25 ) (8 12 26 ) (12 28 ) (8 12 29 ) (8 12 41 ) (12 45 ) (8 12 46 ) (12 56 ) 
(8 12 57 ) (8 10 11 12 13 14 16 ) (8 9 10 11 12 13 ) (8 10 11 12 13 15 16 ) (8 10 11 12 13 16 34 ) (16 35 ) (10 11 12 13 16 38 ) (16 39 ) (8 10 11 12 13 16 42 ) (16 43 ) 
(8 10 11 12 13 16 47 ) (16 48 ) (8 10 11 12 13 16 52 ) (16 53 ) (10 36 ) (10 11 40 ) (10 11 44 ) (10 49 ) (10 54 ) (8 10 11 12 13 58 ) 
(10 59 ) (11 37 ) (11 50 ) (11 55 ) (11 60 ) (8 12 13 27 ) (12 25 ) (8 12 26 ) (12 32 ) (8 12 33 ) 
(8 12 41 ) (12 45 ) (8 12 46 ) (8 12 51 ) (12 56 ) (8 12 57 ) (8 10 11 12 13 14 16 ) (8 9 10 11 12 13 ) (8 10 11 12 13 15 16 ) (8 10 11 12 13 16 34 ) 
(16 35 ) (10 11 12 13 16 38 ) (16 39 ) (8 10 11 12 13 16 42 ) (16 43 ) (8 10 11 12 13 16 47 ) (16 48 ) (8 10 11 12 13 16 52 ) (16 53 ) (8 10 11 12 13 19 ) 
(10 11 20 ) (8 10 11 12 13 30 ) (10 11 31 ) (10 36 ) (10 11 40 ) (10 11 44 ) (10 49 ) (10 54 ) (8 10 11 12 13 58 ) (10 59 ) 
(11 37 ) (11 50 ) (11 55 ) (11 60 ) (8 12 13 27 ) (12 17 ) (8 12 18 ) (12 25 ) (8 12 26 ) (12 28 ) 
(8 12 29 ) (12 32 ) (8 12 33 ) (8 12 41 ) (12 45 ) (8 12 46 ) (8 12 51 ) (12 56 ) (8 12 57 ) (8 10 11 12 13 14 16 ) 
(8 9 10 11 12 13 ) (8 10 11 12 13 19 ) (10 11 20 ) (8 10 11 12 13 22 ) (10 23 ) (8 10 11 12 13 30 ) (10 11 31 ) (8 10 11 12 13 34 35 ) (10 11 12 13 35 38 ) (35 39 ) 
(8 10 11 12 13 35 42 ) (35 43 ) (8 10 11 12 13 35 47 ) (35 48 ) (8 10 11 12 13 35 52 ) (35 53 ) (10 36 ) (10 11 40 ) (10 11 44 ) (10 49 ) 
(10 54 ) (8 10 11 12 13 58 ) (10 59 ) (11 24 ) (11 37 ) (11 50 ) (11 55 ) (11 60 ) (8 12 13 27 ) (12 17 ) 
(8 12 18 ) (8 12 21 ) (12 25 ) (8 12 26 ) (12 28 ) (8 12 29 ) (12 32 ) (8 12 33 ) (8 12 41 ) (12 45 ) 
(8 12 46 ) (8 12 51 ) (12 56 ) (8 10 11 12 13 35 57 ) (8 9 10 11 12 13 ) (8 10 11 12 13 15 16 ) (8 10 11 12 13 16 34 ) (16 35 ) (10 11 12 13 16 38 ) (16 39 ) 
(8 10 11 12 13 16 42 ) (16 43 ) (8 10 11 12 13 16 47 ) (16 48 ) (8 10 11 12 13 16 52 ) (16 53 ) (8 10 11 12 13 19 ) (10 11 20 ) (8 10 11 12 13 22 ) (10 23 ) 
(8 10 11 12 13 30 ) (10 11 31 ) (10 36 ) (10 11 40 ) (10 11 44 ) (10 49 ) (10 54 ) (8 10 11 12 13 58 ) (10 59 ) (11 24 ) 
(11 37 ) (11 50 ) (11 55 ) (11 60 ) (8 12 13 27 ) (12 17 ) (8 12 18 ) (8 12 21 ) (12 25 ) (8 12 26 ) 
(12 28 ) (8 12 29 ) (12 32 ) (8 12 33 ) (8 12 41 ) (12 45 ) (8 12 46 ) (8 12 51 ) (12 56 ) (8 12 57 ) 
(8 10 11 12 13 14 16 ) (8 9 10 11 12 13 ) (8 10 11 12 13 19 ) (10 11 20 ) (8 10 11 12 13 22 ) (10 23 ) (8 10 11 12 13 30 ) (10 11 31 ) (8 10 11 12 13 42 43 ) (8 10 11 12 13 43 47 ) 
(43 48 ) (8 10 11 12 13 43 52 ) (43 53 ) (10 11 44 ) (10 49 ) (10 54 ) (8 10 11 12 13 58 ) (10 59 ) (11 24 ) (11 50 ) 
(11 55 ) (11 60 ) (8 12 13 27 ) (12 17 ) (8 12 18 ) (8 12 21 ) (12 25 ) (8 12 26 ) (12 28 ) (8 12 29 ) 
(8 12 41 ) (12 45 ) (8 12 46 ) (8 12 51 ) (12 56 ) (8 10 11 12 13 43 57 ) (8 9 10 11 12 13 ) (8 10 11 12 13 15 16 ) (8 10 11 12 13 16 34 ) (16 35 ) 
(10 11 12 13 16 38 ) (16 39 ) (8 10 11 12 13 16 42 ) (16 43 ) (8 10 11 12 13 16 47 ) (16 48 ) (8 10 11 12 13 16 52 ) (16 53 ) (8 10 11 12 13 19 ) (10 11 20 ) 
(8 10 11 12 13 22 ) (10 23 ) (10 36 ) (10 11 40 ) (10 11 44 ) (10 49 ) (10 54 ) (8 10 11 12 13 58 ) (10 59 ) (11 24 ) 
(11 37 ) (11 50 ) (11 55 ) (11 60 ) (8 12 13 27 ) (12 17 ) (8 12 18 ) (8 12 21 ) (12 25 ) (8 12 26 ) 
(12 32 ) (8 12 33 ) (8 12 41 ) (12 45 ) (8 12 46 ) (8 12 51 ) (12 56 ) (8 12 57 ) (8 10 11 12 13 14 16 ) (8 9 10 11 12 13 ) 
(8 10 11 12 13 15 16 ) (8 10 11 12 13 16 34 ) (16 35 ) (10 11 12 13 16 38 ) (16 39 ) (8 10 11 12 13 16 42 ) (16 43 ) (8 10 11 12 13 16 47 ) (16 48 ) (8 10 11 12 13 16 52 ) 
(16 53 ) (8 10 11 12 13 19 ) (10 11 20 ) (8 10 11 12 13 30 ) (10 11 31 ) (10 36 ) (10 11 40 ) (10 11 44 ) (10 49 ) (10 54 ) 
(8 10 11 12 13 58 ) (10 59 ) (11 37 ) (11 50 ) (11 55 ) (11 60 ) (8 12 13 27 ) (12 17 ) (8 12 18 ) (12 25 ) 
(8 12 26 ) (12 28 ) (8 12 29 ) (12 32 ) (8 12 33 ) (8 12 41 ) (12 45 ) (8 12 46 ) (8 12 51 ) (12 56 ) 
(8 12 57 ) (8 10 11 12 13 14 16 ) (8 9 10 11 12 13 ) (8 10 11 12 13 15 16 ) (8 10 11 12 13 16 34 ) (16 35 ) (10 11 12 13 16 38 ) (16 39 ) (8 10 11 12 13 16 42 ) (16 43 ) 
(8 10 11 12 13 16 47 ) (16 48 ) (8 10 11 12 13 16 52 ) (16 53 ) (8 10 11 12 13 19 ) (10 11 20 ) (8 10 11 12 13 22 ) (10 23 ) (8 10 11 12 13 30 ) (10 11 31 ) 
(10 36 ) (10 11 40 ) (10 11 44 ) (10 49 ) (10 54 ) (8 10 11 12 13 58 ) (10 59 ) (11 24 ) (11 37 ) (11 50 ) 
(11 55 ) (11 60 ) (12 17 ) (8 12 18 ) (8 12 21 ) (12 28 ) (8 12 29 ) (12 32 ) (8 12 33 ) (8 12 41 ) 
(12 45 ) (8 12 46 ) (8 12 51 ) (12 56 ) (8 12 57 ) (8 10 11 12 13 14 16 ) )