(() () () () () () () () () () 
() () (1 2 ) (2 3 ) (3 4 ) (4 5 ) (5 6 ) (6 7 ) (7 8 ) (8 9 ) 
(9 10 ) (10 11 ) (11 12 ) (2 3 ) (3 4 ) (4 5 ) (5 6 ) (6 7 ) (7 8 ) (8 10 ) 
(10 11 ) (1 2 ) (2 3 ) (3 4 ) (4 5 ) (5 6 ) (6 8 ) (8 11 ) (11 12 ) (1 2 ) 
(2 3 ) (3 4 ) (4 6 ) (6 8 ) (8 9 ) (9 10 ) (10 11 ) (1 2 ) (2 3 ) (3 4 ) 
(4 6 ) (6 7 ) (7 8 ) (8 9 ) (9 10 ) (10 12 ) (2 3 ) (3 4 ) (4 5 ) (5 6 ) 
(6 7 ) (7 8 ) (8 9 ) (9 10 ) (10 11 ) (11 12 ) (2 6 ) (6 7 ) (7 8 ) (8 9 ) 
(9 10 ) (10 11 ) (11 12 ) (13 32 ) (14 24 ) (14 33 ) (14 57 ) (15 25 ) (15 34 ) (15 58 ) 
(16 26 ) (16 35 ) (16 59 ) (17 27 ) (17 36 ) (17 60 ) (18 28 ) (18 19 37 ) (23 39 ) (23 66 ) 
(22 31 ) (20 21 22 38 ) (22 65 ) (20 21 30 ) (21 64 ) (20 63 ) (18 29 37 ) (18 37 62 ) (13 14 15 16 17 18 20 21 22 23 37 61 ) (13 32 ) 
(13 40 ) (14 24 ) (14 33 ) (14 41 ) (15 25 ) (15 34 ) (15 42 ) (16 26 ) (16 35 ) (16 17 43 ) 
(23 39 ) (22 31 ) (20 21 22 38 ) (22 47 ) (20 21 30 ) (21 46 ) (20 45 ) (19 29 ) (18 19 37 ) (18 19 44 ) 
(18 28 ) (16 27 43 ) (13 14 15 16 18 19 20 21 22 23 36 43 ) (13 32 ) (13 40 ) (13 48 ) (14 24 ) (14 33 ) (14 41 ) (14 49 ) 
(14 57 ) (14 15 16 17 67 ) (14 16 17 25 67 ) (16 26 ) (14 16 17 34 67 ) (16 35 ) (14 16 17 42 67 ) (16 17 43 ) (14 16 17 50 67 ) (16 17 51 ) 
(14 16 17 58 67 ) (16 59 ) (17 27 ) (17 36 ) (17 60 ) (18 28 ) (18 19 37 ) (23 39 ) (22 23 56 ) (23 66 ) 
(23 73 ) (22 31 ) (20 21 22 38 ) (22 47 ) (22 65 ) (22 72 ) (20 21 30 ) (21 46 ) (21 55 ) (21 64 ) 
(21 71 ) (20 45 ) (20 54 ) (20 63 ) (20 70 ) (18 29 37 ) (37 44 ) (18 37 53 ) (18 37 62 ) (18 37 69 ) 
(18 52 ) (18 61 ) (13 14 16 17 18 20 21 22 23 37 67 68 ) (13 40 ) (14 24 ) (14 41 ) (14 57 ) (14 15 16 17 67 ) (14 16 17 25 67 ) (16 26 ) 
(14 16 17 42 67 ) (16 17 43 ) (14 16 17 58 67 ) (16 59 ) (17 27 ) (17 60 ) (18 28 ) (18 19 44 ) (23 66 ) (23 73 ) 
(22 31 ) (22 47 ) (22 65 ) (22 72 ) (20 21 30 ) (21 46 ) (21 64 ) (21 71 ) (20 45 ) (20 63 ) 
(20 70 ) (18 29 44 ) (18 44 62 ) (18 44 69 ) (18 61 ) (13 14 16 17 18 20 21 22 23 44 67 68 ) (32 40 ) (24 33 ) (24 41 ) (24 57 ) 
(25 34 ) (25 42 ) (25 58 ) (26 35 ) (26 27 43 ) (30 31 38 ) (39 66 ) (31 47 ) (31 65 ) (30 45 46 ) 
(30 46 63 ) (46 64 ) (28 29 37 ) (28 29 44 ) (29 62 ) (28 61 ) (26 36 43 ) (26 43 60 ) (24 25 26 28 29 30 31 32 39 43 46 59 ) (14 57 ) 
(14 15 16 17 67 ) (14 16 17 58 67 ) (16 59 ) (17 60 ) (18 61 ) (18 68 ) (19 62 ) (19 69 ) (20 63 ) (20 70 ) 
(21 64 ) (21 71 ) (22 65 ) (22 72 ) (23 66 ) (13 14 16 17 18 19 20 21 22 23 67 73 ) (13 32 ) (13 40 ) (13 48 ) (14 24 ) 
(14 33 ) (14 41 ) (14 49 ) (14 57 ) (14 15 16 17 67 ) (14 16 17 25 67 ) (16 26 ) (14 16 17 34 67 ) (16 35 ) (14 16 17 42 67 ) 
(16 17 43 ) (14 16 17 50 67 ) (16 17 51 ) (14 16 17 58 67 ) (16 59 ) (17 27 ) (17 36 ) (17 60 ) (18 28 ) (18 19 37 ) 
(23 39 ) (22 23 56 ) (23 66 ) (23 73 ) (22 31 ) (20 21 22 38 ) (22 47 ) (22 65 ) (22 72 ) (20 21 30 ) 
(21 46 ) (21 55 ) (21 64 ) (21 71 ) (20 45 ) (20 54 ) (20 63 ) (20 70 ) (18 29 37 ) (37 44 ) 
(18 37 53 ) (18 37 62 ) (18 37 69 ) (18 52 ) (18 61 ) (13 14 16 17 18 20 21 22 23 37 67 68 ) (32 40 ) (32 48 ) (24 33 ) (24 41 ) 
(24 49 ) (24 57 ) (24 25 26 27 67 ) (24 26 27 34 67 ) (26 35 ) (24 26 27 42 67 ) (26 27 43 ) (24 26 27 50 67 ) (26 27 51 ) (24 26 27 58 67 ) 
(26 59 ) (27 36 ) (27 60 ) (28 29 37 ) (30 31 38 ) (31 39 56 ) (39 66 ) (39 73 ) (31 47 ) (31 65 ) 
(31 72 ) (30 45 46 ) (30 46 54 ) (46 55 ) (30 46 63 ) (46 64 ) (30 46 70 ) (46 71 ) (37 44 ) (28 37 53 ) 
(28 37 62 ) (28 37 69 ) (28 52 ) (28 61 ) (24 26 27 28 30 31 32 37 39 46 67 68 ) (13 32 ) (13 40 ) (13 48 ) (14 24 ) (14 33 ) 
(14 41 ) (14 49 ) (14 57 ) (14 15 16 17 67 ) (14 16 17 25 67 ) (16 26 ) (14 16 17 34 67 ) (16 35 ) (14 16 17 42 67 ) (16 17 43 ) 
(14 16 17 50 67 ) (16 17 51 ) (14 16 17 58 67 ) (16 59 ) (17 27 ) (17 36 ) (17 60 ) (18 28 ) (18 19 37 ) (23 39 ) 
(22 23 56 ) (23 66 ) (23 73 ) (22 31 ) (20 21 22 38 ) (22 47 ) (22 65 ) (22 72 ) (20 21 30 ) (21 46 ) 
(21 55 ) (21 64 ) (21 71 ) (20 45 ) (20 54 ) (20 63 ) (20 70 ) (18 29 37 ) (37 44 ) (18 37 53 ) 
(18 37 62 ) (18 37 69 ) (18 52 ) (18 61 ) (13 14 16 17 18 20 21 22 23 37 67 68 ) (13 32 ) (13 40 ) (13 48 ) (14 24 ) (14 33 ) 
(14 41 ) (14 49 ) (14 57 ) (14 15 16 17 67 ) (14 16 17 25 67 ) (16 26 ) (14 16 17 34 67 ) (16 35 ) (14 16 17 42 67 ) (16 17 43 ) 
(14 16 17 50 67 ) (16 17 51 ) (14 16 17 58 67 ) (16 59 ) (17 27 ) (17 36 ) (17 60 ) (18 28 ) (18 19 37 ) (23 39 ) 
(22 23 56 ) (23 66 ) (23 73 ) (22 31 ) (20 21 22 38 ) (22 47 ) (22 65 ) (22 72 ) (20 21 30 ) (21 46 ) 
(21 55 ) (21 64 ) (21 71 ) (20 45 ) (20 54 ) (20 63 ) (20 70 ) (18 29 37 ) (37 44 ) (18 37 53 ) 
(18 37 62 ) (18 37 69 ) (18 52 ) (18 61 ) (13 14 16 17 18 20 21 22 23 37 67 68 ) (13 32 ) (13 48 ) (14 24 ) (14 33 ) (14 49 ) 
(14 57 ) (14 15 16 17 67 ) (14 16 17 25 67 ) (16 26 ) (14 16 17 34 67 ) (16 35 ) (14 16 17 50 67 ) (16 17 51 ) (14 16 17 58 67 ) (16 59 ) 
(17 27 ) (17 36 ) (17 60 ) (18 28 ) (18 19 37 ) (23 39 ) (22 23 56 ) (23 66 ) (23 73 ) (22 31 ) 
(20 21 22 38 ) (22 65 ) (22 72 ) (20 21 30 ) (21 55 ) (21 64 ) (21 71 ) (20 54 ) (20 63 ) (20 70 ) 
(18 29 37 ) (18 37 53 ) (18 37 62 ) (18 37 69 ) (18 52 ) (18 61 ) (13 14 16 17 18 20 21 22 23 37 67 68 ) (13 40 ) (14 24 ) (14 41 ) 
(14 57 ) (14 15 16 17 67 ) (14 16 17 25 67 ) (16 26 ) (14 16 17 42 67 ) (16 17 43 ) (14 16 17 58 67 ) (16 59 ) (17 27 ) (17 60 ) 
(18 28 ) (18 19 44 ) (23 66 ) (23 73 ) (22 31 ) (22 47 ) (22 65 ) (22 72 ) (20 21 30 ) (21 46 ) 
(21 64 ) (21 71 ) (20 45 ) (20 63 ) (20 70 ) (18 29 44 ) (18 44 62 ) (18 44 69 ) (18 61 ) (13 14 16 17 18 20 21 22 23 44 67 68 ) 
(13 40 ) (13 48 ) (14 24 ) (14 41 ) (14 49 ) (14 57 ) (14 15 16 17 67 ) (14 16 17 25 67 ) (16 26 ) (14 16 17 42 67 ) 
(16 17 43 ) (14 16 17 50 67 ) (16 17 51 ) (14 16 17 58 67 ) (16 59 ) (17 27 ) (17 60 ) (18 28 ) (18 19 44 ) (22 23 56 ) 
(23 66 ) (23 73 ) (22 31 ) (22 47 ) (22 65 ) (22 72 ) (20 21 30 ) (21 46 ) (21 55 ) (21 64 ) 
(21 71 ) (20 45 ) (20 54 ) (20 63 ) (20 70 ) (18 29 44 ) (18 44 53 ) (18 44 62 ) (18 44 69 ) (18 52 ) 
(18 61 ) (13 14 16 17 18 20 21 22 23 44 67 68 ) (13 32 ) (13 40 ) (13 48 ) (14 33 ) (14 41 ) (14 49 ) (14 57 ) (14 15 16 17 67 ) 
(14 16 17 34 67 ) (16 35 ) (14 16 17 42 67 ) (16 17 43 ) (14 16 17 50 67 ) (16 17 51 ) (14 16 17 58 67 ) (16 59 ) (17 36 ) (17 60 ) 
(18 19 37 ) (23 39 ) (22 23 56 ) (23 66 ) (23 73 ) (20 21 22 38 ) (22 47 ) (22 65 ) (22 72 ) (21 46 ) 
(21 55 ) (21 64 ) (21 71 ) (20 45 ) (20 54 ) (20 63 ) (20 70 ) (37 44 ) (18 37 53 ) (18 37 62 ) 
(18 37 69 ) (18 52 ) (18 61 ) (13 14 16 17 18 20 21 22 23 37 67 68 ) (13 32 ) (13 48 ) (14 24 ) (14 33 ) (14 49 ) (15 25 ) 
(15 34 ) (15 50 ) (16 26 ) (16 35 ) (16 17 51 ) (23 39 ) (22 23 56 ) (22 31 ) (20 21 22 38 ) (20 21 30 ) 
(21 55 ) (20 54 ) (19 29 ) (18 19 37 ) (19 53 ) (18 28 ) (18 52 ) (16 27 51 ) (13 14 15 16 18 19 20 21 22 23 36 51 ) (13 32 ) 
(13 40 ) (13 48 ) (14 24 ) (14 33 ) (14 41 ) (14 49 ) (14 57 ) (14 15 16 17 67 ) (14 16 17 25 67 ) (16 26 ) 
(14 16 17 34 67 ) (16 35 ) (14 16 17 42 67 ) (16 17 43 ) (14 16 17 50 67 ) (16 17 51 ) (14 16 17 58 67 ) (16 59 ) (17 27 ) (17 36 ) 
(17 60 ) (18 28 ) (18 19 37 ) (23 39 ) (22 23 56 ) (23 66 ) (23 73 ) (22 31 ) (20 21 22 38 ) (22 47 ) 
(22 65 ) (22 72 ) (20 21 30 ) (21 46 ) (21 55 ) (21 64 ) (21 71 ) (20 45 ) (20 54 ) (20 63 ) 
(20 70 ) (18 29 37 ) (37 44 ) (18 37 53 ) (18 37 62 ) (18 37 69 ) (18 52 ) (18 61 ) (13 14 16 17 18 20 21 22 23 37 67 68 ) )