(() () () () () () (1 2 ) (2 3 ) (3 4 ) (4 5 ) 
(5 6 ) (1 2 ) (2 3 ) (3 5 ) (5 6 ) (1 2 ) (2 3 ) (3 4 ) (4 5 ) (5 6 ) 
(1 2 ) (2 3 ) (3 5 ) (5 6 ) (1 2 ) (2 3 ) (3 4 ) (4 5 ) (5 6 ) (1 2 ) 
(2 4 ) (4 5 ) (5 6 ) (1 2 ) (2 3 ) (3 4 ) (4 5 ) (5 6 ) (1 2 ) (2 4 ) 
(4 5 ) (5 6 ) (1 3 ) (3 5 ) (5 6 ) (1 5 ) (5 6 ) (1 2 ) (2 3 ) (3 4 ) 
(4 5 ) (5 6 ) (1 3 ) (3 5 ) (5 6 ) (1 2 ) (2 3 ) (3 4 ) (4 5 ) (5 6 ) 
(1 3 ) (3 4 ) (4 5 ) (5 6 ) (1 3 ) (3 4 ) (4 5 ) (5 6 ) (1 2 ) (2 3 ) 
(3 4 ) (4 5 ) (5 6 ) (7 12 ) (7 34 ) (7 39 ) (7 8 43 ) (11 15 ) (11 38 ) (11 42 ) 
(11 45 ) (11 47 ) (11 52 ) (11 55 ) (11 60 ) (11 64 ) (11 68 ) (11 73 ) (9 10 14 ) (10 37 ) 
(10 41 ) (9 10 44 ) (9 10 43 46 ) (10 51 ) (9 10 54 ) (10 59 ) (10 63 ) (10 67 ) (10 72 ) (9 36 ) 
(7 9 40 43 ) (9 50 ) (9 58 ) (9 62 ) (9 66 ) (9 71 ) (7 13 43 ) (7 35 43 ) (7 43 49 ) (43 53 ) 
(7 43 57 ) (43 61 ) (43 65 ) (7 43 70 ) (7 48 ) (7 56 ) (7 9 10 11 43 69 ) (7 12 ) (7 16 ) (7 21 ) 
(7 25 ) (7 30 ) (7 34 ) (7 39 ) (7 8 43 ) (11 15 ) (11 20 ) (11 24 ) (11 29 ) (11 33 ) 
(11 38 ) (11 42 ) (11 45 ) (11 47 ) (11 52 ) (11 55 ) (11 60 ) (11 64 ) (11 68 ) (11 73 ) 
(9 10 14 ) (10 19 ) (9 10 23 ) (10 28 ) (10 32 ) (10 37 ) (10 41 ) (9 10 44 ) (9 10 43 46 ) (10 51 ) 
(9 10 54 ) (10 59 ) (10 63 ) (10 67 ) (10 72 ) (9 18 ) (9 27 ) (7 9 31 43 ) (9 36 ) (7 9 40 43 ) 
(9 50 ) (9 58 ) (9 62 ) (9 66 ) (9 71 ) (7 13 43 ) (7 17 43 ) (7 22 43 ) (7 26 43 ) (7 35 43 ) 
(7 43 49 ) (43 53 ) (7 43 57 ) (43 61 ) (43 65 ) (7 43 70 ) (7 48 ) (7 56 ) (7 9 10 11 43 69 ) (7 12 ) 
(7 16 ) (7 21 ) (7 25 ) (7 30 ) (7 34 ) (7 39 ) (7 8 43 ) (11 15 ) (11 20 ) (11 24 ) 
(11 29 ) (11 33 ) (11 38 ) (11 42 ) (11 45 ) (11 47 ) (11 52 ) (11 55 ) (11 60 ) (11 64 ) 
(11 68 ) (11 73 ) (9 10 14 ) (10 19 ) (9 10 23 ) (10 28 ) (10 32 ) (10 37 ) (10 41 ) (9 10 44 ) 
(9 10 43 46 ) (10 51 ) (9 10 54 ) (10 59 ) (10 63 ) (10 67 ) (10 72 ) (9 18 ) (9 27 ) (7 9 31 43 ) 
(9 36 ) (7 9 40 43 ) (9 50 ) (9 58 ) (9 62 ) (9 66 ) (9 71 ) (7 13 43 ) (7 17 43 ) (7 22 43 ) 
(7 26 43 ) (7 35 43 ) (7 43 49 ) (43 53 ) (7 43 57 ) (43 61 ) (43 65 ) (7 43 70 ) (7 48 ) (7 56 ) 
(7 9 10 11 43 69 ) (7 16 ) (7 21 ) (7 25 ) (7 30 ) (7 34 ) (7 39 ) (7 8 9 10 46 ) (7 9 10 17 46 ) (9 18 ) 
(7 9 10 22 46 ) (9 10 23 ) (7 9 10 26 46 ) (9 27 ) (7 9 10 35 46 ) (9 36 ) (7 9 10 46 49 ) (9 50 ) (9 10 46 53 ) (9 10 54 ) 
(9 10 46 65 ) (9 66 ) (7 9 10 46 70 ) (9 71 ) (10 19 ) (10 28 ) (7 10 31 46 ) (10 32 ) (10 37 ) (7 10 40 46 ) 
(10 41 ) (10 51 ) (10 67 ) (10 72 ) (11 20 ) (11 24 ) (11 29 ) (11 33 ) (11 38 ) (11 42 ) 
(11 47 ) (11 52 ) (11 55 ) (11 68 ) (11 73 ) (7 48 ) (7 9 10 11 46 69 ) (7 12 ) (7 16 ) (7 25 ) 
(7 30 ) (7 34 ) (7 39 ) (7 8 43 ) (11 15 ) (11 20 ) (11 29 ) (11 33 ) (11 38 ) (11 42 ) 
(11 45 ) (11 47 ) (11 52 ) (11 55 ) (11 60 ) (11 64 ) (11 73 ) (9 10 14 ) (10 19 ) (10 28 ) 
(10 32 ) (10 37 ) (10 41 ) (9 10 44 ) (9 10 43 46 ) (10 51 ) (9 10 54 ) (10 59 ) (10 63 ) (10 72 ) 
(9 18 ) (9 27 ) (7 9 31 43 ) (9 36 ) (7 9 40 43 ) (9 50 ) (9 58 ) (9 62 ) (9 71 ) (7 13 43 ) 
(7 17 43 ) (7 26 43 ) (7 35 43 ) (7 43 49 ) (43 53 ) (7 43 57 ) (43 61 ) (7 43 70 ) (7 48 ) (7 56 ) 
(7 9 10 11 43 69 ) (7 16 ) (7 25 ) (7 30 ) (7 39 ) (7 48 ) (7 8 53 ) (11 20 ) (11 29 ) (11 33 ) 
(11 42 ) (11 52 ) (11 55 ) (11 68 ) (11 73 ) (10 19 ) (10 28 ) (10 32 ) (10 41 ) (10 51 ) 
(9 10 54 ) (10 67 ) (10 72 ) (9 18 ) (9 27 ) (7 9 31 53 ) (7 9 40 53 ) (9 50 ) (9 66 ) (9 71 ) 
(7 17 53 ) (7 26 53 ) (7 49 53 ) (53 65 ) (7 53 70 ) (7 9 10 11 53 69 ) (16 25 ) (16 39 ) (16 17 18 19 46 ) (16 18 19 26 46 ) 
(18 27 ) (16 18 19 46 49 ) (18 50 ) (18 19 46 53 ) (18 19 54 ) (16 18 19 46 57 ) (18 58 ) (19 28 ) (16 19 40 46 ) (19 41 ) 
(19 51 ) (19 59 ) (20 29 ) (20 42 ) (20 47 ) (20 52 ) (20 55 ) (20 60 ) (16 48 ) (16 18 19 20 46 56 ) 
(12 16 ) (12 25 ) (12 30 ) (12 13 14 46 ) (12 14 17 46 ) (14 18 19 ) (18 27 ) (14 18 28 ) (12 14 18 31 46 ) (14 18 32 ) 
(18 50 ) (14 18 51 ) (18 62 ) (14 18 63 ) (18 71 ) (14 18 72 ) (12 14 26 46 ) (12 14 46 49 ) (14 46 53 ) (14 54 ) 
(14 46 61 ) (12 14 46 70 ) (15 20 ) (15 29 ) (15 33 ) (15 47 ) (15 52 ) (15 55 ) (15 64 ) (15 73 ) 
(12 48 ) (12 14 15 18 46 69 ) (12 16 ) (12 21 ) (12 34 ) (12 13 43 ) (15 20 ) (15 24 ) (15 38 ) (15 45 ) 
(15 47 ) (15 52 ) (15 55 ) (15 68 ) (15 73 ) (14 18 19 ) (14 19 36 ) (19 37 ) (14 19 50 ) (19 51 ) 
(14 19 66 ) (19 67 ) (14 19 71 ) (19 72 ) (14 23 ) (14 44 ) (14 43 46 ) (14 54 ) (12 17 43 ) (12 22 43 ) 
(12 35 43 ) (12 43 49 ) (43 53 ) (43 65 ) (12 43 70 ) (12 48 ) (12 14 15 19 43 69 ) (7 12 ) (7 16 ) (7 21 ) 
(7 25 ) (7 30 ) (7 34 ) (7 39 ) (7 8 43 ) (11 15 ) (11 20 ) (11 24 ) (11 29 ) (11 33 ) 
(11 38 ) (11 42 ) (11 45 ) (11 47 ) (11 52 ) (11 55 ) (11 64 ) (11 68 ) (11 73 ) (9 10 14 ) 
(10 19 ) (9 10 23 ) (10 28 ) (10 32 ) (10 37 ) (10 41 ) (9 10 44 ) (9 10 43 46 ) (10 51 ) (9 10 54 ) 
(10 63 ) (10 67 ) (10 72 ) (9 18 ) (9 27 ) (7 9 31 43 ) (9 36 ) (7 9 40 43 ) (9 50 ) (9 62 ) 
(9 66 ) (9 71 ) (7 13 43 ) (7 17 43 ) (7 22 43 ) (7 26 43 ) (7 35 43 ) (7 43 49 ) (43 53 ) (43 61 ) 
(43 65 ) (7 43 70 ) (7 48 ) (7 9 10 11 43 69 ) (12 16 ) (12 21 ) (12 25 ) (12 30 ) (12 39 ) (12 13 43 ) 
(15 20 ) (15 24 ) (15 29 ) (15 33 ) (15 42 ) (15 45 ) (15 47 ) (15 52 ) (15 55 ) (15 60 ) 
(15 64 ) (15 68 ) (15 73 ) (14 18 19 ) (14 19 27 ) (19 28 ) (12 14 19 31 43 ) (19 32 ) (12 14 19 40 43 ) (19 41 ) 
(14 19 50 ) (19 51 ) (14 19 58 ) (19 59 ) (14 19 62 ) (19 63 ) (14 19 66 ) (19 67 ) (14 19 71 ) (19 72 ) 
(14 23 ) (14 44 ) (14 43 46 ) (14 54 ) (12 17 43 ) (12 22 43 ) (12 26 43 ) (12 43 49 ) (43 53 ) (12 43 57 ) 
(43 61 ) (43 65 ) (12 43 70 ) (12 48 ) (12 56 ) (12 14 15 19 43 69 ) (7 12 ) (7 16 ) (7 21 ) (7 30 ) 
(7 34 ) (7 39 ) (7 8 9 10 46 ) (7 9 10 13 46 ) (9 10 14 ) (7 9 10 17 46 ) (9 18 ) (7 9 10 22 46 ) (9 10 23 ) (7 9 10 35 46 ) 
(9 36 ) (7 9 10 46 49 ) (9 50 ) (9 10 46 53 ) (9 10 54 ) (7 9 10 46 57 ) (9 58 ) (9 10 46 61 ) (9 62 ) (9 10 46 65 ) 
(9 66 ) (7 9 10 46 70 ) (9 71 ) (10 19 ) (7 10 31 46 ) (10 32 ) (10 37 ) (7 10 40 46 ) (10 41 ) (10 51 ) 
(10 59 ) (10 63 ) (10 67 ) (10 72 ) (11 15 ) (11 20 ) (11 24 ) (11 33 ) (11 38 ) (11 42 ) 
(11 47 ) (11 52 ) (11 55 ) (11 60 ) (11 64 ) (11 68 ) (11 73 ) (7 48 ) (7 56 ) (7 9 10 11 46 69 ) 
(7 12 ) (7 16 ) (7 21 ) (7 25 ) (7 30 ) (7 34 ) (7 39 ) (7 8 43 ) (11 15 ) (11 20 ) 
(11 24 ) (11 29 ) (11 33 ) (11 38 ) (11 42 ) (11 45 ) (11 47 ) (11 52 ) (11 55 ) (11 60 ) 
(11 64 ) (11 68 ) (11 73 ) (9 10 14 ) (10 19 ) (9 10 23 ) (10 28 ) (10 32 ) (10 37 ) (10 41 ) 
(9 10 44 ) (9 10 43 46 ) (10 51 ) (9 10 54 ) (10 59 ) (10 63 ) (10 67 ) (10 72 ) (9 18 ) (9 27 ) 
(7 9 31 43 ) (9 36 ) (7 9 40 43 ) (9 50 ) (9 58 ) (9 62 ) (9 66 ) (9 71 ) (7 13 43 ) (7 17 43 ) 
(7 22 43 ) (7 26 43 ) (7 35 43 ) (7 43 49 ) (43 53 ) (7 43 57 ) (43 61 ) (43 65 ) (7 43 70 ) (7 48 ) 
(7 56 ) (7 9 10 11 43 69 ) )