(() () () () () () () () () () 
() () () () () () () () () () 
() (1 2 ) (2 3 ) (3 5 ) (5 6 ) (6 7 ) (7 9 ) (9 10 ) (10 12 ) (12 15 ) 
(15 16 ) (16 18 ) (18 20 ) (1 2 ) (2 3 ) (3 5 ) (5 6 ) (6 7 ) (7 8 ) (8 9 ) 
(9 10 ) (10 11 ) (11 12 ) (12 13 ) (13 14 ) (14 16 ) (16 18 ) (18 19 ) (19 20 ) (20 21 ) 
(1 2 ) (2 3 ) (3 4 ) (4 5 ) (5 6 ) (6 7 ) (7 8 ) (8 10 ) (10 11 ) (11 12 ) 
(12 13 ) (13 14 ) (14 15 ) (15 16 ) (16 17 ) (17 18 ) (18 19 ) (19 20 ) (20 21 ) (1 2 ) 
(2 3 ) (3 4 ) (4 6 ) (6 7 ) (7 8 ) (8 9 ) (9 10 ) (10 11 ) (11 12 ) (12 13 ) 
(13 14 ) (14 15 ) (15 16 ) (16 17 ) (17 18 ) (18 19 ) (19 20 ) (20 21 ) (1 2 ) (2 3 ) 
(3 5 ) (5 6 ) (6 7 ) (7 9 ) (9 10 ) (10 11 ) (11 12 ) (12 13 ) (13 14 ) (14 17 ) 
(17 18 ) (18 20 ) (20 21 ) (22 34 ) (22 51 ) (22 70 ) (22 89 ) (23 35 ) (23 52 ) (23 71 ) 
(23 90 ) (24 36 ) (24 53 54 ) (53 72 ) (24 25 53 73 ) (33 48 49 ) (33 49 67 ) (49 68 ) (33 49 86 ) (49 87 ) 
(50 69 ) (50 88 ) (50 103 ) (33 102 ) (32 47 ) (32 65 66 ) (32 66 84 ) (66 85 ) (30 31 32 44 45 66 100 ) (30 31 32 45 61 66 100 ) 
(45 62 ) (30 31 32 45 66 80 100 ) (45 81 ) (30 31 32 45 66 98 100 ) (45 99 ) (32 46 66 100 ) (31 32 63 66 100 ) (31 32 66 82 100 ) (66 101 ) (31 64 ) 
(31 83 ) (29 42 43 ) (29 43 59 ) (43 60 ) (29 43 78 ) (43 79 ) (29 43 96 ) (43 97 ) (28 41 ) (27 28 39 58 ) 
(28 40 58 ) (27 28 57 58 ) (27 28 58 75 ) (28 58 76 ) (28 77 ) (28 95 ) (27 94 ) (26 38 ) (26 56 ) (26 74 ) 
(26 93 ) (24 37 53 73 ) (24 53 55 73 ) (24 53 73 92 ) (22 23 24 26 27 28 29 30 31 32 33 43 45 49 50 53 58 66 73 91 100 ) (22 34 ) (22 51 ) (22 89 ) (23 35 ) (23 52 ) 
(23 90 ) (24 36 ) (24 53 54 ) (24 91 ) (25 37 ) (25 55 ) (25 92 ) (26 38 ) (26 56 ) (26 93 ) 
(27 39 40 ) (39 57 ) (27 28 39 58 ) (33 48 49 ) (33 49 67 ) (49 68 ) (50 69 ) (50 103 ) (33 102 ) (32 47 ) 
(32 65 66 ) (30 31 32 44 45 66 100 ) (30 31 32 45 61 66 100 ) (45 62 ) (30 31 32 45 66 98 100 ) (45 99 ) (32 46 66 100 ) (31 32 63 66 100 ) (66 101 ) (31 64 ) 
(29 42 43 ) (29 43 59 ) (43 60 ) (29 43 96 ) (43 97 ) (27 39 41 58 ) (27 39 58 95 ) (22 23 24 25 26 27 29 30 31 32 33 39 43 45 49 50 53 58 66 94 100 ) (22 51 ) (22 70 ) 
(22 89 ) (23 52 ) (23 71 ) (23 90 ) (24 53 54 ) (53 72 ) (24 25 53 73 ) (33 67 68 ) (33 68 86 ) (68 87 ) 
(69 88 ) (69 103 ) (33 102 ) (32 65 66 ) (32 66 84 ) (66 85 ) (30 31 32 61 62 66 100 ) (30 31 32 62 66 80 100 ) (62 81 ) (30 31 32 62 66 98 100 ) 
(62 99 ) (31 32 63 66 100 ) (31 32 66 82 100 ) (66 101 ) (31 64 ) (31 83 ) (29 59 60 ) (29 60 78 ) (60 79 ) (29 60 96 ) 
(60 97 ) (27 28 57 58 ) (27 28 58 75 ) (28 58 76 ) (28 77 ) (28 95 ) (27 94 ) (26 56 ) (26 74 ) (26 93 ) 
(24 53 55 73 ) (24 53 73 92 ) (22 23 24 26 27 28 29 30 31 32 33 53 58 60 62 66 68 69 73 91 100 ) (22 34 ) (22 70 ) (22 89 ) (23 35 ) (23 71 ) (23 90 ) (24 36 ) 
(24 25 72 73 ) (33 48 49 ) (33 49 86 ) (49 87 ) (50 88 ) (50 103 ) (33 102 ) (32 47 ) (32 84 85 ) (30 31 32 44 45 85 100 ) 
(30 31 32 45 80 85 100 ) (45 81 ) (30 31 32 45 85 98 100 ) (45 99 ) (32 46 85 100 ) (31 32 82 85 100 ) (85 101 ) (31 83 ) (29 42 43 ) (29 43 78 ) 
(43 79 ) (29 43 96 ) (43 97 ) (28 41 ) (28 77 ) (28 95 ) (27 39 40 ) (27 40 75 ) (40 76 ) (27 94 ) 
(26 38 ) (26 74 ) (26 93 ) (24 37 72 73 ) (24 72 73 92 ) (22 23 24 26 27 28 29 30 31 32 33 40 43 45 49 50 72 73 85 91 100 ) (51 70 ) (52 71 ) (53 72 ) (54 55 73 ) 
(56 74 ) (57 75 ) (58 76 77 ) (59 78 ) (60 79 ) (61 80 ) (62 81 ) (63 82 ) (64 83 ) (65 84 ) 
(66 85 ) (67 86 ) (68 87 ) (51 52 53 54 56 57 58 59 60 61 62 63 64 65 66 67 68 69 73 76 88 ) (22 34 ) (22 51 ) (22 89 ) (23 35 ) (23 52 ) (23 90 ) 
(24 36 ) (24 53 54 ) (24 91 ) (25 37 ) (25 55 ) (25 92 ) (26 38 ) (26 56 ) (26 93 ) (27 39 40 ) 
(39 57 ) (27 28 39 58 ) (33 48 49 ) (33 49 67 ) (49 68 ) (50 69 ) (50 103 ) (33 102 ) (32 47 ) (32 65 66 ) 
(30 31 32 44 45 66 100 ) (30 31 32 45 61 66 100 ) (45 62 ) (30 31 32 45 66 98 100 ) (45 99 ) (32 46 66 100 ) (31 32 63 66 100 ) (66 101 ) (31 64 ) (29 42 43 ) 
(29 43 59 ) (43 60 ) (29 43 96 ) (43 97 ) (27 39 41 58 ) (27 39 58 95 ) (22 23 24 25 26 27 29 30 31 32 33 39 43 45 49 50 53 58 66 94 100 ) (22 34 ) (22 51 ) (22 70 ) 
(22 89 ) (23 35 ) (23 52 ) (23 71 ) (23 90 ) (24 36 ) (24 53 54 ) (53 72 ) (24 25 53 73 ) (33 48 49 ) 
(33 49 67 ) (49 68 ) (33 49 86 ) (49 87 ) (50 69 ) (50 88 ) (50 103 ) (33 102 ) (32 47 ) (32 65 66 ) 
(32 66 84 ) (66 85 ) (30 31 32 44 45 66 100 ) (30 31 32 45 61 66 100 ) (45 62 ) (30 31 32 45 66 80 100 ) (45 81 ) (30 31 32 45 66 98 100 ) (45 99 ) (32 46 66 100 ) 
(31 32 63 66 100 ) (31 32 66 82 100 ) (66 101 ) (31 64 ) (31 83 ) (29 42 43 ) (29 43 59 ) (43 60 ) (29 43 78 ) (43 79 ) 
(29 43 96 ) (43 97 ) (28 41 ) (27 28 39 58 ) (28 40 58 ) (27 28 57 58 ) (27 28 58 75 ) (28 58 76 ) (28 77 ) (28 95 ) 
(27 94 ) (26 38 ) (26 56 ) (26 74 ) (26 93 ) (24 37 53 73 ) (24 53 55 73 ) (24 53 73 92 ) (22 23 24 26 27 28 29 30 31 32 33 43 45 49 50 53 58 66 73 91 100 ) (22 34 ) 
(22 51 ) (22 70 ) (22 89 ) (23 35 ) (23 52 ) (23 71 ) (23 90 ) (24 36 ) (24 53 54 ) (53 72 ) 
(24 25 53 73 ) (33 48 49 ) (33 49 67 ) (49 68 ) (33 49 86 ) (49 87 ) (50 69 ) (50 88 ) (50 103 ) (33 102 ) 
(32 47 ) (32 65 66 ) (32 66 84 ) (66 85 ) (30 31 32 44 45 66 100 ) (30 31 32 45 61 66 100 ) (45 62 ) (30 31 32 45 66 80 100 ) (45 81 ) (30 31 32 45 66 98 100 ) 
(45 99 ) (32 46 66 100 ) (31 32 63 66 100 ) (31 32 66 82 100 ) (66 101 ) (31 64 ) (31 83 ) (29 42 43 ) (29 43 59 ) (43 60 ) 
(29 43 78 ) (43 79 ) (29 43 96 ) (43 97 ) (28 41 ) (27 28 39 58 ) (28 40 58 ) (27 28 57 58 ) (27 28 58 75 ) (28 58 76 ) 
(28 77 ) (28 95 ) (27 94 ) (26 38 ) (26 56 ) (26 74 ) (26 93 ) (24 37 53 73 ) (24 53 55 73 ) (24 53 73 92 ) 
(22 23 24 26 27 28 29 30 31 32 33 43 45 49 50 53 58 66 73 91 100 ) (51 70 ) (51 89 ) (52 71 ) (52 90 ) (53 72 ) (53 54 91 ) (69 88 ) (69 103 ) (68 87 ) 
(67 68 102 ) (67 86 ) (66 85 ) (66 101 ) (65 84 ) (63 64 65 100 ) (64 83 ) (63 82 ) (62 81 ) (62 99 ) 
(61 80 ) (61 98 ) (60 79 ) (60 97 ) (59 78 ) (59 96 ) (58 76 77 ) (57 58 77 94 ) (77 95 ) (57 75 ) 
(56 74 ) (56 93 ) (53 55 73 91 ) (51 52 53 55 56 57 58 59 60 61 62 63 64 65 66 67 68 69 77 91 92 ) )