(() () () () () () () () () (1 2 ) 
(2 3 ) (3 4 ) (4 5 ) (5 6 ) (6 7 ) (7 8 ) (8 9 ) (1 2 ) (2 3 ) (3 4 ) 
(4 5 ) (5 6 ) (6 7 ) (7 8 ) (8 9 ) (1 2 ) (2 3 ) (3 5 ) (5 6 ) (6 8 ) 
(8 9 ) (1 2 ) (2 3 ) (3 5 ) (5 6 ) (6 8 ) (8 9 ) (1 4 ) (4 5 ) (5 7 ) 
(7 8 ) (8 9 ) (1 2 ) (2 3 ) (3 4 ) (4 5 ) (5 7 ) (7 8 ) (8 9 ) (1 2 ) 
(2 3 ) (3 5 ) (5 6 ) (6 7 ) (7 8 ) (8 9 ) (1 2 ) (2 3 ) (3 5 ) (5 6 ) 
(6 8 ) (8 9 ) (1 2 ) (2 3 ) (3 4 ) (4 5 ) (5 6 ) (6 7 ) (7 8 ) (8 9 ) 
(1 2 ) (2 3 ) (3 5 ) (5 6 ) (6 7 ) (7 9 ) (1 2 ) (2 3 ) (3 4 ) (4 5 ) 
(5 6 ) (6 7 ) (7 8 ) (8 9 ) (1 2 ) (2 3 ) (3 4 ) (4 5 ) (5 6 ) (6 7 ) 
(7 8 ) (8 9 ) (1 2 ) (2 3 ) (3 4 ) (4 5 ) (5 6 ) (6 7 ) (7 8 ) (8 9 ) 
(1 2 ) (2 3 ) (3 4 ) (4 5 ) (5 7 ) (7 9 ) (1 2 ) (2 3 ) (3 4 ) (4 5 ) 
(5 6 ) (6 7 ) (7 8 ) (8 9 ) (26 27 28 38 39 ) (26 28 38 39 44 ) (28 39 45 ) (26 28 38 39 51 ) (28 52 ) (26 28 38 39 58 ) 
(28 59 ) (26 28 38 39 64 ) (28 39 65 ) (26 28 38 39 86 ) (28 39 87 ) (26 28 38 39 102 ) (28 39 103 ) (26 28 38 39 108 ) (28 39 109 ) (31 42 ) 
(31 49 ) (31 56 ) (31 62 ) (31 70 ) (31 92 ) (29 30 31 40 106 ) (31 41 106 ) (29 30 31 47 106 ) (31 48 106 ) (30 31 54 106 ) 
(31 55 106 ) (30 31 68 106 ) (31 69 106 ) (30 31 90 106 ) (31 91 106 ) (29 30 31 105 106 ) (30 31 106 112 ) (31 106 113 ) (31 114 ) (30 61 ) 
(29 53 ) (29 60 ) (29 67 ) (29 89 ) (29 111 ) (39 46 ) (39 66 ) (39 88 ) (39 104 ) (39 110 ) 
(26 43 ) (26 50 ) (26 57 ) (26 63 ) (26 85 ) (26 101 ) (26 28 29 30 31 38 39 106 107 ) (10 18 ) (10 32 ) (10 11 12 38 ) 
(10 12 19 38 ) (12 20 ) (10 12 33 38 ) (12 13 34 ) (17 25 ) (17 37 ) (17 42 ) (17 49 ) (17 56 ) (17 62 ) 
(17 70 ) (16 17 76 ) (17 84 ) (17 92 ) (16 17 106 ) (16 24 ) (15 16 36 ) (16 41 ) (16 48 ) (16 55 ) 
(15 16 61 ) (16 69 ) (16 83 ) (16 91 ) (15 23 ) (14 15 40 ) (14 15 47 ) (15 54 ) (15 68 ) (15 75 ) 
(15 82 ) (15 90 ) (14 15 105 ) (14 22 ) (14 35 ) (14 53 ) (14 60 ) (14 67 ) (14 74 ) (14 81 ) 
(14 89 ) (12 21 34 ) (12 34 39 ) (12 34 46 ) (34 52 ) (34 59 ) (12 34 66 ) (34 73 ) (12 34 80 ) (12 34 88 ) 
(12 34 104 ) (10 12 38 44 ) (12 45 ) (10 12 38 51 ) (10 12 38 58 ) (10 12 38 64 ) (12 65 ) (10 12 38 72 ) (10 12 38 78 ) (12 79 ) 
(10 12 38 86 ) (12 87 ) (10 12 38 102 ) (12 103 ) (10 43 ) (10 50 ) (10 57 ) (10 63 ) (10 71 ) (10 77 ) 
(10 85 ) (10 12 14 15 16 17 34 38 101 ) (10 18 ) (10 32 ) (10 11 12 38 ) (10 12 19 38 ) (12 20 ) (10 12 33 38 ) (12 13 34 ) (17 25 ) 
(17 37 ) (17 42 ) (17 49 ) (17 56 ) (17 62 ) (17 70 ) (16 17 76 ) (17 84 ) (17 92 ) (17 100 ) 
(16 17 106 ) (17 114 ) (16 24 ) (15 16 36 ) (16 41 ) (16 48 ) (16 55 ) (15 16 61 ) (16 69 ) (16 83 ) 
(16 91 ) (16 99 ) (16 113 ) (15 23 ) (14 15 40 ) (14 15 47 ) (15 54 ) (15 68 ) (15 75 ) (15 82 ) 
(15 90 ) (15 98 ) (14 15 105 ) (15 112 ) (14 22 ) (14 35 ) (14 53 ) (14 60 ) (14 67 ) (14 74 ) 
(14 81 ) (14 89 ) (14 97 ) (14 111 ) (12 21 34 ) (12 34 39 ) (12 34 46 ) (34 52 ) (34 59 ) (12 34 66 ) 
(34 73 ) (12 34 80 ) (12 34 88 ) (12 34 96 ) (12 34 104 ) (12 34 110 ) (10 12 38 44 ) (12 45 ) (10 12 38 51 ) (10 12 38 58 ) 
(10 12 38 64 ) (12 65 ) (10 12 38 72 ) (10 12 38 78 ) (12 79 ) (10 12 38 86 ) (12 87 ) (10 12 38 94 ) (12 95 ) (10 12 38 102 ) 
(12 103 ) (10 12 38 108 ) (12 109 ) (10 43 ) (10 50 ) (10 57 ) (10 63 ) (10 71 ) (10 77 ) (10 85 ) 
(10 93 ) (10 101 ) (10 12 14 15 16 17 34 38 107 ) (10 18 ) (10 26 ) (10 32 ) (10 11 12 38 ) (10 12 19 38 ) (12 20 ) (10 12 27 38 ) 
(12 13 28 ) (17 25 ) (17 31 ) (17 37 ) (17 42 ) (17 49 ) (17 56 ) (17 62 ) (17 70 ) (16 17 76 ) 
(17 84 ) (17 92 ) (16 17 106 ) (17 114 ) (16 24 ) (15 16 30 ) (15 16 36 ) (16 41 ) (16 48 ) (16 55 ) 
(15 16 61 ) (16 69 ) (16 83 ) (16 91 ) (16 113 ) (15 23 ) (14 15 40 ) (14 15 47 ) (15 54 ) (15 68 ) 
(15 75 ) (15 82 ) (15 90 ) (14 15 105 ) (15 112 ) (14 22 ) (14 29 ) (14 35 ) (14 53 ) (14 60 ) 
(14 67 ) (14 74 ) (14 81 ) (14 89 ) (14 111 ) (12 21 28 ) (28 34 ) (12 28 39 ) (12 28 46 ) (28 52 ) 
(28 59 ) (12 28 66 ) (28 73 ) (12 28 80 ) (12 28 88 ) (12 28 104 ) (12 28 110 ) (10 12 33 38 ) (10 12 38 44 ) (12 45 ) 
(10 12 38 51 ) (10 12 38 58 ) (10 12 38 64 ) (12 65 ) (10 12 38 72 ) (10 12 38 78 ) (12 79 ) (10 12 38 86 ) (12 87 ) (10 12 38 102 ) 
(12 103 ) (10 12 38 108 ) (12 109 ) (10 43 ) (10 50 ) (10 57 ) (10 63 ) (10 71 ) (10 77 ) (10 85 ) 
(10 101 ) (10 12 14 15 16 17 28 38 107 ) (10 18 ) (10 26 ) (10 11 12 38 ) (10 12 19 38 ) (12 20 ) (10 12 27 38 ) (12 13 28 ) (17 25 ) 
(17 31 ) (17 42 ) (17 56 ) (17 62 ) (16 17 76 ) (17 84 ) (17 92 ) (17 100 ) (16 17 106 ) (17 114 ) 
(16 24 ) (15 16 30 ) (16 41 ) (16 55 ) (15 16 61 ) (16 83 ) (16 91 ) (16 99 ) (16 113 ) (15 23 ) 
(14 15 40 ) (15 54 ) (15 75 ) (15 82 ) (15 90 ) (15 98 ) (14 15 105 ) (15 112 ) (14 22 ) (14 29 ) 
(14 53 ) (14 60 ) (14 74 ) (14 81 ) (14 89 ) (14 97 ) (14 111 ) (12 21 28 ) (12 28 39 ) (28 52 ) 
(28 59 ) (28 73 ) (12 28 80 ) (12 28 88 ) (12 28 96 ) (12 28 104 ) (12 28 110 ) (10 12 38 51 ) (10 12 38 58 ) (10 12 38 72 ) 
(10 12 38 78 ) (12 79 ) (10 12 38 86 ) (12 87 ) (10 12 38 94 ) (12 95 ) (10 12 38 102 ) (12 103 ) (10 12 38 108 ) (12 109 ) 
(10 50 ) (10 57 ) (10 71 ) (10 77 ) (10 85 ) (10 93 ) (10 101 ) (10 12 14 15 16 17 28 38 107 ) (10 18 ) (10 26 ) 
(10 32 ) (10 43 ) (10 50 ) (10 57 ) (10 63 ) (10 71 ) (10 85 ) (10 101 ) (11 19 ) (11 27 ) 
(11 33 ) (11 44 ) (11 51 ) (11 58 ) (11 64 ) (11 72 ) (11 86 ) (11 102 ) (12 20 ) (12 13 28 ) 
(17 25 ) (17 31 ) (17 37 ) (17 49 ) (17 56 ) (17 62 ) (17 70 ) (16 17 76 ) (17 92 ) (16 17 106 ) 
(16 24 ) (15 16 30 ) (15 16 36 ) (16 48 ) (16 55 ) (15 16 61 ) (16 69 ) (16 91 ) (15 23 ) (14 15 47 ) 
(15 54 ) (15 68 ) (15 75 ) (15 90 ) (14 15 105 ) (14 22 ) (14 29 ) (14 35 ) (14 53 ) (14 60 ) 
(14 67 ) (14 74 ) (14 89 ) (12 21 28 ) (28 34 ) (12 28 46 ) (28 52 ) (28 59 ) (12 28 66 ) (28 73 ) 
(12 28 88 ) (12 28 104 ) (12 45 ) (12 65 ) (12 87 ) (10 11 12 14 15 16 17 28 103 ) (10 18 ) (10 26 ) (10 32 ) (10 11 12 38 ) 
(10 12 19 38 ) (12 20 ) (10 12 27 38 ) (12 13 28 ) (17 25 ) (17 31 ) (17 37 ) (17 42 ) (17 49 ) (17 56 ) 
(17 62 ) (17 70 ) (16 17 76 ) (17 84 ) (17 92 ) (17 100 ) (16 17 106 ) (16 24 ) (15 16 30 ) (15 16 36 ) 
(16 41 ) (16 48 ) (16 55 ) (15 16 61 ) (16 69 ) (16 83 ) (16 91 ) (16 99 ) (15 23 ) (14 15 40 ) 
(14 15 47 ) (15 54 ) (15 68 ) (15 75 ) (15 82 ) (15 90 ) (15 98 ) (14 15 105 ) (14 22 ) (14 29 ) 
(14 35 ) (14 53 ) (14 60 ) (14 67 ) (14 74 ) (14 81 ) (14 89 ) (14 97 ) (12 21 28 ) (28 34 ) 
(12 28 39 ) (12 28 46 ) (28 52 ) (28 59 ) (12 28 66 ) (28 73 ) (12 28 80 ) (12 28 88 ) (12 28 96 ) (12 28 104 ) 
(10 12 33 38 ) (10 12 38 44 ) (12 45 ) (10 12 38 51 ) (10 12 38 58 ) (10 12 38 64 ) (12 65 ) (10 12 38 72 ) (10 12 38 78 ) (12 79 ) 
(10 12 38 86 ) (12 87 ) (10 12 38 94 ) (12 95 ) (10 12 38 102 ) (12 103 ) (10 43 ) (10 50 ) (10 57 ) (10 63 ) 
(10 71 ) (10 77 ) (10 85 ) (10 93 ) (10 12 14 15 16 17 28 38 101 ) (10 18 ) (10 26 ) (10 32 ) (10 11 12 38 ) (10 12 19 38 ) 
(12 20 ) (10 12 27 38 ) (12 13 28 ) (17 25 ) (17 31 ) (17 37 ) (17 42 ) (17 49 ) (17 56 ) (17 62 ) 
(17 70 ) (16 17 76 ) (17 84 ) (17 92 ) (17 114 ) (16 24 ) (15 16 30 ) (15 16 36 ) (16 41 ) (16 48 ) 
(16 55 ) (15 16 61 ) (16 69 ) (16 83 ) (16 91 ) (16 113 ) (15 23 ) (14 15 40 ) (14 15 47 ) (15 54 ) 
(15 68 ) (15 75 ) (15 82 ) (15 90 ) (15 112 ) (14 22 ) (14 29 ) (14 35 ) (14 53 ) (14 60 ) 
(14 67 ) (14 74 ) (14 81 ) (14 89 ) (14 111 ) (12 21 28 ) (28 34 ) (12 28 39 ) (12 28 46 ) (28 52 ) 
(28 59 ) (12 28 66 ) (28 73 ) (12 28 80 ) (12 28 88 ) (12 28 110 ) (10 12 33 38 ) (10 12 38 44 ) (12 45 ) (10 12 38 51 ) 
(10 12 38 58 ) (10 12 38 64 ) (12 65 ) (10 12 38 72 ) (10 12 38 78 ) (12 79 ) (10 12 38 86 ) (12 87 ) (10 12 38 108 ) (12 109 ) 
(10 43 ) (10 50 ) (10 57 ) (10 63 ) (10 71 ) (10 77 ) (10 85 ) (10 12 14 15 16 17 28 38 107 ) (10 18 ) (10 26 ) 
(10 32 ) (10 11 12 38 ) (10 12 19 38 ) (12 20 ) (10 12 27 38 ) (12 13 28 ) (17 25 ) (17 31 ) (17 37 ) (17 42 ) 
(17 49 ) (17 56 ) (17 62 ) (17 70 ) (16 17 76 ) (16 17 106 ) (16 24 ) (15 16 30 ) (15 16 36 ) (16 41 ) 
(16 48 ) (16 55 ) (15 16 61 ) (16 69 ) (15 23 ) (14 15 40 ) (14 15 47 ) (15 54 ) (15 68 ) (15 75 ) 
(14 15 105 ) (14 22 ) (14 29 ) (14 35 ) (14 53 ) (14 60 ) (14 67 ) (14 74 ) (12 21 28 ) (28 34 ) 
(12 28 39 ) (12 28 46 ) (28 52 ) (28 59 ) (12 28 66 ) (28 73 ) (12 28 104 ) (10 12 33 38 ) (10 12 38 44 ) (12 45 ) 
(10 12 38 51 ) (10 12 38 58 ) (10 12 38 64 ) (12 65 ) (10 12 38 72 ) (10 12 38 102 ) (12 103 ) (10 43 ) (10 50 ) (10 57 ) 
(10 63 ) (10 71 ) (10 12 14 15 16 17 28 38 101 ) (18 32 ) (18 19 20 38 ) (18 20 33 38 ) (20 21 34 ) (25 37 ) (25 42 ) (25 56 ) 
(25 62 ) (25 70 ) (24 25 76 ) (25 92 ) (25 100 ) (24 25 106 ) (23 24 36 ) (24 41 ) (24 55 ) (23 24 61 ) 
(24 69 ) (24 91 ) (24 99 ) (22 23 40 ) (23 54 ) (23 68 ) (23 75 ) (23 90 ) (23 98 ) (22 23 105 ) 
(22 35 ) (22 53 ) (22 60 ) (22 67 ) (22 74 ) (22 89 ) (22 97 ) (20 34 39 ) (34 52 ) (34 59 ) 
(20 34 66 ) (34 73 ) (20 34 88 ) (20 34 96 ) (20 34 104 ) (18 20 38 51 ) (18 20 38 58 ) (18 20 38 64 ) (20 65 ) (18 20 38 72 ) 
(18 20 38 86 ) (20 87 ) (18 20 38 94 ) (20 95 ) (18 20 38 102 ) (20 103 ) (18 50 ) (18 57 ) (18 63 ) (18 71 ) 
(18 85 ) (18 93 ) (18 20 22 23 24 25 34 38 101 ) (10 26 ) (10 11 12 38 ) (10 12 27 38 ) (12 13 28 ) (17 31 ) (17 42 ) (17 49 ) 
(17 56 ) (17 62 ) (17 70 ) (16 17 76 ) (17 84 ) (17 92 ) (17 100 ) (16 17 106 ) (17 114 ) (15 16 30 ) 
(16 41 ) (16 48 ) (16 55 ) (15 16 61 ) (16 69 ) (16 83 ) (16 91 ) (16 99 ) (16 113 ) (14 15 40 ) 
(14 15 47 ) (15 54 ) (15 68 ) (15 75 ) (15 82 ) (15 90 ) (15 98 ) (14 15 105 ) (15 112 ) (14 29 ) 
(14 53 ) (14 60 ) (14 67 ) (14 74 ) (14 81 ) (14 89 ) (14 97 ) (14 111 ) (12 28 39 ) (12 28 46 ) 
(28 52 ) (28 59 ) (12 28 66 ) (28 73 ) (12 28 80 ) (12 28 88 ) (12 28 96 ) (12 28 104 ) (12 28 110 ) (10 12 38 44 ) 
(12 45 ) (10 12 38 51 ) (10 12 38 58 ) (10 12 38 64 ) (12 65 ) (10 12 38 72 ) (10 12 38 78 ) (12 79 ) (10 12 38 86 ) (12 87 ) 
(10 12 38 94 ) (12 95 ) (10 12 38 102 ) (12 103 ) (10 12 38 108 ) (12 109 ) (10 43 ) (10 50 ) (10 57 ) (10 63 ) 
(10 71 ) (10 77 ) (10 85 ) (10 93 ) (10 101 ) (10 12 14 15 16 17 28 38 107 ) )