(() () () () () () () (1 3 ) (3 4 ) (4 5 ) 
(5 6 ) (6 7 ) (3 4 ) (4 5 ) (5 6 ) (6 7 ) (1 2 ) (2 3 ) (3 4 ) (4 7 ) 
(2 3 ) (3 4 ) (4 5 ) (5 7 ) (1 2 ) (2 3 ) (3 4 ) (4 5 ) (5 6 ) (6 7 ) 
(3 4 ) (4 6 ) (3 4 ) (4 5 ) (5 7 ) (1 2 ) (2 3 ) (3 4 ) (4 5 ) (5 6 ) 
(6 7 ) (1 3 ) (3 4 ) (4 5 ) (5 7 ) (1 2 ) (2 3 ) (3 4 ) (4 5 ) (5 7 ) 
(17 25 ) (17 36 ) (17 18 42 ) (20 23 24 ) (20 24 28 ) (24 29 30 ) (20 24 29 32 ) (29 40 ) (24 29 41 ) (20 24 39 ) 
(20 24 44 ) (24 45 ) (20 24 49 ) (24 50 ) (19 22 ) (19 27 ) (19 31 ) (19 38 ) (19 43 ) (19 48 ) 
(17 21 42 ) (17 26 42 ) (17 37 42 ) (17 42 47 ) (17 19 20 24 29 42 46 ) (8 17 18 ) (8 17 21 ) (17 25 ) (8 17 26 ) (17 36 ) 
(8 17 37 ) (17 46 ) (8 17 47 ) (9 13 ) (9 19 ) (9 22 ) (9 27 ) (9 31 ) (9 33 ) (9 38 ) 
(9 48 ) (10 14 ) (10 11 12 20 ) (10 12 15 20 ) (12 16 ) (10 12 20 29 ) (12 30 ) (12 20 32 ) (10 12 20 40 ) (12 41 ) 
(10 20 24 ) (10 20 35 ) (10 20 50 ) (10 23 ) (10 28 ) (10 34 ) (10 39 ) (8 9 10 12 17 20 49 ) (8 17 18 ) (8 17 21 ) 
(17 25 ) (8 17 26 ) (17 36 ) (8 17 37 ) (17 46 ) (8 17 47 ) (8 42 ) (9 13 ) (9 19 ) (9 22 ) 
(9 27 ) (9 31 ) (9 33 ) (9 38 ) (9 43 ) (9 48 ) (10 14 ) (10 11 12 20 ) (10 12 15 20 ) (12 16 ) 
(10 12 20 29 ) (12 30 ) (12 20 32 ) (10 12 20 40 ) (12 41 ) (10 20 24 ) (10 20 35 ) (10 20 45 ) (10 20 50 ) (10 23 ) 
(10 28 ) (10 34 ) (10 39 ) (10 44 ) (8 9 10 12 17 20 49 ) (8 17 18 ) (8 17 21 ) (17 25 ) (8 17 26 ) (17 36 ) 
(8 17 37 ) (17 46 ) (8 17 47 ) (8 42 ) (9 13 ) (9 19 ) (9 22 ) (9 27 ) (9 31 ) (9 33 ) 
(9 38 ) (9 43 ) (9 48 ) (10 14 ) (10 11 12 20 ) (10 12 15 20 ) (12 16 ) (10 12 20 29 ) (12 30 ) (12 20 32 ) 
(10 12 20 40 ) (12 41 ) (10 20 24 ) (10 20 35 ) (10 20 45 ) (10 20 50 ) (10 23 ) (10 28 ) (10 34 ) (10 39 ) 
(10 44 ) (8 9 10 12 17 20 49 ) (8 17 18 ) (8 17 21 ) (17 25 ) (8 17 26 ) (17 36 ) (8 17 37 ) (17 46 ) (8 17 47 ) 
(8 42 ) (9 13 ) (9 19 ) (9 22 ) (9 27 ) (9 31 ) (9 33 ) (9 38 ) (9 43 ) (9 48 ) 
(10 14 ) (10 11 12 20 ) (10 12 15 20 ) (12 16 ) (10 12 20 29 ) (12 30 ) (12 20 32 ) (10 12 20 40 ) (12 41 ) (10 20 24 ) 
(10 20 35 ) (10 20 45 ) (10 20 50 ) (10 23 ) (10 28 ) (10 34 ) (10 39 ) (10 44 ) (8 9 10 12 17 20 49 ) (8 17 18 ) 
(8 17 21 ) (17 25 ) (8 17 26 ) (17 36 ) (8 17 37 ) (17 46 ) (8 17 47 ) (8 42 ) (9 13 ) (9 19 ) 
(9 22 ) (9 27 ) (9 31 ) (9 33 ) (9 38 ) (9 43 ) (9 48 ) (10 14 ) (10 11 12 20 ) (10 12 15 20 ) 
(12 16 ) (10 12 20 29 ) (12 30 ) (12 20 32 ) (10 12 20 40 ) (12 41 ) (10 20 24 ) (10 20 35 ) (10 20 45 ) (10 20 50 ) 
(10 23 ) (10 28 ) (10 34 ) (10 39 ) (10 44 ) (8 9 10 12 17 20 49 ) (8 17 18 ) (8 17 21 ) (17 25 ) (8 17 26 ) 
(17 36 ) (8 17 37 ) (17 46 ) (8 17 47 ) (8 42 ) (9 13 ) (9 19 ) (9 22 ) (9 27 ) (9 31 ) 
(9 38 ) (9 43 ) (9 48 ) (10 14 ) (10 11 12 20 ) (10 12 15 20 ) (12 16 ) (10 12 20 29 ) (12 30 ) (12 20 32 ) 
(10 12 20 40 ) (12 41 ) (10 20 24 ) (10 20 45 ) (10 20 50 ) (10 23 ) (10 28 ) (10 39 ) (10 44 ) (8 9 10 12 17 20 49 ) 
(8 21 25 ) (8 25 26 ) (25 36 ) (8 25 37 ) (25 46 ) (8 25 47 ) (8 42 ) (9 13 ) (9 22 ) (9 27 ) 
(9 31 ) (9 33 ) (9 38 ) (9 43 ) (9 48 ) (10 14 ) (10 23 ) (10 28 ) (10 11 32 ) (12 16 ) 
(10 12 24 32 ) (12 30 ) (10 12 32 35 ) (12 41 ) (10 12 32 45 ) (10 12 32 50 ) (10 15 32 ) (10 29 32 ) (10 32 40 ) (10 34 ) 
(10 39 ) (10 44 ) (8 9 10 12 25 32 49 ) (25 36 ) (25 46 ) (21 26 ) (21 37 ) (21 47 ) (13 22 ) (13 27 ) 
(13 31 ) (13 38 ) (13 48 ) (14 23 ) (14 28 ) (14 15 32 ) (14 16 24 32 ) (16 30 ) (16 41 ) (14 16 32 50 ) 
(14 29 32 ) (14 32 40 ) (14 39 ) (13 14 16 21 25 32 49 ) (8 17 18 ) (8 17 21 ) (17 25 ) (8 17 26 ) (17 36 ) (8 17 37 ) 
(8 42 ) (9 13 ) (9 19 ) (9 22 ) (9 27 ) (9 31 ) (9 33 ) (9 38 ) (9 43 ) (10 14 ) 
(10 11 12 20 ) (10 12 15 20 ) (12 16 ) (10 12 20 29 ) (12 30 ) (12 20 32 ) (10 12 20 40 ) (12 41 ) (10 20 24 ) (10 20 35 ) 
(10 20 45 ) (10 23 ) (10 28 ) (10 34 ) (10 39 ) (8 9 10 12 17 20 44 ) (8 21 25 ) (8 25 26 ) (25 36 ) (8 25 37 ) 
(25 46 ) (8 25 47 ) (9 13 ) (9 22 ) (9 27 ) (9 31 ) (9 38 ) (9 48 ) (10 14 ) (10 23 ) 
(10 28 ) (10 11 32 ) (12 16 ) (10 12 24 32 ) (12 30 ) (12 41 ) (10 12 32 50 ) (10 15 32 ) (10 29 32 ) (10 32 40 ) 
(10 39 ) (8 9 10 12 25 32 49 ) (8 17 18 ) (8 17 21 ) (17 25 ) (8 17 26 ) (17 36 ) (8 17 37 ) (17 46 ) (8 17 47 ) 
(8 42 ) (9 13 ) (9 19 ) (9 22 ) (9 27 ) (9 31 ) (9 33 ) (9 38 ) (9 43 ) (9 48 ) 
(10 14 ) (10 11 12 20 ) (10 12 15 20 ) (12 16 ) (10 12 20 29 ) (12 30 ) (12 20 32 ) (10 12 20 40 ) (12 41 ) (10 20 24 ) 
(10 20 35 ) (10 20 45 ) (10 20 50 ) (10 23 ) (10 28 ) (10 34 ) (10 39 ) (10 44 ) (8 9 10 12 17 20 49 ) (17 25 ) 
(17 36 ) (17 18 42 ) (18 21 ) (18 26 ) (18 37 ) (13 19 ) (13 22 ) (13 27 ) (13 38 ) (13 43 ) 
(14 15 16 20 ) (14 16 20 29 ) (16 30 ) (14 16 20 40 ) (16 41 ) (14 20 24 ) (14 20 45 ) (14 23 ) (14 28 ) (14 39 ) 
(13 14 16 17 18 20 44 ) (8 21 25 ) (8 25 26 ) (25 36 ) (8 25 37 ) (25 46 ) (8 25 47 ) (9 13 ) (9 22 ) (9 27 ) 
(9 31 ) (9 33 ) (9 38 ) (9 48 ) (10 14 ) (10 23 ) (10 28 ) (10 11 32 ) (12 16 ) (10 12 24 32 ) 
(12 30 ) (10 12 32 35 ) (12 41 ) (10 12 32 50 ) (10 15 32 ) (10 29 32 ) (10 32 40 ) (10 34 ) (10 39 ) (8 9 10 12 25 32 49 ) 
(8 17 18 ) (8 17 21 ) (17 25 ) (8 17 26 ) (17 36 ) (8 17 37 ) (17 46 ) (8 17 47 ) (8 42 ) (9 13 ) 
(9 19 ) (9 22 ) (9 27 ) (9 31 ) (9 33 ) (9 38 ) (9 43 ) (9 48 ) (10 14 ) (10 11 12 20 ) 
(10 12 15 20 ) (12 16 ) (10 12 20 29 ) (12 30 ) (12 20 32 ) (10 12 20 40 ) (12 41 ) (10 20 24 ) (10 20 35 ) (10 20 45 ) 
(10 20 50 ) (10 23 ) (10 28 ) (10 34 ) (10 39 ) (10 44 ) (8 9 10 12 17 20 49 ) (8 17 18 ) (8 17 21 ) (17 25 ) 
(8 17 26 ) (17 36 ) (8 17 37 ) (17 46 ) (8 17 47 ) (8 42 ) (9 13 ) (9 19 ) (9 22 ) (9 27 ) 
(9 31 ) (9 33 ) (9 38 ) (9 43 ) (9 48 ) (10 14 ) (10 11 12 20 ) (10 12 15 20 ) (12 16 ) (10 12 20 29 ) 
(12 30 ) (12 20 32 ) (10 12 20 40 ) (12 41 ) (10 20 24 ) (10 20 35 ) (10 20 45 ) (10 20 50 ) (10 23 ) (10 28 ) 
(10 34 ) (10 39 ) (10 44 ) (8 9 10 12 17 20 49 ) (8 17 18 ) (8 17 21 ) (17 25 ) (8 17 26 ) (17 36 ) (8 17 37 ) 
(17 46 ) (8 17 47 ) (8 42 ) (9 13 ) (9 19 ) (9 22 ) (9 27 ) (9 31 ) (9 33 ) (9 38 ) 
(9 43 ) (9 48 ) (10 14 ) (10 11 12 20 ) (10 12 15 20 ) (12 16 ) (10 12 20 29 ) (12 30 ) (12 20 32 ) (10 12 20 40 ) 
(12 41 ) (10 20 24 ) (10 20 35 ) (10 20 45 ) (10 20 50 ) (10 23 ) (10 28 ) (10 34 ) (10 39 ) (10 44 ) 
(8 9 10 12 17 20 49 ) (8 21 25 ) (8 25 26 ) (25 36 ) (8 25 37 ) (25 46 ) (8 25 47 ) (8 42 ) (9 13 ) (9 22 ) 
(9 27 ) (9 31 ) (9 33 ) (9 38 ) (9 43 ) (9 48 ) (10 14 ) (10 23 ) (10 28 ) (10 11 32 ) 
(12 16 ) (10 12 24 32 ) (12 30 ) (10 12 32 35 ) (12 41 ) (10 12 32 45 ) (10 12 32 50 ) (10 15 32 ) (10 29 32 ) (10 32 40 ) 
(10 34 ) (10 39 ) (10 44 ) (8 9 10 12 25 32 49 ) )