(() () () () () () () () (1 2 ) (2 3 ) 
(3 4 ) (4 5 ) (5 6 ) (6 7 ) (7 8 ) (1 2 ) (2 3 ) (3 4 ) (4 5 ) (5 6 ) 
(6 7 ) (7 8 ) (1 2 ) (2 3 ) (3 4 ) (4 5 ) (5 6 ) (6 7 ) (7 8 ) (1 2 ) 
(2 3 ) (3 4 ) (4 5 ) (5 6 ) (6 7 ) (7 8 ) (1 2 ) (2 3 ) (3 4 ) (4 6 ) 
(6 7 ) (7 8 ) (1 2 ) (2 3 ) (3 5 ) (5 6 ) (6 7 ) (7 8 ) (1 2 ) (2 3 ) 
(3 4 ) (4 5 ) (5 6 ) (6 7 ) (7 8 ) (1 2 ) (2 3 ) (3 4 ) (4 5 ) (5 7 ) 
(7 8 ) (9 16 ) (9 23 ) (9 37 ) (9 43 ) (9 49 ) (9 56 ) (10 17 ) (10 24 ) (10 38 ) 
(10 44 ) (10 50 ) (10 57 ) (11 18 ) (11 25 ) (11 39 ) (11 12 45 ) (15 22 ) (15 29 ) (15 42 ) 
(15 48 ) (15 55 ) (15 61 ) (14 21 ) (14 28 ) (14 41 ) (14 47 ) (14 54 ) (13 14 60 ) (13 20 ) 
(13 27 ) (11 13 40 45 ) (13 46 ) (13 53 ) (11 19 45 ) (11 26 45 ) (11 45 52 ) (11 45 59 ) (11 51 ) (9 10 11 13 14 15 45 58 ) 
(16 23 ) (16 30 ) (16 37 ) (16 43 ) (16 49 ) (16 56 ) (17 24 ) (17 31 ) (17 38 ) (17 44 ) 
(17 50 ) (17 57 ) (18 25 ) (18 32 ) (18 39 ) (18 19 45 ) (22 29 ) (22 36 ) (22 42 ) (22 48 ) 
(22 55 ) (22 61 ) (21 28 ) (21 35 ) (21 41 ) (21 47 ) (21 54 ) (20 21 60 ) (20 27 ) (20 34 ) 
(18 20 40 45 ) (20 46 ) (20 53 ) (18 26 45 ) (18 33 45 ) (18 45 52 ) (18 45 59 ) (18 51 ) (16 17 18 20 21 22 45 58 ) (9 16 ) 
(9 30 ) (9 37 ) (9 43 ) (9 49 ) (9 56 ) (10 17 ) (10 31 ) (10 38 ) (10 44 ) (10 50 ) 
(10 57 ) (11 18 ) (11 32 ) (11 39 ) (11 12 45 ) (15 22 ) (15 36 ) (15 42 ) (15 48 ) (15 55 ) 
(15 61 ) (14 21 ) (14 35 ) (14 41 ) (14 47 ) (14 54 ) (13 14 60 ) (13 20 ) (13 34 ) (11 13 40 45 ) 
(13 46 ) (13 53 ) (11 19 45 ) (11 33 45 ) (11 45 52 ) (11 45 59 ) (11 51 ) (9 10 11 13 14 15 45 58 ) (9 23 ) (9 30 ) 
(9 37 ) (9 43 ) (9 49 ) (9 56 ) (10 24 ) (10 31 ) (10 38 ) (10 44 ) (10 50 ) (10 57 ) 
(11 25 ) (11 32 ) (11 39 ) (11 12 45 ) (15 29 ) (15 36 ) (15 42 ) (15 48 ) (15 55 ) (15 61 ) 
(14 28 ) (14 35 ) (14 41 ) (14 47 ) (14 54 ) (13 14 60 ) (13 27 ) (13 34 ) (11 13 40 45 ) (13 46 ) 
(13 53 ) (11 26 45 ) (11 33 45 ) (11 45 52 ) (11 45 59 ) (11 51 ) (9 10 11 13 14 15 45 58 ) (9 16 ) (9 23 ) (9 37 ) 
(9 43 ) (9 49 ) (9 56 ) (10 17 ) (10 24 ) (10 38 ) (10 44 ) (10 50 ) (10 57 ) (11 18 ) 
(11 25 ) (11 39 ) (11 12 45 ) (15 22 ) (15 29 ) (15 42 ) (15 48 ) (15 55 ) (15 61 ) (14 21 ) 
(14 28 ) (14 41 ) (14 47 ) (14 54 ) (13 14 60 ) (13 20 ) (13 27 ) (11 13 40 45 ) (13 46 ) (13 53 ) 
(11 19 45 ) (11 26 45 ) (11 45 52 ) (11 45 59 ) (11 51 ) (9 10 11 13 14 15 45 58 ) (9 16 ) (9 23 ) (9 37 ) (9 43 ) 
(9 49 ) (9 56 ) (10 17 ) (10 24 ) (10 38 ) (10 44 ) (10 50 ) (10 57 ) (11 18 ) (11 25 ) 
(11 39 ) (11 12 45 ) (15 22 ) (15 29 ) (15 42 ) (15 48 ) (15 55 ) (15 61 ) (14 21 ) (14 28 ) 
(14 41 ) (14 47 ) (14 54 ) (13 14 60 ) (13 20 ) (13 27 ) (11 13 40 45 ) (13 46 ) (13 53 ) (11 19 45 ) 
(11 26 45 ) (11 45 52 ) (11 45 59 ) (11 51 ) (9 10 11 13 14 15 45 58 ) (9 16 ) (9 23 ) (9 30 ) (9 37 ) (9 43 ) 
(9 49 ) (9 56 ) (10 17 ) (10 24 ) (10 31 ) (10 38 ) (10 44 ) (10 50 ) (10 57 ) (11 18 ) 
(11 25 ) (11 32 ) (11 39 ) (11 12 45 ) (15 22 ) (15 29 ) (15 36 ) (15 42 ) (15 48 ) (15 55 ) 
(15 61 ) (14 21 ) (14 28 ) (14 35 ) (14 41 ) (14 47 ) (14 54 ) (13 14 60 ) (13 20 ) (13 27 ) 
(13 34 ) (11 13 40 45 ) (13 46 ) (13 53 ) (11 19 45 ) (11 26 45 ) (11 33 45 ) (11 45 52 ) (11 45 59 ) (11 51 ) 
(9 10 11 13 14 15 45 58 ) (16 37 ) (16 43 ) (16 49 ) (16 56 ) (17 38 ) (17 44 ) (17 50 ) (17 57 ) (18 39 ) 
(18 19 45 ) (22 42 ) (22 48 ) (22 55 ) (22 61 ) (21 41 ) (21 47 ) (21 54 ) (20 21 60 ) (18 20 40 45 ) 
(20 46 ) (20 53 ) (18 45 52 ) (18 45 59 ) (18 51 ) (16 17 18 20 21 22 45 58 ) (9 16 ) (9 23 ) (9 30 ) (9 37 ) 
(9 43 ) (9 49 ) (9 56 ) (10 17 ) (10 24 ) (10 31 ) (10 38 ) (10 44 ) (10 50 ) (10 57 ) 
(11 18 ) (11 25 ) (11 32 ) (11 39 ) (11 12 45 ) (15 22 ) (15 29 ) (15 36 ) (15 42 ) (15 48 ) 
(15 55 ) (15 61 ) (14 21 ) (14 28 ) (14 35 ) (14 41 ) (14 47 ) (14 54 ) (13 14 60 ) (13 20 ) 
(13 27 ) (13 34 ) (11 13 40 45 ) (13 46 ) (13 53 ) (11 19 45 ) (11 26 45 ) (11 33 45 ) (11 45 52 ) (11 45 59 ) 
(11 51 ) (9 10 11 13 14 15 45 58 ) (9 16 ) (9 23 ) (9 37 ) (9 49 ) (9 56 ) (10 17 ) (10 24 ) (10 38 ) 
(10 50 ) (10 57 ) (11 18 ) (11 25 ) (11 39 ) (11 51 ) (11 58 ) (12 19 ) (12 26 ) (12 13 40 ) 
(15 22 ) (15 29 ) (15 42 ) (15 55 ) (15 61 ) (14 21 ) (14 28 ) (14 41 ) (14 54 ) (12 14 40 60 ) 
(12 20 40 ) (12 27 40 ) (12 40 53 ) (12 52 ) (9 10 11 12 14 15 40 59 ) (9 16 ) (9 23 ) (9 30 ) (9 37 ) (9 43 ) 
(9 49 ) (9 56 ) (10 17 ) (10 24 ) (10 31 ) (10 38 ) (10 44 ) (10 50 ) (10 57 ) (11 18 ) 
(11 25 ) (11 32 ) (11 39 ) (11 12 45 ) (15 22 ) (15 29 ) (15 36 ) (15 42 ) (15 48 ) (15 55 ) 
(15 61 ) (14 21 ) (14 28 ) (14 35 ) (14 41 ) (14 47 ) (14 54 ) (13 14 60 ) (13 20 ) (13 27 ) 
(13 34 ) (11 13 40 45 ) (13 46 ) (13 53 ) (11 19 45 ) (11 26 45 ) (11 33 45 ) (11 45 52 ) (11 45 59 ) (11 51 ) 
(9 10 11 13 14 15 45 58 ) (9 16 ) (9 23 ) (9 30 ) (9 37 ) (9 43 ) (9 49 ) (9 56 ) (10 17 ) (10 24 ) 
(10 31 ) (10 38 ) (10 44 ) (10 50 ) (10 57 ) (11 18 ) (11 25 ) (11 32 ) (11 39 ) (11 12 45 ) 
(15 22 ) (15 29 ) (15 36 ) (15 42 ) (15 48 ) (15 55 ) (15 61 ) (14 21 ) (14 28 ) (14 35 ) 
(14 41 ) (14 47 ) (14 54 ) (13 14 60 ) (13 20 ) (13 27 ) (13 34 ) (11 13 40 45 ) (13 46 ) (13 53 ) 
(11 19 45 ) (11 26 45 ) (11 33 45 ) (11 45 52 ) (11 45 59 ) (11 51 ) (9 10 11 13 14 15 45 58 ) (9 16 ) (9 23 ) (9 30 ) 
(9 37 ) (9 43 ) (9 49 ) (9 56 ) (10 17 ) (10 24 ) (10 31 ) (10 38 ) (10 44 ) (10 50 ) 
(10 57 ) (11 18 ) (11 25 ) (11 32 ) (11 39 ) (11 12 45 ) (15 22 ) (15 29 ) (15 36 ) (15 42 ) 
(15 48 ) (15 55 ) (15 61 ) (14 21 ) (14 28 ) (14 35 ) (14 41 ) (14 47 ) (14 54 ) (13 14 60 ) 
(13 20 ) (13 27 ) (13 34 ) (11 13 40 45 ) (13 46 ) (13 53 ) (11 19 45 ) (11 26 45 ) (11 33 45 ) (11 45 52 ) 
(11 45 59 ) (11 51 ) (9 10 11 13 14 15 45 58 ) (9 16 ) (9 37 ) (9 43 ) (9 56 ) (10 17 ) (10 38 ) (10 44 ) 
(10 57 ) (11 18 ) (11 39 ) (11 12 45 ) (15 22 ) (15 42 ) (15 48 ) (15 61 ) (14 21 ) (14 41 ) 
(14 47 ) (13 14 60 ) (13 20 ) (11 13 40 45 ) (13 46 ) (11 19 45 ) (11 45 59 ) (9 10 11 13 14 15 45 58 ) (16 23 ) (16 30 ) 
(16 37 ) (16 43 ) (16 49 ) (16 56 ) (17 24 ) (17 31 ) (17 38 ) (17 44 ) (17 50 ) (17 57 ) 
(18 25 ) (18 32 ) (18 39 ) (18 19 45 ) (22 29 ) (22 36 ) (22 42 ) (22 48 ) (22 55 ) (22 61 ) 
(21 28 ) (21 35 ) (21 41 ) (21 47 ) (21 54 ) (20 21 60 ) (20 27 ) (20 34 ) (18 20 40 45 ) (20 46 ) 
(20 53 ) (18 26 45 ) (18 33 45 ) (18 45 52 ) (18 45 59 ) (18 51 ) (16 17 18 20 21 22 45 58 ) (9 16 ) (9 23 ) (9 30 ) 
(9 37 ) (9 49 ) (9 56 ) (10 17 ) (10 24 ) (10 31 ) (10 38 ) (10 50 ) (10 57 ) (11 18 ) 
(11 25 ) (11 32 ) (11 39 ) (11 51 ) (11 58 ) (12 19 ) (12 26 ) (12 33 ) (12 13 40 ) (15 22 ) 
(15 29 ) (15 36 ) (15 42 ) (15 55 ) (15 61 ) (14 21 ) (14 28 ) (14 35 ) (14 41 ) (14 54 ) 
(12 14 40 60 ) (12 20 40 ) (12 27 40 ) (12 34 40 ) (12 40 53 ) (12 52 ) (9 10 11 12 14 15 40 59 ) (9 16 ) (9 23 ) (9 30 ) 
(9 37 ) (9 43 ) (9 56 ) (10 17 ) (10 24 ) (10 31 ) (10 38 ) (10 44 ) (10 57 ) (11 18 ) 
(11 25 ) (11 32 ) (11 39 ) (11 12 45 ) (15 22 ) (15 29 ) (15 36 ) (15 42 ) (15 48 ) (15 61 ) 
(14 21 ) (14 28 ) (14 35 ) (14 41 ) (14 47 ) (13 14 60 ) (13 20 ) (13 27 ) (13 34 ) (11 13 40 45 ) 
(13 46 ) (11 19 45 ) (11 26 45 ) (11 33 45 ) (11 45 59 ) (9 10 11 13 14 15 45 58 ) (9 16 ) (9 30 ) (9 37 ) (9 43 ) 
(9 49 ) (9 56 ) (10 17 ) (10 31 ) (10 38 ) (10 44 ) (10 50 ) (10 57 ) (11 18 ) (11 32 ) 
(11 39 ) (11 12 45 ) (15 22 ) (15 36 ) (15 42 ) (15 48 ) (15 55 ) (15 61 ) (14 21 ) (14 35 ) 
(14 41 ) (14 47 ) (14 54 ) (13 14 60 ) (13 20 ) (13 34 ) (11 13 40 45 ) (13 46 ) (13 53 ) (11 19 45 ) 
(11 33 45 ) (11 45 52 ) (11 45 59 ) (11 51 ) (9 10 11 13 14 15 45 58 ) (9 30 ) (9 37 ) (9 43 ) (9 49 ) (9 56 ) 
(10 31 ) (10 38 ) (10 44 ) (10 50 ) (10 57 ) (11 32 ) (11 39 ) (11 12 45 ) (15 36 ) (15 42 ) 
(15 48 ) (15 55 ) (15 61 ) (14 35 ) (14 41 ) (14 47 ) (14 54 ) (13 14 60 ) (13 34 ) (11 13 40 45 ) 
(13 46 ) (13 53 ) (11 33 45 ) (11 45 52 ) (11 45 59 ) (11 51 ) (9 10 11 13 14 15 45 58 ) )