(() () () () () () () () () () 
() () () (1 2 ) (2 6 ) (6 7 ) (7 8 ) (8 9 ) (9 11 ) (11 12 ) 
(12 13 ) (1 2 ) (2 3 ) (3 4 ) (4 6 ) (6 7 ) (7 8 ) (8 9 ) (9 11 ) (11 12 ) 
(12 13 ) (2 3 ) (3 4 ) (4 5 ) (5 6 ) (6 7 ) (7 8 ) (8 11 ) (11 12 ) (12 13 ) 
(1 2 ) (2 3 ) (3 4 ) (4 5 ) (5 6 ) (6 7 ) (7 8 ) (8 9 ) (9 10 ) (10 11 ) 
(11 12 ) (12 13 ) (4 5 ) (5 6 ) (6 7 ) (7 8 ) (8 10 ) (10 11 ) (11 12 ) (12 13 ) 
(2 3 ) (3 4 ) (4 6 ) (6 7 ) (7 8 ) (8 9 ) (9 10 ) (10 11 ) (11 13 ) (1 4 ) 
(4 7 ) (7 8 ) (8 9 ) (9 11 ) (11 12 ) (1 2 ) (2 4 ) (4 6 ) (6 7 ) (7 8 ) 
(8 9 ) (9 10 ) (10 11 ) (11 12 ) (12 13 ) (22 41 ) (22 76 ) (23 32 ) (23 42 ) (23 61 ) 
(23 24 77 ) (31 40 ) (31 52 ) (31 60 ) (30 31 69 ) (31 85 ) (30 39 ) (30 51 ) (30 59 ) (30 84 ) 
(28 29 38 ) (29 49 50 ) (28 29 50 57 ) (50 58 ) (29 50 67 ) (50 68 ) (29 50 82 ) (50 83 ) (28 48 ) (28 66 ) 
(28 81 ) (27 37 ) (27 47 ) (27 56 ) (27 65 ) (27 80 ) (26 36 ) (26 46 ) (26 55 ) (26 64 ) 
(26 79 ) (25 34 35 ) (25 35 44 ) (35 45 ) (25 35 53 ) (35 54 ) (25 63 ) (25 78 ) (23 33 77 ) (23 43 77 ) 
(22 23 25 26 27 28 29 30 31 35 50 62 77 ) (14 22 ) (14 41 ) (14 23 24 70 ) (14 24 32 70 ) (24 33 ) (14 24 42 70 ) (24 43 ) (14 24 61 70 ) (24 62 ) 
(14 15 25 70 ) (21 31 ) (21 40 ) (21 52 ) (21 60 ) (20 21 69 ) (21 85 ) (20 30 ) (20 39 ) (20 51 ) 
(20 59 ) (20 75 ) (20 84 ) (19 29 ) (18 19 38 ) (19 49 50 ) (18 19 50 57 ) (50 58 ) (19 50 67 ) (50 68 ) 
(19 50 82 ) (50 83 ) (19 74 ) (18 28 ) (18 48 ) (18 66 ) (18 73 ) (18 81 ) (17 27 ) (17 37 ) 
(17 47 ) (17 56 ) (17 65 ) (17 72 ) (17 80 ) (16 26 ) (16 36 ) (16 46 ) (16 55 ) (16 64 ) 
(16 25 71 ) (16 79 ) (25 34 35 ) (25 35 44 ) (35 45 ) (25 35 53 ) (35 54 ) (25 63 ) (25 78 ) (14 70 77 ) 
(14 16 17 18 19 20 21 24 25 35 50 70 76 ) (14 22 ) (14 41 ) (14 23 24 70 ) (14 24 32 70 ) (24 33 ) (14 24 42 70 ) (24 43 ) (14 15 25 70 ) (21 31 ) 
(21 40 ) (21 52 ) (21 85 ) (20 30 ) (20 39 ) (20 51 ) (20 75 ) (20 84 ) (19 29 ) (18 19 38 ) 
(19 49 50 ) (19 50 82 ) (50 83 ) (19 74 ) (18 28 ) (18 48 ) (18 73 ) (18 81 ) (17 27 ) (17 37 ) 
(17 47 ) (17 72 ) (17 80 ) (16 26 ) (16 36 ) (16 46 ) (16 25 71 ) (16 79 ) (25 34 35 ) (25 35 44 ) 
(35 45 ) (25 78 ) (14 70 77 ) (14 16 17 18 19 20 21 24 25 35 50 70 76 ) (41 76 ) (32 42 ) (32 61 ) (32 33 77 ) (40 52 ) (40 60 ) 
(39 40 69 ) (40 85 ) (39 51 ) (39 59 ) (39 84 ) (38 48 49 50 ) (38 49 50 66 ) (49 67 ) (38 49 50 81 ) (49 82 ) 
(38 50 57 ) (50 58 ) (50 68 ) (50 83 ) (37 47 ) (37 56 ) (37 65 ) (37 80 ) (36 46 ) (36 55 ) 
(36 64 ) (36 79 ) (35 45 ) (35 54 ) (34 35 63 ) (34 35 78 ) (34 44 ) (34 53 ) (32 43 77 ) (32 34 35 36 37 38 39 40 41 49 50 62 77 ) 
(22 41 ) (22 76 ) (23 32 ) (23 42 ) (23 61 ) (23 24 77 ) (31 40 ) (31 52 ) (31 60 ) (30 31 69 ) 
(31 85 ) (30 39 ) (30 51 ) (30 59 ) (30 84 ) (28 29 38 ) (29 49 50 ) (28 29 50 57 ) (50 58 ) (29 50 67 ) 
(50 68 ) (29 50 82 ) (50 83 ) (28 48 ) (28 66 ) (28 81 ) (27 37 ) (27 47 ) (27 56 ) (27 65 ) 
(27 80 ) (26 36 ) (26 46 ) (26 55 ) (26 64 ) (26 79 ) (25 34 35 ) (25 35 44 ) (35 45 ) (25 35 53 ) 
(35 54 ) (25 63 ) (25 78 ) (23 33 77 ) (23 43 77 ) (22 23 25 26 27 28 29 30 31 35 50 62 77 ) (14 22 ) (14 41 ) (14 23 24 70 ) (14 24 32 70 ) 
(24 33 ) (14 24 42 70 ) (24 43 ) (14 24 61 70 ) (24 62 ) (14 15 25 70 ) (21 31 ) (21 40 ) (21 52 ) (21 60 ) 
(20 21 69 ) (21 85 ) (20 30 ) (20 39 ) (20 51 ) (20 59 ) (20 75 ) (20 84 ) (19 29 ) (18 19 38 ) 
(19 49 50 ) (18 19 50 57 ) (50 58 ) (19 50 67 ) (50 68 ) (19 50 82 ) (50 83 ) (19 74 ) (18 28 ) (18 48 ) 
(18 66 ) (18 73 ) (18 81 ) (17 27 ) (17 37 ) (17 47 ) (17 56 ) (17 65 ) (17 72 ) (17 80 ) 
(16 26 ) (16 36 ) (16 46 ) (16 55 ) (16 64 ) (16 25 71 ) (16 79 ) (25 34 35 ) (25 35 44 ) (35 45 ) 
(25 35 53 ) (35 54 ) (25 63 ) (25 78 ) (14 70 77 ) (14 16 17 18 19 20 21 24 25 35 50 70 76 ) (14 41 ) (14 76 ) (15 32 33 34 35 ) (34 44 ) 
(15 32 33 34 45 ) (34 53 ) (15 32 33 34 54 ) (33 43 ) (33 62 ) (15 32 33 63 ) (32 33 77 ) (15 32 33 78 ) (32 42 ) (32 61 ) 
(16 36 ) (16 46 ) (16 55 ) (16 64 ) (16 79 ) (17 37 ) (17 47 ) (17 56 ) (17 65 ) (17 80 ) 
(18 19 38 ) (21 40 ) (21 52 ) (21 60 ) (20 21 69 ) (21 85 ) (20 39 ) (20 51 ) (20 59 ) (20 84 ) 
(18 38 49 50 ) (38 50 57 ) (50 58 ) (18 38 50 67 ) (50 68 ) (18 38 50 82 ) (50 83 ) (18 48 ) (18 66 ) (14 15 16 17 18 20 21 32 33 34 38 50 81 ) 
(14 32 33 70 ) (14 33 61 70 ) (33 62 ) (14 15 34 35 70 ) (21 40 ) (21 60 ) (20 21 69 ) (21 85 ) (20 39 ) (20 59 ) 
(20 75 ) (20 84 ) (18 19 38 ) (18 19 57 58 ) (19 58 67 ) (58 68 ) (19 58 82 ) (58 83 ) (19 74 ) (18 66 ) 
(18 73 ) (18 81 ) (17 37 ) (17 56 ) (17 65 ) (17 72 ) (17 80 ) (16 36 ) (16 55 ) (16 64 ) 
(16 34 35 71 ) (16 79 ) (35 54 ) (34 35 63 ) (34 35 78 ) (34 53 ) (14 70 77 ) (14 16 17 18 19 20 21 33 34 35 58 70 76 ) (22 23 24 70 ) (22 24 32 70 ) 
(24 33 ) (22 24 61 70 ) (24 62 ) (31 40 ) (31 60 ) (30 31 69 ) (31 85 ) (30 39 ) (30 59 ) (30 75 ) 
(30 84 ) (28 29 38 ) (28 29 57 58 ) (29 58 67 ) (58 68 ) (29 58 82 ) (58 83 ) (29 74 ) (28 66 ) (28 73 ) 
(28 81 ) (27 37 ) (27 56 ) (27 65 ) (27 72 ) (27 80 ) (26 36 ) (26 55 ) (26 64 ) (25 26 71 ) 
(26 79 ) (25 34 35 ) (25 35 53 ) (35 54 ) (25 63 ) (25 78 ) (22 70 77 ) (22 24 25 26 27 28 29 30 31 35 58 70 76 ) (22 41 ) (22 23 24 70 ) 
(22 24 32 70 ) (24 33 ) (22 24 42 70 ) (24 43 ) (22 24 61 70 ) (24 62 ) (31 40 ) (31 52 ) (31 60 ) (30 31 69 ) 
(31 85 ) (30 39 ) (30 51 ) (30 59 ) (30 75 ) (30 84 ) (28 29 38 ) (29 49 50 ) (28 29 50 57 ) (50 58 ) 
(29 50 67 ) (50 68 ) (29 50 82 ) (50 83 ) (29 74 ) (28 48 ) (28 66 ) (28 73 ) (28 81 ) (27 37 ) 
(27 47 ) (27 56 ) (27 65 ) (27 72 ) (27 80 ) (26 36 ) (26 46 ) (26 55 ) (26 64 ) (25 26 71 ) 
(26 79 ) (25 34 35 ) (25 35 44 ) (35 45 ) (25 35 53 ) (35 54 ) (25 63 ) (25 78 ) (22 70 77 ) (22 24 25 26 27 28 29 30 31 35 50 70 76 ) 
(14 22 ) (14 41 ) (14 76 ) (15 23 24 25 ) (24 43 ) (15 23 24 44 45 ) (44 53 ) (15 23 24 44 54 ) (24 62 ) (15 23 24 63 ) 
(23 24 77 ) (15 23 24 78 ) (23 42 ) (23 61 ) (16 26 ) (16 46 ) (16 55 ) (16 64 ) (16 79 ) (17 27 ) 
(17 47 ) (17 56 ) (17 65 ) (17 80 ) (18 28 ) (18 48 ) (18 49 57 ) (18 19 50 57 ) (21 31 ) (21 52 ) 
(21 60 ) (20 21 69 ) (21 85 ) (20 30 ) (20 51 ) (20 59 ) (20 84 ) (18 29 50 57 ) (50 58 ) (50 68 ) 
(50 83 ) (18 57 67 ) (18 57 82 ) (18 66 ) (14 15 16 17 18 20 21 23 24 44 50 57 81 ) (14 22 ) (14 41 ) (14 23 24 70 ) (14 24 32 70 ) (24 33 ) 
(14 24 42 70 ) (24 43 ) (14 24 61 70 ) (24 62 ) (14 15 25 70 ) (21 31 ) (21 40 ) (21 52 ) (21 60 ) (20 21 69 ) 
(21 85 ) (20 30 ) (20 39 ) (20 51 ) (20 59 ) (20 75 ) (20 84 ) (19 29 ) (18 19 38 ) (19 49 50 ) 
(18 19 50 57 ) (50 58 ) (19 50 67 ) (50 68 ) (19 50 82 ) (50 83 ) (19 74 ) (18 28 ) (18 48 ) (18 66 ) 
(18 73 ) (18 81 ) (17 27 ) (17 37 ) (17 47 ) (17 56 ) (17 65 ) (17 72 ) (17 80 ) (16 26 ) 
(16 36 ) (16 46 ) (16 55 ) (16 64 ) (16 25 71 ) (16 79 ) (25 34 35 ) (25 35 44 ) (35 45 ) (25 35 53 ) 
(35 54 ) (25 63 ) (25 78 ) (14 70 77 ) (14 16 17 18 19 20 21 24 25 35 50 70 76 ) (14 41 ) (14 76 ) (15 32 33 34 35 ) (34 44 ) (15 32 33 34 45 ) 
(34 53 ) (15 32 33 34 54 ) (33 43 ) (33 62 ) (15 32 33 63 ) (32 33 77 ) (15 32 33 78 ) (32 42 ) (32 61 ) (16 36 ) 
(16 46 ) (16 55 ) (16 64 ) (16 79 ) (17 37 ) (17 47 ) (17 56 ) (17 65 ) (17 80 ) (18 19 38 ) 
(21 40 ) (21 52 ) (21 60 ) (20 21 69 ) (21 85 ) (20 39 ) (20 51 ) (20 59 ) (20 84 ) (18 38 49 50 ) 
(38 50 57 ) (50 58 ) (18 38 50 67 ) (50 68 ) (18 38 50 82 ) (50 83 ) (18 48 ) (18 66 ) (14 15 16 17 18 20 21 32 33 34 38 50 81 ) (14 41 ) 
(14 32 33 70 ) (14 33 42 70 ) (33 43 ) (14 33 61 70 ) (33 62 ) (14 15 34 35 70 ) (21 40 ) (21 52 ) (21 60 ) (20 21 69 ) 
(21 85 ) (20 39 ) (20 51 ) (20 59 ) (20 75 ) (20 84 ) (18 19 38 ) (19 49 50 ) (18 19 50 57 ) (50 58 ) 
(19 50 67 ) (50 68 ) (19 50 82 ) (50 83 ) (19 74 ) (18 48 ) (18 66 ) (18 73 ) (18 81 ) (17 37 ) 
(17 47 ) (17 56 ) (17 65 ) (17 72 ) (17 80 ) (16 36 ) (16 46 ) (16 55 ) (16 64 ) (16 34 35 71 ) 
(16 79 ) (35 45 ) (35 54 ) (34 35 63 ) (34 35 78 ) (34 44 ) (34 53 ) (14 70 77 ) (14 16 17 18 19 20 21 33 34 35 50 70 76 ) )