(() () () () () () () () () (1 3 ) 
(3 4 ) (4 5 ) (5 7 ) (7 9 ) (1 2 ) (2 3 ) (3 5 ) (5 6 ) (6 7 ) (7 8 ) 
(8 9 ) (1 2 ) (2 3 ) (3 4 ) (4 6 ) (6 8 ) (8 9 ) (1 2 ) (2 3 ) (3 4 ) 
(4 5 ) (5 6 ) (6 7 ) (7 8 ) (8 9 ) (1 2 ) (2 3 ) (3 4 ) (4 5 ) (5 6 ) 
(6 7 ) (7 8 ) (8 9 ) (1 2 ) (2 3 ) (3 4 ) (4 5 ) (5 6 ) (6 7 ) (7 8 ) 
(8 9 ) (10 15 16 ) (15 22 ) (10 15 23 ) (15 28 ) (10 15 29 ) (15 36 ) (10 15 37 ) (15 44 ) (10 15 45 ) 
(11 12 17 ) (14 20 21 ) (13 14 18 21 26 ) (14 19 21 26 ) (11 13 14 17 21 25 26 ) (13 14 21 26 32 ) (14 21 26 33 ) (13 14 21 26 40 ) (14 21 26 41 ) (13 14 21 26 48 ) 
(14 21 26 49 ) (21 27 ) (14 21 34 ) (21 35 ) (14 21 42 ) (21 43 ) (14 21 50 ) (21 51 ) (11 17 31 ) (11 17 39 ) 
(11 17 47 ) (11 24 ) (11 30 ) (11 38 ) (10 11 13 14 15 17 21 26 46 ) (10 15 16 ) (15 22 ) (10 15 23 ) (15 28 ) (10 15 29 ) 
(15 36 ) (10 15 37 ) (15 44 ) (10 15 45 ) (11 12 17 ) (14 20 21 ) (13 14 18 21 26 ) (14 19 21 26 ) (11 13 14 17 21 25 26 ) (13 14 21 26 32 ) 
(14 21 26 33 ) (13 14 21 26 40 ) (14 21 26 41 ) (13 14 21 26 48 ) (14 21 26 49 ) (21 27 ) (14 21 34 ) (21 35 ) (14 21 42 ) (21 43 ) 
(14 21 50 ) (21 51 ) (11 17 31 ) (11 17 39 ) (11 17 47 ) (11 24 ) (11 30 ) (11 38 ) (10 11 13 14 15 17 21 26 46 ) (10 15 16 ) 
(15 22 ) (10 15 23 ) (15 28 ) (10 15 29 ) (15 36 ) (10 15 37 ) (15 44 ) (10 15 45 ) (11 12 17 ) (14 20 21 ) 
(13 14 18 21 26 ) (14 19 21 26 ) (11 13 14 17 21 25 26 ) (13 14 21 26 32 ) (14 21 26 33 ) (13 14 21 26 40 ) (14 21 26 41 ) (13 14 21 26 48 ) (14 21 26 49 ) (21 27 ) 
(14 21 34 ) (21 35 ) (14 21 42 ) (21 43 ) (14 21 50 ) (21 51 ) (11 17 31 ) (11 17 39 ) (11 17 47 ) (11 24 ) 
(11 30 ) (11 38 ) (10 11 13 14 15 17 21 26 46 ) (10 15 16 ) (15 22 ) (10 15 23 ) (15 28 ) (10 15 29 ) (15 36 ) (10 15 37 ) 
(15 44 ) (10 15 45 ) (11 12 17 ) (14 20 21 ) (13 14 18 21 26 ) (14 19 21 26 ) (11 13 14 17 21 25 26 ) (13 14 21 26 32 ) (14 21 26 33 ) (13 14 21 26 40 ) 
(14 21 26 41 ) (13 14 21 26 48 ) (14 21 26 49 ) (21 27 ) (14 21 34 ) (21 35 ) (14 21 42 ) (21 43 ) (14 21 50 ) (21 51 ) 
(11 17 31 ) (11 17 39 ) (11 17 47 ) (11 24 ) (11 30 ) (11 38 ) (10 11 13 14 15 17 21 26 46 ) (10 15 16 ) (15 22 ) (10 15 23 ) 
(15 28 ) (10 15 29 ) (15 36 ) (10 15 37 ) (15 44 ) (10 15 45 ) (11 12 17 ) (14 20 21 ) (13 14 18 21 26 ) (14 19 21 26 ) 
(11 13 14 17 21 25 26 ) (13 14 21 26 32 ) (14 21 26 33 ) (13 14 21 26 40 ) (14 21 26 41 ) (13 14 21 26 48 ) (14 21 26 49 ) (21 27 ) (14 21 34 ) (21 35 ) 
(14 21 42 ) (21 43 ) (14 21 50 ) (21 51 ) (11 17 31 ) (11 17 39 ) (11 17 47 ) (11 24 ) (11 30 ) (11 38 ) 
(10 11 13 14 15 17 21 26 46 ) (10 15 16 ) (15 22 ) (10 15 23 ) (15 28 ) (10 15 29 ) (15 36 ) (10 15 37 ) (15 44 ) (10 15 45 ) 
(11 12 17 ) (14 20 21 ) (13 14 18 21 26 ) (14 19 21 26 ) (11 13 14 17 21 25 26 ) (13 14 21 26 32 ) (14 21 26 33 ) (13 14 21 26 40 ) (14 21 26 41 ) (13 14 21 26 48 ) 
(14 21 26 49 ) (21 27 ) (14 21 34 ) (21 35 ) (14 21 42 ) (21 43 ) (14 21 50 ) (21 51 ) (11 17 31 ) (11 17 39 ) 
(11 17 47 ) (11 24 ) (11 30 ) (11 38 ) (10 11 13 14 15 17 21 26 46 ) (10 15 16 ) (15 28 ) (10 15 29 ) (15 36 ) (10 15 37 ) 
(15 44 ) (10 15 45 ) (11 12 17 ) (14 20 21 ) (14 21 34 ) (21 35 ) (14 21 42 ) (21 43 ) (14 21 50 ) (21 51 ) 
(13 18 19 ) (13 19 32 ) (19 33 ) (13 19 40 ) (19 41 ) (13 19 48 ) (19 49 ) (11 17 31 ) (11 17 39 ) (11 17 47 ) 
(11 30 ) (11 38 ) (10 11 13 14 15 17 19 21 46 ) (10 15 16 ) (15 22 ) (10 15 23 ) (15 28 ) (10 15 29 ) (15 36 ) (10 15 37 ) 
(15 44 ) (10 15 45 ) (11 12 17 ) (14 20 21 ) (13 14 18 21 26 ) (14 19 21 26 ) (11 13 14 17 21 25 26 ) (13 14 21 26 32 ) (14 21 26 33 ) (13 14 21 26 40 ) 
(14 21 26 41 ) (13 14 21 26 48 ) (14 21 26 49 ) (21 27 ) (14 21 34 ) (21 35 ) (14 21 42 ) (21 43 ) (14 21 50 ) (21 51 ) 
(11 17 31 ) (11 17 39 ) (11 17 47 ) (11 24 ) (11 30 ) (11 38 ) (10 11 13 14 15 17 21 26 46 ) (15 22 ) (15 28 ) (15 36 ) 
(15 44 ) (16 23 ) (16 29 ) (16 37 ) (16 45 ) (17 18 24 25 ) (21 27 ) (21 35 ) (21 43 ) (21 51 ) 
(19 20 26 ) (20 34 ) (20 42 ) (20 50 ) (19 33 ) (19 41 ) (19 49 ) (17 24 25 32 ) (17 24 25 40 ) (17 24 25 48 ) 
(24 30 ) (17 24 31 ) (24 38 ) (17 24 39 ) (24 46 ) (15 16 17 19 20 21 24 25 47 ) (10 15 16 ) (15 22 ) (10 15 23 ) (15 28 ) 
(10 15 29 ) (15 36 ) (10 15 37 ) (15 44 ) (10 15 45 ) (11 12 17 ) (14 20 21 ) (13 14 18 21 26 ) (14 19 21 26 ) (11 13 14 17 21 25 26 ) 
(13 14 21 26 32 ) (14 21 26 33 ) (13 14 21 26 40 ) (14 21 26 41 ) (13 14 21 26 48 ) (14 21 26 49 ) (21 27 ) (14 21 34 ) (21 35 ) (14 21 42 ) 
(21 43 ) (14 21 50 ) (21 51 ) (11 17 31 ) (11 17 39 ) (11 17 47 ) (11 24 ) (11 30 ) (11 38 ) (10 11 13 14 15 17 21 26 46 ) 
(10 15 16 ) (15 22 ) (10 15 23 ) (15 28 ) (10 15 29 ) (15 36 ) (10 15 37 ) (15 44 ) (10 15 45 ) (11 12 17 ) 
(14 20 21 ) (13 14 18 21 26 ) (14 19 21 26 ) (11 13 14 17 21 25 26 ) (13 14 21 26 32 ) (14 21 26 33 ) (13 14 21 26 40 ) (14 21 26 41 ) (13 14 21 26 48 ) (14 21 26 49 ) 
(21 27 ) (14 21 34 ) (21 35 ) (14 21 42 ) (21 43 ) (14 21 50 ) (21 51 ) (11 17 31 ) (11 17 39 ) (11 17 47 ) 
(11 24 ) (11 30 ) (11 38 ) (10 11 13 14 15 17 21 26 46 ) (10 15 16 ) (15 22 ) (10 15 23 ) (15 28 ) (10 15 29 ) (15 36 ) 
(10 15 37 ) (15 44 ) (10 15 45 ) (11 12 17 ) (14 20 21 ) (13 14 18 21 26 ) (14 19 21 26 ) (11 13 14 17 21 25 26 ) (13 14 21 26 32 ) (14 21 26 33 ) 
(13 14 21 26 40 ) (14 21 26 41 ) (13 14 21 26 48 ) (14 21 26 49 ) (21 27 ) (14 21 34 ) (21 35 ) (14 21 42 ) (21 43 ) (14 21 50 ) 
(21 51 ) (11 17 31 ) (11 17 39 ) (11 17 47 ) (11 24 ) (11 30 ) (11 38 ) (10 11 13 14 15 17 21 26 46 ) (10 15 16 ) (15 22 ) 
(10 15 23 ) (15 28 ) (10 15 29 ) (15 36 ) (10 15 37 ) (15 44 ) (10 15 45 ) (11 12 17 ) (14 20 21 ) (13 14 18 21 26 ) 
(14 19 21 26 ) (11 13 14 17 21 25 26 ) (13 14 21 26 32 ) (14 21 26 33 ) (13 14 21 26 40 ) (14 21 26 41 ) (13 14 21 26 48 ) (14 21 26 49 ) (21 27 ) (14 21 34 ) 
(21 35 ) (14 21 42 ) (21 43 ) (14 21 50 ) (21 51 ) (11 17 31 ) (11 17 39 ) (11 17 47 ) (11 24 ) (11 30 ) 
(11 38 ) (10 11 13 14 15 17 21 26 46 ) (10 15 16 ) (15 22 ) (10 15 23 ) (15 28 ) (10 15 29 ) (15 36 ) (10 15 37 ) (15 44 ) 
(10 15 45 ) (11 12 17 ) (14 20 21 ) (13 14 18 21 26 ) (14 19 21 26 ) (11 13 14 17 21 25 26 ) (13 14 21 26 32 ) (14 21 26 33 ) (13 14 21 26 40 ) (14 21 26 41 ) 
(13 14 21 26 48 ) (14 21 26 49 ) (21 27 ) (14 21 34 ) (21 35 ) (14 21 42 ) (21 43 ) (14 21 50 ) (21 51 ) (11 17 31 ) 
(11 17 39 ) (11 17 47 ) (11 24 ) (11 30 ) (11 38 ) (10 11 13 14 15 17 21 26 46 ) (10 15 16 ) (15 22 ) (10 15 23 ) (15 28 ) 
(10 15 29 ) (15 36 ) (10 15 37 ) (15 44 ) (10 15 45 ) (11 12 17 ) (14 20 21 ) (13 14 18 21 26 ) (14 19 21 26 ) (11 13 14 17 21 25 26 ) 
(13 14 21 26 32 ) (14 21 26 33 ) (13 14 21 26 40 ) (14 21 26 41 ) (13 14 21 26 48 ) (14 21 26 49 ) (21 27 ) (14 21 34 ) (21 35 ) (14 21 42 ) 
(21 43 ) (14 21 50 ) (21 51 ) (11 17 31 ) (11 17 39 ) (11 17 47 ) (11 24 ) (11 30 ) (11 38 ) (10 11 13 14 15 17 21 26 46 ) 
(10 15 16 ) (15 22 ) (10 15 23 ) (15 28 ) (10 15 29 ) (15 36 ) (10 15 37 ) (15 44 ) (10 15 45 ) (11 12 17 ) 
(14 20 21 ) (13 14 18 21 26 ) (14 19 21 26 ) (11 13 14 17 21 25 26 ) (13 14 21 26 32 ) (14 21 26 33 ) (13 14 21 26 40 ) (14 21 26 41 ) (13 14 21 26 48 ) (14 21 26 49 ) 
(21 27 ) (14 21 34 ) (21 35 ) (14 21 42 ) (21 43 ) (14 21 50 ) (21 51 ) (11 17 31 ) (11 17 39 ) (11 17 47 ) 
(11 24 ) (11 30 ) (11 38 ) (10 11 13 14 15 17 21 26 46 ) (10 15 16 ) (15 22 ) (10 15 23 ) (15 28 ) (10 15 29 ) (15 36 ) 
(10 15 37 ) (15 44 ) (10 15 45 ) (11 12 17 ) (14 20 21 ) (13 14 18 21 26 ) (14 19 21 26 ) (11 13 14 17 21 25 26 ) (13 14 21 26 32 ) (14 21 26 33 ) 
(13 14 21 26 40 ) (14 21 26 41 ) (13 14 21 26 48 ) (14 21 26 49 ) (21 27 ) (14 21 34 ) (21 35 ) (14 21 42 ) (21 43 ) (14 21 50 ) 
(21 51 ) (11 17 31 ) (11 17 39 ) (11 17 47 ) (11 24 ) (11 30 ) (11 38 ) (10 11 13 14 15 17 21 26 46 ) (10 15 16 ) (15 22 ) 
(10 15 23 ) (15 28 ) (10 15 29 ) (15 36 ) (10 15 37 ) (11 12 17 ) (14 20 21 ) (13 14 18 21 26 ) (14 19 21 26 ) (11 13 14 17 21 25 26 ) 
(13 14 21 26 32 ) (14 21 26 33 ) (13 14 21 26 40 ) (14 21 26 41 ) (21 27 ) (14 21 34 ) (21 35 ) (14 21 42 ) (21 43 ) (11 17 31 ) 
(11 17 39 ) (11 24 ) (11 30 ) (10 11 13 14 15 17 21 26 38 ) (10 15 16 ) (15 22 ) (10 15 23 ) (15 28 ) (10 15 29 ) (15 36 ) 
(10 15 37 ) (15 44 ) (10 15 45 ) (11 12 17 ) (14 20 21 ) (13 14 18 21 26 ) (14 19 21 26 ) (11 13 14 17 21 25 26 ) (13 14 21 26 32 ) (14 21 26 33 ) 
(13 14 21 26 40 ) (14 21 26 41 ) (13 14 21 26 48 ) (14 21 26 49 ) (21 27 ) (14 21 34 ) (21 35 ) (14 21 42 ) (21 43 ) (14 21 50 ) 
(21 51 ) (11 17 31 ) (11 17 39 ) (11 17 47 ) (11 24 ) (11 30 ) (11 38 ) (10 11 13 14 15 17 21 26 46 ) (10 15 16 ) (15 22 ) 
(10 15 23 ) (15 28 ) (10 15 29 ) (15 36 ) (10 15 37 ) (15 44 ) (10 15 45 ) (11 12 17 ) (14 20 21 ) (13 14 18 21 26 ) 
(14 19 21 26 ) (11 13 14 17 21 25 26 ) (13 14 21 26 32 ) (14 21 26 33 ) (13 14 21 26 40 ) (14 21 26 41 ) (13 14 21 26 48 ) (14 21 26 49 ) (21 27 ) (14 21 34 ) 
(21 35 ) (14 21 42 ) (21 43 ) (14 21 50 ) (21 51 ) (11 17 31 ) (11 17 39 ) (11 17 47 ) (11 24 ) (11 30 ) 
(11 38 ) (10 11 13 14 15 17 21 26 46 ) )