(() () () () () () () () () () 
() () () () () () (1 2 ) (2 3 ) (3 5 ) (5 6 ) 
(6 7 ) (7 8 ) (8 9 ) (9 10 ) (10 11 ) (11 12 ) (12 13 ) (13 14 ) (14 16 ) (1 2 ) 
(2 3 ) (3 4 ) (4 5 ) (5 7 ) (7 8 ) (8 10 ) (10 11 ) (11 12 ) (12 13 ) (13 14 ) 
(14 15 ) (15 16 ) (1 2 ) (2 3 ) (3 4 ) (4 5 ) (5 6 ) (6 7 ) (7 8 ) (8 9 ) 
(9 12 ) (12 13 ) (13 14 ) (14 15 ) (15 16 ) (17 30 ) (17 43 ) (18 31 ) (18 44 ) (19 32 33 ) 
(32 45 ) (19 32 46 ) (20 21 34 ) (29 41 42 ) (29 42 54 ) (42 55 ) (28 40 ) (28 53 ) (27 39 ) (27 52 ) 
(26 38 ) (24 25 26 51 ) (25 37 ) (23 24 36 ) (23 50 ) (22 35 ) (22 49 ) (20 34 48 ) (17 18 19 20 22 23 24 25 26 27 28 29 32 34 42 47 ) (17 30 ) 
(17 43 ) (18 31 ) (18 44 ) (19 32 33 ) (32 45 ) (19 32 46 ) (20 21 34 ) (29 41 42 ) (29 42 54 ) (42 55 ) 
(28 40 ) (28 53 ) (27 39 ) (27 52 ) (26 38 ) (24 25 26 51 ) (25 37 ) (23 24 36 ) (23 50 ) (22 35 ) 
(22 49 ) (20 34 48 ) (17 18 19 20 22 23 24 25 26 27 28 29 32 34 42 47 ) (17 30 ) (17 43 ) (18 31 ) (18 44 ) (19 32 33 ) (32 45 ) (19 32 46 ) 
(20 21 34 ) (29 41 42 ) (29 42 54 ) (42 55 ) (28 40 ) (28 53 ) (27 39 ) (27 52 ) (26 38 ) (24 25 26 51 ) 
(25 37 ) (23 24 36 ) (23 50 ) (22 35 ) (22 49 ) (20 34 48 ) (17 18 19 20 22 23 24 25 26 27 28 29 32 34 42 47 ) (17 30 ) (17 43 ) (18 31 ) 
(18 44 ) (19 32 33 ) (32 45 ) (19 32 46 ) (20 21 34 ) (29 41 42 ) (29 42 54 ) (42 55 ) (28 40 ) (28 53 ) 
(27 39 ) (27 52 ) (26 38 ) (24 25 26 51 ) (25 37 ) (23 24 36 ) (23 50 ) (22 35 ) (22 49 ) (20 34 48 ) 
(17 18 19 20 22 23 24 25 26 27 28 29 32 34 42 47 ) (17 30 ) (17 43 ) (18 31 ) (18 44 ) (19 32 33 ) (32 45 ) (19 32 46 ) (20 21 34 ) (29 41 42 ) 
(29 42 54 ) (42 55 ) (28 40 ) (28 53 ) (27 39 ) (27 52 ) (26 38 ) (24 25 26 51 ) (25 37 ) (23 24 36 ) 
(23 50 ) (22 35 ) (22 49 ) (20 34 48 ) (17 18 19 20 22 23 24 25 26 27 28 29 32 34 42 47 ) (17 30 ) (18 31 ) (19 32 33 ) (20 21 34 ) (22 35 ) 
(23 24 36 ) (25 37 ) (26 38 ) (27 39 ) (28 40 ) (17 18 19 20 22 23 25 26 27 28 29 32 34 36 41 42 ) (17 30 ) (17 43 ) (18 31 ) (18 44 ) 
(19 32 33 ) (32 45 ) (19 32 46 ) (20 21 34 ) (29 41 42 ) (29 42 54 ) (42 55 ) (28 40 ) (28 53 ) (27 39 ) 
(27 52 ) (26 38 ) (24 25 26 51 ) (25 37 ) (23 24 36 ) (23 50 ) (22 35 ) (22 49 ) (20 34 48 ) (17 18 19 20 22 23 24 25 26 27 28 29 32 34 42 47 ) 
(17 30 ) (17 43 ) (18 31 ) (18 44 ) (19 32 33 ) (32 45 ) (19 32 46 ) (20 21 34 ) (29 41 42 ) (29 42 54 ) 
(42 55 ) (28 40 ) (28 53 ) (27 39 ) (27 52 ) (26 38 ) (24 25 26 51 ) (25 37 ) (23 24 36 ) (23 50 ) 
(22 35 ) (22 49 ) (20 34 48 ) (17 18 19 20 22 23 24 25 26 27 28 29 32 34 42 47 ) (17 30 ) (17 43 ) (18 31 ) (18 44 ) (19 32 33 ) (32 45 ) 
(19 32 46 ) (20 21 34 ) (29 41 42 ) (29 42 54 ) (42 55 ) (28 40 ) (28 53 ) (27 39 ) (27 52 ) (26 38 ) 
(24 25 26 51 ) (25 37 ) (23 24 36 ) (23 50 ) (22 35 ) (22 49 ) (20 34 48 ) (17 18 19 20 22 23 24 25 26 27 28 29 32 34 42 47 ) (17 30 ) (17 43 ) 
(18 31 ) (18 44 ) (19 32 33 ) (32 45 ) (19 32 46 ) (20 21 34 ) (29 41 42 ) (29 42 54 ) (42 55 ) (28 40 ) 
(28 53 ) (27 39 ) (27 52 ) (26 38 ) (24 25 26 51 ) (25 37 ) (23 24 36 ) (23 50 ) (22 35 ) (22 49 ) 
(20 34 48 ) (17 18 19 20 22 23 24 25 26 27 28 29 32 34 42 47 ) (17 43 ) (18 44 ) (19 45 46 ) (20 47 ) (21 48 ) (22 49 ) (23 50 ) (24 25 26 51 ) 
(27 52 ) (28 53 ) (17 18 19 20 21 22 23 24 26 27 28 29 45 51 54 55 ) (17 30 ) (18 31 ) (19 32 33 ) (20 21 34 ) (22 35 ) (23 24 36 ) (25 37 ) 
(26 38 ) (27 39 ) (28 40 ) (17 18 19 20 22 23 25 26 27 28 29 32 34 36 41 42 ) (17 30 ) (17 43 ) (18 31 ) (18 44 ) (19 32 33 ) (32 45 ) 
(19 32 46 ) (20 21 34 ) (29 41 42 ) (29 42 54 ) (42 55 ) (28 40 ) (28 53 ) (27 39 ) (27 52 ) (26 38 ) 
(24 25 26 51 ) (25 37 ) (23 24 36 ) (23 50 ) (22 35 ) (22 49 ) (20 34 48 ) (17 18 19 20 22 23 24 25 26 27 28 29 32 34 42 47 ) (17 30 ) (17 43 ) 
(18 31 ) (18 44 ) (19 32 33 ) (32 45 ) (19 32 46 ) (20 21 34 ) (29 41 42 ) (29 42 54 ) (42 55 ) (28 40 ) 
(28 53 ) (27 39 ) (27 52 ) (26 38 ) (24 25 26 51 ) (25 37 ) (23 24 36 ) (23 50 ) (22 35 ) (22 49 ) 
(20 34 48 ) (17 18 19 20 22 23 24 25 26 27 28 29 32 34 42 47 ) (17 43 ) (18 44 ) (19 45 46 ) (20 47 ) (21 48 ) (22 49 ) (23 50 ) (24 25 26 51 ) 
(27 52 ) (28 53 ) (17 18 19 20 21 22 23 24 26 27 28 29 45 51 54 55 ) (17 30 ) (17 43 ) (18 31 ) (18 44 ) (19 32 33 ) (32 45 ) (19 32 46 ) 
(20 21 34 ) (29 41 42 ) (29 42 54 ) (42 55 ) (28 40 ) (28 53 ) (27 39 ) (27 52 ) (26 38 ) (24 25 26 51 ) 
(25 37 ) (23 24 36 ) (23 50 ) (22 35 ) (22 49 ) (20 34 48 ) (17 18 19 20 22 23 24 25 26 27 28 29 32 34 42 47 ) )