(() () () () () () () () () () 
() () (1 3 ) (3 4 ) (4 5 ) (5 6 ) (6 8 ) (8 9 ) (9 11 ) (1 2 ) 
(2 3 ) (3 4 ) (4 5 ) (5 6 ) (6 7 ) (7 8 ) (8 9 ) (9 10 ) (10 11 ) (11 12 ) 
(1 2 ) (2 3 ) (3 4 ) (4 5 ) (5 6 ) (6 7 ) (7 8 ) (8 9 ) (9 10 ) (10 11 ) 
(11 12 ) (2 3 ) (3 4 ) (4 5 ) (5 6 ) (6 7 ) (7 8 ) (8 9 ) (9 10 ) (10 11 ) 
(11 12 ) (1 2 ) (2 3 ) (3 4 ) (4 6 ) (6 7 ) (7 9 ) (9 10 ) (10 11 ) (11 12 ) 
(13 42 52 ) (13 52 53 ) (14 43 ) (14 54 ) (15 44 ) (15 16 55 ) (19 49 50 ) (19 50 58 ) (50 59 ) (51 60 ) 
(18 48 ) (17 18 46 57 ) (18 47 57 ) (17 18 56 57 ) (13 14 15 17 18 19 45 50 51 52 55 57 ) (13 20 21 ) (20 31 ) (13 20 32 ) (13 20 42 ) (20 52 ) 
(13 20 53 ) (14 22 ) (14 33 ) (14 43 ) (14 54 ) (15 23 ) (15 34 ) (15 44 ) (15 16 55 ) (19 28 29 ) 
(19 29 39 ) (29 40 ) (19 29 49 ) (29 50 ) (19 29 58 ) (29 59 ) (30 41 ) (30 51 ) (30 60 ) (18 27 ) 
(18 38 ) (18 48 ) (17 18 25 57 ) (18 26 57 ) (17 18 36 57 ) (18 37 57 ) (17 18 46 57 ) (18 47 57 ) (17 18 56 57 ) (15 24 55 ) 
(15 35 55 ) (13 14 15 17 18 19 20 29 30 45 55 57 ) (13 20 21 ) (20 31 ) (13 20 32 ) (13 20 42 ) (14 22 ) (14 33 ) (14 43 ) (15 23 ) 
(15 34 ) (15 44 ) (16 24 ) (16 35 ) (16 45 ) (17 25 26 ) (25 36 ) (17 25 37 ) (25 46 ) (17 25 47 ) 
(18 27 ) (18 38 ) (18 48 ) (19 28 29 ) (28 39 ) (19 28 40 ) (28 49 ) (19 28 50 ) (30 41 ) (13 14 15 16 17 18 19 20 25 28 30 51 ) 
(13 20 21 ) (20 31 ) (13 20 32 ) (13 20 42 ) (14 22 ) (14 33 ) (14 43 ) (15 23 ) (15 34 ) (15 44 ) 
(16 24 ) (16 35 ) (16 45 ) (17 25 26 ) (25 36 ) (17 25 37 ) (25 46 ) (17 25 47 ) (18 27 ) (18 38 ) 
(18 48 ) (19 28 29 ) (28 39 ) (19 28 40 ) (28 49 ) (19 28 50 ) (30 41 ) (13 14 15 16 17 18 19 20 25 28 30 51 ) (13 20 21 ) (20 31 ) 
(13 20 32 ) (13 20 42 ) (20 52 ) (13 20 53 ) (14 22 ) (14 33 ) (14 43 ) (14 54 ) (15 23 ) (15 34 ) 
(15 44 ) (15 16 55 ) (19 28 29 ) (19 29 39 ) (29 40 ) (19 29 49 ) (29 50 ) (19 29 58 ) (29 59 ) (30 41 ) 
(30 51 ) (30 60 ) (18 27 ) (18 38 ) (18 48 ) (17 18 25 57 ) (18 26 57 ) (17 18 36 57 ) (18 37 57 ) (17 18 46 57 ) 
(18 47 57 ) (17 18 56 57 ) (15 24 55 ) (15 35 55 ) (13 14 15 17 18 19 20 29 30 45 55 57 ) (13 20 21 ) (20 31 ) (13 20 32 ) (13 20 42 ) (20 52 ) 
(13 20 53 ) (14 22 ) (14 33 ) (14 43 ) (14 54 ) (15 23 ) (15 34 ) (15 44 ) (15 16 55 ) (19 28 29 ) 
(19 29 39 ) (29 40 ) (19 29 49 ) (29 50 ) (19 29 58 ) (29 59 ) (30 41 ) (30 51 ) (30 60 ) (18 27 ) 
(18 38 ) (18 48 ) (17 18 25 57 ) (18 26 57 ) (17 18 36 57 ) (18 37 57 ) (17 18 46 57 ) (18 47 57 ) (17 18 56 57 ) (15 24 55 ) 
(15 35 55 ) (13 14 15 17 18 19 20 29 30 45 55 57 ) (13 20 21 ) (20 31 ) (13 20 32 ) (13 20 42 ) (20 52 ) (13 20 53 ) (14 22 ) (14 33 ) 
(14 43 ) (14 54 ) (15 23 ) (15 34 ) (15 44 ) (15 16 55 ) (19 28 29 ) (19 29 39 ) (29 40 ) (19 29 49 ) 
(29 50 ) (19 29 58 ) (29 59 ) (30 41 ) (30 51 ) (30 60 ) (18 27 ) (18 38 ) (18 48 ) (17 18 25 57 ) 
(18 26 57 ) (17 18 36 57 ) (18 37 57 ) (17 18 46 57 ) (18 47 57 ) (17 18 56 57 ) (15 24 55 ) (15 35 55 ) (13 14 15 17 18 19 20 29 30 45 55 57 ) (13 20 21 ) 
(13 20 42 ) (20 52 ) (13 20 53 ) (14 22 ) (14 43 ) (14 54 ) (15 23 ) (15 44 ) (15 16 55 ) (19 28 29 ) 
(19 29 49 ) (29 50 ) (19 29 58 ) (29 59 ) (30 51 ) (30 60 ) (18 27 ) (18 48 ) (17 18 25 57 ) (18 26 57 ) 
(17 18 46 57 ) (18 47 57 ) (17 18 56 57 ) (15 24 55 ) (13 14 15 17 18 19 20 29 30 45 55 57 ) (13 20 21 ) (20 31 ) (13 20 32 ) (13 20 42 ) (20 52 ) 
(13 20 53 ) (14 22 ) (14 33 ) (14 43 ) (14 54 ) (15 23 ) (15 34 ) (15 44 ) (15 16 55 ) (19 28 29 ) 
(19 29 39 ) (29 40 ) (19 29 49 ) (29 50 ) (19 29 58 ) (29 59 ) (30 41 ) (30 51 ) (30 60 ) (18 27 ) 
(18 38 ) (18 48 ) (17 18 25 57 ) (18 26 57 ) (17 18 36 57 ) (18 37 57 ) (17 18 46 57 ) (18 47 57 ) (17 18 56 57 ) (15 24 55 ) 
(15 35 55 ) (13 14 15 17 18 19 20 29 30 45 55 57 ) (13 20 21 ) (20 31 ) (13 20 32 ) (13 20 42 ) (20 52 ) (13 20 53 ) (14 22 ) (14 33 ) 
(14 43 ) (14 54 ) (15 23 ) (15 34 ) (15 44 ) (15 16 55 ) (19 28 29 ) (19 29 39 ) (29 40 ) (19 29 49 ) 
(29 50 ) (19 29 58 ) (29 59 ) (30 41 ) (30 51 ) (30 60 ) (18 27 ) (18 38 ) (18 48 ) (17 18 25 57 ) 
(18 26 57 ) (17 18 36 57 ) (18 37 57 ) (17 18 46 57 ) (18 47 57 ) (17 18 56 57 ) (15 24 55 ) (15 35 55 ) (13 14 15 17 18 19 20 29 30 45 55 57 ) (13 20 21 ) 
(20 31 ) (13 20 32 ) (13 20 42 ) (14 22 ) (14 33 ) (14 43 ) (15 23 ) (15 34 ) (15 44 ) (16 24 ) 
(16 35 ) (16 45 ) (17 25 26 ) (25 36 ) (17 25 37 ) (25 46 ) (17 25 47 ) (18 27 ) (18 38 ) (18 48 ) 
(19 28 29 ) (28 39 ) (19 28 40 ) (28 49 ) (19 28 50 ) (30 41 ) (13 14 15 16 17 18 19 20 25 28 30 51 ) (13 20 21 ) (20 31 ) (13 20 32 ) 
(13 20 42 ) (14 22 ) (14 33 ) (14 43 ) (15 23 ) (15 34 ) (15 44 ) (16 24 ) (16 35 ) (16 45 ) 
(17 25 26 ) (25 36 ) (17 25 37 ) (25 46 ) (17 25 47 ) (18 27 ) (18 38 ) (18 48 ) (19 28 29 ) (28 39 ) 
(19 28 40 ) (28 49 ) (19 28 50 ) (30 41 ) (13 14 15 16 17 18 19 20 25 28 30 51 ) (13 20 21 ) (20 31 ) (13 20 32 ) (13 20 42 ) (14 22 ) 
(14 33 ) (14 43 ) (15 23 ) (15 34 ) (15 44 ) (16 24 ) (16 35 ) (16 45 ) (17 25 26 ) (25 36 ) 
(17 25 37 ) (25 46 ) (17 25 47 ) (18 27 ) (18 38 ) (18 48 ) (19 28 29 ) (28 39 ) (19 28 40 ) (28 49 ) 
(19 28 50 ) (30 41 ) (13 14 15 16 17 18 19 20 25 28 30 51 ) (13 20 21 ) (20 31 ) (13 20 32 ) (13 20 42 ) (20 52 ) (13 20 53 ) (14 22 ) 
(14 33 ) (14 43 ) (14 54 ) (15 23 ) (15 34 ) (15 44 ) (15 16 55 ) (19 28 29 ) (19 29 39 ) (29 40 ) 
(19 29 49 ) (29 50 ) (19 29 58 ) (29 59 ) (30 41 ) (30 51 ) (30 60 ) (18 27 ) (18 38 ) (18 48 ) 
(17 18 25 57 ) (18 26 57 ) (17 18 36 57 ) (18 37 57 ) (17 18 46 57 ) (18 47 57 ) (17 18 56 57 ) (15 24 55 ) (15 35 55 ) (13 14 15 17 18 19 20 29 30 45 55 57 ) 
(13 20 21 ) (20 31 ) (13 20 32 ) (13 20 42 ) (20 52 ) (13 20 53 ) (14 22 ) (14 33 ) (14 43 ) (14 54 ) 
(15 23 ) (15 34 ) (15 44 ) (15 16 55 ) (19 28 29 ) (19 29 39 ) (29 40 ) (19 29 49 ) (29 50 ) (19 29 58 ) 
(29 59 ) (30 41 ) (30 51 ) (30 60 ) (18 27 ) (18 38 ) (18 48 ) (17 18 25 57 ) (18 26 57 ) (17 18 36 57 ) 
(18 37 57 ) (17 18 46 57 ) (18 47 57 ) (17 18 56 57 ) (15 24 55 ) (15 35 55 ) (13 14 15 17 18 19 20 29 30 45 55 57 ) (13 20 21 ) (20 31 ) (13 20 32 ) 
(20 52 ) (13 20 53 ) (14 22 ) (14 33 ) (14 54 ) (15 23 ) (15 34 ) (15 16 55 ) (19 28 29 ) (19 29 39 ) 
(29 40 ) (19 29 58 ) (29 59 ) (30 41 ) (30 60 ) (18 27 ) (18 38 ) (17 18 25 57 ) (18 26 57 ) (17 18 36 57 ) 
(18 37 57 ) (17 18 56 57 ) (15 24 55 ) (13 14 15 17 18 19 20 29 30 35 55 57 ) (13 20 21 ) (20 31 ) (13 20 32 ) (13 20 42 ) (20 52 ) (13 20 53 ) 
(14 22 ) (14 33 ) (14 43 ) (14 54 ) (15 23 ) (15 34 ) (15 44 ) (15 16 55 ) (19 28 29 ) (19 29 39 ) 
(29 40 ) (19 29 49 ) (29 50 ) (19 29 58 ) (29 59 ) (30 41 ) (30 51 ) (30 60 ) (18 27 ) (18 38 ) 
(18 48 ) (17 18 25 57 ) (18 26 57 ) (17 18 36 57 ) (18 37 57 ) (17 18 46 57 ) (18 47 57 ) (17 18 56 57 ) (15 24 55 ) (15 35 55 ) 
(13 14 15 17 18 19 20 29 30 45 55 57 ) (13 20 21 ) (20 31 ) (13 20 32 ) (13 20 42 ) (20 52 ) (13 20 53 ) (14 22 ) (14 33 ) (14 43 ) 
(14 54 ) (15 23 ) (15 34 ) (15 44 ) (15 16 55 ) (19 28 29 ) (19 29 39 ) (29 40 ) (19 29 49 ) (29 50 ) 
(19 29 58 ) (29 59 ) (30 41 ) (30 51 ) (30 60 ) (18 27 ) (18 38 ) (18 48 ) (17 18 25 57 ) (18 26 57 ) 
(17 18 36 57 ) (18 37 57 ) (17 18 46 57 ) (18 47 57 ) (17 18 56 57 ) (15 24 55 ) (15 35 55 ) (13 14 15 17 18 19 20 29 30 45 55 57 ) )