(NIL (1) (2) (3) (4) (4) (4) (6 7) (8) (5 9) 
(5 9) (4) (5 8 12) (11) (10) (11 12) (10 14) (16) (13 17 18) (13 14 15) 
(17 20) (19) (19) (18 21) (24) (18) (15 22 26) (15) (23 26) (15 22 26) 
(26) (13 18) (27 29 32) (23 24 32) (13) (29 31) (6) (25 33) (31 37 38) (22 31) 
(24 33) (25) (21 29 32 40) (34 41) (43) (25) (30 37) (12 17) (15) (33 46 48 49) 
(19 21 32) (27 35 45 46) (44 45 48 51) (24 30) (35 36 37 40 50 54) (37 51 54) (27 31 34 56) (52 53 56) (28 36 45) (58) 
(60) (36 46 51) (38 47 49 58) (34 40 41 54) (52 54) (53 56) (61) (49 61) (33 43 47) (39 68 69) 
(55 59 67) (59) (50 57 61) (55) (71 72) (61) (47) (2) (70) (28 79) 
(38 42 65 67) (44 62) (50 81) (68 74) (37 45 50 78) (23) (59 70 82 85) (33 54) (52 55 77) (62 89) 
(75 88) (71 84) (76 81) (79) (34 59 90) (71) (71) (63) (47 76 92 97) (64 69 71 88) 
(47 92) (83 87 92) (27 40) (77 87) (64 83 99) (47 91) (86 96 102) (11) (103 105) (36 57 64) 
(75 94) (101) (86 87 89 109) (103 107 111) (42 57 63 70 84) (99) (28 39 98) (61 65 90 103) (83 90 112) (66 98) 
(84 88 97 110 111) (50 59 76 79) (64 102 118 119) (39 75 99) (66 68 108 118) (87 96) (99) (77 108 114) (100 120 123) (91 94 116) 
(70 117) (79 98 104) (64 74 79 131) (99) (101 117) (128 134) (70 75) (105 136 137) (42 62) (80 82 106 109 112 117 120) 
(71 73) (82 95 96 101 116) (113 121 141) (74 77 96 139) (107 120 143) (140) (87 98 115) (113 131) (80 143) (93 125 132 136) 
(142 150) (49) (84 98 118) (119 143 151) (110 137) (86 125) (100 115 153) (140) (75 95 97) (117) 
(75 82 86 115 117) (50 79) (138) (148) (102 131 143) (100 104 116 147) (91 119 147 149) (114 141 161) (106 123 124) (153) 
(152 154 155) (115 171) (78 94) (118 161 164) (132) (109 119 122 168) (66 123 128) (96) (78 84) (123 172) 
(122 143 146) (134 169 176) (150 181) (155 170 182) (93) (95) (90 114) (130 152 156 183 186) (15) (134 152 153) 
(58 89) (163) (184) (130 148 189) (36 68) (100 135 137 162 164 188) (142 150 187) (110 176) (113 120 151 187) (39 118) 
(80 171 178 187) (110 117 119 124) (102 170) (96 111 170) (184 198) (32 48) (116 129) (130 152) (177 194 206) (139 157 175 188 192 197) 
(154 156) (149 172 192) (106 195 198) (98 156 208) (87 110 190) (201) (127 144 146) (93 156 165) (42 111 126 190) (133) 
(109 163 189) (145 180 201 214) (201 202 215 218) (182 216) (91 131 171 204) (115 144 146 192) (66 80 135 206 213) (167 174 183 227) (107 174 189) (115 138 164) 
(158 193) (180 223) (232) (171 177) (93 192) (64 132 168 204) (198 204 221 229) (99 132 204) (185 226 227 233) (119 142 157) 
(126 222) (155 162 167 226 227) (73 91 116 160 161 215 235) (133 184 215) (147 182 221 222) (119 150 221 243) (100 127) (82 111 173) (158 166 169 203) (173 233) 
(106) (140 182 203) (100 165 219) (149 216) (195 223) (108 149) (144 223 243) (169 203 214 229) (183 200) (162 223 228 240 247 249) 
(92) (179 243 255) (243 245) (120 154) (155 185) (170 228 241) (261) (156 231 259) (100 216 252 267) (185 205 208 269) 
(223) (168 172) (250) (80 89 106 131 265) (201 253) (158 244) (226 238 260) (80 147 148) (190 200 264) (205 262) 
(210 229) (62 71) (242 273) (214 233) (124 200 219 225 234) (284) (188 189 203 241 261) (196 220 257) (210) (117 179) 
(205) (73 151 156) (135 245 285) (54 82 189) (172 246 260 282) (247 291) (228) (141 144 164 219 251) (160 228 240 242 270) (162 188 199 241 259) 
(191 211 220 244 295) (165 174 191 221 264 272 278) (127 162 222) (219 228 231 248 294) (217 277 286 301) (168 225 235) (258 269) (144 263) (223 252) (218 242) 
(213 217 257) (146 147 215 227) (271 283 300 306) (157 203 226 241) (163 182 191 200 260) (140 235 253 303) (160 266 302 316) (77 147) (287) (28 42) 
(207 210 287) (308) (171 219 243 274) (135 218 321) (91 145 212 238 247) (238 309) (92 96) (185 269) (140 185 246 247 253 257 308) (124 148 221 254 264) 
(100 167 179 204 312) (185 209 234) (252 257 290) (237 308) (211 212 213 222) (57) (265 295 306 309) (290 299) (151) (147 296) 
(143 205) (127 148 205 233 243) (160 242 270 279) (148 159 262 268 271 276) (302) (218 281 330 340) (236 288 292 329) (196) (317) (310 330) )