(NIL (1) (2) (3) (3) (4) (5 6) (7) (8) (5 6) 
(9) (11) (2) (12 13) (14) (14) (14) (14) (18) (15) 
(15) (17 20) (22) (16) (18 20) (18 20 21) (10) (18 23) (21 27 28) (19 25) 
(19 23 24 27) (25 29) (17 25) (32) (29) (16 18) (10 19 33) (31) (26 29 30) (32) 
(30 34 37 40) (25 36) (38 41) (35 38 39 41) (30 32 36) (24 36 39) (42 44) (24 34 37) (38 39) (33 39) 
(34) (50) (36 37 52) (31 40 46 50) (38 51) (21 38 42) (29 36 37) (40 46 56) (49 51) (48 57) 
(33) (47) (47 54 61) (37 58 59) (56 61) (21 30) (39) (35 57 65) (46) (59 63 66) 
(56) (34 49) (44 57) (56) (24 42 57) (56 57 63) (52 60 76) (18) (69 78) (70) 
(68) (54 58 59 72 81) (44 45 46 56 60 72) (55 80) (35 74) (64 84) (60 79) (58 75 79 84) (75) (82 88) 
(88) (52 81 83) (62 70 77) (52 76 90) (70 89) (67 70 78) (57 86) (68 97) (73 81 93 97) (77) 
(81) NIL (63 66) (72 99) (99) (55 71 93 96 101) (91 95) (53 76 79) (52 55 72 75) (106 108) 
(74 75 80 106 108) (67 74 82 95 100) (78 93) (73 85 110) (77 92 97) (81 100 103) (107 111) (60 85 91 103) (69 99 102) (45 113) 
(69 86 109) (103 110) (95) (90 91) (43 90 96) (53 82 89 100 102) (43 114) (85 87 91 110) (100 102 108) (52 55 68 89) 
(87 110 113) (81 93 118) (55 123 126) (81) (43 71 116) (54) (86 112 129) (95 103 110) (43 122) (112 139) 
(93) (113 121 135) (101 123) (109 117) (113 143) (73 74 91 138 142) (96 126) (95 124) (52 96 148) (111) 
(92 123 146) (128) (73 116 128 145) (120 131 135 144) (85 103 117 133) (132 140) (107 114 122 149 151) (132 146) (130 146) (92 129 134 149) 
(118 121 125 152 153 160) (123 127 146) (83 133) (107 140) (45 74 105 142 145) (138 161) (166) (145 150) (115 128 146 155) (62 84 136) 
(80 136) (109 137) (125) (87 132 155) (91 111) (102 111 115 159 173) (128 136) (137) (107 136 172) (44 64 101) 
(128 138 164 170) (109 120) (160) (101 104 107) (83 179) (119 129 144 156 165) (162 181 186) (96 107 178) (157 168 179) (99 103 178) 
(144) (43 64 118) (155 166 170 185 188) (127 193) (141 146) (186) (137) (168 196) (73 139) (191 193) 
(180 183 197) (109 122 177) (109 112 150) (148 188) (109 112 132) (149 180) (102 184 205) (105 134 146 168) (140 159 190 194) (117 120 188) 
(94 209) (120 158 194 202) (161 162 163) (83 84) (140 184 206 213) (159 183 196) (183 186 193) (115 125) (157 166) (121 156 201) 
(209 214 215) (92 112 124) (37 42 102 136) (127 132) (133 198) (162 163 209) (159 167 172) (115 163 170 174 192) (73 147 174 210) (211) 
(139 188) (183) (190 192 219) (125 127 135 191 228) (187 201) (164 200 230) (104 127 144 163 205) (107 141 147 150 152) (120 202 217) (114 117 181 202) 
(172 228) (197 209 215) (112 141 165 177) (128 158 229) (136 195 206) (99 220 238 240) (12) (126 186) (193 240) (73 131 185) 
(176) (94 201 242) (115 173 221) (197 248) (195 217 219 240) (145 159 160 238) (104 162 236) (191 201 240 242 250 251) (143) (174 187 215 249) 
(245) (182 234) (235) (236 259 260) (180 217 228) (185 191 201 231) (133 154 161 191 203) (136 158) (147 181 219) (187 202) 
(112 141) (143 178) (155 261 269) (183 249) (225 233) (127 174 179) (147 165 199) (176 187 231) (235) (227 275) 
(195 227 251) (253) (167 226 249) (143) (10 61 247) (242 245 263 269) (203 230 253 275) (167 168 244 282) (136 155 167) (192 200) 
(173 177) (85 250) (225 269) (229 275) (136 238 254) (157 186 226 258 261) (194 208 292) (271) (92 133 168 210) (280 287) 
(209 292) (279) (238 302) (191 238 268 280) (18) (212 287) (42 52) (204 290) (154 199 242 264 272) (104 119 131) 
(176 244 276 286) (94 242 277 293) (137 213) (145 150 158 284) (230 284 296) (119 240 282 290) (94 241 311) (218 231 315 317) (118) (187 267 282) 
(154 287 317) (176 237 247) (204 235 304) (235) (104 141 151 161) (223 265 298) (204 234 247 287 305 320) (237 250 269) (158 175 240 276 286) (104 130 225) 
(114 135 152 160 163 190 203) (176 208 226) (115 177 193) (154 192 271) (320) (156 181 231) (100) (224 254 315) (221 227 270 272) (326) 
(130 152 319 324) (279 323 328) (151 206 324 336) (203 279 319) (72 73 85 111 247) (192 246 258 320 336) (117 158 189 331 345) (304) (195 326 336) (323 337) )