(NIL (1) (2) (3) (3) (3) (4 6) (4 6) (3) (5) 
(5 7 8) (4) (9 11) (9 10 11) (13) (13) (12 14 16) (17) (15 17) (18 19) 
(15 17) (17) (18) (18 22) (15) (19 25) (22 26) (19) (27) (12 13) 
(23 27) (23 24) (21 22) (21 24 29) (21 27 28 32) (25) (23 28 33) (26) (33 34 36 38) (29) 
(20 27 32 38) (23 34) (42) (37) (33 41) (35) (17) (35 40 45) (22) (30 45) 
(19) (33 40) (32 44 49) (33 46 49) (37 48) (11) (29 38 53) (43 44 45) (44 48) (43 50) 
(20 31 40 42 51 54) (55 56) (29 56) (59) (28 43 50 63) (55) (65) (43 55 63) (55 58 64) (33 49) 
(59 67) (37 54 67) (61) (37 39 73) (46 55 57 71) (46 67) (46 47 62) (60 70) (34 38) (66 77) 
(58 64 72 75) (76 77) (31 36 37 78) (52 59 70 79) (53 68 83) (72 75) (43 51 52 77) (57 66 67 69 84 87) (39 61) (61 64 75 85) 
(19 23 70) (51 59 91) (13) (39 47 71) (60 84 89) (31 60 82) (67 68) (31 54 68) (86 96) (58 83) 
(52 65 73 85) (61 65 83) (59 60 82 89) (61 93) (60 69) (47 101) (74 84 98 100) (100) (83) (53 69 102) 
(105 107) (76 80 86 106 109) (80 82 107) (52 60) (67 77) (94 96) (58 87 97) (18) (39 102 117) (78 92 116) 
(59 78 96) (65 68 79 89) (69 100) (106 109 116) (75 108) (72 84 108 121 123) (71 126) (75 89 93 98 106) (28 31 49) (57 104 110) 
(123) (72 96 101 111) (71 89 92 108) (133) (80 81 110) (114 126) (106 125) (90 110) (69 74 120 122 124) (124) 
(86 108 120) (113 138) (67) (85 110) (44) (113 132) (92 110 128 137) (92 93 124 137) (55 67 100) (70 94) 
(132 141 149) (107 112 116 145 147) (130) (57 108 119 144) (95 135) (91 116 125 144 155) (130 133 138 155) (96 107 133) (130 135 136 140) (88 95 105 145) 
(126 156) (131) (84 143) (117 136 158) (131 161) (109 110) (72 145 148 163) (147) (119 149) (73 119 160) 
(106 117 165) (81 151) (137 142) (121 141 167) (115 130 152 166) (75 97 132) (106 119 142 143) (127 153) (160) (148 161) 
(132 143) (50 63 73) (89 126 176) (120 136 158 177) (129 138 143 151 180) (109 169 170 178) (164 185) (146) (114 150) (79 87 116 144) 
(114 115 131 168) (99) (86 176) (157 188) (165 166 180) (134 139 150 188) (174) (147 171) (66 197) (127 147 160) 
(164 178 199) (178) (115 136 157) (66 130 134 176) (99 133 137 169 172) (136 151 158) (182 200) (189) (80 86 114 115 147 170) (142 193) 
(112 154 186 207) (187 206) (204 211) (200 208 210) (164 214) (135 199) (164 184) (34 47 53) (86 143 156 183 207) (173 180) 
(62 106 114) (119 134 165 215) (146 170 187) (178 189) (127 217) (102 127 146) (76 114 128 153 169) (195 211) (99 103 161 162 164 199 208) (92 161) 
(111 184 191 229) (154 229) (209) (131 137 206) (93 173 179) (160 165 172 181 208) (158 195 224) (140 157 165 223) (86 136 195) (125 150) 
(105 208) (219) (139 152 199 214 228 230) (136 190 219) (148) (196 217) (125) (75 149) (105 152 161 216 227) (152 188) 
(131 139 158 182 221 226) (135 213) (167 182 234) (132 162 170 191 201) (166 178 234 245) (167 204 226 248) (118 198 256) (168 230) (231) (179 249) 
(113 151 155) (234 246) (210 212 259) (90 133) (151 246 260 264) (88 89 110 172) (87 116 131 173) (149 164 179 245) (209) (173 196 211 238) 
(201 247) (146) (114 220) (236) (202 220 244) (216 251) (234 249) (218 276) (145 206) (111 169 202) 
(181 196 234) (175 208 242 250 268) (240 241 259 261) (166 261 266 279) (163 170 258) (181 184) (192 227 240) (185 246) (129 188 225 257) (87 110 208) 
(134 235 259) (232 251 271) (175 270) (81 107 117 179 192) (205 216 245 285) (125) (190 201 264 282) (246) (130 182 193) (216 262 283) 
(165 192 256 276 298) (241 290) (233 242 268) (216 227 292) (170 187 278 290) (89 272) (124 163) (191 209 222) (222 228) (259 262 282 305) 
(122 167 214 261) (249 310) (152 190 233 242) (236 282) (259 270) (2) (95 208 250) (191) (128 134 140 268 296) (104 154 230) 
(169 303) (111 201 230 287) (159 298) (214 285 315) (132 264) (267) (179 219) (142 236 258) (90 211) (172 187 216 309) 
(247 257 280 291) (188 276 291 321 327) (310 328) (169 217 255 267) (208 223 225 280 316) (193 203) (297 303) (132 247 320) (190 220 276 338) (267 280) 
(217 244 252 256 314) (294 301 316) (286) (205 225 260 275 276) (201 204 241) (120 226 267 280 285) (159 165 221 322) (205 230 262 332) (172 182 215) (224 294 297) )