(NIL (1) (2) (3) (4) (5) (5) (4) (7 8) (8) 
(9) (6 11) (11) (10) (6 10 11) (6 13 14) (13) (12) (13 14 18) (12 16) 
(17 18 20) (7) (20) (16 19) (23 24) (17 22 25) (10 11) (21 24 27) (26 28) (29) 
(29) (21 24 27) (15 28) (22 23 32) (25) (25 28) (29) (29 32) (26 33) (38 39) 
(36 40) (30) (33) (39) (40 42 43) (36 40 42) (18) (38) (46) (36) 
(35 42) (31 44 48 51) (34 41 49) (48) (42 47 54) (49) (50) (52) (41 55) (45 46) 
(56 57) (44 48 51) (37 38) (53 58) (34 50 58 59) (43 52 59) (56) (50 62) (55 62 64) (65) 
(55 68) (71) (46 65) (37 56 71) (37 61 64 70) (48 57) (37 64) (52 72 76) (53 65 66 67) (45 70 77) 
(61 66) (79 80) (48) (35 49 83) (84) (60 82) (75) (66 80) (48 56) (66 70 77) 
(45 57 73 89) (31 62) (68 69 92) (91) (41 61) (83 87) (76 77) (45 79) (31 72 84) (65 69 77) 
(74 81) (71 88 96) (73 96 101) (62 73 81) (61 78) (61 76) (76 99) (66 72 80 84 92) (80 83 92) (66 69) 
(67 106 107) (88 108) (46) (47 95) (26 36) (103 107) (76 82) (84 113 117) (45 78 101 106) (68 110) 
(73 74 85 89 97 110) (60 121) (81 88 91 120) (79) (87) (124) (41 58 74 105) (78 96 101 124 125) (36 52) (69 84 87 89) 
(92 125) (78 79 94 109) (81) (98 118) (37 57 70) (74 92 105 107) (72 87) (88 105 115 121) (104 132) (100 111 114 127) 
(100 112) (64) (60 93 111 116) (82 103 110 139) (43 92 127) (95 102 107) (87 141) (85 100 132) (77) (118) 
(68 83 142) (58 119) (102 113) (88 139) (78 96 124) (85 105 114) (111 136 144 149) (122 125 152 155) (77 92) (80 84) 
(104 107 108 142) (113 135 157 160) (111 128 161) (113 122) (53 63 135) (63 151 161 162) (108 115 121 144 146) (81 82 96 145) (116 125) (116 129 141 152) 
(88 117 121 136) (94 115 126 128 134 158) (129 131 146) (139 168) (114 123 124 174) (45 73 101 137) (133 156) (169 172 176) (92 129 153) (85 159 163 165) 
(148 158 180) (100 144) (84) (93 95 120 138 176) (86 88 127 142 149) (161 167 170 173) (114 125) (85 108 139 151) (74 111) (181) 
(82 181) (117 131 165) (86 122 131 175) (64 85 95 107) (153 184) (97) (110 112) (190 195) (90 147 154 184) (129 160 198) 
(88) (185) (177 181 182) (105 119 122) (90 115 173 182 190) (159 175) (93 190) (93 98 116 122 168) (76 126 179) (78) 
(129 131 133 166 171) (141 179) (168 176 205 210) (69 97 109 137 152 153 156) (90 129) (66 131) (86 173 177 192 216) (171 175 210) (128 175) (88 172 182 196) 
(147 193 218) (111 119 155 201) (127 138 144 158 180) (112 143) (198 205) (166 217) (112 133 200 207 225) (147 208 210) (116 183) (88 191 229) 
(43 100) (116 217 219) (90 194 231) (115 131 159 160 170) (97 140) (185 200 204) (82 164 224) (193 205 235) (208 212 223) (90 126 143 149 165 204 228) 
(85 201) (217) (213 223) (118 170 213) (184 196 226) (90 200) (164 168 185 220 246) (197 217) (124 245) (184 193 230) 
(246 249) (189 225) (159 194 229 232) (239) (96 177) (130 182 245 255) (162 165 212 224) (123 137 164) (236) (114 184 216 243) 
(98 120 147 204 230) (104 136 237) (115) (117 126 131 160 189 203) (63 89 119 149 233) (134 136 198 203 242 253) (249 261) (130 154 180) (149 160 186 228 243) (181 234 257 265) 
(118 122) (163 226 262) (169 201 244 256) (147 156 227) (135 171) (130 198 237 242 243) (162 167 172 182 221 237 254 261) (147 239 252 262 276) (207) (166 170 178 195 265) 
(155) (254) (180) (117 164 223 252) (100 194) (273) (153 155 168 262) (111 118 232) (174 268 270 284) (175 249 280) 
(253 259 262 281) (140 287) (157 206 222 234 269 271) (164 197 266 293) (171 224 243 283) (134 191 198) (149 189 258 282 295) (215 257 285 288) (170 276) (134 198 212 232 243 249 250 273) 
(209) (147 188 241 263 272 300) (146 153 154 176 177 204 230 262 281) (260) (242 289) (112 149 167 190) (106 154 197 253) (127) (200 205 223) (218 226 259) 
(186 228 253) (217) (244) (235 253 296 313) (153 159 272) (160 238) (167 202 304) (247 258 300) (150 251 279 282) (140 208 304) 
(203 291 300) (136 191 223 224 281) (167 284 302 307 318 319) (134 166 205 218) (250 322) (227 298) (206 222 321) (156 166 284) (288 316) (143 220 281) 
(177 199 292 320 328) (258 329) (126 143 206 255 260) (292 307) (130 294) (143 301 324) (219 278) (140 143 223) (178 255 274 337) (186 329) 
(227 256) (239 248 340) (325) (147 245 265 271 288) (259) (187 240 306 316) (167 253 258 263 298) (157 218 346) (162 183 332) (170) )